MEME version 4

ALPHABET= ACGT

Background letter frequencies:
A 0.2500 C 0.2500 G 0.2500 T 0.2500 

MOTIF filter0 
letter-probability matrix: alength= 4 w= 9 nsites= 9 
0.2459 0.2544 0.2407 0.2590 
0.2662 0.2682 0.2243 0.2413 
0.2636 0.2269 0.2354 0.2741 
0.6564 0.0000 0.0000 0.3436 
0.0000 0.0000 0.0000 1.0000 
0.0000 0.0315 0.0000 0.9685 
0.9515 0.0000 0.0485 0.0000 
1.0000 0.0000 0.0000 0.0000 
0.3508 0.0000 0.0000 0.6492 

MOTIF filter1 
letter-probability matrix: alength= 4 w= 16 nsites= 16 
0.3077 0.2375 0.2742 0.1806 
0.2609 0.3144 0.2241 0.2007 
0.0602 0.1739 0.5418 0.2241 
0.0000 0.8328 0.0067 0.1605 
0.0000 0.8595 0.0000 0.1405 
0.0000 1.0000 0.0000 0.0000 
0.0000 1.0000 0.0000 0.0000 
0.0936 0.0000 0.6154 0.2910 
0.0000 1.0000 0.0000 0.0000 
0.0000 1.0000 0.0000 0.0000 
0.0000 0.8595 0.0000 0.1405 
0.0502 0.8896 0.0000 0.0602 
0.0502 0.6856 0.0468 0.2174 
0.2341 0.2441 0.2642 0.2575 
0.2776 0.2308 0.2174 0.2742 
0.2241 0.3177 0.2508 0.2074 

MOTIF filter2 
letter-probability matrix: alength= 4 w= 14 nsites= 14 
0.1586 0.2993 0.2993 0.2428 
0.3255 0.2069 0.3821 0.0855 
0.4110 0.1145 0.3448 0.1297 
0.0000 0.9834 0.0097 0.0069 
0.0000 0.6372 0.0000 0.3628 
0.5476 0.0828 0.3628 0.0069 
1.0000 0.0000 0.0000 0.0000 
0.0000 0.0000 0.0000 1.0000 
0.0055 0.4179 0.0731 0.5034 
0.3862 0.0000 0.6138 0.0000 
0.0083 0.0083 0.9834 0.0000 
0.1283 0.3448 0.1200 0.4069 
0.1241 0.3352 0.2069 0.3338 
0.2110 0.3517 0.2841 0.1531 

MOTIF filter3 
letter-probability matrix: alength= 4 w= 20 nsites= 20 
0.2357 0.2495 0.2558 0.2590 
0.1964 0.2983 0.2580 0.2473 
0.2548 0.2771 0.2282 0.2399 
0.1688 0.0977 0.0350 0.6985 
0.0743 0.1093 0.6285 0.1879 
0.3355 0.3025 0.1444 0.2176 
0.0000 1.0000 0.0000 0.0000 
0.0000 0.7452 0.0000 0.2548 
0.9310 0.0000 0.0000 0.0690 
0.0361 0.0000 0.0000 0.9639 
0.8705 0.0000 0.0000 0.1295 
0.1178 0.0000 0.0000 0.8822 
0.9448 0.0000 0.0000 0.0552 
0.0807 0.0021 0.0000 0.9172 
0.2505 0.0000 0.7495 0.0000 
0.0021 0.0000 0.9979 0.0000 
0.1953 0.1348 0.2962 0.3737 
0.2038 0.5732 0.1614 0.0616 
0.6497 0.0711 0.0934 0.1858 
0.2622 0.2431 0.2505 0.2442 

MOTIF filter4 
letter-probability matrix: alength= 4 w= 15 nsites= 15 
0.2393 0.2701 0.2562 0.2344 
0.1221 0.0735 0.3396 0.4647 
0.0487 0.8332 0.0050 0.1132 
0.0010 0.0070 0.0020 0.9901 
0.9970 0.0010 0.0000 0.0020 
0.2830 0.0010 0.0099 0.7061 
0.4568 0.0010 0.0000 0.5422 
0.5571 0.0010 0.0010 0.4409 
0.6882 0.0010 0.0000 0.3108 
0.0030 0.0010 0.0000 0.9960 
0.9940 0.0010 0.0040 0.0010 
0.1182 0.0040 0.8342 0.0437 
0.4399 0.3585 0.0566 0.1450 
0.2820 0.2284 0.2532 0.2363 
0.2443 0.2820 0.2413 0.2324 

MOTIF filter5 
letter-probability matrix: alength= 4 w= 15 nsites= 15 
0.2891 0.2415 0.2211 0.2483 
0.2449 0.2347 0.2959 0.2245 
0.2313 0.2177 0.2653 0.2857 
0.0034 0.9150 0.0816 0.0000 
0.0510 0.9490 0.0000 0.0000 
0.0000 0.0000 1.0000 0.0000 
0.0000 0.0000 1.0000 0.0000 
1.0000 0.0000 0.0000 0.0000 
1.0000 0.0000 0.0000 0.0000 
0.0442 0.0000 0.9558 0.0000 
0.0102 0.2857 0.0102 0.6939 
0.1973 0.0646 0.7075 0.0306 
0.2619 0.2517 0.4762 0.0102 
0.2177 0.3946 0.2177 0.1701 
0.1803 0.2789 0.2721 0.2687 

MOTIF filter6 
letter-probability matrix: alength= 4 w= 14 nsites= 14 
0.2486 0.2039 0.2737 0.2737 
0.2123 0.3017 0.2486 0.2374 
0.0028 0.8575 0.1397 0.0000 
0.0112 0.9888 0.0000 0.0000 
0.0000 0.0000 1.0000 0.0000 
0.0000 0.0000 1.0000 0.0000 
1.0000 0.0000 0.0000 0.0000 
1.0000 0.0000 0.0000 0.0000 
0.0223 0.0168 0.9609 0.0000 
0.0335 0.3128 0.0112 0.6425 
0.1788 0.1117 0.6564 0.0531 
0.2626 0.2598 0.4497 0.0279 
0.2151 0.3380 0.2709 0.1760 
0.2179 0.3128 0.2430 0.2263 

MOTIF filter7 
letter-probability matrix: alength= 4 w= 18 nsites= 18 
0.2343 0.2739 0.2343 0.2574 
0.2805 0.2244 0.2607 0.2343 
0.2475 0.2805 0.2244 0.2475 
0.5380 0.0132 0.1320 0.3168 
0.6568 0.0099 0.0396 0.2937 
0.4620 0.0000 0.0231 0.5149 
0.3135 0.1452 0.1353 0.4059 
0.0066 0.0000 0.0000 0.9934 
0.0000 0.0000 1.0000 0.0000 
0.0165 0.9835 0.0000 0.0000 
0.0000 0.0000 0.0000 1.0000 
0.0000 0.0000 0.9934 0.0066 
1.0000 0.0000 0.0000 0.0000 
0.0231 0.5248 0.3102 0.1419 
0.2013 0.1155 0.0396 0.6436 
0.1914 0.3762 0.1056 0.3267 
0.5347 0.0495 0.1848 0.2310 
0.1452 0.0429 0.5578 0.2541 

MOTIF filter8 
letter-probability matrix: alength= 4 w= 15 nsites= 15 
0.1960 0.3120 0.2400 0.2520 
0.1520 0.1560 0.4200 0.2720 
0.0120 0.5240 0.2000 0.2640 
0.0240 0.6760 0.1760 0.1240 
0.7720 0.0080 0.2160 0.0040 
0.0000 0.9880 0.0000 0.0120 
0.0000 0.0000 0.0000 1.0000 
0.0000 0.0000 0.0000 1.0000 
0.0000 1.0000 0.0000 0.0000 
0.0000 1.0000 0.0000 0.0000 
0.0000 0.0000 1.0000 0.0000 
0.0000 0.1560 0.8400 0.0040 
0.2680 0.1800 0.2480 0.3040 
0.2400 0.2160 0.2440 0.3000 
0.2240 0.2200 0.2480 0.3080 

MOTIF filter9 
letter-probability matrix: alength= 4 w= 14 nsites= 14 
0.2035 0.2558 0.2703 0.2703 
0.1541 0.1948 0.3663 0.2849 
0.0116 0.4564 0.2442 0.2878 
0.1017 0.6453 0.1163 0.1366 
0.7006 0.0116 0.2529 0.0349 
0.0000 0.9448 0.0029 0.0523 
0.0000 0.0000 0.0000 1.0000 
0.0000 0.0000 0.0000 1.0000 
0.0000 1.0000 0.0000 0.0000 
0.0000 1.0000 0.0000 0.0000 
0.0000 0.0000 0.9738 0.0262 
0.0000 0.1163 0.8837 0.0000 
0.2645 0.1977 0.2587 0.2791 
0.2703 0.2064 0.2587 0.2645 

MOTIF filter10 
letter-probability matrix: alength= 4 w= 16 nsites= 16 
0.2796 0.2336 0.2138 0.2730 
0.2072 0.3289 0.2401 0.2237 
0.2237 0.2368 0.2730 0.2664 
0.1151 0.0230 0.7105 0.1513 
0.0658 0.7467 0.0888 0.0987 
0.2862 0.3520 0.2401 0.1217 
0.0559 0.0000 0.8684 0.0757 
0.0000 1.0000 0.0000 0.0000 
0.0000 1.0000 0.0000 0.0000 
1.0000 0.0000 0.0000 0.0000 
0.0000 0.0000 0.0000 1.0000 
0.0033 0.4770 0.1776 0.3421 
0.0000 0.0197 0.0000 0.9803 
0.0000 0.0099 0.0000 0.9901 
0.0658 0.0921 0.7401 0.1020 
0.2697 0.2270 0.2434 0.2599 

MOTIF filter11 
letter-probability matrix: alength= 4 w= 14 nsites= 14 
0.2643 0.2350 0.2177 0.2830 
0.2789 0.2350 0.2357 0.2503 
0.1669 0.2260 0.1426 0.4645 
0.0049 0.0285 0.0076 0.9590 
0.0021 0.0076 0.0473 0.9430 
0.1287 0.8512 0.0056 0.0146 
0.0334 0.7058 0.0028 0.2580 
0.2545 0.2309 0.2566 0.2580 
0.2378 0.0000 0.7330 0.0292 
0.0090 0.0090 0.8637 0.1182 
0.9458 0.0459 0.0063 0.0021 
0.9798 0.0146 0.0056 0.0000 
0.4708 0.1433 0.2246 0.1613 
0.2385 0.2622 0.2364 0.2629 

MOTIF filter12 
letter-probability matrix: alength= 4 w= 19 nsites= 19 
0.1639 0.0781 0.0448 0.7132 
0.0243 0.0845 0.6748 0.2164 
0.4072 0.4097 0.0653 0.1178 
0.0000 0.9974 0.0026 0.0000 
0.0000 0.9962 0.0013 0.0026 
0.8438 0.0000 0.0051 0.1511 
0.0205 0.0000 0.0000 0.9795 
1.0000 0.0000 0.0000 0.0000 
0.0000 0.0000 0.0013 0.9987 
0.9910 0.0000 0.0000 0.0090 
0.1524 0.0013 0.0000 0.8464 
0.0000 0.0013 0.9987 0.0000 
0.0000 0.0000 1.0000 0.0000 
0.0922 0.0640 0.4059 0.4379 
0.2100 0.6773 0.0871 0.0256 
0.7695 0.0102 0.0563 0.1639 
0.2522 0.2753 0.2254 0.2471 
0.2202 0.2586 0.2638 0.2574 
0.2471 0.2305 0.2804 0.2420 

MOTIF filter13 
letter-probability matrix: alength= 4 w= 14 nsites= 14 
0.1865 0.5124 0.2112 0.0899 
0.3685 0.1213 0.1663 0.3438 
0.0000 0.4045 0.2157 0.3798 
0.0921 0.8045 0.0360 0.0674 
0.0337 0.4494 0.0157 0.5011 
0.2000 0.7910 0.0090 0.0000 
0.0854 0.7303 0.1753 0.0090 
0.0427 0.4225 0.3978 0.1371 
0.0404 0.6382 0.0449 0.2764 
0.0022 0.9865 0.0000 0.0112 
0.0135 0.4584 0.3371 0.1910 
0.0449 0.6944 0.0382 0.2225 
0.1730 0.5551 0.1371 0.1348 
0.1393 0.2472 0.1573 0.4562 

MOTIF filter14 
letter-probability matrix: alength= 4 w= 17 nsites= 17 
0.1421 0.1395 0.1705 0.5478 
0.3437 0.2274 0.2016 0.2274 
0.2842 0.0310 0.5401 0.1447 
0.5943 0.0904 0.0103 0.3049 
0.0362 0.1525 0.7545 0.0568 
0.4625 0.1860 0.0000 0.3514 
0.0207 0.9716 0.0000 0.0078 
0.4935 0.0904 0.1395 0.2765 
0.0000 0.4703 0.0620 0.4677 
0.5168 0.2687 0.0517 0.1628 
0.0000 0.1602 0.0801 0.7597 
0.4832 0.2326 0.1499 0.1344 
0.2351 0.0078 0.5711 0.1860 
0.1137 0.3592 0.1550 0.3721 
0.0155 0.2300 0.7003 0.0543 
0.0000 0.3256 0.5220 0.1525 
0.3256 0.0000 0.4160 0.2584 

MOTIF filter15 
letter-probability matrix: alength= 4 w= 16 nsites= 16 
0.2457 0.2457 0.2600 0.2486 
0.2400 0.2200 0.2600 0.2800 
0.2200 0.2257 0.2943 0.2600 
0.2629 0.0371 0.6543 0.0457 
0.1200 0.0000 0.8057 0.0743 
0.1714 0.0000 0.8286 0.0000 
0.0000 0.0000 1.0000 0.0000 
0.0000 0.0000 1.0000 0.0000 
0.2943 0.5657 0.0000 0.1400 
0.0000 0.0000 1.0000 0.0000 
0.0000 0.0000 1.0000 0.0000 
0.1714 0.0000 0.8286 0.0000 
0.1914 0.0257 0.7829 0.0000 
0.1657 0.5971 0.1743 0.0629 
0.2657 0.1800 0.2971 0.2571 
0.2457 0.2971 0.2200 0.2371 

MOTIF filter16 
letter-probability matrix: alength= 4 w= 16 nsites= 16 
0.2683 0.2683 0.2425 0.2209 
0.2412 0.2927 0.2412 0.2249 
0.0921 0.0325 0.3618 0.5136 
0.0054 0.9228 0.0000 0.0718 
0.0000 0.0000 0.0000 1.0000 
1.0000 0.0000 0.0000 0.0000 
0.2358 0.0000 0.0000 0.7642 
0.4404 0.0000 0.0000 0.5596 
0.5312 0.0000 0.0000 0.4688 
0.6938 0.0000 0.0000 0.3062 
0.0000 0.0000 0.0000 1.0000 
1.0000 0.0000 0.0000 0.0000 
0.0542 0.0000 0.9268 0.0190 
0.4756 0.3659 0.0420 0.1165 
0.2967 0.2127 0.2696 0.2209 
0.2615 0.2615 0.2222 0.2547 

MOTIF filter17 
letter-probability matrix: alength= 4 w= 18 nsites= 18 
0.2723 0.2545 0.2143 0.2589 
0.3036 0.2277 0.2500 0.2188 
0.2500 0.2812 0.2188 0.2500 
0.1295 0.0000 0.7143 0.1562 
0.0982 0.7857 0.0982 0.0179 
0.3170 0.3482 0.2634 0.0714 
0.0268 0.0000 0.9152 0.0580 
0.0000 1.0000 0.0000 0.0000 
0.0000 1.0000 0.0000 0.0000 
1.0000 0.0000 0.0000 0.0000 
0.0000 0.0000 0.0000 1.0000 
0.0045 0.4732 0.0982 0.4241 
0.0000 0.0000 0.0000 1.0000 
0.0000 0.0000 0.0000 1.0000 
0.0580 0.0625 0.8036 0.0759 
0.2768 0.1964 0.2857 0.2411 
0.2143 0.2812 0.2366 0.2679 
0.2589 0.2991 0.2232 0.2188 

MOTIF filter18 
letter-probability matrix: alength= 4 w= 13 nsites= 13 
0.2444 0.2373 0.2566 0.2617 
0.2213 0.2008 0.3624 0.2155 
0.4118 0.2110 0.3496 0.0276 
0.0225 0.0051 0.0192 0.9532 
0.0013 0.0128 0.9217 0.0641 
0.9654 0.0058 0.0225 0.0064 
0.0282 0.4638 0.4740 0.0340 
0.0026 0.0058 0.0103 0.9814 
0.0513 0.9262 0.0038 0.0186 
0.9878 0.0000 0.0071 0.0051 
0.0257 0.3291 0.2514 0.3938 
0.1956 0.3894 0.1944 0.2207 
0.2765 0.2091 0.2604 0.2540 

MOTIF filter19 
letter-probability matrix: alength= 4 w= 14 nsites= 14 
0.2389 0.2652 0.2379 0.2581 
0.2298 0.2662 0.2611 0.2429 
0.2551 0.2551 0.2470 0.2429 
0.5061 0.1255 0.3634 0.0051 
0.0000 0.0000 0.0000 1.0000 
0.0000 0.0000 0.0273 0.9727 
0.2733 0.0000 0.6306 0.0962 
0.0111 0.8775 0.0081 0.1032 
0.0972 0.0081 0.8755 0.0192 
0.0901 0.6366 0.0000 0.2733 
0.9362 0.0638 0.0000 0.0000 
1.0000 0.0000 0.0000 0.0000 
0.0132 0.3553 0.1528 0.4787 
0.2713 0.2530 0.2682 0.2075 

MOTIF filter20 
letter-probability matrix: alength= 4 w= 19 nsites= 19 
0.1654 0.0822 0.0502 0.7022 
0.0320 0.0982 0.6531 0.2166 
0.4055 0.3842 0.0811 0.1291 
0.0021 0.9904 0.0053 0.0021 
0.0011 0.9861 0.0043 0.0085 
0.8186 0.0021 0.0096 0.1697 
0.0224 0.0000 0.0021 0.9755 
0.9893 0.0053 0.0043 0.0011 
0.0000 0.0032 0.0011 0.9957 
0.9765 0.0043 0.0000 0.0192 
0.1654 0.0064 0.0032 0.8250 
0.0043 0.0128 0.9819 0.0011 
0.0021 0.0064 0.9861 0.0053 
0.1131 0.0768 0.3874 0.4226 
0.2295 0.6382 0.0961 0.0363 
0.6990 0.0395 0.0736 0.1878 
0.2412 0.2700 0.2391 0.2497 
0.2348 0.2572 0.2625 0.2455 
0.2433 0.2391 0.2679 0.2497 

MOTIF filter21 
letter-probability matrix: alength= 4 w= 16 nsites= 16 
0.2158 0.2551 0.2500 0.2791 
0.2774 0.2586 0.2226 0.2414 
0.2432 0.2483 0.2500 0.2586 
0.5445 0.0719 0.3836 0.0000 
0.0000 0.0000 0.0000 1.0000 
0.0000 0.0000 0.0188 0.9812 
0.2312 0.0000 0.7277 0.0411 
0.0000 0.9538 0.0000 0.0462 
0.0360 0.0000 0.9640 0.0000 
0.0565 0.6558 0.0000 0.2877 
0.9880 0.0120 0.0000 0.0000 
1.0000 0.0000 0.0000 0.0000 
0.0137 0.3116 0.1164 0.5582 
0.2791 0.2500 0.2637 0.2072 
0.2551 0.1986 0.2380 0.3082 
0.2295 0.2620 0.2414 0.2671 

MOTIF filter22 
letter-probability matrix: alength= 4 w= 18 nsites= 18 
0.2399 0.2370 0.2572 0.2659 
0.2225 0.3006 0.2659 0.2110 
0.2803 0.2543 0.2023 0.2630 
0.1445 0.6763 0.1214 0.0578 
1.0000 0.0000 0.0000 0.0000 
0.9855 0.0000 0.0145 0.0000 
0.4249 0.0838 0.4682 0.0231 
1.0000 0.0000 0.0000 0.0000 
0.0000 0.0000 0.0000 1.0000 
0.0000 0.0000 1.0000 0.0000 
0.0000 0.0000 1.0000 0.0000 
0.0578 0.8613 0.0000 0.0809 
0.1127 0.1879 0.4335 0.2659 
0.0723 0.0780 0.7832 0.0665 
0.1243 0.7717 0.0145 0.0896 
0.2688 0.2312 0.2197 0.2803 
0.2283 0.2341 0.3179 0.2197 
0.2630 0.2312 0.2832 0.2225 

MOTIF filter23 
letter-probability matrix: alength= 4 w= 16 nsites= 16 
0.2508 0.2251 0.2283 0.2958 
0.2186 0.2637 0.2572 0.2605 
0.2219 0.2572 0.2958 0.2251 
0.2315 0.0514 0.6495 0.0675 
0.1286 0.0000 0.8135 0.0579 
0.1383 0.0000 0.8617 0.0000 
0.0000 0.0000 1.0000 0.0000 
0.0000 0.0000 1.0000 0.0000 
0.3055 0.5916 0.0000 0.1029 
0.0000 0.0000 1.0000 0.0000 
0.0000 0.0000 1.0000 0.0000 
0.1190 0.0000 0.8810 0.0000 
0.1543 0.0129 0.8328 0.0000 
0.1865 0.5691 0.1543 0.0900 
0.3023 0.2058 0.2765 0.2154 
0.2219 0.3087 0.2219 0.2476 

MOTIF filter24 
letter-probability matrix: alength= 4 w= 12 nsites= 12 
0.2320 0.2656 0.2589 0.2435 
0.4052 0.2012 0.2493 0.1444 
0.2300 0.3080 0.3128 0.1492 
0.0000 1.0000 0.0000 0.0000 
0.9981 0.0000 0.0019 0.0000 
0.0000 0.9769 0.0000 0.0231 
0.0038 0.0000 0.9962 0.0000 
0.0000 0.0029 0.0000 0.9971 
0.0000 0.0000 1.0000 0.0000 
0.1617 0.2887 0.3167 0.2329 
0.1665 0.2397 0.1627 0.4312 
0.2320 0.2560 0.2474 0.2647 

MOTIF filter25 
letter-probability matrix: alength= 4 w= 13 nsites= 13 
0.3235 0.2288 0.2516 0.1961 
0.2908 0.3170 0.2124 0.1797 
0.0882 0.1275 0.5588 0.2255 
0.0000 0.8660 0.0065 0.1275 
0.0000 0.8660 0.0000 0.1340 
0.0000 1.0000 0.0000 0.0000 
0.0000 1.0000 0.0000 0.0000 
0.1340 0.0000 0.5915 0.2745 
0.0000 1.0000 0.0000 0.0000 
0.0000 1.0000 0.0000 0.0000 
0.0000 0.8007 0.0000 0.1993 
0.0654 0.8562 0.0000 0.0784 
0.0163 0.6634 0.0359 0.2843 

MOTIF filter26 
letter-probability matrix: alength= 4 w= 10 nsites= 10 
0.2386 0.2637 0.2591 0.2386 
0.4258 0.1998 0.2694 0.1050 
0.2397 0.3242 0.3265 0.1096 
0.0000 1.0000 0.0000 0.0000 
1.0000 0.0000 0.0000 0.0000 
0.0000 1.0000 0.0000 0.0000 
0.0000 0.0000 1.0000 0.0000 
0.0000 0.0000 0.0000 1.0000 
0.0000 0.0000 1.0000 0.0000 
0.1050 0.3196 0.3322 0.2432 

MOTIF filter27 
letter-probability matrix: alength= 4 w= 13 nsites= 13 
0.2471 0.2357 0.2586 0.2586 
0.2336 0.1630 0.3967 0.2066 
0.4102 0.2170 0.3686 0.0042 
0.0000 0.0000 0.0000 1.0000 
0.0000 0.0000 1.0000 0.0000 
1.0000 0.0000 0.0000 0.0000 
0.0000 0.4995 0.5005 0.0000 
0.0000 0.0000 0.0000 1.0000 
0.0000 1.0000 0.0000 0.0000 
1.0000 0.0000 0.0000 0.0000 
0.0052 0.3354 0.2503 0.4091 
0.2181 0.3551 0.1931 0.2336 
0.2523 0.2201 0.2773 0.2503 

MOTIF filter28 
letter-probability matrix: alength= 4 w= 13 nsites= 13 
0.1478 0.2018 0.1671 0.4833 
0.0000 0.0000 0.0000 1.0000 
0.0000 0.0000 0.0000 1.0000 
0.0231 0.9769 0.0000 0.0000 
0.0013 0.7815 0.0000 0.2172 
0.2519 0.2185 0.2494 0.2802 
0.2044 0.0000 0.7956 0.0000 
0.0000 0.0000 0.9794 0.0206 
1.0000 0.0000 0.0000 0.0000 
1.0000 0.0000 0.0000 0.0000 
0.5116 0.1298 0.2082 0.1504 
0.2365 0.2776 0.2494 0.2365 
0.2648 0.2314 0.2506 0.2532 

MOTIF filter29 
letter-probability matrix: alength= 4 w= 17 nsites= 17 
0.2857 0.5559 0.0404 0.1180 
0.2484 0.1739 0.0745 0.5031 
0.2888 0.1491 0.3106 0.2516 
0.6366 0.0466 0.0994 0.2174 
0.1708 0.3106 0.4907 0.0280 
0.0000 0.0000 0.0000 1.0000 
0.0124 0.9876 0.0000 0.0000 
1.0000 0.0000 0.0000 0.0000 
0.0000 0.0000 0.9907 0.0093 
0.0000 1.0000 0.0000 0.0000 
0.9938 0.0000 0.0000 0.0062 
0.4441 0.1677 0.1304 0.2578 
0.4161 0.0435 0.0031 0.5373 
0.3820 0.0714 0.0000 0.5466 
0.2950 0.1118 0.0155 0.5776 
0.2764 0.2205 0.2516 0.2516 
0.2826 0.2640 0.2298 0.2236 

MOTIF filter30 
letter-probability matrix: alength= 4 w= 19 nsites= 19 
0.2626 0.2552 0.2500 0.2322 
0.0000 0.1546 0.8207 0.0247 
0.3810 0.0586 0.1414 0.4190 
0.4707 0.0000 0.4443 0.0851 
0.1839 0.3678 0.3259 0.1224 
0.1534 0.6776 0.1126 0.0563 
0.0011 0.0167 0.3397 0.6425 
0.5080 0.0213 0.2724 0.1983 
0.5466 0.1190 0.1397 0.1948 
0.1701 0.2017 0.4557 0.1724 
0.2793 0.1132 0.3184 0.2891 
0.2540 0.4345 0.2977 0.0138 
0.1615 0.5902 0.0345 0.2138 
0.3247 0.4247 0.1557 0.0948 
0.3879 0.3431 0.2167 0.0523 
0.0172 0.4713 0.5000 0.0115 
0.0638 0.2885 0.4040 0.2437 
0.0552 0.1121 0.4925 0.3402 
0.1075 0.3937 0.1782 0.3207 

MOTIF filter31 
letter-probability matrix: alength= 4 w= 15 nsites= 15 
0.2335 0.2234 0.3096 0.2335 
0.2081 0.2792 0.2284 0.2843 
0.4670 0.1548 0.3401 0.0381 
0.0000 0.0000 0.0000 1.0000 
0.0000 0.0000 0.0279 0.9721 
0.3782 0.0000 0.5812 0.0406 
0.0000 0.9822 0.0000 0.0178 
0.0457 0.0000 0.9543 0.0000 
0.0127 0.9670 0.0000 0.0203 
1.0000 0.0000 0.0000 0.0000 
1.0000 0.0000 0.0000 0.0000 
0.0000 0.3782 0.0279 0.5939 
0.2487 0.2716 0.2843 0.1954 
0.2157 0.2259 0.2919 0.2665 
0.2893 0.2208 0.3122 0.1777 

