MEME version 4

ALPHABET= ACGT

Background letter frequencies:
A 0.2500 C 0.2500 G 0.2500 T 0.2500 

MOTIF filter0 
letter-probability matrix: alength= 4 w= 16 nsites= 16 
0.2519 0.2721 0.2402 0.2359 
0.2412 0.2689 0.2476 0.2423 
0.1158 0.0723 0.3464 0.4655 
0.0425 0.8480 0.0000 0.1095 
0.0000 0.0011 0.0000 0.9989 
0.9979 0.0000 0.0011 0.0011 
0.2816 0.0000 0.0021 0.7163 
0.4601 0.0000 0.0000 0.5399 
0.5579 0.0000 0.0011 0.4410 
0.6897 0.0011 0.0000 0.3092 
0.0032 0.0011 0.0000 0.9957 
0.9968 0.0000 0.0032 0.0000 
0.1105 0.0000 0.8512 0.0383 
0.4453 0.3571 0.0521 0.1456 
0.2816 0.2295 0.2550 0.2338 
0.2412 0.2848 0.2402 0.2338 

MOTIF filter1 
letter-probability matrix: alength= 4 w= 18 nsites= 18 
0.2300 0.2556 0.2492 0.2652 
0.2204 0.3035 0.2652 0.2109 
0.2556 0.2939 0.2077 0.2428 
0.1342 0.7316 0.0735 0.0607 
0.9968 0.0000 0.0032 0.0000 
0.9840 0.0000 0.0160 0.0000 
0.4026 0.0831 0.4920 0.0224 
1.0000 0.0000 0.0000 0.0000 
0.0000 0.0000 0.0000 1.0000 
0.0000 0.0000 1.0000 0.0000 
0.0000 0.0000 1.0000 0.0000 
0.0543 0.8466 0.0000 0.0990 
0.1022 0.2109 0.4377 0.2492 
0.0767 0.0735 0.7891 0.0607 
0.1342 0.7796 0.0128 0.0735 
0.2875 0.2045 0.2141 0.2939 
0.2300 0.2396 0.3003 0.2300 
0.2684 0.2332 0.3099 0.1885 

MOTIF filter2 
letter-probability matrix: alength= 4 w= 14 nsites= 14 
0.2387 0.2613 0.2533 0.2467 
0.2255 0.2891 0.2507 0.2347 
0.1021 0.0570 0.3568 0.4841 
0.0199 0.9443 0.0000 0.0358 
0.0000 0.0013 0.0000 0.9987 
1.0000 0.0000 0.0000 0.0000 
0.3064 0.0000 0.0066 0.6870 
0.5066 0.0000 0.0000 0.4934 
0.5995 0.0000 0.0000 0.4005 
0.7268 0.0013 0.0000 0.2719 
0.0000 0.0000 0.0000 1.0000 
0.9973 0.0000 0.0027 0.0000 
0.0743 0.0000 0.9257 0.0000 
0.4695 0.3634 0.0438 0.1233 

MOTIF filter3 
letter-probability matrix: alength= 4 w= 18 nsites= 18 
0.2982 0.5331 0.0422 0.1265 
0.2440 0.1867 0.0723 0.4970 
0.2831 0.1627 0.3102 0.2440 
0.6265 0.0482 0.1205 0.2048 
0.1837 0.3133 0.4789 0.0241 
0.0000 0.0000 0.0000 1.0000 
0.0060 0.9940 0.0000 0.0000 
1.0000 0.0000 0.0000 0.0000 
0.0000 0.0000 0.9849 0.0151 
0.0000 1.0000 0.0000 0.0000 
0.9970 0.0000 0.0000 0.0030 
0.4458 0.1657 0.1205 0.2681 
0.4157 0.0482 0.0030 0.5331 
0.3916 0.0723 0.0000 0.5361 
0.3042 0.1145 0.0211 0.5602 
0.2801 0.2259 0.2410 0.2530 
0.2741 0.2831 0.2169 0.2259 
0.2199 0.3012 0.2319 0.2470 

MOTIF filter4 
letter-probability matrix: alength= 4 w= 19 nsites= 19 
0.1640 0.0793 0.0478 0.7090 
0.0315 0.0934 0.6547 0.2204 
0.4083 0.3887 0.0760 0.1270 
0.0022 0.9891 0.0065 0.0022 
0.0000 0.9902 0.0022 0.0076 
0.8263 0.0022 0.0098 0.1618 
0.0239 0.0000 0.0022 0.9739 
0.9902 0.0054 0.0022 0.0022 
0.0000 0.0033 0.0011 0.9957 
0.9794 0.0022 0.0000 0.0185 
0.1607 0.0054 0.0022 0.8317 
0.0033 0.0098 0.9870 0.0000 
0.0011 0.0054 0.9902 0.0033 
0.1075 0.0727 0.3876 0.4321 
0.2258 0.6417 0.0966 0.0358 
0.7079 0.0337 0.0738 0.1846 
0.2454 0.2693 0.2389 0.2465 
0.2334 0.2617 0.2562 0.2486 
0.2443 0.2389 0.2649 0.2519 

MOTIF filter5 
letter-probability matrix: alength= 4 w= 15 nsites= 15 
0.2683 0.2962 0.2230 0.2125 
0.3066 0.3031 0.1672 0.2230 
0.2544 0.2334 0.2404 0.2718 
0.0000 0.8641 0.0906 0.0453 
0.0000 0.1672 0.0000 0.8328 
0.0000 0.2718 0.7247 0.0035 
1.0000 0.0000 0.0000 0.0000 
0.0000 0.0000 0.0000 1.0000 
0.0000 0.0000 0.0000 1.0000 
0.0000 0.0000 1.0000 0.0000 
0.0000 0.0000 1.0000 0.0000 
0.0279 0.4181 0.0000 0.5540 
0.0279 0.4495 0.1185 0.4042 
0.1742 0.4739 0.2892 0.0627 
0.5052 0.1150 0.3345 0.0453 

MOTIF filter6 
letter-probability matrix: alength= 4 w= 11 nsites= 11 
0.3892 0.2083 0.2541 0.1484 
0.2327 0.3130 0.3181 0.1362 
0.0000 1.0000 0.0000 0.0000 
1.0000 0.0000 0.0000 0.0000 
0.0000 1.0000 0.0000 0.0000 
0.0000 0.0000 1.0000 0.0000 
0.0000 0.0000 0.0000 1.0000 
0.0000 0.0000 1.0000 0.0000 
0.1616 0.2917 0.3171 0.2297 
0.1717 0.2419 0.1667 0.4197 
0.2327 0.2480 0.2520 0.2673 

MOTIF filter7 
letter-probability matrix: alength= 4 w= 16 nsites= 16 
0.2659 0.2547 0.2397 0.2397 
0.1049 0.0075 0.7191 0.1685 
0.0824 0.7566 0.1011 0.0599 
0.2809 0.3483 0.2584 0.1124 
0.0337 0.0000 0.8652 0.1011 
0.0000 1.0000 0.0000 0.0000 
0.0000 1.0000 0.0000 0.0000 
1.0000 0.0000 0.0000 0.0000 
0.0000 0.0000 0.0000 1.0000 
0.0075 0.4607 0.1536 0.3783 
0.0000 0.0000 0.0000 1.0000 
0.0000 0.0000 0.0000 1.0000 
0.0637 0.0637 0.7753 0.0974 
0.3221 0.1948 0.2322 0.2509 
0.1910 0.2921 0.2772 0.2397 
0.2397 0.2322 0.2659 0.2622 

MOTIF filter8 
letter-probability matrix: alength= 4 w= 15 nsites= 15 
0.2201 0.1981 0.2484 0.3333 
0.2390 0.2264 0.2610 0.2736 
0.2421 0.2987 0.2484 0.2107 
0.0031 0.8742 0.1226 0.0000 
0.0031 0.9969 0.0000 0.0000 
0.0000 0.0000 1.0000 0.0000 
0.0000 0.0000 1.0000 0.0000 
1.0000 0.0000 0.0000 0.0000 
1.0000 0.0000 0.0000 0.0000 
0.0252 0.0189 0.9560 0.0000 
0.0377 0.2642 0.0157 0.6824 
0.1761 0.0818 0.6981 0.0440 
0.2516 0.2107 0.5000 0.0377 
0.2013 0.3239 0.3019 0.1730 
0.2013 0.3050 0.2830 0.2107 

MOTIF filter9 
letter-probability matrix: alength= 4 w= 18 nsites= 18 
0.3040 0.2240 0.2160 0.2560 
0.2760 0.2840 0.2560 0.1840 
0.2200 0.2640 0.2480 0.2680 
0.1240 0.0120 0.7120 0.1520 
0.0560 0.7800 0.1000 0.0640 
0.2760 0.3920 0.2320 0.1000 
0.0360 0.0000 0.9360 0.0280 
0.0000 1.0000 0.0000 0.0000 
0.0000 1.0000 0.0000 0.0000 
1.0000 0.0000 0.0000 0.0000 
0.0000 0.0000 0.0000 1.0000 
0.0080 0.5120 0.1240 0.3560 
0.0000 0.0360 0.0080 0.9560 
0.0000 0.0080 0.0000 0.9920 
0.0520 0.0920 0.7760 0.0800 
0.2320 0.2520 0.2560 0.2600 
0.2120 0.2720 0.2240 0.2920 
0.2440 0.3400 0.2000 0.2160 

MOTIF filter10 
letter-probability matrix: alength= 4 w= 16 nsites= 16 
0.2929 0.2475 0.2677 0.1919 
0.2677 0.3106 0.2247 0.1970 
0.0682 0.1995 0.4899 0.2424 
0.0000 0.8131 0.0177 0.1692 
0.0000 0.8333 0.0000 0.1667 
0.0000 1.0000 0.0000 0.0000 
0.0000 1.0000 0.0000 0.0000 
0.0934 0.0000 0.6111 0.2955 
0.0000 1.0000 0.0000 0.0000 
0.0000 1.0000 0.0000 0.0000 
0.0000 0.8081 0.0000 0.1919 
0.0732 0.8283 0.0000 0.0985 
0.0429 0.6364 0.0530 0.2677 
0.2551 0.2525 0.2424 0.2500 
0.2879 0.2298 0.2348 0.2475 
0.2273 0.2929 0.2399 0.2399 

MOTIF filter11 
letter-probability matrix: alength= 4 w= 14 nsites= 14 
0.1872 0.2086 0.3102 0.2941 
0.0214 0.5080 0.2513 0.2193 
0.0802 0.6257 0.1176 0.1765 
0.7807 0.0053 0.1979 0.0160 
0.0000 0.9733 0.0107 0.0160 
0.0000 0.0000 0.0000 1.0000 
0.0000 0.0000 0.0000 1.0000 
0.0000 1.0000 0.0000 0.0000 
0.0000 1.0000 0.0000 0.0000 
0.0000 0.0000 0.9840 0.0160 
0.0000 0.1016 0.8930 0.0053 
0.2513 0.2193 0.2299 0.2995 
0.1765 0.2834 0.2941 0.2460 
0.2674 0.1979 0.2460 0.2888 

MOTIF filter12 
letter-probability matrix: alength= 4 w= 12 nsites= 12 
0.2104 0.2507 0.2680 0.2709 
0.1441 0.1816 0.3833 0.2911 
0.0202 0.4899 0.2248 0.2651 
0.0720 0.6657 0.1297 0.1326 
0.7089 0.0202 0.2392 0.0317 
0.0000 0.9654 0.0000 0.0346 
0.0000 0.0000 0.0000 1.0000 
0.0000 0.0000 0.0000 1.0000 
0.0000 1.0000 0.0000 0.0000 
0.0000 1.0000 0.0000 0.0000 
0.0000 0.0000 0.9885 0.0115 
0.0000 0.1585 0.8271 0.0144 

MOTIF filter13 
letter-probability matrix: alength= 4 w= 13 nsites= 13 
0.3911 0.1732 0.4078 0.0279 
0.5782 0.0028 0.4050 0.0140 
0.0000 1.0000 0.0000 0.0000 
0.0000 1.0000 0.0000 0.0000 
1.0000 0.0000 0.0000 0.0000 
1.0000 0.0000 0.0000 0.0000 
0.0000 0.0000 0.0000 1.0000 
0.0112 0.7961 0.1899 0.0028 
0.8547 0.0000 0.1453 0.0000 
0.0391 0.0866 0.8743 0.0000 
0.2151 0.2737 0.2542 0.2570 
0.2793 0.1955 0.2961 0.2291 
0.2598 0.2765 0.1983 0.2654 

MOTIF filter14 
letter-probability matrix: alength= 4 w= 13 nsites= 13 
0.4408 0.1707 0.2962 0.0923 
0.0000 0.0000 0.0000 1.0000 
0.0000 0.0000 0.0706 0.9294 
0.3171 0.0009 0.6054 0.0767 
0.0131 0.8789 0.0096 0.0984 
0.1115 0.0322 0.8345 0.0218 
0.1089 0.6472 0.0000 0.2439 
0.9425 0.0575 0.0000 0.0000 
1.0000 0.0000 0.0000 0.0000 
0.0061 0.3676 0.1237 0.5026 
0.2613 0.2561 0.2718 0.2108 
0.2526 0.2160 0.2613 0.2700 
0.2631 0.2204 0.2805 0.2361 

MOTIF filter15 
letter-probability matrix: alength= 4 w= 15 nsites= 15 
0.2438 0.2280 0.2619 0.2664 
0.2370 0.2641 0.2596 0.2393 
0.2619 0.0700 0.5914 0.0767 
0.1354 0.0000 0.7788 0.0858 
0.2032 0.0000 0.7968 0.0000 
0.0000 0.0000 1.0000 0.0000 
0.0000 0.0000 1.0000 0.0000 
0.3205 0.5350 0.0000 0.1445 
0.0000 0.0000 1.0000 0.0000 
0.0000 0.0000 1.0000 0.0000 
0.1919 0.0000 0.8081 0.0000 
0.2190 0.0361 0.7449 0.0000 
0.1896 0.5147 0.1896 0.1061 
0.2573 0.2099 0.2935 0.2393 
0.2415 0.2957 0.2190 0.2438 

MOTIF filter16 
letter-probability matrix: alength= 4 w= 13 nsites= 13 
0.2524 0.2320 0.2373 0.2783 
0.2415 0.2148 0.3265 0.2172 
0.3377 0.2492 0.2961 0.1171 
0.0323 0.0278 0.0405 0.8994 
0.0262 0.0339 0.8475 0.0924 
0.8859 0.0334 0.0477 0.0331 
0.0810 0.4359 0.4346 0.0485 
0.0249 0.0426 0.0514 0.8811 
0.0826 0.8610 0.0222 0.0342 
0.9060 0.0310 0.0315 0.0315 
0.0990 0.3067 0.2699 0.3244 
0.2132 0.3223 0.2225 0.2421 
0.2587 0.2346 0.2595 0.2471 

MOTIF filter17 
letter-probability matrix: alength= 4 w= 15 nsites= 15 
0.1293 0.3305 0.1408 0.3994 
0.0316 0.3534 0.4109 0.2040 
0.4483 0.0776 0.4741 0.0000 
0.5776 0.0029 0.3736 0.0460 
0.0000 1.0000 0.0000 0.0000 
0.0000 1.0000 0.0000 0.0000 
1.0000 0.0000 0.0000 0.0000 
1.0000 0.0000 0.0000 0.0000 
0.0000 0.0000 0.0000 1.0000 
0.0287 0.7816 0.1868 0.0029 
0.8391 0.0029 0.1580 0.0000 
0.0718 0.0718 0.8477 0.0086 
0.1983 0.2557 0.2672 0.2787 
0.2615 0.1925 0.2500 0.2960 
0.2155 0.2960 0.2040 0.2845 

MOTIF filter18 
letter-probability matrix: alength= 4 w= 17 nsites= 17 
0.2211 0.2719 0.2632 0.2439 
0.2719 0.2509 0.2474 0.2298 
0.2333 0.2912 0.2193 0.2561 
0.0877 0.0158 0.3632 0.5333 
0.0018 0.9018 0.0000 0.0965 
0.0000 0.0000 0.0000 1.0000 
1.0000 0.0000 0.0000 0.0000 
0.1035 0.0000 0.0018 0.8947 
0.3000 0.0000 0.0000 0.7000 
0.4211 0.0000 0.0000 0.5789 
0.6140 0.0018 0.0000 0.3842 
0.0000 0.0000 0.0000 1.0000 
1.0000 0.0000 0.0000 0.0000 
0.0228 0.0000 0.9526 0.0246 
0.4667 0.4105 0.0351 0.0877 
0.2965 0.2193 0.2667 0.2175 
0.2719 0.2211 0.2386 0.2684 

MOTIF filter19 
letter-probability matrix: alength= 4 w= 18 nsites= 18 
0.2270 0.2204 0.2599 0.2928 
0.2303 0.2895 0.2763 0.2039 
0.2796 0.2336 0.2072 0.2796 
0.1711 0.6645 0.1151 0.0493 
0.9967 0.0000 0.0033 0.0000 
0.9868 0.0000 0.0132 0.0000 
0.4408 0.0658 0.4836 0.0099 
1.0000 0.0000 0.0000 0.0000 
0.0000 0.0000 0.0000 1.0000 
0.0000 0.0000 1.0000 0.0000 
0.0000 0.0000 1.0000 0.0000 
0.0362 0.9211 0.0000 0.0428 
0.1217 0.1776 0.4178 0.2829 
0.0822 0.0625 0.7961 0.0592 
0.1151 0.7862 0.0197 0.0789 
0.2434 0.2401 0.2105 0.3059 
0.2171 0.2500 0.3059 0.2270 
0.2500 0.2237 0.2632 0.2632 

MOTIF filter20 
letter-probability matrix: alength= 4 w= 15 nsites= 15 
0.2806 0.2401 0.2199 0.2594 
0.2768 0.2488 0.2343 0.2401 
0.1514 0.2160 0.1524 0.4802 
0.0000 0.0019 0.0000 0.9981 
0.0000 0.0000 0.0135 0.9865 
0.0945 0.9055 0.0000 0.0000 
0.0203 0.7522 0.0000 0.2276 
0.2584 0.2228 0.2459 0.2729 
0.2266 0.0000 0.7531 0.0203 
0.0000 0.0058 0.8920 0.1022 
0.9904 0.0087 0.0010 0.0000 
1.0000 0.0000 0.0000 0.0000 
0.4966 0.1408 0.2112 0.1514 
0.2488 0.2690 0.2440 0.2382 
0.2633 0.2334 0.2575 0.2459 

MOTIF filter21 
letter-probability matrix: alength= 4 w= 10 nsites= 10 
0.2224 0.3103 0.2925 0.1748 
0.0000 1.0000 0.0000 0.0000 
0.9869 0.0000 0.0131 0.0000 
0.0000 0.9822 0.0000 0.0178 
0.0155 0.0000 0.9845 0.0000 
0.0059 0.0000 0.0000 0.9941 
0.0000 0.0000 1.0000 0.0000 
0.1403 0.2735 0.3317 0.2545 
0.1807 0.2021 0.1498 0.4673 
0.2663 0.2604 0.2521 0.2212 

MOTIF filter22 
letter-probability matrix: alength= 4 w= 13 nsites= 13 
0.2332 0.2518 0.2532 0.2618 
0.2504 0.2446 0.2575 0.2475 
0.2361 0.2675 0.2260 0.2704 
0.5336 0.0887 0.3777 0.0000 
0.0000 0.0000 0.0000 1.0000 
0.0000 0.0000 0.0186 0.9814 
0.2775 0.0000 0.6524 0.0701 
0.0014 0.9299 0.0000 0.0687 
0.0601 0.0000 0.9399 0.0000 
0.0558 0.6838 0.0000 0.2604 
0.9871 0.0129 0.0000 0.0000 
1.0000 0.0000 0.0000 0.0000 
0.0100 0.3405 0.1273 0.5222 

MOTIF filter23 
letter-probability matrix: alength= 4 w= 14 nsites= 14 
0.2434 0.2515 0.2965 0.2086 
0.2638 0.2883 0.2393 0.2086 
0.2577 0.2495 0.2474 0.2454 
0.6217 0.0920 0.2556 0.0307 
0.1800 0.3783 0.3661 0.0757 
0.0000 1.0000 0.0000 0.0000 
1.0000 0.0000 0.0000 0.0000 
0.0000 1.0000 0.0000 0.0000 
0.0020 0.0000 0.9980 0.0000 
0.0000 0.0000 0.0000 1.0000 
0.0000 0.0000 1.0000 0.0000 
0.0491 0.3926 0.3231 0.2352 
0.0777 0.2474 0.1186 0.5562 
0.2147 0.2679 0.2556 0.2618 

MOTIF filter24 
letter-probability matrix: alength= 4 w= 15 nsites= 15 
0.2815 0.3003 0.2011 0.2172 
0.2601 0.2547 0.2466 0.2386 
0.2386 0.2306 0.2601 0.2708 
0.0107 0.8177 0.0697 0.1019 
0.0000 0.1850 0.0000 0.8150 
0.0000 0.1957 0.7802 0.0241 
1.0000 0.0000 0.0000 0.0000 
0.0000 0.0000 0.0000 1.0000 
0.0000 0.0000 0.0000 1.0000 
0.0000 0.0000 1.0000 0.0000 
0.0000 0.0000 1.0000 0.0000 
0.0509 0.3914 0.0107 0.5469 
0.0027 0.4155 0.1394 0.4424 
0.2064 0.4102 0.3110 0.0724 
0.4745 0.1501 0.3029 0.0724 

MOTIF filter25 
letter-probability matrix: alength= 4 w= 18 nsites= 18 
0.0327 0.0945 0.6497 0.2230 
0.4073 0.4036 0.0655 0.1236 
0.0000 0.9988 0.0000 0.0012 
0.0000 0.9964 0.0012 0.0024 
0.8400 0.0012 0.0061 0.1527 
0.0133 0.0000 0.0000 0.9867 
1.0000 0.0000 0.0000 0.0000 
0.0000 0.0000 0.0012 0.9988 
0.9879 0.0000 0.0000 0.0121 
0.1467 0.0012 0.0000 0.8521 
0.0012 0.0012 0.9976 0.0000 
0.0000 0.0000 1.0000 0.0000 
0.1055 0.0642 0.4000 0.4303 
0.2194 0.6606 0.0921 0.0279 
0.7370 0.0315 0.0618 0.1697 
0.2412 0.2800 0.2388 0.2400 
0.2194 0.2630 0.2618 0.2558 
0.2424 0.2376 0.2715 0.2485 

MOTIF filter26 
letter-probability matrix: alength= 4 w= 13 nsites= 13 
0.1528 0.2022 0.1661 0.4789 
0.0000 0.0000 0.0000 1.0000 
0.0000 0.0000 0.0048 0.9952 
0.0590 0.9398 0.0000 0.0012 
0.0108 0.7774 0.0000 0.2118 
0.2623 0.2142 0.2515 0.2720 
0.1974 0.0000 0.8002 0.0024 
0.0000 0.0000 0.9675 0.0325 
0.9988 0.0012 0.0000 0.0000 
1.0000 0.0000 0.0000 0.0000 
0.5307 0.1203 0.1974 0.1516 
0.2214 0.2732 0.2479 0.2575 
0.2539 0.2286 0.2647 0.2527 

MOTIF filter27 
letter-probability matrix: alength= 4 w= 18 nsites= 18 
0.2401 0.2766 0.2280 0.2553 
0.2796 0.2219 0.2584 0.2401 
0.2401 0.2827 0.2310 0.2462 
0.5228 0.0122 0.1398 0.3252 
0.6444 0.0122 0.0395 0.3040 
0.4529 0.0000 0.0274 0.5198 
0.2979 0.1550 0.1550 0.3921 
0.0061 0.0000 0.0000 0.9939 
0.0000 0.0000 1.0000 0.0000 
0.0182 0.9818 0.0000 0.0000 
0.0000 0.0000 0.0000 1.0000 
0.0000 0.0000 0.9939 0.0061 
1.0000 0.0000 0.0000 0.0000 
0.0243 0.5046 0.3222 0.1489 
0.2006 0.1277 0.0395 0.6322 
0.2006 0.3617 0.1246 0.3131 
0.5228 0.0486 0.1976 0.2310 
0.1672 0.0486 0.5319 0.2523 

MOTIF filter28 
letter-probability matrix: alength= 4 w= 15 nsites= 15 
0.2692 0.2577 0.2038 0.2692 
0.2500 0.2346 0.3154 0.2000 
0.2154 0.2038 0.2808 0.3000 
0.0000 0.9269 0.0731 0.0000 
0.0423 0.9577 0.0000 0.0000 
0.0000 0.0000 1.0000 0.0000 
0.0000 0.0000 1.0000 0.0000 
1.0000 0.0000 0.0000 0.0000 
1.0000 0.0000 0.0000 0.0000 
0.0308 0.0000 0.9692 0.0000 
0.0038 0.3115 0.0038 0.6808 
0.1654 0.0731 0.7385 0.0231 
0.2731 0.2615 0.4577 0.0077 
0.2269 0.4231 0.2000 0.1500 
0.2000 0.2769 0.2500 0.2731 

MOTIF filter29 
letter-probability matrix: alength= 4 w= 10 nsites= 10 
0.2657 0.2576 0.2319 0.2448 
1.0000 0.0000 0.0000 0.0000 
0.0000 0.0000 0.0000 1.0000 
0.0000 0.4161 0.0000 0.5839 
1.0000 0.0000 0.0000 0.0000 
1.0000 0.0000 0.0000 0.0000 
0.9417 0.0000 0.0000 0.0583 
0.2506 0.2308 0.2296 0.2890 
0.2459 0.2552 0.2308 0.2681 
0.2296 0.2716 0.2471 0.2517 

MOTIF filter30 
letter-probability matrix: alength= 4 w= 12 nsites= 12 
0.2348 0.2849 0.2074 0.2729 
0.2574 0.2443 0.2729 0.2253 
0.2706 0.2634 0.2372 0.2288 
0.0727 0.0000 0.0000 0.9273 
0.0000 0.0000 0.0000 1.0000 
0.0000 0.0000 0.0000 1.0000 
0.5959 0.0000 0.4041 0.0000 
1.0000 0.0000 0.0000 0.0000 
0.0000 0.0000 0.0000 1.0000 
0.2229 0.2682 0.2586 0.2503 
0.2503 0.2622 0.2503 0.2372 
0.2348 0.2265 0.2694 0.2694 

MOTIF filter31 
letter-probability matrix: alength= 4 w= 20 nsites= 20 
0.2058 0.2716 0.2757 0.2469 
0.0453 0.1152 0.7160 0.1235 
0.1893 0.6543 0.0041 0.1523 
0.1728 0.2099 0.3374 0.2798 
0.3539 0.1111 0.3539 0.1811 
0.0494 0.6255 0.1934 0.1317 
0.0206 0.6749 0.0041 0.3004 
0.1276 0.0823 0.6420 0.1481 
0.7901 0.1358 0.0535 0.0206 
0.3498 0.4815 0.1070 0.0617 
0.2305 0.4650 0.1852 0.1193 
0.0741 0.4815 0.3992 0.0453 
0.0000 0.0576 0.6790 0.2634 
0.5309 0.0000 0.0535 0.4156 
0.4280 0.0165 0.0864 0.4691 
0.3251 0.2346 0.2716 0.1687 
0.5309 0.0000 0.0041 0.4650 
0.0412 0.3663 0.1646 0.4280 
0.3951 0.0494 0.2058 0.3498 
0.8148 0.1852 0.0000 0.0000 

