MEME version 4

ALPHABET= ACGT

Background letter frequencies:
A 0.2500 C 0.2500 G 0.2500 T 0.2500 

MOTIF filter0 
letter-probability matrix: alength= 4 w= 20 nsites= 20 
0.2632 0.2884 0.2000 0.2484 
0.0926 0.6800 0.0168 0.2105 
0.1937 0.3495 0.2253 0.2316 
0.2147 0.0358 0.2611 0.4884 
0.3937 0.2274 0.2358 0.1432 
0.1853 0.0358 0.1853 0.5937 
0.2421 0.5516 0.0421 0.1642 
0.2716 0.1095 0.0000 0.6189 
0.7537 0.1684 0.0337 0.0442 
0.2653 0.2063 0.4821 0.0463 
0.2063 0.2968 0.0674 0.4295 
0.2084 0.4400 0.2274 0.1242 
0.6989 0.0253 0.1095 0.1663 
0.0021 0.1242 0.2042 0.6695 
0.1263 0.0084 0.1200 0.7453 
0.1137 0.3284 0.2779 0.2800 
0.8274 0.0842 0.0463 0.0421 
0.0000 0.3579 0.0147 0.6274 
0.4358 0.1179 0.0337 0.4126 
0.6400 0.1432 0.1516 0.0653 

MOTIF filter1 
letter-probability matrix: alength= 4 w= 10 nsites= 10 
0.2400 0.2310 0.2630 0.2660 
0.2320 0.1710 0.3890 0.2080 
0.4010 0.2330 0.3630 0.0030 
0.0000 0.0000 0.0000 1.0000 
0.0000 0.0000 1.0000 0.0000 
1.0000 0.0000 0.0000 0.0000 
0.0000 0.4960 0.5040 0.0000 
0.0000 0.0000 0.0000 1.0000 
0.0000 1.0000 0.0000 0.0000 
1.0000 0.0000 0.0000 0.0000 

MOTIF filter2 
letter-probability matrix: alength= 4 w= 17 nsites= 17 
0.2326 0.2471 0.2471 0.2733 
0.2238 0.3023 0.2645 0.2093 
0.2703 0.2587 0.2035 0.2674 
0.1424 0.6860 0.1192 0.0523 
1.0000 0.0000 0.0000 0.0000 
0.9855 0.0000 0.0145 0.0000 
0.4302 0.0756 0.4709 0.0233 
1.0000 0.0000 0.0000 0.0000 
0.0000 0.0000 0.0000 1.0000 
0.0000 0.0000 1.0000 0.0000 
0.0000 0.0000 1.0000 0.0000 
0.0523 0.8692 0.0000 0.0785 
0.1163 0.1948 0.4331 0.2558 
0.0756 0.0814 0.7791 0.0640 
0.1250 0.7733 0.0203 0.0814 
0.2703 0.2384 0.2035 0.2878 
0.2355 0.2384 0.2994 0.2267 

MOTIF filter3 
letter-probability matrix: alength= 4 w= 16 nsites= 16 
0.4949 0.2355 0.1160 0.1536 
0.0444 0.3242 0.1195 0.5119 
0.0444 0.3311 0.3754 0.2491 
0.4437 0.0853 0.4642 0.0068 
0.5836 0.0068 0.3652 0.0444 
0.0000 1.0000 0.0000 0.0000 
0.0000 1.0000 0.0000 0.0000 
1.0000 0.0000 0.0000 0.0000 
1.0000 0.0000 0.0000 0.0000 
0.0000 0.0000 0.0000 1.0000 
0.0068 0.7747 0.2184 0.0000 
0.8669 0.0000 0.1331 0.0000 
0.0546 0.0444 0.8942 0.0068 
0.1843 0.3208 0.2287 0.2662 
0.2901 0.2389 0.2662 0.2048 
0.2355 0.2799 0.2218 0.2628 

MOTIF filter4 
letter-probability matrix: alength= 4 w= 11 nsites= 11 
0.1800 0.2833 0.2300 0.3067 
0.2067 0.3067 0.1900 0.2967 
0.1400 0.1933 0.4167 0.2500 
0.0000 0.5467 0.2067 0.2467 
0.0300 0.7333 0.1800 0.0567 
0.8133 0.0000 0.1867 0.0000 
0.0000 0.9933 0.0000 0.0067 
0.0000 0.0000 0.0000 1.0000 
0.0000 0.0000 0.0000 1.0000 
0.0000 1.0000 0.0000 0.0000 
0.0000 1.0000 0.0000 0.0000 

MOTIF filter5 
letter-probability matrix: alength= 4 w= 15 nsites= 15 
0.2703 0.2462 0.2222 0.2613 
0.2523 0.2733 0.2613 0.2132 
0.2462 0.2492 0.2432 0.2613 
0.1111 0.0150 0.6997 0.1742 
0.0871 0.7117 0.1141 0.0871 
0.2883 0.3363 0.2673 0.1081 
0.0450 0.0000 0.8649 0.0901 
0.0000 1.0000 0.0000 0.0000 
0.0000 1.0000 0.0000 0.0000 
1.0000 0.0000 0.0000 0.0000 
0.0000 0.0000 0.0000 1.0000 
0.0090 0.4625 0.1411 0.3874 
0.0000 0.0150 0.0000 0.9850 
0.0000 0.0060 0.0000 0.9940 
0.0721 0.0871 0.7147 0.1261 

MOTIF filter6 
letter-probability matrix: alength= 4 w= 17 nsites= 17 
0.2453 0.2372 0.2695 0.2480 
0.2399 0.2722 0.2345 0.2534 
0.5067 0.0323 0.1509 0.3100 
0.6334 0.0296 0.0404 0.2965 
0.4690 0.0027 0.0350 0.4933 
0.2857 0.1671 0.1509 0.3962 
0.0108 0.0000 0.0000 0.9892 
0.0000 0.0000 1.0000 0.0000 
0.0458 0.9542 0.0000 0.0000 
0.0000 0.0000 0.0000 1.0000 
0.0000 0.0000 0.9811 0.0189 
1.0000 0.0000 0.0000 0.0000 
0.0270 0.4906 0.3396 0.1429 
0.1995 0.1186 0.0458 0.6361 
0.1779 0.4016 0.1051 0.3154 
0.5013 0.0431 0.2049 0.2507 
0.1644 0.0539 0.4987 0.2830 

MOTIF filter7 
letter-probability matrix: alength= 4 w= 16 nsites= 16 
0.2522 0.2539 0.2245 0.2694 
0.2401 0.2625 0.2332 0.2642 
0.2366 0.2193 0.1658 0.3782 
0.0259 0.1278 0.0864 0.7599 
0.0000 0.0000 0.0000 1.0000 
0.0000 0.3126 0.0121 0.6753 
0.0415 0.9585 0.0000 0.0000 
0.0294 0.5924 0.0000 0.3782 
0.4059 0.0000 0.4853 0.1088 
0.0000 0.0000 1.0000 0.0000 
0.3333 0.0035 0.6563 0.0069 
1.0000 0.0000 0.0000 0.0000 
0.9948 0.0000 0.0052 0.0000 
0.5078 0.1140 0.1952 0.1831 
0.2487 0.2884 0.2124 0.2504 
0.2435 0.2556 0.2919 0.2090 

MOTIF filter8 
letter-probability matrix: alength= 4 w= 20 nsites= 20 
0.3049 0.2276 0.1911 0.2764 
0.3374 0.2236 0.2480 0.1911 
0.2520 0.3049 0.1789 0.2642 
0.2480 0.6504 0.0203 0.0813 
0.2439 0.1667 0.0285 0.5610 
0.2805 0.1301 0.3374 0.2520 
0.6829 0.0163 0.0691 0.2317 
0.1585 0.2886 0.5325 0.0203 
0.0000 0.0000 0.0000 1.0000 
0.0041 0.9959 0.0000 0.0000 
1.0000 0.0000 0.0000 0.0000 
0.0000 0.0000 0.9797 0.0203 
0.0000 1.0000 0.0000 0.0000 
0.9959 0.0000 0.0000 0.0041 
0.4309 0.1789 0.1220 0.2683 
0.3618 0.0447 0.0041 0.5894 
0.3821 0.0772 0.0000 0.5407 
0.3415 0.0894 0.0325 0.5366 
0.2642 0.2114 0.2927 0.2317 
0.2764 0.2520 0.2195 0.2520 

MOTIF filter9 
letter-probability matrix: alength= 4 w= 12 nsites= 12 
0.2739 0.2429 0.2145 0.2686 
0.2668 0.2456 0.2482 0.2394 
0.1693 0.2243 0.1569 0.4495 
0.0000 0.0044 0.0000 0.9956 
0.0000 0.0000 0.0000 1.0000 
0.1303 0.8697 0.0000 0.0000 
0.0248 0.7225 0.0000 0.2527 
0.2473 0.2314 0.2473 0.2739 
0.2580 0.0000 0.7154 0.0266 
0.0000 0.0000 0.8856 0.1144 
0.9610 0.0390 0.0000 0.0000 
0.9991 0.0000 0.0009 0.0000 

MOTIF filter10 
letter-probability matrix: alength= 4 w= 19 nsites= 19 
0.2134 0.2806 0.2411 0.2648 
0.2727 0.2253 0.2569 0.2451 
0.2530 0.2925 0.2332 0.2213 
0.5257 0.0000 0.1146 0.3597 
0.7075 0.0000 0.0356 0.2569 
0.4269 0.0000 0.0119 0.5613 
0.2964 0.1423 0.1304 0.4308 
0.0000 0.0000 0.0000 1.0000 
0.0000 0.0000 1.0000 0.0000 
0.0119 0.9881 0.0000 0.0000 
0.0000 0.0000 0.0000 1.0000 
0.0000 0.0000 1.0000 0.0000 
1.0000 0.0000 0.0000 0.0000 
0.0277 0.5138 0.3043 0.1542 
0.1897 0.1067 0.0356 0.6680 
0.1976 0.3953 0.1028 0.3043 
0.5534 0.0435 0.1621 0.2411 
0.1225 0.0277 0.6047 0.2451 
0.2806 0.2688 0.2372 0.2134 

MOTIF filter11 
letter-probability matrix: alength= 4 w= 16 nsites= 16 
0.2604 0.2615 0.2469 0.2312 
0.2379 0.2694 0.2570 0.2357 
0.1156 0.0629 0.3446 0.4770 
0.0292 0.8743 0.0000 0.0965 
0.0000 0.0000 0.0000 1.0000 
1.0000 0.0000 0.0000 0.0000 
0.2649 0.0000 0.0034 0.7318 
0.4523 0.0011 0.0000 0.5466 
0.5455 0.0000 0.0011 0.4534 
0.6970 0.0011 0.0000 0.3019 
0.0000 0.0011 0.0000 0.9989 
0.9966 0.0000 0.0034 0.0000 
0.0932 0.0000 0.8709 0.0359 
0.4635 0.3580 0.0539 0.1246 
0.2828 0.2267 0.2548 0.2357 
0.2480 0.2828 0.2346 0.2346 

MOTIF filter12 
letter-probability matrix: alength= 4 w= 12 nsites= 12 
0.2559 0.2653 0.2406 0.2383 
0.2782 0.2359 0.2230 0.2629 
0.2676 0.2523 0.2312 0.2488 
1.0000 0.0000 0.0000 0.0000 
0.0000 0.0000 0.0000 1.0000 
0.0000 0.4378 0.0000 0.5622 
1.0000 0.0000 0.0000 0.0000 
1.0000 0.0000 0.0000 0.0000 
0.9683 0.0000 0.0000 0.0317 
0.2617 0.2254 0.2207 0.2923 
0.2418 0.2465 0.2418 0.2700 
0.2254 0.2723 0.2547 0.2477 

MOTIF filter13 
letter-probability matrix: alength= 4 w= 18 nsites= 18 
0.2214 0.2450 0.2637 0.2699 
0.2090 0.2786 0.2761 0.2363 
0.2923 0.2413 0.2201 0.2463 
0.1517 0.0697 0.0398 0.7388 
0.0299 0.0821 0.6716 0.2164 
0.4179 0.3993 0.0659 0.1169 
0.0000 0.9988 0.0000 0.0012 
0.0000 0.9950 0.0000 0.0050 
0.8371 0.0000 0.0062 0.1567 
0.0174 0.0000 0.0000 0.9826 
0.9988 0.0012 0.0000 0.0000 
0.0000 0.0000 0.0012 0.9988 
0.9925 0.0000 0.0000 0.0075 
0.1430 0.0025 0.0000 0.8545 
0.0012 0.0062 0.9925 0.0000 
0.0000 0.0000 1.0000 0.0000 
0.0983 0.0560 0.4030 0.4428 
0.2177 0.6667 0.0896 0.0261 

MOTIF filter14 
letter-probability matrix: alength= 4 w= 15 nsites= 15 
0.2776 0.2716 0.2328 0.2179 
0.2627 0.2239 0.2507 0.2627 
0.0030 0.8209 0.0896 0.0866 
0.0000 0.1463 0.0000 0.8537 
0.0000 0.2507 0.7164 0.0328 
1.0000 0.0000 0.0000 0.0000 
0.0000 0.0000 0.0000 1.0000 
0.0000 0.0000 0.0000 1.0000 
0.0000 0.0000 1.0000 0.0000 
0.0000 0.0000 1.0000 0.0000 
0.0388 0.4090 0.0000 0.5522 
0.0000 0.4418 0.1313 0.4269 
0.1881 0.4507 0.2955 0.0657 
0.4567 0.1463 0.3194 0.0776 
0.1642 0.1672 0.2627 0.4060 

MOTIF filter15 
letter-probability matrix: alength= 4 w= 15 nsites= 15 
0.2500 0.2361 0.2333 0.2806 
0.2472 0.2139 0.2861 0.2528 
0.2278 0.2667 0.2500 0.2556 
0.0028 0.8611 0.1361 0.0000 
0.0306 0.9694 0.0000 0.0000 
0.0000 0.0000 1.0000 0.0000 
0.0000 0.0000 1.0000 0.0000 
1.0000 0.0000 0.0000 0.0000 
1.0000 0.0000 0.0000 0.0000 
0.0417 0.0083 0.9500 0.0000 
0.0306 0.3000 0.0083 0.6611 
0.1778 0.1000 0.6694 0.0528 
0.2778 0.2389 0.4556 0.0278 
0.2250 0.3583 0.2611 0.1556 
0.2111 0.2917 0.2583 0.2389 

MOTIF filter16 
letter-probability matrix: alength= 4 w= 13 nsites= 13 
0.2399 0.2683 0.2604 0.2314 
0.2604 0.2531 0.2413 0.2452 
0.4680 0.1483 0.3474 0.0363 
0.0033 0.0053 0.0059 0.9855 
0.0026 0.0013 0.0982 0.8978 
0.3177 0.0046 0.5695 0.1081 
0.0323 0.8108 0.0191 0.1378 
0.1358 0.0244 0.8161 0.0237 
0.1173 0.6183 0.0020 0.2624 
0.9018 0.0890 0.0026 0.0066 
0.9881 0.0046 0.0046 0.0026 
0.0290 0.3421 0.1549 0.4740 
0.2604 0.2610 0.2630 0.2156 

MOTIF filter17 
letter-probability matrix: alength= 4 w= 16 nsites= 16 
0.2272 0.2463 0.2621 0.2643 
0.2081 0.2801 0.2767 0.2351 
0.2891 0.2418 0.2250 0.2441 
0.1665 0.0709 0.0472 0.7154 
0.0337 0.0922 0.6502 0.2238 
0.4139 0.3858 0.0754 0.1249 
0.0000 0.9955 0.0034 0.0011 
0.0000 0.9910 0.0034 0.0056 
0.8324 0.0022 0.0079 0.1575 
0.0236 0.0000 0.0011 0.9753 
0.9955 0.0022 0.0022 0.0000 
0.0000 0.0000 0.0011 0.9989 
0.9786 0.0011 0.0000 0.0202 
0.1552 0.0067 0.0034 0.8346 
0.0034 0.0112 0.9854 0.0000 
0.0000 0.0034 0.9933 0.0034 

MOTIF filter18 
letter-probability matrix: alength= 4 w= 17 nsites= 17 
0.2331 0.2929 0.2254 0.2486 
0.2505 0.2736 0.2274 0.2486 
0.1098 0.0578 0.3565 0.4759 
0.0405 0.9383 0.0000 0.0212 
0.0000 0.0000 0.0000 1.0000 
1.0000 0.0000 0.0000 0.0000 
0.4239 0.0000 0.0000 0.5761 
0.6840 0.0000 0.0000 0.3160 
0.8054 0.0000 0.0000 0.1946 
0.9480 0.0000 0.0000 0.0520 
0.0000 0.0000 0.0000 1.0000 
1.0000 0.0000 0.0000 0.0000 
0.0906 0.0000 0.9094 0.0000 
0.5376 0.3584 0.0250 0.0790 
0.2755 0.2081 0.2543 0.2620 
0.2601 0.2524 0.2620 0.2254 
0.2428 0.2775 0.2447 0.2351 

MOTIF filter19 
letter-probability matrix: alength= 4 w= 19 nsites= 19 
0.2782 0.2266 0.2469 0.2483 
0.0054 0.2673 0.0326 0.6947 
0.1967 0.3175 0.2062 0.2795 
0.0475 0.0258 0.6052 0.3216 
0.1845 0.3528 0.0109 0.4518 
0.0014 0.2741 0.7069 0.0176 
0.1655 0.0000 0.3189 0.5156 
0.1696 0.0231 0.8033 0.0041 
0.1479 0.3460 0.4803 0.0258 
0.4586 0.0000 0.1764 0.3650 
0.2958 0.4003 0.1370 0.1669 
0.0760 0.3853 0.3786 0.1601 
0.0353 0.6757 0.1967 0.0923 
0.2415 0.3772 0.0285 0.3528 
0.2592 0.3460 0.3189 0.0760 
0.0597 0.0271 0.5889 0.3243 
0.3501 0.2062 0.0000 0.4437 
0.2320 0.1886 0.2361 0.3433 
0.5984 0.0366 0.1832 0.1818 

MOTIF filter20 
letter-probability matrix: alength= 4 w= 15 nsites= 15 
0.2639 0.3194 0.1910 0.2257 
0.2396 0.3090 0.2257 0.2257 
0.2222 0.2361 0.2639 0.2778 
0.0069 0.8715 0.0590 0.0625 
0.0000 0.1944 0.0000 0.8056 
0.0000 0.1979 0.8021 0.0000 
1.0000 0.0000 0.0000 0.0000 
0.0000 0.0000 0.0000 1.0000 
0.0000 0.0000 0.0000 1.0000 
0.0000 0.0000 1.0000 0.0000 
0.0000 0.0000 1.0000 0.0000 
0.0312 0.4097 0.0174 0.5417 
0.0208 0.4410 0.1424 0.3958 
0.1632 0.4410 0.3438 0.0521 
0.5382 0.1146 0.3160 0.0312 

MOTIF filter21 
letter-probability matrix: alength= 4 w= 14 nsites= 14 
0.1624 0.1994 0.3590 0.2792 
0.0313 0.4758 0.2308 0.2621 
0.0912 0.6097 0.1282 0.1709 
0.6809 0.0142 0.2821 0.0228 
0.0000 0.9544 0.0028 0.0427 
0.0000 0.0000 0.0000 1.0000 
0.0000 0.0000 0.0000 1.0000 
0.0000 1.0000 0.0000 0.0000 
0.0000 1.0000 0.0000 0.0000 
0.0000 0.0000 1.0000 0.0000 
0.0000 0.1225 0.8775 0.0000 
0.2821 0.1966 0.2450 0.2764 
0.2764 0.2251 0.2479 0.2507 
0.2678 0.2165 0.2365 0.2792 

MOTIF filter22 
letter-probability matrix: alength= 4 w= 16 nsites= 16 
0.4545 0.1761 0.1761 0.1932 
0.0739 0.3864 0.0994 0.4403 
0.0540 0.3438 0.3665 0.2358 
0.4545 0.1335 0.4119 0.0000 
0.5938 0.0028 0.3665 0.0369 
0.0000 1.0000 0.0000 0.0000 
0.0000 1.0000 0.0000 0.0000 
1.0000 0.0000 0.0000 0.0000 
1.0000 0.0000 0.0000 0.0000 
0.0000 0.0000 0.0000 1.0000 
0.0199 0.8125 0.1648 0.0028 
0.7983 0.0028 0.1989 0.0000 
0.0653 0.0597 0.8722 0.0028 
0.2386 0.2216 0.2557 0.2841 
0.2557 0.1790 0.2756 0.2898 
0.2301 0.2812 0.1903 0.2983 

MOTIF filter23 
letter-probability matrix: alength= 4 w= 14 nsites= 14 
0.1126 0.2161 0.4161 0.2552 
0.0000 0.7885 0.0230 0.1885 
0.0000 0.8299 0.0000 0.1701 
0.0000 1.0000 0.0000 0.0000 
0.0000 1.0000 0.0000 0.0000 
0.1034 0.0000 0.6023 0.2943 
0.0000 1.0000 0.0000 0.0000 
0.0000 1.0000 0.0000 0.0000 
0.0000 0.8046 0.0000 0.1954 
0.0759 0.8046 0.0000 0.1195 
0.0460 0.6207 0.0483 0.2851 
0.2552 0.2437 0.2552 0.2460 
0.2805 0.2391 0.2529 0.2276 
0.2322 0.2966 0.2483 0.2230 

MOTIF filter24 
letter-probability matrix: alength= 4 w= 12 nsites= 12 
0.2320 0.2610 0.2590 0.2480 
0.3910 0.2110 0.2530 0.1450 
0.2240 0.3050 0.3160 0.1550 
0.0000 1.0000 0.0000 0.0000 
1.0000 0.0000 0.0000 0.0000 
0.0000 1.0000 0.0000 0.0000 
0.0020 0.0000 0.9980 0.0000 
0.0000 0.0000 0.0000 1.0000 
0.0000 0.0000 1.0000 0.0000 
0.1610 0.2900 0.3190 0.2300 
0.1660 0.2390 0.1760 0.4190 
0.2330 0.2550 0.2500 0.2620 

MOTIF filter25 
letter-probability matrix: alength= 4 w= 15 nsites= 15 
0.5447 0.1124 0.1499 0.1931 
0.1671 0.3256 0.4582 0.0490 
0.0000 0.0000 0.0000 1.0000 
0.0115 0.9885 0.0000 0.0000 
1.0000 0.0000 0.0000 0.0000 
0.0000 0.0000 0.9654 0.0346 
0.0000 1.0000 0.0000 0.0000 
1.0000 0.0000 0.0000 0.0000 
0.4524 0.1527 0.1412 0.2536 
0.4611 0.0288 0.0000 0.5101 
0.4207 0.0288 0.0000 0.5504 
0.2968 0.1124 0.0000 0.5908 
0.2767 0.2421 0.2219 0.2594 
0.2738 0.2911 0.2046 0.2305 
0.2075 0.3026 0.2680 0.2219 

MOTIF filter26 
letter-probability matrix: alength= 4 w= 13 nsites= 13 
0.2536 0.2436 0.2525 0.2503 
0.2315 0.1661 0.3898 0.2126 
0.4109 0.2093 0.3754 0.0044 
0.0000 0.0000 0.0000 1.0000 
0.0000 0.0000 1.0000 0.0000 
1.0000 0.0000 0.0000 0.0000 
0.0000 0.4917 0.5083 0.0000 
0.0000 0.0000 0.0000 1.0000 
0.0000 1.0000 0.0000 0.0000 
1.0000 0.0000 0.0000 0.0000 
0.0000 0.3610 0.2115 0.4275 
0.2137 0.3677 0.1739 0.2447 
0.2514 0.2115 0.2879 0.2492 

MOTIF filter27 
letter-probability matrix: alength= 4 w= 15 nsites= 15 
0.2457 0.2429 0.2429 0.2686 
0.2400 0.2286 0.2629 0.2686 
0.2229 0.2286 0.3029 0.2457 
0.2543 0.0486 0.6371 0.0600 
0.1171 0.0000 0.8200 0.0629 
0.1686 0.0000 0.8314 0.0000 
0.0000 0.0000 1.0000 0.0000 
0.0000 0.0000 1.0000 0.0000 
0.2943 0.5714 0.0000 0.1343 
0.0000 0.0000 1.0000 0.0000 
0.0000 0.0000 1.0000 0.0000 
0.1571 0.0000 0.8429 0.0000 
0.1857 0.0143 0.8000 0.0000 
0.1686 0.5800 0.1800 0.0714 
0.2657 0.1971 0.2943 0.2429 

MOTIF filter28 
letter-probability matrix: alength= 4 w= 20 nsites= 20 
0.0000 1.0000 0.0000 0.0000 
0.0000 0.0000 1.0000 0.0000 
0.0000 0.0000 0.0000 1.0000 
0.0000 1.0000 0.0000 0.0000 
1.0000 0.0000 0.0000 0.0000 
0.0000 0.0000 0.0000 1.0000 
1.0000 0.0000 0.0000 0.0000 
0.0000 0.0000 0.0000 1.0000 
0.0000 0.0000 1.0000 0.0000 
1.0000 0.0000 0.0000 0.0000 
0.0000 0.0000 1.0000 0.0000 
0.0000 0.0000 0.0000 1.0000 
1.0000 0.0000 0.0000 0.0000 
0.0000 0.0000 1.0000 0.0000 
0.0000 0.0000 1.0000 0.0000 
1.0000 0.0000 0.0000 0.0000 
0.0000 0.0000 0.0000 1.0000 
0.0000 0.0000 0.0000 1.0000 
1.0000 0.0000 0.0000 0.0000 
1.0000 0.0000 0.0000 0.0000 

MOTIF filter29 
letter-probability matrix: alength= 4 w= 16 nsites= 16 
0.2379 0.2633 0.2517 0.2471 
0.2148 0.3118 0.2171 0.2564 
0.0462 0.0185 0.3718 0.5635 
0.0000 0.9238 0.0000 0.0762 
0.0000 0.0000 0.0000 1.0000 
1.0000 0.0000 0.0000 0.0000 
0.0254 0.0000 0.0000 0.9746 
0.1663 0.0000 0.0000 0.8337 
0.2633 0.0000 0.0000 0.7367 
0.5289 0.0000 0.0000 0.4711 
0.0000 0.0000 0.0000 1.0000 
0.9977 0.0000 0.0023 0.0000 
0.0115 0.0000 0.9654 0.0231 
0.4296 0.4042 0.0346 0.1316 
0.3048 0.2333 0.3118 0.1501 
0.2656 0.2448 0.2194 0.2702 

MOTIF filter30 
letter-probability matrix: alength= 4 w= 10 nsites= 10 
0.2436 0.2287 0.2432 0.2845 
0.2379 0.2141 0.3420 0.2059 
0.3685 0.2743 0.3149 0.0423 
0.0284 0.0278 0.0393 0.9045 
0.0264 0.0231 0.8764 0.0740 
0.9075 0.0271 0.0383 0.0271 
0.0380 0.4557 0.4752 0.0311 
0.0274 0.0324 0.0354 0.9048 
0.0711 0.8883 0.0340 0.0066 
0.8969 0.0347 0.0314 0.0370 

MOTIF filter31 
letter-probability matrix: alength= 4 w= 10 nsites= 10 
0.2329 0.2591 0.2227 0.2854 
0.2362 0.2913 0.2472 0.2252 
0.2633 0.2345 0.2295 0.2727 
0.4056 0.0000 0.0000 0.5944 
0.0000 0.0000 0.0000 1.0000 
0.0000 0.0000 0.0000 1.0000 
0.7341 0.0000 0.2659 0.0000 
1.0000 0.0000 0.0000 0.0000 
0.0000 0.0000 0.0000 1.0000 
0.2591 0.2515 0.2481 0.2413 

