MEME version 4

ALPHABET= ACGT

Background letter frequencies:
A 0.2500 C 0.2500 G 0.2500 T 0.2500 

MOTIF filter0 
letter-probability matrix: alength= 4 w= 12 nsites= 12 
0.2407 0.2758 0.2428 0.2407 
0.2364 0.2737 0.2545 0.2354 
0.1108 0.0628 0.3408 0.4856 
0.0319 0.8424 0.0000 0.1257 
0.0011 0.0064 0.0000 0.9925 
1.0000 0.0000 0.0000 0.0000 
0.2801 0.0000 0.0000 0.7199 
0.4590 0.0000 0.0011 0.5399 
0.5442 0.0000 0.0021 0.4537 
0.6944 0.0011 0.0000 0.3046 
0.0000 0.0000 0.0000 1.0000 
1.0000 0.0000 0.0000 0.0000 

MOTIF filter1 
letter-probability matrix: alength= 4 w= 15 nsites= 15 
0.1152 0.0695 0.3528 0.4625 
0.0091 0.9689 0.0000 0.0219 
0.0000 0.0000 0.0000 1.0000 
1.0000 0.0000 0.0000 0.0000 
0.2870 0.0000 0.0000 0.7130 
0.5192 0.0000 0.0000 0.4808 
0.6344 0.0000 0.0000 0.3656 
0.7715 0.0000 0.0000 0.2285 
0.0000 0.0000 0.0000 1.0000 
1.0000 0.0000 0.0000 0.0000 
0.0366 0.0000 0.9634 0.0000 
0.5759 0.3876 0.0000 0.0366 
0.3126 0.2285 0.2523 0.2066 
0.2450 0.2303 0.2578 0.2669 
0.2559 0.2413 0.2797 0.2230 

MOTIF filter2 
letter-probability matrix: alength= 4 w= 14 nsites= 14 
0.2322 0.2604 0.2411 0.2663 
0.2441 0.2500 0.2589 0.2470 
0.2115 0.2515 0.2604 0.2766 
0.5133 0.1213 0.3624 0.0030 
0.0000 0.0000 0.0000 1.0000 
0.0000 0.0000 0.0148 0.9852 
0.2959 0.0000 0.6405 0.0636 
0.0000 0.9601 0.0000 0.0399 
0.0651 0.0000 0.9334 0.0015 
0.0562 0.7041 0.0000 0.2396 
0.9911 0.0089 0.0000 0.0000 
1.0000 0.0000 0.0000 0.0000 
0.0074 0.3787 0.1124 0.5015 
0.2855 0.2500 0.2500 0.2145 

MOTIF filter3 
letter-probability matrix: alength= 4 w= 14 nsites= 14 
0.2378 0.2706 0.2547 0.2369 
0.2635 0.2644 0.2369 0.2351 
0.4996 0.1251 0.3496 0.0257 
0.0000 0.0000 0.0000 1.0000 
0.0000 0.0000 0.0586 0.9414 
0.3017 0.0009 0.6060 0.0914 
0.0151 0.8634 0.0133 0.1083 
0.0976 0.0222 0.8651 0.0151 
0.0976 0.6353 0.0000 0.2671 
0.9255 0.0745 0.0000 0.0000 
1.0000 0.0000 0.0000 0.0000 
0.0142 0.3354 0.1579 0.4925 
0.2618 0.2529 0.2795 0.2059 
0.2476 0.2147 0.2618 0.2760 

MOTIF filter4 
letter-probability matrix: alength= 4 w= 19 nsites= 19 
0.3200 0.1960 0.2320 0.2520 
0.3280 0.2600 0.2200 0.1920 
0.2360 0.3120 0.1920 0.2600 
0.2680 0.6120 0.0160 0.1040 
0.2120 0.1720 0.0280 0.5880 
0.2920 0.1200 0.3400 0.2480 
0.6200 0.0320 0.1160 0.2320 
0.1360 0.2760 0.5640 0.0240 
0.0000 0.0000 0.0000 1.0000 
0.0040 0.9960 0.0000 0.0000 
1.0000 0.0000 0.0000 0.0000 
0.0000 0.0000 0.9880 0.0120 
0.0000 1.0000 0.0000 0.0000 
0.9920 0.0000 0.0000 0.0080 
0.4320 0.1720 0.1320 0.2640 
0.3880 0.0320 0.0000 0.5800 
0.3680 0.0680 0.0080 0.5560 
0.3200 0.0880 0.0120 0.5800 
0.2720 0.2400 0.2720 0.2160 

MOTIF filter5 
letter-probability matrix: alength= 4 w= 17 nsites= 17 
0.2621 0.2006 0.2686 0.2686 
0.2136 0.2848 0.2524 0.2492 
0.5113 0.0259 0.1165 0.3463 
0.6440 0.0097 0.0388 0.3074 
0.4725 0.0000 0.0388 0.4887 
0.2977 0.1359 0.1715 0.3948 
0.0097 0.0000 0.0000 0.9903 
0.0000 0.0000 1.0000 0.0000 
0.0097 0.9903 0.0000 0.0000 
0.0000 0.0000 0.0000 1.0000 
0.0000 0.0000 0.9968 0.0032 
1.0000 0.0000 0.0000 0.0000 
0.0194 0.5146 0.3236 0.1424 
0.1715 0.1294 0.0388 0.6602 
0.1618 0.3948 0.1100 0.3333 
0.4984 0.0453 0.1845 0.2718 
0.1618 0.0550 0.5340 0.2492 

MOTIF filter6 
letter-probability matrix: alength= 4 w= 12 nsites= 12 
0.2384 0.2774 0.2287 0.2555 
0.2482 0.2603 0.2652 0.2263 
0.2579 0.2567 0.2397 0.2457 
0.0195 0.0000 0.0000 0.9805 
0.0000 0.0000 0.0000 1.0000 
0.0000 0.0000 0.0000 1.0000 
0.5523 0.0000 0.4477 0.0000 
1.0000 0.0000 0.0000 0.0000 
0.0000 0.0000 0.0000 1.0000 
0.2238 0.2640 0.2543 0.2579 
0.2616 0.2421 0.2543 0.2421 
0.2384 0.2409 0.2628 0.2579 

MOTIF filter7 
letter-probability matrix: alength= 4 w= 18 nsites= 18 
0.2749 0.2417 0.2236 0.2598 
0.2477 0.2719 0.2659 0.2145 
0.2477 0.2447 0.2447 0.2628 
0.1148 0.0181 0.6979 0.1692 
0.0846 0.7130 0.1178 0.0846 
0.2961 0.3414 0.2689 0.0937 
0.0483 0.0000 0.8671 0.0846 
0.0000 1.0000 0.0000 0.0000 
0.0000 1.0000 0.0000 0.0000 
1.0000 0.0000 0.0000 0.0000 
0.0000 0.0000 0.0000 1.0000 
0.0091 0.4532 0.1360 0.4018 
0.0000 0.0151 0.0000 0.9849 
0.0000 0.0091 0.0000 0.9909 
0.0725 0.0816 0.7190 0.1269 
0.2659 0.2356 0.2568 0.2417 
0.2115 0.2689 0.2538 0.2659 
0.2387 0.2870 0.2447 0.2296 

MOTIF filter8 
letter-probability matrix: alength= 4 w= 12 nsites= 12 
0.2500 0.2635 0.2185 0.2680 
0.3491 0.2140 0.1847 0.2523 
0.3041 0.2545 0.1982 0.2432 
1.0000 0.0000 0.0000 0.0000 
0.0000 0.0000 0.0000 1.0000 
0.0045 0.2410 0.0000 0.7545 
1.0000 0.0000 0.0000 0.0000 
1.0000 0.0000 0.0000 0.0000 
0.9752 0.0000 0.0248 0.0000 
0.2432 0.1869 0.2725 0.2973 
0.2523 0.2545 0.2297 0.2635 
0.1959 0.2815 0.2432 0.2793 

MOTIF filter9 
letter-probability matrix: alength= 4 w= 14 nsites= 14 
0.2500 0.2826 0.2370 0.2305 
0.2643 0.2513 0.2526 0.2318 
0.2695 0.1029 0.4141 0.2135 
0.4544 0.0794 0.4609 0.0052 
0.0000 0.0000 0.0000 1.0000 
0.0000 0.0000 1.0000 0.0000 
1.0000 0.0000 0.0000 0.0000 
0.0013 0.5117 0.4870 0.0000 
0.0000 0.0000 0.0000 1.0000 
0.0013 0.9987 0.0000 0.0000 
1.0000 0.0000 0.0000 0.0000 
0.0000 0.2695 0.2500 0.4805 
0.2279 0.3581 0.2266 0.1875 
0.2422 0.2057 0.2943 0.2578 

MOTIF filter10 
letter-probability matrix: alength= 4 w= 14 nsites= 14 
0.0982 0.4286 0.2232 0.2500 
0.1295 0.5625 0.1339 0.1741 
0.5312 0.1071 0.3170 0.0446 
0.0759 0.7723 0.0893 0.0625 
0.0804 0.0223 0.0804 0.8170 
0.0357 0.0268 0.0357 0.9018 
0.0000 1.0000 0.0000 0.0000 
0.0000 1.0000 0.0000 0.0000 
0.0000 0.0000 1.0000 0.0000 
0.0000 0.0446 0.9554 0.0000 
0.6607 0.0893 0.1250 0.1250 
0.7366 0.0625 0.1205 0.0804 
0.1607 0.1116 0.5804 0.1473 
0.1339 0.2679 0.1205 0.4777 

MOTIF filter11 
letter-probability matrix: alength= 4 w= 19 nsites= 19 
0.2222 0.2439 0.2708 0.2631 
0.2107 0.2861 0.2759 0.2273 
0.2886 0.2452 0.2261 0.2401 
0.1558 0.0651 0.0345 0.7446 
0.0268 0.0754 0.6820 0.2158 
0.4112 0.4049 0.0677 0.1162 
0.0000 1.0000 0.0000 0.0000 
0.0000 0.9923 0.0000 0.0077 
0.8327 0.0000 0.0064 0.1609 
0.0140 0.0000 0.0000 0.9860 
1.0000 0.0000 0.0000 0.0000 
0.0000 0.0000 0.0013 0.9987 
0.9885 0.0000 0.0000 0.0115 
0.1430 0.0026 0.0000 0.8544 
0.0013 0.0038 0.9949 0.0000 
0.0000 0.0013 0.9974 0.0013 
0.0971 0.0702 0.3959 0.4368 
0.2120 0.6794 0.0792 0.0294 
0.7586 0.0192 0.0536 0.1686 

MOTIF filter12 
letter-probability matrix: alength= 4 w= 12 nsites= 12 
0.2250 0.2555 0.2622 0.2574 
0.4032 0.2050 0.2488 0.1430 
0.2221 0.3098 0.3127 0.1554 
0.0000 1.0000 0.0000 0.0000 
1.0000 0.0000 0.0000 0.0000 
0.0000 0.9895 0.0000 0.0105 
0.0257 0.0000 0.9743 0.0000 
0.0000 0.0010 0.0000 0.9990 
0.0000 0.0000 1.0000 0.0000 
0.1621 0.2888 0.3184 0.2307 
0.1687 0.2412 0.1716 0.4185 
0.2307 0.2536 0.2612 0.2545 

MOTIF filter13 
letter-probability matrix: alength= 4 w= 14 nsites= 14 
0.2211 0.2351 0.2982 0.2456 
0.2526 0.0386 0.6491 0.0596 
0.0877 0.0000 0.8526 0.0596 
0.1333 0.0000 0.8667 0.0000 
0.0000 0.0000 1.0000 0.0000 
0.0000 0.0000 1.0000 0.0000 
0.2561 0.6070 0.0000 0.1368 
0.0000 0.0000 1.0000 0.0000 
0.0000 0.0000 1.0000 0.0000 
0.1474 0.0000 0.8526 0.0000 
0.1298 0.0456 0.8246 0.0000 
0.1719 0.6281 0.1298 0.0702 
0.2842 0.2281 0.2877 0.2000 
0.2000 0.3018 0.2386 0.2596 

MOTIF filter14 
letter-probability matrix: alength= 4 w= 12 nsites= 12 
0.2917 0.2083 0.2917 0.2083 
0.2147 0.3333 0.2532 0.1987 
0.0801 0.1827 0.4840 0.2532 
0.0000 0.9135 0.0224 0.0641 
0.0000 0.8494 0.0000 0.1506 
0.0000 1.0000 0.0000 0.0000 
0.0000 1.0000 0.0000 0.0000 
0.0641 0.0000 0.6603 0.2756 
0.0000 1.0000 0.0000 0.0000 
0.0000 1.0000 0.0000 0.0000 
0.0000 0.8462 0.0000 0.1538 
0.0994 0.8237 0.0000 0.0769 

MOTIF filter15 
letter-probability matrix: alength= 4 w= 14 nsites= 14 
0.2289 0.2488 0.2704 0.2519 
0.2581 0.2642 0.2458 0.2320 
0.2258 0.2934 0.2596 0.2212 
0.0768 0.0184 0.3763 0.5284 
0.0015 0.9063 0.0000 0.0922 
0.0000 0.0000 0.0000 1.0000 
1.0000 0.0000 0.0000 0.0000 
0.1966 0.0000 0.0000 0.8034 
0.4025 0.0000 0.0000 0.5975 
0.4885 0.0000 0.0000 0.5115 
0.6697 0.0000 0.0000 0.3303 
0.0000 0.0000 0.0000 1.0000 
1.0000 0.0000 0.0000 0.0000 
0.0108 0.0000 0.9846 0.0046 

MOTIF filter16 
letter-probability matrix: alength= 4 w= 16 nsites= 16 
0.4531 0.2031 0.1589 0.1849 
0.0781 0.3594 0.1120 0.4505 
0.0703 0.3229 0.3724 0.2344 
0.4271 0.1302 0.4427 0.0000 
0.5729 0.0078 0.3698 0.0495 
0.0000 1.0000 0.0000 0.0000 
0.0000 1.0000 0.0000 0.0000 
1.0000 0.0000 0.0000 0.0000 
1.0000 0.0000 0.0000 0.0000 
0.0000 0.0000 0.0000 1.0000 
0.0104 0.7839 0.2057 0.0000 
0.8385 0.0026 0.1589 0.0000 
0.0729 0.0703 0.8542 0.0026 
0.2266 0.2708 0.2292 0.2734 
0.2656 0.1927 0.2760 0.2656 
0.2396 0.2734 0.2266 0.2604 

MOTIF filter17 
letter-probability matrix: alength= 4 w= 13 nsites= 13 
0.2170 0.2572 0.1999 0.3259 
0.0245 0.0442 0.0197 0.9116 
0.0204 0.0253 0.0602 0.8941 
0.1721 0.7614 0.0216 0.0450 
0.0661 0.6184 0.0134 0.3021 
0.2508 0.2315 0.2579 0.2598 
0.2943 0.0063 0.6529 0.0465 
0.0234 0.0253 0.8030 0.1483 
0.8971 0.0687 0.0190 0.0152 
0.9220 0.0290 0.0353 0.0137 
0.3764 0.1821 0.2449 0.1966 
0.2356 0.2624 0.2460 0.2560 
0.2449 0.2352 0.2661 0.2538 

MOTIF filter18 
letter-probability matrix: alength= 4 w= 18 nsites= 18 
0.2279 0.2475 0.2541 0.2704 
0.2137 0.2770 0.2759 0.2334 
0.2901 0.2399 0.2268 0.2432 
0.1636 0.0752 0.0491 0.7121 
0.0338 0.0981 0.6510 0.2170 
0.4046 0.3893 0.0807 0.1254 
0.0022 0.9880 0.0076 0.0022 
0.0000 0.9858 0.0044 0.0098 
0.8212 0.0044 0.0098 0.1647 
0.0240 0.0000 0.0033 0.9727 
0.9935 0.0033 0.0022 0.0011 
0.0000 0.0022 0.0011 0.9967 
0.9815 0.0022 0.0000 0.0164 
0.1625 0.0065 0.0022 0.8288 
0.0065 0.0109 0.9826 0.0000 
0.0011 0.0055 0.9902 0.0033 
0.1112 0.0709 0.3871 0.4308 
0.2257 0.6390 0.0981 0.0371 

MOTIF filter19 
letter-probability matrix: alength= 4 w= 14 nsites= 14 
0.2628 0.2508 0.2462 0.2402 
0.1712 0.2267 0.3559 0.2462 
0.4775 0.2237 0.2973 0.0015 
0.0000 0.0000 0.0000 1.0000 
0.0000 0.0000 0.9970 0.0030 
1.0000 0.0000 0.0000 0.0000 
0.0000 0.4414 0.5556 0.0030 
0.0000 0.0000 0.0000 1.0000 
0.0000 1.0000 0.0000 0.0000 
1.0000 0.0000 0.0000 0.0000 
0.0000 0.4655 0.0946 0.4399 
0.2087 0.4309 0.0631 0.2973 
0.2357 0.2162 0.3018 0.2462 
0.2583 0.2553 0.2538 0.2327 

MOTIF filter20 
letter-probability matrix: alength= 4 w= 11 nsites= 11 
0.2539 0.2779 0.2198 0.2484 
0.2299 0.2438 0.2373 0.2890 
0.9991 0.0000 0.0000 0.0009 
0.0000 0.0000 0.0000 1.0000 
0.0000 0.1930 0.0000 0.8070 
1.0000 0.0000 0.0000 0.0000 
1.0000 0.0000 0.0000 0.0000 
0.4783 0.0000 0.0000 0.5217 
0.2973 0.2373 0.2373 0.2281 
0.2456 0.2447 0.2752 0.2345 
0.2456 0.2779 0.2198 0.2567 

MOTIF filter21 
letter-probability matrix: alength= 4 w= 16 nsites= 16 
0.3806 0.1012 0.3239 0.1943 
0.2874 0.2753 0.1903 0.2470 
0.0526 0.2146 0.5223 0.2105 
0.0000 0.8097 0.0324 0.1579 
0.0081 0.7652 0.0000 0.2267 
0.0000 1.0000 0.0000 0.0000 
0.0000 1.0000 0.0000 0.0000 
0.0567 0.0000 0.6235 0.3198 
0.0000 1.0000 0.0000 0.0000 
0.0000 1.0000 0.0000 0.0000 
0.0000 0.8623 0.0000 0.1377 
0.0526 0.9150 0.0000 0.0324 
0.0283 0.7166 0.0283 0.2267 
0.2227 0.1741 0.3482 0.2551 
0.2874 0.2551 0.1862 0.2713 
0.2065 0.3198 0.2753 0.1984 

MOTIF filter22 
letter-probability matrix: alength= 4 w= 17 nsites= 17 
0.2288 0.2194 0.1129 0.4389 
0.2853 0.2069 0.2915 0.2163 
0.6520 0.0502 0.0972 0.2006 
0.1850 0.3072 0.4608 0.0470 
0.0000 0.0000 0.0000 1.0000 
0.0094 0.9906 0.0000 0.0000 
1.0000 0.0000 0.0000 0.0000 
0.0000 0.0000 0.9937 0.0063 
0.0000 1.0000 0.0000 0.0000 
1.0000 0.0000 0.0000 0.0000 
0.4577 0.1505 0.1223 0.2696 
0.4639 0.0345 0.0094 0.4922 
0.4169 0.0408 0.0000 0.5423 
0.3103 0.1034 0.0094 0.5768 
0.2665 0.2006 0.2476 0.2853 
0.2759 0.2821 0.2100 0.2320 
0.2100 0.3103 0.2351 0.2445 

MOTIF filter23 
letter-probability matrix: alength= 4 w= 16 nsites= 16 
0.2772 0.2921 0.2285 0.2022 
0.2846 0.3071 0.2247 0.1835 
0.0824 0.1461 0.5356 0.2360 
0.0000 0.7753 0.0112 0.2135 
0.0000 0.9551 0.0000 0.0449 
0.0000 1.0000 0.0000 0.0000 
0.0000 1.0000 0.0000 0.0000 
0.1311 0.0000 0.6367 0.2322 
0.0000 1.0000 0.0000 0.0000 
0.0000 1.0000 0.0000 0.0000 
0.0000 0.8090 0.0000 0.1910 
0.0412 0.8539 0.0000 0.1049 
0.0000 0.7528 0.0112 0.2360 
0.2285 0.2884 0.2172 0.2659 
0.2772 0.2322 0.2472 0.2434 
0.2397 0.2846 0.2360 0.2397 

MOTIF filter24 
letter-probability matrix: alength= 4 w= 14 nsites= 14 
0.2537 0.2035 0.2625 0.2802 
0.2537 0.2625 0.2419 0.2419 
0.0118 0.8614 0.1268 0.0000 
0.0324 0.9676 0.0000 0.0000 
0.0000 0.0000 1.0000 0.0000 
0.0000 0.0000 1.0000 0.0000 
1.0000 0.0000 0.0000 0.0000 
1.0000 0.0000 0.0000 0.0000 
0.0324 0.0059 0.9617 0.0000 
0.0236 0.2802 0.0088 0.6873 
0.1711 0.0826 0.7021 0.0442 
0.2684 0.2537 0.4602 0.0177 
0.2183 0.3658 0.2537 0.1622 
0.2094 0.2891 0.2625 0.2389 

MOTIF filter25 
letter-probability matrix: alength= 4 w= 14 nsites= 14 
0.2566 0.2751 0.2302 0.2381 
0.2460 0.2381 0.2540 0.2619 
0.0026 0.8175 0.0820 0.0979 
0.0000 0.1799 0.0000 0.8201 
0.0000 0.2646 0.7116 0.0238 
1.0000 0.0000 0.0000 0.0000 
0.0000 0.0000 0.0000 1.0000 
0.0000 0.0000 0.0000 1.0000 
0.0000 0.0000 1.0000 0.0000 
0.0000 0.0000 1.0000 0.0000 
0.0423 0.4021 0.0079 0.5476 
0.0132 0.4444 0.1349 0.4074 
0.1852 0.4365 0.3042 0.0741 
0.4630 0.1429 0.3280 0.0661 

MOTIF filter26 
letter-probability matrix: alength= 4 w= 19 nsites= 19 
0.2287 0.3004 0.2332 0.2377 
0.2691 0.2780 0.2422 0.2108 
0.2960 0.2691 0.1928 0.2422 
0.5202 0.0000 0.1435 0.3363 
0.7220 0.0045 0.0179 0.2556 
0.4709 0.0000 0.0090 0.5202 
0.3049 0.1345 0.1211 0.4395 
0.0000 0.0000 0.0000 1.0000 
0.0000 0.0000 1.0000 0.0000 
0.0045 0.9955 0.0000 0.0000 
0.0000 0.0000 0.0000 1.0000 
0.0000 0.0000 0.9865 0.0135 
1.0000 0.0000 0.0000 0.0000 
0.0224 0.5381 0.2825 0.1570 
0.1839 0.0807 0.0314 0.7040 
0.2018 0.3991 0.0942 0.3049 
0.5964 0.0314 0.1525 0.2197 
0.1166 0.0179 0.6323 0.2332 
0.2735 0.2735 0.2511 0.2018 

MOTIF filter27 
letter-probability matrix: alength= 4 w= 18 nsites= 18 
0.2452 0.2507 0.2369 0.2672 
0.2231 0.2920 0.2645 0.2204 
0.2727 0.2534 0.2011 0.2727 
0.1460 0.6722 0.1185 0.0634 
1.0000 0.0000 0.0000 0.0000 
0.9862 0.0000 0.0138 0.0000 
0.4298 0.0826 0.4656 0.0220 
1.0000 0.0000 0.0000 0.0000 
0.0000 0.0000 0.0000 1.0000 
0.0000 0.0000 1.0000 0.0000 
0.0000 0.0000 1.0000 0.0000 
0.0689 0.8540 0.0000 0.0771 
0.1212 0.2039 0.4298 0.2452 
0.0799 0.0854 0.7686 0.0661 
0.1405 0.7493 0.0248 0.0854 
0.2645 0.2342 0.2176 0.2837 
0.2287 0.2342 0.3003 0.2369 
0.2562 0.2479 0.2782 0.2176 

MOTIF filter28 
letter-probability matrix: alength= 4 w= 12 nsites= 12 
0.2166 0.2972 0.2657 0.2204 
0.4458 0.1940 0.2242 0.1360 
0.2544 0.3111 0.3312 0.1033 
0.0000 1.0000 0.0000 0.0000 
1.0000 0.0000 0.0000 0.0000 
0.0000 1.0000 0.0000 0.0000 
0.0000 0.0000 1.0000 0.0000 
0.0000 0.0000 0.0000 1.0000 
0.0000 0.0000 1.0000 0.0000 
0.0982 0.3048 0.3602 0.2368 
0.1121 0.2305 0.1662 0.4912 
0.2330 0.2305 0.2557 0.2809 

MOTIF filter29 
letter-probability matrix: alength= 4 w= 14 nsites= 14 
0.2350 0.2436 0.2923 0.2292 
0.2493 0.0487 0.6418 0.0602 
0.1261 0.0000 0.8052 0.0688 
0.1719 0.0000 0.8281 0.0000 
0.0000 0.0000 1.0000 0.0000 
0.0000 0.0000 1.0000 0.0000 
0.3066 0.5702 0.0000 0.1232 
0.0000 0.0000 1.0000 0.0000 
0.0000 0.0000 1.0000 0.0000 
0.1318 0.0000 0.8682 0.0000 
0.2235 0.0115 0.7650 0.0000 
0.1891 0.5530 0.1777 0.0802 
0.2751 0.1891 0.3009 0.2350 
0.2865 0.2751 0.2149 0.2235 

MOTIF filter30 
letter-probability matrix: alength= 4 w= 10 nsites= 10 
0.2350 0.2308 0.2526 0.2816 
0.2272 0.1743 0.3896 0.2089 
0.3846 0.2392 0.3416 0.0346 
0.0000 0.0000 0.0155 0.9845 
0.0000 0.0000 0.9287 0.0713 
1.0000 0.0000 0.0000 0.0000 
0.0416 0.4651 0.4510 0.0423 
0.0007 0.0000 0.0028 0.9965 
0.0783 0.9146 0.0071 0.0000 
0.9986 0.0007 0.0000 0.0007 

MOTIF filter31 
letter-probability matrix: alength= 4 w= 14 nsites= 14 
0.1656 0.2185 0.3344 0.2815 
0.0099 0.5099 0.2152 0.2649 
0.0563 0.6589 0.1391 0.1457 
0.7550 0.0066 0.2219 0.0166 
0.0000 0.9702 0.0000 0.0298 
0.0000 0.0000 0.0000 1.0000 
0.0000 0.0000 0.0000 1.0000 
0.0000 1.0000 0.0000 0.0000 
0.0000 1.0000 0.0000 0.0000 
0.0000 0.0000 0.9901 0.0099 
0.0000 0.1656 0.8278 0.0066 
0.2219 0.2252 0.2450 0.3079 
0.1987 0.2550 0.2649 0.2815 
0.2583 0.2185 0.2252 0.2980 

