MEME version 4

ALPHABET= ACGT

Background letter frequencies:
A 0.2500 C 0.2500 G 0.2500 T 0.2500 

MOTIF filter0 
letter-probability matrix: alength= 4 w= 12 nsites= 12 
0.2538 0.2595 0.2424 0.2443 
0.2653 0.2767 0.2309 0.2271 
0.3282 0.2519 0.1889 0.2309 
0.0000 0.0019 0.0000 0.9981 
0.0000 0.0000 0.0000 1.0000 
0.0000 0.0000 0.0000 1.0000 
0.7920 0.0000 0.2061 0.0019 
1.0000 0.0000 0.0000 0.0000 
0.0000 0.0000 0.0000 1.0000 
0.2347 0.2500 0.2195 0.2958 
0.2557 0.2481 0.2347 0.2615 
0.2309 0.2347 0.3302 0.2042 

MOTIF filter1 
letter-probability matrix: alength= 4 w= 13 nsites= 13 
0.1027 0.3312 0.3417 0.2243 
0.3585 0.1677 0.4361 0.0377 
0.4528 0.0503 0.4256 0.0713 
0.0000 1.0000 0.0000 0.0000 
0.0000 0.8113 0.0000 0.1887 
0.7736 0.0189 0.2055 0.0021 
1.0000 0.0000 0.0000 0.0000 
0.0000 0.0000 0.0000 1.0000 
0.0147 0.5828 0.1027 0.2998 
0.5472 0.0042 0.4486 0.0000 
0.0021 0.0063 0.9916 0.0000 
0.1635 0.2872 0.1593 0.3899 
0.1614 0.2746 0.2348 0.3291 

MOTIF filter2 
letter-probability matrix: alength= 4 w= 16 nsites= 16 
0.2701 0.5595 0.0418 0.1286 
0.2444 0.1865 0.0450 0.5241 
0.2926 0.1479 0.3280 0.2315 
0.6302 0.0482 0.0997 0.2219 
0.1608 0.3087 0.4984 0.0322 
0.0000 0.0000 0.0000 1.0000 
0.0161 0.9839 0.0000 0.0000 
1.0000 0.0000 0.0000 0.0000 
0.0000 0.0000 1.0000 0.0000 
0.0000 1.0000 0.0000 0.0000 
0.9936 0.0000 0.0000 0.0064 
0.4534 0.1865 0.1190 0.2412 
0.4019 0.0547 0.0000 0.5434 
0.3859 0.0836 0.0000 0.5305 
0.2990 0.0997 0.0225 0.5788 
0.2765 0.2219 0.2572 0.2444 

MOTIF filter3 
letter-probability matrix: alength= 4 w= 16 nsites= 16 
0.2741 0.3193 0.1898 0.2169 
0.2861 0.2771 0.2108 0.2259 
0.2410 0.2410 0.2440 0.2741 
0.0120 0.7982 0.0873 0.1024 
0.0000 0.1416 0.0000 0.8584 
0.0000 0.2440 0.7319 0.0241 
1.0000 0.0000 0.0000 0.0000 
0.0000 0.0000 0.0000 1.0000 
0.0000 0.0000 0.0000 1.0000 
0.0000 0.0000 1.0000 0.0000 
0.0000 0.0000 1.0000 0.0000 
0.0422 0.4036 0.0030 0.5512 
0.0030 0.4428 0.1265 0.4277 
0.1777 0.4548 0.3042 0.0633 
0.5000 0.1446 0.2982 0.0572 
0.1416 0.1416 0.2620 0.4548 

MOTIF filter4 
letter-probability matrix: alength= 4 w= 12 nsites= 12 
0.2500 0.2674 0.2537 0.2289 
0.2413 0.2736 0.2537 0.2313 
0.0920 0.0435 0.3607 0.5037 
0.0075 0.9129 0.0000 0.0796 
0.0000 0.0000 0.0000 1.0000 
1.0000 0.0000 0.0000 0.0000 
0.2214 0.0000 0.0000 0.7786 
0.4328 0.0000 0.0000 0.5672 
0.5224 0.0000 0.0000 0.4776 
0.6915 0.0000 0.0000 0.3085 
0.0000 0.0000 0.0000 1.0000 
1.0000 0.0000 0.0000 0.0000 

MOTIF filter5 
letter-probability matrix: alength= 4 w= 20 nsites= 20 
0.2598 0.2221 0.2568 0.2613 
0.3353 0.0393 0.3036 0.3218 
0.3459 0.3474 0.1329 0.1737 
0.0000 0.2130 0.0725 0.7145 
0.3731 0.1918 0.2764 0.1586 
0.3097 0.1118 0.1057 0.4728 
0.3535 0.0438 0.2508 0.3520 
0.0030 0.0650 0.6012 0.3308 
0.7145 0.0665 0.1994 0.0196 
0.0076 0.0030 0.0211 0.9683 
0.1299 0.3172 0.0015 0.5514 
0.4773 0.0030 0.4094 0.1103 
0.1662 0.1344 0.6722 0.0272 
0.2236 0.7039 0.0000 0.0725 
0.1647 0.0816 0.2417 0.5121 
0.3353 0.0801 0.2598 0.3248 
0.4789 0.2266 0.2145 0.0801 
0.1873 0.2795 0.2644 0.2689 
0.1027 0.2326 0.1269 0.5378 
0.1873 0.5106 0.3021 0.0000 

MOTIF filter6 
letter-probability matrix: alength= 4 w= 20 nsites= 20 
0.2429 0.2201 0.2865 0.2505 
0.2334 0.4896 0.0304 0.2467 
0.0531 0.7438 0.1518 0.0512 
0.0000 0.2486 0.2998 0.4516 
0.3188 0.1328 0.5123 0.0361 
0.3586 0.2011 0.1271 0.3131 
0.4535 0.4516 0.0076 0.0873 
0.1708 0.1366 0.6850 0.0076 
0.0417 0.3776 0.2334 0.3472 
0.6015 0.0133 0.0854 0.2998 
0.5560 0.0721 0.3548 0.0171 
0.0645 0.0190 0.7533 0.1632 
0.4744 0.2543 0.1898 0.0816 
0.0892 0.4345 0.3036 0.1727 
0.0000 0.1157 0.2049 0.6793 
0.2011 0.5313 0.1556 0.1120 
0.0645 0.7514 0.0873 0.0968 
0.3776 0.1139 0.1480 0.3605 
0.4668 0.5237 0.0095 0.0000 
0.1651 0.1328 0.4137 0.2884 

MOTIF filter7 
letter-probability matrix: alength= 4 w= 12 nsites= 12 
0.2384 0.2795 0.2437 0.2384 
0.2954 0.2363 0.2036 0.2648 
0.2595 0.2426 0.2120 0.2859 
1.0000 0.0000 0.0000 0.0000 
0.0000 0.0000 0.0000 1.0000 
0.0000 0.3629 0.0000 0.6371 
1.0000 0.0000 0.0000 0.0000 
1.0000 0.0000 0.0000 0.0000 
0.8439 0.0000 0.0000 0.1561 
0.2774 0.2321 0.2489 0.2416 
0.2310 0.2658 0.2426 0.2605 
0.2078 0.2774 0.2437 0.2711 

MOTIF filter8 
letter-probability matrix: alength= 4 w= 20 nsites= 20 
0.2283 0.2677 0.2598 0.2441 
0.0630 0.0630 0.1339 0.7402 
0.3465 0.3465 0.2913 0.0157 
0.1811 0.2913 0.0315 0.4961 
0.0709 0.3465 0.3780 0.2047 
0.0000 0.4173 0.1969 0.3858 
0.2992 0.2756 0.0157 0.4094 
0.1181 0.3780 0.0394 0.4646 
0.0551 0.8583 0.0236 0.0630 
0.3858 0.1969 0.2756 0.1417 
0.7795 0.1102 0.0157 0.0945 
0.5433 0.0157 0.4094 0.0315 
0.3071 0.5906 0.0236 0.0787 
0.1654 0.6535 0.0394 0.1417 
0.0000 0.0000 0.0945 0.9055 
0.5906 0.2362 0.1496 0.0236 
0.0157 0.0866 0.8346 0.0630 
0.1969 0.1102 0.6299 0.0630 
0.3228 0.0000 0.5276 0.1496 
0.3150 0.3465 0.0079 0.3307 

MOTIF filter9 
letter-probability matrix: alength= 4 w= 13 nsites= 13 
0.2491 0.2430 0.2536 0.2543 
0.2249 0.1789 0.3796 0.2166 
0.3894 0.2249 0.3532 0.0325 
0.0000 0.0000 0.0053 0.9947 
0.0000 0.0000 0.9343 0.0657 
0.9962 0.0000 0.0038 0.0000 
0.0317 0.4657 0.4604 0.0423 
0.0000 0.0000 0.0000 1.0000 
0.0536 0.9442 0.0023 0.0000 
0.9992 0.0000 0.0008 0.0000 
0.0302 0.3223 0.2596 0.3879 
0.2091 0.3645 0.2008 0.2257 
0.2687 0.2204 0.2619 0.2491 

MOTIF filter10 
letter-probability matrix: alength= 4 w= 16 nsites= 16 
0.3079 0.2603 0.2381 0.1937 
0.2762 0.3111 0.2063 0.2063 
0.0571 0.1492 0.5524 0.2413 
0.0000 0.8000 0.0159 0.1841 
0.0000 0.8952 0.0000 0.1048 
0.0000 1.0000 0.0000 0.0000 
0.0000 1.0000 0.0000 0.0000 
0.1302 0.0000 0.5968 0.2730 
0.0000 1.0000 0.0000 0.0000 
0.0000 1.0000 0.0000 0.0000 
0.0000 0.7968 0.0000 0.2032 
0.0476 0.8635 0.0000 0.0889 
0.0190 0.6984 0.0286 0.2540 
0.2571 0.2667 0.2159 0.2603 
0.3111 0.2508 0.2286 0.2095 
0.2286 0.3016 0.2540 0.2159 

MOTIF filter11 
letter-probability matrix: alength= 4 w= 12 nsites= 12 
0.2615 0.2477 0.2446 0.2462 
0.5275 0.1498 0.2538 0.0688 
0.1957 0.3471 0.3716 0.0856 
0.0000 1.0000 0.0000 0.0000 
1.0000 0.0000 0.0000 0.0000 
0.0000 1.0000 0.0000 0.0000 
0.0000 0.0000 1.0000 0.0000 
0.0000 0.0000 0.0000 1.0000 
0.0000 0.0000 1.0000 0.0000 
0.0550 0.3670 0.3486 0.2294 
0.1162 0.2171 0.1376 0.5291 
0.2248 0.2615 0.2599 0.2538 

MOTIF filter12 
letter-probability matrix: alength= 4 w= 12 nsites= 12 
0.2301 0.2635 0.2596 0.2468 
0.3815 0.2124 0.2557 0.1504 
0.2252 0.2979 0.3107 0.1662 
0.0000 1.0000 0.0000 0.0000 
1.0000 0.0000 0.0000 0.0000 
0.0000 0.9990 0.0000 0.0010 
0.0000 0.0000 1.0000 0.0000 
0.0000 0.0000 0.0000 1.0000 
0.0000 0.0000 1.0000 0.0000 
0.1711 0.2842 0.3166 0.2281 
0.1740 0.2360 0.1799 0.4100 
0.2330 0.2566 0.2478 0.2625 

MOTIF filter13 
letter-probability matrix: alength= 4 w= 13 nsites= 13 
0.2840 0.2473 0.2135 0.2552 
0.2731 0.2512 0.2344 0.2413 
0.1490 0.2125 0.1589 0.4796 
0.0000 0.0040 0.0000 0.9960 
0.0000 0.0000 0.0099 0.9901 
0.0874 0.9126 0.0000 0.0000 
0.0209 0.7547 0.0000 0.2244 
0.2612 0.2195 0.2483 0.2711 
0.2304 0.0000 0.7547 0.0149 
0.0020 0.0010 0.9007 0.0963 
0.9930 0.0070 0.0000 0.0000 
1.0000 0.0000 0.0000 0.0000 
0.4975 0.1341 0.2145 0.1539 

MOTIF filter14 
letter-probability matrix: alength= 4 w= 16 nsites= 16 
0.2216 0.2493 0.2604 0.2687 
0.2632 0.2216 0.2521 0.2632 
0.2327 0.2438 0.2881 0.2355 
0.2576 0.0416 0.6260 0.0748 
0.1108 0.0000 0.8504 0.0388 
0.1828 0.0000 0.8172 0.0000 
0.0000 0.0000 1.0000 0.0000 
0.0000 0.0000 1.0000 0.0000 
0.2881 0.5679 0.0000 0.1440 
0.0000 0.0000 1.0000 0.0000 
0.0000 0.0000 1.0000 0.0000 
0.1690 0.0000 0.8310 0.0000 
0.1967 0.0332 0.7701 0.0000 
0.1634 0.5596 0.1856 0.0914 
0.2881 0.1884 0.2936 0.2299 
0.2632 0.2825 0.2216 0.2327 

MOTIF filter15 
letter-probability matrix: alength= 4 w= 16 nsites= 16 
0.2830 0.2226 0.2264 0.2679 
0.2038 0.2226 0.2830 0.2906 
0.2038 0.2340 0.2943 0.2679 
0.2528 0.0377 0.6679 0.0415 
0.1170 0.0000 0.8151 0.0679 
0.1208 0.0000 0.8792 0.0000 
0.0000 0.0000 1.0000 0.0000 
0.0000 0.0000 1.0000 0.0000 
0.3208 0.5698 0.0000 0.1094 
0.0000 0.0000 1.0000 0.0000 
0.0000 0.0000 1.0000 0.0000 
0.0981 0.0000 0.9019 0.0000 
0.1472 0.0038 0.8491 0.0000 
0.1660 0.6000 0.1774 0.0566 
0.2679 0.2113 0.3057 0.2151 
0.2453 0.3208 0.2264 0.2075 

MOTIF filter16 
letter-probability matrix: alength= 4 w= 18 nsites= 18 
0.2230 0.2466 0.2613 0.2691 
0.2106 0.2770 0.2793 0.2331 
0.2860 0.2421 0.2297 0.2421 
0.1655 0.0709 0.0450 0.7185 
0.0338 0.0890 0.6610 0.2162 
0.4099 0.3896 0.0743 0.1261 
0.0023 0.9887 0.0079 0.0011 
0.0000 0.9910 0.0023 0.0068 
0.8266 0.0011 0.0090 0.1633 
0.0225 0.0000 0.0011 0.9764 
0.9955 0.0023 0.0023 0.0000 
0.0000 0.0023 0.0011 0.9966 
0.9842 0.0000 0.0000 0.0158 
0.1610 0.0045 0.0011 0.8333 
0.0034 0.0101 0.9865 0.0000 
0.0011 0.0011 0.9955 0.0023 
0.1104 0.0676 0.3840 0.4381 
0.2241 0.6453 0.0935 0.0372 

MOTIF filter17 
letter-probability matrix: alength= 4 w= 18 nsites= 18 
0.3000 0.2286 0.2179 0.2536 
0.3107 0.2429 0.2607 0.1857 
0.2571 0.2929 0.1964 0.2536 
0.2750 0.5857 0.0214 0.1179 
0.2464 0.1786 0.0750 0.5000 
0.3036 0.1607 0.2857 0.2500 
0.6750 0.0464 0.0929 0.1857 
0.1607 0.3036 0.5143 0.0214 
0.0000 0.0000 0.0000 1.0000 
0.0000 1.0000 0.0000 0.0000 
1.0000 0.0000 0.0000 0.0000 
0.0000 0.0000 0.9214 0.0786 
0.0000 1.0000 0.0000 0.0000 
1.0000 0.0000 0.0000 0.0000 
0.4500 0.1393 0.1286 0.2821 
0.4536 0.0179 0.0000 0.5286 
0.3786 0.0214 0.0000 0.6000 
0.3214 0.1286 0.0071 0.5429 

MOTIF filter18 
letter-probability matrix: alength= 4 w= 16 nsites= 16 
0.3121 0.2312 0.2890 0.1676 
0.2601 0.3179 0.2168 0.2052 
0.0694 0.1994 0.4971 0.2341 
0.0000 0.8324 0.0260 0.1416 
0.0000 0.8353 0.0000 0.1647 
0.0000 1.0000 0.0000 0.0000 
0.0000 1.0000 0.0000 0.0000 
0.0780 0.0000 0.6358 0.2861 
0.0000 1.0000 0.0000 0.0000 
0.0000 1.0000 0.0000 0.0000 
0.0000 0.8353 0.0000 0.1647 
0.0578 0.8931 0.0000 0.0491 
0.0549 0.6127 0.0636 0.2688 
0.2399 0.2457 0.2630 0.2514 
0.2514 0.2399 0.2139 0.2948 
0.2399 0.2832 0.2370 0.2399 

MOTIF filter19 
letter-probability matrix: alength= 4 w= 19 nsites= 19 
0.2284 0.2425 0.2586 0.2705 
0.2177 0.2791 0.2737 0.2295 
0.2909 0.2392 0.2284 0.2414 
0.1638 0.0765 0.0463 0.7134 
0.0345 0.0948 0.6530 0.2177 
0.4106 0.3890 0.0754 0.1250 
0.0022 0.9903 0.0043 0.0032 
0.0011 0.9849 0.0032 0.0108 
0.8190 0.0043 0.0119 0.1649 
0.0248 0.0000 0.0032 0.9720 
0.9925 0.0043 0.0022 0.0011 
0.0000 0.0022 0.0022 0.9957 
0.9720 0.0032 0.0000 0.0248 
0.1595 0.0075 0.0032 0.8297 
0.0032 0.0108 0.9860 0.0000 
0.0022 0.0054 0.9881 0.0043 
0.1142 0.0722 0.3825 0.4310 
0.2284 0.6358 0.0948 0.0409 
0.7069 0.0334 0.0754 0.1843 

MOTIF filter20 
letter-probability matrix: alength= 4 w= 14 nsites= 14 
0.2943 0.3171 0.1829 0.2057 
0.2229 0.3229 0.2171 0.2371 
0.1686 0.1029 0.3514 0.3771 
0.0600 0.8571 0.0571 0.0257 
0.0429 0.0457 0.0114 0.9000 
0.9543 0.0114 0.0086 0.0257 
0.6429 0.0286 0.0114 0.3171 
0.9514 0.0086 0.0286 0.0114 
1.0000 0.0000 0.0000 0.0000 
0.9029 0.0000 0.0000 0.0971 
0.0000 0.0057 0.0000 0.9943 
1.0000 0.0000 0.0000 0.0000 
0.3143 0.0000 0.6857 0.0000 
0.6029 0.2486 0.0629 0.0857 

MOTIF filter21 
letter-probability matrix: alength= 4 w= 13 nsites= 13 
0.2207 0.2943 0.2398 0.2452 
0.0000 0.8747 0.1253 0.0000 
0.0300 0.9700 0.0000 0.0000 
0.0000 0.0000 1.0000 0.0000 
0.0000 0.0000 1.0000 0.0000 
1.0000 0.0000 0.0000 0.0000 
1.0000 0.0000 0.0000 0.0000 
0.0490 0.0054 0.9455 0.0000 
0.0300 0.3052 0.0163 0.6485 
0.1717 0.0981 0.6730 0.0572 
0.2670 0.2643 0.4469 0.0218 
0.2153 0.3651 0.2507 0.1689 
0.2153 0.2943 0.2507 0.2398 

MOTIF filter22 
letter-probability matrix: alength= 4 w= 12 nsites= 12 
0.1572 0.2113 0.3479 0.2835 
0.0284 0.4613 0.2371 0.2732 
0.0851 0.6263 0.1340 0.1546 
0.6753 0.0180 0.2758 0.0309 
0.0000 0.9562 0.0026 0.0412 
0.0000 0.0000 0.0000 1.0000 
0.0000 0.0000 0.0000 1.0000 
0.0000 1.0000 0.0000 0.0000 
0.0000 1.0000 0.0000 0.0000 
0.0000 0.0000 0.9820 0.0180 
0.0000 0.1443 0.8454 0.0103 
0.2577 0.2010 0.2500 0.2912 

MOTIF filter23 
letter-probability matrix: alength= 4 w= 14 nsites= 14 
0.2309 0.2542 0.2659 0.2490 
0.5292 0.1115 0.3515 0.0078 
0.0000 0.0000 0.0000 1.0000 
0.0000 0.0000 0.0246 0.9754 
0.2827 0.0000 0.6472 0.0700 
0.0013 0.9339 0.0000 0.0649 
0.0765 0.0000 0.9235 0.0000 
0.0778 0.6900 0.0000 0.2322 
0.9805 0.0195 0.0000 0.0000 
1.0000 0.0000 0.0000 0.0000 
0.0052 0.3502 0.1310 0.5136 
0.2750 0.2503 0.2685 0.2062 
0.2374 0.2101 0.2724 0.2802 
0.2568 0.2257 0.2672 0.2503 

MOTIF filter24 
letter-probability matrix: alength= 4 w= 18 nsites= 18 
0.2430 0.2804 0.2181 0.2586 
0.2710 0.2274 0.2586 0.2430 
0.2492 0.2773 0.2212 0.2523 
0.5265 0.0093 0.1277 0.3364 
0.6511 0.0125 0.0405 0.2960 
0.4424 0.0000 0.0249 0.5327 
0.2866 0.1558 0.1526 0.4050 
0.0093 0.0000 0.0000 0.9907 
0.0000 0.0000 1.0000 0.0000 
0.0156 0.9844 0.0000 0.0000 
0.0000 0.0000 0.0000 1.0000 
0.0000 0.0000 0.9938 0.0062 
1.0000 0.0000 0.0000 0.0000 
0.0218 0.5171 0.3053 0.1558 
0.2056 0.1090 0.0436 0.6417 
0.1900 0.3832 0.1184 0.3084 
0.5296 0.0436 0.1900 0.2368 
0.1620 0.0467 0.5421 0.2492 

MOTIF filter25 
letter-probability matrix: alength= 4 w= 15 nsites= 15 
0.2456 0.2695 0.2557 0.2291 
0.1219 0.0807 0.3318 0.4656 
0.0449 0.8231 0.0082 0.1237 
0.0027 0.0147 0.0046 0.9780 
0.9927 0.0018 0.0037 0.0018 
0.2777 0.0009 0.0110 0.7104 
0.4308 0.0064 0.0018 0.5610 
0.5353 0.0018 0.0018 0.4610 
0.6737 0.0082 0.0018 0.3162 
0.0082 0.0037 0.0009 0.9872 
0.9716 0.0037 0.0174 0.0073 
0.1118 0.0018 0.8405 0.0458 
0.4372 0.3685 0.0541 0.1402 
0.2786 0.2282 0.2631 0.2301 
0.2466 0.2832 0.2365 0.2337 

MOTIF filter26 
letter-probability matrix: alength= 4 w= 12 nsites= 12 
0.4577 0.2128 0.1399 0.1895 
0.0466 0.3528 0.1137 0.4869 
0.0554 0.3353 0.3586 0.2507 
0.4315 0.0991 0.4694 0.0000 
0.5831 0.0029 0.3673 0.0466 
0.0000 1.0000 0.0000 0.0000 
0.0000 1.0000 0.0000 0.0000 
1.0000 0.0000 0.0000 0.0000 
1.0000 0.0000 0.0000 0.0000 
0.0000 0.0000 0.0000 1.0000 
0.0058 0.7697 0.2245 0.0000 
0.8776 0.0000 0.1224 0.0000 

MOTIF filter27 
letter-probability matrix: alength= 4 w= 12 nsites= 12 
0.2379 0.3239 0.1425 0.2957 
0.2823 0.1989 0.3132 0.2056 
0.2796 0.2460 0.2755 0.1989 
0.3145 0.0000 0.0000 0.6855 
0.0000 0.0000 0.0000 1.0000 
0.0000 0.0000 0.0000 1.0000 
0.7433 0.0000 0.2567 0.0000 
1.0000 0.0000 0.0000 0.0000 
0.0000 0.0000 0.0000 1.0000 
0.2164 0.2594 0.3226 0.2016 
0.2594 0.2581 0.2621 0.2204 
0.1962 0.2151 0.2460 0.3427 

MOTIF filter28 
letter-probability matrix: alength= 4 w= 13 nsites= 13 
0.2454 0.2330 0.2608 0.2608 
0.2330 0.1680 0.3938 0.2052 
0.4031 0.2237 0.3680 0.0052 
0.0000 0.0000 0.0000 1.0000 
0.0000 0.0000 1.0000 0.0000 
1.0000 0.0000 0.0000 0.0000 
0.0000 0.5072 0.4928 0.0000 
0.0000 0.0000 0.0000 1.0000 
0.0000 1.0000 0.0000 0.0000 
1.0000 0.0000 0.0000 0.0000 
0.0041 0.3361 0.2546 0.4052 
0.2196 0.3557 0.1897 0.2351 
0.2557 0.2216 0.2742 0.2485 

MOTIF filter29 
letter-probability matrix: alength= 4 w= 16 nsites= 16 
0.2559 0.2706 0.1971 0.2765 
0.1500 0.6706 0.1265 0.0529 
0.9971 0.0000 0.0029 0.0000 
0.9853 0.0000 0.0147 0.0000 
0.4265 0.0765 0.4765 0.0206 
1.0000 0.0000 0.0000 0.0000 
0.0000 0.0000 0.0000 1.0000 
0.0000 0.0000 1.0000 0.0000 
0.0000 0.0000 1.0000 0.0000 
0.0471 0.8765 0.0000 0.0765 
0.1206 0.1941 0.4235 0.2618 
0.0794 0.0618 0.7912 0.0676 
0.1382 0.7647 0.0206 0.0765 
0.2647 0.2294 0.2147 0.2912 
0.2294 0.2471 0.3029 0.2206 
0.2588 0.2353 0.2824 0.2235 

MOTIF filter30 
letter-probability matrix: alength= 4 w= 18 nsites= 18 
0.1169 0.4604 0.1124 0.3103 
0.1709 0.3417 0.2131 0.2743 
0.4685 0.1349 0.1888 0.2077 
0.5782 0.3129 0.0423 0.0665 
0.0000 0.2374 0.0297 0.7329 
0.0728 0.3849 0.2203 0.3219 
0.4362 0.1520 0.4092 0.0027 
0.1924 0.1025 0.5674 0.1376 
0.0018 0.0531 0.8651 0.0800 
0.2266 0.2473 0.2545 0.2716 
0.1511 0.2482 0.1142 0.4865 
0.0540 0.7149 0.2230 0.0081 
0.4191 0.0198 0.3516 0.2095 
0.4281 0.0360 0.0612 0.4748 
0.5306 0.3219 0.0144 0.1331 
0.1313 0.0998 0.7077 0.0612 
0.4092 0.1844 0.0647 0.3417 
0.1637 0.3732 0.3759 0.0872 

MOTIF filter31 
letter-probability matrix: alength= 4 w= 17 nsites= 17 
0.2741 0.2507 0.2157 0.2595 
0.2449 0.2857 0.2566 0.2128 
0.2478 0.2391 0.2478 0.2653 
0.1108 0.0175 0.6939 0.1778 
0.0816 0.7114 0.1195 0.0875 
0.2886 0.3353 0.2624 0.1137 
0.0554 0.0000 0.8542 0.0904 
0.0000 1.0000 0.0000 0.0000 
0.0000 1.0000 0.0000 0.0000 
1.0000 0.0000 0.0000 0.0000 
0.0000 0.0000 0.0000 1.0000 
0.0058 0.4606 0.1399 0.3936 
0.0000 0.0175 0.0000 0.9825 
0.0000 0.0117 0.0000 0.9883 
0.0816 0.0816 0.7172 0.1195 
0.2770 0.2274 0.2478 0.2478 
0.2041 0.2828 0.2507 0.2624 

