MEME version 4

ALPHABET= ACGT

Background letter frequencies:
A 0.2500 C 0.2500 G 0.2500 T 0.2500 

MOTIF filter0 
letter-probability matrix: alength= 4 w= 12 nsites= 12 
0.2439 0.2971 0.2237 0.2353 
0.2425 0.2729 0.2374 0.2473 
0.2484 0.2552 0.2852 0.2112 
0.6125 0.0351 0.0163 0.3362 
0.0000 0.1550 0.0011 0.8439 
0.0014 0.2978 0.0072 0.6936 
0.6199 0.0280 0.3341 0.0181 
0.9449 0.0000 0.0551 0.0000 
0.3068 0.0356 0.0173 0.6403 
0.1842 0.3312 0.2184 0.2662 
0.2594 0.2699 0.2627 0.2080 
0.2432 0.2528 0.3032 0.2008 

MOTIF filter1 
letter-probability matrix: alength= 4 w= 12 nsites= 12 
0.2209 0.2444 0.3022 0.2326 
0.1734 0.3017 0.2520 0.2729 
0.1420 0.4018 0.0846 0.3716 
0.1621 0.5764 0.2478 0.0137 
0.0000 0.9279 0.0401 0.0320 
0.3878 0.0022 0.3279 0.2821 
0.1106 0.7688 0.0009 0.1198 
0.0137 0.2483 0.7380 0.0000 
0.0000 0.2167 0.2249 0.5585 
0.2036 0.1622 0.5831 0.0510 
0.1456 0.4397 0.1791 0.2357 
0.2179 0.2951 0.2017 0.2853 

MOTIF filter2 
letter-probability matrix: alength= 4 w= 14 nsites= 14 
0.2118 0.2572 0.2305 0.3006 
0.1931 0.4269 0.0949 0.2852 
0.2852 0.2592 0.2024 0.2532 
0.8370 0.0568 0.0915 0.0147 
0.3427 0.0127 0.1162 0.5284 
0.1523 0.4562 0.3834 0.0080 
0.7889 0.0474 0.1189 0.0448 
0.0053 0.1650 0.0314 0.7983 
0.0007 0.0087 0.9259 0.0648 
0.1363 0.0013 0.8350 0.0274 
0.0695 0.5752 0.3287 0.0267 
0.1430 0.2699 0.2599 0.3273 
0.1022 0.2071 0.5578 0.1329 
0.2071 0.6413 0.0488 0.1029 

MOTIF filter3 
letter-probability matrix: alength= 4 w= 15 nsites= 15 
0.1848 0.2543 0.3596 0.2013 
0.1177 0.4974 0.1566 0.2284 
0.0371 0.4556 0.1436 0.3637 
0.0124 0.8428 0.0059 0.1389 
0.0012 0.2460 0.0006 0.7522 
0.4244 0.1230 0.4061 0.0465 
0.0912 0.6716 0.0112 0.2260 
0.1030 0.6516 0.0047 0.2407 
0.0848 0.7322 0.0000 0.1830 
0.2925 0.6109 0.0000 0.0965 
0.0118 0.3167 0.0265 0.6451 
0.6751 0.1501 0.0536 0.1212 
0.1895 0.1183 0.4703 0.2219 
0.4049 0.3543 0.1448 0.0959 
0.2360 0.2137 0.2743 0.2760 

MOTIF filter4 
letter-probability matrix: alength= 4 w= 10 nsites= 10 
0.2106 0.3295 0.3023 0.1575 
0.2201 0.0983 0.5446 0.1370 
0.2047 0.1252 0.3605 0.3096 
0.1402 0.6809 0.0241 0.1548 
0.1083 0.7884 0.0012 0.1021 
0.3387 0.3181 0.0059 0.3374 
0.0318 0.6824 0.2541 0.0318 
0.3013 0.2995 0.1022 0.2970 
0.2542 0.3109 0.2326 0.2023 
0.2881 0.2539 0.2723 0.1857 

MOTIF filter5 
letter-probability matrix: alength= 4 w= 15 nsites= 15 
0.5273 0.0734 0.1243 0.2749 
0.3985 0.0749 0.0442 0.4824 
0.3648 0.1169 0.1820 0.3363 
0.1154 0.0270 0.0457 0.8120 
0.0472 0.0202 0.8547 0.0779 
0.1543 0.7146 0.1146 0.0165 
0.0075 0.0307 0.0105 0.9513 
0.1978 0.3206 0.4569 0.0247 
0.8067 0.0037 0.1213 0.0682 
0.1281 0.1910 0.4682 0.2127 
0.2637 0.4644 0.0270 0.2449 
0.5963 0.0554 0.0352 0.3131 
0.2524 0.0667 0.1273 0.5536 
0.3221 0.0352 0.3056 0.3371 
0.2360 0.1513 0.3206 0.2921 

MOTIF filter6 
letter-probability matrix: alength= 4 w= 15 nsites= 15 
0.1820 0.3255 0.2838 0.2086 
0.1820 0.3957 0.0436 0.3786 
0.1441 0.3015 0.4551 0.0992 
0.1915 0.6321 0.0455 0.1308 
0.2301 0.0082 0.0525 0.7092 
0.3597 0.0607 0.3995 0.1802 
0.4399 0.0417 0.0019 0.5164 
0.1283 0.5070 0.0215 0.3432 
0.8710 0.0032 0.0019 0.1239 
0.1308 0.0202 0.7143 0.1346 
0.0209 0.6283 0.2250 0.1258 
0.8483 0.0038 0.1144 0.0335 
0.3641 0.1947 0.2939 0.1473 
0.5076 0.1833 0.0329 0.2762 
0.4513 0.0790 0.0834 0.3862 

MOTIF filter7 
letter-probability matrix: alength= 4 w= 11 nsites= 11 
0.2404 0.2491 0.2172 0.2932 
0.1512 0.4244 0.0954 0.3290 
0.3428 0.2075 0.3449 0.1048 
0.0423 0.8369 0.1193 0.0014 
0.3141 0.0000 0.0122 0.6737 
0.0081 0.0099 0.9726 0.0094 
0.5827 0.0000 0.0953 0.3221 
0.0209 0.5149 0.4325 0.0317 
0.0597 0.4742 0.0834 0.3828 
0.3576 0.2905 0.2126 0.1392 
0.3805 0.3647 0.1057 0.1491 

MOTIF filter8 
letter-probability matrix: alength= 4 w= 15 nsites= 15 
0.2733 0.2487 0.2308 0.2472 
0.3293 0.1975 0.2588 0.2144 
0.1265 0.2646 0.1540 0.4549 
0.0126 0.0048 0.0183 0.9643 
0.0251 0.0521 0.1014 0.8213 
0.0971 0.8778 0.0174 0.0077 
0.0039 0.8315 0.0072 0.1574 
0.2018 0.3665 0.1772 0.2545 
0.2883 0.0391 0.5920 0.0806 
0.0126 0.0352 0.7175 0.2347 
0.8899 0.0681 0.0126 0.0295 
0.8093 0.0657 0.0014 0.1236 
0.5196 0.1637 0.1975 0.1193 
0.1980 0.2834 0.1362 0.3824 
0.1985 0.2342 0.3399 0.2274 

MOTIF filter9 
letter-probability matrix: alength= 4 w= 15 nsites= 15 
0.2661 0.1650 0.2960 0.2729 
0.2701 0.1946 0.3136 0.2217 
0.2920 0.1083 0.5222 0.0775 
0.1890 0.0280 0.6380 0.1450 
0.2261 0.0711 0.6908 0.0120 
0.0168 0.0136 0.9612 0.0084 
0.0228 0.0216 0.9321 0.0236 
0.3963 0.2681 0.2085 0.1270 
0.2018 0.0587 0.7060 0.0336 
0.0883 0.0296 0.8662 0.0160 
0.2217 0.0567 0.6288 0.0927 
0.2473 0.0867 0.6404 0.0256 
0.2277 0.3536 0.3352 0.0835 
0.2493 0.2849 0.2697 0.1962 
0.2389 0.2557 0.2725 0.2329 

MOTIF filter10 
letter-probability matrix: alength= 4 w= 10 nsites= 10 
0.2455 0.1382 0.1942 0.4221 
0.2139 0.2046 0.1159 0.4656 
0.4231 0.0002 0.2370 0.3397 
0.6894 0.0028 0.3078 0.0000 
0.0771 0.3066 0.4252 0.1912 
0.0000 0.2065 0.1683 0.6251 
0.0033 0.6825 0.0000 0.3142 
0.4141 0.1190 0.2508 0.2161 
0.1964 0.2602 0.2498 0.2937 
0.3655 0.2409 0.2952 0.0985 

MOTIF filter11 
letter-probability matrix: alength= 4 w= 15 nsites= 15 
0.3190 0.2227 0.2028 0.2555 
0.2987 0.1752 0.1851 0.3410 
0.2345 0.3793 0.2460 0.1402 
0.1349 0.1612 0.0246 0.6793 
0.1209 0.1117 0.7124 0.0550 
0.2276 0.6787 0.0190 0.0747 
0.0635 0.2928 0.2774 0.3662 
0.0007 0.0023 0.5935 0.4035 
0.3682 0.6259 0.0000 0.0059 
0.5047 0.3911 0.0442 0.0599 
0.0439 0.0563 0.6325 0.2673 
0.0383 0.8791 0.0380 0.0445 
0.5762 0.0691 0.2014 0.1533 
0.1340 0.2624 0.3675 0.2362 
0.3046 0.2263 0.1916 0.2774 

MOTIF filter12 
letter-probability matrix: alength= 4 w= 11 nsites= 11 
0.3595 0.1532 0.3904 0.0970 
0.1803 0.0531 0.3626 0.4041 
0.0453 0.5854 0.1535 0.2157 
0.0299 0.0000 0.8208 0.1493 
0.3524 0.0257 0.3303 0.2916 
0.0014 0.0018 0.1971 0.7997 
0.4540 0.1114 0.0014 0.4332 
0.0727 0.7762 0.0014 0.1497 
0.2031 0.5808 0.0408 0.1753 
0.1539 0.6131 0.0502 0.1827 
0.6223 0.1283 0.1413 0.1082 

MOTIF filter13 
letter-probability matrix: alength= 4 w= 14 nsites= 14 
0.2246 0.2611 0.2813 0.2330 
0.2999 0.2325 0.3419 0.1257 
0.2945 0.1922 0.3396 0.1738 
0.0404 0.6867 0.2282 0.0447 
0.0000 0.7833 0.0100 0.2067 
0.2670 0.4174 0.2314 0.0842 
0.8249 0.0077 0.1289 0.0386 
0.0535 0.1150 0.0045 0.8269 
0.0917 0.2938 0.1772 0.4374 
0.1025 0.0633 0.8342 0.0000 
0.0338 0.1865 0.7423 0.0374 
0.2471 0.3167 0.1611 0.2752 
0.1422 0.3337 0.2010 0.3230 
0.2439 0.3360 0.2659 0.1543 

MOTIF filter14 
letter-probability matrix: alength= 4 w= 13 nsites= 13 
0.3133 0.1340 0.4789 0.0738 
0.4576 0.1692 0.2795 0.0936 
0.1085 0.6438 0.1074 0.1404 
0.2630 0.6115 0.1143 0.0112 
0.4809 0.0327 0.4094 0.0771 
0.0058 0.2197 0.2431 0.5315 
0.9799 0.0091 0.0074 0.0036 
0.0000 0.4045 0.0726 0.5229 
0.5021 0.0180 0.4696 0.0103 
0.0644 0.2046 0.0435 0.6875 
0.1863 0.2140 0.5039 0.0958 
0.2041 0.2066 0.3807 0.2086 
0.1631 0.2561 0.2614 0.3194 

MOTIF filter15 
letter-probability matrix: alength= 4 w= 14 nsites= 14 
0.2508 0.2416 0.2586 0.2490 
0.2581 0.2581 0.2231 0.2606 
0.3922 0.1924 0.3365 0.0789 
0.0373 0.0584 0.0524 0.8519 
0.0223 0.0531 0.1828 0.7417 
0.3102 0.0279 0.4527 0.2093 
0.0991 0.5961 0.0790 0.2258 
0.2222 0.0782 0.6115 0.0881 
0.2000 0.4686 0.0153 0.3161 
0.7350 0.1548 0.0530 0.0572 
0.8864 0.0409 0.0383 0.0344 
0.0829 0.3231 0.1834 0.4106 
0.2413 0.2676 0.2539 0.2373 
0.2498 0.2429 0.2470 0.2602 

MOTIF filter16 
letter-probability matrix: alength= 4 w= 13 nsites= 13 
0.3804 0.2076 0.3267 0.0854 
0.4953 0.2424 0.1654 0.0969 
0.0337 0.5627 0.1633 0.2403 
0.7260 0.0569 0.1728 0.0443 
0.0000 0.2698 0.0042 0.7260 
0.1296 0.0000 0.8588 0.0116 
0.5574 0.0011 0.0000 0.4415 
0.0316 0.1970 0.7713 0.0000 
0.0095 0.0485 0.0590 0.8830 
0.0843 0.8072 0.0169 0.0917 
0.9031 0.0369 0.0358 0.0242 
0.0527 0.3446 0.1939 0.4089 
0.2329 0.3456 0.2086 0.2129 

MOTIF filter17 
letter-probability matrix: alength= 4 w= 12 nsites= 12 
0.1632 0.0860 0.5340 0.2168 
0.1648 0.4295 0.1625 0.2431 
0.2201 0.3142 0.2993 0.1664 
0.2615 0.0207 0.5677 0.1501 
0.0265 0.9240 0.0246 0.0249 
0.0499 0.8627 0.0569 0.0305 
0.7906 0.0748 0.0734 0.0613 
0.0915 0.0474 0.0862 0.7750 
0.1260 0.3909 0.1897 0.2933 
0.1043 0.1657 0.1127 0.6173 
0.1201 0.2005 0.0534 0.6261 
0.2256 0.1847 0.3621 0.2277 

MOTIF filter18 
letter-probability matrix: alength= 4 w= 11 nsites= 11 
0.2609 0.1555 0.3995 0.1842 
0.1784 0.4140 0.1432 0.2643 
0.3192 0.0291 0.3397 0.3120 
0.0810 0.0024 0.8210 0.0956 
0.2274 0.7650 0.0063 0.0013 
0.2082 0.0691 0.5484 0.1743 
0.0046 0.0285 0.7132 0.2537 
0.2987 0.5501 0.0030 0.1483 
0.4365 0.2055 0.1654 0.1926 
0.2876 0.1886 0.3078 0.2160 
0.1975 0.3031 0.2254 0.2739 

MOTIF filter19 
letter-probability matrix: alength= 4 w= 15 nsites= 15 
0.1911 0.2298 0.2264 0.3528 
0.3157 0.1362 0.4749 0.0732 
0.3736 0.0226 0.4077 0.1962 
0.0404 0.8502 0.0387 0.0706 
0.0000 0.5928 0.0783 0.3289 
0.8549 0.1191 0.0230 0.0030 
0.4511 0.0055 0.0136 0.5298 
0.2391 0.0400 0.2864 0.4345 
0.2894 0.3413 0.1672 0.2021 
0.6238 0.0374 0.0204 0.3183 
0.0506 0.0370 0.0711 0.8413 
0.4353 0.0579 0.4770 0.0298 
0.1553 0.0370 0.7183 0.0894 
0.1962 0.2906 0.1413 0.3719 
0.1460 0.4268 0.2153 0.2119 

MOTIF filter20 
letter-probability matrix: alength= 4 w= 14 nsites= 14 
0.2760 0.2170 0.3029 0.2040 
0.1582 0.3184 0.1612 0.3622 
0.0832 0.5974 0.1703 0.1491 
0.1067 0.0894 0.1441 0.6599 
0.6697 0.0606 0.1906 0.0791 
0.5489 0.0454 0.2225 0.1833 
0.2282 0.4673 0.1484 0.1561 
0.8639 0.0071 0.0723 0.0568 
0.8555 0.0757 0.0014 0.0675 
0.0002 0.1210 0.2526 0.6262 
0.5694 0.1922 0.0000 0.2384 
0.1069 0.1917 0.6936 0.0078 
0.3098 0.3647 0.1933 0.1322 
0.1855 0.2086 0.2849 0.3209 

MOTIF filter21 
letter-probability matrix: alength= 4 w= 13 nsites= 13 
0.1147 0.3948 0.2119 0.2787 
0.1379 0.5239 0.1684 0.1698 
0.5588 0.1001 0.2656 0.0755 
0.0740 0.8142 0.0697 0.0421 
0.0929 0.0537 0.0972 0.7562 
0.0552 0.0290 0.0610 0.8549 
0.0015 0.9768 0.0218 0.0000 
0.0044 0.9942 0.0000 0.0015 
0.0000 0.0000 0.9869 0.0131 
0.0000 0.1538 0.8287 0.0174 
0.5951 0.1205 0.0958 0.1887 
0.4325 0.1872 0.1321 0.2482 
0.1959 0.1872 0.4253 0.1916 

MOTIF filter22 
letter-probability matrix: alength= 4 w= 13 nsites= 13 
0.2502 0.2724 0.2462 0.2313 
0.2693 0.2082 0.3046 0.2179 
0.3664 0.2185 0.2961 0.1190 
0.0971 0.0852 0.0663 0.7514 
0.0596 0.1065 0.6659 0.1680 
0.8198 0.0076 0.1309 0.0417 
0.0688 0.4239 0.4614 0.0460 
0.0067 0.0079 0.0000 0.9854 
0.0000 0.6622 0.3311 0.0067 
0.9830 0.0000 0.0170 0.0000 
0.0405 0.4160 0.2459 0.2976 
0.1674 0.2355 0.1096 0.4875 
0.2185 0.4069 0.2170 0.1576 

MOTIF filter23 
letter-probability matrix: alength= 4 w= 10 nsites= 10 
0.3199 0.1512 0.2480 0.2809 
0.2712 0.1925 0.3284 0.2080 
0.2743 0.1716 0.2053 0.3488 
0.2893 0.1031 0.5779 0.0297 
0.0452 0.0550 0.1465 0.7532 
0.7374 0.0514 0.0000 0.2112 
0.0003 0.6323 0.3668 0.0005 
0.0677 0.4421 0.0523 0.4380 
0.2970 0.0599 0.5536 0.0895 
0.2674 0.2846 0.2317 0.2164 

MOTIF filter24 
letter-probability matrix: alength= 4 w= 12 nsites= 12 
0.2722 0.2382 0.2513 0.2382 
0.3275 0.2178 0.2409 0.2138 
0.2384 0.2363 0.2960 0.2293 
0.0387 0.7043 0.2023 0.0548 
0.8492 0.0366 0.0525 0.0617 
0.0602 0.8542 0.0451 0.0405 
0.0411 0.0584 0.8569 0.0436 
0.0381 0.0543 0.0367 0.8709 
0.0560 0.0786 0.8144 0.0510 
0.2134 0.3270 0.2257 0.2339 
0.2465 0.2211 0.2149 0.3175 
0.2209 0.2390 0.2635 0.2766 

MOTIF filter25 
letter-probability matrix: alength= 4 w= 13 nsites= 13 
0.1658 0.0978 0.3803 0.3561 
0.2968 0.5127 0.1063 0.0841 
0.1783 0.3064 0.0769 0.4384 
0.9911 0.0028 0.0041 0.0020 
0.0850 0.0255 0.4779 0.4116 
0.7148 0.0946 0.0013 0.1894 
0.0756 0.0009 0.0013 0.9222 
0.3055 0.1090 0.3582 0.2273 
0.0065 0.1493 0.4208 0.4234 
0.5411 0.3541 0.0353 0.0695 
0.2602 0.1364 0.5110 0.0924 
0.3236 0.2447 0.2680 0.1637 
0.2083 0.3652 0.1981 0.2284 

MOTIF filter26 
letter-probability matrix: alength= 4 w= 13 nsites= 13 
0.3340 0.1198 0.1504 0.3958 
0.2108 0.3046 0.1453 0.3394 
0.1502 0.3984 0.2374 0.2140 
0.0437 0.0211 0.0154 0.9198 
0.0005 0.0618 0.6475 0.2903 
0.5420 0.3137 0.1411 0.0033 
0.0000 0.0068 0.1820 0.8112 
0.1408 0.0000 0.2419 0.6173 
0.3481 0.3188 0.2805 0.0526 
0.0058 0.2456 0.6451 0.1034 
0.0669 0.2437 0.1111 0.5782 
0.0339 0.5067 0.2379 0.2215 
0.3460 0.2627 0.2428 0.1485 

MOTIF filter27 
letter-probability matrix: alength= 4 w= 15 nsites= 15 
0.2472 0.2459 0.2474 0.2595 
0.2516 0.2427 0.2451 0.2606 
0.2119 0.2285 0.1816 0.3780 
0.0329 0.0724 0.0405 0.8542 
0.0258 0.0400 0.0782 0.8560 
0.2127 0.7118 0.0347 0.0408 
0.0692 0.5959 0.0195 0.3153 
0.2524 0.2266 0.2474 0.2735 
0.3051 0.0208 0.5928 0.0813 
0.0416 0.0308 0.7205 0.2072 
0.8805 0.0821 0.0068 0.0305 
0.9200 0.0190 0.0311 0.0300 
0.3906 0.1937 0.2087 0.2069 
0.2414 0.2582 0.2430 0.2574 
0.2656 0.2503 0.2451 0.2390 

MOTIF filter28 
letter-probability matrix: alength= 4 w= 12 nsites= 12 
0.0799 0.4677 0.1794 0.2730 
0.2988 0.1781 0.3726 0.1506 
0.0031 0.3005 0.2520 0.4445 
0.4321 0.1224 0.4372 0.0083 
0.0224 0.3327 0.2359 0.4090 
0.4424 0.2266 0.2912 0.0399 
0.0641 0.8019 0.0008 0.1331 
0.0290 0.2922 0.6659 0.0129 
0.0119 0.1993 0.7517 0.0371 
0.0755 0.0994 0.5255 0.2996 
0.3286 0.4640 0.1645 0.0429 
0.5488 0.2006 0.1365 0.1141 

MOTIF filter29 
letter-probability matrix: alength= 4 w= 16 nsites= 16 
0.1483 0.1928 0.1051 0.5538 
0.0216 0.2046 0.5470 0.2268 
0.2528 0.4468 0.2194 0.0810 
0.1329 0.6891 0.1551 0.0229 
0.0148 0.9450 0.0031 0.0371 
0.3548 0.4413 0.1125 0.0915 
0.4932 0.0358 0.0587 0.4122 
0.6724 0.2441 0.0822 0.0012 
0.0000 0.1891 0.0019 0.8090 
0.3344 0.6465 0.0173 0.0019 
0.5056 0.1743 0.0173 0.3028 
0.0340 0.1391 0.8059 0.0210 
0.0445 0.3628 0.5451 0.0476 
0.4190 0.1044 0.1755 0.3010 
0.2645 0.4209 0.1434 0.1712 
0.4549 0.0970 0.1038 0.3443 

MOTIF filter30 
letter-probability matrix: alength= 4 w= 10 nsites= 10 
0.1665 0.2879 0.2951 0.2505 
0.2211 0.2998 0.3555 0.1236 
0.3316 0.0816 0.2675 0.3194 
0.0012 0.7159 0.0186 0.2642 
0.0130 0.3292 0.6401 0.0176 
0.3945 0.0477 0.3949 0.1629 
0.0083 0.5938 0.3979 0.0000 
0.1586 0.4188 0.1155 0.3071 
0.1154 0.4842 0.1974 0.2029 
0.2510 0.2462 0.1713 0.3315 

MOTIF filter31 
letter-probability matrix: alength= 4 w= 14 nsites= 14 
0.1898 0.3494 0.2420 0.2188 
0.3012 0.2529 0.2773 0.1686 
0.3340 0.0779 0.4498 0.1384 
0.0444 0.7716 0.1429 0.0412 
0.1982 0.6956 0.0006 0.1055 
0.8951 0.0161 0.0888 0.0000 
0.5669 0.2432 0.0541 0.1358 
0.1332 0.0335 0.3263 0.5071 
0.0026 0.0566 0.0142 0.9266 
0.0560 0.0000 0.8192 0.1248 
0.0296 0.1152 0.8404 0.0148 
0.1429 0.4131 0.0592 0.3848 
0.1441 0.2761 0.2902 0.2896 
0.2149 0.2574 0.3764 0.1512 

