MEME version 4

ALPHABET= ACGT

Background letter frequencies:
A 0.2500 C 0.2500 G 0.2500 T 0.2500 

MOTIF filter0 
letter-probability matrix: alength= 4 w= 14 nsites= 14 
0.2587 0.2232 0.2631 0.2550 
0.2587 0.2528 0.2387 0.2498 
0.2831 0.1057 0.4930 0.1183 
0.1855 0.0044 0.6164 0.1936 
0.2639 0.0266 0.6822 0.0273 
0.0310 0.0244 0.9409 0.0037 
0.0067 0.0532 0.9268 0.0133 
0.2986 0.4708 0.0495 0.1811 
0.0488 0.0096 0.9320 0.0096 
0.0177 0.0148 0.9520 0.0155 
0.2801 0.0096 0.6637 0.0466 
0.2550 0.1079 0.6282 0.0089 
0.2365 0.4257 0.2269 0.1109 
0.2454 0.2313 0.2897 0.2336 

MOTIF filter1 
letter-probability matrix: alength= 4 w= 10 nsites= 10 
0.2674 0.3009 0.3280 0.1037 
0.4091 0.1610 0.2574 0.1725 
0.2601 0.1897 0.1498 0.4003 
0.0002 0.5658 0.3985 0.0355 
0.0000 0.2515 0.7485 0.0000 
0.0391 0.0234 0.3828 0.5547 
0.7481 0.0917 0.1366 0.0236 
0.1423 0.3265 0.2978 0.2334 
0.3801 0.2225 0.1704 0.2270 
0.2687 0.2293 0.2591 0.2429 

MOTIF filter2 
letter-probability matrix: alength= 4 w= 12 nsites= 12 
0.2089 0.3086 0.1981 0.2844 
0.1941 0.1860 0.1968 0.4232 
0.2008 0.2588 0.1348 0.4057 
0.0270 0.8491 0.1240 0.0000 
0.0472 0.9488 0.0000 0.0040 
0.0000 0.0013 0.9784 0.0202 
0.0000 0.0755 0.9191 0.0054 
0.9569 0.0202 0.0135 0.0094 
0.9717 0.0121 0.0054 0.0108 
0.1307 0.0741 0.7668 0.0283 
0.0620 0.3073 0.0472 0.5836 
0.2075 0.1456 0.5310 0.1159 

MOTIF filter3 
letter-probability matrix: alength= 4 w= 14 nsites= 14 
0.2014 0.2437 0.2041 0.3508 
0.1924 0.2598 0.3675 0.1804 
0.1859 0.2555 0.4449 0.1137 
0.0343 0.7149 0.1920 0.0588 
0.0580 0.7067 0.0825 0.1527 
0.5467 0.2175 0.2000 0.0359 
0.0025 0.0541 0.0580 0.8853 
0.2514 0.6276 0.1037 0.0173 
0.0000 0.3804 0.1249 0.4947 
0.7067 0.1065 0.0129 0.1739 
0.1151 0.0563 0.0771 0.7516 
0.2792 0.2451 0.3106 0.1651 
0.2275 0.0759 0.2586 0.4380 
0.2718 0.1984 0.1584 0.3714 

MOTIF filter4 
letter-probability matrix: alength= 4 w= 10 nsites= 10 
0.2252 0.5777 0.1176 0.0794 
0.4352 0.1298 0.2631 0.1719 
0.0717 0.2688 0.2452 0.4143 
0.1972 0.0094 0.7038 0.0896 
0.2970 0.1101 0.1203 0.4726 
0.0672 0.1488 0.6751 0.1089 
0.0355 0.9388 0.0025 0.0232 
0.2494 0.4439 0.0600 0.2468 
0.2089 0.4529 0.1793 0.1588 
0.4118 0.0281 0.3755 0.1846 

MOTIF filter5 
letter-probability matrix: alength= 4 w= 13 nsites= 13 
0.2444 0.2544 0.2506 0.2506 
0.2583 0.2366 0.2448 0.2603 
0.2070 0.2547 0.1863 0.3521 
0.0575 0.0944 0.0308 0.8173 
0.0518 0.0639 0.1288 0.7556 
0.1986 0.6738 0.0447 0.0829 
0.0949 0.5587 0.0261 0.3203 
0.2582 0.2330 0.2535 0.2553 
0.3201 0.0358 0.5647 0.0794 
0.0807 0.0569 0.6622 0.2002 
0.7269 0.1192 0.0921 0.0619 
0.8099 0.0701 0.0689 0.0510 
0.3748 0.1852 0.2244 0.2156 

MOTIF filter6 
letter-probability matrix: alength= 4 w= 12 nsites= 12 
0.2632 0.2512 0.2312 0.2544 
0.2602 0.2482 0.2576 0.2340 
0.2371 0.2528 0.2745 0.2355 
0.5577 0.0654 0.0549 0.3220 
0.0358 0.0444 0.0674 0.8524 
0.0681 0.2011 0.0380 0.6929 
0.6710 0.0415 0.2148 0.0726 
0.9045 0.0203 0.0594 0.0158 
0.3015 0.0353 0.0857 0.5775 
0.2481 0.2607 0.2534 0.2377 
0.2470 0.2474 0.2674 0.2382 
0.2524 0.2436 0.2416 0.2624 

MOTIF filter7 
letter-probability matrix: alength= 4 w= 16 nsites= 16 
0.2693 0.2087 0.3393 0.1827 
0.3333 0.1533 0.3287 0.1847 
0.3087 0.1707 0.2793 0.2413 
0.0233 0.7307 0.0980 0.1480 
0.0307 0.3227 0.2253 0.4213 
0.1453 0.1427 0.6607 0.0513 
0.8820 0.0120 0.0807 0.0253 
0.0007 0.7813 0.0440 0.1740 
0.0273 0.2567 0.0113 0.7047 
0.6473 0.0140 0.3387 0.0000 
0.2473 0.2187 0.5340 0.0000 
0.0300 0.2587 0.0253 0.6860 
0.0167 0.6313 0.1460 0.2060 
0.3393 0.2853 0.1753 0.2000 
0.3013 0.2320 0.3953 0.0713 
0.3407 0.1307 0.2387 0.2900 

MOTIF filter8 
letter-probability matrix: alength= 4 w= 13 nsites= 13 
0.2442 0.2458 0.2512 0.2588 
0.2387 0.1997 0.3402 0.2214 
0.4205 0.2078 0.3456 0.0260 
0.0260 0.0228 0.0038 0.9474 
0.0152 0.0109 0.9197 0.0543 
0.9430 0.0005 0.0336 0.0228 
0.0271 0.4634 0.4807 0.0288 
0.0033 0.0331 0.0293 0.9343 
0.0505 0.9154 0.0136 0.0206 
0.9674 0.0005 0.0206 0.0114 
0.0222 0.3310 0.2691 0.3776 
0.2132 0.3576 0.1953 0.2339 
0.2659 0.2105 0.2713 0.2523 

MOTIF filter9 
letter-probability matrix: alength= 4 w= 12 nsites= 12 
0.2460 0.2623 0.2467 0.2449 
0.3497 0.2211 0.2533 0.1760 
0.2611 0.2935 0.2661 0.1793 
0.0690 0.8233 0.0733 0.0344 
0.7470 0.0327 0.1084 0.1119 
0.0247 0.6870 0.0522 0.2361 
0.2260 0.0511 0.6899 0.0330 
0.1114 0.1068 0.0366 0.7452 
0.0562 0.0365 0.8079 0.0994 
0.2030 0.2634 0.2893 0.2443 
0.1896 0.2610 0.2106 0.3388 
0.2408 0.2512 0.2474 0.2605 

MOTIF filter10 
letter-probability matrix: alength= 4 w= 15 nsites= 15 
0.1450 0.1201 0.4927 0.2422 
0.1763 0.4622 0.1853 0.1763 
0.3116 0.2554 0.3081 0.1249 
0.2137 0.0208 0.6232 0.1423 
0.0437 0.8293 0.0632 0.0638 
0.0125 0.9514 0.0201 0.0160 
0.9750 0.0007 0.0014 0.0229 
0.3546 0.0014 0.0749 0.5690 
0.2415 0.2235 0.1360 0.3990 
0.2151 0.0486 0.0312 0.7051 
0.0173 0.0083 0.0021 0.9722 
0.1027 0.0923 0.6745 0.1305 
0.2484 0.1728 0.4192 0.1596 
0.2151 0.3505 0.1693 0.2651 
0.2394 0.2415 0.2394 0.2797 

MOTIF filter11 
letter-probability matrix: alength= 4 w= 13 nsites= 13 
0.1639 0.4780 0.0865 0.2716 
0.3414 0.1836 0.2322 0.2428 
0.4203 0.1730 0.2215 0.1851 
0.6176 0.0000 0.0243 0.3581 
0.9014 0.0319 0.0668 0.0000 
0.4871 0.0455 0.3414 0.1259 
0.9924 0.0076 0.0000 0.0000 
0.0986 0.0167 0.0030 0.8816 
0.0349 0.0167 0.9454 0.0030 
0.0000 0.0000 1.0000 0.0000 
0.0926 0.7420 0.0546 0.1108 
0.1411 0.2747 0.3414 0.2428 
0.1958 0.1108 0.5721 0.1214 

MOTIF filter12 
letter-probability matrix: alength= 4 w= 18 nsites= 18 
0.2807 0.2814 0.2439 0.1940 
0.2287 0.2412 0.2682 0.2620 
0.1809 0.1448 0.0679 0.6064 
0.0326 0.0922 0.6791 0.1961 
0.4387 0.3590 0.0887 0.1137 
0.0180 0.9258 0.0194 0.0367 
0.0014 0.7879 0.1989 0.0118 
0.6015 0.0014 0.1060 0.2911 
0.0478 0.0021 0.2918 0.6584 
0.8413 0.0575 0.0991 0.0021 
0.0014 0.0146 0.1649 0.8191 
0.8004 0.1109 0.0125 0.0762 
0.3063 0.0887 0.0000 0.6050 
0.0679 0.1649 0.7616 0.0055 
0.0132 0.0825 0.8531 0.0513 
0.1067 0.0721 0.3929 0.4283 
0.2266 0.5953 0.1067 0.0714 
0.6784 0.0256 0.0506 0.2453 

MOTIF filter13 
letter-probability matrix: alength= 4 w= 10 nsites= 10 
0.2411 0.1798 0.2396 0.3395 
0.2075 0.1638 0.2194 0.4094 
0.1971 0.1106 0.6089 0.0834 
0.0019 0.3872 0.6028 0.0081 
0.1999 0.1552 0.3607 0.2842 
0.0412 0.8388 0.0948 0.0252 
0.5364 0.0151 0.0017 0.4468 
0.4433 0.0919 0.1461 0.3186 
0.1099 0.2110 0.2206 0.4585 
0.2235 0.2801 0.2451 0.2513 

MOTIF filter14 
letter-probability matrix: alength= 4 w= 12 nsites= 12 
0.3155 0.2550 0.2318 0.1977 
0.3469 0.1882 0.2594 0.2055 
0.0495 0.3938 0.0658 0.4910 
0.0164 0.5450 0.3611 0.0775 
0.6817 0.1624 0.0919 0.0641 
0.3083 0.0166 0.1732 0.5018 
0.0010 0.1336 0.0004 0.8650 
0.0012 0.4437 0.5549 0.0002 
0.6741 0.0008 0.3251 0.0000 
0.4073 0.1998 0.0321 0.3609 
0.1065 0.1665 0.2000 0.5271 
0.1911 0.3664 0.3781 0.0643 

MOTIF filter15 
letter-probability matrix: alength= 4 w= 15 nsites= 15 
0.2593 0.3333 0.2963 0.1111 
0.2315 0.2500 0.1574 0.3611 
0.2685 0.3056 0.3981 0.0278 
0.0278 0.3611 0.0278 0.5833 
0.1019 0.6019 0.1852 0.1111 
0.0000 0.2315 0.6296 0.1389 
0.0463 0.6852 0.2222 0.0463 
1.0000 0.0000 0.0000 0.0000 
0.0000 0.7778 0.0000 0.2222 
0.1759 0.0000 0.4259 0.3981 
0.0093 0.0000 0.0000 0.9907 
0.9167 0.0833 0.0000 0.0000 
0.2037 0.5741 0.0278 0.1944 
0.3241 0.2222 0.3796 0.0741 
0.0370 0.2037 0.3241 0.4352 

MOTIF filter16 
letter-probability matrix: alength= 4 w= 13 nsites= 13 
0.2478 0.2452 0.2576 0.2494 
0.2505 0.3231 0.3057 0.1207 
0.1144 0.3910 0.2572 0.2373 
0.0106 0.4221 0.4767 0.0905 
0.1623 0.3657 0.4449 0.0272 
0.1360 0.2625 0.4141 0.1873 
0.1755 0.0721 0.4497 0.3026 
0.2200 0.4920 0.1458 0.1422 
0.7937 0.0514 0.1549 0.0000 
0.0000 0.4285 0.5643 0.0072 
0.2140 0.2146 0.2492 0.3223 
0.2550 0.2788 0.2210 0.2452 
0.2261 0.2901 0.2286 0.2551 

MOTIF filter17 
letter-probability matrix: alength= 4 w= 15 nsites= 15 
0.0772 0.1614 0.5357 0.2257 
0.2907 0.3138 0.3646 0.0309 
0.2116 0.5177 0.2360 0.0347 
0.0444 0.8894 0.0482 0.0180 
0.3826 0.4418 0.0399 0.1357 
0.4051 0.0926 0.0058 0.4965 
0.9498 0.0006 0.0103 0.0392 
0.0000 0.0257 0.0585 0.9158 
0.7678 0.1569 0.0752 0.0000 
0.2791 0.0135 0.0148 0.6926 
0.0650 0.1035 0.5756 0.2559 
0.1357 0.0630 0.7614 0.0399 
0.2109 0.0547 0.4354 0.2990 
0.1125 0.5563 0.1003 0.2309 
0.3376 0.2129 0.1466 0.3029 

MOTIF filter18 
letter-probability matrix: alength= 4 w= 13 nsites= 13 
0.2394 0.2878 0.2525 0.2203 
0.1213 0.3059 0.3287 0.2441 
0.0281 0.5426 0.1507 0.2786 
0.0628 0.5902 0.0355 0.3114 
0.0515 0.8840 0.0374 0.0271 
0.0331 0.8651 0.0378 0.0641 
0.1634 0.2295 0.3324 0.2747 
0.0347 0.7980 0.0883 0.0790 
0.0193 0.8477 0.0680 0.0651 
0.0220 0.6276 0.0618 0.2886 
0.1632 0.5931 0.0275 0.2162 
0.1234 0.4631 0.1447 0.2687 
0.2299 0.2821 0.2482 0.2398 

MOTIF filter19 
letter-probability matrix: alength= 4 w= 14 nsites= 14 
0.2250 0.2828 0.2624 0.2298 
0.2077 0.2759 0.2998 0.2167 
0.4001 0.0841 0.3721 0.1436 
0.0125 0.9000 0.0609 0.0267 
0.0367 0.2721 0.2240 0.4673 
0.4894 0.0498 0.4607 0.0000 
0.8702 0.0433 0.0865 0.0000 
0.0000 0.0599 0.0637 0.8764 
0.0225 0.3749 0.0090 0.5936 
0.4863 0.0308 0.4818 0.0010 
0.1031 0.0775 0.7248 0.0945 
0.2520 0.3347 0.0928 0.3205 
0.2350 0.3029 0.1665 0.2956 
0.2381 0.2018 0.3538 0.2063 

MOTIF filter20 
letter-probability matrix: alength= 4 w= 15 nsites= 15 
0.1271 0.1835 0.4771 0.2123 
0.3408 0.3290 0.1966 0.1337 
0.1370 0.5157 0.2110 0.1363 
0.0007 0.9089 0.0819 0.0085 
0.2923 0.2392 0.0020 0.4666 
0.2444 0.0904 0.2274 0.4377 
1.0000 0.0000 0.0000 0.0000 
0.0013 0.0000 0.0000 0.9987 
0.4024 0.0485 0.0216 0.5275 
0.1992 0.0000 0.4646 0.3362 
0.0000 0.0518 0.9456 0.0026 
0.0367 0.2936 0.4233 0.2464 
0.0917 0.2608 0.2261 0.4214 
0.2051 0.5111 0.2025 0.0813 
0.6435 0.1003 0.1474 0.1088 

MOTIF filter21 
letter-probability matrix: alength= 4 w= 10 nsites= 10 
0.2399 0.2176 0.2235 0.3189 
0.0119 0.0000 0.0000 0.9881 
0.0000 0.0000 1.0000 0.0000 
0.0507 0.9493 0.0000 0.0000 
0.0000 0.0000 0.0015 0.9985 
0.0000 0.0000 0.9270 0.0730 
0.9970 0.0000 0.0030 0.0000 
0.0641 0.4441 0.2727 0.2191 
0.2310 0.1729 0.0984 0.4978 
0.2146 0.3130 0.1520 0.3204 

MOTIF filter22 
letter-probability matrix: alength= 4 w= 12 nsites= 12 
0.2982 0.2271 0.2501 0.2246 
0.2287 0.2921 0.1534 0.3258 
0.1783 0.3635 0.2105 0.2477 
0.0000 0.1628 0.3647 0.4725 
0.9988 0.0000 0.0010 0.0002 
0.1102 0.0000 0.8898 0.0000 
0.4249 0.1397 0.0026 0.4329 
0.5885 0.0000 0.0000 0.4115 
0.0000 0.3974 0.4865 0.1161 
0.2069 0.3219 0.0000 0.4712 
0.2379 0.3052 0.2754 0.1814 
0.2189 0.2442 0.2577 0.2791 

MOTIF filter23 
letter-probability matrix: alength= 4 w= 14 nsites= 14 
0.1545 0.1277 0.3145 0.4033 
0.0315 0.8714 0.0000 0.0971 
0.0000 0.0019 0.0000 0.9981 
1.0000 0.0000 0.0000 0.0000 
0.2220 0.0250 0.1175 0.6355 
0.4283 0.0453 0.0009 0.5254 
0.4773 0.0879 0.0453 0.3895 
0.6272 0.0028 0.0953 0.2747 
0.0000 0.0000 0.0426 0.9574 
0.9722 0.0000 0.0278 0.0000 
0.1156 0.0000 0.8770 0.0074 
0.4163 0.3913 0.0601 0.1323 
0.2803 0.2479 0.2942 0.1776 
0.2294 0.2747 0.2516 0.2442 

MOTIF filter24 
letter-probability matrix: alength= 4 w= 14 nsites= 14 
0.2499 0.2426 0.2537 0.2538 
0.2558 0.2746 0.2234 0.2462 
0.4124 0.1758 0.3532 0.0587 
0.0311 0.0440 0.0613 0.8636 
0.0305 0.0345 0.1930 0.7419 
0.3085 0.0143 0.4888 0.1885 
0.0984 0.6071 0.0854 0.2091 
0.2162 0.0756 0.6090 0.0992 
0.1867 0.5053 0.0061 0.3018 
0.7427 0.1800 0.0325 0.0447 
0.8378 0.0568 0.0591 0.0463 
0.0778 0.3281 0.1670 0.4272 
0.2562 0.2581 0.2581 0.2277 
0.2494 0.2437 0.2419 0.2650 

MOTIF filter25 
letter-probability matrix: alength= 4 w= 15 nsites= 15 
0.3108 0.2194 0.2322 0.2377 
0.4881 0.0932 0.1590 0.2596 
0.2377 0.2907 0.4004 0.0713 
0.0000 0.0183 0.0018 0.9799 
0.0658 0.9324 0.0000 0.0018 
0.9854 0.0018 0.0055 0.0073 
0.0000 0.0000 0.9305 0.0695 
0.0000 1.0000 0.0000 0.0000 
0.9762 0.0000 0.0000 0.0238 
0.4095 0.1865 0.1463 0.2578 
0.4461 0.0548 0.0055 0.4936 
0.3729 0.0804 0.0256 0.5210 
0.3272 0.1261 0.0475 0.4991 
0.2706 0.2395 0.2523 0.2377 
0.2413 0.2523 0.2322 0.2742 

MOTIF filter26 
letter-probability matrix: alength= 4 w= 14 nsites= 14 
0.1485 0.2385 0.3703 0.2427 
0.0209 0.4372 0.2615 0.2803 
0.0962 0.5858 0.1611 0.1569 
0.6004 0.0314 0.3138 0.0544 
0.0000 0.8473 0.0314 0.1213 
0.0063 0.0021 0.0042 0.9874 
0.0042 0.0021 0.0042 0.9895 
0.0105 0.9686 0.0063 0.0146 
0.0084 0.9895 0.0000 0.0021 
0.0021 0.0000 0.8494 0.1485 
0.0105 0.2782 0.6381 0.0732 
0.1192 0.2197 0.2657 0.3954 
0.0669 0.2762 0.3431 0.3138 
0.2218 0.2552 0.1674 0.3556 

MOTIF filter27 
letter-probability matrix: alength= 4 w= 9 nsites= 9 
0.2934 0.0110 0.3257 0.3699 
0.3578 0.0354 0.2124 0.3944 
0.2482 0.0000 0.3049 0.4469 
0.6463 0.1488 0.0000 0.2048 
0.3568 0.4117 0.2303 0.0012 
0.0249 0.1662 0.0314 0.7775 
0.2695 0.2724 0.1883 0.2698 
0.3670 0.3365 0.0299 0.2666 
0.2706 0.2714 0.2268 0.2312 

MOTIF filter28 
letter-probability matrix: alength= 4 w= 15 nsites= 15 
0.2035 0.1381 0.3052 0.3532 
0.0552 0.7660 0.0698 0.1090 
0.0276 0.0756 0.0610 0.8358 
0.8227 0.0814 0.0552 0.0407 
0.1541 0.0015 0.0131 0.8314 
0.2456 0.0145 0.3256 0.4142 
0.4855 0.1715 0.0058 0.3372 
0.3576 0.5349 0.0000 0.1076 
0.0000 0.4142 0.0000 0.5858 
0.9913 0.0000 0.0044 0.0044 
0.0291 0.0000 0.5945 0.3765 
0.7137 0.2020 0.0349 0.0494 
0.1570 0.1032 0.1642 0.5756 
0.6148 0.1323 0.1148 0.1381 
0.2166 0.1657 0.1017 0.5160 

MOTIF filter29 
letter-probability matrix: alength= 4 w= 14 nsites= 14 
0.1889 0.4712 0.1566 0.1834 
0.2995 0.2397 0.2802 0.1806 
0.1669 0.0563 0.6154 0.1614 
0.0797 0.7747 0.0549 0.0907 
0.0179 0.9348 0.0282 0.0192 
0.9924 0.0007 0.0069 0.0000 
0.3922 0.0048 0.0391 0.5639 
0.1332 0.3743 0.2658 0.2266 
0.2871 0.0213 0.0062 0.6854 
0.0000 0.0172 0.0000 0.9828 
0.0996 0.1023 0.6710 0.1271 
0.2163 0.1696 0.4396 0.1745 
0.1875 0.4499 0.1353 0.2273 
0.2163 0.2527 0.2548 0.2761 

MOTIF filter30 
letter-probability matrix: alength= 4 w= 12 nsites= 12 
0.1147 0.4412 0.2550 0.1891 
0.1007 0.4039 0.2468 0.2486 
0.1531 0.0748 0.5056 0.2665 
0.0859 0.6465 0.2424 0.0252 
0.0889 0.5242 0.1925 0.1944 
0.0488 0.0001 0.9118 0.0393 
0.3739 0.3775 0.1971 0.0515 
0.5845 0.1002 0.3151 0.0002 
0.5672 0.0149 0.3755 0.0424 
0.0685 0.3027 0.4192 0.2095 
0.3619 0.2869 0.2370 0.1142 
0.1430 0.2259 0.0863 0.5448 

MOTIF filter31 
letter-probability matrix: alength= 4 w= 7 nsites= 7 
0.3919 0.0032 0.3089 0.2960 
0.2962 0.1942 0.5052 0.0043 
0.0455 0.0921 0.4001 0.4623 
0.0230 0.7762 0.0605 0.1403 
0.2129 0.5559 0.0130 0.2182 
0.2810 0.0635 0.2848 0.3707 
0.3117 0.2313 0.0021 0.4548 

