MEME version 4

ALPHABET= ACGT

Background letter frequencies:
A 0.2500 C 0.2500 G 0.2500 T 0.2500 

MOTIF filter0 
letter-probability matrix: alength= 4 w= 13 nsites= 13 
0.2402 0.2117 0.2300 0.3181 
0.2085 0.2045 0.3784 0.2086 
0.3215 0.3414 0.2529 0.0843 
0.0675 0.0180 0.0474 0.8671 
0.0622 0.0379 0.7549 0.1450 
0.7642 0.0906 0.0612 0.0840 
0.0992 0.4168 0.4216 0.0624 
0.0960 0.0350 0.0471 0.8220 
0.1077 0.7658 0.0448 0.0817 
0.8354 0.0426 0.0361 0.0860 
0.0771 0.2585 0.3418 0.3226 
0.2213 0.3433 0.2180 0.2173 
0.2894 0.2006 0.2365 0.2736 

MOTIF filter1 
letter-probability matrix: alength= 4 w= 14 nsites= 14 
0.2280 0.2574 0.2530 0.2616 
0.2436 0.2036 0.1357 0.4171 
0.4540 0.0086 0.4641 0.0733 
0.2166 0.6810 0.0822 0.0203 
0.0767 0.0593 0.0497 0.8144 
0.0237 0.0681 0.4568 0.4514 
0.4906 0.4683 0.0192 0.0218 
0.0824 0.4412 0.4033 0.0731 
0.0307 0.0257 0.5530 0.3905 
0.3848 0.4982 0.0861 0.0309 
0.6375 0.0335 0.1539 0.1750 
0.0645 0.1196 0.5767 0.2392 
0.0744 0.5356 0.0671 0.3229 
0.4737 0.1019 0.2444 0.1799 

MOTIF filter2 
letter-probability matrix: alength= 4 w= 13 nsites= 13 
0.2310 0.2574 0.2197 0.2919 
0.0539 0.0628 0.0374 0.8459 
0.0435 0.0812 0.1004 0.7749 
0.1936 0.6932 0.0388 0.0744 
0.0632 0.6509 0.0204 0.2655 
0.2670 0.2437 0.2770 0.2122 
0.2712 0.0267 0.6122 0.0898 
0.0606 0.0500 0.6955 0.1939 
0.7645 0.0836 0.0868 0.0651 
0.8600 0.0322 0.0356 0.0722 
0.3744 0.1815 0.2450 0.1992 
0.2400 0.2585 0.2464 0.2551 
0.2574 0.2394 0.2680 0.2352 

MOTIF filter3 
letter-probability matrix: alength= 4 w= 14 nsites= 14 
0.2701 0.2349 0.2475 0.2475 
0.2073 0.2337 0.2324 0.3266 
0.0628 0.5804 0.1709 0.1859 
0.0000 0.1106 0.0163 0.8731 
0.0025 0.1407 0.6985 0.1583 
0.9623 0.0063 0.0000 0.0314 
0.0000 0.0465 0.0113 0.9422 
0.0088 0.0075 0.0000 0.9837 
0.0452 0.1018 0.8530 0.0000 
0.1721 0.0038 0.8241 0.0000 
0.0854 0.3794 0.0075 0.5276 
0.0440 0.3995 0.1910 0.3656 
0.2173 0.3568 0.2915 0.1344 
0.3945 0.1533 0.3405 0.1118 

MOTIF filter4 
letter-probability matrix: alength= 4 w= 15 nsites= 15 
0.3934 0.2687 0.1579 0.1801 
0.3684 0.0748 0.1856 0.3712 
0.2327 0.2909 0.3795 0.0970 
0.0028 0.0249 0.0111 0.9612 
0.0748 0.9224 0.0028 0.0000 
0.9889 0.0000 0.0083 0.0028 
0.0000 0.0000 0.9446 0.0554 
0.0000 0.9972 0.0028 0.0000 
0.9889 0.0000 0.0000 0.0111 
0.4460 0.1856 0.1191 0.2493 
0.4321 0.0305 0.0000 0.5374 
0.4100 0.0471 0.0111 0.5319 
0.3158 0.0886 0.0443 0.5512 
0.2715 0.2271 0.2687 0.2327 
0.2410 0.2770 0.2355 0.2465 

MOTIF filter5 
letter-probability matrix: alength= 4 w= 12 nsites= 12 
0.2308 0.2351 0.2394 0.2947 
0.1954 0.2687 0.2878 0.2480 
0.2611 0.2022 0.2681 0.2686 
0.0001 0.9230 0.0285 0.0484 
0.2322 0.0002 0.0739 0.6938 
0.2474 0.3595 0.3931 0.0000 
0.7636 0.1948 0.0396 0.0020 
0.0000 0.4704 0.1498 0.3798 
0.0000 0.3427 0.1356 0.5217 
0.3681 0.2612 0.2227 0.1479 
0.2702 0.1778 0.3329 0.2190 
0.2607 0.2541 0.2110 0.2742 

MOTIF filter6 
letter-probability matrix: alength= 4 w= 13 nsites= 13 
0.0993 0.3037 0.3210 0.2759 
0.0398 0.5566 0.1507 0.2529 
0.4127 0.3536 0.1392 0.0945 
0.5264 0.4338 0.0389 0.0010 
0.2927 0.0082 0.0144 0.6847 
0.1689 0.1799 0.1060 0.5451 
0.1339 0.7836 0.0000 0.0825 
0.0010 0.6137 0.0024 0.3829 
0.0000 0.0480 0.7663 0.1857 
0.0907 0.0283 0.8781 0.0029 
0.4357 0.3628 0.0576 0.1440 
0.3805 0.1272 0.2529 0.2394 
0.1886 0.1099 0.5614 0.1401 

MOTIF filter7 
letter-probability matrix: alength= 4 w= 12 nsites= 12 
0.2544 0.2383 0.2570 0.2504 
0.2346 0.4005 0.2433 0.1216 
0.2169 0.1516 0.2225 0.4090 
0.5467 0.0422 0.3322 0.0790 
0.0462 0.5778 0.0014 0.3746 
0.0726 0.0000 0.4863 0.4411 
0.9922 0.0012 0.0033 0.0033 
0.1499 0.3010 0.1589 0.3901 
0.0184 0.1542 0.0054 0.8220 
0.4477 0.2803 0.0031 0.2690 
0.3927 0.0674 0.4922 0.0476 
0.1186 0.4752 0.0552 0.3510 

MOTIF filter8 
letter-probability matrix: alength= 4 w= 11 nsites= 11 
0.2239 0.2659 0.2640 0.2461 
0.2704 0.5483 0.1496 0.0317 
0.2737 0.4535 0.2698 0.0029 
0.0634 0.7470 0.1644 0.0252 
0.2730 0.2065 0.2761 0.2445 
0.0242 0.4162 0.0418 0.5178 
0.0603 0.7037 0.1905 0.0455 
0.0000 0.5485 0.2240 0.2275 
0.5008 0.2538 0.1197 0.1257 
0.3391 0.2877 0.1237 0.2496 
0.1583 0.2203 0.4799 0.1415 

MOTIF filter9 
letter-probability matrix: alength= 4 w= 13 nsites= 13 
0.3514 0.1768 0.2757 0.1960 
0.1099 0.3578 0.3863 0.1460 
0.4218 0.4578 0.0442 0.0762 
0.5835 0.2100 0.2065 0.0000 
0.7295 0.0908 0.1792 0.0006 
0.3234 0.0000 0.2967 0.3799 
0.0000 0.0070 0.0000 0.9930 
0.0000 0.0000 0.8895 0.1105 
0.0076 0.0093 0.9343 0.0489 
0.1565 0.6498 0.0204 0.1734 
0.1774 0.2437 0.3275 0.2513 
0.1920 0.1908 0.5061 0.1111 
0.2618 0.4689 0.1262 0.1431 

MOTIF filter10 
letter-probability matrix: alength= 4 w= 12 nsites= 12 
0.2667 0.1903 0.3991 0.1439 
0.2327 0.1328 0.4248 0.2097 
0.3133 0.0523 0.5259 0.1085 
0.0511 0.0357 0.8234 0.0898 
0.1112 0.0813 0.7504 0.0571 
0.3143 0.3770 0.0912 0.2176 
0.1193 0.0016 0.8561 0.0230 
0.0545 0.0162 0.8328 0.0966 
0.2906 0.0254 0.5694 0.1146 
0.2994 0.1284 0.5169 0.0553 
0.2392 0.3204 0.2851 0.1554 
0.2543 0.2339 0.2823 0.2296 

MOTIF filter11 
letter-probability matrix: alength= 4 w= 15 nsites= 15 
0.2506 0.2908 0.2250 0.2335 
0.1240 0.1737 0.1223 0.5800 
0.0043 0.0034 0.8589 0.1334 
0.0051 0.9897 0.0000 0.0051 
0.0000 0.2601 0.0000 0.7399 
0.7040 0.0009 0.2951 0.0000 
0.4217 0.0000 0.0000 0.5783 
0.1660 0.2284 0.1035 0.5021 
0.3944 0.0701 0.0154 0.5201 
0.2678 0.0231 0.0915 0.6176 
0.0650 0.0453 0.2926 0.5971 
0.7023 0.0086 0.1506 0.1386 
0.1386 0.1086 0.5868 0.1660 
0.3396 0.3114 0.1762 0.1728 
0.1925 0.2908 0.3088 0.2079 

MOTIF filter12 
letter-probability matrix: alength= 4 w= 14 nsites= 14 
0.2085 0.2364 0.4054 0.1497 
0.2775 0.1608 0.4642 0.0974 
0.1344 0.6413 0.1035 0.1208 
0.0512 0.9371 0.0086 0.0030 
0.6865 0.0467 0.0365 0.2303 
0.0954 0.0644 0.3349 0.5053 
0.8097 0.0837 0.0294 0.0771 
0.0000 0.0030 0.0015 0.9954 
0.2070 0.0259 0.1989 0.5682 
0.0771 0.0041 0.6388 0.2801 
0.0370 0.2887 0.6489 0.0254 
0.1289 0.2075 0.4353 0.2283 
0.1563 0.2085 0.3506 0.2846 
0.2709 0.5058 0.1111 0.1121 

MOTIF filter13 
letter-probability matrix: alength= 4 w= 12 nsites= 12 
0.2492 0.2484 0.2487 0.2536 
0.2539 0.0040 0.5523 0.1898 
0.1088 0.5855 0.2547 0.0510 
0.3170 0.4351 0.0616 0.1863 
0.3410 0.0003 0.6373 0.0213 
0.1133 0.4908 0.3286 0.0673 
0.2585 0.5349 0.1103 0.0963 
0.3264 0.0584 0.1408 0.4744 
0.0058 0.2254 0.5362 0.2326 
0.1088 0.4741 0.3341 0.0831 
0.1784 0.3020 0.1019 0.4177 
0.2100 0.0873 0.3395 0.3632 

MOTIF filter14 
letter-probability matrix: alength= 4 w= 10 nsites= 10 
0.2584 0.1104 0.3382 0.2931 
0.1565 0.4275 0.1960 0.2201 
0.4230 0.3406 0.2017 0.0347 
0.4775 0.1184 0.4036 0.0005 
0.0112 0.2296 0.0002 0.7590 
0.0186 0.4881 0.4923 0.0010 
0.7143 0.0358 0.2275 0.0224 
0.1119 0.1635 0.2310 0.4935 
0.0002 0.4011 0.4125 0.1863 
0.1005 0.2880 0.4474 0.1641 

MOTIF filter15 
letter-probability matrix: alength= 4 w= 12 nsites= 12 
0.2504 0.2481 0.2635 0.2380 
0.3304 0.2488 0.2414 0.1794 
0.2627 0.2934 0.2442 0.1996 
0.0571 0.8364 0.0622 0.0443 
0.8544 0.0319 0.0581 0.0556 
0.0300 0.6680 0.0296 0.2724 
0.1736 0.0276 0.7592 0.0396 
0.0755 0.0772 0.0647 0.7826 
0.0719 0.0554 0.8320 0.0406 
0.2150 0.3026 0.2390 0.2434 
0.1883 0.2472 0.2312 0.3333 
0.2483 0.2610 0.2325 0.2582 

MOTIF filter16 
letter-probability matrix: alength= 4 w= 13 nsites= 13 
0.1467 0.3102 0.3095 0.2336 
0.3211 0.2863 0.3124 0.0801 
0.4129 0.1217 0.3152 0.1502 
0.0217 0.5849 0.0309 0.3625 
0.0022 0.7885 0.1964 0.0129 
0.9761 0.0129 0.0009 0.0101 
0.6817 0.0236 0.0773 0.2174 
0.0473 0.0552 0.0394 0.8581 
0.1370 0.4483 0.3853 0.0293 
0.5760 0.0652 0.3257 0.0331 
0.1948 0.2145 0.4199 0.1708 
0.2180 0.2487 0.2504 0.2828 
0.2649 0.2594 0.2557 0.2200 

MOTIF filter17 
letter-probability matrix: alength= 4 w= 10 nsites= 10 
0.1844 0.2904 0.3163 0.2090 
0.3412 0.0000 0.3104 0.3483 
0.1996 0.5598 0.2155 0.0251 
0.1615 0.0004 0.3981 0.4400 
0.1200 0.4533 0.2136 0.2131 
0.0378 0.5427 0.2569 0.1626 
0.0034 0.0000 0.0159 0.9807 
0.4375 0.3003 0.0961 0.1661 
0.0120 0.5023 0.2897 0.1961 
0.2630 0.2117 0.3452 0.1800 

MOTIF filter18 
letter-probability matrix: alength= 4 w= 9 nsites= 9 
0.4393 0.0026 0.2113 0.3468 
0.1955 0.0548 0.5051 0.2446 
0.2912 0.4181 0.0145 0.2761 
0.0025 0.9820 0.0132 0.0022 
0.4345 0.0250 0.0677 0.4728 
0.0559 0.5368 0.3509 0.0564 
0.4599 0.1710 0.1316 0.2375 
0.2100 0.3648 0.1879 0.2374 
0.2327 0.2400 0.2476 0.2796 

MOTIF filter19 
letter-probability matrix: alength= 4 w= 12 nsites= 12 
0.2447 0.2953 0.2462 0.2138 
0.2555 0.2764 0.2523 0.2158 
0.2069 0.3243 0.2673 0.2015 
0.5935 0.0393 0.0007 0.3665 
0.0000 0.0029 0.0380 0.9590 
0.0000 0.2911 0.0010 0.7079 
0.7278 0.0002 0.2715 0.0005 
0.9988 0.0005 0.0007 0.0000 
0.3385 0.0000 0.0562 0.6053 
0.2037 0.2639 0.3088 0.2236 
0.2366 0.2617 0.2796 0.2221 
0.2423 0.2491 0.2622 0.2464 

MOTIF filter20 
letter-probability matrix: alength= 4 w= 12 nsites= 12 
0.1805 0.4133 0.1951 0.2111 
0.2595 0.1673 0.3690 0.2042 
0.1703 0.1167 0.2105 0.5025 
0.0884 0.3854 0.5179 0.0082 
0.6369 0.1064 0.2423 0.0144 
0.0000 0.3054 0.6946 0.0000 
0.0000 0.0223 0.0044 0.9733 
0.1551 0.3686 0.2855 0.1908 
0.6834 0.1210 0.1864 0.0092 
0.0301 0.2412 0.4105 0.3183 
0.2014 0.3416 0.2066 0.2504 
0.2914 0.2374 0.2389 0.2324 

MOTIF filter21 
letter-probability matrix: alength= 4 w= 15 nsites= 15 
0.2501 0.2515 0.2419 0.2565 
0.2345 0.5268 0.1773 0.0614 
0.0481 0.1590 0.2387 0.5543 
0.2345 0.6716 0.0147 0.0792 
0.1338 0.2639 0.0261 0.5763 
0.9258 0.0110 0.0463 0.0169 
0.1883 0.0000 0.2048 0.6070 
0.3289 0.5025 0.0082 0.1603 
0.2368 0.0073 0.0096 0.7462 
0.5195 0.0119 0.2180 0.2506 
0.0087 0.0069 0.5621 0.4224 
0.7714 0.1429 0.0224 0.0632 
0.1571 0.1438 0.6257 0.0733 
0.4517 0.2423 0.1759 0.1301 
0.2116 0.2863 0.2423 0.2597 

MOTIF filter22 
letter-probability matrix: alength= 4 w= 14 nsites= 14 
0.2612 0.2363 0.2437 0.2589 
0.2605 0.2558 0.2226 0.2612 
0.3918 0.2047 0.3265 0.0770 
0.0203 0.0479 0.0628 0.8689 
0.0316 0.0251 0.2066 0.7368 
0.3032 0.0367 0.4606 0.1994 
0.1124 0.5863 0.0756 0.2256 
0.2333 0.0867 0.5799 0.1001 
0.1966 0.4694 0.0370 0.2970 
0.7106 0.1925 0.0364 0.0605 
0.8276 0.0568 0.0698 0.0458 
0.0875 0.3174 0.1991 0.3959 
0.2524 0.2593 0.2396 0.2487 
0.2502 0.2372 0.2462 0.2663 

MOTIF filter23 
letter-probability matrix: alength= 4 w= 12 nsites= 12 
0.3179 0.1873 0.2231 0.2717 
0.2152 0.2141 0.3518 0.2188 
0.2606 0.3908 0.2557 0.0930 
0.0007 0.7676 0.1263 0.1054 
0.1072 0.3055 0.3632 0.2240 
0.4582 0.0458 0.2798 0.2163 
0.0483 0.8036 0.0265 0.1216 
0.0947 0.6232 0.0161 0.2661 
0.0644 0.0603 0.8753 0.0000 
0.0081 0.3608 0.4725 0.1585 
0.3876 0.1918 0.1899 0.2306 
0.3345 0.2169 0.1497 0.2988 

MOTIF filter24 
letter-probability matrix: alength= 4 w= 14 nsites= 14 
0.2547 0.2725 0.2162 0.2567 
0.2685 0.1145 0.2270 0.3899 
0.0948 0.0178 0.0938 0.7937 
0.0020 0.5035 0.4946 0.0000 
0.0701 0.9299 0.0000 0.0000 
0.0000 0.0000 0.7374 0.2626 
0.0000 0.0691 0.9309 0.0000 
0.9724 0.0010 0.0010 0.0257 
0.4689 0.1619 0.1362 0.2330 
0.1333 0.1540 0.5696 0.1431 
0.0671 0.2468 0.0395 0.6466 
0.2004 0.1826 0.4837 0.1333 
0.2695 0.2182 0.4186 0.0938 
0.2290 0.3435 0.2507 0.1767 

MOTIF filter25 
letter-probability matrix: alength= 4 w= 13 nsites= 13 
0.2434 0.3231 0.2102 0.2232 
0.2396 0.2885 0.2371 0.2348 
0.1494 0.3225 0.2887 0.2394 
0.0217 0.5345 0.1222 0.3216 
0.0837 0.5624 0.0039 0.3499 
0.0213 0.9302 0.0001 0.0484 
0.0421 0.8960 0.0009 0.0610 
0.1943 0.1743 0.3496 0.2818 
0.0501 0.7144 0.1258 0.1096 
0.0878 0.7192 0.0565 0.1365 
0.0772 0.5233 0.0795 0.3200 
0.2070 0.4730 0.0791 0.2409 
0.1567 0.3979 0.1749 0.2705 

MOTIF filter26 
letter-probability matrix: alength= 4 w= 14 nsites= 14 
0.1862 0.2059 0.3612 0.2467 
0.2165 0.1297 0.0328 0.6210 
0.0153 0.3976 0.5871 0.0000 
0.0630 0.8972 0.0171 0.0226 
0.4063 0.1414 0.0514 0.4009 
0.0299 0.1392 0.3808 0.4501 
0.8896 0.0266 0.0835 0.0004 
0.0036 0.2431 0.0634 0.6899 
0.4574 0.4501 0.0390 0.0536 
0.3404 0.0390 0.1979 0.4227 
0.1217 0.0656 0.6848 0.1279 
0.0809 0.1738 0.6060 0.1392 
0.3641 0.0769 0.3079 0.2511 
0.2216 0.3976 0.2325 0.1483 

MOTIF filter27 
letter-probability matrix: alength= 4 w= 13 nsites= 13 
0.2848 0.4511 0.0588 0.2053 
0.2231 0.3950 0.3367 0.0451 
0.2032 0.3748 0.0622 0.3598 
0.1566 0.0651 0.0930 0.6853 
0.4618 0.1139 0.4243 0.0000 
0.0813 0.1454 0.2194 0.5539 
0.3157 0.6620 0.0043 0.0180 
0.2141 0.3669 0.0122 0.4067 
0.1324 0.0761 0.7510 0.0405 
0.0901 0.0236 0.8835 0.0027 
0.1152 0.1947 0.1621 0.5280 
0.1754 0.3941 0.1936 0.2369 
0.4006 0.1513 0.2655 0.1825 

MOTIF filter28 
letter-probability matrix: alength= 4 w= 12 nsites= 12 
0.1999 0.2841 0.3454 0.1707 
0.1143 0.3828 0.3518 0.1512 
0.0586 0.3656 0.3881 0.1877 
0.0276 0.4209 0.5507 0.0008 
0.0819 0.3482 0.3587 0.2112 
0.1581 0.0510 0.5283 0.2626 
0.5219 0.0375 0.1389 0.3017 
0.5439 0.2524 0.1128 0.0909 
0.0000 0.5014 0.4980 0.0006 
0.3087 0.2742 0.1960 0.2211 
0.2651 0.2515 0.2930 0.1904 
0.2725 0.2563 0.2486 0.2226 

MOTIF filter29 
letter-probability matrix: alength= 4 w= 15 nsites= 15 
0.1664 0.2003 0.4083 0.2250 
0.2835 0.2529 0.1888 0.2748 
0.0131 0.8670 0.0055 0.1144 
0.0044 0.4882 0.0005 0.5068 
0.9157 0.0071 0.0033 0.0739 
0.2047 0.0066 0.0296 0.7592 
0.7148 0.0033 0.0159 0.2660 
0.2534 0.0372 0.0739 0.6355 
0.7252 0.0038 0.0000 0.2709 
0.0115 0.1768 0.0000 0.8117 
0.5293 0.0000 0.4707 0.0000 
0.0159 0.0000 0.9825 0.0016 
0.2583 0.3738 0.1795 0.1883 
0.3689 0.3908 0.1242 0.1160 
0.4598 0.1461 0.1691 0.2250 

MOTIF filter30 
letter-probability matrix: alength= 4 w= 13 nsites= 13 
0.2369 0.2885 0.2344 0.2403 
0.2354 0.2163 0.2253 0.3230 
0.1331 0.0038 0.5031 0.3601 
0.2211 0.6593 0.0373 0.0823 
0.0173 0.5822 0.1440 0.2565 
0.9693 0.0232 0.0042 0.0034 
0.3026 0.0920 0.0480 0.5574 
0.0048 0.3736 0.4620 0.1596 
0.4075 0.0560 0.1388 0.3978 
0.1514 0.1950 0.0002 0.6534 
0.4555 0.3072 0.2320 0.0053 
0.1855 0.0996 0.3788 0.3361 
0.2318 0.5517 0.0625 0.1539 

MOTIF filter31 
letter-probability matrix: alength= 4 w= 14 nsites= 14 
0.0684 0.2949 0.3939 0.2428 
0.1850 0.5731 0.1969 0.0449 
0.3093 0.4928 0.1262 0.0717 
0.0038 0.9517 0.0081 0.0363 
0.2729 0.0143 0.3365 0.3762 
0.0397 0.0019 0.0684 0.8901 
0.6606 0.3337 0.0010 0.0048 
0.4665 0.2318 0.0000 0.3016 
0.2739 0.0010 0.5817 0.1434 
0.0057 0.1248 0.2290 0.6405 
0.0163 0.1228 0.7414 0.1195 
0.1415 0.2457 0.5163 0.0966 
0.2653 0.1429 0.3356 0.2562 
0.2753 0.3102 0.2271 0.1874 

