MEME version 4

ALPHABET= ACGT

Background letter frequencies:
A 0.2500 C 0.2500 G 0.2500 T 0.2500 

MOTIF filter0 
letter-probability matrix: alength= 4 w= 15 nsites= 15 
0.1949 0.1798 0.2993 0.3260 
0.1323 0.7529 0.0429 0.0719 
0.0406 0.0000 0.2703 0.6891 
0.6079 0.3538 0.0209 0.0174 
0.4745 0.1961 0.0023 0.3271 
0.9246 0.0012 0.0696 0.0046 
0.5568 0.0186 0.1566 0.2680 
0.8329 0.0626 0.0035 0.1009 
0.0000 0.0000 0.0012 0.9988 
0.5244 0.0000 0.4316 0.0441 
0.0139 0.0046 0.9026 0.0789 
0.3944 0.5348 0.0174 0.0534 
0.1195 0.1798 0.4559 0.2448 
0.2320 0.2541 0.3109 0.2030 
0.2181 0.4292 0.1601 0.1926 

MOTIF filter1 
letter-probability matrix: alength= 4 w= 14 nsites= 14 
0.2875 0.2177 0.2374 0.2574 
0.3107 0.0787 0.1742 0.4364 
0.2945 0.2799 0.2034 0.2222 
0.0730 0.1308 0.0213 0.7750 
0.0555 0.0790 0.8527 0.0127 
0.2139 0.7693 0.0032 0.0136 
0.0451 0.1371 0.2393 0.5785 
0.0041 0.0000 0.5316 0.4643 
0.4833 0.5157 0.0003 0.0006 
0.5338 0.3110 0.0476 0.1076 
0.0663 0.0454 0.5017 0.3865 
0.0933 0.4932 0.1676 0.2460 
0.3818 0.0473 0.2653 0.3056 
0.1063 0.1606 0.4700 0.2631 

MOTIF filter2 
letter-probability matrix: alength= 4 w= 14 nsites= 14 
0.1447 0.1440 0.3574 0.3540 
0.1023 0.2244 0.5866 0.0867 
0.1343 0.5291 0.1646 0.1720 
0.0227 0.3642 0.5899 0.0232 
0.1074 0.1348 0.2185 0.5393 
0.3391 0.5068 0.1484 0.0057 
0.2771 0.4123 0.2767 0.0339 
0.2411 0.0452 0.6735 0.0402 
0.1615 0.2632 0.2496 0.3256 
0.0000 0.1902 0.5255 0.2843 
0.8082 0.1410 0.0002 0.0505 
0.2115 0.4103 0.0879 0.2903 
0.3163 0.2226 0.2079 0.2532 
0.2389 0.1840 0.4103 0.1669 

MOTIF filter3 
letter-probability matrix: alength= 4 w= 13 nsites= 13 
0.5280 0.1664 0.2828 0.0228 
0.3187 0.0937 0.5263 0.0613 
0.4116 0.2951 0.2933 0.0000 
0.0954 0.6033 0.0061 0.2951 
0.0000 0.0000 0.9982 0.0018 
0.0000 0.0193 0.9807 0.0000 
0.5447 0.4133 0.0026 0.0394 
0.5324 0.1173 0.1909 0.1594 
0.0499 0.0841 0.8599 0.0061 
0.0744 0.4799 0.0149 0.4308 
0.2364 0.1699 0.4405 0.1532 
0.2329 0.2785 0.3940 0.0946 
0.2285 0.3398 0.2557 0.1760 

MOTIF filter4 
letter-probability matrix: alength= 4 w= 11 nsites= 11 
0.0624 0.4042 0.1255 0.4079 
0.4604 0.0788 0.2642 0.1966 
0.0113 0.2588 0.3491 0.3808 
0.0042 0.5690 0.1806 0.2462 
0.0705 0.5588 0.0041 0.3666 
0.3220 0.2283 0.0139 0.4359 
0.2608 0.0171 0.0601 0.6619 
0.6140 0.0432 0.0818 0.2610 
0.4605 0.0045 0.3749 0.1601 
0.4376 0.1347 0.1777 0.2500 
0.2570 0.2433 0.1404 0.3593 

MOTIF filter5 
letter-probability matrix: alength= 4 w= 12 nsites= 12 
0.2713 0.2385 0.2157 0.2746 
0.3949 0.1207 0.2761 0.2083 
0.0475 0.3006 0.1761 0.4758 
0.6338 0.1142 0.2071 0.0449 
0.0130 0.1090 0.1253 0.7528 
0.1246 0.0404 0.0093 0.8257 
0.4832 0.0663 0.0224 0.4281 
0.3825 0.0750 0.0803 0.4622 
0.8776 0.0037 0.1019 0.0168 
0.2456 0.2542 0.1656 0.3346 
0.2459 0.2567 0.1944 0.3031 
0.2615 0.2270 0.2676 0.2439 

MOTIF filter6 
letter-probability matrix: alength= 4 w= 13 nsites= 13 
0.2543 0.2472 0.2484 0.2501 
0.2273 0.2182 0.3819 0.1726 
0.3479 0.1468 0.4450 0.0603 
0.0572 0.1757 0.1142 0.6528 
0.0000 0.1864 0.7533 0.0603 
0.9145 0.0059 0.0002 0.0793 
0.0777 0.3484 0.2940 0.2800 
0.0002 0.0009 0.0000 0.9988 
0.1439 0.5483 0.3073 0.0005 
0.7309 0.0000 0.2691 0.0000 
0.0739 0.3137 0.0603 0.5521 
0.1532 0.3458 0.2581 0.2429 
0.2358 0.2187 0.2995 0.2460 

MOTIF filter7 
letter-probability matrix: alength= 4 w= 9 nsites= 9 
0.3459 0.0830 0.4394 0.1316 
0.4639 0.0195 0.2799 0.2366 
0.1472 0.2163 0.5749 0.0616 
0.0993 0.7756 0.0003 0.1248 
0.0000 0.9938 0.0031 0.0031 
0.6072 0.0432 0.0000 0.3496 
0.1476 0.4703 0.0900 0.2921 
0.3430 0.0000 0.2743 0.3828 
0.1424 0.3369 0.2305 0.2903 

MOTIF filter8 
letter-probability matrix: alength= 4 w= 14 nsites= 14 
0.2816 0.2557 0.2182 0.2445 
0.0157 0.9212 0.0235 0.0395 
0.0355 0.6833 0.0443 0.2370 
0.6983 0.0378 0.0590 0.2049 
0.1033 0.0058 0.0102 0.8807 
0.6921 0.0825 0.0423 0.1831 
0.1326 0.0276 0.0774 0.7624 
0.8101 0.0147 0.0051 0.1701 
0.1879 0.0389 0.0331 0.7402 
0.2428 0.0638 0.6618 0.0317 
0.0559 0.0249 0.9018 0.0174 
0.2158 0.1797 0.2844 0.3202 
0.2571 0.4398 0.1793 0.1238 
0.4859 0.0924 0.1742 0.2475 

MOTIF filter9 
letter-probability matrix: alength= 4 w= 15 nsites= 15 
0.2775 0.2388 0.2792 0.2045 
0.2569 0.2921 0.2165 0.2345 
0.5017 0.1100 0.3488 0.0395 
0.0043 0.0017 0.0052 0.9888 
0.0000 0.0129 0.1418 0.8454 
0.3342 0.0000 0.5069 0.1589 
0.0034 0.8265 0.0000 0.1701 
0.1495 0.0026 0.8479 0.0000 
0.1838 0.5584 0.0000 0.2577 
0.9253 0.0747 0.0000 0.0000 
1.0000 0.0000 0.0000 0.0000 
0.0043 0.3900 0.0911 0.5146 
0.2818 0.2912 0.2595 0.1675 
0.2672 0.2165 0.2569 0.2595 
0.2552 0.2251 0.2732 0.2466 

MOTIF filter10 
letter-probability matrix: alength= 4 w= 15 nsites= 15 
0.4173 0.2057 0.1066 0.2704 
0.3165 0.2636 0.2393 0.1805 
0.2494 0.1847 0.0680 0.4979 
0.2435 0.0235 0.6616 0.0714 
0.0462 0.2905 0.0940 0.5693 
0.0017 0.0311 0.0101 0.9572 
0.0907 0.2561 0.6331 0.0202 
0.6801 0.2997 0.0008 0.0193 
0.0714 0.0840 0.7599 0.0848 
0.0613 0.7053 0.0025 0.2309 
0.9001 0.0579 0.0076 0.0344 
0.7456 0.0495 0.0537 0.1511 
0.1763 0.1562 0.1142 0.5533 
0.3182 0.1881 0.1780 0.3157 
0.2351 0.2603 0.1394 0.3652 

MOTIF filter11 
letter-probability matrix: alength= 4 w= 14 nsites= 14 
0.2348 0.2278 0.2638 0.2735 
0.1951 0.3138 0.1999 0.2912 
0.0919 0.1349 0.0204 0.7528 
0.2047 0.0430 0.7249 0.0274 
0.1682 0.6948 0.0462 0.0908 
0.1908 0.0220 0.0876 0.6996 
0.3466 0.0752 0.5244 0.0537 
0.5202 0.0489 0.0188 0.4121 
0.0414 0.5336 0.0607 0.3643 
0.9011 0.0113 0.0016 0.0860 
0.0881 0.0328 0.6889 0.1902 
0.1655 0.5159 0.0962 0.2225 
0.5776 0.0548 0.2203 0.1472 
0.2069 0.1918 0.3240 0.2773 

MOTIF filter12 
letter-probability matrix: alength= 4 w= 13 nsites= 13 
0.2634 0.2386 0.2765 0.2215 
0.3596 0.1891 0.1993 0.2520 
0.0453 0.5538 0.0477 0.3532 
0.0090 0.4061 0.1451 0.4399 
0.4779 0.0681 0.4515 0.0025 
0.5793 0.2162 0.2044 0.0000 
0.0166 0.0431 0.0197 0.9206 
0.0063 0.6140 0.2798 0.0998 
0.5432 0.0768 0.1882 0.1918 
0.0556 0.0199 0.9245 0.0000 
0.2384 0.3414 0.0461 0.3740 
0.2706 0.2435 0.1618 0.3240 
0.2435 0.2789 0.1912 0.2863 

MOTIF filter13 
letter-probability matrix: alength= 4 w= 13 nsites= 13 
0.2560 0.2339 0.2456 0.2646 
0.2253 0.2364 0.3011 0.2372 
0.3825 0.2060 0.3082 0.1032 
0.0850 0.0680 0.0662 0.7808 
0.0340 0.0134 0.7390 0.2136 
0.8529 0.0129 0.1025 0.0317 
0.0401 0.4962 0.4439 0.0198 
0.0335 0.0279 0.0084 0.9302 
0.0703 0.7965 0.0972 0.0360 
0.9424 0.0157 0.0195 0.0223 
0.0444 0.3673 0.2532 0.3351 
0.2555 0.2816 0.2022 0.2608 
0.2453 0.2407 0.2544 0.2595 

MOTIF filter14 
letter-probability matrix: alength= 4 w= 13 nsites= 13 
0.3035 0.2845 0.2306 0.1814 
0.2035 0.4459 0.2421 0.1085 
0.0079 0.9322 0.0521 0.0079 
0.2870 0.3799 0.0154 0.3177 
0.3470 0.0889 0.1117 0.4523 
0.9993 0.0000 0.0007 0.0000 
0.0000 0.0000 0.0000 1.0000 
0.5677 0.1171 0.0325 0.2828 
0.3399 0.0000 0.4149 0.2453 
0.0200 0.1185 0.8265 0.0350 
0.1442 0.1760 0.5087 0.1710 
0.1121 0.2235 0.3135 0.3509 
0.2842 0.4570 0.1424 0.1164 

MOTIF filter15 
letter-probability matrix: alength= 4 w= 10 nsites= 10 
0.0785 0.5051 0.3583 0.0581 
0.4956 0.2521 0.1461 0.1063 
0.5896 0.0854 0.0646 0.2604 
0.0000 0.0988 0.0192 0.8819 
0.0002 0.6014 0.2843 0.1141 
0.9167 0.0275 0.0558 0.0000 
0.8069 0.0468 0.0495 0.0968 
0.2475 0.0961 0.1581 0.4984 
0.0766 0.3431 0.5086 0.0718 
0.2947 0.2662 0.2488 0.1903 

MOTIF filter16 
letter-probability matrix: alength= 4 w= 15 nsites= 15 
0.2547 0.3216 0.2146 0.2091 
0.2162 0.3132 0.2217 0.2489 
0.1008 0.3271 0.2928 0.2793 
0.0139 0.5960 0.0692 0.3209 
0.0204 0.6787 0.0010 0.2999 
0.0527 0.9124 0.0039 0.0310 
0.0187 0.8694 0.0688 0.0430 
0.1538 0.2414 0.3484 0.2563 
0.0304 0.7973 0.1083 0.0640 
0.0061 0.8045 0.0995 0.0899 
0.0042 0.6752 0.0507 0.2699 
0.1626 0.6202 0.0236 0.1936 
0.1341 0.4935 0.1173 0.2550 
0.2149 0.2961 0.2411 0.2479 
0.2453 0.2877 0.2269 0.2401 

MOTIF filter17 
letter-probability matrix: alength= 4 w= 13 nsites= 13 
0.2727 0.2436 0.2960 0.1876 
0.3127 0.0167 0.5716 0.0989 
0.0095 0.9862 0.0029 0.0015 
0.0000 1.0000 0.0000 0.0000 
0.9709 0.0029 0.0000 0.0262 
0.5193 0.0625 0.1164 0.3018 
0.1302 0.2967 0.1295 0.4436 
0.0836 0.4262 0.1585 0.3316 
0.2458 0.0065 0.0058 0.7418 
0.0975 0.0909 0.7855 0.0262 
0.2713 0.1571 0.4175 0.1542 
0.3055 0.3273 0.1593 0.2080 
0.2298 0.2371 0.2575 0.2756 

MOTIF filter18 
letter-probability matrix: alength= 4 w= 11 nsites= 11 
0.2329 0.2579 0.3286 0.1806 
0.1316 0.0944 0.2181 0.5559 
0.1117 0.3212 0.0741 0.4930 
0.8077 0.0765 0.0516 0.0642 
0.0000 0.6643 0.3357 0.0000 
0.1664 0.2560 0.2966 0.2810 
0.0015 0.4357 0.4350 0.1278 
0.4618 0.0854 0.0000 0.4528 
0.4562 0.0679 0.3651 0.1107 
0.0681 0.2213 0.5469 0.1637 
0.4100 0.2620 0.2217 0.1063 

MOTIF filter19 
letter-probability matrix: alength= 4 w= 12 nsites= 12 
0.2703 0.2581 0.2394 0.2321 
0.1578 0.4260 0.2870 0.1291 
0.0717 0.6995 0.2085 0.0202 
0.5265 0.1703 0.0581 0.2451 
0.2026 0.0577 0.0539 0.6857 
0.5361 0.0330 0.4074 0.0235 
0.0331 0.1321 0.2842 0.5506 
0.2851 0.6124 0.0823 0.0202 
0.0956 0.7516 0.0210 0.1318 
0.0898 0.1556 0.6174 0.1373 
0.0444 0.2797 0.5767 0.0991 
0.2536 0.0768 0.3887 0.2809 

MOTIF filter20 
letter-probability matrix: alength= 4 w= 18 nsites= 18 
0.2240 0.2128 0.3114 0.2517 
0.1670 0.4403 0.2967 0.0960 
0.1003 0.7907 0.0917 0.0173 
0.1600 0.4394 0.0381 0.3625 
0.4654 0.0865 0.3478 0.1003 
0.4369 0.0285 0.0623 0.4723 
0.5043 0.1981 0.2907 0.0069 
0.0078 0.1133 0.0009 0.8780 
0.4490 0.5450 0.0000 0.0061 
0.6531 0.0017 0.1592 0.1860 
0.0104 0.0156 0.8192 0.1548 
0.0138 0.5735 0.4092 0.0035 
0.6626 0.1021 0.0830 0.1522 
0.2933 0.4550 0.0779 0.1739 
0.5251 0.0562 0.0164 0.4022 
0.3157 0.1687 0.0381 0.4775 
0.3443 0.1384 0.0588 0.4585 
0.2240 0.2673 0.2491 0.2595 

MOTIF filter21 
letter-probability matrix: alength= 4 w= 15 nsites= 15 
0.2463 0.2821 0.2250 0.2466 
0.2938 0.2167 0.2308 0.2587 
0.1789 0.2658 0.1723 0.3830 
0.0441 0.0470 0.0370 0.8719 
0.0436 0.0834 0.0591 0.8140 
0.1672 0.6723 0.0362 0.1243 
0.0591 0.6359 0.0505 0.2545 
0.2133 0.2603 0.3093 0.2171 
0.2549 0.0413 0.6530 0.0508 
0.0923 0.0505 0.6961 0.1611 
0.7598 0.0743 0.1025 0.0634 
0.8666 0.0437 0.0370 0.0527 
0.4015 0.1725 0.2469 0.1791 
0.2534 0.2377 0.2261 0.2828 
0.2465 0.2456 0.2763 0.2316 

MOTIF filter22 
letter-probability matrix: alength= 4 w= 9 nsites= 9 
0.2326 0.3617 0.2335 0.1721 
0.1626 0.2800 0.3909 0.1665 
0.1283 0.3502 0.3483 0.1732 
0.0025 0.4261 0.5692 0.0023 
0.0527 0.1512 0.0067 0.7894 
0.9515 0.0017 0.0468 0.0000 
0.0460 0.3281 0.2989 0.3270 
0.2336 0.2179 0.2861 0.2624 
0.2292 0.2702 0.2406 0.2599 

MOTIF filter23 
letter-probability matrix: alength= 4 w= 12 nsites= 12 
0.2445 0.2770 0.2444 0.2342 
0.3226 0.2303 0.2632 0.1839 
0.2510 0.3060 0.2514 0.1917 
0.0785 0.8312 0.0380 0.0523 
0.8590 0.0323 0.0633 0.0454 
0.0418 0.7444 0.0523 0.1615 
0.1945 0.0413 0.7344 0.0297 
0.0574 0.0574 0.0332 0.8520 
0.0428 0.0154 0.8752 0.0666 
0.1966 0.2514 0.3183 0.2337 
0.2030 0.2734 0.2013 0.3223 
0.2324 0.2533 0.2580 0.2563 

MOTIF filter24 
letter-probability matrix: alength= 4 w= 13 nsites= 13 
0.2753 0.2683 0.2272 0.2293 
0.1048 0.6454 0.1100 0.1398 
0.0377 0.5622 0.1608 0.2394 
0.4750 0.0264 0.3619 0.1367 
0.0129 0.1139 0.5821 0.2910 
0.9099 0.0000 0.0391 0.0510 
0.1057 0.1636 0.0000 0.7307 
0.3592 0.1439 0.2342 0.2627 
0.1303 0.0935 0.0000 0.7762 
0.0000 0.2873 0.7115 0.0013 
0.1100 0.2932 0.4192 0.1776 
0.1604 0.1089 0.4592 0.2715 
0.3603 0.3167 0.1943 0.1287 

MOTIF filter25 
letter-probability matrix: alength= 4 w= 15 nsites= 15 
0.2505 0.2561 0.2467 0.2467 
0.1015 0.0959 0.6099 0.1927 
0.0968 0.7561 0.0717 0.0754 
0.0521 0.7821 0.1164 0.0493 
0.8994 0.0000 0.1006 0.0000 
0.3520 0.1061 0.0791 0.4628 
0.1182 0.4888 0.2952 0.0978 
0.6909 0.0270 0.0019 0.2803 
0.0000 0.0186 0.0000 0.9814 
0.0251 0.1406 0.7756 0.0587 
0.0568 0.1201 0.6760 0.1471 
0.0652 0.6620 0.0596 0.2132 
0.1741 0.2384 0.2896 0.2980 
0.1983 0.1359 0.5009 0.1648 
0.2225 0.4460 0.1536 0.1778 

MOTIF filter26 
letter-probability matrix: alength= 4 w= 17 nsites= 17 
0.2818 0.2420 0.2276 0.2486 
0.3149 0.1541 0.1228 0.4082 
0.1782 0.2107 0.2480 0.3630 
0.0656 0.0837 0.1788 0.6719 
0.0181 0.2426 0.6207 0.1186 
0.4401 0.3371 0.2210 0.0018 
0.0000 0.0006 0.0000 0.9994 
0.0000 0.0000 0.2294 0.7706 
0.3119 0.0000 0.6556 0.0325 
0.0000 0.3841 0.5665 0.0494 
0.1246 0.1782 0.3414 0.3558 
0.0211 0.6340 0.0193 0.3257 
0.5695 0.1686 0.2089 0.0530 
0.6659 0.0608 0.2480 0.0253 
0.0704 0.3564 0.1595 0.4136 
0.2354 0.1945 0.3064 0.2637 
0.1282 0.2775 0.2679 0.3263 

MOTIF filter27 
letter-probability matrix: alength= 4 w= 15 nsites= 15 
0.1008 0.3953 0.2292 0.2747 
0.1443 0.5040 0.2115 0.1403 
0.5593 0.1304 0.2213 0.0889 
0.1739 0.6324 0.1601 0.0336 
0.0573 0.0237 0.0573 0.8617 
0.0178 0.0000 0.0553 0.9269 
0.0791 0.6245 0.2905 0.0059 
0.0059 0.9901 0.0000 0.0040 
0.0138 0.0000 0.9822 0.0040 
0.0040 0.3755 0.5514 0.0692 
0.8083 0.0751 0.0316 0.0850 
0.7747 0.0474 0.0771 0.1008 
0.0316 0.1818 0.4842 0.3024 
0.1304 0.2885 0.1798 0.4012 
0.2609 0.1660 0.4229 0.1502 

MOTIF filter28 
letter-probability matrix: alength= 4 w= 15 nsites= 15 
0.2505 0.2233 0.2750 0.2513 
0.2443 0.2602 0.2602 0.2353 
0.2544 0.1280 0.4947 0.1229 
0.2135 0.0198 0.5928 0.1739 
0.2797 0.0416 0.6639 0.0148 
0.0307 0.0692 0.8619 0.0381 
0.0377 0.0751 0.8440 0.0432 
0.2929 0.4026 0.1035 0.2011 
0.0669 0.0132 0.8969 0.0229 
0.0879 0.0074 0.8444 0.0603 
0.2913 0.0008 0.6674 0.0405 
0.3007 0.0723 0.6223 0.0047 
0.2672 0.3341 0.2711 0.1276 
0.2563 0.2069 0.2890 0.2478 
0.2474 0.2439 0.2684 0.2404 

MOTIF filter29 
letter-probability matrix: alength= 4 w= 10 nsites= 10 
0.2504 0.2578 0.2489 0.2429 
0.1471 0.3988 0.1835 0.2706 
0.2612 0.0807 0.3175 0.3406 
0.0332 0.5016 0.4645 0.0008 
0.3332 0.1215 0.0968 0.4486 
0.9904 0.0000 0.0000 0.0096 
0.0000 0.7034 0.2966 0.0000 
0.1185 0.3550 0.2306 0.2959 
0.1999 0.2379 0.4171 0.1451 
0.1105 0.3529 0.3124 0.2242 

MOTIF filter30 
letter-probability matrix: alength= 4 w= 15 nsites= 15 
0.2257 0.2447 0.2823 0.2472 
0.2183 0.1732 0.2760 0.3325 
0.1297 0.6326 0.0470 0.1908 
0.0751 0.1650 0.0617 0.6982 
0.8406 0.0095 0.0365 0.1134 
0.2847 0.0528 0.0816 0.5808 
0.4225 0.0721 0.0388 0.4666 
0.4704 0.0201 0.0353 0.4742 
0.6367 0.0305 0.0261 0.3067 
0.0804 0.0134 0.0641 0.8421 
0.7022 0.0558 0.1996 0.0424 
0.2102 0.0612 0.6231 0.1055 
0.3282 0.3028 0.1651 0.2039 
0.2414 0.2823 0.2403 0.2360 
0.2936 0.2338 0.2417 0.2309 

MOTIF filter31 
letter-probability matrix: alength= 4 w= 13 nsites= 13 
0.2514 0.2473 0.2530 0.2484 
0.1192 0.2172 0.3399 0.3237 
0.0794 0.4905 0.3410 0.0891 
0.4447 0.0000 0.5130 0.0423 
0.0414 0.9512 0.0068 0.0005 
0.4591 0.0563 0.2925 0.1920 
0.0200 0.0967 0.0905 0.7928 
0.0154 0.7644 0.1040 0.1162 
0.3348 0.3513 0.0723 0.2416 
0.6265 0.0000 0.3288 0.0447 
0.2229 0.1035 0.2557 0.4179 
0.2221 0.2541 0.0967 0.4271 
0.0051 0.2300 0.3445 0.4204 

