MEME version 4

ALPHABET= ACGT

Background letter frequencies:
A 0.2500 C 0.2500 G 0.2500 T 0.2500 

MOTIF filter0 
letter-probability matrix: alength= 4 w= 12 nsites= 12 
0.2371 0.2819 0.2382 0.2428 
0.2595 0.2652 0.2043 0.2710 
0.4856 0.1720 0.2952 0.0472 
0.0046 0.0069 0.0000 0.9885 
0.0046 0.0075 0.0541 0.9338 
0.3257 0.0219 0.4960 0.1565 
0.0305 0.7894 0.0069 0.1732 
0.1594 0.0293 0.7687 0.0426 
0.1260 0.6001 0.0052 0.2687 
0.8728 0.1036 0.0127 0.0109 
0.9781 0.0052 0.0092 0.0075 
0.0443 0.3406 0.1559 0.4591 

MOTIF filter1 
letter-probability matrix: alength= 4 w= 14 nsites= 14 
0.2097 0.2730 0.2781 0.2391 
0.4025 0.0803 0.1916 0.3256 
0.5071 0.0594 0.1266 0.3070 
0.4375 0.0141 0.0509 0.4975 
0.3183 0.1894 0.1193 0.3731 
0.1758 0.0006 0.0136 0.8101 
0.0090 0.0000 0.8756 0.1153 
0.0667 0.7920 0.0000 0.1413 
0.0752 0.0006 0.0000 0.9243 
0.1374 0.0000 0.7287 0.1340 
0.8366 0.0418 0.0328 0.0888 
0.1803 0.2640 0.3477 0.2080 
0.2284 0.1063 0.1798 0.4856 
0.1911 0.3233 0.2527 0.2329 

MOTIF filter2 
letter-probability matrix: alength= 4 w= 13 nsites= 13 
0.2444 0.2392 0.2505 0.2658 
0.2388 0.2144 0.3307 0.2161 
0.3900 0.2488 0.3137 0.0475 
0.0357 0.0357 0.0344 0.8941 
0.0296 0.0353 0.8658 0.0693 
0.9059 0.0235 0.0349 0.0357 
0.0453 0.4671 0.4627 0.0248 
0.0166 0.0078 0.0057 0.9699 
0.0523 0.9111 0.0096 0.0270 
0.9682 0.0126 0.0092 0.0100 
0.0288 0.3155 0.2893 0.3664 
0.2083 0.3582 0.1943 0.2392 
0.2854 0.2179 0.2449 0.2519 

MOTIF filter3 
letter-probability matrix: alength= 4 w= 16 nsites= 16 
0.2827 0.1369 0.1160 0.4644 
0.2236 0.1557 0.4362 0.1844 
0.2822 0.3219 0.1408 0.2551 
0.0237 0.7510 0.0607 0.1645 
0.1038 0.5820 0.0983 0.2159 
0.6251 0.0641 0.1695 0.1414 
0.0293 0.1563 0.0033 0.8112 
0.4412 0.3650 0.1657 0.0282 
0.5113 0.0061 0.0022 0.4804 
0.7885 0.0000 0.0000 0.2115 
0.0210 0.0033 0.0011 0.9746 
0.1309 0.1276 0.7416 0.0000 
0.1430 0.0044 0.8526 0.0000 
0.1662 0.3302 0.1817 0.3219 
0.1629 0.5218 0.1750 0.1403 
0.5566 0.1607 0.1425 0.1403 

MOTIF filter4 
letter-probability matrix: alength= 4 w= 16 nsites= 16 
0.2416 0.2508 0.2530 0.2547 
0.2486 0.2547 0.2578 0.2389 
0.1549 0.1007 0.3405 0.4039 
0.0919 0.7007 0.0293 0.1781 
0.0188 0.0420 0.0284 0.9107 
0.9002 0.0109 0.0543 0.0346 
0.2832 0.0328 0.0919 0.5921 
0.4372 0.0726 0.0363 0.4538 
0.4604 0.0061 0.0118 0.5217 
0.6210 0.0635 0.0088 0.3068 
0.0626 0.0171 0.0219 0.8985 
0.9247 0.0372 0.0324 0.0057 
0.1794 0.0289 0.7028 0.0888 
0.4118 0.3431 0.1015 0.1435 
0.2683 0.2516 0.2639 0.2162 
0.2582 0.2573 0.2477 0.2368 

MOTIF filter5 
letter-probability matrix: alength= 4 w= 12 nsites= 12 
0.2487 0.1793 0.4028 0.1692 
0.0480 0.5899 0.1689 0.1932 
0.2429 0.2384 0.4976 0.0211 
0.2489 0.0001 0.7069 0.0441 
0.3231 0.1323 0.2760 0.2687 
0.0763 0.3428 0.0220 0.5588 
0.0000 0.7458 0.2542 0.0000 
0.1066 0.0674 0.0052 0.8208 
0.4170 0.4822 0.0625 0.0383 
0.1547 0.1767 0.0991 0.5695 
0.2183 0.3060 0.2886 0.1871 
0.2436 0.3050 0.1803 0.2711 

MOTIF filter6 
letter-probability matrix: alength= 4 w= 14 nsites= 14 
0.2472 0.1136 0.3267 0.3125 
0.3324 0.1136 0.2415 0.3125 
0.1278 0.1364 0.2727 0.4631 
0.5170 0.0227 0.3778 0.0824 
0.1733 0.8125 0.0057 0.0085 
0.0057 0.2159 0.0909 0.6875 
0.3636 0.6364 0.0000 0.0000 
0.0739 0.8636 0.0625 0.0000 
0.0057 0.0028 0.0114 0.9801 
0.7443 0.2216 0.0057 0.0284 
0.0000 0.7045 0.2727 0.0227 
0.2926 0.4261 0.0312 0.2500 
0.0994 0.3977 0.1250 0.3778 
0.1051 0.4006 0.0852 0.4091 

MOTIF filter7 
letter-probability matrix: alength= 4 w= 13 nsites= 13 
0.1315 0.5215 0.3085 0.0385 
0.3217 0.3638 0.1423 0.1722 
0.1430 0.3842 0.0735 0.3993 
0.5953 0.1053 0.2994 0.0000 
0.0071 0.0136 0.0385 0.9409 
0.1930 0.7558 0.0422 0.0089 
0.3898 0.2738 0.0956 0.2408 
0.0106 0.0638 0.5380 0.3876 
0.0182 0.1648 0.4599 0.3571 
0.1464 0.1523 0.2235 0.4778 
0.0450 0.4575 0.0642 0.4333 
0.2553 0.1960 0.0671 0.4815 
0.2663 0.2278 0.2109 0.2950 

MOTIF filter8 
letter-probability matrix: alength= 4 w= 13 nsites= 13 
0.3714 0.1252 0.2900 0.2134 
0.5453 0.1676 0.2341 0.0530 
0.1267 0.3256 0.2678 0.2799 
0.1537 0.1956 0.6508 0.0000 
0.0154 0.0226 0.0650 0.8969 
0.1378 0.3189 0.5323 0.0111 
0.0250 0.0067 0.2038 0.7645 
0.7765 0.0077 0.2115 0.0043 
0.0000 0.7803 0.1050 0.1146 
0.7071 0.0487 0.1113 0.1329 
0.2466 0.2746 0.1614 0.3174 
0.1594 0.2722 0.0963 0.4721 
0.2254 0.2702 0.1898 0.3145 

MOTIF filter9 
letter-probability matrix: alength= 4 w= 11 nsites= 11 
0.2632 0.1860 0.2546 0.2962 
0.3743 0.2211 0.3686 0.0361 
0.4887 0.1931 0.2733 0.0449 
0.2678 0.6821 0.0501 0.0000 
0.1051 0.5520 0.0092 0.3338 
0.5006 0.0455 0.4415 0.0124 
0.7725 0.0072 0.0175 0.2028 
0.0003 0.2070 0.2816 0.5111 
0.2621 0.2269 0.2696 0.2413 
0.1151 0.3325 0.1613 0.3912 
0.2224 0.2656 0.1937 0.3183 

MOTIF filter10 
letter-probability matrix: alength= 4 w= 12 nsites= 12 
0.2507 0.2611 0.2494 0.2389 
0.3455 0.2226 0.2588 0.1732 
0.2466 0.3022 0.2644 0.1868 
0.0673 0.8209 0.0621 0.0496 
0.8105 0.0429 0.0698 0.0769 
0.0342 0.6761 0.0382 0.2515 
0.2415 0.0404 0.6743 0.0437 
0.0550 0.1063 0.0311 0.8076 
0.0560 0.0405 0.8216 0.0819 
0.1865 0.2785 0.2839 0.2511 
0.2003 0.2647 0.2008 0.3342 
0.2418 0.2500 0.2482 0.2599 

MOTIF filter11 
letter-probability matrix: alength= 4 w= 11 nsites= 11 
0.2400 0.2383 0.3088 0.2129 
0.1920 0.2853 0.3318 0.1908 
0.3631 0.0000 0.3509 0.2860 
0.0409 0.5768 0.2961 0.0862 
0.5598 0.0005 0.0802 0.3595 
0.8621 0.0057 0.0004 0.1318 
0.0005 0.8980 0.0996 0.0019 
0.0000 0.5402 0.2018 0.2580 
0.2052 0.3130 0.2863 0.1954 
0.2543 0.2211 0.2852 0.2394 
0.3166 0.1646 0.2897 0.2291 

MOTIF filter12 
letter-probability matrix: alength= 4 w= 11 nsites= 11 
0.2620 0.2614 0.2563 0.2204 
0.2285 0.2714 0.2663 0.2338 
0.4470 0.1196 0.1064 0.3270 
0.0000 0.0144 0.0002 0.9854 
0.0000 0.2818 0.1450 0.5732 
0.7985 0.0004 0.2009 0.0002 
0.9885 0.0000 0.0000 0.0115 
0.3612 0.0000 0.0144 0.6245 
0.1686 0.3056 0.3723 0.1535 
0.1926 0.3075 0.3105 0.1894 
0.2317 0.2933 0.1803 0.2947 

MOTIF filter13 
letter-probability matrix: alength= 4 w= 13 nsites= 13 
0.2520 0.2624 0.2393 0.2463 
0.2756 0.2275 0.2455 0.2514 
0.1905 0.2514 0.1778 0.3802 
0.0665 0.0324 0.0341 0.8670 
0.0268 0.0426 0.0623 0.8684 
0.1925 0.7342 0.0279 0.0454 
0.0583 0.6046 0.0197 0.3174 
0.2469 0.2393 0.2827 0.2311 
0.3145 0.0149 0.6088 0.0617 
0.0428 0.0220 0.7314 0.2038 
0.8520 0.0679 0.0414 0.0386 
0.9329 0.0245 0.0178 0.0248 
0.3932 0.1776 0.2325 0.1967 

MOTIF filter14 
letter-probability matrix: alength= 4 w= 10 nsites= 10 
0.2533 0.3163 0.2912 0.1392 
0.0000 0.4439 0.2226 0.3335 
0.2995 0.4314 0.0213 0.2478 
0.0000 0.4296 0.0081 0.5622 
0.7525 0.0156 0.2315 0.0003 
0.2004 0.6246 0.0173 0.1576 
0.2899 0.1918 0.5183 0.0000 
0.1026 0.2704 0.4611 0.1660 
0.0986 0.3069 0.3810 0.2135 
0.1501 0.3263 0.3498 0.1738 

MOTIF filter15 
letter-probability matrix: alength= 4 w= 16 nsites= 16 
0.1685 0.3105 0.2533 0.2676 
0.1869 0.2860 0.2686 0.2584 
0.0480 0.3636 0.3238 0.2646 
0.0501 0.6333 0.1440 0.1726 
0.3790 0.2952 0.2227 0.1032 
0.0031 0.7620 0.1195 0.1154 
0.0000 0.5669 0.0082 0.4249 
0.0388 0.2135 0.1277 0.6200 
0.0000 1.0000 0.0000 0.0000 
0.0000 0.9949 0.0000 0.0051 
0.0235 0.2053 0.5250 0.2462 
0.0133 0.7375 0.1951 0.0541 
0.0102 0.6527 0.1226 0.2145 
0.0255 0.4954 0.2063 0.2727 
0.1348 0.5495 0.0715 0.2441 
0.1655 0.4137 0.2380 0.1828 

MOTIF filter16 
letter-probability matrix: alength= 4 w= 14 nsites= 14 
0.2374 0.2492 0.2644 0.2490 
0.2615 0.1432 0.4612 0.1341 
0.2154 0.0381 0.5319 0.2145 
0.2819 0.0690 0.5906 0.0586 
0.0546 0.0695 0.8180 0.0579 
0.0809 0.0926 0.7730 0.0535 
0.2811 0.3751 0.1481 0.1956 
0.0933 0.0788 0.8252 0.0027 
0.0624 0.0336 0.8768 0.0272 
0.3031 0.0174 0.6501 0.0294 
0.2920 0.1499 0.5439 0.0142 
0.2318 0.3283 0.2926 0.1474 
0.2167 0.2726 0.2786 0.2321 
0.2474 0.2477 0.2760 0.2289 

MOTIF filter17 
letter-probability matrix: alength= 4 w= 10 nsites= 10 
0.0866 0.5553 0.1700 0.1882 
0.4465 0.0741 0.1372 0.3422 
0.4186 0.0182 0.1465 0.4168 
0.0018 0.9183 0.0794 0.0004 
0.1247 0.0018 0.8309 0.0426 
0.0626 0.8256 0.0000 0.1119 
0.0289 0.1123 0.7794 0.0794 
0.4598 0.1602 0.2583 0.1216 
0.1500 0.5477 0.1833 0.1190 
0.2002 0.2428 0.4261 0.1309 

MOTIF filter18 
letter-probability matrix: alength= 4 w= 7 nsites= 7 
0.1834 0.2873 0.2276 0.3017 
0.1814 0.2382 0.2966 0.2838 
0.2573 0.1338 0.3412 0.2677 
0.0000 0.3213 0.6787 0.0000 
0.3682 0.0001 0.2201 0.4117 
0.3537 0.0049 0.4570 0.1844 
0.3750 0.1792 0.3783 0.0675 

MOTIF filter19 
letter-probability matrix: alength= 4 w= 13 nsites= 13 
0.2444 0.2085 0.2941 0.2530 
0.2133 0.3335 0.2073 0.2459 
0.2532 0.4375 0.1646 0.1447 
0.9561 0.0015 0.0353 0.0071 
0.6632 0.0126 0.1169 0.2073 
0.3105 0.2489 0.3620 0.0785 
0.7915 0.0187 0.0730 0.1169 
0.0439 0.0808 0.0270 0.8483 
0.1063 0.0616 0.7576 0.0745 
0.0581 0.0384 0.8432 0.0603 
0.1591 0.5966 0.0909 0.1535 
0.2174 0.2257 0.3123 0.2446 
0.1899 0.1790 0.4706 0.1606 

MOTIF filter20 
letter-probability matrix: alength= 4 w= 13 nsites= 13 
0.1841 0.4641 0.2057 0.1461 
0.2131 0.3813 0.2700 0.1355 
0.0791 0.1239 0.5876 0.2094 
0.0016 0.9536 0.0032 0.0417 
0.0084 0.9420 0.0016 0.0480 
0.5301 0.4562 0.0095 0.0042 
0.0000 0.3597 0.0090 0.6313 
0.0237 0.3834 0.1498 0.4430 
0.0005 0.4979 0.0164 0.4852 
0.0032 0.5385 0.0016 0.4568 
0.1197 0.5206 0.1229 0.2368 
0.2706 0.3998 0.1113 0.2184 
0.2553 0.1667 0.3154 0.2627 

MOTIF filter21 
letter-probability matrix: alength= 4 w= 14 nsites= 14 
0.2219 0.2453 0.3559 0.1770 
0.2029 0.2543 0.3492 0.1936 
0.2043 0.1578 0.3855 0.2524 
0.0432 0.5915 0.3653 0.0000 
0.0007 0.5551 0.2600 0.1842 
0.2510 0.1858 0.3304 0.2327 
0.5274 0.3617 0.0494 0.0616 
0.0295 0.6119 0.0061 0.3525 
0.0298 0.5430 0.2069 0.2204 
0.0718 0.5551 0.3730 0.0000 
0.0156 0.3841 0.4970 0.1033 
0.1192 0.4068 0.1518 0.3221 
0.1921 0.3815 0.2086 0.2178 
0.2749 0.2758 0.2828 0.1665 

MOTIF filter22 
letter-probability matrix: alength= 4 w= 16 nsites= 16 
0.2612 0.2730 0.2760 0.1898 
0.3142 0.2730 0.1935 0.2193 
0.0807 0.0789 0.3777 0.4627 
0.0511 0.7443 0.0949 0.1097 
0.0604 0.0043 0.1183 0.8170 
0.8946 0.0000 0.1047 0.0006 
0.2643 0.2187 0.0567 0.4603 
0.3179 0.2594 0.0105 0.4122 
0.4781 0.0000 0.0006 0.5213 
0.7221 0.0653 0.0025 0.2101 
0.0000 0.0055 0.0099 0.9846 
0.8965 0.0887 0.0148 0.0000 
0.2557 0.0400 0.6741 0.0302 
0.4405 0.3752 0.1152 0.0690 
0.2754 0.1861 0.3309 0.2076 
0.2711 0.2403 0.2619 0.2267 

MOTIF filter23 
letter-probability matrix: alength= 4 w= 9 nsites= 9 
0.1700 0.1666 0.2925 0.3708 
0.1308 0.2807 0.2540 0.3345 
0.3676 0.2205 0.4111 0.0008 
0.0009 0.6349 0.2996 0.0645 
0.0093 0.0000 0.1353 0.8554 
0.5040 0.0083 0.0478 0.4399 
0.3701 0.4144 0.0226 0.1929 
0.4559 0.2359 0.2783 0.0300 
0.1008 0.4024 0.3519 0.1449 

MOTIF filter24 
letter-probability matrix: alength= 4 w= 20 nsites= 20 
0.2411 0.2569 0.2563 0.2457 
0.2635 0.2339 0.2424 0.2602 
0.1831 0.0817 0.1120 0.6232 
0.0474 0.0804 0.6337 0.2385 
0.3570 0.3491 0.1232 0.1706 
0.0086 0.9697 0.0204 0.0013 
0.0046 0.9025 0.0277 0.0652 
0.5619 0.0343 0.1179 0.2859 
0.0883 0.0817 0.2194 0.6107 
0.5830 0.1133 0.2997 0.0040 
0.0026 0.0586 0.0856 0.8531 
0.5758 0.2833 0.0105 0.1304 
0.3880 0.1693 0.0000 0.4427 
0.0020 0.3874 0.5942 0.0165 
0.0250 0.2681 0.6924 0.0145 
0.2866 0.0856 0.3939 0.2339 
0.3722 0.4717 0.0784 0.0777 
0.6884 0.0389 0.0329 0.2398 
0.2431 0.2622 0.1976 0.2971 
0.2062 0.2754 0.2029 0.3155 

MOTIF filter25 
letter-probability matrix: alength= 4 w= 9 nsites= 9 
0.2000 0.1812 0.4308 0.1881 
0.5612 0.0827 0.1993 0.1569 
0.4484 0.4002 0.1395 0.0119 
0.0855 0.7859 0.0386 0.0900 
0.0032 0.1091 0.0099 0.8778 
0.0014 0.1110 0.2732 0.6144 
0.2055 0.4835 0.0000 0.3110 
0.1640 0.3245 0.2619 0.2496 
0.1603 0.3500 0.2228 0.2669 

MOTIF filter26 
letter-probability matrix: alength= 4 w= 10 nsites= 10 
0.2517 0.3006 0.1719 0.2758 
0.1077 0.1833 0.3609 0.3481 
0.1487 0.1871 0.3525 0.3118 
0.0587 0.1047 0.8304 0.0062 
0.6452 0.0202 0.2754 0.0592 
0.0606 0.0909 0.0021 0.8464 
0.0068 0.8646 0.0479 0.0808 
0.3661 0.3653 0.0620 0.2066 
0.4599 0.2220 0.2806 0.0375 
0.4360 0.3009 0.1400 0.1231 

MOTIF filter27 
letter-probability matrix: alength= 4 w= 14 nsites= 14 
0.1342 0.4306 0.2310 0.2042 
0.2480 0.3558 0.2382 0.1580 
0.2259 0.0331 0.5584 0.1826 
0.0730 0.6917 0.1686 0.0667 
0.0221 0.6820 0.0208 0.2752 
0.5992 0.0909 0.2981 0.0119 
0.4463 0.0437 0.0955 0.4144 
0.1312 0.4501 0.0263 0.3924 
0.0000 0.3011 0.0055 0.6934 
0.0862 0.0025 0.7304 0.1809 
0.0187 0.0374 0.9079 0.0361 
0.3070 0.3516 0.0242 0.3172 
0.1495 0.2123 0.3074 0.3308 
0.1805 0.2989 0.3796 0.1410 

MOTIF filter28 
letter-probability matrix: alength= 4 w= 11 nsites= 11 
0.2447 0.4021 0.1455 0.2077 
0.2857 0.1521 0.2487 0.3135 
0.1415 0.1495 0.1548 0.5542 
0.0000 0.8373 0.1627 0.0000 
0.1098 0.8889 0.0000 0.0013 
0.0000 0.0000 0.9696 0.0304 
0.0000 0.1124 0.8849 0.0026 
0.9140 0.0172 0.0212 0.0476 
0.8426 0.0384 0.0450 0.0741 
0.0913 0.0503 0.7857 0.0728 
0.0489 0.2672 0.0384 0.6455 

MOTIF filter29 
letter-probability matrix: alength= 4 w= 12 nsites= 12 
0.3213 0.2038 0.2117 0.2632 
0.3543 0.0731 0.2875 0.2852 
0.1661 0.3166 0.3123 0.2050 
0.0063 0.2852 0.0008 0.7078 
0.0212 0.8519 0.1265 0.0004 
0.5652 0.4203 0.0145 0.0000 
0.0605 0.0004 0.7612 0.1779 
0.0000 0.9073 0.0911 0.0016 
0.8001 0.1991 0.0008 0.0000 
0.2376 0.4156 0.0966 0.2502 
0.3488 0.2321 0.0212 0.3979 
0.2828 0.2345 0.0475 0.4352 

MOTIF filter30 
letter-probability matrix: alength= 4 w= 15 nsites= 15 
0.3831 0.1840 0.1818 0.2511 
0.3965 0.0593 0.3221 0.2220 
0.2617 0.1717 0.3484 0.2181 
0.0582 0.6516 0.2260 0.0643 
0.3087 0.0666 0.5537 0.0710 
0.0117 0.6012 0.3490 0.0380 
0.0699 0.0638 0.2740 0.5923 
0.2796 0.2192 0.0833 0.4178 
0.0386 0.8098 0.1102 0.0414 
0.1023 0.2299 0.6387 0.0291 
0.1471 0.0017 0.7120 0.1393 
0.7763 0.0151 0.1969 0.0117 
0.5884 0.1862 0.0716 0.1538 
0.1303 0.1734 0.5050 0.1913 
0.1454 0.2304 0.0498 0.5744 

MOTIF filter31 
letter-probability matrix: alength= 4 w= 14 nsites= 14 
0.1529 0.1520 0.4899 0.2052 
0.3843 0.2247 0.2779 0.1132 
0.1664 0.4088 0.2812 0.1436 
0.0000 0.9054 0.0557 0.0389 
0.1444 0.3083 0.0017 0.5456 
0.2027 0.1039 0.4248 0.2686 
1.0000 0.0000 0.0000 0.0000 
0.0000 0.0008 0.0068 0.9924 
0.2694 0.0861 0.1402 0.5042 
0.3564 0.0000 0.4772 0.1664 
0.0008 0.0110 0.9882 0.0000 
0.0752 0.3041 0.3041 0.3167 
0.0566 0.2998 0.2095 0.4341 
0.2238 0.4611 0.2171 0.0980 

