MEME version 4

ALPHABET= ACGT

Background letter frequencies:
A 0.2500 C 0.2500 G 0.2500 T 0.2500 

MOTIF filter0 
letter-probability matrix: alength= 4 w= 17 nsites= 17 
0.2862 0.5465 0.0335 0.1338 
0.2193 0.1524 0.0558 0.5725 
0.2751 0.1413 0.3457 0.2379 
0.6580 0.0558 0.0929 0.1933 
0.1450 0.3234 0.5019 0.0297 
0.0000 0.0000 0.0000 1.0000 
0.0037 0.9963 0.0000 0.0000 
1.0000 0.0000 0.0000 0.0000 
0.0000 0.0000 0.9703 0.0297 
0.0000 1.0000 0.0000 0.0000 
0.9926 0.0000 0.0000 0.0074 
0.4387 0.1673 0.1524 0.2416 
0.4015 0.0483 0.0186 0.5316 
0.3829 0.0074 0.0000 0.6097 
0.2862 0.0781 0.0000 0.6357 
0.2528 0.2416 0.2602 0.2454 
0.2714 0.3011 0.2007 0.2268 

MOTIF filter1 
letter-probability matrix: alength= 4 w= 13 nsites= 13 
0.2342 0.2613 0.2505 0.2541 
0.2649 0.2721 0.2613 0.2018 
0.2577 0.2973 0.2072 0.2378 
0.0342 0.0090 0.3964 0.5604 
0.0054 0.9856 0.0000 0.0090 
0.0000 0.0000 0.0000 1.0000 
1.0000 0.0000 0.0000 0.0000 
0.2432 0.0000 0.0000 0.7568 
0.5063 0.0000 0.0000 0.4937 
0.6054 0.0000 0.0000 0.3946 
0.7910 0.0000 0.0000 0.2090 
0.0000 0.0000 0.0000 1.0000 
1.0000 0.0000 0.0000 0.0000 

MOTIF filter2 
letter-probability matrix: alength= 4 w= 12 nsites= 12 
0.2956 0.3039 0.3619 0.0387 
0.5829 0.1188 0.2541 0.0442 
0.2127 0.2680 0.4530 0.0663 
0.0221 0.9337 0.0442 0.0000 
0.9751 0.0000 0.0166 0.0083 
0.0000 0.9834 0.0110 0.0055 
0.0055 0.0000 0.9724 0.0221 
0.0000 0.0000 0.0000 1.0000 
0.0028 0.0000 0.9972 0.0000 
0.1851 0.1326 0.3867 0.2956 
0.1961 0.2320 0.1713 0.4006 
0.1077 0.3453 0.3066 0.2403 

MOTIF filter3 
letter-probability matrix: alength= 4 w= 14 nsites= 14 
0.2351 0.2708 0.2582 0.2359 
0.2712 0.2607 0.2305 0.2376 
0.4433 0.1646 0.3535 0.0386 
0.0130 0.0109 0.0172 0.9589 
0.0105 0.0084 0.1092 0.8720 
0.3224 0.0076 0.5327 0.1373 
0.0659 0.7305 0.0399 0.1637 
0.1679 0.0516 0.7401 0.0403 
0.1419 0.5722 0.0055 0.2804 
0.8489 0.1217 0.0147 0.0147 
0.9589 0.0164 0.0139 0.0109 
0.0516 0.3279 0.1683 0.4521 
0.2473 0.2746 0.2641 0.2141 
0.2334 0.2292 0.2720 0.2653 

MOTIF filter4 
letter-probability matrix: alength= 4 w= 18 nsites= 18 
0.2408 0.2295 0.2729 0.2568 
0.2584 0.2697 0.2183 0.2536 
0.2295 0.2921 0.2648 0.2135 
0.0995 0.0273 0.3403 0.5329 
0.0177 0.9342 0.0000 0.0482 
0.0000 0.0000 0.0000 1.0000 
1.0000 0.0000 0.0000 0.0000 
0.2472 0.0000 0.0048 0.7480 
0.4735 0.0000 0.0000 0.5265 
0.5554 0.0000 0.0000 0.4446 
0.7223 0.0016 0.0000 0.2761 
0.0000 0.0000 0.0000 1.0000 
1.0000 0.0000 0.0000 0.0000 
0.0064 0.0000 0.9936 0.0000 
0.5024 0.3997 0.0257 0.0722 
0.2825 0.2327 0.2584 0.2263 
0.2697 0.2295 0.2360 0.2648 
0.2665 0.2761 0.2311 0.2263 

MOTIF filter5 
letter-probability matrix: alength= 4 w= 12 nsites= 12 
0.2176 0.2843 0.2730 0.2252 
0.4528 0.2075 0.1912 0.1484 
0.2579 0.2881 0.3094 0.1447 
0.0000 1.0000 0.0000 0.0000 
0.9987 0.0000 0.0013 0.0000 
0.0000 0.9472 0.0000 0.0528 
0.0000 0.0000 1.0000 0.0000 
0.0025 0.0013 0.0000 0.9962 
0.0000 0.0000 1.0000 0.0000 
0.1610 0.3082 0.3484 0.1824 
0.1585 0.2352 0.1421 0.4642 
0.2767 0.2591 0.2579 0.2063 

MOTIF filter6 
letter-probability matrix: alength= 4 w= 16 nsites= 16 
0.2568 0.2218 0.2296 0.2918 
0.3113 0.2451 0.2335 0.2101 
0.2257 0.3152 0.1673 0.2918 
0.2879 0.6148 0.0272 0.0700 
0.2568 0.1751 0.0506 0.5175 
0.2646 0.1518 0.3152 0.2685 
0.6848 0.0117 0.0895 0.2140 
0.1323 0.3113 0.5447 0.0117 
0.0000 0.0000 0.0000 1.0000 
0.0039 0.9961 0.0000 0.0000 
1.0000 0.0000 0.0000 0.0000 
0.0000 0.0000 1.0000 0.0000 
0.0000 1.0000 0.0000 0.0000 
1.0000 0.0000 0.0000 0.0000 
0.4475 0.1673 0.1012 0.2840 
0.3969 0.0039 0.0000 0.5992 

MOTIF filter7 
letter-probability matrix: alength= 4 w= 14 nsites= 14 
0.2033 0.2141 0.3171 0.2656 
0.5691 0.0894 0.2249 0.1165 
0.1436 0.4444 0.3360 0.0759 
0.0000 1.0000 0.0000 0.0000 
1.0000 0.0000 0.0000 0.0000 
0.0000 1.0000 0.0000 0.0000 
0.0000 0.0000 1.0000 0.0000 
0.0000 0.0000 0.0000 1.0000 
0.0000 0.0000 1.0000 0.0000 
0.0271 0.4255 0.3577 0.1897 
0.0352 0.2710 0.1165 0.5772 
0.2493 0.1572 0.2304 0.3631 
0.2358 0.2818 0.2439 0.2385 
0.1978 0.2249 0.3469 0.2304 

MOTIF filter8 
letter-probability matrix: alength= 4 w= 12 nsites= 12 
0.2585 0.2669 0.2391 0.2355 
0.2754 0.2319 0.2283 0.2645 
0.2645 0.2536 0.2355 0.2464 
1.0000 0.0000 0.0000 0.0000 
0.0000 0.0000 0.0000 1.0000 
0.0000 0.4469 0.0000 0.5531 
1.0000 0.0000 0.0000 0.0000 
1.0000 0.0000 0.0000 0.0000 
0.9928 0.0000 0.0000 0.0072 
0.2681 0.2295 0.2258 0.2766 
0.2452 0.2415 0.2428 0.2705 
0.2258 0.2754 0.2609 0.2379 

MOTIF filter9 
letter-probability matrix: alength= 4 w= 17 nsites= 17 
0.2700 0.2493 0.2255 0.2552 
0.2493 0.2819 0.2582 0.2107 
0.2374 0.2433 0.2582 0.2611 
0.1128 0.0148 0.7003 0.1721 
0.0772 0.7151 0.1187 0.0890 
0.2878 0.3323 0.2611 0.1187 
0.0564 0.0000 0.8576 0.0861 
0.0000 1.0000 0.0000 0.0000 
0.0000 1.0000 0.0000 0.0000 
1.0000 0.0000 0.0000 0.0000 
0.0000 0.0000 0.0000 1.0000 
0.0089 0.4540 0.1454 0.3917 
0.0000 0.0148 0.0000 0.9852 
0.0000 0.0119 0.0000 0.9881 
0.0682 0.0831 0.7240 0.1246 
0.2819 0.2285 0.2463 0.2433 
0.2018 0.2760 0.2641 0.2582 

MOTIF filter10 
letter-probability matrix: alength= 4 w= 19 nsites= 19 
0.2407 0.2656 0.2407 0.2531 
0.2863 0.2241 0.2033 0.2863 
0.2490 0.2614 0.2407 0.2490 
0.5311 0.0041 0.1286 0.3361 
0.7178 0.0166 0.0207 0.2448 
0.4357 0.0000 0.0207 0.5436 
0.2863 0.1577 0.1162 0.4398 
0.0083 0.0000 0.0000 0.9917 
0.0000 0.0000 1.0000 0.0000 
0.0124 0.9876 0.0000 0.0000 
0.0000 0.0000 0.0000 1.0000 
0.0000 0.0000 0.9876 0.0124 
1.0000 0.0000 0.0000 0.0000 
0.0124 0.5477 0.2946 0.1452 
0.1826 0.1079 0.0581 0.6515 
0.1784 0.3734 0.1162 0.3320 
0.5643 0.0207 0.1826 0.2324 
0.1079 0.0041 0.6639 0.2241 
0.2863 0.2407 0.2573 0.2158 

MOTIF filter11 
letter-probability matrix: alength= 4 w= 20 nsites= 20 
0.2384 0.2477 0.2520 0.2619 
0.0453 0.4811 0.4277 0.0459 
0.2613 0.0590 0.3526 0.3271 
0.1148 0.0931 0.6052 0.1868 
0.4407 0.0323 0.5071 0.0199 
0.0608 0.0720 0.7623 0.1049 
0.2570 0.0521 0.4246 0.2663 
0.2173 0.6276 0.1546 0.0006 
0.1750 0.0006 0.2800 0.5444 
0.2520 0.1012 0.5456 0.1012 
0.5785 0.0149 0.2595 0.1471 
0.2464 0.0745 0.5574 0.1217 
0.2868 0.0999 0.3433 0.2700 
0.0310 0.4531 0.3426 0.1732 
0.4438 0.1192 0.0137 0.4233 
0.0695 0.5543 0.1055 0.2706 
0.2005 0.6294 0.0981 0.0720 
0.1074 0.4519 0.2067 0.2340 
0.1167 0.3420 0.4345 0.1068 
0.1372 0.2185 0.5363 0.1080 

MOTIF filter12 
letter-probability matrix: alength= 4 w= 16 nsites= 16 
0.2417 0.2498 0.2335 0.2750 
0.2539 0.3556 0.1001 0.2905 
0.1896 0.0448 0.6892 0.0765 
0.1896 0.7120 0.0700 0.0285 
0.2563 0.1229 0.2083 0.4125 
0.2880 0.0700 0.5199 0.1221 
0.0285 0.6721 0.2913 0.0081 
0.0911 0.6998 0.0008 0.2083 
0.7282 0.0277 0.1961 0.0480 
0.0122 0.0374 0.4060 0.5443 
0.0073 0.3214 0.0781 0.5932 
0.0220 0.0822 0.1359 0.7600 
0.1139 0.1456 0.0488 0.6916 
0.3539 0.1391 0.2693 0.2376 
0.5094 0.0309 0.3580 0.1017 
0.4337 0.2286 0.1937 0.1440 

MOTIF filter13 
letter-probability matrix: alength= 4 w= 12 nsites= 12 
0.2386 0.2747 0.2261 0.2606 
0.2590 0.2512 0.2810 0.2088 
0.2763 0.2967 0.2370 0.1900 
0.0000 0.0000 0.0000 1.0000 
0.0000 0.0000 0.0000 1.0000 
0.0000 0.0000 0.0000 1.0000 
0.6719 0.0000 0.3281 0.0000 
1.0000 0.0000 0.0000 0.0000 
0.0000 0.0000 0.0000 1.0000 
0.2072 0.2606 0.2826 0.2496 
0.2653 0.2590 0.2590 0.2166 
0.2088 0.2575 0.2637 0.2700 

MOTIF filter14 
letter-probability matrix: alength= 4 w= 11 nsites= 11 
0.2324 0.3057 0.2276 0.2343 
0.2419 0.2257 0.2152 0.3171 
0.5924 0.0000 0.0000 0.4076 
0.0000 0.0000 0.0000 1.0000 
0.0000 0.0000 0.0000 1.0000 
0.8419 0.0000 0.1581 0.0000 
1.0000 0.0000 0.0000 0.0000 
0.0333 0.0000 0.0000 0.9667 
0.2495 0.2676 0.2543 0.2286 
0.2124 0.2629 0.2876 0.2371 
0.2590 0.2552 0.2486 0.2371 

MOTIF filter15 
letter-probability matrix: alength= 4 w= 15 nsites= 15 
0.2475 0.2409 0.2145 0.2970 
0.2409 0.2178 0.3267 0.2145 
0.2244 0.2574 0.2442 0.2739 
0.0099 0.8812 0.1089 0.0000 
0.0099 0.9901 0.0000 0.0000 
0.0000 0.0000 1.0000 0.0000 
0.0000 0.0000 1.0000 0.0000 
1.0000 0.0000 0.0000 0.0000 
1.0000 0.0000 0.0000 0.0000 
0.0330 0.0033 0.9637 0.0000 
0.0264 0.2970 0.0066 0.6700 
0.1980 0.0726 0.6964 0.0330 
0.2739 0.2508 0.4587 0.0165 
0.2178 0.3960 0.2343 0.1518 
0.1914 0.2904 0.2607 0.2574 

MOTIF filter16 
letter-probability matrix: alength= 4 w= 13 nsites= 13 
0.2520 0.2360 0.2493 0.2627 
0.2280 0.1719 0.3954 0.2048 
0.4069 0.2119 0.3455 0.0356 
0.0000 0.0000 0.0000 1.0000 
0.0000 0.0000 0.9715 0.0285 
1.0000 0.0000 0.0000 0.0000 
0.0214 0.4933 0.4782 0.0071 
0.0000 0.0000 0.0000 1.0000 
0.0098 0.9902 0.0000 0.0000 
1.0000 0.0000 0.0000 0.0000 
0.0338 0.3259 0.2449 0.3954 
0.2146 0.3598 0.1888 0.2369 
0.2547 0.2191 0.2680 0.2582 

MOTIF filter17 
letter-probability matrix: alength= 4 w= 12 nsites= 12 
0.2755 0.2238 0.2123 0.2884 
0.4605 0.1664 0.2956 0.0775 
0.2123 0.3386 0.3615 0.0875 
0.0000 1.0000 0.0000 0.0000 
1.0000 0.0000 0.0000 0.0000 
0.0000 1.0000 0.0000 0.0000 
0.0158 0.0000 0.9842 0.0000 
0.0000 0.0000 0.0000 1.0000 
0.0000 0.0000 1.0000 0.0000 
0.1076 0.3716 0.3242 0.1966 
0.1205 0.2296 0.1392 0.5108 
0.2181 0.2496 0.2582 0.2740 

MOTIF filter18 
letter-probability matrix: alength= 4 w= 18 nsites= 18 
0.0439 0.0963 0.6396 0.2203 
0.4107 0.3861 0.0738 0.1294 
0.0053 0.9861 0.0075 0.0011 
0.0000 0.9850 0.0053 0.0096 
0.8160 0.0032 0.0096 0.1711 
0.0332 0.0000 0.0021 0.9647 
0.9957 0.0011 0.0032 0.0000 
0.0000 0.0032 0.0011 0.9957 
0.9743 0.0032 0.0000 0.0225 
0.1626 0.0064 0.0021 0.8289 
0.0032 0.0118 0.9850 0.0000 
0.0053 0.0086 0.9840 0.0021 
0.1144 0.0706 0.3904 0.4246 
0.2289 0.6396 0.0941 0.0374 
0.7123 0.0310 0.0695 0.1872 
0.2471 0.2749 0.2364 0.2417 
0.2278 0.2610 0.2524 0.2588 
0.2406 0.2332 0.2652 0.2610 

MOTIF filter19 
letter-probability matrix: alength= 4 w= 19 nsites= 19 
0.1658 0.0774 0.0476 0.7092 
0.0204 0.0693 0.7038 0.2065 
0.4185 0.3967 0.0639 0.1209 
0.0000 0.9986 0.0014 0.0000 
0.0000 0.9973 0.0000 0.0027 
0.8370 0.0000 0.0041 0.1590 
0.0122 0.0000 0.0014 0.9864 
1.0000 0.0000 0.0000 0.0000 
0.0000 0.0014 0.0014 0.9973 
0.9905 0.0000 0.0000 0.0095 
0.1087 0.0000 0.0000 0.8913 
0.0000 0.0014 0.9986 0.0000 
0.0000 0.0000 0.9973 0.0027 
0.0856 0.0747 0.4185 0.4212 
0.2228 0.6902 0.0652 0.0217 
0.7663 0.0231 0.0543 0.1562 
0.2459 0.2649 0.2364 0.2527 
0.2160 0.2785 0.2663 0.2391 
0.2486 0.2432 0.2568 0.2514 

MOTIF filter20 
letter-probability matrix: alength= 4 w= 14 nsites= 14 
0.2515 0.2485 0.2394 0.2606 
0.2152 0.2909 0.2879 0.2061 
0.2758 0.2636 0.1909 0.2697 
0.1364 0.7606 0.0606 0.0424 
1.0000 0.0000 0.0000 0.0000 
0.9818 0.0000 0.0182 0.0000 
0.4152 0.0545 0.5182 0.0121 
1.0000 0.0000 0.0000 0.0000 
0.0000 0.0000 0.0000 1.0000 
0.0000 0.0000 1.0000 0.0000 
0.0000 0.0000 1.0000 0.0000 
0.0576 0.8636 0.0000 0.0788 
0.1303 0.2000 0.4424 0.2273 
0.1000 0.0758 0.7545 0.0697 

MOTIF filter21 
letter-probability matrix: alength= 4 w= 15 nsites= 15 
0.2825 0.2256 0.2192 0.2727 
0.2419 0.2565 0.2143 0.2873 
0.0763 0.1737 0.1477 0.6023 
0.0000 0.0000 0.0000 1.0000 
0.0000 0.0325 0.0049 0.9627 
0.0357 0.9643 0.0000 0.0000 
0.0130 0.7240 0.0000 0.2630 
0.3718 0.1088 0.3117 0.2078 
0.0276 0.0000 0.9724 0.0000 
0.0536 0.0000 0.9302 0.0162 
1.0000 0.0000 0.0000 0.0000 
1.0000 0.0000 0.0000 0.0000 
0.5292 0.0812 0.2078 0.1818 
0.2208 0.2955 0.2354 0.2484 
0.2419 0.2516 0.2808 0.2256 

MOTIF filter22 
letter-probability matrix: alength= 4 w= 15 nsites= 15 
0.1940 0.2761 0.2687 0.2612 
0.1157 0.1716 0.4291 0.2836 
0.0149 0.4515 0.2276 0.3060 
0.0634 0.7090 0.1007 0.1269 
0.7463 0.0075 0.2276 0.0187 
0.0000 0.9664 0.0037 0.0299 
0.0000 0.0000 0.0000 1.0000 
0.0000 0.0000 0.0000 1.0000 
0.0000 1.0000 0.0000 0.0000 
0.0000 1.0000 0.0000 0.0000 
0.0000 0.0000 0.9963 0.0037 
0.0000 0.1604 0.8396 0.0000 
0.3134 0.1828 0.2687 0.2351 
0.3060 0.2164 0.2090 0.2687 
0.2052 0.2239 0.2724 0.2985 

MOTIF filter23 
letter-probability matrix: alength= 4 w= 14 nsites= 14 
0.2617 0.2280 0.2461 0.2642 
0.2254 0.2332 0.2591 0.2824 
0.2202 0.2539 0.2824 0.2435 
0.2617 0.0466 0.6192 0.0725 
0.1244 0.0000 0.8005 0.0751 
0.1813 0.0000 0.8187 0.0000 
0.0000 0.0000 1.0000 0.0000 
0.0000 0.0000 1.0000 0.0000 
0.2902 0.5751 0.0000 0.1347 
0.0000 0.0000 1.0000 0.0000 
0.0000 0.0000 1.0000 0.0000 
0.1736 0.0000 0.8264 0.0000 
0.2202 0.0207 0.7591 0.0000 
0.1813 0.5648 0.1684 0.0855 

MOTIF filter24 
letter-probability matrix: alength= 4 w= 16 nsites= 16 
0.2425 0.2791 0.2425 0.2359 
0.2558 0.2292 0.2957 0.2193 
0.2292 0.3023 0.2159 0.2525 
0.5382 0.0133 0.0997 0.3488 
0.6179 0.0100 0.0498 0.3223 
0.4850 0.0000 0.0166 0.4983 
0.3189 0.1362 0.1528 0.3920 
0.0000 0.0000 0.0000 1.0000 
0.0000 0.0000 1.0000 0.0000 
0.0199 0.9801 0.0000 0.0000 
0.0000 0.0000 0.0000 1.0000 
0.0000 0.0000 1.0000 0.0000 
1.0000 0.0000 0.0000 0.0000 
0.0399 0.5116 0.2990 0.1495 
0.1927 0.1030 0.0199 0.6844 
0.1628 0.4120 0.0963 0.3289 

MOTIF filter25 
letter-probability matrix: alength= 4 w= 15 nsites= 15 
0.2061 0.2973 0.2905 0.2061 
0.2500 0.2601 0.2196 0.2703 
0.1723 0.6216 0.1453 0.0608 
1.0000 0.0000 0.0000 0.0000 
0.9797 0.0000 0.0203 0.0000 
0.4392 0.0845 0.4561 0.0203 
1.0000 0.0000 0.0000 0.0000 
0.0000 0.0000 0.0000 1.0000 
0.0000 0.0000 1.0000 0.0000 
0.0000 0.0000 1.0000 0.0000 
0.0372 0.8885 0.0000 0.0743 
0.0878 0.1520 0.4392 0.3209 
0.0642 0.0709 0.8041 0.0608 
0.0777 0.8750 0.0034 0.0439 
0.2838 0.2027 0.2331 0.2804 

MOTIF filter26 
letter-probability matrix: alength= 4 w= 19 nsites= 19 
0.2290 0.2432 0.2595 0.2683 
0.2126 0.2792 0.2726 0.2356 
0.2923 0.2388 0.2268 0.2421 
0.1636 0.0752 0.0414 0.7197 
0.0338 0.0905 0.6565 0.2192 
0.4079 0.3915 0.0763 0.1243 
0.0022 0.9913 0.0044 0.0022 
0.0000 0.9858 0.0033 0.0109 
0.8212 0.0044 0.0120 0.1625 
0.0240 0.0000 0.0022 0.9738 
0.9924 0.0055 0.0022 0.0000 
0.0000 0.0022 0.0011 0.9967 
0.9749 0.0022 0.0000 0.0229 
0.1581 0.0055 0.0033 0.8332 
0.0055 0.0109 0.9836 0.0000 
0.0011 0.0055 0.9902 0.0033 
0.1134 0.0731 0.3806 0.4329 
0.2246 0.6390 0.0981 0.0382 
0.7077 0.0316 0.0774 0.1832 

MOTIF filter27 
letter-probability matrix: alength= 4 w= 14 nsites= 14 
0.1553 0.1154 0.3122 0.4171 
0.0520 0.7756 0.0138 0.1585 
0.0016 0.0073 0.0049 0.9862 
0.9837 0.0065 0.0049 0.0049 
0.2846 0.0089 0.0106 0.6959 
0.4317 0.0073 0.0065 0.5545 
0.5366 0.0024 0.0195 0.4415 
0.6691 0.0089 0.0024 0.3195 
0.0146 0.0122 0.0089 0.9642 
0.9699 0.0024 0.0228 0.0049 
0.1488 0.0000 0.7984 0.0528 
0.4276 0.3504 0.0650 0.1569 
0.2634 0.2350 0.2764 0.2252 
0.2358 0.2846 0.2520 0.2276 

MOTIF filter28 
letter-probability matrix: alength= 4 w= 14 nsites= 14 
0.2635 0.2568 0.2297 0.2500 
0.1135 0.2203 0.4162 0.2500 
0.0000 0.6311 0.1230 0.2459 
0.0162 0.7054 0.0000 0.2784 
0.0000 1.0000 0.0000 0.0000 
0.0014 0.9986 0.0000 0.0000 
0.1514 0.0000 0.5338 0.3149 
0.0014 0.9973 0.0014 0.0000 
0.0014 0.9986 0.0000 0.0000 
0.0000 0.7189 0.0000 0.2811 
0.1473 0.6662 0.0000 0.1865 
0.0878 0.5027 0.1149 0.2946 
0.2365 0.2716 0.2527 0.2392 
0.2608 0.2500 0.2365 0.2527 

MOTIF filter29 
letter-probability matrix: alength= 4 w= 15 nsites= 15 
0.2736 0.2378 0.2248 0.2638 
0.2638 0.2182 0.2638 0.2541 
0.2117 0.2606 0.2638 0.2638 
0.0033 0.8697 0.1270 0.0000 
0.0391 0.9609 0.0000 0.0000 
0.0000 0.0000 1.0000 0.0000 
0.0000 0.0000 1.0000 0.0000 
1.0000 0.0000 0.0000 0.0000 
1.0000 0.0000 0.0000 0.0000 
0.0098 0.0033 0.9870 0.0000 
0.0065 0.3225 0.0033 0.6678 
0.1498 0.0945 0.7036 0.0521 
0.2410 0.2606 0.4788 0.0195 
0.2117 0.3648 0.2410 0.1824 
0.2443 0.2997 0.2280 0.2280 

MOTIF filter30 
letter-probability matrix: alength= 4 w= 14 nsites= 14 
0.1723 0.2135 0.3296 0.2846 
0.0262 0.5356 0.1760 0.2622 
0.0787 0.6517 0.1498 0.1199 
0.7528 0.0000 0.2285 0.0187 
0.0000 0.9775 0.0000 0.0225 
0.0000 0.0000 0.0000 1.0000 
0.0000 0.0000 0.0000 1.0000 
0.0000 1.0000 0.0000 0.0000 
0.0000 1.0000 0.0000 0.0000 
0.0000 0.0000 0.9963 0.0037 
0.0000 0.1011 0.8876 0.0112 
0.2397 0.2060 0.2172 0.3371 
0.1835 0.2247 0.3034 0.2884 
0.2809 0.2097 0.2360 0.2734 

MOTIF filter31 
letter-probability matrix: alength= 4 w= 15 nsites= 15 
0.2677 0.2496 0.2176 0.2652 
0.2693 0.2397 0.2479 0.2430 
0.1700 0.2266 0.1552 0.4483 
0.0008 0.0107 0.0049 0.9836 
0.0000 0.0000 0.0312 0.9688 
0.1141 0.8777 0.0049 0.0033 
0.0255 0.7299 0.0033 0.2414 
0.2521 0.2323 0.2389 0.2767 
0.2479 0.0000 0.7225 0.0296 
0.0000 0.0033 0.8892 0.1076 
0.9647 0.0353 0.0000 0.0000 
0.9951 0.0008 0.0041 0.0000 
0.4737 0.1511 0.2217 0.1535 
0.2356 0.2693 0.2414 0.2537 
0.2627 0.2365 0.2471 0.2537 

