MEME version 4

ALPHABET= ACGT

Background letter frequencies:
A 0.2500 C 0.2500 G 0.2500 T 0.2500 

MOTIF filter0 
letter-probability matrix: alength= 4 w= 16 nsites= 16 
0.2452 0.2424 0.2534 0.2590 
0.2479 0.3003 0.2231 0.2287 
0.5096 0.0358 0.1129 0.3416 
0.6364 0.0138 0.0441 0.3058 
0.4601 0.0000 0.0386 0.5014 
0.2893 0.1901 0.1405 0.3802 
0.0055 0.0000 0.0000 0.9945 
0.0000 0.0000 1.0000 0.0000 
0.0523 0.9477 0.0000 0.0000 
0.0000 0.0000 0.0000 1.0000 
0.0000 0.0000 0.9890 0.0110 
1.0000 0.0000 0.0000 0.0000 
0.0358 0.4904 0.3471 0.1267 
0.1956 0.1019 0.0468 0.6556 
0.1708 0.4187 0.0854 0.3251 
0.4986 0.0441 0.1901 0.2672 

MOTIF filter1 
letter-probability matrix: alength= 4 w= 15 nsites= 15 
0.2185 0.2417 0.2616 0.2781 
0.1325 0.1788 0.3742 0.3146 
0.0099 0.4735 0.2616 0.2550 
0.0728 0.6722 0.1126 0.1424 
0.7119 0.0033 0.2583 0.0265 
0.0000 0.9503 0.0099 0.0397 
0.0000 0.0000 0.0000 1.0000 
0.0000 0.0000 0.0000 1.0000 
0.0000 1.0000 0.0000 0.0000 
0.0000 1.0000 0.0000 0.0000 
0.0000 0.0000 0.9834 0.0166 
0.0000 0.1424 0.8444 0.0132 
0.2285 0.2053 0.2417 0.3245 
0.2020 0.2583 0.2583 0.2815 
0.2119 0.2053 0.2682 0.3146 

MOTIF filter2 
letter-probability matrix: alength= 4 w= 16 nsites= 16 
0.2309 0.2482 0.2482 0.2726 
0.2157 0.2757 0.2716 0.2370 
0.2828 0.2421 0.2309 0.2442 
0.1729 0.0824 0.0529 0.6918 
0.0437 0.0987 0.6317 0.2258 
0.4090 0.3774 0.0865 0.1272 
0.0051 0.9776 0.0122 0.0051 
0.0010 0.9746 0.0071 0.0173 
0.7976 0.0112 0.0142 0.1770 
0.0254 0.0020 0.0031 0.9695 
0.9847 0.0051 0.0102 0.0000 
0.0000 0.0051 0.0031 0.9919 
0.9746 0.0020 0.0000 0.0234 
0.1740 0.0132 0.0041 0.8087 
0.0061 0.0224 0.9695 0.0020 
0.0041 0.0122 0.9786 0.0051 

MOTIF filter3 
letter-probability matrix: alength= 4 w= 14 nsites= 14 
0.2852 0.1065 0.4943 0.1141 
0.0875 0.0000 0.8707 0.0418 
0.1369 0.0000 0.8631 0.0000 
0.0000 0.0000 1.0000 0.0000 
0.0000 0.0000 1.0000 0.0000 
0.3004 0.5856 0.0000 0.1141 
0.0000 0.0000 1.0000 0.0000 
0.0000 0.0000 1.0000 0.0000 
0.0570 0.0000 0.9430 0.0000 
0.1521 0.0304 0.8175 0.0000 
0.2357 0.6008 0.1179 0.0456 
0.2548 0.2053 0.2966 0.2433 
0.2395 0.2852 0.1863 0.2890 
0.2281 0.2624 0.3080 0.2015 

MOTIF filter4 
letter-probability matrix: alength= 4 w= 11 nsites= 11 
0.3555 0.2247 0.2508 0.1690 
0.2441 0.3119 0.3078 0.1362 
0.0007 0.9993 0.0000 0.0000 
0.9772 0.0000 0.0228 0.0000 
0.0000 0.8612 0.0000 0.1388 
0.1315 0.0000 0.8685 0.0000 
0.0007 0.0215 0.0000 0.9779 
0.0000 0.0000 0.9993 0.0007 
0.1596 0.2918 0.3025 0.2461 
0.1623 0.2602 0.1663 0.4111 
0.2508 0.2575 0.2388 0.2529 

MOTIF filter5 
letter-probability matrix: alength= 4 w= 13 nsites= 13 
0.2426 0.2484 0.2498 0.2592 
0.2238 0.1774 0.3823 0.2165 
0.3823 0.2375 0.3389 0.0413 
0.0000 0.0000 0.0065 0.9935 
0.0022 0.0000 0.9211 0.0768 
0.9935 0.0000 0.0051 0.0014 
0.0384 0.4547 0.4685 0.0384 
0.0000 0.0000 0.0036 0.9964 
0.0673 0.9327 0.0000 0.0000 
1.0000 0.0000 0.0000 0.0000 
0.0304 0.3114 0.2730 0.3852 
0.2093 0.3700 0.2013 0.2194 
0.2636 0.2201 0.2686 0.2476 

MOTIF filter6 
letter-probability matrix: alength= 4 w= 12 nsites= 12 
0.2549 0.2659 0.2381 0.2411 
0.2622 0.2447 0.2316 0.2615 
0.2418 0.2440 0.2286 0.2856 
1.0000 0.0000 0.0000 0.0000 
0.0000 0.0000 0.0000 1.0000 
0.0000 0.3514 0.0000 0.6486 
1.0000 0.0000 0.0000 0.0000 
1.0000 0.0000 0.0000 0.0000 
0.5573 0.0000 0.0000 0.4427 
0.2659 0.2381 0.2403 0.2557 
0.2418 0.2447 0.2812 0.2323 
0.2389 0.2622 0.2381 0.2608 

MOTIF filter7 
letter-probability matrix: alength= 4 w= 20 nsites= 20 
0.2381 0.2381 0.3810 0.1429 
0.2857 0.0476 0.0000 0.6667 
0.4762 0.0476 0.0952 0.3810 
0.0000 0.5714 0.2857 0.1429 
0.1905 0.3333 0.0952 0.3810 
0.0000 0.4762 0.5238 0.0000 
0.2857 0.3333 0.2381 0.1429 
0.0000 0.7619 0.0000 0.2381 
0.0952 0.5238 0.3810 0.0000 
1.0000 0.0000 0.0000 0.0000 
0.1429 0.0476 0.0000 0.8095 
0.0000 0.0000 0.0000 1.0000 
0.0000 0.0476 0.9524 0.0000 
0.0476 0.0000 0.9524 0.0000 
0.0000 0.0952 0.1429 0.7619 
0.0000 0.7143 0.0000 0.2857 
0.0952 0.3810 0.4762 0.0476 
0.5238 0.0000 0.4762 0.0000 
0.0000 0.4762 0.0952 0.4286 
0.1429 0.1429 0.5714 0.1429 

MOTIF filter8 
letter-probability matrix: alength= 4 w= 13 nsites= 13 
0.0891 0.6906 0.0710 0.1493 
0.0000 0.0140 0.0041 0.9818 
0.9942 0.0025 0.0017 0.0017 
0.3127 0.0008 0.0058 0.6807 
0.4546 0.0041 0.0083 0.5330 
0.5545 0.0017 0.0107 0.4332 
0.6757 0.0025 0.0017 0.3201 
0.0083 0.0091 0.0000 0.9827 
0.9884 0.0017 0.0099 0.0000 
0.1370 0.0297 0.7616 0.0718 
0.4299 0.3622 0.0627 0.1452 
0.2756 0.2327 0.2541 0.2376 
0.2376 0.2896 0.2417 0.2310 

MOTIF filter9 
letter-probability matrix: alength= 4 w= 19 nsites= 19 
0.3050 0.1986 0.2305 0.2660 
0.2908 0.2589 0.2199 0.2305 
0.2128 0.2872 0.2128 0.2872 
0.2943 0.5638 0.0177 0.1241 
0.2695 0.1773 0.0603 0.4929 
0.2908 0.1418 0.3156 0.2518 
0.6348 0.0355 0.1135 0.2163 
0.1631 0.3404 0.4823 0.0142 
0.0000 0.0000 0.0000 1.0000 
0.0071 0.9929 0.0000 0.0000 
1.0000 0.0000 0.0000 0.0000 
0.0000 0.0000 1.0000 0.0000 
0.0000 1.0000 0.0000 0.0000 
0.9929 0.0000 0.0000 0.0071 
0.4858 0.1631 0.0887 0.2624 
0.4113 0.0567 0.0000 0.5319 
0.3901 0.0887 0.0000 0.5213 
0.3191 0.0638 0.0248 0.5922 
0.2589 0.2270 0.2376 0.2766 

MOTIF filter10 
letter-probability matrix: alength= 4 w= 14 nsites= 14 
0.2522 0.2423 0.2523 0.2532 
0.2675 0.2587 0.2260 0.2478 
0.4090 0.1906 0.3400 0.0603 
0.0356 0.0394 0.0455 0.8795 
0.0229 0.0215 0.1740 0.7815 
0.3150 0.0236 0.4881 0.1733 
0.0912 0.6310 0.0762 0.2015 
0.2114 0.0715 0.6406 0.0766 
0.1779 0.5140 0.0129 0.2952 
0.7704 0.1630 0.0341 0.0325 
0.9005 0.0341 0.0420 0.0235 
0.0852 0.3137 0.1791 0.4219 
0.2456 0.2672 0.2550 0.2322 
0.2481 0.2319 0.2511 0.2689 

MOTIF filter11 
letter-probability matrix: alength= 4 w= 13 nsites= 13 
0.3253 0.2603 0.2466 0.1678 
0.2568 0.3322 0.2192 0.1918 
0.0753 0.1267 0.5445 0.2534 
0.0000 0.8288 0.0103 0.1610 
0.0000 0.9075 0.0000 0.0925 
0.0000 1.0000 0.0000 0.0000 
0.0000 1.0000 0.0000 0.0000 
0.1301 0.0000 0.5856 0.2842 
0.0000 1.0000 0.0000 0.0000 
0.0000 1.0000 0.0000 0.0000 
0.0000 0.8048 0.0000 0.1952 
0.0582 0.8767 0.0000 0.0651 
0.0274 0.7089 0.0240 0.2397 

MOTIF filter12 
letter-probability matrix: alength= 4 w= 17 nsites= 17 
0.2574 0.2426 0.2574 0.2426 
0.2327 0.2277 0.2277 0.3119 
0.2525 0.2475 0.2030 0.2970 
0.2376 0.0050 0.7327 0.0248 
0.1238 0.0000 0.8218 0.0545 
0.1634 0.0000 0.8366 0.0000 
0.0000 0.0000 1.0000 0.0000 
0.0000 0.0000 1.0000 0.0000 
0.2624 0.6139 0.0000 0.1238 
0.0000 0.0000 1.0000 0.0000 
0.0000 0.0000 1.0000 0.0000 
0.1188 0.0000 0.8812 0.0000 
0.1089 0.0297 0.8614 0.0000 
0.0743 0.7079 0.1782 0.0396 
0.2574 0.2277 0.2871 0.2277 
0.2376 0.2871 0.2030 0.2723 
0.2525 0.1832 0.2822 0.2822 

MOTIF filter13 
letter-probability matrix: alength= 4 w= 12 nsites= 12 
0.2441 0.2751 0.2292 0.2515 
0.2503 0.2602 0.2652 0.2243 
0.2553 0.2602 0.2367 0.2478 
0.0000 0.0000 0.0000 1.0000 
0.0000 0.0000 0.0000 1.0000 
0.0000 0.0000 0.0000 1.0000 
0.5465 0.0000 0.4535 0.0000 
1.0000 0.0000 0.0000 0.0000 
0.0000 0.0000 0.0000 1.0000 
0.2292 0.2627 0.2540 0.2540 
0.2565 0.2454 0.2565 0.2416 
0.2416 0.2429 0.2652 0.2503 

MOTIF filter14 
letter-probability matrix: alength= 4 w= 15 nsites= 15 
0.2477 0.2485 0.2434 0.2604 
0.2649 0.2347 0.2453 0.2551 
0.2115 0.2400 0.1853 0.3632 
0.0485 0.0657 0.0315 0.8543 
0.0281 0.0334 0.1051 0.8334 
0.2272 0.6815 0.0332 0.0581 
0.0830 0.5760 0.0187 0.3223 
0.2451 0.2345 0.2564 0.2640 
0.3272 0.0162 0.5887 0.0679 
0.0364 0.0368 0.7245 0.2023 
0.8483 0.0913 0.0274 0.0330 
0.8683 0.0523 0.0591 0.0202 
0.3806 0.1889 0.2317 0.1987 
0.2364 0.2479 0.2491 0.2666 
0.2509 0.2551 0.2632 0.2309 

MOTIF filter15 
letter-probability matrix: alength= 4 w= 17 nsites= 17 
0.2555 0.2934 0.2461 0.2050 
0.2397 0.2587 0.2461 0.2555 
0.1199 0.0126 0.7003 0.1672 
0.0694 0.7382 0.1199 0.0726 
0.2839 0.3565 0.2587 0.1009 
0.0379 0.0000 0.8738 0.0883 
0.0000 1.0000 0.0000 0.0000 
0.0000 1.0000 0.0000 0.0000 
1.0000 0.0000 0.0000 0.0000 
0.0000 0.0000 0.0000 1.0000 
0.0095 0.4606 0.1356 0.3943 
0.0000 0.0126 0.0000 0.9874 
0.0000 0.0126 0.0000 0.9874 
0.0789 0.0915 0.7098 0.1199 
0.2871 0.2208 0.2429 0.2492 
0.2019 0.2650 0.2681 0.2650 
0.2240 0.2902 0.2461 0.2397 

MOTIF filter16 
letter-probability matrix: alength= 4 w= 14 nsites= 14 
0.2143 0.2429 0.3179 0.2250 
0.2500 0.0107 0.7250 0.0143 
0.1179 0.0000 0.8429 0.0393 
0.1393 0.0000 0.8607 0.0000 
0.0000 0.0000 1.0000 0.0000 
0.0000 0.0000 1.0000 0.0000 
0.2929 0.5536 0.0000 0.1536 
0.0000 0.0000 1.0000 0.0000 
0.0000 0.0000 1.0000 0.0000 
0.1929 0.0000 0.7929 0.0143 
0.2107 0.0000 0.7893 0.0000 
0.1964 0.5464 0.1857 0.0714 
0.3179 0.2071 0.2500 0.2250 
0.2393 0.3143 0.2179 0.2286 

MOTIF filter17 
letter-probability matrix: alength= 4 w= 16 nsites= 16 
0.2376 0.2655 0.2516 0.2453 
0.2748 0.2888 0.2547 0.1817 
0.0280 0.0000 0.4037 0.5683 
0.0062 0.9689 0.0000 0.0248 
0.0016 0.0171 0.0016 0.9798 
0.9984 0.0016 0.0000 0.0000 
0.1832 0.0155 0.0807 0.7205 
0.3634 0.0093 0.0000 0.6273 
0.4891 0.0047 0.0078 0.4984 
0.6304 0.0000 0.0109 0.3587 
0.0000 0.0078 0.0217 0.9705 
0.9767 0.0062 0.0078 0.0093 
0.0978 0.0109 0.8401 0.0512 
0.3898 0.3882 0.0559 0.1661 
0.2298 0.2314 0.2981 0.2407 
0.2686 0.2407 0.2298 0.2609 

MOTIF filter18 
letter-probability matrix: alength= 4 w= 14 nsites= 14 
0.0931 0.7173 0.0637 0.1258 
0.0294 0.0049 0.0098 0.9559 
0.9167 0.0131 0.0163 0.0539 
0.3840 0.0033 0.0065 0.6062 
0.5670 0.0000 0.0000 0.4330 
0.7810 0.0000 0.0000 0.2190 
0.6225 0.0000 0.0000 0.3775 
0.0000 0.0082 0.0000 0.9918 
0.9984 0.0016 0.0000 0.0000 
0.2712 0.0000 0.7271 0.0016 
0.6601 0.1781 0.0539 0.1078 
0.2206 0.1846 0.3399 0.2549 
0.1340 0.2974 0.3007 0.2680 
0.2500 0.2810 0.2092 0.2598 

MOTIF filter19 
letter-probability matrix: alength= 4 w= 17 nsites= 17 
0.2941 0.5536 0.0311 0.1211 
0.2249 0.1834 0.0554 0.5363 
0.2768 0.1488 0.3183 0.2561 
0.6401 0.0484 0.1003 0.2111 
0.1384 0.2664 0.5571 0.0381 
0.0000 0.0000 0.0000 1.0000 
0.0104 0.9896 0.0000 0.0000 
1.0000 0.0000 0.0000 0.0000 
0.0000 0.0000 0.9585 0.0415 
0.0000 1.0000 0.0000 0.0000 
1.0000 0.0000 0.0000 0.0000 
0.4152 0.1661 0.1592 0.2595 
0.4291 0.0277 0.0035 0.5398 
0.3772 0.0208 0.0035 0.5986 
0.3149 0.1107 0.0104 0.5640 
0.2803 0.2318 0.2630 0.2249 
0.2699 0.2664 0.2388 0.2249 

MOTIF filter20 
letter-probability matrix: alength= 4 w= 15 nsites= 15 
0.2800 0.2875 0.2075 0.2250 
0.0725 0.2100 0.4925 0.2250 
0.0000 0.8200 0.0275 0.1525 
0.0050 0.7925 0.0000 0.2025 
0.0000 1.0000 0.0000 0.0000 
0.0000 1.0000 0.0000 0.0000 
0.0775 0.0000 0.6225 0.3000 
0.0000 1.0000 0.0000 0.0000 
0.0000 1.0000 0.0000 0.0000 
0.0000 0.8025 0.0000 0.1975 
0.0725 0.8350 0.0000 0.0925 
0.0525 0.6175 0.0525 0.2775 
0.2475 0.2500 0.2675 0.2350 
0.2825 0.2250 0.2300 0.2625 
0.2125 0.3050 0.2600 0.2225 

MOTIF filter21 
letter-probability matrix: alength= 4 w= 16 nsites= 16 
0.2628 0.2510 0.2372 0.2490 
0.2589 0.3498 0.1877 0.2036 
0.3538 0.1818 0.2016 0.2628 
0.0296 0.3636 0.0791 0.5277 
0.0138 0.0178 0.0198 0.9486 
0.0237 0.1996 0.0356 0.7411 
0.0099 0.9743 0.0158 0.0000 
0.0237 0.9763 0.0000 0.0000 
0.0000 0.0000 0.8617 0.1383 
0.0000 0.0198 0.9802 0.0000 
0.5119 0.0198 0.4427 0.0257 
0.9170 0.0296 0.0257 0.0277 
0.6324 0.0672 0.2549 0.0455 
0.3379 0.2372 0.1640 0.2609 
0.2332 0.2134 0.3676 0.1858 
0.2826 0.2451 0.2866 0.1858 

MOTIF filter22 
letter-probability matrix: alength= 4 w= 13 nsites= 13 
0.2653 0.2517 0.2211 0.2619 
0.2721 0.2347 0.2483 0.2449 
0.2177 0.2449 0.2993 0.2381 
0.0000 0.8571 0.1429 0.0000 
0.0068 0.9932 0.0000 0.0000 
0.0000 0.0000 1.0000 0.0000 
0.0000 0.0000 1.0000 0.0000 
1.0000 0.0000 0.0000 0.0000 
1.0000 0.0000 0.0000 0.0000 
0.0442 0.0170 0.9388 0.0000 
0.0000 0.2687 0.0034 0.7279 
0.1395 0.0884 0.7177 0.0544 
0.2959 0.1939 0.5034 0.0068 

MOTIF filter23 
letter-probability matrix: alength= 4 w= 17 nsites= 17 
0.2491 0.2714 0.2230 0.2565 
0.2862 0.2268 0.2491 0.2379 
0.2268 0.2639 0.2156 0.2937 
0.5390 0.0000 0.1041 0.3569 
0.6989 0.0000 0.0112 0.2900 
0.4572 0.0000 0.0074 0.5353 
0.2788 0.1710 0.1264 0.4238 
0.0000 0.0000 0.0000 1.0000 
0.0000 0.0000 1.0000 0.0000 
0.0112 0.9888 0.0000 0.0000 
0.0000 0.0000 0.0000 1.0000 
0.0000 0.0000 1.0000 0.0000 
1.0000 0.0000 0.0000 0.0000 
0.0223 0.5502 0.2602 0.1673 
0.2119 0.1301 0.0409 0.6171 
0.1822 0.3755 0.1264 0.3160 
0.5651 0.0483 0.1599 0.2268 

MOTIF filter24 
letter-probability matrix: alength= 4 w= 15 nsites= 15 
0.1196 0.0644 0.3543 0.4617 
0.0000 0.9877 0.0000 0.0123 
0.0000 0.0000 0.0000 1.0000 
1.0000 0.0000 0.0000 0.0000 
0.2362 0.0000 0.0000 0.7638 
0.4371 0.0000 0.0000 0.5629 
0.5291 0.0000 0.0000 0.4709 
0.7009 0.0015 0.0000 0.2975 
0.0000 0.0000 0.0000 1.0000 
1.0000 0.0000 0.0000 0.0000 
0.0353 0.0000 0.9463 0.0184 
0.4862 0.3942 0.0307 0.0890 
0.3052 0.2163 0.2561 0.2224 
0.2684 0.2454 0.2393 0.2469 
0.2408 0.2561 0.2776 0.2255 

MOTIF filter25 
letter-probability matrix: alength= 4 w= 14 nsites= 14 
0.1318 0.2722 0.5530 0.0430 
0.4040 0.0573 0.0831 0.4556 
0.1032 0.2550 0.2206 0.4212 
0.0344 0.9026 0.0000 0.0630 
0.0000 0.3610 0.6332 0.0057 
0.0716 0.0201 0.9026 0.0057 
0.9828 0.0000 0.0172 0.0000 
0.8080 0.0372 0.0172 0.1375 
0.0458 0.1375 0.5043 0.3123 
0.4327 0.1089 0.0516 0.4069 
0.6762 0.0860 0.1862 0.0516 
0.2264 0.3123 0.4384 0.0229 
0.2034 0.4069 0.1748 0.2149 
0.3266 0.0573 0.3238 0.2923 

MOTIF filter26 
letter-probability matrix: alength= 4 w= 18 nsites= 18 
0.2367 0.2249 0.2574 0.2811 
0.2367 0.2988 0.2515 0.2130 
0.2870 0.2278 0.2189 0.2663 
0.1686 0.6420 0.1243 0.0651 
0.9970 0.0000 0.0030 0.0000 
0.9882 0.0030 0.0089 0.0000 
0.4349 0.0740 0.4704 0.0207 
1.0000 0.0000 0.0000 0.0000 
0.0000 0.0000 0.0000 1.0000 
0.0000 0.0000 1.0000 0.0000 
0.0000 0.0000 1.0000 0.0000 
0.0444 0.8757 0.0000 0.0799 
0.1065 0.1953 0.4260 0.2722 
0.0828 0.0710 0.7811 0.0651 
0.1331 0.7751 0.0089 0.0828 
0.2751 0.2219 0.2130 0.2899 
0.2308 0.2337 0.3107 0.2249 
0.2692 0.2367 0.2633 0.2308 

MOTIF filter27 
letter-probability matrix: alength= 4 w= 17 nsites= 17 
0.2089 0.2459 0.2688 0.2764 
0.2038 0.2803 0.2815 0.2344 
0.2866 0.2471 0.2255 0.2408 
0.1452 0.0624 0.0331 0.7592 
0.0306 0.0726 0.6815 0.2153 
0.4115 0.3911 0.0752 0.1223 
0.0000 0.9949 0.0051 0.0000 
0.0000 0.9975 0.0000 0.0025 
0.8459 0.0000 0.0051 0.1490 
0.0127 0.0000 0.0000 0.9873 
0.9987 0.0013 0.0000 0.0000 
0.0000 0.0000 0.0013 0.9987 
0.9924 0.0013 0.0000 0.0064 
0.1414 0.0025 0.0000 0.8561 
0.0013 0.0064 0.9924 0.0000 
0.0000 0.0013 0.9975 0.0013 
0.0892 0.0522 0.4064 0.4522 

MOTIF filter28 
letter-probability matrix: alength= 4 w= 19 nsites= 19 
0.1774 0.1401 0.1119 0.5706 
0.0859 0.1198 0.5910 0.2034 
0.3006 0.2497 0.1322 0.3175 
0.0000 1.0000 0.0000 0.0000 
0.0000 0.6847 0.0011 0.3141 
0.9718 0.0000 0.0000 0.0282 
0.0339 0.0000 0.0000 0.9661 
0.8384 0.0000 0.0000 0.1616 
0.1401 0.0000 0.0000 0.8599 
0.9322 0.0000 0.0000 0.0678 
0.0305 0.0000 0.0011 0.9684 
0.3062 0.0000 0.6938 0.0000 
0.0023 0.0000 0.9977 0.0000 
0.1989 0.1514 0.3130 0.3367 
0.2373 0.5638 0.1401 0.0588 
0.6644 0.0689 0.0870 0.1797 
0.2723 0.2655 0.2158 0.2463 
0.2237 0.2576 0.2667 0.2520 
0.2655 0.2407 0.2441 0.2497 

MOTIF filter29 
letter-probability matrix: alength= 4 w= 15 nsites= 15 
0.1873 0.2721 0.2438 0.2968 
0.1519 0.1837 0.3958 0.2686 
0.0141 0.5265 0.1979 0.2615 
0.0565 0.6572 0.1590 0.1272 
0.7456 0.0106 0.2403 0.0035 
0.0000 0.9929 0.0000 0.0071 
0.0000 0.0000 0.0000 1.0000 
0.0000 0.0000 0.0000 1.0000 
0.0000 1.0000 0.0000 0.0000 
0.0000 1.0000 0.0000 0.0000 
0.0000 0.0000 1.0000 0.0000 
0.0000 0.1696 0.8304 0.0000 
0.2650 0.2085 0.2438 0.2827 
0.2509 0.2367 0.2403 0.2721 
0.2580 0.2297 0.2191 0.2933 

MOTIF filter30 
letter-probability matrix: alength= 4 w= 15 nsites= 15 
0.2706 0.2277 0.2211 0.2805 
0.2640 0.2112 0.3168 0.2079 
0.2310 0.2442 0.2772 0.2475 
0.0099 0.8812 0.1089 0.0000 
0.0462 0.9538 0.0000 0.0000 
0.0000 0.0000 1.0000 0.0000 
0.0000 0.0000 1.0000 0.0000 
1.0000 0.0000 0.0000 0.0000 
1.0000 0.0000 0.0000 0.0000 
0.0231 0.0000 0.9769 0.0000 
0.0264 0.3102 0.0099 0.6535 
0.1650 0.0858 0.7162 0.0330 
0.2343 0.2805 0.4521 0.0330 
0.2178 0.4092 0.2508 0.1221 
0.1947 0.3168 0.2409 0.2475 

MOTIF filter31 
letter-probability matrix: alength= 4 w= 16 nsites= 16 
0.2067 0.2981 0.2548 0.2404 
0.0865 0.1298 0.6346 0.1490 
0.1250 0.6202 0.0962 0.1587 
0.0385 0.9327 0.0144 0.0144 
1.0000 0.0000 0.0000 0.0000 
0.6731 0.0000 0.0096 0.3173 
0.2692 0.1971 0.3990 0.1346 
0.7308 0.0000 0.0000 0.2692 
0.0000 0.0000 0.0000 1.0000 
0.0000 0.0000 0.9952 0.0048 
0.0144 0.0433 0.9135 0.0288 
0.0433 0.8462 0.0337 0.0769 
0.1731 0.2067 0.3654 0.2548 
0.1010 0.1154 0.7356 0.0481 
0.1442 0.6923 0.0913 0.0721 
0.2788 0.2644 0.2308 0.2260 

