MEME version 4

ALPHABET= ACGT

Background letter frequencies:
A 0.2500 C 0.2500 G 0.2500 T 0.2500 

MOTIF filter0 
letter-probability matrix: alength= 4 w= 16 nsites= 16 
0.2227 0.2578 0.2456 0.2740 
0.2456 0.2672 0.2537 0.2335 
0.2348 0.2645 0.2470 0.2537 
0.5182 0.1174 0.3576 0.0067 
0.0000 0.0000 0.0000 1.0000 
0.0000 0.0000 0.0229 0.9771 
0.2969 0.0000 0.6356 0.0675 
0.0000 0.9379 0.0000 0.0621 
0.0661 0.0000 0.9339 0.0000 
0.0729 0.6964 0.0000 0.2308 
0.9852 0.0148 0.0000 0.0000 
1.0000 0.0000 0.0000 0.0000 
0.0027 0.3536 0.1215 0.5223 
0.2807 0.2456 0.2753 0.1984 
0.2321 0.2146 0.2659 0.2874 
0.2564 0.2294 0.2659 0.2483 

MOTIF filter1 
letter-probability matrix: alength= 4 w= 17 nsites= 17 
0.2176 0.2454 0.2940 0.2431 
0.2407 0.2407 0.2361 0.2824 
0.2083 0.2292 0.1968 0.3657 
0.1065 0.1227 0.1134 0.6574 
0.1134 0.0949 0.1435 0.6481 
0.1481 0.6134 0.1319 0.1065 
0.0162 0.8912 0.0417 0.0509 
0.0926 0.7639 0.1042 0.0394 
0.0208 0.0000 0.9792 0.0000 
0.0000 0.0000 0.9977 0.0023 
0.9977 0.0023 0.0000 0.0000 
1.0000 0.0000 0.0000 0.0000 
0.2153 0.0185 0.7500 0.0162 
0.0671 0.2986 0.0532 0.5810 
0.1574 0.1134 0.6296 0.0995 
0.3032 0.2500 0.3657 0.0810 
0.2847 0.3148 0.2523 0.1481 

MOTIF filter2 
letter-probability matrix: alength= 4 w= 16 nsites= 16 
0.2403 0.2727 0.2435 0.2435 
0.2825 0.2273 0.2630 0.2273 
0.2468 0.2727 0.2208 0.2597 
0.5260 0.0065 0.1364 0.3312 
0.6656 0.0065 0.0325 0.2955 
0.4708 0.0000 0.0325 0.4968 
0.2890 0.1429 0.1558 0.4123 
0.0032 0.0000 0.0000 0.9968 
0.0000 0.0000 1.0000 0.0000 
0.0097 0.9903 0.0000 0.0000 
0.0000 0.0000 0.0000 1.0000 
0.0000 0.0000 0.9903 0.0097 
1.0000 0.0000 0.0000 0.0000 
0.0227 0.5227 0.3247 0.1299 
0.1981 0.1299 0.0552 0.6169 
0.1883 0.3604 0.1169 0.3344 

MOTIF filter3 
letter-probability matrix: alength= 4 w= 18 nsites= 18 
0.2148 0.2869 0.2234 0.2749 
0.2663 0.2354 0.2302 0.2680 
0.2216 0.4261 0.1718 0.1804 
0.4467 0.0412 0.0704 0.4416 
0.5292 0.0550 0.1117 0.3041 
0.5498 0.0155 0.0086 0.4261 
0.2698 0.1667 0.3488 0.2148 
0.0000 0.0000 0.0000 1.0000 
0.0000 0.4364 0.5636 0.0000 
0.5069 0.4931 0.0000 0.0000 
0.0000 0.0000 0.3230 0.6770 
0.0000 0.3900 0.6100 0.0000 
1.0000 0.0000 0.0000 0.0000 
0.1735 0.4021 0.2337 0.1907 
0.2663 0.0326 0.0103 0.6907 
0.2457 0.2852 0.0275 0.4416 
0.4622 0.0481 0.0670 0.4227 
0.1838 0.1082 0.4158 0.2921 

MOTIF filter4 
letter-probability matrix: alength= 4 w= 12 nsites= 12 
0.2587 0.2692 0.2331 0.2389 
0.2786 0.2273 0.2249 0.2692 
0.2704 0.2529 0.2308 0.2459 
1.0000 0.0000 0.0000 0.0000 
0.0000 0.0000 0.0000 1.0000 
0.0000 0.4347 0.0000 0.5653 
1.0000 0.0000 0.0000 0.0000 
1.0000 0.0000 0.0000 0.0000 
0.9674 0.0000 0.0000 0.0326 
0.2646 0.2261 0.2226 0.2867 
0.2483 0.2413 0.2401 0.2704 
0.2226 0.2716 0.2576 0.2483 

MOTIF filter5 
letter-probability matrix: alength= 4 w= 14 nsites= 14 
0.1342 0.3244 0.2953 0.2461 
0.3087 0.2103 0.4094 0.0716 
0.3960 0.1163 0.3960 0.0917 
0.0000 0.9978 0.0022 0.0000 
0.0000 0.6421 0.0000 0.3579 
0.5459 0.0626 0.3893 0.0022 
1.0000 0.0000 0.0000 0.0000 
0.0000 0.0000 0.0000 1.0000 
0.0022 0.4183 0.0425 0.5369 
0.3445 0.0000 0.6555 0.0000 
0.0000 0.0089 0.9911 0.0000 
0.0940 0.3624 0.1051 0.4385 
0.0984 0.3289 0.2327 0.3400 
0.1924 0.4049 0.2886 0.1141 

MOTIF filter6 
letter-probability matrix: alength= 4 w= 16 nsites= 16 
0.3023 0.2712 0.2401 0.1864 
0.2599 0.3249 0.2147 0.2006 
0.0847 0.1695 0.5282 0.2175 
0.0000 0.8051 0.0085 0.1864 
0.0000 0.8757 0.0000 0.1243 
0.0000 1.0000 0.0000 0.0000 
0.0000 1.0000 0.0000 0.0000 
0.1215 0.0000 0.5847 0.2938 
0.0000 1.0000 0.0000 0.0000 
0.0000 1.0000 0.0000 0.0000 
0.0000 0.8136 0.0000 0.1864 
0.0763 0.8446 0.0000 0.0791 
0.0339 0.6525 0.0424 0.2712 
0.2429 0.2881 0.2345 0.2345 
0.3023 0.2486 0.2203 0.2288 
0.2175 0.3079 0.2429 0.2316 

MOTIF filter7 
letter-probability matrix: alength= 4 w= 15 nsites= 15 
0.2709 0.2434 0.2135 0.2722 
0.2609 0.2547 0.2385 0.2459 
0.1348 0.2072 0.1523 0.5056 
0.0000 0.0000 0.0000 1.0000 
0.0000 0.0000 0.0000 1.0000 
0.0400 0.9600 0.0000 0.0000 
0.0012 0.7753 0.0000 0.2235 
0.2547 0.2110 0.2572 0.2772 
0.2010 0.0000 0.7990 0.0000 
0.0000 0.0000 0.9738 0.0262 
1.0000 0.0000 0.0000 0.0000 
1.0000 0.0000 0.0000 0.0000 
0.5156 0.1298 0.1998 0.1548 
0.2372 0.2772 0.2447 0.2409 
0.2559 0.2409 0.2534 0.2497 

MOTIF filter8 
letter-probability matrix: alength= 4 w= 16 nsites= 16 
0.2549 0.2757 0.2365 0.2328 
0.2341 0.2770 0.2623 0.2267 
0.1164 0.0515 0.3419 0.4902 
0.0123 0.9032 0.0000 0.0846 
0.0000 0.0000 0.0000 1.0000 
1.0000 0.0000 0.0000 0.0000 
0.2561 0.0000 0.0012 0.7426 
0.4559 0.0000 0.0000 0.5441 
0.5392 0.0000 0.0000 0.4608 
0.6985 0.0012 0.0000 0.3002 
0.0000 0.0000 0.0000 1.0000 
0.9951 0.0000 0.0049 0.0000 
0.0674 0.0000 0.9069 0.0257 
0.4730 0.3615 0.0490 0.1164 
0.2880 0.2255 0.2623 0.2243 
0.2537 0.2684 0.2304 0.2475 

MOTIF filter9 
letter-probability matrix: alength= 4 w= 20 nsites= 20 
0.2506 0.2770 0.2373 0.2351 
0.9117 0.0706 0.0121 0.0055 
0.0121 0.6832 0.0563 0.2483 
0.2848 0.2241 0.4393 0.0519 
0.0110 0.3554 0.2693 0.3642 
0.4227 0.0276 0.2494 0.3002 
0.0397 0.3786 0.4051 0.1766 
0.0099 0.2108 0.5121 0.2671 
0.4150 0.0795 0.3576 0.1479 
0.6567 0.1203 0.1832 0.0397 
0.2141 0.5530 0.1026 0.1302 
0.1424 0.1567 0.4382 0.2627 
0.0000 0.1347 0.7395 0.1258 
0.0839 0.2881 0.3852 0.2428 
0.2770 0.3687 0.2682 0.0861 
0.3698 0.1104 0.2307 0.2892 
0.1358 0.4702 0.0309 0.3631 
0.0000 0.1634 0.7826 0.0541 
0.3642 0.4404 0.0210 0.1744 
0.3775 0.2252 0.3422 0.0552 

MOTIF filter10 
letter-probability matrix: alength= 4 w= 15 nsites= 15 
0.2677 0.2258 0.2290 0.2774 
0.2387 0.2935 0.2710 0.1968 
0.2194 0.2387 0.2516 0.2903 
0.0871 0.0194 0.7161 0.1774 
0.0806 0.7226 0.1097 0.0871 
0.2774 0.3806 0.2548 0.0871 
0.0387 0.0000 0.8677 0.0935 
0.0000 1.0000 0.0000 0.0000 
0.0000 1.0000 0.0000 0.0000 
1.0000 0.0000 0.0000 0.0000 
0.0000 0.0000 0.0000 1.0000 
0.0065 0.4871 0.1387 0.3677 
0.0000 0.0258 0.0000 0.9742 
0.0000 0.0097 0.0000 0.9903 
0.0742 0.1000 0.7097 0.1161 

MOTIF filter11 
letter-probability matrix: alength= 4 w= 18 nsites= 18 
0.2330 0.2500 0.2500 0.2670 
0.2216 0.2955 0.2670 0.2159 
0.2670 0.2727 0.2017 0.2585 
0.1506 0.6932 0.0966 0.0597 
1.0000 0.0000 0.0000 0.0000 
0.9886 0.0000 0.0114 0.0000 
0.4176 0.0994 0.4659 0.0170 
1.0000 0.0000 0.0000 0.0000 
0.0000 0.0000 0.0000 1.0000 
0.0000 0.0000 1.0000 0.0000 
0.0000 0.0000 1.0000 0.0000 
0.0795 0.8324 0.0000 0.0881 
0.1023 0.2045 0.4347 0.2585 
0.0824 0.1023 0.7472 0.0682 
0.1420 0.7557 0.0199 0.0824 
0.2812 0.2216 0.2301 0.2670 
0.2386 0.2301 0.3068 0.2244 
0.2670 0.2386 0.2898 0.2045 

MOTIF filter12 
letter-probability matrix: alength= 4 w= 13 nsites= 13 
0.2565 0.2415 0.2362 0.2657 
0.2445 0.2301 0.2899 0.2355 
0.3355 0.2703 0.3035 0.0907 
0.0439 0.0544 0.0521 0.8496 
0.0309 0.0385 0.7377 0.1929 
0.8433 0.0519 0.0608 0.0439 
0.1193 0.3923 0.3971 0.0913 
0.0438 0.0579 0.0501 0.8482 
0.1892 0.7367 0.0399 0.0342 
0.8539 0.0485 0.0551 0.0425 
0.0873 0.3065 0.2860 0.3202 
0.2225 0.3032 0.2321 0.2422 
0.2690 0.2328 0.2515 0.2467 

MOTIF filter13 
letter-probability matrix: alength= 4 w= 14 nsites= 14 
0.1397 0.1714 0.4032 0.2857 
0.0063 0.4984 0.2159 0.2794 
0.0952 0.6381 0.1079 0.1587 
0.7016 0.0190 0.2540 0.0254 
0.0000 0.9524 0.0127 0.0349 
0.0000 0.0000 0.0000 1.0000 
0.0000 0.0000 0.0000 1.0000 
0.0000 1.0000 0.0000 0.0000 
0.0000 1.0000 0.0000 0.0000 
0.0000 0.0000 0.9810 0.0190 
0.0000 0.1238 0.8698 0.0063 
0.3397 0.1556 0.2444 0.2603 
0.3397 0.2159 0.2190 0.2254 
0.2317 0.2190 0.2794 0.2698 

MOTIF filter14 
letter-probability matrix: alength= 4 w= 13 nsites= 13 
0.2327 0.2846 0.2212 0.2615 
0.2442 0.2481 0.2327 0.2750 
0.2212 0.1577 0.1212 0.5000 
0.0000 0.0038 0.0462 0.9500 
0.0000 0.0000 0.0000 1.0000 
0.0000 0.5442 0.0000 0.4558 
0.0077 0.9923 0.0000 0.0000 
0.0731 0.4904 0.0000 0.4365 
0.4481 0.0000 0.4808 0.0712 
0.0000 0.0000 0.9846 0.0154 
0.5500 0.0135 0.4346 0.0019 
1.0000 0.0000 0.0000 0.0000 
0.8500 0.0635 0.0635 0.0231 

MOTIF filter15 
letter-probability matrix: alength= 4 w= 11 nsites= 11 
0.2679 0.2438 0.2629 0.2253 
0.2488 0.2900 0.2713 0.1899 
0.0729 0.8472 0.0412 0.0386 
0.8365 0.0273 0.0768 0.0594 
0.0388 0.7120 0.0360 0.2133 
0.1991 0.0355 0.7371 0.0283 
0.0663 0.0933 0.0294 0.8110 
0.0342 0.0328 0.8550 0.0780 
0.1984 0.2774 0.2882 0.2361 
0.1984 0.2623 0.2077 0.3316 
0.2459 0.2490 0.2489 0.2561 

MOTIF filter16 
letter-probability matrix: alength= 4 w= 18 nsites= 18 
0.2288 0.2222 0.2712 0.2778 
0.2190 0.2941 0.2778 0.2092 
0.2778 0.2451 0.2026 0.2745 
0.1405 0.6667 0.1340 0.0588 
0.9967 0.0000 0.0033 0.0000 
0.9804 0.0000 0.0163 0.0033 
0.4183 0.0719 0.4869 0.0229 
1.0000 0.0000 0.0000 0.0000 
0.0000 0.0000 0.0000 1.0000 
0.0000 0.0000 1.0000 0.0000 
0.0000 0.0000 1.0000 0.0000 
0.0294 0.9216 0.0000 0.0490 
0.1242 0.1732 0.4216 0.2810 
0.0654 0.0425 0.8301 0.0621 
0.1111 0.7876 0.0196 0.0817 
0.2190 0.2451 0.2255 0.3105 
0.2157 0.2386 0.3072 0.2386 
0.2418 0.2320 0.2712 0.2549 

MOTIF filter17 
letter-probability matrix: alength= 4 w= 18 nsites= 18 
0.3022 0.5289 0.0311 0.1378 
0.1911 0.2311 0.0533 0.5244 
0.2978 0.2044 0.3022 0.1956 
0.7200 0.0356 0.0889 0.1556 
0.2756 0.1467 0.4000 0.1778 
0.0400 0.0000 0.0000 0.9600 
0.1067 0.8089 0.0000 0.0844 
0.7111 0.0000 0.0000 0.2889 
0.0000 0.0000 0.9956 0.0044 
0.0000 1.0000 0.0000 0.0000 
0.6444 0.0000 0.0000 0.3556 
0.2489 0.0000 0.5778 0.1733 
0.8089 0.0044 0.0089 0.1778 
0.1822 0.2000 0.1111 0.5067 
0.1689 0.0933 0.0356 0.7022 
0.1600 0.3244 0.1956 0.3200 
0.4533 0.1422 0.2089 0.1956 
0.1822 0.1289 0.4711 0.2178 

MOTIF filter18 
letter-probability matrix: alength= 4 w= 16 nsites= 16 
0.4409 0.2310 0.1575 0.1706 
0.0525 0.3701 0.1286 0.4488 
0.0761 0.3228 0.3675 0.2336 
0.4383 0.1102 0.4514 0.0000 
0.5748 0.0052 0.3753 0.0446 
0.0000 1.0000 0.0000 0.0000 
0.0000 1.0000 0.0000 0.0000 
1.0000 0.0000 0.0000 0.0000 
1.0000 0.0000 0.0000 0.0000 
0.0000 0.0000 0.0000 1.0000 
0.0210 0.7533 0.2257 0.0000 
0.8556 0.0026 0.1417 0.0000 
0.0787 0.0971 0.8084 0.0157 
0.2283 0.2808 0.2441 0.2467 
0.2913 0.1916 0.2493 0.2677 
0.2388 0.2808 0.2257 0.2546 

MOTIF filter19 
letter-probability matrix: alength= 4 w= 16 nsites= 16 
0.2474 0.2626 0.2464 0.2436 
0.2464 0.2693 0.2521 0.2322 
0.1218 0.0809 0.3330 0.4643 
0.0523 0.8183 0.0038 0.1256 
0.0010 0.0095 0.0010 0.9886 
0.9990 0.0000 0.0010 0.0000 
0.2892 0.0010 0.0095 0.7003 
0.4548 0.0038 0.0000 0.5414 
0.5566 0.0000 0.0010 0.4424 
0.6832 0.0057 0.0000 0.3111 
0.0038 0.0029 0.0019 0.9914 
0.9838 0.0010 0.0124 0.0029 
0.1275 0.0048 0.8173 0.0504 
0.4310 0.3597 0.0599 0.1494 
0.2721 0.2312 0.2607 0.2360 
0.2417 0.2797 0.2388 0.2398 

MOTIF filter20 
letter-probability matrix: alength= 4 w= 15 nsites= 15 
0.2679 0.2812 0.2210 0.2299 
0.0647 0.2009 0.4821 0.2522 
0.0000 0.7790 0.0424 0.1786 
0.0045 0.7857 0.0000 0.2098 
0.0000 1.0000 0.0000 0.0000 
0.0000 1.0000 0.0000 0.0000 
0.0848 0.0000 0.6183 0.2969 
0.0000 1.0000 0.0000 0.0000 
0.0000 1.0000 0.0000 0.0000 
0.0000 0.7902 0.0000 0.2098 
0.0848 0.7790 0.0000 0.1362 
0.0446 0.6339 0.0536 0.2679 
0.2679 0.2366 0.2478 0.2478 
0.2679 0.2299 0.2321 0.2701 
0.2366 0.2812 0.2589 0.2232 

MOTIF filter21 
letter-probability matrix: alength= 4 w= 13 nsites= 13 
0.2667 0.3037 0.2247 0.2049 
0.2765 0.2543 0.2173 0.2519 
0.2395 0.2642 0.2346 0.2617 
0.0123 0.7506 0.1160 0.1210 
0.0000 0.1679 0.0000 0.8321 
0.0000 0.2568 0.7210 0.0222 
1.0000 0.0000 0.0000 0.0000 
0.0000 0.0000 0.0000 1.0000 
0.0000 0.0000 0.0000 1.0000 
0.0000 0.0000 1.0000 0.0000 
0.0000 0.0000 1.0000 0.0000 
0.0321 0.4173 0.0000 0.5506 
0.0000 0.4321 0.1383 0.4296 

MOTIF filter22 
letter-probability matrix: alength= 4 w= 13 nsites= 13 
0.0625 0.4492 0.2266 0.2617 
0.0352 0.7148 0.1484 0.1016 
0.7461 0.0000 0.2500 0.0039 
0.0000 0.9922 0.0000 0.0078 
0.0000 0.0000 0.0000 1.0000 
0.0000 0.0000 0.0000 1.0000 
0.0000 1.0000 0.0000 0.0000 
0.0000 1.0000 0.0000 0.0000 
0.0000 0.0000 0.9883 0.0117 
0.0000 0.1445 0.8516 0.0039 
0.2148 0.2266 0.2734 0.2852 
0.1875 0.2656 0.2500 0.2969 
0.3125 0.1992 0.2031 0.2852 

MOTIF filter23 
letter-probability matrix: alength= 4 w= 15 nsites= 15 
0.1594 0.3455 0.3262 0.1690 
0.1540 0.1979 0.1850 0.4631 
0.0492 0.2909 0.3914 0.2684 
0.6588 0.0481 0.2888 0.0043 
0.0107 0.0225 0.0032 0.9636 
0.0193 0.0000 0.0000 0.9807 
0.0920 0.0193 0.8877 0.0011 
0.0631 0.6289 0.2941 0.0139 
0.0759 0.1647 0.5497 0.2096 
0.0513 0.6503 0.0214 0.2770 
0.7305 0.2011 0.0620 0.0064 
0.9561 0.0118 0.0321 0.0000 
0.0706 0.2877 0.1455 0.4963 
0.2364 0.2567 0.2524 0.2545 
0.1754 0.2545 0.1529 0.4171 

MOTIF filter24 
letter-probability matrix: alength= 4 w= 15 nsites= 15 
0.2765 0.2862 0.2186 0.2186 
0.2605 0.3023 0.2090 0.2283 
0.2508 0.2572 0.2637 0.2283 
0.1158 0.0096 0.7010 0.1736 
0.0740 0.7492 0.0965 0.0804 
0.2765 0.3119 0.2765 0.1350 
0.0482 0.0032 0.8650 0.0836 
0.0000 1.0000 0.0000 0.0000 
0.0000 1.0000 0.0000 0.0000 
1.0000 0.0000 0.0000 0.0000 
0.0000 0.0000 0.0000 1.0000 
0.0129 0.4566 0.1383 0.3923 
0.0000 0.0032 0.0000 0.9968 
0.0000 0.0096 0.0000 0.9904 
0.0643 0.0772 0.7363 0.1222 

MOTIF filter25 
letter-probability matrix: alength= 4 w= 13 nsites= 13 
0.2369 0.2297 0.2718 0.2616 
0.2515 0.2587 0.2587 0.2311 
0.2762 0.1177 0.5058 0.1003 
0.1802 0.0015 0.6410 0.1773 
0.2587 0.0015 0.7384 0.0015 
0.0015 0.0015 0.9956 0.0015 
0.0000 0.0029 0.9971 0.0000 
0.3314 0.4637 0.0000 0.2049 
0.0000 0.0000 0.9985 0.0015 
0.0000 0.0000 1.0000 0.0000 
0.2587 0.0000 0.7195 0.0218 
0.2616 0.0799 0.6570 0.0015 
0.2049 0.4462 0.2238 0.1250 

MOTIF filter26 
letter-probability matrix: alength= 4 w= 10 nsites= 10 
0.2538 0.2347 0.2308 0.2807 
0.4333 0.0000 0.0000 0.5667 
0.0000 0.0000 0.0000 1.0000 
0.0000 0.0000 0.0000 1.0000 
0.6664 0.0000 0.3336 0.0000 
1.0000 0.0000 0.0000 0.0000 
0.0000 0.0000 0.0000 1.0000 
0.2508 0.2485 0.2462 0.2546 
0.2278 0.2592 0.2784 0.2347 
0.2477 0.2370 0.2508 0.2646 

MOTIF filter27 
letter-probability matrix: alength= 4 w= 15 nsites= 15 
0.2733 0.2484 0.2267 0.2516 
0.2733 0.2329 0.2919 0.2019 
0.2174 0.2422 0.2640 0.2764 
0.0062 0.8634 0.1304 0.0000 
0.0248 0.9752 0.0000 0.0000 
0.0000 0.0000 1.0000 0.0000 
0.0000 0.0000 1.0000 0.0000 
1.0000 0.0000 0.0000 0.0000 
1.0000 0.0000 0.0000 0.0000 
0.0311 0.0062 0.9627 0.0000 
0.0186 0.3106 0.0062 0.6646 
0.1863 0.0776 0.6894 0.0466 
0.2484 0.2453 0.4783 0.0280 
0.1925 0.3913 0.2453 0.1708 
0.2143 0.2950 0.2484 0.2422 

MOTIF filter28 
letter-probability matrix: alength= 4 w= 20 nsites= 20 
0.2889 0.2362 0.2299 0.2450 
0.1432 0.0678 0.0389 0.7500 
0.0264 0.0791 0.6859 0.2085 
0.4209 0.3982 0.0678 0.1131 
0.0000 1.0000 0.0000 0.0000 
0.0000 0.9937 0.0000 0.0063 
0.8367 0.0000 0.0025 0.1608 
0.0188 0.0000 0.0000 0.9812 
0.9987 0.0013 0.0000 0.0000 
0.0000 0.0000 0.0013 0.9987 
0.9950 0.0000 0.0000 0.0050 
0.1394 0.0025 0.0000 0.8580 
0.0025 0.0050 0.9925 0.0000 
0.0013 0.0013 0.9975 0.0000 
0.1005 0.0641 0.4008 0.4347 
0.2161 0.6759 0.0879 0.0201 
0.7437 0.0251 0.0603 0.1709 
0.2349 0.2701 0.2437 0.2513 
0.2261 0.2588 0.2550 0.2601 
0.2425 0.2387 0.2714 0.2475 

MOTIF filter29 
letter-probability matrix: alength= 4 w= 20 nsites= 20 
0.5000 0.1667 0.1667 0.1667 
0.1667 0.5000 0.0000 0.3333 
0.0000 0.0000 0.5000 0.5000 
0.0000 0.5000 0.5000 0.0000 
0.0000 0.0000 0.1667 0.8333 
0.0000 1.0000 0.0000 0.0000 
0.5000 0.3333 0.1667 0.0000 
0.6667 0.0000 0.3333 0.0000 
0.0000 0.3333 0.0000 0.6667 
0.0000 0.0000 0.1667 0.8333 
0.0000 0.5000 0.3333 0.1667 
0.0000 0.0000 1.0000 0.0000 
0.0000 0.3333 0.0000 0.6667 
0.3333 0.5000 0.1667 0.0000 
0.1667 0.6667 0.0000 0.1667 
0.1667 0.0000 0.8333 0.0000 
0.0000 1.0000 0.0000 0.0000 
0.6667 0.1667 0.0000 0.1667 
0.3333 0.0000 0.6667 0.0000 
0.3333 0.0000 0.0000 0.6667 

MOTIF filter30 
letter-probability matrix: alength= 4 w= 20 nsites= 20 
0.2907 0.2318 0.2343 0.2431 
0.1491 0.0739 0.0388 0.7381 
0.0238 0.0852 0.6754 0.2155 
0.4098 0.4035 0.0727 0.1140 
0.0000 1.0000 0.0000 0.0000 
0.0000 0.9987 0.0000 0.0013 
0.8383 0.0000 0.0013 0.1604 
0.0163 0.0000 0.0000 0.9837 
1.0000 0.0000 0.0000 0.0000 
0.0000 0.0000 0.0000 1.0000 
0.9900 0.0000 0.0000 0.0100 
0.1491 0.0025 0.0000 0.8484 
0.0000 0.0025 0.9975 0.0000 
0.0000 0.0000 0.9987 0.0013 
0.0965 0.0689 0.3972 0.4373 
0.2231 0.6604 0.0852 0.0313 
0.7419 0.0238 0.0564 0.1779 
0.2318 0.2820 0.2431 0.2431 
0.2180 0.2607 0.2732 0.2481 
0.2406 0.2343 0.2782 0.2469 

MOTIF filter31 
letter-probability matrix: alength= 4 w= 15 nsites= 15 
0.2806 0.1742 0.3000 0.2452 
0.5935 0.0613 0.1161 0.2290 
0.1806 0.3226 0.4742 0.0226 
0.0000 0.0000 0.0000 1.0000 
0.0129 0.9871 0.0000 0.0000 
1.0000 0.0000 0.0000 0.0000 
0.0000 0.0000 1.0000 0.0000 
0.0000 1.0000 0.0000 0.0000 
1.0000 0.0000 0.0000 0.0000 
0.4645 0.1903 0.0710 0.2742 
0.3935 0.0548 0.0000 0.5516 
0.4355 0.0452 0.0032 0.5161 
0.3065 0.1161 0.0226 0.5548 
0.2903 0.2290 0.2516 0.2290 
0.2548 0.3065 0.2129 0.2258 

