MEME version 4

ALPHABET= ACGT

Background letter frequencies:
A 0.2500 C 0.2500 G 0.2500 T 0.2500 

MOTIF filter0 
letter-probability matrix: alength= 4 w= 12 nsites= 12 
0.2307 0.2602 0.2642 0.2449 
0.4024 0.2053 0.2561 0.1362 
0.2246 0.3161 0.3140 0.1453 
0.0000 1.0000 0.0000 0.0000 
1.0000 0.0000 0.0000 0.0000 
0.0000 0.9990 0.0000 0.0010 
0.0030 0.0000 0.9970 0.0000 
0.0000 0.0000 0.0000 1.0000 
0.0000 0.0000 1.0000 0.0000 
0.1474 0.2947 0.3242 0.2337 
0.1616 0.2459 0.1626 0.4299 
0.2337 0.2581 0.2459 0.2622 

MOTIF filter1 
letter-probability matrix: alength= 4 w= 20 nsites= 20 
0.4615 0.0769 0.2308 0.2308 
0.6154 0.2308 0.0000 0.1538 
0.0000 0.4615 0.0769 0.4615 
0.3846 0.0000 0.6154 0.0000 
0.0000 0.5385 0.3846 0.0769 
0.4615 0.0000 0.0000 0.5385 
0.0000 1.0000 0.0000 0.0000 
1.0000 0.0000 0.0000 0.0000 
0.5385 0.0769 0.3846 0.0000 
0.0000 0.8462 0.0769 0.0769 
0.0000 0.0769 0.3077 0.6154 
0.2308 0.4615 0.0769 0.2308 
0.3846 0.3077 0.2308 0.0769 
0.0000 0.1538 0.0000 0.8462 
0.3846 0.0000 0.5385 0.0769 
0.3077 0.2308 0.3846 0.0769 
0.0000 0.0000 0.0769 0.9231 
0.1538 0.0000 0.8462 0.0000 
0.0000 0.3077 0.3077 0.3846 
0.0769 0.0769 0.1538 0.6923 

MOTIF filter2 
letter-probability matrix: alength= 4 w= 12 nsites= 12 
0.2538 0.2416 0.2281 0.2764 
0.2287 0.2291 0.3141 0.2281 
0.3470 0.2357 0.3144 0.1029 
0.0272 0.0268 0.0586 0.8875 
0.0300 0.0255 0.8167 0.1278 
0.8527 0.0546 0.0479 0.0449 
0.1089 0.4070 0.4103 0.0738 
0.0426 0.0548 0.0563 0.8464 
0.1637 0.7751 0.0222 0.0390 
0.8650 0.0394 0.0513 0.0443 
0.0971 0.3004 0.2618 0.3407 
0.2247 0.3110 0.2510 0.2133 

MOTIF filter3 
letter-probability matrix: alength= 4 w= 15 nsites= 15 
0.2935 0.2909 0.1948 0.2208 
0.2675 0.2623 0.2286 0.2416 
0.2519 0.2390 0.2494 0.2597 
0.0000 0.8494 0.0831 0.0675 
0.0000 0.1636 0.0000 0.8364 
0.0000 0.2312 0.7506 0.0182 
1.0000 0.0000 0.0000 0.0000 
0.0000 0.0000 0.0000 1.0000 
0.0000 0.0000 0.0000 1.0000 
0.0000 0.0000 1.0000 0.0000 
0.0000 0.0000 1.0000 0.0000 
0.0727 0.3896 0.0078 0.5299 
0.0234 0.4052 0.1532 0.4182 
0.1974 0.4130 0.2987 0.0909 
0.4623 0.1532 0.3065 0.0779 

MOTIF filter4 
letter-probability matrix: alength= 4 w= 18 nsites= 18 
0.2010 0.1357 0.4523 0.2111 
0.1608 0.4874 0.1357 0.2161 
0.2312 0.2814 0.2764 0.2111 
0.0754 0.1055 0.6834 0.1357 
0.1055 0.6734 0.0603 0.1608 
0.0302 0.9497 0.0050 0.0151 
1.0000 0.0000 0.0000 0.0000 
0.6131 0.0000 0.0101 0.3769 
0.2714 0.1960 0.3869 0.1457 
0.6683 0.0000 0.0000 0.3317 
0.0000 0.0000 0.0000 1.0000 
0.0000 0.0000 0.9950 0.0050 
0.0201 0.0352 0.9196 0.0251 
0.0553 0.7889 0.0503 0.1055 
0.1558 0.2261 0.3819 0.2362 
0.1156 0.1256 0.6884 0.0704 
0.1256 0.6683 0.1206 0.0854 
0.2714 0.2714 0.2261 0.2312 

MOTIF filter5 
letter-probability matrix: alength= 4 w= 13 nsites= 13 
0.2435 0.2167 0.2634 0.2763 
0.2177 0.1839 0.3877 0.2107 
0.4543 0.2247 0.2972 0.0239 
0.0010 0.0030 0.0000 0.9960 
0.0010 0.0080 0.9433 0.0477 
0.9702 0.0000 0.0298 0.0000 
0.0070 0.4821 0.5099 0.0010 
0.0000 0.0000 0.0000 1.0000 
0.0000 0.9503 0.0497 0.0000 
1.0000 0.0000 0.0000 0.0000 
0.0169 0.3847 0.2416 0.3569 
0.2117 0.4145 0.0626 0.3111 
0.2525 0.2584 0.2485 0.2406 

MOTIF filter6 
letter-probability matrix: alength= 4 w= 14 nsites= 14 
0.4400 0.2229 0.1457 0.1914 
0.0543 0.3800 0.1086 0.4571 
0.0543 0.3371 0.3857 0.2229 
0.4657 0.0914 0.4429 0.0000 
0.5829 0.0029 0.3657 0.0486 
0.0000 1.0000 0.0000 0.0000 
0.0000 1.0000 0.0000 0.0000 
1.0000 0.0000 0.0000 0.0000 
0.9943 0.0000 0.0057 0.0000 
0.0000 0.0000 0.0000 1.0000 
0.0257 0.7714 0.2029 0.0000 
0.8400 0.0029 0.1571 0.0000 
0.0571 0.0543 0.8686 0.0200 
0.2257 0.2657 0.2600 0.2486 

MOTIF filter7 
letter-probability matrix: alength= 4 w= 18 nsites= 18 
0.2325 0.2325 0.2605 0.2745 
0.2353 0.2913 0.2493 0.2241 
0.2745 0.2409 0.2185 0.2661 
0.1653 0.6359 0.1345 0.0644 
0.9972 0.0000 0.0028 0.0000 
0.9888 0.0028 0.0084 0.0000 
0.4314 0.0756 0.4706 0.0224 
1.0000 0.0000 0.0000 0.0000 
0.0000 0.0000 0.0000 1.0000 
0.0000 0.0000 1.0000 0.0000 
0.0000 0.0000 1.0000 0.0000 
0.0588 0.8543 0.0000 0.0868 
0.1148 0.1961 0.4202 0.2689 
0.0784 0.0784 0.7731 0.0700 
0.1345 0.7647 0.0112 0.0896 
0.2745 0.2241 0.2213 0.2801 
0.2269 0.2353 0.3025 0.2353 
0.2521 0.2325 0.2857 0.2297 

MOTIF filter8 
letter-probability matrix: alength= 4 w= 16 nsites= 16 
0.0714 0.2370 0.5812 0.1104 
1.0000 0.0000 0.0000 0.0000 
0.0000 0.0000 0.0000 1.0000 
0.0000 0.0000 0.0000 1.0000 
0.0000 0.0000 1.0000 0.0000 
0.0000 0.0000 1.0000 0.0000 
0.0065 0.4383 0.0000 0.5552 
0.0000 0.4740 0.1039 0.4221 
0.1721 0.4481 0.3409 0.0390 
0.5227 0.1396 0.3019 0.0357 
0.1396 0.0974 0.2597 0.5032 
0.1396 0.0747 0.3084 0.4773 
0.0000 0.2857 0.1851 0.5292 
0.1948 0.2532 0.2597 0.2922 
0.3084 0.2792 0.1526 0.2597 
0.2110 0.2532 0.2792 0.2565 

MOTIF filter9 
letter-probability matrix: alength= 4 w= 16 nsites= 16 
0.2258 0.2433 0.2643 0.2666 
0.2119 0.2806 0.2771 0.2305 
0.2875 0.2386 0.2258 0.2480 
0.1641 0.0733 0.0419 0.7206 
0.0314 0.0873 0.6612 0.2200 
0.4203 0.3888 0.0675 0.1234 
0.0023 0.9919 0.0058 0.0000 
0.0000 0.9919 0.0023 0.0058 
0.8347 0.0012 0.0070 0.1572 
0.0221 0.0000 0.0000 0.9779 
0.9988 0.0012 0.0000 0.0000 
0.0000 0.0000 0.0012 0.9988 
0.9872 0.0000 0.0000 0.0128 
0.1572 0.0035 0.0012 0.8382 
0.0035 0.0081 0.9884 0.0000 
0.0000 0.0000 0.9988 0.0012 

MOTIF filter10 
letter-probability matrix: alength= 4 w= 13 nsites= 13 
0.2298 0.2950 0.1988 0.2764 
0.2422 0.2329 0.2205 0.3043 
0.1832 0.2609 0.2516 0.3043 
0.0000 0.9161 0.0839 0.0000 
0.0155 0.9845 0.0000 0.0000 
0.0000 0.0000 1.0000 0.0000 
0.0000 0.0000 1.0000 0.0000 
0.9969 0.0031 0.0000 0.0000 
1.0000 0.0000 0.0000 0.0000 
0.0311 0.0186 0.9503 0.0000 
0.0186 0.3168 0.0280 0.6366 
0.1677 0.0963 0.6894 0.0466 
0.2609 0.2453 0.4565 0.0373 

MOTIF filter11 
letter-probability matrix: alength= 4 w= 14 nsites= 14 
0.2366 0.2390 0.2293 0.2951 
0.0244 0.1293 0.1659 0.6805 
0.0000 0.0024 0.0000 0.9976 
0.0000 0.2220 0.0098 0.7683 
0.0415 0.9585 0.0000 0.0000 
0.0366 0.5024 0.0000 0.4610 
0.4878 0.0000 0.4976 0.0146 
0.0000 0.0000 1.0000 0.0000 
0.2610 0.0000 0.7366 0.0024 
1.0000 0.0000 0.0000 0.0000 
1.0000 0.0000 0.0000 0.0000 
0.5610 0.0463 0.2146 0.1780 
0.2659 0.2683 0.1878 0.2780 
0.2268 0.2122 0.3610 0.2000 

MOTIF filter12 
letter-probability matrix: alength= 4 w= 18 nsites= 18 
0.2327 0.3111 0.2373 0.2189 
0.2903 0.2120 0.2097 0.2880 
0.2765 0.4470 0.1152 0.1613 
0.5115 0.0323 0.0553 0.4009 
0.6060 0.0530 0.0760 0.2650 
0.5691 0.0276 0.0138 0.3894 
0.2535 0.1728 0.3641 0.2097 
0.0000 0.0000 0.0000 1.0000 
0.0000 0.4770 0.5230 0.0000 
0.5369 0.4631 0.0000 0.0000 
0.0000 0.0000 0.3456 0.6544 
0.0000 0.4101 0.5899 0.0000 
1.0000 0.0000 0.0000 0.0000 
0.1866 0.3940 0.2074 0.2120 
0.2811 0.0184 0.0023 0.6982 
0.2834 0.2005 0.0346 0.4816 
0.3848 0.0645 0.0576 0.4931 
0.1959 0.1313 0.4839 0.1889 

MOTIF filter13 
letter-probability matrix: alength= 4 w= 13 nsites= 13 
0.2885 0.1667 0.3077 0.2372 
0.5929 0.0577 0.1250 0.2244 
0.1667 0.3301 0.4840 0.0192 
0.0000 0.0000 0.0000 1.0000 
0.0160 0.9840 0.0000 0.0000 
1.0000 0.0000 0.0000 0.0000 
0.0000 0.0000 1.0000 0.0000 
0.0000 1.0000 0.0000 0.0000 
1.0000 0.0000 0.0000 0.0000 
0.4519 0.1891 0.0833 0.2756 
0.4167 0.0481 0.0000 0.5353 
0.4295 0.0641 0.0000 0.5064 
0.3141 0.1058 0.0224 0.5577 

MOTIF filter14 
letter-probability matrix: alength= 4 w= 13 nsites= 13 
0.2250 0.2250 0.2875 0.2625 
0.2562 0.2156 0.2594 0.2688 
0.2000 0.2781 0.2969 0.2250 
0.2531 0.0437 0.6438 0.0594 
0.1406 0.0000 0.8062 0.0531 
0.1312 0.0000 0.8687 0.0000 
0.0000 0.0000 1.0000 0.0000 
0.0000 0.0000 1.0000 0.0000 
0.3219 0.5656 0.0000 0.1125 
0.0000 0.0000 1.0000 0.0000 
0.0000 0.0000 1.0000 0.0000 
0.1187 0.0000 0.8781 0.0031 
0.1656 0.0063 0.8281 0.0000 

MOTIF filter15 
letter-probability matrix: alength= 4 w= 13 nsites= 13 
0.2976 0.2429 0.2619 0.1976 
0.2690 0.2976 0.2262 0.2071 
0.0738 0.1976 0.4976 0.2310 
0.0000 0.7976 0.0190 0.1833 
0.0000 0.8357 0.0000 0.1643 
0.0000 1.0000 0.0000 0.0000 
0.0000 1.0000 0.0000 0.0000 
0.1024 0.0000 0.5905 0.3071 
0.0000 1.0000 0.0000 0.0000 
0.0000 1.0000 0.0000 0.0000 
0.0000 0.7905 0.0000 0.2095 
0.0786 0.8024 0.0000 0.1190 
0.0452 0.6262 0.0595 0.2690 

MOTIF filter16 
letter-probability matrix: alength= 4 w= 14 nsites= 14 
0.2521 0.2459 0.2517 0.2503 
0.2632 0.2647 0.2219 0.2502 
0.3920 0.1927 0.3435 0.0718 
0.0489 0.0491 0.0571 0.8450 
0.0237 0.0314 0.1982 0.7467 
0.3090 0.0288 0.4747 0.1875 
0.1074 0.5904 0.0876 0.2146 
0.2228 0.0871 0.5886 0.1015 
0.2008 0.4905 0.0144 0.2943 
0.7238 0.1961 0.0352 0.0449 
0.8590 0.0523 0.0581 0.0306 
0.0846 0.3173 0.1900 0.4081 
0.2453 0.2536 0.2519 0.2491 
0.2487 0.2311 0.2505 0.2697 

MOTIF filter17 
letter-probability matrix: alength= 4 w= 17 nsites= 17 
0.2560 0.2861 0.2500 0.2078 
0.2319 0.2590 0.2500 0.2590 
0.1145 0.0120 0.7018 0.1717 
0.0723 0.7289 0.1205 0.0783 
0.2831 0.3524 0.2590 0.1054 
0.0392 0.0000 0.8554 0.1054 
0.0000 1.0000 0.0000 0.0000 
0.0000 1.0000 0.0000 0.0000 
1.0000 0.0000 0.0000 0.0000 
0.0000 0.0000 0.0000 1.0000 
0.0090 0.4548 0.1355 0.4006 
0.0000 0.0120 0.0000 0.9880 
0.0000 0.0120 0.0000 0.9880 
0.0934 0.0904 0.6837 0.1325 
0.2861 0.2229 0.2349 0.2560 
0.2018 0.2651 0.2771 0.2560 
0.2289 0.2922 0.2410 0.2380 

MOTIF filter18 
letter-probability matrix: alength= 4 w= 17 nsites= 17 
0.2477 0.2601 0.2353 0.2570 
0.2229 0.2415 0.2632 0.2724 
0.2477 0.2198 0.2755 0.2570 
0.2755 0.0464 0.6285 0.0495 
0.0929 0.0000 0.8359 0.0712 
0.1796 0.0000 0.8204 0.0000 
0.0000 0.0000 1.0000 0.0000 
0.0000 0.0000 1.0000 0.0000 
0.2570 0.5851 0.0000 0.1579 
0.0000 0.0000 1.0000 0.0000 
0.0000 0.0000 1.0000 0.0000 
0.1920 0.0000 0.8080 0.0000 
0.1827 0.0279 0.7895 0.0000 
0.1703 0.6409 0.1641 0.0248 
0.2879 0.2198 0.2879 0.2043 
0.2322 0.3034 0.2260 0.2384 
0.2508 0.2167 0.2693 0.2632 

MOTIF filter19 
letter-probability matrix: alength= 4 w= 16 nsites= 16 
0.2527 0.2704 0.2397 0.2373 
0.2409 0.2774 0.2479 0.2338 
0.1063 0.0567 0.3495 0.4876 
0.0307 0.8819 0.0000 0.0874 
0.0000 0.0000 0.0000 1.0000 
1.0000 0.0000 0.0000 0.0000 
0.2763 0.0000 0.0047 0.7190 
0.4675 0.0000 0.0000 0.5325 
0.5561 0.0000 0.0000 0.4439 
0.7048 0.0012 0.0000 0.2940 
0.0000 0.0000 0.0000 1.0000 
1.0000 0.0000 0.0000 0.0000 
0.0767 0.0000 0.9091 0.0142 
0.4581 0.3660 0.0460 0.1299 
0.2881 0.2231 0.2586 0.2302 
0.2456 0.2810 0.2361 0.2373 

MOTIF filter20 
letter-probability matrix: alength= 4 w= 15 nsites= 15 
0.4574 0.2159 0.1648 0.1619 
0.0682 0.3466 0.1278 0.4574 
0.0767 0.3182 0.3580 0.2472 
0.4034 0.1136 0.4773 0.0057 
0.5710 0.0085 0.3920 0.0284 
0.0000 1.0000 0.0000 0.0000 
0.0000 1.0000 0.0000 0.0000 
1.0000 0.0000 0.0000 0.0000 
1.0000 0.0000 0.0000 0.0000 
0.0000 0.0000 0.0000 1.0000 
0.0085 0.7812 0.2045 0.0057 
0.8466 0.0000 0.1534 0.0000 
0.0455 0.0739 0.8807 0.0000 
0.1875 0.3068 0.2188 0.2869 
0.2841 0.1989 0.2727 0.2443 

MOTIF filter21 
letter-probability matrix: alength= 4 w= 16 nsites= 16 
0.1670 0.4175 0.3587 0.0567 
0.4478 0.0546 0.2912 0.2063 
0.1555 0.4165 0.1100 0.3180 
0.1378 0.0466 0.7380 0.0776 
0.0344 0.3399 0.4151 0.2105 
0.1329 0.0470 0.4520 0.3681 
0.1065 0.3758 0.1621 0.3556 
0.2530 0.3180 0.0811 0.3479 
0.0685 0.8260 0.0508 0.0546 
0.0007 0.8497 0.0612 0.0884 
0.1475 0.2025 0.2617 0.3883 
0.4530 0.1461 0.3361 0.0647 
0.0856 0.3055 0.4976 0.1113 
0.3351 0.1016 0.3953 0.1681 
0.2624 0.5992 0.1319 0.0066 
0.1541 0.1106 0.3775 0.3577 

MOTIF filter22 
letter-probability matrix: alength= 4 w= 15 nsites= 15 
0.3932 0.1425 0.1652 0.2991 
0.4074 0.1339 0.2051 0.2536 
0.0969 0.0000 0.0000 0.9031 
0.1652 0.6268 0.0057 0.2023 
0.5128 0.0000 0.0000 0.4872 
0.0000 0.0000 1.0000 0.0000 
0.0000 1.0000 0.0000 0.0000 
0.4188 0.0000 0.0000 0.5812 
0.1937 0.0028 0.7521 0.0513 
0.9031 0.0000 0.0057 0.0912 
0.0684 0.2336 0.1624 0.5356 
0.2023 0.1054 0.0513 0.6410 
0.1368 0.3989 0.2194 0.2450 
0.3732 0.0712 0.2393 0.3162 
0.2308 0.1396 0.4217 0.2080 

MOTIF filter23 
letter-probability matrix: alength= 4 w= 20 nsites= 20 
0.2671 0.2315 0.2502 0.2512 
0.0999 0.2077 0.3917 0.3007 
0.1484 0.0663 0.0129 0.7725 
0.0049 0.4520 0.0643 0.4787 
0.4688 0.1414 0.2384 0.1513 
0.2641 0.0821 0.5747 0.0791 
0.4115 0.0138 0.4560 0.1187 
0.2730 0.3996 0.3126 0.0148 
0.0109 0.0148 0.1691 0.8051 
0.1207 0.1899 0.5500 0.1395 
0.2582 0.2166 0.2819 0.2433 
0.2394 0.2809 0.2196 0.2601 
0.2502 0.3650 0.1731 0.2117 
0.0890 0.7171 0.1375 0.0564 
0.7478 0.0663 0.0000 0.1860 
0.0406 0.4036 0.1721 0.3838 
0.6963 0.0514 0.0425 0.2097 
0.1909 0.2463 0.0336 0.5292 
0.1632 0.1998 0.0356 0.6014 
0.3254 0.3175 0.3254 0.0317 

MOTIF filter24 
letter-probability matrix: alength= 4 w= 15 nsites= 15 
0.2595 0.2477 0.2177 0.2751 
0.2542 0.2634 0.2321 0.2503 
0.1330 0.1982 0.1512 0.5176 
0.0000 0.0000 0.0000 1.0000 
0.0000 0.0000 0.0013 0.9987 
0.0482 0.9518 0.0000 0.0000 
0.0013 0.7692 0.0000 0.2295 
0.2581 0.2021 0.2686 0.2712 
0.1682 0.0000 0.8318 0.0000 
0.0000 0.0000 0.9831 0.0169 
1.0000 0.0000 0.0000 0.0000 
1.0000 0.0000 0.0000 0.0000 
0.5476 0.1186 0.1825 0.1512 
0.2295 0.2816 0.2438 0.2451 
0.2621 0.2412 0.2568 0.2399 

MOTIF filter25 
letter-probability matrix: alength= 4 w= 16 nsites= 16 
0.2507 0.2550 0.2464 0.2479 
0.2500 0.2557 0.2585 0.2358 
0.1456 0.0902 0.3253 0.4389 
0.0668 0.7741 0.0170 0.1420 
0.0142 0.0469 0.0135 0.9254 
0.9574 0.0021 0.0014 0.0391 
0.2933 0.0021 0.0064 0.6982 
0.4396 0.0057 0.0007 0.5540 
0.5227 0.0007 0.0021 0.4744 
0.6655 0.0050 0.0000 0.3295 
0.0497 0.0007 0.0007 0.9489 
0.9190 0.0092 0.0391 0.0327 
0.1690 0.0078 0.7564 0.0668 
0.4169 0.3501 0.0724 0.1605 
0.2550 0.2507 0.2536 0.2408 
0.2479 0.2791 0.2401 0.2330 

MOTIF filter26 
letter-probability matrix: alength= 4 w= 8 nsites= 8 
0.2484 0.2669 0.2491 0.2356 
0.3566 0.2228 0.2569 0.1637 
0.2676 0.3089 0.3409 0.0826 
0.0000 1.0000 0.0000 0.0000 
1.0000 0.0000 0.0000 0.0000 
0.0000 1.0000 0.0000 0.0000 
0.0000 0.0000 1.0000 0.0000 
0.0000 0.0000 0.0000 1.0000 

MOTIF filter27 
letter-probability matrix: alength= 4 w= 13 nsites= 13 
0.2624 0.2163 0.2518 0.2695 
0.2660 0.1986 0.3511 0.1844 
0.2376 0.2234 0.3050 0.2340 
0.0035 0.8794 0.1170 0.0000 
0.0319 0.9681 0.0000 0.0000 
0.0000 0.0000 1.0000 0.0000 
0.0000 0.0000 1.0000 0.0000 
1.0000 0.0000 0.0000 0.0000 
1.0000 0.0000 0.0000 0.0000 
0.0355 0.0035 0.9610 0.0000 
0.0284 0.2660 0.0035 0.7021 
0.1667 0.0674 0.7270 0.0390 
0.2553 0.2553 0.4752 0.0142 

MOTIF filter28 
letter-probability matrix: alength= 4 w= 15 nsites= 15 
0.2798 0.2381 0.2178 0.2643 
0.2711 0.2459 0.2401 0.2430 
0.1568 0.2159 0.1423 0.4850 
0.0000 0.0000 0.0010 0.9990 
0.0000 0.0000 0.0145 0.9855 
0.0891 0.9071 0.0010 0.0029 
0.0077 0.7948 0.0000 0.1975 
0.2381 0.2420 0.2265 0.2933 
0.2478 0.0000 0.7260 0.0261 
0.0000 0.0010 0.8993 0.0997 
0.9700 0.0300 0.0000 0.0000 
1.0000 0.0000 0.0000 0.0000 
0.4743 0.1520 0.2285 0.1452 
0.2294 0.2749 0.2459 0.2498 
0.2623 0.2391 0.2527 0.2459 

MOTIF filter29 
letter-probability matrix: alength= 4 w= 16 nsites= 16 
0.2287 0.2533 0.2533 0.2646 
0.2144 0.2800 0.2708 0.2349 
0.2882 0.2390 0.2318 0.2410 
0.1733 0.0800 0.0503 0.6964 
0.0400 0.0974 0.6318 0.2308 
0.4051 0.3764 0.0903 0.1282 
0.0031 0.9805 0.0123 0.0041 
0.0010 0.9744 0.0041 0.0205 
0.8144 0.0062 0.0133 0.1662 
0.0308 0.0010 0.0031 0.9651 
0.9908 0.0062 0.0031 0.0000 
0.0000 0.0031 0.0041 0.9928 
0.9672 0.0041 0.0000 0.0287 
0.1662 0.0123 0.0051 0.8164 
0.0133 0.0154 0.9692 0.0021 
0.0031 0.0113 0.9805 0.0051 

MOTIF filter30 
letter-probability matrix: alength= 4 w= 14 nsites= 14 
0.1799 0.2302 0.3201 0.2698 
0.0265 0.4815 0.2249 0.2672 
0.0820 0.6217 0.1296 0.1667 
0.6931 0.0079 0.2725 0.0265 
0.0000 0.9497 0.0026 0.0476 
0.0000 0.0000 0.0000 1.0000 
0.0000 0.0000 0.0000 1.0000 
0.0000 1.0000 0.0000 0.0000 
0.0000 1.0000 0.0000 0.0000 
0.0000 0.0000 0.9762 0.0238 
0.0000 0.1561 0.8333 0.0106 
0.2646 0.2037 0.2407 0.2910 
0.2487 0.2328 0.2487 0.2698 
0.2672 0.2302 0.2302 0.2725 

MOTIF filter31 
letter-probability matrix: alength= 4 w= 15 nsites= 15 
0.2816 0.2298 0.2524 0.2362 
0.2395 0.2816 0.2362 0.2427 
0.5275 0.0097 0.1424 0.3204 
0.6505 0.0097 0.0324 0.3074 
0.4628 0.0000 0.0421 0.4951 
0.2977 0.1392 0.1456 0.4175 
0.0032 0.0000 0.0000 0.9968 
0.0000 0.0000 1.0000 0.0000 
0.0129 0.9871 0.0000 0.0000 
0.0000 0.0000 0.0000 1.0000 
0.0000 0.0000 0.9838 0.0162 
1.0000 0.0000 0.0000 0.0000 
0.0291 0.5178 0.3269 0.1262 
0.1942 0.1392 0.0615 0.6052 
0.1974 0.3592 0.1197 0.3236 

