MEME version 4

ALPHABET= ACGT

Background letter frequencies:
A 0.2500 C 0.2500 G 0.2500 T 0.2500 

MOTIF filter0 
letter-probability matrix: alength= 4 w= 19 nsites= 19 
0.2865 0.2321 0.2235 0.2579 
0.2894 0.2407 0.2464 0.2235 
0.2292 0.2894 0.2092 0.2722 
0.3009 0.5702 0.0057 0.1232 
0.2464 0.1948 0.0659 0.4928 
0.2923 0.1576 0.3066 0.2436 
0.5759 0.0716 0.1175 0.2350 
0.1461 0.3181 0.5129 0.0229 
0.0000 0.0000 0.0000 1.0000 
0.0143 0.9857 0.0000 0.0000 
1.0000 0.0000 0.0000 0.0000 
0.0000 0.0000 0.9628 0.0372 
0.0000 1.0000 0.0000 0.0000 
0.9828 0.0000 0.0000 0.0172 
0.4499 0.1662 0.1433 0.2407 
0.4327 0.0401 0.0057 0.5215 
0.3696 0.0745 0.0172 0.5387 
0.3123 0.1175 0.0258 0.5444 
0.2665 0.2665 0.2206 0.2464 

MOTIF filter1 
letter-probability matrix: alength= 4 w= 11 nsites= 11 
0.2290 0.1889 0.1920 0.3901 
0.1910 0.1951 0.1992 0.4148 
0.2146 0.1899 0.3532 0.2423 
0.5780 0.0493 0.3676 0.0051 
0.1181 0.0072 0.0000 0.8747 
0.0267 0.0503 0.0205 0.9025 
0.1376 0.0195 0.8008 0.0421 
0.0380 0.8532 0.0236 0.0852 
0.0708 0.0462 0.8696 0.0133 
0.1550 0.6745 0.0000 0.1704 
0.9384 0.0575 0.0010 0.0031 

MOTIF filter2 
letter-probability matrix: alength= 4 w= 15 nsites= 15 
0.2468 0.2278 0.2627 0.2627 
0.2184 0.2627 0.2753 0.2437 
0.2468 0.0475 0.6424 0.0633 
0.1361 0.0000 0.8070 0.0570 
0.1487 0.0000 0.8513 0.0000 
0.0000 0.0000 1.0000 0.0000 
0.0000 0.0000 1.0000 0.0000 
0.3038 0.5918 0.0000 0.1044 
0.0000 0.0000 1.0000 0.0000 
0.0000 0.0000 1.0000 0.0000 
0.1203 0.0000 0.8797 0.0000 
0.1835 0.0095 0.8070 0.0000 
0.1487 0.6076 0.1677 0.0759 
0.2722 0.2025 0.2911 0.2342 
0.2310 0.3165 0.2089 0.2437 

MOTIF filter3 
letter-probability matrix: alength= 4 w= 13 nsites= 13 
0.2366 0.2366 0.2545 0.2724 
0.0036 0.9032 0.0430 0.0502 
0.0000 0.1685 0.0000 0.8315 
0.0000 0.2258 0.7706 0.0036 
1.0000 0.0000 0.0000 0.0000 
0.0000 0.0000 0.0000 1.0000 
0.0000 0.0000 0.0000 1.0000 
0.0000 0.0000 1.0000 0.0000 
0.0000 0.0000 1.0000 0.0000 
0.0251 0.3943 0.0143 0.5663 
0.0179 0.4552 0.1290 0.3978 
0.1505 0.4695 0.3262 0.0538 
0.5054 0.1147 0.3154 0.0645 

MOTIF filter4 
letter-probability matrix: alength= 4 w= 20 nsites= 20 
0.2899 0.2360 0.2328 0.2414 
0.1627 0.0744 0.0431 0.7198 
0.0334 0.0959 0.6509 0.2198 
0.4073 0.3890 0.0754 0.1282 
0.0032 0.9892 0.0054 0.0022 
0.0011 0.9849 0.0032 0.0108 
0.8222 0.0022 0.0119 0.1638 
0.0226 0.0000 0.0022 0.9752 
0.9935 0.0043 0.0022 0.0000 
0.0000 0.0022 0.0011 0.9968 
0.9774 0.0022 0.0000 0.0205 
0.1552 0.0065 0.0032 0.8351 
0.0065 0.0108 0.9828 0.0000 
0.0022 0.0054 0.9881 0.0043 
0.1131 0.0744 0.3836 0.4289 
0.2263 0.6390 0.0959 0.0388 
0.7069 0.0345 0.0733 0.1853 
0.2403 0.2748 0.2381 0.2468 
0.2317 0.2575 0.2629 0.2478 
0.2403 0.2349 0.2694 0.2554 

MOTIF filter5 
letter-probability matrix: alength= 4 w= 16 nsites= 16 
0.2738 0.2466 0.2104 0.2692 
0.2670 0.2986 0.2059 0.2285 
0.2670 0.2217 0.2149 0.2964 
0.0136 0.1991 0.1833 0.6041 
0.0000 0.0090 0.0000 0.9910 
0.0000 0.2104 0.0023 0.7873 
0.0769 0.9231 0.0000 0.0000 
0.0113 0.4548 0.0000 0.5339 
0.4932 0.0000 0.4955 0.0113 
0.0000 0.0000 0.9977 0.0023 
0.2489 0.0045 0.7443 0.0023 
0.9977 0.0000 0.0023 0.0000 
0.9796 0.0068 0.0000 0.0136 
0.4864 0.0362 0.2149 0.2624 
0.2738 0.2195 0.1765 0.3303 
0.2421 0.2534 0.3100 0.1946 

MOTIF filter6 
letter-probability matrix: alength= 4 w= 18 nsites= 18 
0.2404 0.2285 0.2582 0.2730 
0.2077 0.3027 0.2789 0.2107 
0.2789 0.2730 0.1899 0.2582 
0.1602 0.6528 0.1276 0.0593 
1.0000 0.0000 0.0000 0.0000 
0.9822 0.0000 0.0178 0.0000 
0.4273 0.0890 0.4837 0.0000 
1.0000 0.0000 0.0000 0.0000 
0.0000 0.0000 0.0000 1.0000 
0.0000 0.0000 1.0000 0.0000 
0.0000 0.0000 1.0000 0.0000 
0.0534 0.8724 0.0000 0.0742 
0.1128 0.1899 0.4303 0.2671 
0.0861 0.0682 0.7745 0.0712 
0.1246 0.7774 0.0148 0.0831 
0.2641 0.2315 0.2255 0.2789 
0.2255 0.2315 0.3234 0.2196 
0.2700 0.2166 0.2849 0.2285 

MOTIF filter7 
letter-probability matrix: alength= 4 w= 16 nsites= 16 
0.2498 0.2588 0.2434 0.2480 
0.2489 0.2670 0.2525 0.2317 
0.1312 0.0796 0.3339 0.4552 
0.0516 0.8163 0.0090 0.1231 
0.0009 0.0181 0.0009 0.9801 
0.9928 0.0009 0.0018 0.0045 
0.2878 0.0009 0.0090 0.7023 
0.4543 0.0072 0.0000 0.5385 
0.5439 0.0027 0.0009 0.4525 
0.6787 0.0063 0.0000 0.3149 
0.0090 0.0009 0.0018 0.9882 
0.9756 0.0018 0.0199 0.0027 
0.1258 0.0063 0.8154 0.0525 
0.4353 0.3548 0.0615 0.1484 
0.2715 0.2317 0.2597 0.2371 
0.2489 0.2805 0.2344 0.2362 

MOTIF filter8 
letter-probability matrix: alength= 4 w= 13 nsites= 13 
0.2472 0.2591 0.2390 0.2547 
0.2330 0.2681 0.2554 0.2435 
0.2606 0.2659 0.2367 0.2367 
0.5026 0.1270 0.3630 0.0075 
0.0022 0.0022 0.0015 0.9940 
0.0000 0.0000 0.0739 0.9261 
0.3114 0.0007 0.5698 0.1180 
0.0291 0.8125 0.0224 0.1359 
0.1344 0.0202 0.8230 0.0224 
0.1128 0.6124 0.0000 0.2748 
0.8947 0.1053 0.0000 0.0000 
0.9940 0.0022 0.0037 0.0000 
0.0351 0.3346 0.1621 0.4683 

MOTIF filter9 
letter-probability matrix: alength= 4 w= 18 nsites= 18 
0.4237 0.0649 0.1603 0.3511 
0.7214 0.0076 0.0115 0.2595 
0.4389 0.0000 0.0191 0.5420 
0.2748 0.1489 0.1298 0.4466 
0.0115 0.0000 0.0000 0.9885 
0.0000 0.0000 1.0000 0.0000 
0.0038 0.9962 0.0000 0.0000 
0.0000 0.0000 0.0000 1.0000 
0.0000 0.0000 1.0000 0.0000 
1.0000 0.0000 0.0000 0.0000 
0.0267 0.5115 0.2977 0.1641 
0.1832 0.1298 0.0382 0.6489 
0.1603 0.3740 0.1374 0.3282 
0.5649 0.0649 0.1641 0.2061 
0.1260 0.0153 0.5840 0.2748 
0.2824 0.2710 0.2481 0.1985 
0.2405 0.2137 0.2786 0.2672 
0.2252 0.2137 0.2748 0.2863 

MOTIF filter10 
letter-probability matrix: alength= 4 w= 18 nsites= 18 
0.2443 0.2519 0.2481 0.2557 
0.2824 0.2443 0.2519 0.2214 
0.2366 0.2901 0.2214 0.2519 
0.6298 0.0000 0.0687 0.3015 
0.6107 0.0115 0.0458 0.3321 
0.4847 0.0000 0.0076 0.5076 
0.3282 0.1412 0.1374 0.3931 
0.0000 0.0000 0.0000 1.0000 
0.0000 0.0000 1.0000 0.0000 
0.0344 0.9656 0.0000 0.0000 
0.0000 0.0000 0.0000 1.0000 
0.0000 0.0000 0.9885 0.0115 
1.0000 0.0000 0.0000 0.0000 
0.0229 0.5267 0.3130 0.1374 
0.2214 0.0649 0.0458 0.6679 
0.1985 0.3969 0.0878 0.3168 
0.5115 0.0382 0.1832 0.2672 
0.1412 0.0611 0.5573 0.2405 

MOTIF filter11 
letter-probability matrix: alength= 4 w= 15 nsites= 15 
0.2690 0.2905 0.2190 0.2214 
0.0690 0.2048 0.4810 0.2452 
0.0000 0.7905 0.0452 0.1643 
0.0048 0.8048 0.0000 0.1905 
0.0000 1.0000 0.0000 0.0000 
0.0000 1.0000 0.0000 0.0000 
0.0762 0.0000 0.6048 0.3190 
0.0000 1.0000 0.0000 0.0000 
0.0000 1.0000 0.0000 0.0000 
0.0000 0.8119 0.0000 0.1881 
0.0571 0.8238 0.0000 0.1190 
0.0500 0.6167 0.0643 0.2690 
0.2595 0.2500 0.2452 0.2452 
0.2690 0.2381 0.2238 0.2690 
0.2214 0.3071 0.2548 0.2167 

MOTIF filter12 
letter-probability matrix: alength= 4 w= 16 nsites= 16 
0.2817 0.2359 0.2113 0.2711 
0.2465 0.2042 0.2782 0.2711 
0.2148 0.2570 0.2606 0.2676 
0.0070 0.8944 0.0986 0.0000 
0.0458 0.9542 0.0000 0.0000 
0.0000 0.0000 1.0000 0.0000 
0.0000 0.0000 1.0000 0.0000 
1.0000 0.0000 0.0000 0.0000 
1.0000 0.0000 0.0000 0.0000 
0.0493 0.0141 0.9366 0.0000 
0.0352 0.3134 0.0176 0.6338 
0.1373 0.0141 0.8310 0.0176 
0.2606 0.2324 0.5070 0.0000 
0.2183 0.3803 0.2465 0.1549 
0.1901 0.2958 0.2535 0.2606 
0.2641 0.2746 0.2535 0.2077 

MOTIF filter13 
letter-probability matrix: alength= 4 w= 13 nsites= 13 
0.3130 0.2290 0.2493 0.2087 
0.2841 0.2116 0.2435 0.2609 
0.2725 0.2058 0.2145 0.3072 
0.1739 0.1391 0.0319 0.6551 
0.0000 0.0000 0.0000 1.0000 
0.0000 0.0000 0.0000 1.0000 
0.0000 1.0000 0.0000 0.0000 
0.0000 0.9971 0.0000 0.0029 
0.0841 0.4319 0.0029 0.4812 
0.3971 0.0000 0.5826 0.0203 
0.0000 0.0000 0.9275 0.0725 
0.9942 0.0058 0.0000 0.0000 
1.0000 0.0000 0.0000 0.0000 

MOTIF filter14 
letter-probability matrix: alength= 4 w= 15 nsites= 15 
0.2547 0.2347 0.2210 0.2896 
0.2669 0.2358 0.2495 0.2479 
0.2083 0.2453 0.1551 0.3914 
0.0069 0.0269 0.0164 0.9499 
0.0105 0.0005 0.0686 0.9204 
0.1788 0.7780 0.0158 0.0274 
0.0469 0.6804 0.0032 0.2695 
0.2516 0.2426 0.2537 0.2521 
0.2505 0.0079 0.7073 0.0343 
0.0137 0.0164 0.8470 0.1229 
0.9209 0.0564 0.0042 0.0185 
0.9420 0.0243 0.0338 0.0000 
0.4272 0.1809 0.2358 0.1561 
0.2289 0.2611 0.2431 0.2669 
0.2321 0.2410 0.2722 0.2547 

MOTIF filter15 
letter-probability matrix: alength= 4 w= 11 nsites= 11 
0.2312 0.2339 0.2366 0.2984 
0.2392 0.2366 0.2769 0.2473 
0.2231 0.2903 0.2500 0.2366 
0.0000 0.8360 0.1640 0.0000 
0.0134 0.9866 0.0000 0.0000 
0.0000 0.0000 1.0000 0.0000 
0.0000 0.0000 1.0000 0.0000 
1.0000 0.0000 0.0000 0.0000 
1.0000 0.0000 0.0000 0.0000 
0.0269 0.0000 0.9731 0.0000 
0.0081 0.3226 0.0054 0.6640 

MOTIF filter16 
letter-probability matrix: alength= 4 w= 19 nsites= 19 
0.1632 0.0785 0.0442 0.7141 
0.0209 0.0847 0.6810 0.2135 
0.4123 0.3963 0.0712 0.1202 
0.0000 0.9963 0.0037 0.0000 
0.0000 0.9951 0.0012 0.0037 
0.8393 0.0000 0.0037 0.1571 
0.0196 0.0000 0.0000 0.9804 
1.0000 0.0000 0.0000 0.0000 
0.0000 0.0012 0.0012 0.9975 
0.9914 0.0000 0.0000 0.0086 
0.1571 0.0025 0.0000 0.8405 
0.0000 0.0037 0.9963 0.0000 
0.0000 0.0000 1.0000 0.0000 
0.0969 0.0675 0.4025 0.4331 
0.2110 0.6687 0.0933 0.0270 
0.7472 0.0221 0.0613 0.1693 
0.2442 0.2798 0.2356 0.2405 
0.2221 0.2601 0.2613 0.2564 
0.2479 0.2356 0.2736 0.2429 

MOTIF filter17 
letter-probability matrix: alength= 4 w= 18 nsites= 18 
0.1389 0.4667 0.1944 0.2000 
0.2722 0.3278 0.1944 0.2056 
0.1556 0.1333 0.5278 0.1833 
0.0167 0.9722 0.0111 0.0000 
0.7444 0.2556 0.0000 0.0000 
1.0000 0.0000 0.0000 0.0000 
0.3500 0.0278 0.2889 0.3333 
0.8167 0.0889 0.0111 0.0833 
0.0000 0.0000 0.0000 1.0000 
0.0000 0.0000 0.7778 0.2222 
0.0000 0.0000 1.0000 0.0000 
0.0722 0.8500 0.0111 0.0667 
0.1278 0.2278 0.4167 0.2278 
0.1222 0.1111 0.6889 0.0778 
0.1167 0.7833 0.0556 0.0444 
0.3167 0.2000 0.1778 0.3056 
0.1944 0.2556 0.2778 0.2722 
0.1722 0.3222 0.3167 0.1889 

MOTIF filter18 
letter-probability matrix: alength= 4 w= 11 nsites= 11 
0.2499 0.2396 0.2368 0.2737 
0.2333 0.2246 0.3030 0.2392 
0.3405 0.2674 0.3000 0.0921 
0.0529 0.0460 0.0634 0.8377 
0.0336 0.0319 0.7499 0.1846 
0.8303 0.0532 0.0700 0.0465 
0.1156 0.3896 0.3974 0.0974 
0.0495 0.0583 0.0536 0.8386 
0.1793 0.7503 0.0381 0.0323 
0.8394 0.0542 0.0626 0.0438 
0.0898 0.3127 0.2780 0.3195 

MOTIF filter19 
letter-probability matrix: alength= 4 w= 12 nsites= 12 
0.2525 0.2636 0.2401 0.2438 
0.2711 0.2618 0.2289 0.2382 
0.2506 0.2333 0.2432 0.2730 
0.6321 0.0000 0.0000 0.3679 
0.0000 0.0000 0.0000 1.0000 
0.0000 0.0205 0.0000 0.9795 
0.9386 0.0000 0.0614 0.0000 
1.0000 0.0000 0.0000 0.0000 
0.3778 0.0000 0.0000 0.6222 
0.2674 0.2333 0.2488 0.2506 
0.2407 0.2450 0.2723 0.2419 
0.2568 0.2475 0.2308 0.2649 

MOTIF filter20 
letter-probability matrix: alength= 4 w= 16 nsites= 16 
0.2543 0.2691 0.2395 0.2370 
0.2432 0.2741 0.2556 0.2272 
0.1111 0.0568 0.3309 0.5012 
0.0296 0.8951 0.0000 0.0753 
0.0000 0.0000 0.0000 1.0000 
1.0000 0.0000 0.0000 0.0000 
0.2691 0.0000 0.0025 0.7284 
0.4691 0.0000 0.0000 0.5309 
0.5642 0.0000 0.0000 0.4358 
0.7111 0.0000 0.0000 0.2889 
0.0000 0.0000 0.0000 1.0000 
1.0000 0.0000 0.0000 0.0000 
0.0790 0.0000 0.9148 0.0062 
0.4617 0.3642 0.0469 0.1272 
0.2852 0.2235 0.2605 0.2309 
0.2506 0.2704 0.2296 0.2494 

MOTIF filter21 
letter-probability matrix: alength= 4 w= 12 nsites= 12 
0.2286 0.2624 0.2614 0.2475 
0.3867 0.2107 0.2535 0.1491 
0.2256 0.3032 0.3141 0.1571 
0.0000 1.0000 0.0000 0.0000 
1.0000 0.0000 0.0000 0.0000 
0.0000 1.0000 0.0000 0.0000 
0.0000 0.0000 1.0000 0.0000 
0.0000 0.0000 0.0000 1.0000 
0.0000 0.0000 1.0000 0.0000 
0.1620 0.2893 0.3151 0.2336 
0.1700 0.2406 0.1740 0.4155 
0.2326 0.2575 0.2515 0.2584 

MOTIF filter22 
letter-probability matrix: alength= 4 w= 14 nsites= 14 
0.3148 0.2525 0.2525 0.1803 
0.2492 0.3443 0.2098 0.1967 
0.0852 0.1475 0.5508 0.2164 
0.0000 0.8492 0.0033 0.1475 
0.0000 0.8787 0.0000 0.1213 
0.0000 1.0000 0.0000 0.0000 
0.0000 1.0000 0.0000 0.0000 
0.1311 0.0000 0.5934 0.2754 
0.0000 1.0000 0.0000 0.0000 
0.0000 1.0000 0.0000 0.0000 
0.0000 0.8098 0.0000 0.1902 
0.0721 0.8689 0.0000 0.0590 
0.0262 0.6885 0.0262 0.2590 
0.2426 0.2820 0.2295 0.2459 

MOTIF filter23 
letter-probability matrix: alength= 4 w= 17 nsites= 17 
0.2571 0.2921 0.2444 0.2063 
0.2317 0.2603 0.2540 0.2540 
0.1238 0.0127 0.7111 0.1524 
0.0667 0.7333 0.1238 0.0762 
0.2794 0.3524 0.2667 0.1016 
0.0444 0.0000 0.8730 0.0825 
0.0000 1.0000 0.0000 0.0000 
0.0000 1.0000 0.0000 0.0000 
1.0000 0.0000 0.0000 0.0000 
0.0000 0.0000 0.0000 1.0000 
0.0063 0.4603 0.1460 0.3873 
0.0000 0.0095 0.0000 0.9905 
0.0000 0.0095 0.0000 0.9905 
0.0794 0.0889 0.7048 0.1270 
0.2762 0.2190 0.2571 0.2476 
0.2032 0.2762 0.2571 0.2635 
0.2254 0.2984 0.2413 0.2349 

MOTIF filter24 
letter-probability matrix: alength= 4 w= 15 nsites= 15 
0.2409 0.2521 0.2437 0.2633 
0.2353 0.2297 0.2521 0.2829 
0.2465 0.2185 0.3053 0.2297 
0.2661 0.0476 0.6303 0.0560 
0.0952 0.0000 0.8627 0.0420 
0.1961 0.0000 0.8039 0.0000 
0.0000 0.0000 1.0000 0.0000 
0.0000 0.0000 1.0000 0.0000 
0.2801 0.5714 0.0000 0.1485 
0.0000 0.0000 1.0000 0.0000 
0.0000 0.0000 1.0000 0.0000 
0.1765 0.0000 0.8235 0.0000 
0.1821 0.0420 0.7759 0.0000 
0.2073 0.5546 0.1681 0.0700 
0.2829 0.2101 0.2801 0.2269 

MOTIF filter25 
letter-probability matrix: alength= 4 w= 13 nsites= 13 
0.4676 0.1462 0.3214 0.0648 
0.0000 0.0000 0.0000 1.0000 
0.0000 0.0000 0.0469 0.9531 
0.3021 0.0000 0.6455 0.0524 
0.0000 0.9545 0.0000 0.0455 
0.0579 0.0014 0.9407 0.0000 
0.0690 0.7324 0.0000 0.1986 
0.9972 0.0028 0.0000 0.0000 
1.0000 0.0000 0.0000 0.0000 
0.0014 0.3766 0.1062 0.5159 
0.2772 0.2662 0.2524 0.2041 
0.2276 0.2069 0.2786 0.2869 
0.2414 0.2414 0.2717 0.2455 

MOTIF filter26 
letter-probability matrix: alength= 4 w= 18 nsites= 18 
0.2923 0.4769 0.0885 0.1423 
0.2500 0.1654 0.0615 0.5231 
0.2731 0.1654 0.3154 0.2462 
0.6731 0.0346 0.1231 0.1692 
0.1885 0.2846 0.5115 0.0154 
0.0000 0.0000 0.0000 1.0000 
0.0115 0.9885 0.0000 0.0000 
1.0000 0.0000 0.0000 0.0000 
0.0000 0.0000 0.9962 0.0038 
0.0000 1.0000 0.0000 0.0000 
1.0000 0.0000 0.0000 0.0000 
0.4385 0.1615 0.1115 0.2885 
0.4038 0.0423 0.0000 0.5538 
0.4077 0.0269 0.0000 0.5654 
0.3038 0.0731 0.0038 0.6192 
0.2846 0.1808 0.2885 0.2462 
0.2615 0.2846 0.2038 0.2500 
0.2346 0.3192 0.2346 0.2115 

MOTIF filter27 
letter-probability matrix: alength= 4 w= 14 nsites= 14 
0.4767 0.1933 0.1433 0.1867 
0.0633 0.3800 0.0800 0.4767 
0.0700 0.3267 0.3433 0.2600 
0.4067 0.1133 0.4800 0.0000 
0.5767 0.0033 0.3867 0.0333 
0.0000 1.0000 0.0000 0.0000 
0.0000 1.0000 0.0000 0.0000 
1.0000 0.0000 0.0000 0.0000 
1.0000 0.0000 0.0000 0.0000 
0.0000 0.0000 0.0000 1.0000 
0.0033 0.8133 0.1833 0.0000 
0.8700 0.0033 0.1267 0.0000 
0.0467 0.0600 0.8933 0.0000 
0.2300 0.2600 0.2500 0.2600 

MOTIF filter28 
letter-probability matrix: alength= 4 w= 16 nsites= 16 
0.2648 0.2361 0.2192 0.2799 
0.2462 0.2681 0.2563 0.2293 
0.1197 0.1703 0.1450 0.5649 
0.0000 0.0000 0.0000 1.0000 
0.0000 0.0000 0.0017 0.9983 
0.0388 0.9612 0.0000 0.0000 
0.0084 0.7639 0.0000 0.2277 
0.2884 0.1551 0.3221 0.2344 
0.0809 0.0000 0.9191 0.0000 
0.0000 0.0000 0.9865 0.0135 
1.0000 0.0000 0.0000 0.0000 
1.0000 0.0000 0.0000 0.0000 
0.6273 0.0540 0.1653 0.1535 
0.2260 0.3103 0.2614 0.2024 
0.2766 0.2361 0.2563 0.2310 
0.2597 0.2580 0.2243 0.2580 

MOTIF filter29 
letter-probability matrix: alength= 4 w= 15 nsites= 15 
0.2654 0.2709 0.2374 0.2263 
0.2430 0.2318 0.2737 0.2514 
0.0084 0.8101 0.0866 0.0950 
0.0000 0.1899 0.0028 0.8073 
0.0000 0.2514 0.7179 0.0307 
1.0000 0.0000 0.0000 0.0000 
0.0000 0.0000 0.0000 1.0000 
0.0000 0.0000 0.0000 1.0000 
0.0000 0.0000 1.0000 0.0000 
0.0000 0.0000 1.0000 0.0000 
0.0447 0.4106 0.0000 0.5447 
0.0000 0.4246 0.1285 0.4469 
0.2151 0.4330 0.2849 0.0670 
0.4637 0.1564 0.3156 0.0642 
0.1704 0.1648 0.2570 0.4078 

MOTIF filter30 
letter-probability matrix: alength= 4 w= 16 nsites= 16 
0.4328 0.2448 0.1522 0.1701 
0.0776 0.3701 0.1313 0.4209 
0.0537 0.3373 0.3791 0.2299 
0.4627 0.0716 0.4627 0.0030 
0.5851 0.0030 0.3791 0.0328 
0.0000 1.0000 0.0000 0.0000 
0.0000 1.0000 0.0000 0.0000 
1.0000 0.0000 0.0000 0.0000 
1.0000 0.0000 0.0000 0.0000 
0.0000 0.0000 0.0000 1.0000 
0.0209 0.7582 0.2209 0.0000 
0.8448 0.0000 0.1552 0.0000 
0.0627 0.0597 0.8746 0.0030 
0.1910 0.3045 0.2478 0.2567 
0.3075 0.1791 0.2896 0.2239 
0.2149 0.2955 0.2269 0.2627 

MOTIF filter31 
letter-probability matrix: alength= 4 w= 14 nsites= 14 
0.1562 0.2065 0.3728 0.2645 
0.0378 0.4635 0.2443 0.2544 
0.0856 0.6196 0.1360 0.1587 
0.6675 0.0176 0.2846 0.0302 
0.0000 0.9421 0.0076 0.0504 
0.0000 0.0000 0.0000 1.0000 
0.0000 0.0000 0.0000 1.0000 
0.0000 1.0000 0.0000 0.0000 
0.0000 1.0000 0.0000 0.0000 
0.0000 0.0000 0.9798 0.0202 
0.0000 0.1436 0.8438 0.0126 
0.2544 0.1965 0.2720 0.2771 
0.2821 0.2292 0.2418 0.2469 
0.2872 0.2166 0.2267 0.2695 

