MEME version 4

ALPHABET= ACGT

Background letter frequencies:
A 0.2500 C 0.2500 G 0.2500 T 0.2500 

MOTIF filter0 
letter-probability matrix: alength= 4 w= 12 nsites= 12 
0.2216 0.2769 0.2424 0.2591 
0.2673 0.2323 0.2768 0.2236 
0.2002 0.3509 0.2302 0.2186 
0.0793 0.7225 0.0042 0.1940 
0.4043 0.3222 0.0994 0.1741 
0.0021 0.9307 0.0032 0.0640 
0.1542 0.1616 0.5857 0.0985 
0.0532 0.3788 0.0215 0.5465 
0.0498 0.4981 0.4323 0.0198 
0.1479 0.4215 0.1836 0.2470 
0.2025 0.3554 0.1637 0.2784 
0.2049 0.3331 0.1992 0.2629 

MOTIF filter1 
letter-probability matrix: alength= 4 w= 10 nsites= 10 
0.2718 0.2781 0.2540 0.1961 
0.3143 0.1816 0.2071 0.2969 
0.1803 0.1793 0.2532 0.3872 
0.4739 0.0172 0.0724 0.4365 
0.0000 0.3827 0.0000 0.6173 
0.8946 0.0000 0.1051 0.0003 
0.7426 0.2430 0.0003 0.0141 
0.3439 0.2904 0.3505 0.0152 
0.0000 0.2036 0.4647 0.3317 
0.0352 0.1801 0.2956 0.4891 

MOTIF filter2 
letter-probability matrix: alength= 4 w= 14 nsites= 14 
0.1518 0.0620 0.5611 0.2251 
0.1483 0.5724 0.0646 0.2147 
0.1012 0.3403 0.1806 0.3778 
0.7435 0.0000 0.2443 0.0122 
0.4607 0.3429 0.0201 0.1763 
0.1056 0.5724 0.3063 0.0157 
0.9354 0.0087 0.0096 0.0462 
0.0052 0.1030 0.0000 0.8918 
0.0052 0.2225 0.6789 0.0934 
0.0279 0.0332 0.6483 0.2906 
0.0558 0.6353 0.0009 0.3080 
0.1745 0.1937 0.3665 0.2653 
0.1789 0.0977 0.5803 0.1431 
0.2007 0.5393 0.0916 0.1684 

MOTIF filter3 
letter-probability matrix: alength= 4 w= 17 nsites= 17 
0.1691 0.2330 0.2603 0.3377 
0.2334 0.3015 0.2761 0.1890 
0.2399 0.1853 0.2557 0.3191 
0.0977 0.6596 0.0648 0.1779 
0.1005 0.2603 0.0718 0.5674 
0.5901 0.2751 0.0560 0.0787 
0.3553 0.0019 0.0056 0.6373 
0.4521 0.0593 0.2293 0.2594 
0.5262 0.0357 0.0991 0.3390 
0.6772 0.0037 0.0000 0.3191 
0.0056 0.0000 0.0088 0.9856 
0.3191 0.0000 0.6809 0.0000 
0.0120 0.0000 0.9856 0.0023 
0.2362 0.5567 0.0097 0.1973 
0.1440 0.3849 0.2260 0.2450 
0.2765 0.2195 0.3455 0.1584 
0.2626 0.3821 0.1941 0.1612 

MOTIF filter4 
letter-probability matrix: alength= 4 w= 11 nsites= 11 
0.2408 0.2911 0.2322 0.2358 
0.2868 0.2311 0.3073 0.1748 
0.2196 0.4850 0.2941 0.0012 
0.0154 0.3184 0.0001 0.6661 
0.0209 0.3900 0.5716 0.0175 
0.9846 0.0034 0.0050 0.0070 
0.1545 0.3018 0.4202 0.1234 
0.0085 0.8031 0.0070 0.1814 
0.3308 0.4988 0.1328 0.0376 
0.3895 0.1964 0.2407 0.1733 
0.1843 0.2373 0.2730 0.3053 

MOTIF filter5 
letter-probability matrix: alength= 4 w= 12 nsites= 12 
0.2537 0.3581 0.2234 0.1648 
0.3322 0.3693 0.1381 0.1604 
0.2349 0.2119 0.4569 0.0963 
0.0002 0.3813 0.6116 0.0068 
0.9995 0.0000 0.0005 0.0000 
0.7030 0.0731 0.0499 0.1740 
0.2762 0.0130 0.6732 0.0376 
0.2334 0.0032 0.0325 0.7309 
0.0071 0.0007 0.5913 0.4009 
0.2034 0.0856 0.5219 0.1892 
0.1965 0.1428 0.3759 0.2848 
0.2865 0.2044 0.2855 0.2237 

MOTIF filter6 
letter-probability matrix: alength= 4 w= 9 nsites= 9 
0.2349 0.2284 0.2386 0.2981 
0.2600 0.2202 0.2965 0.2233 
0.3932 0.0347 0.2859 0.2861 
0.0008 0.4116 0.5876 0.0000 
0.3247 0.0005 0.0000 0.6748 
0.0092 0.6222 0.3613 0.0073 
0.4929 0.0001 0.2432 0.2638 
0.2138 0.3806 0.1850 0.2206 
0.1671 0.0855 0.3361 0.4113 

MOTIF filter7 
letter-probability matrix: alength= 4 w= 12 nsites= 12 
0.2286 0.3185 0.1942 0.2586 
0.2567 0.4617 0.0705 0.2112 
0.1130 0.3082 0.1787 0.4000 
0.6184 0.0719 0.2652 0.0445 
0.1358 0.0000 0.1477 0.7164 
0.3400 0.4622 0.1525 0.0453 
0.0292 0.0119 0.0002 0.9587 
0.8105 0.1344 0.0517 0.0034 
0.0000 0.0869 0.1993 0.7138 
0.4369 0.0507 0.2818 0.2306 
0.1199 0.2834 0.5316 0.0651 
0.3986 0.1662 0.2836 0.1517 

MOTIF filter8 
letter-probability matrix: alength= 4 w= 12 nsites= 12 
0.4802 0.0729 0.1640 0.2830 
0.2969 0.1833 0.0204 0.4995 
0.2808 0.2272 0.2412 0.2508 
0.0547 0.0772 0.0268 0.8414 
0.0804 0.0536 0.8382 0.0279 
0.1383 0.6881 0.1501 0.0236 
0.0064 0.0064 0.0043 0.9829 
0.0129 0.5123 0.4373 0.0375 
0.9979 0.0000 0.0000 0.0021 
0.0150 0.2851 0.4652 0.2347 
0.1886 0.5788 0.0247 0.2079 
0.4866 0.1008 0.0879 0.3248 

MOTIF filter9 
letter-probability matrix: alength= 4 w= 15 nsites= 15 
0.1964 0.4847 0.1902 0.1287 
0.1621 0.2931 0.2197 0.3251 
0.3460 0.0663 0.2831 0.3046 
0.0133 0.7078 0.0024 0.2765 
0.0124 0.0000 0.1730 0.8146 
0.9638 0.0253 0.0043 0.0067 
0.1644 0.2264 0.3718 0.2374 
0.0520 0.0505 0.0253 0.8723 
0.3112 0.5219 0.0057 0.1611 
0.5996 0.0663 0.1611 0.1730 
0.0200 0.2088 0.1897 0.5815 
0.7092 0.1096 0.1096 0.0715 
0.1568 0.1025 0.5806 0.1602 
0.2745 0.3236 0.1926 0.2092 
0.2331 0.2641 0.3093 0.1935 

MOTIF filter10 
letter-probability matrix: alength= 4 w= 12 nsites= 12 
0.1729 0.3448 0.2187 0.2636 
0.2080 0.2836 0.2411 0.2674 
0.2636 0.2489 0.3125 0.1749 
0.6953 0.0430 0.0150 0.2467 
0.0000 0.3418 0.0000 0.6582 
0.0000 0.3895 0.0000 0.6105 
0.5624 0.1608 0.2748 0.0020 
0.7186 0.0000 0.2814 0.0000 
0.0427 0.0002 0.0000 0.9572 
0.0967 0.4299 0.2666 0.2069 
0.2570 0.3174 0.2933 0.1323 
0.2080 0.2285 0.4086 0.1549 

MOTIF filter11 
letter-probability matrix: alength= 4 w= 12 nsites= 12 
0.1201 0.3756 0.1842 0.3201 
0.4148 0.1954 0.2563 0.1335 
0.1229 0.1332 0.3593 0.3845 
0.1542 0.6380 0.0152 0.1926 
0.0039 0.5716 0.0766 0.3480 
0.9246 0.0274 0.0030 0.0450 
0.1701 0.0086 0.0703 0.7510 
0.2388 0.1281 0.2118 0.4213 
0.0032 0.0161 0.8678 0.1130 
0.2662 0.2090 0.1962 0.3286 
0.1769 0.3497 0.1173 0.3561 
0.4319 0.1351 0.2052 0.2278 

MOTIF filter12 
letter-probability matrix: alength= 4 w= 13 nsites= 13 
0.3093 0.3472 0.1924 0.1511 
0.2302 0.0609 0.5062 0.2027 
0.4020 0.4374 0.0453 0.1154 
0.1733 0.8254 0.0000 0.0013 
0.9796 0.0005 0.0019 0.0180 
0.2850 0.3662 0.1519 0.1969 
0.6245 0.1204 0.1609 0.0942 
0.0114 0.0847 0.0307 0.8732 
0.2723 0.0090 0.3517 0.3670 
0.1860 0.0754 0.6692 0.0693 
0.2816 0.3392 0.2413 0.1379 
0.2681 0.1043 0.3977 0.2300 
0.1929 0.2257 0.3379 0.2435 

MOTIF filter13 
letter-probability matrix: alength= 4 w= 13 nsites= 13 
0.2596 0.2532 0.2561 0.2311 
0.4836 0.1469 0.3402 0.0292 
0.0029 0.0014 0.0007 0.9950 
0.0007 0.0014 0.0956 0.9023 
0.3096 0.0036 0.5806 0.1063 
0.0292 0.8188 0.0185 0.1334 
0.1384 0.0214 0.8160 0.0243 
0.1113 0.6262 0.0014 0.2611 
0.9066 0.0877 0.0000 0.0057 
0.9993 0.0000 0.0000 0.0007 
0.0300 0.3260 0.1626 0.4815 
0.2482 0.2596 0.2710 0.2211 
0.2439 0.2197 0.2668 0.2696 

MOTIF filter14 
letter-probability matrix: alength= 4 w= 15 nsites= 15 
0.3124 0.2829 0.2623 0.1424 
0.2635 0.2664 0.3187 0.1514 
0.0733 0.4758 0.2671 0.1838 
0.0704 0.8771 0.0084 0.0441 
0.0011 0.0618 0.4328 0.5043 
0.7062 0.0229 0.2709 0.0000 
0.4183 0.0283 0.0188 0.5346 
0.8074 0.0453 0.0016 0.1458 
0.2447 0.1770 0.3110 0.2673 
0.3576 0.0985 0.0050 0.5389 
0.0577 0.1926 0.2196 0.5301 
0.6170 0.1820 0.1591 0.0419 
0.2125 0.2184 0.4586 0.1105 
0.2877 0.3850 0.1578 0.1695 
0.2617 0.2684 0.2709 0.1990 

MOTIF filter15 
letter-probability matrix: alength= 4 w= 11 nsites= 11 
0.1568 0.2908 0.2899 0.2625 
0.0789 0.3018 0.3462 0.2731 
0.2109 0.2263 0.3610 0.2018 
0.4158 0.0000 0.5786 0.0057 
0.3659 0.4900 0.1440 0.0000 
0.5791 0.0000 0.3089 0.1120 
0.0290 0.2104 0.3180 0.4426 
0.0197 0.4858 0.0000 0.4945 
0.1406 0.4195 0.1509 0.2891 
0.3081 0.4463 0.0195 0.2260 
0.2522 0.2847 0.1827 0.2803 

MOTIF filter16 
letter-probability matrix: alength= 4 w= 12 nsites= 12 
0.2574 0.3371 0.1798 0.2257 
0.2570 0.3639 0.1431 0.2359 
0.2356 0.2473 0.2603 0.2569 
0.0000 0.7355 0.2645 0.0000 
0.1474 0.0256 0.7439 0.0832 
0.5328 0.0770 0.0356 0.3547 
0.1041 0.5820 0.1488 0.1652 
0.0262 0.8007 0.0767 0.0965 
0.0153 0.6817 0.2129 0.0901 
0.2190 0.3271 0.3493 0.1046 
0.2371 0.2853 0.2890 0.1886 
0.0970 0.4642 0.2121 0.2266 

MOTIF filter17 
letter-probability matrix: alength= 4 w= 15 nsites= 15 
0.1994 0.1707 0.3036 0.3263 
0.1647 0.3829 0.2830 0.1694 
0.3173 0.2148 0.3250 0.1428 
0.1934 0.0347 0.6269 0.1449 
0.0412 0.6852 0.2659 0.0077 
0.3396 0.4670 0.0339 0.1595 
0.8623 0.0206 0.1145 0.0026 
0.7967 0.0120 0.0300 0.1612 
0.2024 0.1467 0.0476 0.6033 
0.0180 0.1355 0.0510 0.7955 
0.1467 0.0081 0.4005 0.4447 
0.0184 0.0515 0.9069 0.0232 
0.2054 0.4087 0.0918 0.2942 
0.1630 0.2899 0.2693 0.2779 
0.2346 0.2569 0.3718 0.1368 

MOTIF filter18 
letter-probability matrix: alength= 4 w= 11 nsites= 11 
0.1901 0.2874 0.2121 0.3104 
0.2073 0.0642 0.3871 0.3414 
0.3420 0.4287 0.1113 0.1181 
0.0000 0.5645 0.1475 0.2880 
0.3138 0.2812 0.0014 0.4036 
0.0000 0.9200 0.0800 0.0000 
0.3560 0.2813 0.0149 0.3478 
0.0669 0.3478 0.5406 0.0447 
0.1731 0.2635 0.4018 0.1616 
0.2731 0.2381 0.2642 0.2246 
0.2756 0.3145 0.2006 0.2093 

MOTIF filter19 
letter-probability matrix: alength= 4 w= 12 nsites= 12 
0.3568 0.2303 0.1863 0.2266 
0.2455 0.1438 0.4623 0.1484 
0.1916 0.4539 0.2383 0.1162 
0.0555 0.9117 0.0291 0.0037 
0.2707 0.0518 0.6271 0.0504 
0.0252 0.0984 0.5425 0.3340 
0.4203 0.1859 0.2717 0.1220 
0.0503 0.0727 0.0432 0.8338 
0.0824 0.0039 0.6843 0.2293 
0.2165 0.3511 0.3702 0.0622 
0.3035 0.3635 0.0978 0.2353 
0.2188 0.1999 0.2833 0.2981 

MOTIF filter20 
letter-probability matrix: alength= 4 w= 13 nsites= 13 
0.2420 0.2430 0.2873 0.2277 
0.2557 0.2026 0.2874 0.2543 
0.3271 0.2604 0.2391 0.1734 
0.1130 0.0016 0.1864 0.6991 
0.1459 0.0656 0.6741 0.1144 
0.6002 0.0000 0.0908 0.3090 
0.2520 0.1134 0.5644 0.0702 
0.3889 0.0000 0.0120 0.5991 
0.2115 0.3787 0.0881 0.3217 
0.4022 0.0214 0.0000 0.5763 
0.2830 0.2710 0.0142 0.4318 
0.5012 0.0716 0.3324 0.0948 
0.4214 0.2001 0.2540 0.1245 

MOTIF filter21 
letter-probability matrix: alength= 4 w= 15 nsites= 15 
0.1986 0.2507 0.2802 0.2704 
0.1849 0.2498 0.3235 0.2419 
0.0374 0.5054 0.2035 0.2537 
0.0688 0.6490 0.1524 0.1298 
0.6067 0.0216 0.2026 0.1691 
0.0049 0.7237 0.0246 0.2468 
0.1180 0.0128 0.0029 0.8663 
0.0433 0.0059 0.0010 0.9499 
0.0826 0.8948 0.0039 0.0187 
0.0246 0.8879 0.0000 0.0875 
0.0138 0.0246 0.8663 0.0954 
0.0059 0.1740 0.7866 0.0334 
0.1750 0.1996 0.2950 0.3304 
0.2960 0.2586 0.2065 0.2389 
0.3481 0.2065 0.1996 0.2458 

MOTIF filter22 
letter-probability matrix: alength= 4 w= 14 nsites= 14 
0.2297 0.1659 0.4101 0.1943 
0.1928 0.4258 0.1887 0.1926 
0.2404 0.3807 0.2741 0.1048 
0.0242 0.0821 0.4121 0.4816 
0.0109 0.6084 0.3009 0.0798 
0.2041 0.5571 0.1428 0.0960 
0.1760 0.5036 0.2726 0.0478 
0.0008 0.1190 0.0062 0.8741 
0.0123 0.7325 0.0525 0.2027 
0.1659 0.4503 0.0010 0.3828 
0.0072 0.4355 0.0027 0.5547 
0.0599 0.5785 0.0769 0.2847 
0.2244 0.4349 0.0712 0.2695 
0.1735 0.2835 0.2076 0.3354 

MOTIF filter23 
letter-probability matrix: alength= 4 w= 10 nsites= 10 
0.1679 0.1530 0.2979 0.3812 
0.2381 0.2776 0.3741 0.1102 
0.3342 0.4118 0.2269 0.0271 
0.0016 0.3565 0.6419 0.0001 
0.0062 0.0004 0.1143 0.8791 
0.1712 0.1311 0.3125 0.3853 
0.9271 0.0202 0.0351 0.0177 
0.0194 0.3643 0.4260 0.1902 
0.1018 0.2056 0.3314 0.3612 
0.2244 0.3104 0.2738 0.1914 

MOTIF filter24 
letter-probability matrix: alength= 4 w= 16 nsites= 16 
0.2777 0.2124 0.2593 0.2506 
0.2667 0.2634 0.2460 0.2239 
0.2759 0.3425 0.2372 0.1444 
0.1692 0.0749 0.1117 0.6441 
0.0685 0.2864 0.6326 0.0124 
0.3324 0.6285 0.0211 0.0179 
0.0253 0.0634 0.5637 0.3476 
0.0000 0.0000 0.5609 0.4391 
0.5563 0.4437 0.0000 0.0000 
0.6533 0.2524 0.0772 0.0170 
0.0648 0.0372 0.6189 0.2791 
0.0078 0.8221 0.0331 0.1370 
0.7085 0.0736 0.1839 0.0340 
0.1779 0.2887 0.3264 0.2069 
0.2970 0.3218 0.1218 0.2593 
0.2124 0.1936 0.1890 0.4051 

MOTIF filter25 
letter-probability matrix: alength= 4 w= 12 nsites= 12 
0.2231 0.4126 0.1741 0.1902 
0.1326 0.3272 0.4078 0.1324 
0.2066 0.1756 0.2447 0.3731 
0.1219 0.3904 0.0020 0.4857 
0.1667 0.6316 0.2018 0.0000 
0.0071 0.4002 0.3852 0.2076 
0.4560 0.0012 0.2149 0.3280 
0.1566 0.7870 0.0207 0.0356 
0.0119 0.5442 0.3369 0.1071 
0.1079 0.4375 0.3421 0.1125 
0.2388 0.1478 0.3235 0.2899 
0.1196 0.4128 0.2185 0.2491 

MOTIF filter26 
letter-probability matrix: alength= 4 w= 13 nsites= 13 
0.2220 0.2492 0.2787 0.2500 
0.2453 0.1766 0.4713 0.1069 
0.2008 0.0530 0.5321 0.2142 
0.2959 0.0360 0.6498 0.0183 
0.0177 0.1163 0.7768 0.0892 
0.1323 0.0217 0.7630 0.0831 
0.2860 0.4061 0.1173 0.1906 
0.0179 0.1228 0.8327 0.0266 
0.0321 0.0659 0.8429 0.0591 
0.2630 0.0118 0.6618 0.0634 
0.2520 0.1549 0.5711 0.0220 
0.2272 0.3577 0.2736 0.1415 
0.2396 0.2659 0.2720 0.2224 

MOTIF filter27 
letter-probability matrix: alength= 4 w= 14 nsites= 14 
0.3864 0.1248 0.2247 0.2641 
0.2934 0.2365 0.1199 0.3502 
0.2044 0.0645 0.4196 0.3116 
0.0778 0.7980 0.0416 0.0826 
0.1279 0.0185 0.0192 0.8344 
0.2669 0.0936 0.6104 0.0291 
0.0897 0.8187 0.0000 0.0916 
0.1938 0.4892 0.0280 0.2889 
0.3627 0.0179 0.2779 0.3415 
0.2939 0.0213 0.4567 0.2281 
0.0373 0.4157 0.0589 0.4881 
0.5692 0.0567 0.2018 0.1723 
0.2158 0.1634 0.4317 0.1891 
0.3538 0.2546 0.1617 0.2298 

MOTIF filter28 
letter-probability matrix: alength= 4 w= 13 nsites= 13 
0.2321 0.2534 0.2303 0.2842 
0.0993 0.0914 0.0677 0.7417 
0.0816 0.0800 0.1148 0.7236 
0.2085 0.6202 0.0827 0.0886 
0.0773 0.5793 0.0378 0.3056 
0.2380 0.2870 0.2403 0.2346 
0.3158 0.0186 0.5868 0.0789 
0.0702 0.0476 0.6868 0.1954 
0.7948 0.1232 0.0349 0.0470 
0.8799 0.0323 0.0425 0.0453 
0.3632 0.1854 0.2514 0.1999 
0.2356 0.2482 0.2365 0.2797 
0.2482 0.2398 0.2712 0.2408 

MOTIF filter29 
letter-probability matrix: alength= 4 w= 13 nsites= 13 
0.2720 0.2726 0.2067 0.2487 
0.4190 0.4209 0.0754 0.0848 
0.4070 0.3235 0.0327 0.2368 
0.6281 0.0289 0.1476 0.1954 
0.2883 0.0289 0.0415 0.6413 
0.3467 0.0666 0.1558 0.4309 
0.0000 0.0050 0.2450 0.7500 
0.2550 0.7293 0.0000 0.0157 
0.3970 0.0000 0.0031 0.5999 
0.0006 0.0025 0.9366 0.0603 
0.2393 0.4529 0.3072 0.0006 
0.5138 0.1181 0.1834 0.1847 
0.3599 0.2538 0.0565 0.3298 

MOTIF filter30 
letter-probability matrix: alength= 4 w= 13 nsites= 13 
0.1716 0.2094 0.3008 0.3182 
0.2845 0.2100 0.3880 0.1175 
0.3368 0.2240 0.3557 0.0835 
0.0000 0.1990 0.0148 0.7862 
0.0000 0.2446 0.7420 0.0134 
0.9680 0.0000 0.0273 0.0047 
0.1827 0.3194 0.1827 0.3153 
0.0032 0.0003 0.0061 0.9904 
0.0433 0.5201 0.4360 0.0006 
0.6425 0.0259 0.3298 0.0017 
0.0995 0.2813 0.2595 0.3598 
0.0931 0.3540 0.2691 0.2839 
0.2554 0.2868 0.2659 0.1920 

MOTIF filter31 
letter-probability matrix: alength= 4 w= 16 nsites= 16 
0.2223 0.2306 0.2148 0.3323 
0.2351 0.2127 0.3541 0.1982 
0.3210 0.2587 0.2178 0.2024 
0.0471 0.6199 0.1945 0.1384 
0.0422 0.5953 0.1547 0.2078 
0.4258 0.0774 0.3449 0.1519 
0.3503 0.1024 0.1894 0.3579 
0.6480 0.2824 0.0695 0.0000 
0.0000 0.1785 0.0000 0.8215 
0.4793 0.2361 0.0000 0.2846 
0.4426 0.0222 0.4036 0.1316 
0.0002 0.0021 0.7715 0.2261 
0.0162 0.5755 0.3878 0.0205 
0.3976 0.1971 0.1871 0.2182 
0.2351 0.4787 0.2329 0.0533 
0.5194 0.0860 0.1491 0.2455 

