MEME version 4

ALPHABET= ACGT

Background letter frequencies:
A 0.2500 C 0.2500 G 0.2500 T 0.2500 

MOTIF filter0 
letter-probability matrix: alength= 4 w= 10 nsites= 10 
0.2381 0.2475 0.2882 0.2262 
0.2552 0.3920 0.0740 0.2788 
0.3237 0.4152 0.2612 0.0000 
0.0039 0.7233 0.1645 0.1083 
0.2762 0.0308 0.6800 0.0129 
0.0008 0.3938 0.0896 0.5157 
0.0396 0.5124 0.4480 0.0000 
0.0000 0.3642 0.2298 0.4060 
0.3212 0.2164 0.2105 0.2519 
0.0803 0.3238 0.2392 0.3568 

MOTIF filter1 
letter-probability matrix: alength= 4 w= 11 nsites= 11 
0.2579 0.2471 0.2494 0.2455 
0.2435 0.1315 0.3451 0.2799 
0.2279 0.1383 0.2076 0.4262 
0.0090 0.6039 0.3479 0.0393 
0.4278 0.0000 0.3924 0.1797 
0.0370 0.8842 0.0580 0.0208 
0.0814 0.3806 0.4368 0.1012 
0.6043 0.0000 0.0137 0.3820 
0.2048 0.2251 0.0902 0.4799 
0.1124 0.2549 0.5287 0.1039 
0.1720 0.2034 0.3567 0.2679 

MOTIF filter2 
letter-probability matrix: alength= 4 w= 17 nsites= 17 
0.1901 0.2128 0.1860 0.4112 
0.1508 0.2066 0.4401 0.2025 
0.2459 0.3616 0.1798 0.2128 
0.1302 0.7459 0.0558 0.0682 
0.1694 0.5888 0.0434 0.1983 
0.5393 0.1570 0.1178 0.1860 
0.2913 0.0393 0.0909 0.5785 
0.5289 0.1591 0.2851 0.0269 
0.0000 0.0041 0.0000 0.9959 
0.3306 0.6694 0.0000 0.0000 
0.8017 0.0000 0.0083 0.1901 
0.0000 0.0000 0.9731 0.0269 
0.0000 0.6632 0.3368 0.0000 
0.8326 0.0000 0.0475 0.1198 
0.3616 0.3306 0.1033 0.2045 
0.5145 0.0351 0.0000 0.4504 
0.3678 0.1116 0.0372 0.4835 

MOTIF filter3 
letter-probability matrix: alength= 4 w= 12 nsites= 12 
0.3060 0.1685 0.2343 0.2912 
0.3905 0.2099 0.2777 0.1219 
0.3333 0.1789 0.1989 0.2888 
0.3064 0.1375 0.5559 0.0003 
0.4243 0.2002 0.3445 0.0309 
0.6878 0.1713 0.0028 0.1381 
0.0395 0.6599 0.0611 0.2395 
0.0000 0.0000 0.9683 0.0317 
0.0067 0.4030 0.0000 0.5903 
0.1036 0.0731 0.4469 0.3765 
0.4089 0.3538 0.1866 0.0507 
0.1638 0.2212 0.2553 0.3597 

MOTIF filter4 
letter-probability matrix: alength= 4 w= 12 nsites= 12 
0.1720 0.1246 0.2195 0.4839 
0.5120 0.1581 0.2767 0.0531 
0.2166 0.1113 0.4225 0.2495 
0.0127 0.9602 0.0009 0.0262 
0.5427 0.0161 0.0013 0.4399 
0.2366 0.6613 0.0054 0.0968 
0.0867 0.0098 0.5835 0.3201 
0.4839 0.0095 0.0557 0.4510 
0.0383 0.0326 0.9077 0.0215 
0.2856 0.3472 0.1382 0.2290 
0.0825 0.2470 0.1676 0.5028 
0.4880 0.2476 0.1015 0.1629 

MOTIF filter5 
letter-probability matrix: alength= 4 w= 14 nsites= 14 
0.5270 0.0668 0.1080 0.2983 
0.3182 0.0128 0.1520 0.5170 
0.1122 0.5639 0.0852 0.2386 
0.0128 0.0014 0.0000 0.9858 
0.2884 0.0014 0.7102 0.0000 
0.0611 0.7898 0.0014 0.1477 
0.1321 0.1136 0.0028 0.7514 
0.1477 0.0014 0.7557 0.0952 
0.8196 0.0085 0.0938 0.0781 
0.0014 0.2074 0.1847 0.6065 
0.6520 0.0980 0.0213 0.2287 
0.1690 0.0682 0.4929 0.2699 
0.3935 0.2230 0.1634 0.2202 
0.2116 0.1293 0.4205 0.2386 

MOTIF filter6 
letter-probability matrix: alength= 4 w= 13 nsites= 13 
0.2486 0.2508 0.2526 0.2481 
0.2686 0.2673 0.2205 0.2436 
0.4027 0.1953 0.3378 0.0642 
0.0637 0.0450 0.0507 0.8405 
0.0347 0.0418 0.1939 0.7295 
0.2969 0.0180 0.4960 0.1891 
0.0970 0.6015 0.0848 0.2168 
0.2163 0.0752 0.6077 0.1008 
0.1888 0.4917 0.0236 0.2959 
0.7452 0.1764 0.0373 0.0411 
0.8766 0.0375 0.0417 0.0442 
0.0816 0.3157 0.1949 0.4078 
0.2468 0.2632 0.2440 0.2460 

MOTIF filter7 
letter-probability matrix: alength= 4 w= 13 nsites= 13 
0.2577 0.2350 0.2538 0.2535 
0.2006 0.1951 0.4717 0.1326 
0.5283 0.2913 0.1670 0.0135 
0.0688 0.3375 0.0355 0.5582 
0.5738 0.0858 0.3394 0.0011 
0.5341 0.0198 0.0034 0.4427 
0.0177 0.4838 0.4600 0.0385 
0.1835 0.0183 0.4604 0.3379 
0.0021 0.3930 0.0283 0.5766 
0.3617 0.0544 0.5622 0.0217 
0.0707 0.1507 0.4369 0.3417 
0.1849 0.4448 0.1684 0.2019 
0.2322 0.1959 0.2964 0.2755 

MOTIF filter8 
letter-probability matrix: alength= 4 w= 12 nsites= 12 
0.2875 0.2815 0.2133 0.2177 
0.2382 0.0605 0.4871 0.2143 
0.1713 0.5573 0.1703 0.1011 
0.2496 0.7494 0.0003 0.0007 
0.9896 0.0000 0.0104 0.0000 
0.1468 0.3349 0.1911 0.3272 
0.2234 0.2392 0.3893 0.1481 
0.0000 0.0067 0.0000 0.9933 
0.0000 0.0003 0.8200 0.1797 
0.0645 0.1733 0.6030 0.1592 
0.2993 0.4478 0.0561 0.1968 
0.2096 0.2207 0.3050 0.2647 

MOTIF filter9 
letter-probability matrix: alength= 4 w= 12 nsites= 12 
0.2461 0.2300 0.2011 0.3227 
0.1345 0.2512 0.2966 0.3176 
0.2772 0.1975 0.2750 0.2503 
0.0000 0.3287 0.6712 0.0000 
0.0424 0.0000 0.3315 0.6260 
0.1708 0.2136 0.2050 0.4105 
0.4653 0.2046 0.1536 0.1765 
0.5539 0.3186 0.0007 0.1269 
0.0000 0.5474 0.4523 0.0003 
0.2645 0.3063 0.2109 0.2183 
0.4304 0.2583 0.1927 0.1186 
0.3160 0.2725 0.2165 0.1949 

MOTIF filter10 
letter-probability matrix: alength= 4 w= 13 nsites= 13 
0.5027 0.2765 0.1703 0.0505 
0.3764 0.0620 0.2310 0.3306 
0.4657 0.2422 0.2665 0.0256 
0.0869 0.7232 0.0159 0.1739 
0.0529 0.0364 0.7753 0.1354 
0.0235 0.0156 0.8517 0.1092 
0.4176 0.2933 0.0111 0.2780 
0.3475 0.1937 0.0343 0.4245 
0.0168 0.0659 0.9131 0.0042 
0.0689 0.3339 0.0181 0.5791 
0.2289 0.2190 0.3977 0.1543 
0.2975 0.3246 0.2900 0.0878 
0.2650 0.3646 0.2025 0.1679 

MOTIF filter11 
letter-probability matrix: alength= 4 w= 10 nsites= 10 
0.2862 0.1335 0.3026 0.2777 
0.3006 0.1602 0.2728 0.2664 
0.3569 0.1439 0.3217 0.1775 
0.0198 0.5807 0.1325 0.2671 
0.0311 0.1329 0.0371 0.7989 
0.0777 0.0145 0.9023 0.0055 
0.7594 0.0041 0.1356 0.1009 
0.0154 0.3340 0.4702 0.1804 
0.0261 0.4490 0.2644 0.2604 
0.4629 0.1862 0.2641 0.0868 

MOTIF filter12 
letter-probability matrix: alength= 4 w= 10 nsites= 10 
0.1092 0.4515 0.1539 0.2854 
0.0000 0.3614 0.2285 0.4101 
0.4784 0.0231 0.1882 0.3104 
0.0193 0.0000 0.1252 0.8555 
0.6254 0.3466 0.0280 0.0000 
0.0002 0.0000 0.0136 0.9861 
0.9955 0.0016 0.0028 0.0000 
0.0007 0.2899 0.3351 0.3744 
0.2819 0.1849 0.3784 0.1548 
0.2546 0.2438 0.3979 0.1038 

MOTIF filter13 
letter-probability matrix: alength= 4 w= 11 nsites= 11 
0.4910 0.1697 0.2221 0.1172 
0.2082 0.2005 0.2694 0.3219 
0.0000 0.4101 0.3405 0.2494 
0.9384 0.0298 0.0220 0.0098 
0.0000 0.7490 0.2510 0.0000 
0.0277 0.0394 0.5777 0.3553 
0.0676 0.1832 0.1519 0.5973 
0.2590 0.0168 0.6930 0.0312 
0.1318 0.2288 0.5205 0.1188 
0.2462 0.2335 0.2306 0.2898 
0.2421 0.2266 0.2491 0.2822 

MOTIF filter14 
letter-probability matrix: alength= 4 w= 11 nsites= 11 
0.2162 0.2335 0.2611 0.2892 
0.2702 0.0020 0.3491 0.3787 
0.0745 0.3617 0.1623 0.4015 
0.7756 0.0000 0.1850 0.0395 
0.9752 0.0248 0.0000 0.0000 
0.1612 0.2699 0.2316 0.3374 
0.0000 0.1075 0.2649 0.6276 
0.0004 0.5339 0.0000 0.4657 
0.3562 0.2360 0.1494 0.2584 
0.2446 0.3051 0.1530 0.2974 
0.2990 0.2017 0.2498 0.2494 

MOTIF filter15 
letter-probability matrix: alength= 4 w= 13 nsites= 13 
0.2771 0.2445 0.2083 0.2700 
0.3390 0.1339 0.1869 0.3403 
0.1517 0.1761 0.1571 0.5151 
0.0114 0.3033 0.1321 0.5533 
0.9801 0.0114 0.0016 0.0069 
0.3140 0.5592 0.1267 0.0001 
0.2949 0.0003 0.3966 0.3082 
0.0416 0.0010 0.2993 0.6580 
0.0684 0.0399 0.4879 0.4038 
0.6409 0.1266 0.0135 0.2190 
0.4712 0.2137 0.1024 0.2128 
0.3298 0.2099 0.1724 0.2880 
0.3005 0.2657 0.2236 0.2101 

MOTIF filter16 
letter-probability matrix: alength= 4 w= 16 nsites= 16 
0.2617 0.0919 0.1436 0.5028 
0.1258 0.1147 0.4991 0.2604 
0.4892 0.2238 0.1455 0.1415 
0.0892 0.6695 0.1723 0.0690 
0.0985 0.6557 0.1731 0.0727 
0.4035 0.0252 0.4085 0.1627 
0.0802 0.4462 0.0581 0.4154 
0.3677 0.0085 0.6220 0.0019 
0.0005 0.4932 0.0300 0.4762 
0.3937 0.0074 0.5344 0.0645 
0.2835 0.3002 0.0069 0.4093 
0.0576 0.1489 0.7462 0.0473 
0.0223 0.1667 0.7311 0.0799 
0.1149 0.1030 0.4160 0.3661 
0.2259 0.4200 0.1741 0.1800 
0.5084 0.1319 0.1295 0.2302 

MOTIF filter17 
letter-probability matrix: alength= 4 w= 10 nsites= 10 
0.2653 0.0236 0.2214 0.4897 
0.2995 0.0152 0.5166 0.1688 
0.2584 0.1676 0.4789 0.0951 
0.1281 0.3526 0.5096 0.0098 
0.0055 0.0000 0.0000 0.9945 
0.0736 0.3552 0.5631 0.0080 
0.7022 0.0001 0.0004 0.2973 
0.0503 0.2061 0.5365 0.2071 
0.1389 0.2811 0.1281 0.4519 
0.3692 0.4278 0.0754 0.1277 

MOTIF filter18 
letter-probability matrix: alength= 4 w= 13 nsites= 13 
0.1400 0.3260 0.3116 0.2224 
0.3132 0.2971 0.3614 0.0284 
0.2395 0.0000 0.4595 0.3010 
0.1318 0.1888 0.6485 0.0310 
0.4307 0.2916 0.2777 0.0000 
0.7434 0.0014 0.2550 0.0001 
0.0140 0.0646 0.0081 0.9133 
0.0000 0.2289 0.3693 0.4018 
0.0983 0.5269 0.1530 0.2218 
0.2671 0.5005 0.0000 0.2324 
0.1332 0.2219 0.3485 0.2964 
0.3680 0.1409 0.3194 0.1717 
0.2619 0.3514 0.1150 0.2718 

MOTIF filter19 
letter-probability matrix: alength= 4 w= 15 nsites= 15 
0.4084 0.1580 0.1573 0.2764 
0.3429 0.1517 0.1198 0.3856 
0.3566 0.1576 0.2448 0.2410 
0.1604 0.0595 0.0722 0.7079 
0.0214 0.1534 0.7751 0.0501 
0.5282 0.4371 0.0217 0.0130 
0.0126 0.0802 0.3212 0.5860 
0.0000 0.0000 0.5429 0.4571 
0.7152 0.2848 0.0000 0.0000 
0.7215 0.1891 0.0767 0.0126 
0.0802 0.0739 0.3359 0.5100 
0.1194 0.6406 0.0305 0.2095 
0.5356 0.0333 0.2406 0.1905 
0.2133 0.1674 0.3611 0.2581 
0.2708 0.2312 0.2235 0.2746 

MOTIF filter20 
letter-probability matrix: alength= 4 w= 13 nsites= 13 
0.1760 0.2674 0.3211 0.2355 
0.2869 0.2211 0.3201 0.1719 
0.2597 0.2693 0.4121 0.0588 
0.0000 0.5521 0.0010 0.4470 
0.0000 0.4380 0.4863 0.0757 
0.9974 0.0016 0.0006 0.0003 
0.1527 0.3684 0.3578 0.1211 
0.0010 0.0000 0.0042 0.9949 
0.0214 0.4796 0.4990 0.0000 
0.5636 0.0000 0.4364 0.0000 
0.0735 0.3553 0.2441 0.3272 
0.1530 0.2780 0.2719 0.2971 
0.2160 0.3013 0.2815 0.2013 

MOTIF filter21 
letter-probability matrix: alength= 4 w= 14 nsites= 14 
0.2463 0.2341 0.2649 0.2548 
0.2521 0.1330 0.4700 0.1449 
0.2189 0.0340 0.5857 0.1614 
0.2665 0.0778 0.6245 0.0313 
0.0462 0.0783 0.8519 0.0236 
0.0239 0.1574 0.7787 0.0401 
0.2747 0.4212 0.1324 0.1717 
0.0459 0.0621 0.8875 0.0045 
0.0228 0.0356 0.8923 0.0494 
0.3203 0.0268 0.6006 0.0523 
0.2911 0.1226 0.5701 0.0162 
0.2195 0.3543 0.3049 0.1213 
0.2139 0.2572 0.2779 0.2511 
0.2327 0.2434 0.2914 0.2325 

MOTIF filter22 
letter-probability matrix: alength= 4 w= 12 nsites= 12 
0.2006 0.3692 0.2214 0.2087 
0.4691 0.0775 0.3108 0.1426 
0.1080 0.5350 0.1553 0.2017 
0.0648 0.0489 0.0624 0.8239 
0.1437 0.0554 0.0702 0.7308 
0.0194 0.8852 0.0675 0.0278 
0.0346 0.9206 0.0154 0.0294 
0.0284 0.0054 0.8817 0.0845 
0.0354 0.1890 0.7102 0.0654 
0.2965 0.1674 0.2871 0.2490 
0.4529 0.1715 0.2023 0.1734 
0.3327 0.1836 0.2965 0.1871 

MOTIF filter23 
letter-probability matrix: alength= 4 w= 10 nsites= 10 
0.2132 0.4707 0.2295 0.0866 
0.3146 0.0372 0.5274 0.1208 
0.0015 0.3245 0.2788 0.3951 
0.6279 0.0007 0.1233 0.2481 
0.0569 0.1461 0.3831 0.4140 
0.0008 0.9253 0.0232 0.0508 
0.5642 0.0366 0.3882 0.0110 
0.3656 0.1917 0.0088 0.4339 
0.4402 0.1565 0.2292 0.1740 
0.2277 0.2749 0.2598 0.2375 

MOTIF filter24 
letter-probability matrix: alength= 4 w= 15 nsites= 15 
0.1449 0.3444 0.1809 0.3298 
0.1660 0.3036 0.2522 0.2782 
0.2847 0.2456 0.3441 0.1255 
0.6856 0.0077 0.0782 0.2285 
0.0000 0.3415 0.0108 0.6476 
0.0000 0.2203 0.0000 0.7797 
0.6850 0.0080 0.3030 0.0040 
0.6265 0.0063 0.3672 0.0000 
0.0785 0.0428 0.0000 0.8787 
0.0505 0.3806 0.2188 0.3501 
0.3529 0.2536 0.3215 0.0719 
0.2277 0.1081 0.6208 0.0434 
0.2271 0.2673 0.1712 0.3344 
0.2143 0.2177 0.2394 0.3287 
0.2377 0.2670 0.2014 0.2939 

MOTIF filter25 
letter-probability matrix: alength= 4 w= 13 nsites= 13 
0.2512 0.2578 0.2691 0.2218 
0.1599 0.2231 0.3830 0.2340 
0.0220 0.5462 0.1813 0.2506 
0.0691 0.6008 0.0164 0.3137 
0.0339 0.8309 0.0949 0.0403 
0.0335 0.8471 0.1162 0.0032 
0.2075 0.1710 0.4253 0.1962 
0.0448 0.8337 0.0693 0.0522 
0.1480 0.8015 0.0441 0.0064 
0.0292 0.5799 0.0569 0.3340 
0.1770 0.5457 0.0260 0.2512 
0.1017 0.3937 0.1399 0.3647 
0.1934 0.2871 0.2858 0.2337 

MOTIF filter26 
letter-probability matrix: alength= 4 w= 12 nsites= 12 
0.2010 0.3974 0.2060 0.1956 
0.1754 0.5995 0.0530 0.1721 
0.1789 0.3754 0.3244 0.1214 
0.0722 0.5516 0.0198 0.3564 
0.4047 0.1095 0.4255 0.0603 
0.3585 0.6203 0.0001 0.0210 
0.0019 0.3659 0.6315 0.0007 
0.1080 0.2272 0.0063 0.6584 
0.0431 0.7078 0.2278 0.0214 
0.5161 0.2654 0.1418 0.0767 
0.0570 0.3423 0.1491 0.4516 
0.2833 0.1648 0.2761 0.2758 

MOTIF filter27 
letter-probability matrix: alength= 4 w= 13 nsites= 13 
0.1978 0.1281 0.3340 0.3402 
0.2509 0.2305 0.3027 0.2159 
0.3844 0.0000 0.3203 0.2954 
0.6467 0.1691 0.1840 0.0001 
0.5445 0.0888 0.0432 0.3235 
0.0778 0.1073 0.0467 0.7682 
0.0000 0.0385 0.0000 0.9615 
0.2801 0.2275 0.0000 0.4924 
0.3523 0.1674 0.2130 0.2674 
0.5713 0.2515 0.1759 0.0013 
0.3781 0.1904 0.3154 0.1161 
0.3474 0.2457 0.1887 0.2181 
0.2538 0.2613 0.1854 0.2995 

MOTIF filter28 
letter-probability matrix: alength= 4 w= 11 nsites= 11 
0.2320 0.2698 0.2658 0.2325 
0.1685 0.2056 0.2327 0.3933 
0.2512 0.3201 0.4153 0.0134 
0.5937 0.2648 0.0731 0.0685 
0.5696 0.3695 0.0609 0.0000 
0.0000 0.4185 0.5815 0.0000 
0.0000 0.0026 0.0583 0.9391 
0.1268 0.2254 0.6282 0.0195 
0.0568 0.3198 0.2610 0.3625 
0.3015 0.2099 0.2485 0.2401 
0.2487 0.2546 0.2337 0.2630 

MOTIF filter29 
letter-probability matrix: alength= 4 w= 16 nsites= 16 
0.1924 0.2128 0.1637 0.4311 
0.1301 0.2144 0.4410 0.2144 
0.2420 0.2034 0.2856 0.2690 
0.0127 0.9355 0.0099 0.0419 
0.0072 0.4785 0.0287 0.4857 
0.7894 0.1356 0.0226 0.0524 
0.2674 0.0000 0.0033 0.7293 
0.7172 0.0557 0.0320 0.1951 
0.2800 0.0116 0.0783 0.6301 
0.7767 0.0006 0.0000 0.2227 
0.0110 0.0000 0.0006 0.9884 
0.3798 0.0000 0.6202 0.0000 
0.0215 0.0000 0.9779 0.0006 
0.2326 0.3473 0.1759 0.2442 
0.2233 0.4526 0.1759 0.1483 
0.4256 0.1499 0.2387 0.1858 

MOTIF filter30 
letter-probability matrix: alength= 4 w= 13 nsites= 13 
0.2166 0.3150 0.1332 0.3353 
0.1175 0.5106 0.1059 0.2660 
0.1401 0.1499 0.3812 0.3288 
0.0533 0.6623 0.1769 0.1075 
0.4917 0.0034 0.1972 0.3077 
0.0047 0.5350 0.4558 0.0045 
0.5619 0.1380 0.0210 0.2791 
0.0410 0.6373 0.1943 0.1274 
0.3061 0.2240 0.0004 0.4695 
0.0920 0.7275 0.1077 0.0728 
0.3077 0.4351 0.1150 0.1422 
0.1717 0.3000 0.2855 0.2428 
0.3089 0.3039 0.1922 0.1951 

MOTIF filter31 
letter-probability matrix: alength= 4 w= 15 nsites= 15 
0.2440 0.2410 0.2512 0.2637 
0.2516 0.2336 0.2444 0.2704 
0.2013 0.2307 0.1973 0.3707 
0.0844 0.1015 0.0671 0.7470 
0.0560 0.0979 0.1203 0.7258 
0.1951 0.6417 0.0788 0.0844 
0.0615 0.5659 0.0635 0.3091 
0.2521 0.2794 0.2431 0.2254 
0.3154 0.0388 0.5792 0.0666 
0.0726 0.0406 0.6831 0.2037 
0.8136 0.1048 0.0205 0.0610 
0.8880 0.0122 0.0180 0.0818 
0.3749 0.1866 0.2384 0.2001 
0.2367 0.2388 0.2399 0.2846 
0.2431 0.2420 0.2920 0.2229 

