MEME version 4

ALPHABET= ACGT

Background letter frequencies:
A 0.2500 C 0.2500 G 0.2500 T 0.2500 

MOTIF filter0 
letter-probability matrix: alength= 4 w= 14 nsites= 14 
0.2670 0.2419 0.2938 0.1973 
0.3485 0.2128 0.2424 0.1964 
0.2897 0.2050 0.3171 0.1882 
0.0000 0.2246 0.0032 0.7722 
0.0000 0.3257 0.6601 0.0141 
0.9622 0.0005 0.0169 0.0205 
0.0733 0.2510 0.2424 0.4333 
0.0000 0.0000 0.0009 0.9991 
0.0009 0.6264 0.3727 0.0000 
0.7490 0.0000 0.2510 0.0000 
0.0191 0.4109 0.0743 0.4957 
0.1244 0.3180 0.2542 0.3034 
0.1982 0.2405 0.3262 0.2351 
0.2920 0.2415 0.2711 0.1954 

MOTIF filter1 
letter-probability matrix: alength= 4 w= 17 nsites= 17 
0.2445 0.3202 0.2679 0.1675 
0.2032 0.3023 0.2488 0.2457 
0.2789 0.2420 0.1675 0.3116 
0.1108 0.0899 0.6989 0.1004 
0.3682 0.3011 0.1201 0.2106 
0.0068 0.8849 0.0991 0.0092 
0.2235 0.3436 0.3818 0.0511 
0.4514 0.0382 0.4113 0.0991 
0.0092 0.0172 0.0025 0.9711 
0.1663 0.6164 0.1632 0.0542 
0.3313 0.0043 0.2223 0.4421 
0.6232 0.1977 0.1244 0.0548 
0.2131 0.0560 0.0277 0.7032 
0.0043 0.5400 0.3504 0.1053 
0.2512 0.1115 0.5573 0.0800 
0.1349 0.2463 0.1890 0.4298 
0.2112 0.4304 0.1207 0.2377 

MOTIF filter2 
letter-probability matrix: alength= 4 w= 13 nsites= 13 
0.0945 0.2780 0.2835 0.3439 
0.2759 0.2410 0.3917 0.0914 
0.5574 0.0554 0.2518 0.1355 
0.0011 0.5028 0.1481 0.3481 
0.0008 0.5098 0.3875 0.1019 
0.8002 0.1935 0.0045 0.0018 
0.6894 0.0024 0.1244 0.1838 
0.2833 0.0016 0.0058 0.7094 
0.0333 0.6122 0.3544 0.0000 
0.6243 0.1410 0.1917 0.0431 
0.1617 0.2686 0.0512 0.5185 
0.1882 0.2494 0.2982 0.2641 
0.4051 0.1838 0.2573 0.1538 

MOTIF filter3 
letter-probability matrix: alength= 4 w= 11 nsites= 11 
0.1642 0.1060 0.4089 0.3209 
0.3232 0.1509 0.2475 0.2785 
0.1518 0.3319 0.3636 0.1526 
0.1042 0.7161 0.1568 0.0229 
0.3046 0.0004 0.3452 0.3498 
0.0015 0.2562 0.5066 0.2357 
0.9982 0.0001 0.0017 0.0000 
0.0000 0.3843 0.0773 0.5384 
0.2627 0.1414 0.1070 0.4889 
0.2866 0.4151 0.0000 0.2983 
0.4495 0.1551 0.3083 0.0872 

MOTIF filter4 
letter-probability matrix: alength= 4 w= 12 nsites= 12 
0.2360 0.2422 0.2272 0.2946 
0.1848 0.2479 0.2514 0.3159 
0.3221 0.0937 0.1833 0.4009 
0.0040 0.6561 0.3393 0.0005 
0.0001 0.0000 0.9893 0.0106 
0.2590 0.3823 0.0131 0.3456 
0.3679 0.2817 0.0184 0.3320 
0.2849 0.4191 0.0058 0.2902 
0.0861 0.6453 0.1054 0.1632 
0.1239 0.4888 0.2852 0.1021 
0.2957 0.3676 0.2903 0.0464 
0.2162 0.3561 0.1785 0.2491 

MOTIF filter5 
letter-probability matrix: alength= 4 w= 13 nsites= 13 
0.4720 0.0920 0.1847 0.2512 
0.2637 0.0964 0.0821 0.5578 
0.1766 0.5224 0.1374 0.1636 
0.2351 0.0249 0.0597 0.6803 
0.1884 0.0392 0.7568 0.0155 
0.0230 0.8825 0.0068 0.0877 
0.0566 0.2631 0.0056 0.6748 
0.1200 0.0522 0.4708 0.3570 
0.8333 0.0056 0.0361 0.1250 
0.0025 0.1318 0.0560 0.8097 
0.3812 0.3072 0.0833 0.2282 
0.1816 0.0765 0.5317 0.2102 
0.1524 0.1822 0.4496 0.2158 

MOTIF filter6 
letter-probability matrix: alength= 4 w= 12 nsites= 12 
0.5058 0.0890 0.2549 0.1503 
0.3166 0.4847 0.1230 0.0757 
0.1235 0.0762 0.1959 0.6043 
0.0045 0.0000 0.0100 0.9855 
0.0200 0.5543 0.4257 0.0000 
0.2632 0.7362 0.0000 0.0006 
0.0000 0.0000 0.8865 0.1135 
0.0000 0.4986 0.4407 0.0607 
0.9110 0.0373 0.0134 0.0384 
0.4001 0.2104 0.1736 0.2159 
0.1035 0.1948 0.2348 0.4669 
0.2148 0.2510 0.1336 0.4007 

MOTIF filter7 
letter-probability matrix: alength= 4 w= 11 nsites= 11 
0.2238 0.1861 0.1624 0.4278 
0.5019 0.1762 0.1773 0.1447 
0.0603 0.4456 0.3073 0.1867 
0.0303 0.0000 0.5876 0.3822 
0.9561 0.0006 0.0226 0.0206 
0.2694 0.0665 0.4847 0.1794 
0.0896 0.1570 0.0227 0.7307 
0.1704 0.5745 0.0000 0.2552 
0.2681 0.2581 0.1948 0.2789 
0.1491 0.4519 0.0172 0.3819 
0.4014 0.2773 0.0745 0.2468 

MOTIF filter8 
letter-probability matrix: alength= 4 w= 12 nsites= 12 
0.2528 0.2509 0.2535 0.2428 
0.3548 0.2198 0.2525 0.1730 
0.2538 0.2798 0.2782 0.1881 
0.0539 0.8231 0.0472 0.0759 
0.7904 0.0381 0.0848 0.0868 
0.0376 0.7086 0.0396 0.2142 
0.2044 0.0268 0.7374 0.0314 
0.0679 0.0955 0.0434 0.7932 
0.0425 0.0236 0.8763 0.0577 
0.1938 0.2565 0.3105 0.2393 
0.1815 0.2845 0.2113 0.3227 
0.2380 0.2527 0.2391 0.2701 

MOTIF filter9 
letter-probability matrix: alength= 4 w= 11 nsites= 11 
0.3382 0.0904 0.1306 0.4408 
0.2489 0.1575 0.1323 0.4613 
0.1128 0.4090 0.2676 0.2106 
0.8708 0.0771 0.0316 0.0205 
0.0169 0.0031 0.0281 0.9519 
0.5554 0.2940 0.1504 0.0002 
0.0018 0.2356 0.6339 0.1286 
0.6284 0.2844 0.0146 0.0726 
0.2085 0.3152 0.2240 0.2523 
0.1767 0.2500 0.4028 0.1705 
0.1486 0.2573 0.4173 0.1768 

MOTIF filter10 
letter-probability matrix: alength= 4 w= 14 nsites= 14 
0.1833 0.3650 0.2552 0.1965 
0.2758 0.3610 0.2024 0.1609 
0.2486 0.0419 0.5553 0.1542 
0.1094 0.7191 0.1546 0.0169 
0.3246 0.5777 0.0206 0.0771 
0.8942 0.0158 0.0870 0.0029 
0.5758 0.0257 0.1513 0.2472 
0.4348 0.1149 0.0371 0.4131 
0.0040 0.0746 0.0033 0.9181 
0.0595 0.0393 0.5938 0.3074 
0.0727 0.1377 0.7150 0.0746 
0.1990 0.5854 0.0492 0.1664 
0.1675 0.2464 0.3272 0.2589 
0.1877 0.2776 0.3728 0.1620 

MOTIF filter11 
letter-probability matrix: alength= 4 w= 14 nsites= 14 
0.2995 0.1948 0.2750 0.2308 
0.1342 0.3617 0.2651 0.2390 
0.5597 0.1604 0.1277 0.1522 
0.1080 0.0147 0.7791 0.0982 
0.2340 0.0606 0.2553 0.4501 
0.4632 0.5254 0.0049 0.0065 
0.1948 0.0213 0.2488 0.5352 
0.0000 0.0000 0.8494 0.1506 
0.0065 0.9885 0.0049 0.0000 
0.1784 0.0098 0.0016 0.8101 
0.3535 0.0295 0.5434 0.0736 
0.2226 0.4599 0.0147 0.3028 
0.5221 0.1227 0.0475 0.3077 
0.1440 0.3699 0.0753 0.4108 

MOTIF filter12 
letter-probability matrix: alength= 4 w= 11 nsites= 11 
0.1887 0.2397 0.2955 0.2761 
0.1530 0.1719 0.2789 0.3962 
0.1903 0.1564 0.3901 0.2632 
0.0029 0.8700 0.1264 0.0007 
0.0022 0.5459 0.0224 0.4295 
0.1436 0.1781 0.6664 0.0120 
0.5817 0.2079 0.1403 0.0701 
0.0028 0.4046 0.1514 0.4411 
0.0448 0.4362 0.1533 0.3657 
0.2536 0.3429 0.4034 0.0001 
0.2218 0.2120 0.5195 0.0468 

MOTIF filter13 
letter-probability matrix: alength= 4 w= 15 nsites= 15 
0.2610 0.2531 0.3024 0.1835 
0.2504 0.3059 0.2117 0.2320 
0.4349 0.1250 0.3891 0.0511 
0.0238 0.0546 0.1043 0.8173 
0.0000 0.3446 0.0246 0.6307 
0.1668 0.0000 0.5180 0.3151 
0.3785 0.5621 0.0268 0.0326 
0.0810 0.0132 0.7174 0.1884 
0.0546 0.7011 0.0000 0.2443 
0.5973 0.0246 0.1959 0.1822 
0.7980 0.0396 0.0004 0.1620 
0.0026 0.1752 0.0744 0.7478 
0.4450 0.2210 0.1703 0.1637 
0.1580 0.1474 0.5317 0.1629 
0.3622 0.3085 0.1862 0.1430 

MOTIF filter14 
letter-probability matrix: alength= 4 w= 11 nsites= 11 
0.2552 0.2507 0.2492 0.2449 
0.2628 0.2210 0.2461 0.2702 
0.2318 0.2634 0.2674 0.2373 
0.5515 0.1036 0.0313 0.3136 
0.0382 0.0162 0.0562 0.8894 
0.0296 0.3004 0.0333 0.6367 
0.6721 0.0000 0.2758 0.0520 
0.7683 0.0901 0.1234 0.0182 
0.2860 0.0753 0.0710 0.5677 
0.2241 0.3070 0.2140 0.2550 
0.2064 0.3535 0.1783 0.2618 

MOTIF filter15 
letter-probability matrix: alength= 4 w= 14 nsites= 14 
0.1687 0.1788 0.5146 0.1379 
0.3126 0.3838 0.1994 0.1042 
0.1102 0.3460 0.0532 0.4906 
0.1758 0.7054 0.0206 0.0982 
0.2699 0.1158 0.0105 0.6038 
0.3418 0.0176 0.1570 0.4835 
0.8947 0.0000 0.0007 0.1046 
0.0678 0.0037 0.0030 0.9254 
0.3932 0.0798 0.0142 0.5127 
0.5765 0.0221 0.1638 0.2376 
0.0903 0.0131 0.8853 0.0112 
0.2039 0.2560 0.4142 0.1259 
0.1784 0.2264 0.2455 0.3497 
0.1638 0.4584 0.1938 0.1840 

MOTIF filter16 
letter-probability matrix: alength= 4 w= 14 nsites= 14 
0.3624 0.2679 0.1325 0.2372 
0.2909 0.1720 0.0890 0.4481 
0.4158 0.0458 0.2257 0.3127 
0.0992 0.0063 0.0188 0.8758 
0.0316 0.1143 0.0547 0.7993 
0.1473 0.0036 0.4787 0.3703 
0.1697 0.6814 0.0105 0.1384 
0.4148 0.0003 0.3351 0.2498 
0.0372 0.1025 0.6501 0.2102 
0.6362 0.3183 0.0455 0.0000 
0.8194 0.0923 0.0817 0.0066 
0.2662 0.2570 0.0903 0.3865 
0.3242 0.2491 0.2415 0.1852 
0.3914 0.1479 0.1338 0.3269 

MOTIF filter17 
letter-probability matrix: alength= 4 w= 14 nsites= 14 
0.2590 0.1295 0.1387 0.4727 
0.1483 0.3354 0.4130 0.1034 
0.1413 0.4470 0.0877 0.3240 
0.3855 0.0000 0.0000 0.6145 
0.0423 0.0000 0.4566 0.5011 
0.9538 0.0000 0.0000 0.0462 
0.1762 0.2268 0.3454 0.2516 
0.5111 0.0061 0.0035 0.4793 
0.0536 0.4461 0.0052 0.4950 
0.8971 0.0004 0.0916 0.0109 
0.0170 0.0698 0.7287 0.1845 
0.3197 0.2752 0.1941 0.2111 
0.2464 0.2621 0.2778 0.2137 
0.3389 0.2268 0.1897 0.2447 

MOTIF filter18 
letter-probability matrix: alength= 4 w= 19 nsites= 19 
0.2262 0.2044 0.2934 0.2760 
0.2000 0.2934 0.2821 0.2245 
0.4175 0.1616 0.3528 0.0681 
0.0297 0.0026 0.0026 0.9651 
0.0026 0.0000 0.3354 0.6620 
0.4140 0.1205 0.3764 0.0891 
0.0000 0.9493 0.0114 0.0393 
0.0175 0.5755 0.4052 0.0017 
0.4070 0.3301 0.0000 0.2629 
0.5362 0.0594 0.0000 0.4044 
0.9747 0.0000 0.0253 0.0000 
0.0035 0.2175 0.0803 0.6987 
0.6769 0.1275 0.1459 0.0498 
0.0769 0.1581 0.1371 0.6279 
0.1144 0.1441 0.5965 0.1450 
0.0838 0.1013 0.7092 0.1057 
0.1790 0.1459 0.3651 0.3100 
0.2638 0.4314 0.1624 0.1424 
0.5179 0.1100 0.1668 0.2052 

MOTIF filter19 
letter-probability matrix: alength= 4 w= 17 nsites= 17 
0.2138 0.2741 0.2436 0.2685 
0.2082 0.2500 0.2918 0.2500 
0.4397 0.1817 0.3344 0.0442 
0.0450 0.1270 0.1133 0.7146 
0.0225 0.0008 0.1664 0.8103 
0.2082 0.4727 0.2894 0.0297 
0.0000 0.3979 0.0000 0.6021 
0.4904 0.0000 0.5096 0.0000 
0.1937 0.4365 0.0000 0.3698 
0.7637 0.0121 0.0000 0.2243 
0.8280 0.0000 0.0000 0.1720 
0.4043 0.1423 0.0772 0.3762 
0.0514 0.1125 0.1318 0.7042 
0.7331 0.0868 0.1077 0.0723 
0.2259 0.0836 0.5723 0.1182 
0.4212 0.3055 0.0884 0.1849 
0.2211 0.2822 0.3151 0.1817 

MOTIF filter20 
letter-probability matrix: alength= 4 w= 16 nsites= 16 
0.1982 0.3006 0.2161 0.2851 
0.3137 0.2988 0.2202 0.1673 
0.1565 0.1417 0.5345 0.1673 
0.1065 0.5839 0.0071 0.3024 
0.0595 0.1345 0.0565 0.7494 
0.7845 0.0095 0.2018 0.0042 
0.1577 0.0143 0.3530 0.4750 
0.0565 0.1292 0.6815 0.1327 
0.5506 0.0649 0.0821 0.3024 
0.0988 0.7774 0.0571 0.0667 
0.0065 0.1482 0.0107 0.8345 
0.4250 0.5363 0.0244 0.0143 
0.6435 0.0613 0.2637 0.0315 
0.2107 0.4440 0.1560 0.1893 
0.2542 0.2780 0.2458 0.2220 
0.1893 0.2893 0.2268 0.2946 

MOTIF filter21 
letter-probability matrix: alength= 4 w= 12 nsites= 12 
0.2256 0.2226 0.2463 0.3056 
0.2245 0.1708 0.4521 0.1526 
0.1747 0.5839 0.2104 0.0309 
0.1917 0.0740 0.0100 0.7243 
0.0284 0.3812 0.5265 0.0639 
0.7327 0.0613 0.0473 0.1587 
0.0615 0.5591 0.3218 0.0576 
0.0358 0.4558 0.0289 0.4796 
0.0507 0.7989 0.0888 0.0616 
0.4513 0.3200 0.1084 0.1203 
0.1170 0.3950 0.3010 0.1871 
0.2591 0.3183 0.1407 0.2819 

MOTIF filter22 
letter-probability matrix: alength= 4 w= 12 nsites= 12 
0.1762 0.3521 0.1761 0.2956 
0.1824 0.3543 0.2640 0.1993 
0.0255 0.3980 0.2811 0.2954 
0.0377 0.6611 0.2605 0.0407 
0.0139 0.6633 0.2294 0.0934 
0.1327 0.4018 0.3934 0.0722 
0.0000 0.1708 0.0662 0.7629 
0.0183 0.7569 0.0599 0.1648 
0.0000 0.6812 0.0418 0.2770 
0.2490 0.3282 0.0465 0.3763 
0.2835 0.2784 0.1483 0.2898 
0.2959 0.2555 0.2127 0.2359 

MOTIF filter23 
letter-probability matrix: alength= 4 w= 12 nsites= 12 
0.2696 0.2759 0.2223 0.2322 
0.2939 0.2088 0.2849 0.2124 
0.3020 0.2205 0.3299 0.1476 
0.0276 0.4568 0.0813 0.4343 
0.0072 0.5921 0.4007 0.0000 
0.0000 0.0000 0.0009 0.9991 
1.0000 0.0000 0.0000 0.0000 
0.0006 0.4295 0.2472 0.3227 
0.7630 0.0156 0.0000 0.2214 
0.1539 0.3293 0.1989 0.3179 
0.3167 0.3200 0.2148 0.1485 
0.2507 0.2481 0.1596 0.3416 

MOTIF filter24 
letter-probability matrix: alength= 4 w= 16 nsites= 16 
0.2660 0.4501 0.1117 0.1722 
0.2421 0.1876 0.2575 0.3129 
0.1705 0.1117 0.4996 0.2182 
0.1083 0.6709 0.0264 0.1944 
0.0614 0.4160 0.2029 0.3197 
0.6948 0.0000 0.2941 0.0111 
0.4467 0.2506 0.0367 0.2660 
0.0844 0.4331 0.4595 0.0230 
0.9182 0.0034 0.0000 0.0784 
0.0034 0.1526 0.0034 0.8406 
0.0077 0.1347 0.8176 0.0401 
0.0409 0.0315 0.7417 0.1858 
0.0853 0.6044 0.0350 0.2754 
0.2242 0.1918 0.3376 0.2464 
0.1492 0.1023 0.5729 0.1756 
0.2140 0.4774 0.1168 0.1918 

MOTIF filter25 
letter-probability matrix: alength= 4 w= 13 nsites= 13 
0.1725 0.1280 0.3460 0.3536 
0.0942 0.4223 0.2163 0.2672 
0.0565 0.5479 0.0725 0.3231 
0.1420 0.5984 0.2260 0.0337 
0.0505 0.5337 0.0421 0.3738 
0.5022 0.0098 0.3175 0.1705 
0.6605 0.3391 0.0004 0.0000 
0.0298 0.8490 0.1198 0.0014 
0.0012 0.4820 0.0138 0.5030 
0.0513 0.7149 0.0016 0.2322 
0.2418 0.4203 0.0511 0.2869 
0.1837 0.3137 0.2240 0.2786 
0.2342 0.3215 0.2300 0.2143 

MOTIF filter26 
letter-probability matrix: alength= 4 w= 11 nsites= 11 
0.1245 0.5500 0.2784 0.0470 
0.1058 0.4984 0.2656 0.1302 
0.3728 0.2096 0.1838 0.2338 
0.0120 0.9277 0.0536 0.0068 
0.0046 0.9247 0.0372 0.0334 
0.0628 0.0375 0.6030 0.2966 
0.0590 0.2561 0.5024 0.1824 
0.5658 0.3265 0.0150 0.0927 
0.1346 0.2197 0.0468 0.5990 
0.3080 0.2586 0.3687 0.0647 
0.0663 0.4010 0.0954 0.4372 

MOTIF filter27 
letter-probability matrix: alength= 4 w= 15 nsites= 15 
0.2406 0.2693 0.2269 0.2631 
0.3117 0.2165 0.2510 0.2207 
0.1608 0.2988 0.1646 0.3757 
0.0312 0.0121 0.0212 0.9356 
0.0278 0.0399 0.0341 0.8982 
0.1118 0.8566 0.0137 0.0179 
0.0208 0.7390 0.0200 0.2203 
0.2124 0.2602 0.2959 0.2315 
0.2539 0.0249 0.6804 0.0407 
0.0195 0.0237 0.7635 0.1933 
0.8525 0.0682 0.0357 0.0436 
0.8894 0.0366 0.0216 0.0524 
0.4277 0.1613 0.2436 0.1675 
0.2282 0.2627 0.2165 0.2926 
0.2444 0.2431 0.2793 0.2332 

MOTIF filter28 
letter-probability matrix: alength= 4 w= 13 nsites= 13 
0.4167 0.2393 0.3266 0.0174 
0.3443 0.1873 0.3356 0.1328 
0.2354 0.2179 0.2663 0.2804 
0.0615 0.6717 0.0358 0.2310 
0.2614 0.0487 0.6185 0.0715 
0.0106 0.4953 0.4860 0.0081 
0.4304 0.0012 0.0104 0.5579 
0.7903 0.0230 0.0017 0.1849 
0.0163 0.3130 0.6158 0.0548 
0.1161 0.3177 0.0168 0.5493 
0.2643 0.1602 0.4633 0.1122 
0.2584 0.3521 0.2203 0.1692 
0.2488 0.3065 0.1846 0.2601 

MOTIF filter29 
letter-probability matrix: alength= 4 w= 14 nsites= 14 
0.1639 0.1841 0.4013 0.2507 
0.3285 0.3331 0.2513 0.0871 
0.2252 0.5030 0.1791 0.0927 
0.0003 0.8560 0.1278 0.0159 
0.3179 0.3331 0.0616 0.2874 
0.3397 0.0788 0.1937 0.3877 
0.9954 0.0000 0.0046 0.0000 
0.0000 0.0000 0.0000 1.0000 
0.4480 0.1331 0.1152 0.3036 
0.3669 0.0007 0.2546 0.3778 
0.0010 0.0358 0.9632 0.0000 
0.0818 0.2152 0.3904 0.3126 
0.0944 0.2851 0.2258 0.3947 
0.2719 0.4437 0.1848 0.0997 

MOTIF filter30 
letter-probability matrix: alength= 4 w= 14 nsites= 14 
0.2303 0.2601 0.2698 0.2398 
0.2465 0.1586 0.4701 0.1248 
0.1929 0.0656 0.5720 0.1696 
0.2488 0.1147 0.6171 0.0193 
0.0011 0.0309 0.8344 0.1336 
0.0675 0.0330 0.8905 0.0090 
0.3066 0.4390 0.0872 0.1673 
0.0662 0.1912 0.7357 0.0069 
0.0105 0.0242 0.8077 0.1576 
0.2307 0.1734 0.5615 0.0345 
0.3305 0.1347 0.5293 0.0055 
0.1969 0.4016 0.2587 0.1429 
0.2429 0.2627 0.2688 0.2257 
0.2360 0.2454 0.2646 0.2540 

MOTIF filter31 
letter-probability matrix: alength= 4 w= 15 nsites= 15 
0.2837 0.2065 0.1394 0.3704 
0.2255 0.3381 0.2705 0.1659 
0.4764 0.0676 0.2774 0.1786 
0.1882 0.4681 0.3437 0.0000 
0.0000 0.0479 0.0000 0.9521 
0.2634 0.6905 0.0462 0.0000 
0.5649 0.3481 0.0018 0.0852 
0.0457 0.0616 0.7380 0.1548 
0.0386 0.5147 0.1708 0.2759 
0.4926 0.0047 0.2705 0.2322 
0.1586 0.2221 0.1122 0.5071 
0.5214 0.1256 0.0172 0.3359 
0.4037 0.1171 0.2000 0.2792 
0.2712 0.3339 0.0529 0.3421 
0.2658 0.3274 0.2145 0.1922 

