MEME version 4

ALPHABET= ACGT

Background letter frequencies:
A 0.2500 C 0.2500 G 0.2500 T 0.2500 

MOTIF filter0 
letter-probability matrix: alength= 4 w= 14 nsites= 14 
0.3333 0.2329 0.2580 0.1758 
0.3174 0.2603 0.2900 0.1324 
0.2215 0.1872 0.2740 0.3174 
0.0342 0.6781 0.2877 0.0000 
0.0685 0.9315 0.0000 0.0000 
0.0000 0.0000 0.9612 0.0388 
0.0000 0.0000 0.9932 0.0068 
0.9932 0.0068 0.0000 0.0000 
0.9886 0.0114 0.0000 0.0000 
0.0411 0.0388 0.9201 0.0000 
0.0502 0.2831 0.0205 0.6461 
0.2215 0.0959 0.6096 0.0731 
0.2489 0.2534 0.4543 0.0434 
0.2397 0.3470 0.2511 0.1621 

MOTIF filter1 
letter-probability matrix: alength= 4 w= 14 nsites= 14 
0.2064 0.2166 0.2727 0.3043 
0.1897 0.3470 0.2366 0.2267 
0.2956 0.0000 0.4047 0.2997 
0.5457 0.0006 0.3325 0.1212 
0.3465 0.2560 0.1834 0.2142 
0.3646 0.3310 0.2741 0.0304 
0.3252 0.2165 0.0411 0.4173 
0.4041 0.4598 0.0017 0.1344 
0.0967 0.2860 0.0149 0.6023 
0.3705 0.5395 0.0634 0.0266 
0.2736 0.0007 0.6962 0.0294 
0.2707 0.2611 0.2067 0.2614 
0.1829 0.1793 0.3139 0.3239 
0.2256 0.3055 0.2812 0.1877 

MOTIF filter2 
letter-probability matrix: alength= 4 w= 11 nsites= 11 
0.3011 0.2330 0.2294 0.2366 
0.4892 0.0932 0.1541 0.2634 
0.2168 0.2832 0.4176 0.0824 
0.0000 0.0036 0.0018 0.9946 
0.0502 0.9498 0.0000 0.0000 
0.9964 0.0000 0.0036 0.0000 
0.0000 0.0000 0.9606 0.0394 
0.0000 1.0000 0.0000 0.0000 
0.9946 0.0000 0.0000 0.0054 
0.4014 0.1792 0.1523 0.2670 
0.4086 0.0735 0.0090 0.5090 

MOTIF filter3 
letter-probability matrix: alength= 4 w= 9 nsites= 9 
0.2464 0.2317 0.2694 0.2524 
0.1409 0.3452 0.1425 0.3714 
0.3647 0.0675 0.3076 0.2603 
0.0151 0.0818 0.8415 0.0616 
0.1348 0.2027 0.5366 0.1258 
0.0155 0.3655 0.6173 0.0017 
0.2866 0.2592 0.0328 0.4214 
0.3432 0.0136 0.3828 0.2605 
0.2031 0.0015 0.4730 0.3224 

MOTIF filter4 
letter-probability matrix: alength= 4 w= 15 nsites= 15 
0.2153 0.1136 0.0701 0.6010 
0.1136 0.1408 0.5518 0.1938 
0.4242 0.3169 0.0713 0.1875 
0.0354 0.7342 0.1793 0.0511 
0.0227 0.8264 0.0215 0.1294 
0.6458 0.0032 0.0265 0.3245 
0.1048 0.0032 0.0758 0.8163 
0.9798 0.0076 0.0044 0.0082 
0.0044 0.0758 0.0133 0.9066 
0.8807 0.0593 0.0234 0.0366 
0.2266 0.0915 0.0095 0.6723 
0.0240 0.0316 0.9135 0.0309 
0.0139 0.0631 0.9154 0.0076 
0.1742 0.1105 0.3687 0.3466 
0.2538 0.5177 0.1420 0.0865 

MOTIF filter5 
letter-probability matrix: alength= 4 w= 11 nsites= 11 
0.2131 0.2101 0.2033 0.3734 
0.1854 0.1432 0.4962 0.1752 
0.3188 0.3440 0.3061 0.0311 
0.0000 0.0094 0.0017 0.9889 
0.0009 0.0009 0.9829 0.0153 
0.9987 0.0000 0.0013 0.0000 
0.0375 0.4710 0.4578 0.0337 
0.0750 0.0588 0.0503 0.8159 
0.0929 0.7758 0.0354 0.0959 
0.8112 0.0345 0.0703 0.0840 
0.0712 0.2741 0.3056 0.3491 

MOTIF filter6 
letter-probability matrix: alength= 4 w= 14 nsites= 14 
0.4296 0.0215 0.2870 0.2619 
0.3390 0.1919 0.0646 0.4045 
0.3112 0.1596 0.2341 0.2951 
0.0430 0.0000 0.2430 0.7139 
0.0009 0.5004 0.4987 0.0000 
0.0197 0.9794 0.0000 0.0009 
0.7381 0.0000 0.0000 0.2619 
0.0000 0.0000 0.3525 0.6475 
0.5130 0.2036 0.0942 0.1892 
0.0197 0.1157 0.0332 0.8314 
0.1812 0.0798 0.0188 0.7202 
0.1381 0.1274 0.4170 0.3175 
0.2341 0.1399 0.3444 0.2816 
0.2233 0.1184 0.4260 0.2323 

MOTIF filter7 
letter-probability matrix: alength= 4 w= 15 nsites= 15 
0.2623 0.2488 0.2219 0.2670 
0.2884 0.2367 0.2465 0.2284 
0.1777 0.2493 0.1740 0.3991 
0.0158 0.0251 0.0177 0.9414 
0.0135 0.0321 0.0405 0.9140 
0.1265 0.8065 0.0326 0.0344 
0.0260 0.6851 0.0214 0.2674 
0.2195 0.2553 0.2833 0.2419 
0.2749 0.0195 0.6819 0.0237 
0.0247 0.0195 0.8279 0.1279 
0.8991 0.0544 0.0237 0.0228 
0.9451 0.0237 0.0121 0.0191 
0.4228 0.1744 0.2353 0.1674 
0.2512 0.2521 0.2298 0.2670 
0.2558 0.2395 0.2572 0.2474 

MOTIF filter8 
letter-probability matrix: alength= 4 w= 14 nsites= 14 
0.1955 0.3562 0.1985 0.2498 
0.1423 0.3585 0.2830 0.2162 
0.0855 0.5391 0.1932 0.1822 
0.0489 0.6997 0.1181 0.1334 
0.0229 0.6448 0.2165 0.1157 
0.0439 0.8071 0.0625 0.0865 
0.1570 0.6232 0.1230 0.0968 
0.2517 0.5547 0.1543 0.0392 
0.1048 0.7137 0.0130 0.1686 
0.0652 0.7848 0.0745 0.0755 
0.5717 0.3525 0.0090 0.0668 
0.1300 0.4470 0.0303 0.3928 
0.0249 0.5168 0.1264 0.3319 
0.0329 0.4007 0.1663 0.4001 

MOTIF filter9 
letter-probability matrix: alength= 4 w= 9 nsites= 9 
0.3146 0.1963 0.3111 0.1780 
0.1647 0.1523 0.4625 0.2205 
0.2257 0.2394 0.3112 0.2237 
0.0035 0.5061 0.4724 0.0179 
0.4486 0.0000 0.0009 0.5504 
0.0136 0.8027 0.1830 0.0007 
0.2106 0.0000 0.4187 0.3707 
0.2734 0.2044 0.2907 0.2314 
0.1536 0.2933 0.2673 0.2858 

MOTIF filter10 
letter-probability matrix: alength= 4 w= 14 nsites= 14 
0.1519 0.2266 0.3481 0.2734 
0.0164 0.4509 0.2500 0.2827 
0.0958 0.5958 0.1355 0.1729 
0.6636 0.0140 0.2827 0.0397 
0.0000 0.9019 0.0210 0.0771 
0.0000 0.0000 0.0000 1.0000 
0.0023 0.0000 0.0000 0.9977 
0.0000 0.9813 0.0164 0.0023 
0.0070 0.9930 0.0000 0.0000 
0.0000 0.0000 0.9486 0.0514 
0.0000 0.2336 0.7313 0.0350 
0.2687 0.2383 0.1799 0.3131 
0.1589 0.2664 0.2757 0.2991 
0.1752 0.2547 0.2523 0.3178 

MOTIF filter11 
letter-probability matrix: alength= 4 w= 12 nsites= 12 
0.1680 0.3034 0.1617 0.3669 
0.2291 0.3457 0.2055 0.2197 
0.3672 0.0459 0.3732 0.2137 
0.0378 0.1290 0.1293 0.7038 
0.0000 0.4467 0.4980 0.0553 
0.9269 0.0196 0.0281 0.0254 
0.2880 0.1182 0.0045 0.5893 
0.1003 0.0036 0.0465 0.8495 
0.0372 0.2312 0.7277 0.0039 
0.4754 0.0858 0.3258 0.1130 
0.1342 0.3478 0.0206 0.4974 
0.1176 0.3025 0.3086 0.2714 

MOTIF filter12 
letter-probability matrix: alength= 4 w= 12 nsites= 12 
0.3522 0.3756 0.0566 0.2156 
0.1142 0.2262 0.0650 0.5946 
0.4848 0.0656 0.1956 0.2540 
0.2405 0.0116 0.1700 0.5779 
0.3653 0.0069 0.1844 0.4435 
0.2357 0.3410 0.0247 0.3986 
0.2981 0.0474 0.0000 0.6545 
0.1030 0.0065 0.4305 0.4601 
0.7763 0.1420 0.0116 0.0701 
0.1598 0.0156 0.4319 0.3927 
0.1612 0.2643 0.4578 0.1167 
0.4031 0.1795 0.2745 0.1429 

MOTIF filter13 
letter-probability matrix: alength= 4 w= 13 nsites= 13 
0.2480 0.3129 0.2353 0.2038 
0.2940 0.2820 0.2747 0.1493 
0.4945 0.2246 0.2082 0.0727 
0.0212 0.2210 0.0746 0.6832 
0.0061 0.4142 0.1163 0.4634 
0.5035 0.0028 0.1119 0.3818 
0.4226 0.0149 0.5614 0.0011 
0.5289 0.0177 0.2668 0.1866 
0.0117 0.2171 0.0095 0.7617 
0.0635 0.3456 0.0281 0.5629 
0.1885 0.3275 0.1539 0.3301 
0.3240 0.2672 0.1264 0.2824 
0.2263 0.2516 0.2260 0.2961 

MOTIF filter14 
letter-probability matrix: alength= 4 w= 13 nsites= 13 
0.3128 0.0950 0.5263 0.0660 
0.1416 0.3971 0.2016 0.2597 
0.2074 0.1580 0.5699 0.0647 
0.0837 0.0228 0.8844 0.0092 
0.3828 0.4081 0.0524 0.1567 
0.0162 0.4460 0.0432 0.4946 
0.7954 0.0162 0.1418 0.0466 
0.0021 0.0986 0.0043 0.8950 
0.2881 0.2915 0.1954 0.2250 
0.1309 0.1350 0.0728 0.6613 
0.1360 0.1388 0.2284 0.4967 
0.1565 0.1882 0.3528 0.3025 
0.1776 0.2923 0.2687 0.2614 

MOTIF filter15 
letter-probability matrix: alength= 4 w= 15 nsites= 15 
0.1970 0.1577 0.1095 0.5359 
0.1105 0.1320 0.5563 0.2012 
0.3504 0.3583 0.1425 0.1488 
0.0524 0.8654 0.0602 0.0220 
0.0382 0.8659 0.0351 0.0608 
0.6941 0.0340 0.0388 0.2331 
0.1111 0.0173 0.0251 0.8465 
0.8916 0.0367 0.0320 0.0398 
0.0037 0.0456 0.0671 0.8837 
0.8622 0.0272 0.0288 0.0817 
0.2148 0.0471 0.0529 0.6852 
0.0440 0.0660 0.8481 0.0419 
0.0236 0.0456 0.8931 0.0377 
0.1488 0.1268 0.3546 0.3698 
0.2509 0.5175 0.1430 0.0885 

MOTIF filter16 
letter-probability matrix: alength= 4 w= 14 nsites= 14 
0.2455 0.2543 0.2640 0.2362 
0.2776 0.2418 0.2458 0.2348 
0.4529 0.1601 0.3453 0.0418 
0.0152 0.0192 0.0096 0.9560 
0.0122 0.0104 0.1431 0.8344 
0.3102 0.0373 0.5113 0.1412 
0.0669 0.7445 0.0281 0.1604 
0.1793 0.0470 0.7279 0.0458 
0.1457 0.5686 0.0140 0.2717 
0.8140 0.1442 0.0203 0.0214 
0.9641 0.0122 0.0144 0.0092 
0.0488 0.3227 0.1682 0.4603 
0.2462 0.2632 0.2688 0.2218 
0.2429 0.2262 0.2566 0.2743 

MOTIF filter17 
letter-probability matrix: alength= 4 w= 13 nsites= 13 
0.2500 0.2365 0.2539 0.2597 
0.2171 0.1972 0.3744 0.2113 
0.3885 0.2494 0.3318 0.0303 
0.0284 0.0238 0.0200 0.9278 
0.0064 0.0103 0.9149 0.0683 
0.9478 0.0058 0.0174 0.0290 
0.0258 0.4588 0.4787 0.0367 
0.0000 0.0000 0.0000 1.0000 
0.0503 0.9497 0.0000 0.0000 
1.0000 0.0000 0.0000 0.0000 
0.0271 0.3383 0.2519 0.3827 
0.2249 0.3737 0.1927 0.2088 
0.2629 0.1991 0.2777 0.2603 

MOTIF filter18 
letter-probability matrix: alength= 4 w= 8 nsites= 8 
0.2327 0.4051 0.0595 0.3027 
0.1134 0.5022 0.0836 0.3008 
0.3945 0.4053 0.0116 0.1886 
0.0048 0.4225 0.5723 0.0004 
0.0182 0.0153 0.7795 0.1870 
0.4847 0.1855 0.0670 0.2628 
0.2559 0.5205 0.0698 0.1538 
0.1088 0.4032 0.4157 0.0723 

MOTIF filter19 
letter-probability matrix: alength= 4 w= 12 nsites= 12 
0.4334 0.1074 0.1821 0.2771 
0.1035 0.1384 0.3215 0.4367 
0.1367 0.2490 0.4634 0.1508 
0.0225 0.2033 0.5878 0.1864 
0.0359 0.6534 0.2513 0.0594 
0.0698 0.5150 0.3362 0.0790 
0.0496 0.1387 0.7836 0.0281 
0.0268 0.9243 0.0193 0.0297 
0.0170 0.6005 0.3251 0.0574 
0.1805 0.4054 0.3104 0.1038 
0.0904 0.2663 0.1713 0.4719 
0.1067 0.5117 0.2272 0.1544 

MOTIF filter20 
letter-probability matrix: alength= 4 w= 15 nsites= 15 
0.2495 0.2604 0.2396 0.2505 
0.2187 0.2559 0.3140 0.2114 
0.0681 0.0862 0.5753 0.2704 
0.0036 0.7632 0.0145 0.2187 
0.0000 0.3639 0.0000 0.6361 
0.5064 0.4918 0.0009 0.0009 
0.0681 0.6198 0.0018 0.3103 
0.2831 0.0000 0.3140 0.4029 
0.1697 0.6525 0.0000 0.1779 
0.3067 0.6080 0.0009 0.0844 
0.0000 0.1670 0.0000 0.8330 
0.7559 0.2015 0.0000 0.0426 
0.1243 0.1806 0.5245 0.1706 
0.4374 0.1869 0.2024 0.1733 
0.3612 0.1887 0.2840 0.1661 

MOTIF filter21 
letter-probability matrix: alength= 4 w= 12 nsites= 12 
0.2360 0.2417 0.0320 0.4904 
0.4207 0.0000 0.3099 0.2694 
0.2190 0.3219 0.0167 0.4424 
0.3076 0.0002 0.5151 0.1771 
0.4517 0.3053 0.0659 0.1771 
0.6058 0.0863 0.2178 0.0901 
0.2030 0.2193 0.0937 0.4840 
0.0708 0.4316 0.1799 0.3177 
0.1463 0.5419 0.0093 0.3024 
0.2889 0.2727 0.3517 0.0867 
0.1604 0.3285 0.3343 0.1768 
0.2674 0.2592 0.2263 0.2471 

MOTIF filter22 
letter-probability matrix: alength= 4 w= 11 nsites= 11 
0.2233 0.0786 0.1935 0.5046 
0.1764 0.1004 0.2598 0.4633 
0.2465 0.4611 0.1689 0.1234 
0.6666 0.1851 0.0015 0.1468 
0.7697 0.0043 0.0254 0.2006 
0.0186 0.0019 0.0303 0.9492 
0.2397 0.2639 0.4233 0.0731 
0.5530 0.0055 0.0263 0.4153 
0.4265 0.0697 0.0506 0.4531 
0.1921 0.0985 0.1862 0.5232 
0.0803 0.2951 0.5031 0.1215 

MOTIF filter23 
letter-probability matrix: alength= 4 w= 14 nsites= 14 
0.1819 0.2417 0.3414 0.2350 
0.3028 0.1974 0.3673 0.1326 
0.2974 0.1576 0.3467 0.1983 
0.0091 0.8770 0.0664 0.0475 
0.0483 0.5245 0.0434 0.3838 
0.5243 0.1357 0.2307 0.1093 
0.8567 0.0147 0.0668 0.0618 
0.0340 0.0758 0.0750 0.8151 
0.1244 0.3294 0.1226 0.4236 
0.3927 0.0570 0.4211 0.1292 
0.0605 0.0887 0.8272 0.0235 
0.2187 0.3017 0.2208 0.2588 
0.1835 0.3010 0.1983 0.3172 
0.2339 0.3047 0.2478 0.2136 

MOTIF filter24 
letter-probability matrix: alength= 4 w= 11 nsites= 11 
0.2954 0.2072 0.1957 0.3017 
0.2518 0.1649 0.3371 0.2462 
0.4128 0.1988 0.1946 0.1938 
0.3649 0.0593 0.0357 0.5400 
0.0018 0.2043 0.0113 0.7826 
0.7211 0.0013 0.2266 0.0510 
0.3711 0.1890 0.4399 0.0001 
0.1002 0.2615 0.0269 0.6114 
0.1800 0.2895 0.2306 0.2998 
0.3074 0.1614 0.2785 0.2526 
0.2536 0.2169 0.3380 0.1915 

MOTIF filter25 
letter-probability matrix: alength= 4 w= 11 nsites= 11 
0.2987 0.2239 0.1909 0.2865 
0.2338 0.3394 0.2318 0.1951 
0.2262 0.1623 0.2309 0.3805 
0.0489 0.5430 0.0000 0.4081 
0.0465 0.7261 0.0000 0.2274 
0.4539 0.0411 0.2323 0.2727 
0.4947 0.0125 0.4908 0.0021 
0.6096 0.0168 0.3311 0.0425 
0.2872 0.0223 0.5502 0.1404 
0.2244 0.2202 0.4357 0.1198 
0.1094 0.2618 0.2335 0.3953 

MOTIF filter26 
letter-probability matrix: alength= 4 w= 16 nsites= 16 
0.2170 0.2992 0.2407 0.2431 
0.2598 0.2315 0.1840 0.3247 
0.1719 0.1024 0.2998 0.4259 
0.1615 0.6377 0.0758 0.1250 
0.0527 0.0515 0.0961 0.7998 
0.7112 0.0139 0.2691 0.0058 
0.1094 0.0000 0.4931 0.3976 
0.4016 0.0029 0.3900 0.2054 
0.2361 0.0000 0.6204 0.1435 
0.3999 0.0035 0.3385 0.2581 
0.0382 0.3906 0.0017 0.5694 
0.6545 0.0058 0.3391 0.0006 
0.0532 0.0000 0.9259 0.0208 
0.3264 0.2095 0.3218 0.1424 
0.1499 0.1082 0.5278 0.2141 
0.1858 0.3027 0.3513 0.1603 

MOTIF filter27 
letter-probability matrix: alength= 4 w= 15 nsites= 15 
0.2386 0.1604 0.2783 0.3227 
0.3034 0.3913 0.1618 0.1435 
0.1647 0.1053 0.4019 0.3280 
0.4058 0.0005 0.4444 0.1493 
0.3575 0.0005 0.5932 0.0488 
0.0164 0.0005 0.8483 0.1348 
0.1309 0.0039 0.7072 0.1580 
0.5585 0.2280 0.0000 0.2135 
0.0005 0.0000 0.4111 0.5884 
0.2758 0.0014 0.7222 0.0005 
0.3377 0.0000 0.6493 0.0130 
0.3406 0.1193 0.5382 0.0019 
0.2097 0.5097 0.1531 0.1275 
0.2155 0.2546 0.2676 0.2623 
0.2560 0.2957 0.2169 0.2314 

MOTIF filter28 
letter-probability matrix: alength= 4 w= 12 nsites= 12 
0.2405 0.2915 0.2357 0.2323 
0.2909 0.2891 0.2053 0.2147 
0.1570 0.2705 0.2957 0.2768 
0.6316 0.0646 0.1084 0.1955 
0.0820 0.0494 0.1934 0.6753 
0.0050 0.5040 0.0111 0.4799 
0.4406 0.0001 0.5564 0.0029 
0.7738 0.1503 0.0010 0.0748 
0.2117 0.1932 0.0020 0.5930 
0.2994 0.1585 0.5057 0.0363 
0.2615 0.1934 0.4204 0.1247 
0.1956 0.3075 0.3587 0.1382 

MOTIF filter29 
letter-probability matrix: alength= 4 w= 12 nsites= 12 
0.2050 0.4679 0.1956 0.1315 
0.9828 0.0000 0.0172 0.0000 
0.9077 0.0188 0.0720 0.0016 
0.4053 0.1377 0.4053 0.0516 
1.0000 0.0000 0.0000 0.0000 
0.0016 0.0000 0.0000 0.9984 
0.0031 0.0078 0.9875 0.0016 
0.0078 0.0016 0.9797 0.0110 
0.1487 0.6808 0.0031 0.1674 
0.1706 0.1925 0.3396 0.2973 
0.1487 0.1330 0.5806 0.1377 
0.2426 0.5477 0.0751 0.1346 

MOTIF filter30 
letter-probability matrix: alength= 4 w= 12 nsites= 12 
0.2487 0.2576 0.2526 0.2411 
0.3483 0.2221 0.2614 0.1681 
0.2362 0.3016 0.2731 0.1891 
0.0727 0.8368 0.0415 0.0490 
0.7869 0.0267 0.0969 0.0895 
0.0431 0.6915 0.0432 0.2223 
0.2267 0.0449 0.7080 0.0204 
0.0986 0.1172 0.0258 0.7584 
0.0457 0.0288 0.8180 0.1075 
0.2009 0.2680 0.2850 0.2461 
0.1958 0.2575 0.2085 0.3382 
0.2391 0.2531 0.2563 0.2515 

MOTIF filter31 
letter-probability matrix: alength= 4 w= 17 nsites= 17 
0.2432 0.2531 0.2494 0.2543 
0.2740 0.3010 0.2199 0.2052 
0.1327 0.0762 0.3170 0.4742 
0.0455 0.9128 0.0000 0.0418 
0.0025 0.0000 0.0012 0.9963 
0.9877 0.0074 0.0025 0.0025 
0.2678 0.0209 0.0651 0.6462 
0.3120 0.2899 0.0000 0.3980 
0.4853 0.0147 0.0860 0.4140 
0.6302 0.0012 0.0676 0.3010 
0.0025 0.0086 0.0369 0.9521 
0.9287 0.0000 0.0246 0.0467 
0.0885 0.0025 0.8243 0.0848 
0.3919 0.4914 0.0098 0.1069 
0.2457 0.2936 0.1781 0.2826 
0.2862 0.1769 0.2506 0.2862 
0.1904 0.2678 0.2948 0.2469 

