MEME version 4

ALPHABET= ACGT

Background letter frequencies:
A 0.2500 C 0.2500 G 0.2500 T 0.2500 

MOTIF filter0 
letter-probability matrix: alength= 4 w= 12 nsites= 12 
0.2114 0.2892 0.1954 0.3040 
0.1122 0.4267 0.2367 0.2243 
0.1663 0.2011 0.3118 0.3209 
0.4092 0.0001 0.4736 0.1170 
0.0730 0.0043 0.4005 0.5221 
0.2640 0.0000 0.3245 0.4115 
0.4342 0.3594 0.0000 0.2063 
0.5632 0.3188 0.0006 0.1174 
0.0112 0.2024 0.0001 0.7863 
0.3271 0.2243 0.3111 0.1374 
0.2330 0.1930 0.4055 0.1685 
0.2831 0.2452 0.2915 0.1802 

MOTIF filter1 
letter-probability matrix: alength= 4 w= 14 nsites= 14 
0.2583 0.1067 0.3892 0.2458 
0.3043 0.3172 0.1971 0.1814 
0.1798 0.2911 0.3275 0.2017 
0.5243 0.0000 0.4577 0.0180 
0.1106 0.0894 0.0007 0.7992 
0.0797 0.7112 0.1891 0.0199 
0.7736 0.0079 0.0801 0.1383 
0.0067 0.1269 0.0545 0.8119 
0.1798 0.1778 0.3804 0.2620 
0.2507 0.0201 0.3645 0.3647 
0.0819 0.5460 0.0275 0.3446 
0.1156 0.4287 0.2419 0.2138 
0.2242 0.1828 0.3735 0.2195 
0.2045 0.3834 0.1426 0.2696 

MOTIF filter2 
letter-probability matrix: alength= 4 w= 10 nsites= 10 
0.2262 0.2406 0.3837 0.1494 
0.0547 0.5545 0.2899 0.1009 
0.2362 0.3458 0.2224 0.1956 
0.0098 0.6544 0.3166 0.0192 
0.0092 0.0659 0.1272 0.7976 
0.8587 0.0027 0.0521 0.0865 
0.0001 0.5946 0.4053 0.0000 
0.2641 0.2750 0.2691 0.1918 
0.2787 0.2555 0.3148 0.1510 
0.2441 0.2758 0.2757 0.2043 

MOTIF filter3 
letter-probability matrix: alength= 4 w= 12 nsites= 12 
0.2066 0.2698 0.2339 0.2897 
0.0966 0.2569 0.3865 0.2601 
0.2587 0.1860 0.4664 0.0889 
0.0077 0.9602 0.0321 0.0000 
0.0224 0.8377 0.0048 0.1350 
0.7389 0.0230 0.1182 0.1199 
0.1726 0.0777 0.0173 0.7325 
0.3174 0.1866 0.2127 0.2832 
0.0276 0.0905 0.0627 0.8193 
0.3383 0.1099 0.0649 0.4868 
0.2274 0.1311 0.2411 0.4004 
0.1854 0.1317 0.5300 0.1529 

MOTIF filter4 
letter-probability matrix: alength= 4 w= 14 nsites= 14 
0.2369 0.1968 0.2940 0.2724 
0.4591 0.0270 0.2500 0.2639 
0.5247 0.1034 0.0725 0.2994 
0.5224 0.0123 0.0679 0.3974 
0.3426 0.1721 0.1466 0.3387 
0.3318 0.0139 0.0494 0.6049 
0.0000 0.0000 0.9907 0.0093 
0.0818 0.8688 0.0324 0.0170 
0.1258 0.0224 0.0000 0.8519 
0.0486 0.0062 0.8750 0.0702 
0.8573 0.0270 0.0409 0.0748 
0.0748 0.4074 0.3681 0.1497 
0.1728 0.2724 0.1790 0.3758 
0.1327 0.4792 0.2199 0.1682 

MOTIF filter5 
letter-probability matrix: alength= 4 w= 14 nsites= 14 
0.2314 0.2316 0.2648 0.2721 
0.2586 0.1791 0.4249 0.1374 
0.2155 0.0106 0.5183 0.2557 
0.3611 0.0076 0.6243 0.0070 
0.0518 0.0068 0.8268 0.1146 
0.1102 0.0175 0.7533 0.1189 
0.3184 0.3979 0.0633 0.2204 
0.2572 0.0202 0.6555 0.0671 
0.0126 0.0666 0.5894 0.3314 
0.3440 0.0067 0.5978 0.0515 
0.2932 0.1346 0.5671 0.0051 
0.2571 0.3668 0.2417 0.1344 
0.2561 0.2505 0.2633 0.2301 
0.2426 0.2743 0.2391 0.2440 

MOTIF filter6 
letter-probability matrix: alength= 4 w= 9 nsites= 9 
0.3125 0.2465 0.2510 0.1900 
0.1797 0.1651 0.4448 0.2104 
0.2551 0.0003 0.4631 0.2816 
0.0015 0.7820 0.2155 0.0010 
0.3958 0.0000 0.0586 0.5456 
0.0338 0.4851 0.4707 0.0104 
0.3236 0.2813 0.0175 0.3775 
0.3073 0.1884 0.2345 0.2698 
0.2124 0.2726 0.2610 0.2540 

MOTIF filter7 
letter-probability matrix: alength= 4 w= 13 nsites= 13 
0.2363 0.2415 0.2455 0.2767 
0.2415 0.2276 0.3196 0.2112 
0.3518 0.2758 0.2956 0.0769 
0.0287 0.0343 0.0293 0.9077 
0.0293 0.0334 0.8502 0.0871 
0.8931 0.0327 0.0439 0.0303 
0.0630 0.4484 0.4435 0.0451 
0.0201 0.0272 0.0210 0.9317 
0.0831 0.8496 0.0377 0.0296 
0.9209 0.0272 0.0256 0.0263 
0.0689 0.3085 0.2894 0.3332 
0.2143 0.3416 0.2116 0.2326 
0.2776 0.2304 0.2440 0.2480 

MOTIF filter8 
letter-probability matrix: alength= 4 w= 16 nsites= 16 
0.2902 0.2301 0.2844 0.1953 
0.2134 0.2271 0.3154 0.2441 
0.1387 0.4467 0.3099 0.1047 
0.5361 0.0996 0.3328 0.0315 
0.2177 0.4906 0.2503 0.0414 
0.3283 0.0846 0.3360 0.2511 
0.2085 0.1140 0.2533 0.4241 
0.0808 0.7357 0.0265 0.1569 
0.0009 0.5355 0.4610 0.0026 
0.0242 0.0015 0.8364 0.1380 
0.5281 0.1644 0.0946 0.2129 
0.3013 0.2664 0.1310 0.3013 
0.0214 0.2425 0.5333 0.2027 
0.0290 0.4562 0.0493 0.4655 
0.1676 0.2320 0.4903 0.1101 
0.2831 0.2855 0.2593 0.1721 

MOTIF filter9 
letter-probability matrix: alength= 4 w= 12 nsites= 12 
0.5451 0.0858 0.2602 0.1090 
0.2209 0.5792 0.0887 0.1112 
0.1991 0.2020 0.3009 0.2980 
0.0414 0.0073 0.0262 0.9251 
0.0000 0.6890 0.3110 0.0000 
0.2849 0.7151 0.0000 0.0000 
0.0000 0.0000 0.8176 0.1824 
0.0000 0.4360 0.5589 0.0051 
0.8772 0.0429 0.0153 0.0647 
0.3031 0.2791 0.1635 0.2544 
0.1584 0.1243 0.4724 0.2449 
0.1243 0.2231 0.0719 0.5807 

MOTIF filter10 
letter-probability matrix: alength= 4 w= 12 nsites= 12 
0.2493 0.2576 0.2540 0.2390 
0.3566 0.2192 0.2587 0.1654 
0.2500 0.2865 0.2725 0.1910 
0.0876 0.8006 0.0504 0.0615 
0.7841 0.0258 0.0781 0.1119 
0.0274 0.7219 0.0300 0.2207 
0.2257 0.0282 0.7230 0.0231 
0.0962 0.1184 0.0356 0.7498 
0.0671 0.0354 0.8078 0.0897 
0.2022 0.2753 0.2948 0.2277 
0.1942 0.2699 0.2014 0.3345 
0.2407 0.2536 0.2511 0.2546 

MOTIF filter11 
letter-probability matrix: alength= 4 w= 13 nsites= 13 
0.1866 0.1290 0.3989 0.2855 
0.1832 0.3808 0.2388 0.1971 
0.5928 0.1279 0.1728 0.1065 
0.3309 0.0385 0.6008 0.0297 
0.2182 0.2897 0.3092 0.1829 
0.2344 0.7620 0.0034 0.0003 
0.4222 0.0048 0.0014 0.5715 
0.0018 0.0002 0.4903 0.5078 
0.0240 0.7346 0.1682 0.0732 
0.1955 0.5998 0.0002 0.2045 
0.2406 0.0695 0.2732 0.4166 
0.2500 0.1453 0.4090 0.1957 
0.3094 0.3616 0.0803 0.2488 

MOTIF filter12 
letter-probability matrix: alength= 4 w= 12 nsites= 12 
0.2071 0.2646 0.2522 0.2760 
0.1354 0.2825 0.2146 0.3675 
0.2575 0.1868 0.2199 0.3359 
0.0112 0.5897 0.3231 0.0759 
0.1676 0.0018 0.6574 0.1732 
0.2889 0.1291 0.1125 0.4695 
0.8143 0.0820 0.1038 0.0000 
0.0730 0.8121 0.0783 0.0365 
0.0000 0.1781 0.7547 0.0673 
0.1943 0.3560 0.1643 0.2853 
0.2243 0.3956 0.1342 0.2459 
0.1433 0.3132 0.2884 0.2551 

MOTIF filter13 
letter-probability matrix: alength= 4 w= 13 nsites= 13 
0.2293 0.2838 0.2312 0.2558 
0.3328 0.1777 0.2838 0.2057 
0.0604 0.5110 0.1276 0.3009 
0.0000 0.0064 0.0000 0.9936 
0.0000 0.0280 0.1468 0.8252 
0.3314 0.6686 0.0000 0.0000 
0.0025 0.5832 0.0000 0.4143 
0.1021 0.0491 0.3770 0.4718 
0.1674 0.0137 0.7943 0.0245 
0.0015 0.0353 0.8463 0.1168 
0.4993 0.1949 0.0265 0.2793 
0.5739 0.1816 0.0344 0.2101 
0.3589 0.2293 0.2077 0.2042 

MOTIF filter14 
letter-probability matrix: alength= 4 w= 10 nsites= 10 
0.4377 0.0010 0.3067 0.2545 
0.4038 0.2959 0.3003 0.0000 
0.1261 0.4392 0.4199 0.0149 
0.0006 0.1222 0.4226 0.4546 
0.0001 0.0000 0.0000 0.9999 
0.3582 0.2051 0.2280 0.2088 
0.8405 0.1592 0.0000 0.0003 
0.3262 0.2360 0.1978 0.2400 
0.3188 0.2331 0.1916 0.2565 
0.2545 0.1997 0.2797 0.2660 

MOTIF filter15 
letter-probability matrix: alength= 4 w= 16 nsites= 16 
0.3649 0.3308 0.1192 0.1851 
0.3617 0.1357 0.1152 0.3874 
0.2593 0.2096 0.1417 0.3894 
0.3946 0.0108 0.0787 0.5159 
0.1132 0.1381 0.2678 0.4809 
0.0490 0.0883 0.0008 0.8619 
0.2401 0.5456 0.2075 0.0068 
0.6523 0.2963 0.0000 0.0514 
0.2108 0.0076 0.2577 0.5239 
0.0136 0.2569 0.3204 0.4091 
0.9647 0.0004 0.0325 0.0024 
0.3878 0.2039 0.1080 0.3003 
0.6110 0.0498 0.0020 0.3372 
0.4372 0.1096 0.0980 0.3553 
0.3894 0.0803 0.2196 0.3107 
0.1907 0.0947 0.4689 0.2457 

MOTIF filter16 
letter-probability matrix: alength= 4 w= 12 nsites= 12 
0.2278 0.2832 0.1692 0.3197 
0.2213 0.2235 0.2407 0.3144 
0.2820 0.0875 0.3238 0.3067 
0.5324 0.0000 0.2290 0.2386 
0.4898 0.0170 0.4932 0.0000 
0.6091 0.2771 0.0572 0.0566 
0.2573 0.1278 0.0001 0.6147 
0.0000 0.0294 0.0863 0.8843 
0.1780 0.2143 0.0000 0.6076 
0.2712 0.3590 0.3406 0.0292 
0.4487 0.3567 0.1738 0.0209 
0.3361 0.1810 0.1884 0.2944 

MOTIF filter17 
letter-probability matrix: alength= 4 w= 15 nsites= 15 
0.2672 0.2235 0.2642 0.2450 
0.2620 0.2502 0.2494 0.2383 
0.1658 0.2435 0.2021 0.3886 
0.1236 0.0570 0.1665 0.6528 
0.2457 0.0422 0.1406 0.5714 
0.1377 0.7084 0.1503 0.0037 
0.0289 0.5825 0.0407 0.3479 
0.2309 0.6380 0.0466 0.0844 
0.3856 0.0000 0.6136 0.0007 
0.0000 0.0000 0.9697 0.0303 
0.8697 0.1303 0.0000 0.0000 
1.0000 0.0000 0.0000 0.0000 
0.3509 0.0896 0.5070 0.0526 
0.1184 0.2383 0.1021 0.5411 
0.2354 0.1799 0.3501 0.2346 

MOTIF filter18 
letter-probability matrix: alength= 4 w= 10 nsites= 10 
0.1571 0.3038 0.3083 0.2308 
0.2076 0.2227 0.3005 0.2693 
0.1585 0.3937 0.3733 0.0746 
0.4250 0.0160 0.0000 0.5590 
0.1726 0.1452 0.6818 0.0005 
0.3059 0.3674 0.0454 0.2813 
0.1892 0.0193 0.7728 0.0187 
0.3614 0.3245 0.0022 0.3119 
0.3122 0.3442 0.0217 0.3218 
0.1683 0.3431 0.1937 0.2949 

MOTIF filter19 
letter-probability matrix: alength= 4 w= 10 nsites= 10 
0.1557 0.4257 0.3416 0.0770 
0.3220 0.3343 0.3372 0.0065 
0.4018 0.1813 0.3205 0.0963 
0.0479 0.0791 0.1985 0.6745 
0.0001 0.2110 0.7532 0.0357 
0.6197 0.0000 0.2804 0.0998 
0.0000 0.5819 0.0649 0.3532 
0.2281 0.2625 0.2388 0.2706 
0.2264 0.3147 0.2702 0.1887 
0.2353 0.2926 0.2133 0.2589 

MOTIF filter20 
letter-probability matrix: alength= 4 w= 14 nsites= 14 
0.1859 0.3001 0.2915 0.2225 
0.2328 0.3643 0.2170 0.1859 
0.1382 0.0866 0.3588 0.4163 
0.1375 0.7401 0.0288 0.0937 
0.4017 0.2757 0.0004 0.3222 
0.9819 0.0020 0.0161 0.0000 
0.4577 0.0177 0.1229 0.4017 
0.3982 0.0327 0.0224 0.5467 
0.0134 0.0224 0.0071 0.9571 
0.2859 0.0008 0.3383 0.3750 
0.0433 0.0500 0.7105 0.1961 
0.5542 0.2970 0.0650 0.0839 
0.1382 0.1729 0.5203 0.1686 
0.2580 0.3190 0.2808 0.1422 

MOTIF filter21 
letter-probability matrix: alength= 4 w= 14 nsites= 14 
0.2287 0.2659 0.2643 0.2411 
0.2620 0.2589 0.2395 0.2395 
0.4891 0.1434 0.3388 0.0287 
0.0000 0.0008 0.0008 0.9984 
0.0008 0.0016 0.0752 0.9225 
0.3054 0.0070 0.5775 0.1101 
0.0163 0.8411 0.0140 0.1287 
0.1264 0.0147 0.8457 0.0132 
0.1140 0.6395 0.0039 0.2426 
0.9171 0.0760 0.0008 0.0062 
0.9977 0.0000 0.0023 0.0000 
0.0318 0.3310 0.1612 0.4760 
0.2581 0.2519 0.2667 0.2233 
0.2465 0.2163 0.2690 0.2682 

MOTIF filter22 
letter-probability matrix: alength= 4 w= 14 nsites= 14 
0.2701 0.1970 0.2670 0.2660 
0.4266 0.0541 0.2393 0.2800 
0.1276 0.2265 0.1058 0.5401 
0.1024 0.0544 0.0610 0.7822 
0.0128 0.2069 0.0000 0.7803 
0.0280 0.8171 0.0753 0.0797 
0.3612 0.5072 0.0657 0.0660 
0.0212 0.0100 0.8255 0.1434 
0.0019 0.1422 0.8482 0.0078 
0.5218 0.0454 0.3376 0.0952 
0.6472 0.1661 0.0943 0.0924 
0.4325 0.1036 0.2069 0.2570 
0.3466 0.2063 0.1736 0.2735 
0.3080 0.2545 0.1493 0.2881 

MOTIF filter23 
letter-probability matrix: alength= 4 w= 11 nsites= 11 
0.3295 0.1821 0.3715 0.1168 
0.1968 0.2066 0.2347 0.3619 
0.3778 0.1748 0.1052 0.3422 
0.0831 0.0011 0.0535 0.8623 
0.0045 0.5728 0.0092 0.4135 
0.6400 0.0000 0.3300 0.0300 
0.8652 0.0247 0.0776 0.0325 
0.3545 0.0000 0.1823 0.4631 
0.3216 0.2352 0.1823 0.2609 
0.0929 0.3509 0.1618 0.3944 
0.1564 0.3141 0.1917 0.3378 

MOTIF filter24 
letter-probability matrix: alength= 4 w= 14 nsites= 14 
0.2571 0.2716 0.2410 0.2304 
0.2211 0.2677 0.2814 0.2298 
0.1279 0.2998 0.3313 0.2410 
0.0197 0.5743 0.1462 0.2598 
0.0366 0.6137 0.0576 0.2921 
0.0578 0.8151 0.0863 0.0408 
0.0402 0.7865 0.0928 0.0805 
0.1816 0.2155 0.3605 0.2424 
0.0172 0.7942 0.0565 0.1321 
0.0099 0.9135 0.0077 0.0689 
0.0412 0.6317 0.0064 0.3207 
0.1907 0.5095 0.0211 0.2787 
0.1391 0.4296 0.1449 0.2865 
0.2408 0.2718 0.2335 0.2540 

MOTIF filter25 
letter-probability matrix: alength= 4 w= 16 nsites= 16 
0.2436 0.2468 0.2575 0.2521 
0.1442 0.2190 0.3312 0.3056 
0.1998 0.4882 0.1207 0.1912 
0.0438 0.0417 0.0118 0.9028 
0.3269 0.0449 0.4808 0.1474 
0.4199 0.2788 0.0363 0.2650 
0.0908 0.7457 0.0000 0.1635 
0.1303 0.7479 0.0021 0.1197 
0.7810 0.0021 0.0032 0.2137 
0.0075 0.0000 0.0000 0.9925 
0.9947 0.0000 0.0053 0.0000 
0.0160 0.0000 0.2607 0.7233 
0.8750 0.1079 0.0053 0.0118 
0.1432 0.0545 0.0737 0.7286 
0.0502 0.0620 0.8397 0.0481 
0.0310 0.0299 0.9081 0.0310 

MOTIF filter26 
letter-probability matrix: alength= 4 w= 14 nsites= 14 
0.3253 0.2090 0.3260 0.1397 
0.3273 0.1740 0.3651 0.1336 
0.3413 0.1886 0.1812 0.2889 
0.0037 0.6234 0.0700 0.3029 
0.0313 0.2128 0.2403 0.5156 
0.2903 0.0547 0.6499 0.0051 
0.8865 0.0323 0.0700 0.0112 
0.0010 0.3827 0.0330 0.5833 
0.0088 0.6954 0.0520 0.2437 
0.7165 0.0129 0.2277 0.0428 
0.3987 0.1054 0.4946 0.0014 
0.1360 0.2342 0.0809 0.5489 
0.0894 0.5031 0.1312 0.2763 
0.3576 0.3270 0.1360 0.1795 

MOTIF filter27 
letter-probability matrix: alength= 4 w= 12 nsites= 12 
0.2296 0.2047 0.1399 0.4258 
0.0988 0.1462 0.4960 0.2590 
0.3544 0.3267 0.1708 0.1482 
0.0200 0.8784 0.0677 0.0340 
0.0217 0.8121 0.0997 0.0665 
0.5757 0.0520 0.1236 0.2487 
0.1419 0.0340 0.0371 0.7870 
0.7753 0.0605 0.0877 0.0765 
0.0463 0.0608 0.0822 0.8107 
0.8067 0.0531 0.0497 0.0905 
0.2790 0.0608 0.0226 0.6376 
0.0674 0.0665 0.8372 0.0288 

MOTIF filter28 
letter-probability matrix: alength= 4 w= 15 nsites= 15 
0.2476 0.2057 0.2948 0.2519 
0.3549 0.1860 0.3198 0.1393 
0.2176 0.1532 0.2819 0.3473 
0.0736 0.1511 0.1153 0.6601 
0.0406 0.0490 0.1172 0.7933 
0.1634 0.6404 0.0752 0.1211 
0.2266 0.6876 0.0447 0.0411 
0.1296 0.4905 0.3460 0.0339 
0.0342 0.2691 0.6894 0.0074 
0.0044 0.0663 0.8140 0.1153 
0.3330 0.0869 0.2659 0.3142 
0.6497 0.1662 0.1356 0.0485 
0.4971 0.1894 0.1409 0.1726 
0.2033 0.3380 0.3265 0.1322 
0.2313 0.2853 0.2733 0.2100 

MOTIF filter29 
letter-probability matrix: alength= 4 w= 11 nsites= 11 
0.3678 0.2546 0.3501 0.0275 
0.3065 0.2649 0.1631 0.2654 
0.2808 0.3399 0.3793 0.0000 
0.0012 0.3752 0.0001 0.6236 
0.4343 0.4197 0.0132 0.1328 
0.5700 0.0566 0.2998 0.0736 
0.3399 0.0071 0.3822 0.2708 
0.0000 0.4863 0.1445 0.3692 
0.3840 0.1678 0.1437 0.3045 
0.1351 0.2822 0.1494 0.4333 
0.2221 0.2317 0.1807 0.3654 

MOTIF filter30 
letter-probability matrix: alength= 4 w= 16 nsites= 16 
0.2649 0.2185 0.2901 0.2265 
0.2747 0.2611 0.2447 0.2195 
0.1072 0.0501 0.4591 0.3837 
0.0365 0.7136 0.0131 0.2368 
0.0000 0.0070 0.0075 0.9855 
0.8704 0.0978 0.0318 0.0000 
0.2564 0.2971 0.0393 0.4071 
0.1984 0.3762 0.2012 0.2241 
0.4319 0.1614 0.2171 0.1895 
0.2981 0.3355 0.2195 0.1469 
0.0000 0.0987 0.1240 0.7773 
0.8882 0.0636 0.0005 0.0477 
0.2415 0.0445 0.6771 0.0370 
0.2644 0.4104 0.0824 0.2429 
0.1891 0.3365 0.3028 0.1717 
0.2883 0.2948 0.1507 0.2663 

MOTIF filter31 
letter-probability matrix: alength= 4 w= 13 nsites= 13 
0.1234 0.2788 0.2993 0.2986 
0.3085 0.1919 0.3953 0.1043 
0.3366 0.0632 0.4669 0.1333 
0.0107 0.6740 0.0526 0.2628 
0.0000 0.7190 0.2650 0.0160 
0.9688 0.0000 0.0000 0.0312 
0.3602 0.0008 0.0015 0.6375 
0.0000 0.0000 0.0000 1.0000 
0.2193 0.3222 0.4577 0.0008 
0.7898 0.0137 0.1965 0.0000 
0.2308 0.2300 0.3244 0.2148 
0.1135 0.2986 0.3115 0.2765 
0.3229 0.2475 0.2536 0.1759 

