MEME version 4

ALPHABET= ACGT

Background letter frequencies:
A 0.2500 C 0.2500 G 0.2500 T 0.2500 

MOTIF filter0 
letter-probability matrix: alength= 4 w= 16 nsites= 16 
0.1727 0.4096 0.1847 0.2329 
0.1365 0.5181 0.1727 0.1727 
0.5582 0.1084 0.2289 0.1044 
0.0884 0.6787 0.1245 0.1084 
0.1124 0.0723 0.1124 0.7028 
0.0522 0.0884 0.0803 0.7791 
0.0000 0.9880 0.0120 0.0000 
0.0040 0.9960 0.0000 0.0000 
0.0000 0.0000 1.0000 0.0000 
0.0000 0.0281 0.9719 0.0000 
0.7671 0.0562 0.0884 0.0884 
0.8032 0.0522 0.0643 0.0803 
0.1245 0.1044 0.6667 0.1044 
0.0843 0.3092 0.0683 0.5382 
0.2088 0.1526 0.5582 0.0803 
0.2811 0.2490 0.3896 0.0803 

MOTIF filter1 
letter-probability matrix: alength= 4 w= 12 nsites= 12 
0.2828 0.2603 0.2266 0.2303 
0.4944 0.1461 0.2734 0.0861 
0.2172 0.3502 0.3801 0.0524 
0.0000 1.0000 0.0000 0.0000 
1.0000 0.0000 0.0000 0.0000 
0.0000 1.0000 0.0000 0.0000 
0.0000 0.0000 1.0000 0.0000 
0.0000 0.0000 0.0000 1.0000 
0.0000 0.0000 1.0000 0.0000 
0.0787 0.4251 0.3052 0.1910 
0.1067 0.1760 0.1723 0.5449 
0.2247 0.2397 0.2303 0.3052 

MOTIF filter2 
letter-probability matrix: alength= 4 w= 16 nsites= 16 
0.2421 0.2947 0.2246 0.2386 
0.2526 0.2316 0.2667 0.2491 
0.2491 0.2807 0.2140 0.2561 
0.5789 0.0000 0.0737 0.3474 
0.6807 0.0000 0.0175 0.3018 
0.4386 0.0000 0.0211 0.5404 
0.3018 0.1509 0.1333 0.4140 
0.0000 0.0000 0.0000 1.0000 
0.0000 0.0000 1.0000 0.0000 
0.0316 0.9684 0.0000 0.0000 
0.0000 0.0000 0.0000 1.0000 
0.0000 0.0000 1.0000 0.0000 
1.0000 0.0000 0.0000 0.0000 
0.0351 0.5193 0.3018 0.1439 
0.1965 0.0982 0.0561 0.6491 
0.1544 0.4140 0.1158 0.3158 

MOTIF filter3 
letter-probability matrix: alength= 4 w= 14 nsites= 14 
0.1078 0.2156 0.4126 0.2639 
0.0000 0.8216 0.0074 0.1710 
0.0000 0.9182 0.0000 0.0818 
0.0000 1.0000 0.0000 0.0000 
0.0000 1.0000 0.0000 0.0000 
0.1264 0.0000 0.6468 0.2268 
0.0000 1.0000 0.0000 0.0000 
0.0000 1.0000 0.0000 0.0000 
0.0000 0.8662 0.0000 0.1338 
0.0297 0.9182 0.0000 0.0520 
0.0074 0.7026 0.0297 0.2602 
0.2193 0.2862 0.2156 0.2788 
0.2491 0.2342 0.2602 0.2565 
0.2193 0.3086 0.2491 0.2230 

MOTIF filter4 
letter-probability matrix: alength= 4 w= 12 nsites= 12 
0.2474 0.2632 0.2191 0.2703 
0.2380 0.2845 0.2506 0.2270 
0.2640 0.2254 0.2325 0.2782 
0.4090 0.0000 0.0000 0.5910 
0.0000 0.0000 0.0000 1.0000 
0.0000 0.0000 0.0000 1.0000 
0.6864 0.0000 0.3136 0.0000 
1.0000 0.0000 0.0000 0.0000 
0.0000 0.0000 0.0000 1.0000 
0.2608 0.2530 0.2459 0.2403 
0.2443 0.2585 0.2640 0.2333 
0.2443 0.2419 0.2648 0.2490 

MOTIF filter5 
letter-probability matrix: alength= 4 w= 16 nsites= 16 
0.2543 0.2682 0.2357 0.2419 
0.2310 0.2915 0.2465 0.2310 
0.0837 0.0372 0.3721 0.5070 
0.0031 0.9938 0.0000 0.0031 
0.0000 0.0000 0.0000 1.0000 
1.0000 0.0000 0.0000 0.0000 
0.2946 0.0000 0.0016 0.7039 
0.5039 0.0016 0.0000 0.4946 
0.6078 0.0000 0.0000 0.3922 
0.7395 0.0000 0.0000 0.2605 
0.0000 0.0000 0.0000 1.0000 
1.0000 0.0000 0.0000 0.0000 
0.0558 0.0000 0.9442 0.0000 
0.4853 0.3736 0.0434 0.0977 
0.2884 0.2357 0.2543 0.2217 
0.2651 0.2651 0.2341 0.2357 

MOTIF filter6 
letter-probability matrix: alength= 4 w= 20 nsites= 20 
0.2147 0.2896 0.2637 0.2320 
0.2983 0.2277 0.2161 0.2579 
0.1311 0.0706 0.0360 0.7622 
0.0187 0.0778 0.6916 0.2118 
0.3905 0.4481 0.0461 0.1153 
0.0014 0.9986 0.0000 0.0000 
0.0000 0.9971 0.0014 0.0014 
0.8588 0.0000 0.0043 0.1369 
0.0115 0.0000 0.0000 0.9885 
1.0000 0.0000 0.0000 0.0000 
0.0000 0.0000 0.0000 1.0000 
0.9870 0.0000 0.0000 0.0130 
0.1383 0.0014 0.0000 0.8602 
0.0029 0.0014 0.9957 0.0000 
0.0000 0.0000 1.0000 0.0000 
0.0937 0.0533 0.4092 0.4438 
0.2075 0.6974 0.0720 0.0231 
0.7795 0.0144 0.0418 0.1643 
0.2421 0.2896 0.2305 0.2378 
0.1945 0.2795 0.2781 0.2478 

MOTIF filter7 
letter-probability matrix: alength= 4 w= 13 nsites= 13 
0.2578 0.2129 0.2637 0.2656 
0.2520 0.2461 0.2637 0.2383 
0.2207 0.2676 0.2500 0.2617 
0.5527 0.0996 0.3477 0.0000 
0.0000 0.0000 0.0000 1.0000 
0.0000 0.0000 0.0137 0.9863 
0.2676 0.0000 0.6875 0.0449 
0.0000 0.9746 0.0000 0.0254 
0.0293 0.0000 0.9707 0.0000 
0.0332 0.7793 0.0000 0.1875 
1.0000 0.0000 0.0000 0.0000 
1.0000 0.0000 0.0000 0.0000 
0.0000 0.3496 0.0664 0.5840 

MOTIF filter8 
letter-probability matrix: alength= 4 w= 16 nsites= 16 
0.4637 0.1855 0.1411 0.2097 
0.0685 0.3750 0.0806 0.4758 
0.0363 0.3226 0.3750 0.2661 
0.4355 0.1008 0.4637 0.0000 
0.6331 0.0040 0.3508 0.0121 
0.0000 1.0000 0.0000 0.0000 
0.0000 1.0000 0.0000 0.0000 
1.0000 0.0000 0.0000 0.0000 
1.0000 0.0000 0.0000 0.0000 
0.0000 0.0000 0.0000 1.0000 
0.0242 0.8548 0.1210 0.0000 
0.8508 0.0000 0.1492 0.0000 
0.0444 0.0605 0.8952 0.0000 
0.2419 0.2137 0.2258 0.3185 
0.2581 0.1855 0.2903 0.2661 
0.2339 0.3024 0.1976 0.2661 

MOTIF filter9 
letter-probability matrix: alength= 4 w= 14 nsites= 14 
0.1149 0.2155 0.4080 0.2615 
0.0000 0.8276 0.0201 0.1523 
0.0000 0.8534 0.0000 0.1466 
0.0000 1.0000 0.0000 0.0000 
0.0000 1.0000 0.0000 0.0000 
0.0517 0.0000 0.6552 0.2931 
0.0000 1.0000 0.0000 0.0000 
0.0000 1.0000 0.0000 0.0000 
0.0000 0.8362 0.0000 0.1638 
0.0603 0.8649 0.0000 0.0747 
0.0546 0.6034 0.0718 0.2701 
0.2759 0.2155 0.2902 0.2184 
0.2701 0.2328 0.2184 0.2787 
0.2213 0.3161 0.2328 0.2299 

MOTIF filter10 
letter-probability matrix: alength= 4 w= 14 nsites= 14 
0.0534 0.8244 0.0207 0.1015 
0.0000 0.0000 0.0000 1.0000 
1.0000 0.0000 0.0000 0.0000 
0.2840 0.0000 0.0000 0.7160 
0.5439 0.0000 0.0000 0.4561 
0.6420 0.0000 0.0000 0.3580 
0.8124 0.0000 0.0000 0.1876 
0.0000 0.0000 0.0000 1.0000 
1.0000 0.0000 0.0000 0.0000 
0.0688 0.0000 0.9260 0.0052 
0.5938 0.3408 0.0189 0.0465 
0.3184 0.2117 0.2220 0.2478 
0.1962 0.2978 0.2565 0.2496 
0.2496 0.2444 0.2823 0.2238 

MOTIF filter11 
letter-probability matrix: alength= 4 w= 12 nsites= 12 
0.2304 0.2483 0.2718 0.2494 
0.4340 0.1935 0.2707 0.1018 
0.2304 0.3210 0.3076 0.1409 
0.0000 1.0000 0.0000 0.0000 
0.9989 0.0000 0.0011 0.0000 
0.0000 0.9989 0.0000 0.0011 
0.0145 0.0000 0.9855 0.0000 
0.0000 0.0011 0.0000 0.9989 
0.0000 0.0000 1.0000 0.0000 
0.1711 0.2696 0.3199 0.2394 
0.1611 0.2405 0.1521 0.4463 
0.2405 0.2774 0.2629 0.2192 

MOTIF filter12 
letter-probability matrix: alength= 4 w= 16 nsites= 16 
0.4908 0.2055 0.1288 0.1748 
0.0521 0.3712 0.1104 0.4663 
0.0552 0.3497 0.3773 0.2178 
0.4448 0.0675 0.4877 0.0000 
0.5644 0.0031 0.3834 0.0491 
0.0000 1.0000 0.0000 0.0000 
0.0000 1.0000 0.0000 0.0000 
1.0000 0.0000 0.0000 0.0000 
1.0000 0.0000 0.0000 0.0000 
0.0000 0.0000 0.0000 1.0000 
0.0031 0.7699 0.2270 0.0000 
0.8436 0.0031 0.1534 0.0000 
0.0736 0.0521 0.8712 0.0031 
0.1902 0.3037 0.2546 0.2515 
0.2730 0.1994 0.2791 0.2485 
0.2454 0.2822 0.2209 0.2515 

MOTIF filter13 
letter-probability matrix: alength= 4 w= 16 nsites= 16 
0.2484 0.2527 0.2484 0.2505 
0.2374 0.2791 0.2264 0.2571 
0.0484 0.0132 0.3495 0.5890 
0.0000 0.9626 0.0000 0.0374 
0.0000 0.0000 0.0000 1.0000 
1.0000 0.0000 0.0000 0.0000 
0.0462 0.0000 0.0000 0.9538 
0.2374 0.0000 0.0000 0.7626 
0.3736 0.0000 0.0000 0.6264 
0.5846 0.0000 0.0000 0.4154 
0.0000 0.0000 0.0000 1.0000 
0.9978 0.0000 0.0022 0.0000 
0.0088 0.0000 0.9758 0.0154 
0.4308 0.4242 0.0374 0.1077 
0.2615 0.2374 0.3011 0.2000 
0.2967 0.2132 0.2308 0.2593 

MOTIF filter14 
letter-probability matrix: alength= 4 w= 15 nsites= 15 
0.2739 0.2269 0.2235 0.2756 
0.2387 0.2689 0.2168 0.2756 
0.1361 0.1630 0.1092 0.5916 
0.0000 0.0000 0.0000 1.0000 
0.0000 0.0000 0.0000 1.0000 
0.0101 0.9899 0.0000 0.0000 
0.0000 0.9025 0.0000 0.0975 
0.2336 0.2588 0.1798 0.3277 
0.2218 0.0000 0.7697 0.0084 
0.0000 0.0000 0.9782 0.0218 
1.0000 0.0000 0.0000 0.0000 
1.0000 0.0000 0.0000 0.0000 
0.5983 0.1109 0.1697 0.1210 
0.2487 0.2639 0.2622 0.2252 
0.2521 0.2454 0.2555 0.2471 

MOTIF filter15 
letter-probability matrix: alength= 4 w= 12 nsites= 12 
0.2542 0.2542 0.2203 0.2712 
0.2573 0.2481 0.2481 0.2465 
0.1063 0.2049 0.1541 0.5347 
0.0000 0.0000 0.0000 1.0000 
0.0000 0.0000 0.0000 1.0000 
0.0247 0.9753 0.0000 0.0000 
0.0062 0.7396 0.0000 0.2542 
0.2866 0.1510 0.3035 0.2589 
0.0940 0.0000 0.9060 0.0000 
0.0000 0.0000 0.9954 0.0046 
1.0000 0.0000 0.0000 0.0000 
1.0000 0.0000 0.0000 0.0000 

MOTIF filter16 
letter-probability matrix: alength= 4 w= 18 nsites= 18 
0.1491 0.5702 0.1579 0.1228 
0.0000 1.0000 0.0000 0.0000 
1.0000 0.0000 0.0000 0.0000 
0.9825 0.0000 0.0000 0.0175 
0.0088 0.0175 0.0000 0.9737 
0.0175 0.7018 0.2807 0.0000 
0.9386 0.0000 0.0439 0.0175 
0.0526 0.0965 0.8509 0.0000 
0.1842 0.3246 0.3596 0.1316 
0.4211 0.2368 0.2456 0.0965 
0.1930 0.2281 0.2632 0.3158 
0.3158 0.2018 0.1579 0.3246 
0.3596 0.1754 0.3333 0.1316 
0.4211 0.1579 0.1491 0.2719 
0.7719 0.0702 0.1228 0.0351 
0.0614 0.3596 0.2193 0.3596 
0.2018 0.2719 0.2895 0.2368 
0.1316 0.1930 0.2719 0.4035 

MOTIF filter17 
letter-probability matrix: alength= 4 w= 14 nsites= 14 
0.2516 0.2309 0.2594 0.2581 
0.1997 0.2088 0.3800 0.2114 
0.4721 0.2218 0.3061 0.0000 
0.0000 0.0000 0.0000 1.0000 
0.0000 0.0000 0.9987 0.0013 
1.0000 0.0000 0.0000 0.0000 
0.0000 0.4643 0.5344 0.0013 
0.0000 0.0000 0.0000 1.0000 
0.0000 1.0000 0.0000 0.0000 
1.0000 0.0000 0.0000 0.0000 
0.0000 0.4163 0.1427 0.4410 
0.2244 0.4060 0.0895 0.2802 
0.2516 0.2062 0.2918 0.2503 
0.2698 0.2387 0.2477 0.2438 

MOTIF filter18 
letter-probability matrix: alength= 4 w= 15 nsites= 15 
0.2924 0.5409 0.0439 0.1228 
0.2310 0.1871 0.0702 0.5117 
0.2836 0.1520 0.3187 0.2456 
0.6228 0.0526 0.1111 0.2135 
0.1696 0.3158 0.4854 0.0292 
0.0000 0.0000 0.0000 1.0000 
0.0058 0.9942 0.0000 0.0000 
1.0000 0.0000 0.0000 0.0000 
0.0000 0.0000 0.9708 0.0292 
0.0000 1.0000 0.0000 0.0000 
0.9942 0.0000 0.0000 0.0058 
0.4327 0.1696 0.1257 0.2719 
0.4094 0.0468 0.0029 0.5409 
0.3947 0.0673 0.0000 0.5380 
0.3158 0.1199 0.0175 0.5468 

MOTIF filter19 
letter-probability matrix: alength= 4 w= 16 nsites= 16 
0.2335 0.2390 0.2473 0.2802 
0.2198 0.2885 0.2720 0.2198 
0.2692 0.2555 0.1978 0.2775 
0.1456 0.6621 0.1291 0.0632 
1.0000 0.0000 0.0000 0.0000 
0.9835 0.0000 0.0165 0.0000 
0.4231 0.0742 0.4808 0.0220 
1.0000 0.0000 0.0000 0.0000 
0.0000 0.0000 0.0000 1.0000 
0.0000 0.0000 1.0000 0.0000 
0.0000 0.0000 1.0000 0.0000 
0.0549 0.8626 0.0000 0.0824 
0.1154 0.1951 0.4203 0.2692 
0.0824 0.0852 0.7637 0.0687 
0.1264 0.7665 0.0247 0.0824 
0.2692 0.2418 0.2088 0.2802 

MOTIF filter20 
letter-probability matrix: alength= 4 w= 17 nsites= 17 
0.2158 0.2339 0.2649 0.2855 
0.2145 0.2855 0.2778 0.2222 
0.2817 0.2442 0.2364 0.2377 
0.1628 0.0685 0.0323 0.7364 
0.0284 0.0762 0.6693 0.2261 
0.4238 0.3837 0.0801 0.1124 
0.0000 0.9961 0.0039 0.0000 
0.0000 0.9974 0.0000 0.0026 
0.8359 0.0000 0.0013 0.1628 
0.0026 0.0000 0.0000 0.9974 
0.9987 0.0000 0.0013 0.0000 
0.0000 0.0000 0.0000 1.0000 
0.9987 0.0000 0.0000 0.0013 
0.1473 0.0000 0.0000 0.8527 
0.0013 0.0039 0.9948 0.0000 
0.0000 0.0000 0.9987 0.0013 
0.1008 0.0672 0.3863 0.4457 

MOTIF filter21 
letter-probability matrix: alength= 4 w= 16 nsites= 16 
0.2691 0.2477 0.2171 0.2661 
0.2446 0.2813 0.2630 0.2110 
0.2385 0.2508 0.2477 0.2630 
0.1162 0.0122 0.7003 0.1713 
0.0795 0.7187 0.1162 0.0856 
0.2905 0.3364 0.2599 0.1131 
0.0428 0.0000 0.8685 0.0887 
0.0000 1.0000 0.0000 0.0000 
0.0000 1.0000 0.0000 0.0000 
1.0000 0.0000 0.0000 0.0000 
0.0000 0.0000 0.0000 1.0000 
0.0061 0.4587 0.1407 0.3945 
0.0000 0.0122 0.0000 0.9878 
0.0000 0.0061 0.0000 0.9939 
0.0795 0.0826 0.7156 0.1223 
0.2783 0.2232 0.2477 0.2508 

MOTIF filter22 
letter-probability matrix: alength= 4 w= 15 nsites= 15 
0.2308 0.2692 0.2448 0.2552 
0.2203 0.2552 0.2622 0.2622 
0.2273 0.2028 0.3217 0.2483 
0.2762 0.0524 0.6189 0.0524 
0.0874 0.0000 0.8671 0.0455 
0.1678 0.0000 0.8322 0.0000 
0.0000 0.0000 1.0000 0.0000 
0.0000 0.0000 1.0000 0.0000 
0.2517 0.5874 0.0000 0.1608 
0.0000 0.0000 1.0000 0.0000 
0.0000 0.0000 1.0000 0.0000 
0.1713 0.0000 0.8287 0.0000 
0.1608 0.0140 0.8252 0.0000 
0.1958 0.6643 0.1224 0.0175 
0.3147 0.2203 0.2797 0.1853 

MOTIF filter23 
letter-probability matrix: alength= 4 w= 15 nsites= 15 
0.2667 0.3111 0.2074 0.2148 
0.2593 0.3296 0.2000 0.2111 
0.2593 0.2296 0.2296 0.2815 
0.0000 0.9111 0.0407 0.0481 
0.0000 0.1741 0.0000 0.8259 
0.0000 0.2370 0.7593 0.0037 
1.0000 0.0000 0.0000 0.0000 
0.0000 0.0000 0.0000 1.0000 
0.0000 0.0000 0.0000 1.0000 
0.0000 0.0000 1.0000 0.0000 
0.0000 0.0000 1.0000 0.0000 
0.0222 0.4148 0.0148 0.5481 
0.0185 0.4593 0.1222 0.4000 
0.1519 0.4815 0.3370 0.0296 
0.5222 0.1000 0.3259 0.0519 

MOTIF filter24 
letter-probability matrix: alength= 4 w= 15 nsites= 15 
0.2224 0.2656 0.2452 0.2668 
0.2376 0.2567 0.2503 0.2554 
0.2643 0.2478 0.2440 0.2440 
0.5032 0.1131 0.3723 0.0114 
0.0000 0.0000 0.0000 1.0000 
0.0000 0.0000 0.0305 0.9695 
0.2757 0.0000 0.6582 0.0661 
0.0000 0.9390 0.0000 0.0610 
0.0673 0.0038 0.9288 0.0000 
0.0699 0.6607 0.0000 0.2694 
0.9670 0.0330 0.0000 0.0000 
1.0000 0.0000 0.0000 0.0000 
0.0114 0.3596 0.1398 0.4892 
0.2732 0.2579 0.2719 0.1970 
0.2402 0.2147 0.2592 0.2859 

MOTIF filter25 
letter-probability matrix: alength= 4 w= 14 nsites= 14 
0.2533 0.2556 0.2367 0.2544 
0.2521 0.2485 0.2568 0.2426 
0.2485 0.1337 0.4130 0.2047 
0.4497 0.1243 0.4249 0.0012 
0.0000 0.0000 0.0000 1.0000 
0.0000 0.0000 1.0000 0.0000 
1.0000 0.0000 0.0000 0.0000 
0.0047 0.4994 0.4959 0.0000 
0.0000 0.0000 0.0000 1.0000 
0.0000 1.0000 0.0000 0.0000 
1.0000 0.0000 0.0000 0.0000 
0.0000 0.3041 0.2533 0.4426 
0.2237 0.3574 0.2142 0.2047 
0.2402 0.2095 0.2864 0.2639 

MOTIF filter26 
letter-probability matrix: alength= 4 w= 12 nsites= 12 
0.2073 0.2714 0.2607 0.2607 
0.5171 0.1432 0.1923 0.1474 
0.2201 0.2842 0.3932 0.1026 
0.0000 1.0000 0.0000 0.0000 
1.0000 0.0000 0.0000 0.0000 
0.0000 1.0000 0.0000 0.0000 
0.0000 0.0000 1.0000 0.0000 
0.0000 0.0000 0.0000 1.0000 
0.0000 0.0000 1.0000 0.0000 
0.0299 0.2842 0.4530 0.2329 
0.0940 0.2543 0.0940 0.5577 
0.2329 0.2051 0.2585 0.3034 

MOTIF filter27 
letter-probability matrix: alength= 4 w= 20 nsites= 20 
0.2302 0.2432 0.2561 0.2705 
0.1914 0.2820 0.2820 0.2446 
0.2763 0.2604 0.2115 0.2518 
0.1353 0.0705 0.0360 0.7583 
0.0230 0.0734 0.7094 0.1942 
0.4288 0.3942 0.0590 0.1180 
0.0000 1.0000 0.0000 0.0000 
0.0000 0.9957 0.0000 0.0043 
0.8417 0.0000 0.0029 0.1554 
0.0173 0.0000 0.0000 0.9827 
1.0000 0.0000 0.0000 0.0000 
0.0000 0.0014 0.0014 0.9971 
0.9942 0.0000 0.0000 0.0058 
0.1108 0.0029 0.0000 0.8863 
0.0000 0.0029 0.9971 0.0000 
0.0000 0.0000 1.0000 0.0000 
0.0906 0.0719 0.4187 0.4187 
0.2058 0.7065 0.0691 0.0187 
0.7784 0.0158 0.0446 0.1612 
0.2317 0.2892 0.2144 0.2647 

MOTIF filter28 
letter-probability matrix: alength= 4 w= 13 nsites= 13 
0.2410 0.2085 0.2638 0.2866 
0.2638 0.2280 0.2476 0.2606 
0.2117 0.2866 0.2671 0.2345 
0.2573 0.0358 0.6417 0.0651 
0.1238 0.0000 0.8111 0.0651 
0.1401 0.0000 0.8599 0.0000 
0.0000 0.0000 1.0000 0.0000 
0.0000 0.0000 1.0000 0.0000 
0.3192 0.5765 0.0000 0.1042 
0.0000 0.0000 1.0000 0.0000 
0.0000 0.0000 1.0000 0.0000 
0.0977 0.0000 0.8990 0.0033 
0.1596 0.0065 0.8339 0.0000 

MOTIF filter29 
letter-probability matrix: alength= 4 w= 15 nsites= 15 
0.2630 0.2768 0.2422 0.2180 
0.2249 0.2249 0.2803 0.2699 
0.0000 0.8858 0.0554 0.0588 
0.0000 0.1696 0.0000 0.8304 
0.0000 0.1972 0.7751 0.0277 
1.0000 0.0000 0.0000 0.0000 
0.0000 0.0000 0.0000 1.0000 
0.0000 0.0000 0.0000 1.0000 
0.0000 0.0000 1.0000 0.0000 
0.0000 0.0000 1.0000 0.0000 
0.0554 0.3945 0.0000 0.5502 
0.0000 0.4118 0.1349 0.4533 
0.2145 0.4256 0.2976 0.0623 
0.4948 0.1488 0.3149 0.0415 
0.1765 0.1488 0.2561 0.4187 

MOTIF filter30 
letter-probability matrix: alength= 4 w= 17 nsites= 17 
0.5871 0.0644 0.0871 0.2614 
0.5265 0.0000 0.0076 0.4659 
0.2765 0.1591 0.1591 0.4053 
0.0038 0.0000 0.0000 0.9962 
0.0000 0.0000 1.0000 0.0000 
0.0227 0.9773 0.0000 0.0000 
0.0000 0.0000 0.0000 1.0000 
0.0000 0.0000 0.9811 0.0189 
1.0000 0.0000 0.0000 0.0000 
0.0189 0.5341 0.3068 0.1402 
0.1629 0.1023 0.0379 0.6970 
0.2045 0.3523 0.0909 0.3523 
0.5871 0.0076 0.1856 0.2197 
0.1250 0.0038 0.6364 0.2348 
0.2803 0.2538 0.2652 0.2008 
0.2727 0.1894 0.2765 0.2614 
0.1932 0.2311 0.2803 0.2955 

MOTIF filter31 
letter-probability matrix: alength= 4 w= 12 nsites= 12 
0.2517 0.2681 0.2401 0.2401 
0.2786 0.2249 0.2238 0.2727 
0.2692 0.2517 0.2343 0.2448 
1.0000 0.0000 0.0000 0.0000 
0.0000 0.0000 0.0000 1.0000 
0.0000 0.4382 0.0000 0.5618 
1.0000 0.0000 0.0000 0.0000 
1.0000 0.0000 0.0000 0.0000 
0.9697 0.0000 0.0000 0.0303 
0.2622 0.2308 0.2238 0.2832 
0.2459 0.2366 0.2436 0.2739 
0.2191 0.2716 0.2587 0.2506 

