MEME version 4

ALPHABET= ACGT

Background letter frequencies:
A 0.2500 C 0.2500 G 0.2500 T 0.2500 

MOTIF filter0 
letter-probability matrix: alength= 4 w= 18 nsites= 18 
0.2866 0.5463 0.0418 0.1254 
0.2388 0.1821 0.0746 0.5045 
0.2806 0.1582 0.3224 0.2388 
0.6418 0.0507 0.1015 0.2060 
0.1761 0.3134 0.4776 0.0328 
0.0000 0.0000 0.0000 1.0000 
0.0090 0.9910 0.0000 0.0000 
1.0000 0.0000 0.0000 0.0000 
0.0000 0.0000 0.9761 0.0239 
0.0000 1.0000 0.0000 0.0000 
0.9940 0.0000 0.0000 0.0060 
0.4358 0.1761 0.1224 0.2657 
0.4179 0.0478 0.0030 0.5313 
0.3910 0.0687 0.0000 0.5403 
0.2985 0.1164 0.0179 0.5672 
0.2746 0.2209 0.2567 0.2478 
0.2746 0.2687 0.2239 0.2328 
0.2090 0.3075 0.2328 0.2507 

MOTIF filter1 
letter-probability matrix: alength= 4 w= 15 nsites= 15 
0.2256 0.2820 0.2476 0.2448 
0.1045 0.0385 0.3728 0.4842 
0.0055 0.9422 0.0000 0.0523 
0.0000 0.0000 0.0000 1.0000 
1.0000 0.0000 0.0000 0.0000 
0.2724 0.0000 0.0000 0.7276 
0.4718 0.0000 0.0000 0.5282 
0.5708 0.0000 0.0000 0.4292 
0.7166 0.0000 0.0000 0.2834 
0.0000 0.0000 0.0000 1.0000 
1.0000 0.0000 0.0000 0.0000 
0.0495 0.0000 0.9422 0.0083 
0.4869 0.3494 0.0454 0.1183 
0.2902 0.2242 0.2503 0.2352 
0.2572 0.2655 0.2352 0.2421 

MOTIF filter2 
letter-probability matrix: alength= 4 w= 20 nsites= 20 
0.1667 0.6667 0.1667 0.0000 
1.0000 0.0000 0.0000 0.0000 
0.3333 0.0000 0.0000 0.6667 
0.6667 0.0000 0.3333 0.0000 
0.0000 0.0000 0.1667 0.8333 
0.1667 0.5000 0.3333 0.0000 
0.1667 0.0000 0.0000 0.8333 
0.0000 0.1667 0.8333 0.0000 
0.1667 0.8333 0.0000 0.0000 
0.0000 0.6667 0.3333 0.0000 
0.5000 0.0000 0.0000 0.5000 
0.1667 0.0000 0.3333 0.5000 
0.1667 0.3333 0.1667 0.3333 
0.5000 0.5000 0.0000 0.0000 
0.0000 0.3333 0.1667 0.5000 
0.0000 0.5000 0.0000 0.5000 
0.0000 1.0000 0.0000 0.0000 
0.0000 0.0000 1.0000 0.0000 
0.3333 0.6667 0.0000 0.0000 
0.0000 0.0000 0.0000 1.0000 

MOTIF filter3 
letter-probability matrix: alength= 4 w= 17 nsites= 17 
0.2388 0.2164 0.2612 0.2836 
0.2201 0.3022 0.2649 0.2127 
0.2799 0.2164 0.2127 0.2910 
0.1567 0.6679 0.1343 0.0410 
1.0000 0.0000 0.0000 0.0000 
0.9851 0.0000 0.0149 0.0000 
0.4478 0.0560 0.4851 0.0112 
1.0000 0.0000 0.0000 0.0000 
0.0000 0.0000 0.0000 1.0000 
0.0000 0.0000 1.0000 0.0000 
0.0000 0.0000 1.0000 0.0000 
0.0336 0.9515 0.0000 0.0149 
0.1045 0.1791 0.4627 0.2537 
0.0821 0.0597 0.7985 0.0597 
0.0821 0.8321 0.0112 0.0746 
0.2537 0.2425 0.2127 0.2910 
0.2052 0.2612 0.3097 0.2239 

MOTIF filter4 
letter-probability matrix: alength= 4 w= 16 nsites= 16 
0.2387 0.3066 0.2058 0.2490 
0.3045 0.2551 0.2222 0.2181 
0.2490 0.2654 0.2346 0.2510 
0.6029 0.0247 0.3724 0.0000 
0.0000 0.0000 0.0000 1.0000 
0.0000 0.0000 0.0021 0.9979 
0.1687 0.0000 0.8025 0.0288 
0.0000 0.9115 0.0062 0.0823 
0.0329 0.0000 0.9671 0.0000 
0.0576 0.6111 0.0000 0.3313 
0.9918 0.0082 0.0000 0.0000 
1.0000 0.0000 0.0000 0.0000 
0.0185 0.2881 0.1111 0.5823 
0.2716 0.2469 0.2819 0.1996 
0.2263 0.1831 0.2510 0.3395 
0.2346 0.2449 0.2510 0.2695 

MOTIF filter5 
letter-probability matrix: alength= 4 w= 15 nsites= 15 
0.3217 0.2332 0.2708 0.1743 
0.2708 0.3083 0.2198 0.2011 
0.0670 0.1877 0.5067 0.2386 
0.0000 0.8204 0.0134 0.1662 
0.0000 0.8445 0.0000 0.1555 
0.0000 1.0000 0.0000 0.0000 
0.0000 1.0000 0.0000 0.0000 
0.1072 0.0000 0.6113 0.2815 
0.0000 1.0000 0.0000 0.0000 
0.0000 1.0000 0.0000 0.0000 
0.0000 0.8097 0.0000 0.1903 
0.0643 0.8499 0.0000 0.0858 
0.0429 0.6381 0.0536 0.2654 
0.2547 0.2520 0.2413 0.2520 
0.2895 0.2413 0.2145 0.2547 

MOTIF filter6 
letter-probability matrix: alength= 4 w= 14 nsites= 14 
0.2445 0.2607 0.2445 0.2503 
0.2468 0.2353 0.2676 0.2503 
0.2422 0.1396 0.3991 0.2191 
0.4314 0.1557 0.4118 0.0012 
0.0000 0.0000 0.0000 1.0000 
0.0000 0.0000 1.0000 0.0000 
1.0000 0.0000 0.0000 0.0000 
0.0012 0.4960 0.5029 0.0000 
0.0000 0.0000 0.0000 1.0000 
0.0012 0.9988 0.0000 0.0000 
1.0000 0.0000 0.0000 0.0000 
0.0012 0.3241 0.2422 0.4325 
0.2272 0.3495 0.2030 0.2203 
0.2457 0.2122 0.2849 0.2572 

MOTIF filter7 
letter-probability matrix: alength= 4 w= 20 nsites= 20 
0.2903 0.1290 0.2581 0.3226 
0.0323 0.0000 0.2581 0.7097 
0.4194 0.5161 0.0323 0.0323 
0.0000 0.9032 0.0323 0.0645 
0.2258 0.0323 0.6774 0.0645 
0.0000 0.0645 0.0968 0.8387 
0.0000 0.6129 0.2903 0.0968 
0.0968 0.0323 0.5806 0.2903 
0.0323 0.0000 0.6774 0.2903 
0.0000 0.7419 0.1935 0.0645 
0.3548 0.0645 0.0645 0.5161 
0.9032 0.0323 0.0645 0.0000 
0.0323 0.0000 0.7097 0.2581 
0.1613 0.6129 0.0323 0.1935 
0.2903 0.2903 0.1935 0.2258 
0.0323 0.0968 0.0645 0.8065 
0.0323 0.3871 0.2258 0.3548 
0.1613 0.0968 0.4839 0.2581 
0.2258 0.1935 0.3871 0.1935 
0.0000 0.2903 0.0000 0.7097 

MOTIF filter8 
letter-probability matrix: alength= 4 w= 20 nsites= 20 
0.1406 0.3750 0.2969 0.1875 
0.3281 0.1406 0.4844 0.0469 
0.2031 0.0156 0.1562 0.6250 
0.4531 0.1562 0.3281 0.0625 
0.0000 0.0000 0.6406 0.3594 
0.7500 0.0469 0.1406 0.0625 
0.1719 0.4219 0.0469 0.3594 
0.0156 0.0781 0.6250 0.2812 
0.2188 0.0000 0.6562 0.1250 
0.1250 0.0000 0.0000 0.8750 
0.0469 0.6875 0.1875 0.0781 
0.2812 0.5781 0.0469 0.0938 
0.2969 0.2812 0.3438 0.0781 
0.0000 0.0312 0.7812 0.1875 
0.0000 0.7656 0.1719 0.0625 
0.0000 0.0156 0.0312 0.9531 
0.0156 0.5469 0.1719 0.2656 
0.4531 0.4375 0.0938 0.0156 
0.3594 0.0000 0.5000 0.1406 
0.4219 0.2031 0.2656 0.1094 

MOTIF filter9 
letter-probability matrix: alength= 4 w= 15 nsites= 15 
0.2750 0.3100 0.2025 0.2125 
0.2625 0.2675 0.2375 0.2325 
0.2450 0.2425 0.2500 0.2625 
0.0025 0.8075 0.1025 0.0875 
0.0000 0.1900 0.0000 0.8100 
0.0000 0.2525 0.7275 0.0200 
1.0000 0.0000 0.0000 0.0000 
0.0000 0.0000 0.0000 1.0000 
0.0000 0.0000 0.0000 1.0000 
0.0000 0.0000 1.0000 0.0000 
0.0000 0.0000 1.0000 0.0000 
0.0475 0.3950 0.0075 0.5500 
0.0125 0.4325 0.1425 0.4125 
0.1875 0.4150 0.3150 0.0825 
0.4675 0.1425 0.3200 0.0700 

MOTIF filter10 
letter-probability matrix: alength= 4 w= 16 nsites= 16 
0.4447 0.2211 0.1542 0.1799 
0.0746 0.3573 0.1131 0.4550 
0.0643 0.3188 0.3753 0.2416 
0.4319 0.1183 0.4499 0.0000 
0.5733 0.0051 0.3702 0.0514 
0.0000 1.0000 0.0000 0.0000 
0.0000 1.0000 0.0000 0.0000 
1.0000 0.0000 0.0000 0.0000 
1.0000 0.0000 0.0000 0.0000 
0.0000 0.0000 0.0000 1.0000 
0.0206 0.7841 0.1954 0.0000 
0.8252 0.0026 0.1722 0.0000 
0.0746 0.0720 0.8483 0.0051 
0.2082 0.2776 0.2288 0.2853 
0.2699 0.1954 0.2725 0.2622 
0.2339 0.2828 0.2159 0.2674 

MOTIF filter11 
letter-probability matrix: alength= 4 w= 9 nsites= 9 
0.2304 0.2622 0.2622 0.2453 
0.3793 0.2145 0.2582 0.1480 
0.2274 0.2999 0.3098 0.1629 
0.0000 1.0000 0.0000 0.0000 
1.0000 0.0000 0.0000 0.0000 
0.0000 1.0000 0.0000 0.0000 
0.0000 0.0000 1.0000 0.0000 
0.0000 0.0000 0.0000 1.0000 
0.0000 0.0000 1.0000 0.0000 

MOTIF filter12 
letter-probability matrix: alength= 4 w= 20 nsites= 20 
0.2500 0.2500 0.2500 0.2500 
0.2500 0.2500 0.2500 0.2500 
0.2500 0.2500 0.2500 0.2500 
0.2500 0.2500 0.2500 0.2500 
0.2500 0.2500 0.2500 0.2500 
0.2500 0.2500 0.2500 0.2500 
0.2500 0.2500 0.2500 0.2500 
0.2500 0.2500 0.2500 0.2500 
0.2500 0.2500 0.2500 0.2500 
0.2500 0.2500 0.2500 0.2500 
0.2500 0.2500 0.2500 0.2500 
0.2500 0.2500 0.2500 0.2500 
0.2500 0.2500 0.2500 0.2500 
0.2500 0.2500 0.2500 0.2500 
0.2500 0.2500 0.2500 0.2500 
0.2500 0.2500 0.2500 0.2500 
0.2500 0.2500 0.2500 0.2500 
0.2500 0.2500 0.2500 0.2500 
0.2500 0.2500 0.2500 0.2500 
0.2500 0.2500 0.2500 0.2500 

MOTIF filter13 
letter-probability matrix: alength= 4 w= 20 nsites= 20 
0.2256 0.2436 0.2603 0.2705 
0.2167 0.2705 0.2821 0.2308 
0.2872 0.2359 0.2321 0.2449 
0.1551 0.0692 0.0256 0.7500 
0.0269 0.0782 0.6731 0.2218 
0.4218 0.3949 0.0718 0.1115 
0.0000 1.0000 0.0000 0.0000 
0.0000 0.9974 0.0013 0.0013 
0.8269 0.0000 0.0051 0.1679 
0.0192 0.0000 0.0013 0.9795 
0.9962 0.0026 0.0013 0.0000 
0.0000 0.0013 0.0013 0.9974 
0.9872 0.0000 0.0000 0.0128 
0.1256 0.0051 0.0013 0.8679 
0.0013 0.0038 0.9949 0.0000 
0.0013 0.0013 0.9962 0.0013 
0.0897 0.0718 0.3974 0.4410 
0.2179 0.6821 0.0782 0.0218 
0.7462 0.0231 0.0474 0.1833 
0.2308 0.2769 0.2436 0.2487 

MOTIF filter14 
letter-probability matrix: alength= 4 w= 20 nsites= 20 
0.2144 0.2958 0.2613 0.2285 
0.2989 0.2347 0.2285 0.2379 
0.1158 0.0657 0.0407 0.7778 
0.0125 0.0673 0.7308 0.1894 
0.3834 0.4429 0.0469 0.1268 
0.0000 1.0000 0.0000 0.0000 
0.0000 0.9922 0.0016 0.0063 
0.9061 0.0000 0.0031 0.0908 
0.0219 0.0000 0.0000 0.9781 
1.0000 0.0000 0.0000 0.0000 
0.0000 0.0016 0.0016 0.9969 
0.9937 0.0000 0.0000 0.0063 
0.1721 0.0031 0.0000 0.8247 
0.0016 0.0016 0.9969 0.0000 
0.0000 0.0000 1.0000 0.0000 
0.0970 0.0297 0.4476 0.4257 
0.1768 0.7214 0.0751 0.0266 
0.7715 0.0172 0.0501 0.1612 
0.2582 0.2958 0.2222 0.2238 
0.2050 0.2629 0.2926 0.2394 

MOTIF filter15 
letter-probability matrix: alength= 4 w= 14 nsites= 14 
0.2687 0.2299 0.2604 0.2410 
0.2438 0.2770 0.2244 0.2548 
0.5069 0.0222 0.1302 0.3407 
0.6260 0.0111 0.0388 0.3241 
0.4654 0.0000 0.0166 0.5180 
0.3019 0.1634 0.1468 0.3878 
0.0055 0.0000 0.0000 0.9945 
0.0000 0.0000 1.0000 0.0000 
0.0305 0.9695 0.0000 0.0000 
0.0000 0.0000 0.0000 1.0000 
0.0000 0.0000 0.9945 0.0055 
1.0000 0.0000 0.0000 0.0000 
0.0332 0.5097 0.3130 0.1440 
0.1911 0.1274 0.0443 0.6371 

MOTIF filter16 
letter-probability matrix: alength= 4 w= 16 nsites= 16 
0.2084 0.2402 0.2590 0.2923 
0.2272 0.2562 0.2533 0.2634 
0.2489 0.2605 0.2547 0.2359 
0.4877 0.1259 0.3835 0.0029 
0.0000 0.0000 0.0000 1.0000 
0.0000 0.0000 0.0203 0.9797 
0.2996 0.0000 0.6397 0.0608 
0.0000 0.9768 0.0000 0.0232 
0.0478 0.0014 0.9436 0.0072 
0.0550 0.7033 0.0000 0.2417 
0.9522 0.0478 0.0000 0.0000 
1.0000 0.0000 0.0000 0.0000 
0.0029 0.3734 0.1577 0.4660 
0.2923 0.2605 0.2590 0.1881 
0.2547 0.1983 0.2547 0.2923 
0.2808 0.2171 0.2677 0.2344 

MOTIF filter17 
letter-probability matrix: alength= 4 w= 15 nsites= 15 
0.2222 0.2407 0.2870 0.2500 
0.2315 0.2662 0.2245 0.2778 
0.5116 0.1319 0.3264 0.0301 
0.0000 0.0000 0.0000 1.0000 
0.0000 0.0000 0.0208 0.9792 
0.3519 0.0000 0.6042 0.0440 
0.0000 0.9769 0.0000 0.0231 
0.0556 0.0000 0.9444 0.0000 
0.0093 0.9329 0.0000 0.0579 
1.0000 0.0000 0.0000 0.0000 
1.0000 0.0000 0.0000 0.0000 
0.0000 0.3634 0.0347 0.6019 
0.2407 0.2870 0.2801 0.1921 
0.2083 0.2500 0.3056 0.2361 
0.2593 0.2546 0.2824 0.2037 

MOTIF filter18 
letter-probability matrix: alength= 4 w= 17 nsites= 17 
0.2471 0.2586 0.2701 0.2241 
0.2500 0.2529 0.2586 0.2385 
0.2328 0.2672 0.2759 0.2241 
0.0431 0.0144 0.3649 0.5776 
0.0000 0.8879 0.0000 0.1121 
0.0000 0.0000 0.0000 1.0000 
1.0000 0.0000 0.0000 0.0000 
0.0000 0.0000 0.0086 0.9914 
0.0057 0.0000 0.0000 0.9943 
0.1034 0.0000 0.0000 0.8966 
0.4080 0.0029 0.0000 0.5891 
0.0029 0.0000 0.0000 0.9971 
0.9914 0.0000 0.0086 0.0000 
0.0086 0.0000 0.9425 0.0489 
0.3908 0.4109 0.0460 0.1523 
0.2931 0.2529 0.2989 0.1552 
0.2701 0.2615 0.2270 0.2414 

MOTIF filter19 
letter-probability matrix: alength= 4 w= 14 nsites= 14 
0.2507 0.2049 0.2695 0.2749 
0.2345 0.2776 0.2426 0.2453 
0.0000 0.8760 0.1240 0.0000 
0.0270 0.9730 0.0000 0.0000 
0.0000 0.0000 1.0000 0.0000 
0.0000 0.0000 1.0000 0.0000 
1.0000 0.0000 0.0000 0.0000 
1.0000 0.0000 0.0000 0.0000 
0.0458 0.0054 0.9488 0.0000 
0.0323 0.3019 0.0189 0.6469 
0.1779 0.0970 0.6658 0.0593 
0.2642 0.2588 0.4501 0.0270 
0.2129 0.3612 0.2534 0.1725 
0.2156 0.2965 0.2534 0.2345 

MOTIF filter20 
letter-probability matrix: alength= 4 w= 14 nsites= 14 
0.1779 0.2291 0.3208 0.2722 
0.0270 0.4771 0.2237 0.2722 
0.0809 0.6253 0.1294 0.1644 
0.6927 0.0054 0.2695 0.0323 
0.0000 0.9569 0.0000 0.0431 
0.0000 0.0000 0.0000 1.0000 
0.0000 0.0000 0.0000 1.0000 
0.0000 1.0000 0.0000 0.0000 
0.0000 1.0000 0.0000 0.0000 
0.0000 0.0000 0.9811 0.0189 
0.0000 0.1482 0.8410 0.0108 
0.2668 0.2022 0.2426 0.2884 
0.2561 0.2372 0.2399 0.2668 
0.2722 0.2237 0.2318 0.2722 

MOTIF filter21 
letter-probability matrix: alength= 4 w= 14 nsites= 14 
0.2661 0.2595 0.2116 0.2628 
0.1339 0.1868 0.1058 0.5736 
0.0000 0.0000 0.0000 1.0000 
0.0000 0.0000 0.0000 1.0000 
0.0017 0.9983 0.0000 0.0000 
0.0000 0.8843 0.0000 0.1157 
0.2380 0.2496 0.2066 0.3058 
0.2050 0.0000 0.7950 0.0000 
0.0000 0.0000 0.9917 0.0083 
1.0000 0.0000 0.0000 0.0000 
1.0000 0.0000 0.0000 0.0000 
0.5554 0.1190 0.1983 0.1273 
0.2364 0.2810 0.2562 0.2264 
0.2595 0.2496 0.2562 0.2347 

MOTIF filter22 
letter-probability matrix: alength= 4 w= 16 nsites= 16 
0.2385 0.2917 0.2257 0.2440 
0.2624 0.2844 0.2349 0.2183 
0.1046 0.0606 0.3468 0.4881 
0.0275 0.9523 0.0000 0.0202 
0.0000 0.0018 0.0000 0.9982 
1.0000 0.0000 0.0000 0.0000 
0.3890 0.0000 0.0018 0.6092 
0.6532 0.0018 0.0000 0.3450 
0.7798 0.0000 0.0000 0.2202 
0.8991 0.0000 0.0000 0.1009 
0.0000 0.0000 0.0000 1.0000 
1.0000 0.0000 0.0000 0.0000 
0.0807 0.0000 0.9193 0.0000 
0.5229 0.3853 0.0239 0.0679 
0.2624 0.2275 0.2606 0.2495 
0.2569 0.2587 0.2624 0.2220 

MOTIF filter23 
letter-probability matrix: alength= 4 w= 16 nsites= 16 
0.0042 0.9846 0.0084 0.0028 
0.0000 1.0000 0.0000 0.0000 
0.8254 0.0014 0.0000 0.1732 
0.0042 0.0000 0.0000 0.9958 
1.0000 0.0000 0.0000 0.0000 
0.0000 0.0000 0.0000 1.0000 
0.9972 0.0000 0.0000 0.0028 
0.1215 0.0014 0.0000 0.8771 
0.0000 0.0028 0.9972 0.0000 
0.0000 0.0000 1.0000 0.0000 
0.1006 0.0587 0.4036 0.4372 
0.2444 0.6634 0.0754 0.0168 
0.7626 0.0070 0.0559 0.1746 
0.2095 0.2807 0.2472 0.2626 
0.2053 0.2765 0.2430 0.2751 
0.2486 0.2332 0.2849 0.2332 

MOTIF filter24 
letter-probability matrix: alength= 4 w= 13 nsites= 13 
0.2333 0.1830 0.3780 0.2057 
0.4569 0.2093 0.3325 0.0012 
0.0000 0.0000 0.0000 1.0000 
0.0000 0.0000 0.9976 0.0024 
1.0000 0.0000 0.0000 0.0000 
0.0000 0.4856 0.5144 0.0000 
0.0000 0.0000 0.0000 1.0000 
0.0000 1.0000 0.0000 0.0000 
1.0000 0.0000 0.0000 0.0000 
0.0000 0.3888 0.1555 0.4557 
0.2237 0.3864 0.1340 0.2560 
0.2404 0.2225 0.2835 0.2536 
0.2703 0.2428 0.2548 0.2321 

MOTIF filter25 
letter-probability matrix: alength= 4 w= 13 nsites= 13 
0.2696 0.2412 0.2127 0.2764 
0.2425 0.2642 0.2412 0.2520 
0.1274 0.2046 0.1463 0.5217 
0.0000 0.0014 0.0000 0.9986 
0.0000 0.0000 0.0041 0.9959 
0.0447 0.9553 0.0000 0.0000 
0.0054 0.7683 0.0000 0.2263 
0.2696 0.1911 0.2724 0.2669 
0.1599 0.0000 0.8401 0.0000 
0.0000 0.0000 0.9878 0.0122 
1.0000 0.0000 0.0000 0.0000 
1.0000 0.0000 0.0000 0.0000 
0.5583 0.0949 0.1938 0.1531 

MOTIF filter26 
letter-probability matrix: alength= 4 w= 12 nsites= 12 
0.2579 0.2688 0.2385 0.2349 
0.2748 0.2337 0.2264 0.2651 
0.2639 0.2542 0.2373 0.2446 
1.0000 0.0000 0.0000 0.0000 
0.0000 0.0000 0.0000 1.0000 
0.0000 0.4492 0.0000 0.5508 
1.0000 0.0000 0.0000 0.0000 
1.0000 0.0000 0.0000 0.0000 
0.9964 0.0000 0.0000 0.0036 
0.2676 0.2288 0.2228 0.2809 
0.2470 0.2409 0.2446 0.2676 
0.2264 0.2785 0.2591 0.2361 

MOTIF filter27 
letter-probability matrix: alength= 4 w= 17 nsites= 17 
0.2270 0.2914 0.2822 0.1994 
0.2730 0.2791 0.2055 0.2423 
0.1411 0.7270 0.0706 0.0613 
0.9969 0.0000 0.0031 0.0000 
0.9877 0.0000 0.0123 0.0000 
0.4110 0.0706 0.4969 0.0215 
1.0000 0.0000 0.0000 0.0000 
0.0000 0.0000 0.0000 1.0000 
0.0000 0.0000 1.0000 0.0000 
0.0000 0.0000 1.0000 0.0000 
0.0613 0.8374 0.0000 0.1012 
0.0951 0.1994 0.4294 0.2761 
0.0675 0.0920 0.7761 0.0644 
0.1472 0.7515 0.0184 0.0828 
0.2791 0.2086 0.2147 0.2975 
0.2515 0.2362 0.2883 0.2239 
0.2577 0.2331 0.2853 0.2239 

MOTIF filter28 
letter-probability matrix: alength= 4 w= 11 nsites= 11 
0.2422 0.2654 0.2205 0.2719 
0.2430 0.2791 0.2430 0.2350 
0.2245 0.2374 0.2486 0.2895 
0.4948 0.0000 0.0000 0.5052 
0.0000 0.0000 0.0000 1.0000 
0.0000 0.0000 0.0000 1.0000 
0.6977 0.0000 0.3023 0.0000 
1.0000 0.0000 0.0000 0.0000 
0.0000 0.0000 0.0000 1.0000 
0.2719 0.2502 0.2518 0.2261 
0.2269 0.2542 0.2654 0.2534 

MOTIF filter29 
letter-probability matrix: alength= 4 w= 18 nsites= 18 
0.2791 0.2423 0.2239 0.2546 
0.2546 0.2791 0.2607 0.2055 
0.2423 0.2423 0.2515 0.2638 
0.1166 0.0184 0.7025 0.1626 
0.0736 0.7270 0.1135 0.0859 
0.2945 0.3466 0.2577 0.1012 
0.0429 0.0000 0.8620 0.0951 
0.0000 1.0000 0.0000 0.0000 
0.0000 1.0000 0.0000 0.0000 
1.0000 0.0000 0.0000 0.0000 
0.0000 0.0000 0.0000 1.0000 
0.0061 0.4571 0.1411 0.3957 
0.0000 0.0123 0.0000 0.9877 
0.0000 0.0123 0.0000 0.9877 
0.0767 0.0798 0.7178 0.1258 
0.2822 0.2209 0.2485 0.2485 
0.1963 0.2730 0.2669 0.2638 
0.2239 0.3006 0.2393 0.2362 

MOTIF filter30 
letter-probability matrix: alength= 4 w= 14 nsites= 14 
0.2350 0.2292 0.2923 0.2436 
0.2493 0.0487 0.6332 0.0688 
0.1175 0.0000 0.8281 0.0544 
0.1547 0.0000 0.8453 0.0000 
0.0000 0.0000 1.0000 0.0000 
0.0000 0.0000 1.0000 0.0000 
0.2951 0.5702 0.0000 0.1347 
0.0000 0.0000 1.0000 0.0000 
0.0000 0.0000 1.0000 0.0000 
0.1605 0.0000 0.8395 0.0000 
0.1891 0.0201 0.7908 0.0000 
0.1719 0.5845 0.1662 0.0774 
0.2779 0.2034 0.2751 0.2436 
0.2464 0.2980 0.2034 0.2521 

MOTIF filter31 
letter-probability matrix: alength= 4 w= 16 nsites= 16 
0.2269 0.2321 0.2634 0.2777 
0.2060 0.2894 0.2738 0.2308 
0.2816 0.2386 0.2282 0.2516 
0.1525 0.0691 0.0313 0.7471 
0.0274 0.0756 0.6832 0.2138 
0.4394 0.3859 0.0730 0.1017 
0.0000 0.9974 0.0026 0.0000 
0.0000 0.9948 0.0000 0.0052 
0.8292 0.0000 0.0052 0.1656 
0.0039 0.0000 0.0000 0.9961 
1.0000 0.0000 0.0000 0.0000 
0.0000 0.0000 0.0000 1.0000 
1.0000 0.0000 0.0000 0.0000 
0.1473 0.0000 0.0000 0.8527 
0.0013 0.0039 0.9948 0.0000 
0.0000 0.0000 0.9987 0.0013 

