MEME version 4

ALPHABET= ACGT

Background letter frequencies:
A 0.2500 C 0.2500 G 0.2500 T 0.2500 

MOTIF filter0 
letter-probability matrix: alength= 4 w= 13 nsites= 13 
0.2042 0.2237 0.3582 0.2139 
0.5138 0.2220 0.2642 0.0000 
0.0000 0.0000 0.0000 1.0000 
0.0000 0.0000 0.9968 0.0032 
1.0000 0.0000 0.0000 0.0000 
0.0000 0.4425 0.5559 0.0016 
0.0000 0.0000 0.0000 1.0000 
0.0000 1.0000 0.0000 0.0000 
1.0000 0.0000 0.0000 0.0000 
0.0016 0.4878 0.0535 0.4571 
0.2366 0.4117 0.0535 0.2982 
0.2399 0.2220 0.2934 0.2447 
0.2690 0.2269 0.2658 0.2382 

MOTIF filter1 
letter-probability matrix: alength= 4 w= 19 nsites= 19 
0.2325 0.2404 0.2483 0.2787 
0.2021 0.2748 0.2840 0.2391 
0.2880 0.2378 0.2166 0.2576 
0.1598 0.0727 0.0410 0.7266 
0.0251 0.0845 0.6724 0.2180 
0.4188 0.4069 0.0594 0.1149 
0.0000 1.0000 0.0000 0.0000 
0.0000 0.9908 0.0026 0.0066 
0.8375 0.0000 0.0040 0.1585 
0.0092 0.0000 0.0000 0.9908 
1.0000 0.0000 0.0000 0.0000 
0.0000 0.0000 0.0000 1.0000 
1.0000 0.0000 0.0000 0.0000 
0.1334 0.0013 0.0000 0.8653 
0.0000 0.0013 0.9987 0.0000 
0.0000 0.0000 1.0000 0.0000 
0.1070 0.0621 0.4122 0.4188 
0.2219 0.6724 0.0872 0.0185 
0.7596 0.0251 0.0621 0.1532 

MOTIF filter2 
letter-probability matrix: alength= 4 w= 16 nsites= 16 
0.2443 0.2443 0.2472 0.2642 
0.2330 0.2557 0.2443 0.2670 
0.2216 0.2443 0.2841 0.2500 
0.2500 0.0455 0.6392 0.0653 
0.1165 0.0000 0.8153 0.0682 
0.1676 0.0000 0.8324 0.0000 
0.0000 0.0000 1.0000 0.0000 
0.0000 0.0000 1.0000 0.0000 
0.3040 0.5625 0.0000 0.1335 
0.0000 0.0000 1.0000 0.0000 
0.0000 0.0000 1.0000 0.0000 
0.1477 0.0000 0.8523 0.0000 
0.2074 0.0142 0.7784 0.0000 
0.1733 0.5795 0.1648 0.0824 
0.2784 0.1989 0.2812 0.2415 
0.2443 0.2983 0.2159 0.2415 

MOTIF filter3 
letter-probability matrix: alength= 4 w= 14 nsites= 14 
0.2222 0.2593 0.2469 0.2716 
0.2455 0.2593 0.2565 0.2387 
0.2359 0.2606 0.2428 0.2606 
0.5158 0.1180 0.3635 0.0027 
0.0000 0.0000 0.0000 1.0000 
0.0000 0.0000 0.0192 0.9808 
0.2949 0.0000 0.6392 0.0658 
0.0000 0.9383 0.0000 0.0617 
0.0672 0.0000 0.9328 0.0000 
0.0686 0.6982 0.0000 0.2332 
0.9822 0.0178 0.0000 0.0000 
1.0000 0.0000 0.0000 0.0000 
0.0041 0.3525 0.1221 0.5213 
0.2812 0.2442 0.2702 0.2044 

MOTIF filter4 
letter-probability matrix: alength= 4 w= 17 nsites= 17 
0.2794 0.2500 0.2324 0.2382 
0.2382 0.3000 0.2559 0.2059 
0.2294 0.2412 0.2412 0.2882 
0.1265 0.0294 0.6559 0.1882 
0.0824 0.6765 0.1353 0.1059 
0.2941 0.3471 0.2382 0.1206 
0.0559 0.0000 0.8529 0.0912 
0.0000 1.0000 0.0000 0.0000 
0.0000 1.0000 0.0000 0.0000 
1.0000 0.0000 0.0000 0.0000 
0.0000 0.0000 0.0000 1.0000 
0.0147 0.4706 0.1500 0.3647 
0.0000 0.0088 0.0000 0.9912 
0.0000 0.0000 0.0000 1.0000 
0.0647 0.0765 0.7353 0.1235 
0.2882 0.2206 0.2441 0.2471 
0.2147 0.2824 0.2529 0.2500 

MOTIF filter5 
letter-probability matrix: alength= 4 w= 20 nsites= 20 
0.2963 0.3333 0.1481 0.2222 
0.0741 0.1481 0.4444 0.3333 
0.0741 0.6296 0.0000 0.2963 
0.0741 0.5556 0.3333 0.0370 
0.2222 0.0000 0.2963 0.4815 
0.1111 0.5556 0.0000 0.3333 
0.2593 0.2593 0.0000 0.4815 
0.5185 0.0000 0.4815 0.0000 
0.2963 0.0000 0.6296 0.0741 
0.2963 0.0370 0.0000 0.6667 
0.5926 0.0370 0.0741 0.2963 
0.0000 0.1852 0.7778 0.0370 
0.0000 0.0000 1.0000 0.0000 
0.2593 0.4815 0.2593 0.0000 
0.1481 0.0000 0.0000 0.8519 
0.0370 0.5556 0.3704 0.0370 
0.0370 0.8889 0.0741 0.0000 
0.0000 0.2593 0.1111 0.6296 
0.3333 0.1481 0.4815 0.0370 
0.2963 0.0741 0.0370 0.5926 

MOTIF filter6 
letter-probability matrix: alength= 4 w= 13 nsites= 13 
0.2412 0.2637 0.2283 0.2669 
0.2797 0.1897 0.2476 0.2830 
0.2090 0.2701 0.2701 0.2508 
0.0000 0.8650 0.1350 0.0000 
0.0289 0.9711 0.0000 0.0000 
0.0000 0.0000 1.0000 0.0000 
0.0000 0.0000 1.0000 0.0000 
1.0000 0.0000 0.0000 0.0000 
1.0000 0.0000 0.0000 0.0000 
0.0289 0.0225 0.9486 0.0000 
0.0000 0.2862 0.0096 0.7042 
0.1222 0.0965 0.7203 0.0611 
0.2637 0.2572 0.4598 0.0193 

MOTIF filter7 
letter-probability matrix: alength= 4 w= 13 nsites= 13 
0.2780 0.2377 0.2138 0.2706 
0.2556 0.2586 0.2407 0.2451 
0.1106 0.2093 0.1480 0.5321 
0.0000 0.0015 0.0000 0.9985 
0.0000 0.0000 0.0075 0.9925 
0.0419 0.9581 0.0000 0.0000 
0.0090 0.7519 0.0000 0.2392 
0.3004 0.1555 0.3064 0.2377 
0.0987 0.0000 0.9013 0.0000 
0.0000 0.0000 0.9895 0.0105 
1.0000 0.0000 0.0000 0.0000 
1.0000 0.0000 0.0000 0.0000 
0.5770 0.0762 0.1883 0.1584 

MOTIF filter8 
letter-probability matrix: alength= 4 w= 15 nsites= 15 
0.2021 0.2578 0.2509 0.2892 
0.1220 0.2160 0.3589 0.3031 
0.0244 0.5087 0.2056 0.2613 
0.0697 0.6411 0.1429 0.1463 
0.7352 0.0000 0.2509 0.0139 
0.0000 0.9791 0.0000 0.0209 
0.0000 0.0000 0.0000 1.0000 
0.0000 0.0000 0.0000 1.0000 
0.0000 1.0000 0.0000 0.0000 
0.0000 1.0000 0.0000 0.0000 
0.0000 0.0000 0.9965 0.0035 
0.0000 0.1220 0.8641 0.0139 
0.2718 0.1916 0.2160 0.3206 
0.2195 0.2404 0.2683 0.2718 
0.2265 0.2404 0.2544 0.2787 

MOTIF filter9 
letter-probability matrix: alength= 4 w= 16 nsites= 16 
0.3040 0.2387 0.2588 0.1985 
0.2739 0.3040 0.2211 0.2010 
0.0653 0.1910 0.5075 0.2362 
0.0000 0.8090 0.0226 0.1683 
0.0025 0.8241 0.0000 0.1734 
0.0000 1.0000 0.0000 0.0000 
0.0000 1.0000 0.0000 0.0000 
0.0955 0.0000 0.6030 0.3015 
0.0000 1.0000 0.0000 0.0000 
0.0000 1.0000 0.0000 0.0000 
0.0000 0.7889 0.0000 0.2111 
0.0653 0.8342 0.0000 0.1005 
0.0402 0.6432 0.0503 0.2663 
0.2538 0.2437 0.2487 0.2538 
0.2864 0.2387 0.2286 0.2462 
0.2337 0.2940 0.2387 0.2337 

MOTIF filter10 
letter-probability matrix: alength= 4 w= 20 nsites= 20 
0.2857 0.2857 0.2857 0.1429 
0.7857 0.1429 0.0000 0.0714 
0.1429 0.5714 0.1429 0.1429 
0.8571 0.0000 0.0714 0.0714 
0.2143 0.5000 0.0714 0.2143 
0.0714 0.0000 0.8571 0.0714 
0.7857 0.1429 0.0714 0.0000 
0.0000 0.0000 0.0714 0.9286 
0.3571 0.0714 0.5714 0.0000 
0.1429 0.5714 0.2143 0.0714 
0.0714 0.6429 0.2857 0.0000 
0.0000 0.2857 0.6429 0.0714 
0.0000 0.2143 0.7143 0.0714 
0.2143 0.4286 0.0000 0.3571 
0.9286 0.0000 0.0000 0.0714 
0.2857 0.0000 0.5714 0.1429 
0.0714 0.1429 0.7143 0.0714 
0.0714 0.0000 0.1429 0.7857 
0.0000 0.7143 0.0714 0.2143 
0.0000 0.0000 0.9286 0.0714 

MOTIF filter11 
letter-probability matrix: alength= 4 w= 20 nsites= 20 
0.4000 0.2000 0.2000 0.2000 
0.0000 0.3000 0.7000 0.0000 
0.2000 0.8000 0.0000 0.0000 
0.0000 0.1000 0.6000 0.3000 
0.0000 0.0000 0.1000 0.9000 
0.3000 0.2000 0.0000 0.5000 
0.5000 0.1000 0.4000 0.0000 
0.5000 0.3000 0.2000 0.0000 
0.1000 0.1000 0.5000 0.3000 
0.4000 0.0000 0.1000 0.5000 
0.0000 0.0000 0.5000 0.5000 
0.0000 0.0000 0.5000 0.5000 
0.7000 0.1000 0.2000 0.0000 
0.3000 0.0000 0.7000 0.0000 
0.0000 0.0000 0.0000 1.0000 
0.0000 0.1000 0.0000 0.9000 
0.1000 0.0000 0.0000 0.9000 
0.1000 0.6000 0.3000 0.0000 
0.0000 0.7000 0.3000 0.0000 
0.1000 0.2000 0.0000 0.7000 

MOTIF filter12 
letter-probability matrix: alength= 4 w= 13 nsites= 13 
0.2896 0.2398 0.2262 0.2443 
0.2896 0.2670 0.2398 0.2036 
0.2172 0.2760 0.2896 0.2172 
0.0860 0.0000 0.7647 0.1493 
0.0724 0.8778 0.0181 0.0317 
0.2579 0.3439 0.3122 0.0860 
0.0407 0.0000 0.9276 0.0317 
0.0000 1.0000 0.0000 0.0000 
0.0000 1.0000 0.0000 0.0000 
1.0000 0.0000 0.0000 0.0000 
0.0000 0.0000 0.0000 1.0000 
0.0000 0.4615 0.1041 0.4344 
0.0000 0.0090 0.0000 0.9910 

MOTIF filter13 
letter-probability matrix: alength= 4 w= 12 nsites= 12 
0.4620 0.0660 0.3440 0.1280 
0.0000 1.0000 0.0000 0.0000 
0.0000 1.0000 0.0000 0.0000 
1.0000 0.0000 0.0000 0.0000 
1.0000 0.0000 0.0000 0.0000 
0.0000 0.0000 0.0000 1.0000 
0.0320 0.7340 0.2340 0.0000 
0.8160 0.0000 0.1840 0.0000 
0.0620 0.1060 0.8280 0.0040 
0.2380 0.2580 0.2420 0.2620 
0.2580 0.2140 0.2620 0.2660 
0.2340 0.2660 0.2380 0.2620 

MOTIF filter14 
letter-probability matrix: alength= 4 w= 15 nsites= 15 
0.3018 0.5396 0.0396 0.1189 
0.2378 0.1829 0.0732 0.5061 
0.2896 0.1463 0.3140 0.2500 
0.6341 0.0518 0.1006 0.2134 
0.1738 0.3171 0.4787 0.0305 
0.0000 0.0000 0.0000 1.0000 
0.0061 0.9939 0.0000 0.0000 
1.0000 0.0000 0.0000 0.0000 
0.0000 0.0000 0.9878 0.0122 
0.0000 1.0000 0.0000 0.0000 
0.9939 0.0000 0.0000 0.0061 
0.4451 0.1677 0.1220 0.2652 
0.4177 0.0427 0.0030 0.5366 
0.3841 0.0671 0.0030 0.5457 
0.2988 0.1159 0.0183 0.5671 

MOTIF filter15 
letter-probability matrix: alength= 4 w= 20 nsites= 20 
0.2173 0.2834 0.2713 0.2281 
0.2807 0.2510 0.2186 0.2497 
0.1350 0.0661 0.0256 0.7733 
0.0202 0.0567 0.7099 0.2132 
0.4062 0.4035 0.0823 0.1080 
0.0000 1.0000 0.0000 0.0000 
0.0000 0.9946 0.0000 0.0054 
0.8340 0.0000 0.0013 0.1646 
0.0094 0.0000 0.0000 0.9906 
1.0000 0.0000 0.0000 0.0000 
0.0000 0.0000 0.0013 0.9987 
0.9892 0.0000 0.0000 0.0108 
0.1350 0.0027 0.0000 0.8623 
0.0027 0.0027 0.9946 0.0000 
0.0000 0.0013 0.9946 0.0040 
0.1039 0.0729 0.3765 0.4467 
0.2173 0.6653 0.0891 0.0283 
0.7611 0.0175 0.0688 0.1525 
0.2240 0.2969 0.2362 0.2429 
0.1984 0.2632 0.2740 0.2645 

MOTIF filter16 
letter-probability matrix: alength= 4 w= 14 nsites= 14 
0.2671 0.2755 0.2304 0.2270 
0.2805 0.2387 0.2771 0.2037 
0.2821 0.0885 0.4124 0.2170 
0.4124 0.0250 0.5609 0.0017 
0.0000 0.0000 0.0000 1.0000 
0.0000 0.0000 1.0000 0.0000 
1.0000 0.0000 0.0000 0.0000 
0.0033 0.5109 0.4858 0.0000 
0.0000 0.0000 0.0000 1.0000 
0.0000 1.0000 0.0000 0.0000 
1.0000 0.0000 0.0000 0.0000 
0.0000 0.2888 0.2220 0.4891 
0.2521 0.3105 0.2571 0.1803 
0.2020 0.2154 0.3172 0.2654 

MOTIF filter17 
letter-probability matrix: alength= 4 w= 15 nsites= 15 
0.2646 0.2386 0.2175 0.2792 
0.2419 0.2581 0.2192 0.2808 
0.1412 0.1737 0.1120 0.5731 
0.0000 0.0000 0.0000 1.0000 
0.0000 0.0000 0.0000 1.0000 
0.0049 0.9951 0.0000 0.0000 
0.0000 0.9091 0.0000 0.0909 
0.2208 0.2549 0.1867 0.3377 
0.2256 0.0000 0.7662 0.0081 
0.0000 0.0000 0.9805 0.0195 
1.0000 0.0000 0.0000 0.0000 
1.0000 0.0000 0.0000 0.0000 
0.5601 0.1234 0.1948 0.1218 
0.2468 0.2630 0.2597 0.2305 
0.2484 0.2435 0.2581 0.2500 

MOTIF filter18 
letter-probability matrix: alength= 4 w= 14 nsites= 14 
0.5697 0.0653 0.0890 0.2760 
0.4570 0.0000 0.0237 0.5193 
0.2789 0.1454 0.1602 0.4154 
0.0000 0.0000 0.0000 1.0000 
0.0000 0.0000 1.0000 0.0000 
0.0267 0.9733 0.0000 0.0000 
0.0000 0.0000 0.0000 1.0000 
0.0000 0.0000 0.9881 0.0119 
1.0000 0.0000 0.0000 0.0000 
0.0208 0.5341 0.3027 0.1424 
0.1929 0.1009 0.0415 0.6647 
0.1958 0.3947 0.1039 0.3056 
0.5282 0.0445 0.1840 0.2433 
0.1662 0.0267 0.5371 0.2700 

MOTIF filter19 
letter-probability matrix: alength= 4 w= 17 nsites= 17 
0.2368 0.2368 0.2515 0.2749 
0.2251 0.2895 0.2719 0.2135 
0.2807 0.2515 0.1988 0.2690 
0.1462 0.6754 0.1199 0.0585 
1.0000 0.0000 0.0000 0.0000 
0.9854 0.0000 0.0146 0.0000 
0.4298 0.0731 0.4766 0.0205 
1.0000 0.0000 0.0000 0.0000 
0.0000 0.0000 0.0000 1.0000 
0.0000 0.0000 1.0000 0.0000 
0.0000 0.0000 1.0000 0.0000 
0.0526 0.8684 0.0000 0.0789 
0.1111 0.1930 0.4269 0.2690 
0.0760 0.0789 0.7749 0.0702 
0.1140 0.7865 0.0146 0.0848 
0.2719 0.2398 0.2047 0.2836 
0.2368 0.2339 0.3012 0.2281 

MOTIF filter20 
letter-probability matrix: alength= 4 w= 12 nsites= 12 
0.2368 0.2564 0.2577 0.2491 
0.4724 0.1656 0.2810 0.0810 
0.2233 0.3436 0.3436 0.0896 
0.0000 1.0000 0.0000 0.0000 
1.0000 0.0000 0.0000 0.0000 
0.0000 1.0000 0.0000 0.0000 
0.0037 0.0000 0.9963 0.0000 
0.0000 0.0025 0.0000 0.9975 
0.0000 0.0000 1.0000 0.0000 
0.1325 0.3202 0.3117 0.2356 
0.1521 0.2172 0.1595 0.4712 
0.2429 0.2724 0.2491 0.2356 

MOTIF filter21 
letter-probability matrix: alength= 4 w= 19 nsites= 19 
0.2042 0.2462 0.2671 0.2825 
0.1916 0.3021 0.2783 0.2280 
0.2895 0.2462 0.2350 0.2294 
0.1385 0.0699 0.0392 0.7524 
0.0238 0.0713 0.7021 0.2028 
0.4210 0.4070 0.0517 0.1203 
0.0000 0.9972 0.0028 0.0000 
0.0000 1.0000 0.0000 0.0000 
0.8559 0.0000 0.0042 0.1399 
0.0154 0.0000 0.0014 0.9832 
1.0000 0.0000 0.0000 0.0000 
0.0000 0.0000 0.0014 0.9986 
0.9958 0.0000 0.0000 0.0042 
0.1357 0.0028 0.0000 0.8615 
0.0000 0.0042 0.9958 0.0000 
0.0000 0.0000 1.0000 0.0000 
0.0783 0.0517 0.4140 0.4559 
0.2070 0.6825 0.0811 0.0294 
0.7678 0.0196 0.0420 0.1706 

MOTIF filter22 
letter-probability matrix: alength= 4 w= 17 nsites= 17 
0.2402 0.2740 0.2509 0.2349 
0.2456 0.2562 0.2456 0.2527 
0.2206 0.2954 0.2473 0.2367 
0.0712 0.0160 0.3932 0.5196 
0.0000 0.8986 0.0000 0.1014 
0.0000 0.0000 0.0000 1.0000 
1.0000 0.0000 0.0000 0.0000 
0.1157 0.0000 0.0036 0.8808 
0.3078 0.0000 0.0000 0.6922 
0.4057 0.0000 0.0000 0.5943 
0.6068 0.0018 0.0000 0.3915 
0.0000 0.0000 0.0000 1.0000 
1.0000 0.0000 0.0000 0.0000 
0.0089 0.0000 0.9751 0.0160 
0.5018 0.3772 0.0338 0.0872 
0.3238 0.2171 0.2705 0.1886 
0.2598 0.2633 0.2028 0.2740 

MOTIF filter23 
letter-probability matrix: alength= 4 w= 17 nsites= 17 
0.2749 0.2814 0.2154 0.2283 
0.2492 0.2717 0.2395 0.2395 
0.0997 0.0482 0.3232 0.5289 
0.0177 0.9743 0.0000 0.0080 
0.0000 0.0016 0.0000 0.9984 
1.0000 0.0000 0.0000 0.0000 
0.2942 0.0000 0.0016 0.7042 
0.5161 0.0000 0.0000 0.4839 
0.6334 0.0000 0.0000 0.3666 
0.7621 0.0000 0.0000 0.2379 
0.0000 0.0000 0.0000 1.0000 
1.0000 0.0000 0.0000 0.0000 
0.0723 0.0000 0.9277 0.0000 
0.5161 0.3987 0.0145 0.0707 
0.2621 0.2315 0.2572 0.2492 
0.2653 0.2379 0.2412 0.2556 
0.2669 0.2621 0.2524 0.2186 

MOTIF filter24 
letter-probability matrix: alength= 4 w= 10 nsites= 10 
0.2516 0.2398 0.2299 0.2787 
0.6403 0.0000 0.0000 0.3597 
0.0000 0.0000 0.0000 1.0000 
0.0000 0.0217 0.0000 0.9783 
0.9565 0.0000 0.0435 0.0000 
1.0000 0.0000 0.0000 0.0000 
0.3623 0.0000 0.0000 0.6377 
0.2688 0.2404 0.2431 0.2477 
0.2431 0.2444 0.2536 0.2589 
0.2688 0.2497 0.2292 0.2523 

MOTIF filter25 
letter-probability matrix: alength= 4 w= 15 nsites= 15 
0.2705 0.3077 0.2060 0.2159 
0.2680 0.2605 0.2308 0.2407 
0.2457 0.2432 0.2531 0.2581 
0.0050 0.7990 0.0993 0.0968 
0.0000 0.1985 0.0000 0.8015 
0.0000 0.2506 0.7270 0.0223 
1.0000 0.0000 0.0000 0.0000 
0.0000 0.0000 0.0000 1.0000 
0.0000 0.0000 0.0000 1.0000 
0.0000 0.0000 1.0000 0.0000 
0.0000 0.0000 1.0000 0.0000 
0.0447 0.3995 0.0050 0.5509 
0.0099 0.4318 0.1414 0.4169 
0.1861 0.4144 0.3201 0.0794 
0.4640 0.1489 0.3151 0.0720 

MOTIF filter26 
letter-probability matrix: alength= 4 w= 13 nsites= 13 
0.2414 0.2200 0.2616 0.2771 
0.2069 0.1795 0.3912 0.2224 
0.4245 0.1891 0.3817 0.0048 
0.0000 0.0000 0.0000 1.0000 
0.0000 0.0000 1.0000 0.0000 
1.0000 0.0000 0.0000 0.0000 
0.0000 0.4958 0.5042 0.0000 
0.0000 0.0000 0.0000 1.0000 
0.0000 1.0000 0.0000 0.0000 
1.0000 0.0000 0.0000 0.0000 
0.0059 0.3258 0.2687 0.3995 
0.1855 0.3983 0.1807 0.2354 
0.2580 0.1843 0.2925 0.2652 

MOTIF filter27 
letter-probability matrix: alength= 4 w= 15 nsites= 15 
0.2230 0.2857 0.2456 0.2456 
0.0871 0.0314 0.3746 0.5070 
0.0017 0.9808 0.0000 0.0174 
0.0000 0.0000 0.0000 1.0000 
1.0000 0.0000 0.0000 0.0000 
0.2369 0.0000 0.0000 0.7631 
0.4652 0.0000 0.0000 0.5348 
0.5958 0.0000 0.0000 0.4042 
0.7648 0.0000 0.0000 0.2352 
0.0000 0.0000 0.0000 1.0000 
0.9983 0.0000 0.0017 0.0000 
0.0226 0.0000 0.9669 0.0105 
0.4652 0.3693 0.0453 0.1202 
0.2422 0.2491 0.2805 0.2282 
0.2631 0.2404 0.2787 0.2178 

MOTIF filter28 
letter-probability matrix: alength= 4 w= 10 nsites= 10 
0.2256 0.3016 0.3095 0.1633 
0.0000 1.0000 0.0000 0.0000 
1.0000 0.0000 0.0000 0.0000 
0.0000 1.0000 0.0000 0.0000 
0.0000 0.0000 1.0000 0.0000 
0.0000 0.0000 0.0000 1.0000 
0.0000 0.0000 1.0000 0.0000 
0.1179 0.2971 0.3560 0.2290 
0.1327 0.2676 0.1429 0.4569 
0.2336 0.2279 0.2630 0.2755 

MOTIF filter29 
letter-probability matrix: alength= 4 w= 15 nsites= 15 
0.2509 0.2218 0.2400 0.2873 
0.2327 0.2364 0.3382 0.1927 
0.2109 0.2473 0.2836 0.2582 
0.0036 0.9164 0.0800 0.0000 
0.0218 0.9782 0.0000 0.0000 
0.0000 0.0000 1.0000 0.0000 
0.0000 0.0000 1.0000 0.0000 
1.0000 0.0000 0.0000 0.0000 
1.0000 0.0000 0.0000 0.0000 
0.0218 0.0000 0.9782 0.0000 
0.0291 0.3018 0.0073 0.6618 
0.1964 0.0545 0.7164 0.0327 
0.2618 0.2145 0.4982 0.0255 
0.2073 0.4182 0.2436 0.1309 
0.1964 0.2909 0.2691 0.2436 

MOTIF filter30 
letter-probability matrix: alength= 4 w= 20 nsites= 20 
0.0000 0.0000 0.0000 1.0000 
0.5000 0.0000 0.0000 0.5000 
0.0000 0.5000 0.5000 0.0000 
0.0000 0.5000 0.0000 0.5000 
0.0000 0.0000 0.0000 1.0000 
0.5000 0.0000 0.5000 0.0000 
0.0000 0.0000 1.0000 0.0000 
0.5000 0.0000 0.0000 0.5000 
1.0000 0.0000 0.0000 0.0000 
0.0000 0.0000 0.5000 0.5000 
0.0000 0.0000 0.5000 0.5000 
0.0000 0.5000 0.5000 0.0000 
0.0000 0.0000 1.0000 0.0000 
1.0000 0.0000 0.0000 0.0000 
0.0000 0.0000 0.0000 1.0000 
0.5000 0.5000 0.0000 0.0000 
0.0000 0.0000 0.0000 1.0000 
0.5000 0.0000 0.0000 0.5000 
0.0000 1.0000 0.0000 0.0000 
1.0000 0.0000 0.0000 0.0000 

MOTIF filter31 
letter-probability matrix: alength= 4 w= 12 nsites= 12 
0.2016 0.2661 0.2742 0.2581 
0.1747 0.1747 0.3737 0.2769 
0.0134 0.4516 0.2581 0.2769 
0.0833 0.6559 0.1210 0.1398 
0.6855 0.0188 0.2554 0.0403 
0.0000 0.9274 0.0081 0.0645 
0.0000 0.0000 0.0000 1.0000 
0.0000 0.0000 0.0000 1.0000 
0.0000 1.0000 0.0000 0.0000 
0.0000 1.0000 0.0000 0.0000 
0.0000 0.0000 0.9839 0.0161 
0.0000 0.1586 0.8414 0.0000 

