MEME version 4

ALPHABET= ACGT

Background letter frequencies:
A 0.2500 C 0.2500 G 0.2500 T 0.2500 

MOTIF filter0 
letter-probability matrix: alength= 4 w= 14 nsites= 14 
0.2486 0.2672 0.2256 0.2586 
0.2730 0.2529 0.2672 0.2069 
0.2902 0.0761 0.4052 0.2284 
0.4497 0.0575 0.4871 0.0057 
0.0000 0.0000 0.0000 1.0000 
0.0000 0.0000 1.0000 0.0000 
1.0000 0.0000 0.0000 0.0000 
0.0043 0.5144 0.4813 0.0000 
0.0000 0.0000 0.0000 1.0000 
0.0029 0.9971 0.0000 0.0000 
1.0000 0.0000 0.0000 0.0000 
0.0000 0.3190 0.2385 0.4425 
0.2486 0.3779 0.2299 0.1437 
0.2572 0.1997 0.2759 0.2672 

MOTIF filter1 
letter-probability matrix: alength= 4 w= 10 nsites= 10 
0.1851 0.2857 0.2294 0.2998 
0.5372 0.1952 0.2113 0.0563 
0.1932 0.4044 0.3581 0.0443 
0.0000 1.0000 0.0000 0.0000 
1.0000 0.0000 0.0000 0.0000 
0.0000 1.0000 0.0000 0.0000 
0.0000 0.0000 1.0000 0.0000 
0.0000 0.0000 0.0000 1.0000 
0.0000 0.0000 1.0000 0.0000 
0.0181 0.3501 0.4406 0.1911 

MOTIF filter2 
letter-probability matrix: alength= 4 w= 18 nsites= 18 
0.2453 0.2736 0.2296 0.2516 
0.2673 0.2296 0.2642 0.2390 
0.2453 0.2893 0.2233 0.2421 
0.5252 0.0126 0.1321 0.3302 
0.6541 0.0126 0.0472 0.2862 
0.4623 0.0000 0.0189 0.5189 
0.3113 0.1509 0.1447 0.3931 
0.0094 0.0000 0.0000 0.9906 
0.0000 0.0000 1.0000 0.0000 
0.0189 0.9811 0.0000 0.0000 
0.0000 0.0000 0.0000 1.0000 
0.0000 0.0000 0.9937 0.0063 
1.0000 0.0000 0.0000 0.0000 
0.0283 0.5031 0.3113 0.1572 
0.1950 0.1164 0.0377 0.6509 
0.1855 0.3836 0.1132 0.3176 
0.5440 0.0472 0.1792 0.2296 
0.1509 0.0503 0.5440 0.2547 

MOTIF filter3 
letter-probability matrix: alength= 4 w= 12 nsites= 12 
0.1654 0.2061 0.3511 0.2774 
0.0280 0.4606 0.2392 0.2723 
0.0840 0.6209 0.1425 0.1527 
0.6819 0.0178 0.2646 0.0356 
0.0000 0.9517 0.0076 0.0407 
0.0000 0.0000 0.0000 1.0000 
0.0000 0.0000 0.0000 1.0000 
0.0000 1.0000 0.0000 0.0000 
0.0000 1.0000 0.0000 0.0000 
0.0000 0.0000 0.9822 0.0178 
0.0000 0.1450 0.8448 0.0102 
0.2646 0.1959 0.2443 0.2952 

MOTIF filter4 
letter-probability matrix: alength= 4 w= 18 nsites= 18 
0.2155 0.2456 0.2657 0.2732 
0.2080 0.2857 0.2782 0.2281 
0.2882 0.2419 0.2293 0.2406 
0.1541 0.0689 0.0351 0.7419 
0.0313 0.0827 0.6667 0.2193 
0.4135 0.3910 0.0739 0.1216 
0.0000 0.9987 0.0013 0.0000 
0.0000 0.9962 0.0000 0.0038 
0.8383 0.0000 0.0013 0.1604 
0.0125 0.0000 0.0000 0.9875 
1.0000 0.0000 0.0000 0.0000 
0.0000 0.0000 0.0000 1.0000 
0.9925 0.0000 0.0000 0.0075 
0.1441 0.0025 0.0000 0.8534 
0.0013 0.0013 0.9975 0.0000 
0.0000 0.0013 0.9987 0.0000 
0.0965 0.0652 0.3985 0.4398 
0.2143 0.6629 0.0902 0.0326 

MOTIF filter5 
letter-probability matrix: alength= 4 w= 20 nsites= 20 
0.3333 0.5000 0.1667 0.0000 
0.0000 0.0000 1.0000 0.0000 
0.0000 0.3333 0.0000 0.6667 
0.1667 0.1667 0.5000 0.1667 
0.0000 0.6667 0.0000 0.3333 
0.0000 0.0000 0.3333 0.6667 
0.1667 0.6667 0.1667 0.0000 
0.1667 0.0000 0.5000 0.3333 
0.0000 1.0000 0.0000 0.0000 
0.6667 0.1667 0.0000 0.1667 
0.0000 0.1667 0.6667 0.1667 
0.0000 0.3333 0.0000 0.6667 
0.0000 0.1667 0.3333 0.5000 
0.6667 0.3333 0.0000 0.0000 
0.3333 0.6667 0.0000 0.0000 
0.3333 0.0000 0.6667 0.0000 
0.0000 0.1667 0.8333 0.0000 
0.5000 0.0000 0.3333 0.1667 
0.0000 1.0000 0.0000 0.0000 
0.0000 0.5000 0.0000 0.5000 

MOTIF filter6 
letter-probability matrix: alength= 4 w= 19 nsites= 19 
0.3824 0.1765 0.0882 0.3529 
0.4118 0.0294 0.3529 0.2059 
0.4118 0.2647 0.0882 0.2353 
0.1471 0.0000 0.7941 0.0588 
0.2059 0.0000 0.1765 0.6176 
0.0882 0.0000 0.4706 0.4412 
0.0882 0.0000 0.5000 0.4118 
0.0000 0.2647 0.7353 0.0000 
0.0000 0.0000 1.0000 0.0000 
0.1471 0.0000 0.2647 0.5882 
0.9118 0.0000 0.0000 0.0882 
0.0000 0.9412 0.0000 0.0588 
0.0000 0.4118 0.0000 0.5882 
0.5000 0.1176 0.3235 0.0588 
0.0000 0.2353 0.6176 0.1471 
0.3235 0.3235 0.0882 0.2647 
0.0588 0.3235 0.2941 0.3235 
0.5294 0.2941 0.0294 0.1471 
0.0000 0.2353 0.6471 0.1176 

MOTIF filter7 
letter-probability matrix: alength= 4 w= 13 nsites= 13 
0.2470 0.2259 0.2590 0.2681 
0.2319 0.2952 0.2470 0.2259 
0.3012 0.2139 0.2048 0.2801 
0.1717 0.6958 0.0934 0.0392 
1.0000 0.0000 0.0000 0.0000 
0.9970 0.0000 0.0030 0.0000 
0.4247 0.0512 0.5181 0.0060 
1.0000 0.0000 0.0000 0.0000 
0.0000 0.0000 0.0000 1.0000 
0.0000 0.0000 1.0000 0.0000 
0.0000 0.0000 1.0000 0.0000 
0.0361 0.9096 0.0000 0.0542 
0.1175 0.2018 0.4187 0.2620 

MOTIF filter8 
letter-probability matrix: alength= 4 w= 15 nsites= 15 
0.2581 0.2419 0.2161 0.2839 
0.2419 0.2581 0.2290 0.2710 
0.1435 0.1887 0.1000 0.5677 
0.0000 0.0000 0.0000 1.0000 
0.0000 0.0000 0.0000 1.0000 
0.0081 0.9919 0.0000 0.0000 
0.0000 0.9129 0.0000 0.0871 
0.2210 0.2532 0.1887 0.3371 
0.2306 0.0000 0.7613 0.0081 
0.0000 0.0000 0.9790 0.0210 
1.0000 0.0000 0.0000 0.0000 
1.0000 0.0000 0.0000 0.0000 
0.5613 0.1210 0.1952 0.1226 
0.2371 0.2629 0.2661 0.2339 
0.2484 0.2387 0.2613 0.2516 

MOTIF filter9 
letter-probability matrix: alength= 4 w= 18 nsites= 18 
0.2912 0.4588 0.1059 0.1441 
0.2324 0.1882 0.0676 0.5118 
0.2853 0.1588 0.3206 0.2353 
0.6324 0.0647 0.1088 0.1941 
0.1676 0.3059 0.5029 0.0235 
0.0000 0.0000 0.0000 1.0000 
0.0118 0.9882 0.0000 0.0000 
1.0000 0.0000 0.0000 0.0000 
0.0000 0.0000 0.9853 0.0147 
0.0000 1.0000 0.0000 0.0000 
0.9971 0.0000 0.0000 0.0029 
0.4529 0.1618 0.1206 0.2647 
0.4382 0.0382 0.0029 0.5206 
0.3941 0.0706 0.0029 0.5324 
0.3118 0.1059 0.0176 0.5647 
0.2735 0.2265 0.2559 0.2441 
0.2794 0.2824 0.2176 0.2206 
0.2000 0.3000 0.2265 0.2735 

MOTIF filter10 
letter-probability matrix: alength= 4 w= 15 nsites= 15 
0.2659 0.2414 0.2235 0.2692 
0.2610 0.2398 0.2382 0.2610 
0.0995 0.1958 0.1501 0.5546 
0.0000 0.0000 0.0000 1.0000 
0.0000 0.0000 0.0065 0.9935 
0.0261 0.9739 0.0000 0.0000 
0.0082 0.7439 0.0000 0.2480 
0.3034 0.1436 0.3165 0.2365 
0.0669 0.0000 0.9331 0.0000 
0.0000 0.0000 0.9951 0.0049 
1.0000 0.0000 0.0000 0.0000 
1.0000 0.0000 0.0000 0.0000 
0.5775 0.0750 0.1811 0.1664 
0.2365 0.3018 0.2251 0.2365 
0.2626 0.2431 0.2626 0.2316 

MOTIF filter11 
letter-probability matrix: alength= 4 w= 14 nsites= 14 
0.2198 0.2766 0.3132 0.1905 
0.4872 0.1502 0.2198 0.1429 
0.2711 0.2546 0.3425 0.1319 
0.0000 1.0000 0.0000 0.0000 
1.0000 0.0000 0.0000 0.0000 
0.0000 0.9744 0.0000 0.0256 
0.0018 0.0000 0.9982 0.0000 
0.0000 0.0000 0.0000 1.0000 
0.0000 0.0000 1.0000 0.0000 
0.0971 0.3132 0.3352 0.2546 
0.0311 0.1978 0.0751 0.6960 
0.2344 0.2015 0.2729 0.2912 
0.2381 0.2601 0.2912 0.2106 
0.3095 0.1923 0.2381 0.2601 

MOTIF filter12 
letter-probability matrix: alength= 4 w= 16 nsites= 16 
0.4411 0.2206 0.1579 0.1805 
0.0752 0.3534 0.1078 0.4637 
0.0702 0.3183 0.3734 0.2381 
0.4361 0.1278 0.4336 0.0025 
0.5789 0.0075 0.3684 0.0451 
0.0000 1.0000 0.0000 0.0000 
0.0000 1.0000 0.0000 0.0000 
1.0000 0.0000 0.0000 0.0000 
1.0000 0.0000 0.0000 0.0000 
0.0000 0.0000 0.0000 1.0000 
0.0226 0.7694 0.2080 0.0000 
0.8321 0.0025 0.1654 0.0000 
0.0752 0.0727 0.8446 0.0075 
0.2180 0.2757 0.2256 0.2807 
0.2657 0.2080 0.2682 0.2581 
0.2356 0.2657 0.2356 0.2632 

MOTIF filter13 
letter-probability matrix: alength= 4 w= 16 nsites= 16 
0.2526 0.2491 0.2386 0.2596 
0.2316 0.2596 0.2351 0.2737 
0.2000 0.2632 0.2526 0.2842 
0.2246 0.0175 0.7228 0.0351 
0.1018 0.0000 0.8351 0.0632 
0.1439 0.0000 0.8561 0.0000 
0.0000 0.0000 1.0000 0.0000 
0.0000 0.0000 1.0000 0.0000 
0.2807 0.5789 0.0000 0.1404 
0.0000 0.0000 1.0000 0.0000 
0.0000 0.0000 1.0000 0.0000 
0.1509 0.0000 0.8421 0.0070 
0.1965 0.0070 0.7965 0.0000 
0.1474 0.6070 0.1930 0.0526 
0.3018 0.1930 0.2667 0.2386 
0.2456 0.3053 0.2281 0.2211 

MOTIF filter14 
letter-probability matrix: alength= 4 w= 20 nsites= 20 
0.2105 0.2855 0.2708 0.2332 
0.2976 0.2225 0.2212 0.2587 
0.1434 0.0724 0.0375 0.7466 
0.0214 0.0777 0.6930 0.2078 
0.4209 0.4115 0.0563 0.1113 
0.0000 1.0000 0.0000 0.0000 
0.0000 0.9933 0.0013 0.0054 
0.8445 0.0000 0.0027 0.1528 
0.0121 0.0000 0.0000 0.9879 
1.0000 0.0000 0.0000 0.0000 
0.0000 0.0000 0.0013 0.9987 
0.9893 0.0000 0.0000 0.0107 
0.1394 0.0013 0.0000 0.8592 
0.0000 0.0027 0.9973 0.0000 
0.0000 0.0000 1.0000 0.0000 
0.0965 0.0630 0.4008 0.4397 
0.2131 0.6769 0.0858 0.0241 
0.7855 0.0188 0.0442 0.1515 
0.2252 0.2842 0.2440 0.2466 
0.2158 0.2627 0.2654 0.2560 

MOTIF filter15 
letter-probability matrix: alength= 4 w= 18 nsites= 18 
0.2844 0.2469 0.2219 0.2469 
0.2562 0.2812 0.2594 0.2031 
0.2281 0.2469 0.2531 0.2719 
0.1187 0.0188 0.7031 0.1594 
0.0688 0.7312 0.1125 0.0875 
0.2906 0.3531 0.2562 0.1000 
0.0406 0.0000 0.8656 0.0938 
0.0000 1.0000 0.0000 0.0000 
0.0000 1.0000 0.0000 0.0000 
1.0000 0.0000 0.0000 0.0000 
0.0000 0.0000 0.0000 1.0000 
0.0063 0.4719 0.1375 0.3844 
0.0000 0.0156 0.0000 0.9844 
0.0000 0.0125 0.0000 0.9875 
0.0719 0.0812 0.7250 0.1219 
0.2750 0.2250 0.2500 0.2500 
0.1969 0.2688 0.2688 0.2656 
0.2281 0.2969 0.2406 0.2344 

MOTIF filter16 
letter-probability matrix: alength= 4 w= 15 nsites= 15 
0.2857 0.3081 0.1989 0.2073 
0.2661 0.2829 0.2073 0.2437 
0.2437 0.2297 0.2633 0.2633 
0.0056 0.8403 0.0756 0.0784 
0.0000 0.1737 0.0000 0.8263 
0.0000 0.2353 0.7423 0.0224 
1.0000 0.0000 0.0000 0.0000 
0.0000 0.0000 0.0000 1.0000 
0.0000 0.0000 0.0000 1.0000 
0.0000 0.0000 1.0000 0.0000 
0.0000 0.0000 1.0000 0.0000 
0.0420 0.3950 0.0084 0.5546 
0.0112 0.4342 0.1345 0.4202 
0.1793 0.4426 0.3081 0.0700 
0.4902 0.1401 0.3081 0.0616 

MOTIF filter17 
letter-probability matrix: alength= 4 w= 13 nsites= 13 
0.2393 0.2441 0.2642 0.2524 
0.1979 0.1718 0.4182 0.2121 
0.4064 0.1825 0.4064 0.0047 
0.0000 0.0000 0.0000 1.0000 
0.0000 0.0000 1.0000 0.0000 
1.0000 0.0000 0.0000 0.0000 
0.0024 0.4834 0.5142 0.0000 
0.0000 0.0000 0.0000 1.0000 
0.0000 1.0000 0.0000 0.0000 
1.0000 0.0000 0.0000 0.0000 
0.0012 0.3235 0.2393 0.4360 
0.1991 0.3543 0.2050 0.2417 
0.2014 0.2275 0.3092 0.2618 

MOTIF filter18 
letter-probability matrix: alength= 4 w= 12 nsites= 12 
0.1976 0.2743 0.2419 0.2861 
0.2714 0.1917 0.2625 0.2743 
0.2094 0.2625 0.2507 0.2773 
0.0088 0.8673 0.1239 0.0000 
0.0236 0.9764 0.0000 0.0000 
0.0000 0.0000 1.0000 0.0000 
0.0000 0.0000 1.0000 0.0000 
1.0000 0.0000 0.0000 0.0000 
1.0000 0.0000 0.0000 0.0000 
0.0324 0.0206 0.9469 0.0000 
0.0029 0.2478 0.0177 0.7316 
0.1711 0.1003 0.6726 0.0560 

MOTIF filter19 
letter-probability matrix: alength= 4 w= 16 nsites= 16 
0.2847 0.2135 0.2171 0.2847 
0.2456 0.2456 0.2918 0.2171 
0.2135 0.2456 0.2598 0.2811 
0.0036 0.9039 0.0925 0.0000 
0.0320 0.9680 0.0000 0.0000 
0.0000 0.0000 1.0000 0.0000 
0.0000 0.0000 1.0000 0.0000 
1.0000 0.0000 0.0000 0.0000 
1.0000 0.0000 0.0000 0.0000 
0.0356 0.0000 0.9644 0.0000 
0.0249 0.3345 0.0107 0.6299 
0.1744 0.0427 0.7438 0.0391 
0.2278 0.2491 0.5231 0.0000 
0.1993 0.4093 0.2527 0.1388 
0.2028 0.2989 0.2527 0.2456 
0.2705 0.2740 0.2776 0.1779 

MOTIF filter20 
letter-probability matrix: alength= 4 w= 17 nsites= 17 
0.2194 0.3094 0.2842 0.1871 
0.2374 0.2734 0.2086 0.2806 
0.1619 0.6978 0.0935 0.0468 
0.9928 0.0000 0.0072 0.0000 
0.9856 0.0000 0.0144 0.0000 
0.4388 0.0827 0.4640 0.0144 
1.0000 0.0000 0.0000 0.0000 
0.0000 0.0000 0.0000 1.0000 
0.0000 0.0000 1.0000 0.0000 
0.0000 0.0000 1.0000 0.0000 
0.0576 0.8633 0.0000 0.0791 
0.1115 0.1906 0.4353 0.2626 
0.0252 0.0396 0.8777 0.0576 
0.0863 0.8453 0.0108 0.0576 
0.2698 0.1942 0.2266 0.3094 
0.2194 0.2626 0.3094 0.2086 
0.2734 0.2158 0.2986 0.2122 

MOTIF filter21 
letter-probability matrix: alength= 4 w= 20 nsites= 20 
0.5000 0.0000 0.0000 0.5000 
0.7500 0.0000 0.2500 0.0000 
1.0000 0.0000 0.0000 0.0000 
0.0000 0.0000 1.0000 0.0000 
0.0000 0.0000 0.5000 0.5000 
0.0000 0.2500 0.5000 0.2500 
0.0000 1.0000 0.0000 0.0000 
0.2500 0.0000 0.0000 0.7500 
0.5000 0.0000 0.5000 0.0000 
0.2500 0.7500 0.0000 0.0000 
0.5000 0.0000 0.5000 0.0000 
0.0000 1.0000 0.0000 0.0000 
0.2500 0.0000 0.0000 0.7500 
0.2500 0.0000 0.0000 0.7500 
0.0000 0.0000 1.0000 0.0000 
0.5000 0.0000 0.5000 0.0000 
0.0000 0.5000 0.5000 0.0000 
0.0000 0.7500 0.2500 0.0000 
0.5000 0.2500 0.2500 0.0000 
0.0000 0.0000 1.0000 0.0000 

MOTIF filter22 
letter-probability matrix: alength= 4 w= 14 nsites= 14 
0.2425 0.2259 0.2824 0.2492 
0.2558 0.0698 0.6013 0.0731 
0.0963 0.0000 0.8605 0.0432 
0.1495 0.0000 0.8505 0.0000 
0.0000 0.0000 1.0000 0.0000 
0.0000 0.0000 1.0000 0.0000 
0.2857 0.5980 0.0000 0.1163 
0.0000 0.0000 1.0000 0.0000 
0.0000 0.0000 1.0000 0.0000 
0.1329 0.0000 0.8671 0.0000 
0.1296 0.0299 0.8405 0.0000 
0.1993 0.5781 0.1362 0.0864 
0.2724 0.2027 0.2857 0.2392 
0.2126 0.3223 0.2027 0.2625 

MOTIF filter23 
letter-probability matrix: alength= 4 w= 13 nsites= 13 
0.3313 0.2250 0.2781 0.1656 
0.2531 0.3125 0.2000 0.2344 
0.0594 0.1875 0.5156 0.2375 
0.0000 0.8250 0.0219 0.1531 
0.0000 0.8687 0.0000 0.1312 
0.0000 1.0000 0.0000 0.0000 
0.0000 1.0000 0.0000 0.0000 
0.1031 0.0000 0.6000 0.2969 
0.0000 1.0000 0.0000 0.0000 
0.0000 1.0000 0.0000 0.0000 
0.0000 0.8062 0.0000 0.1937 
0.0469 0.8656 0.0000 0.0875 
0.0406 0.7125 0.0344 0.2125 

MOTIF filter24 
letter-probability matrix: alength= 4 w= 15 nsites= 15 
0.2964 0.2321 0.2679 0.2036 
0.2643 0.3179 0.2357 0.1821 
0.0857 0.1464 0.5714 0.1964 
0.0000 0.8607 0.0000 0.1393 
0.0000 0.8679 0.0000 0.1321 
0.0000 1.0000 0.0000 0.0000 
0.0000 1.0000 0.0000 0.0000 
0.1000 0.0000 0.6643 0.2357 
0.0000 1.0000 0.0000 0.0000 
0.0000 1.0000 0.0000 0.0000 
0.0000 0.8321 0.0000 0.1679 
0.0786 0.8714 0.0000 0.0500 
0.0214 0.6821 0.0500 0.2464 
0.2321 0.2536 0.2536 0.2607 
0.2750 0.2500 0.1964 0.2786 

MOTIF filter25 
letter-probability matrix: alength= 4 w= 9 nsites= 9 
0.2610 0.2170 0.2583 0.2636 
0.4407 0.1811 0.2796 0.0985 
0.1984 0.3622 0.3422 0.0972 
0.0000 1.0000 0.0000 0.0000 
0.9987 0.0000 0.0013 0.0000 
0.0000 1.0000 0.0000 0.0000 
0.0027 0.0000 0.9973 0.0000 
0.0000 0.0000 0.0000 1.0000 
0.0000 0.0000 1.0000 0.0000 

MOTIF filter26 
letter-probability matrix: alength= 4 w= 9 nsites= 9 
0.2553 0.2516 0.2340 0.2591 
0.2604 0.2616 0.2390 0.2390 
0.2509 0.2220 0.2453 0.2818 
0.6396 0.0000 0.0000 0.3604 
0.0000 0.0000 0.0000 1.0000 
0.0000 0.0245 0.0000 0.9755 
0.9377 0.0000 0.0623 0.0000 
1.0000 0.0000 0.0000 0.0000 
0.3673 0.0000 0.0000 0.6327 

MOTIF filter27 
letter-probability matrix: alength= 4 w= 13 nsites= 13 
0.2664 0.2595 0.2647 0.2093 
0.2301 0.2388 0.2751 0.2561 
0.1920 0.2595 0.3339 0.2145 
0.5311 0.2457 0.2232 0.0000 
0.0000 0.0000 0.0000 1.0000 
0.0000 0.0000 0.9913 0.0087 
1.0000 0.0000 0.0000 0.0000 
0.0000 0.4221 0.5761 0.0017 
0.0000 0.0000 0.0000 1.0000 
0.0000 1.0000 0.0000 0.0000 
1.0000 0.0000 0.0000 0.0000 
0.0017 0.5225 0.0554 0.4204 
0.2093 0.4429 0.0294 0.3183 

MOTIF filter28 
letter-probability matrix: alength= 4 w= 16 nsites= 16 
0.2272 0.2624 0.2467 0.2637 
0.2441 0.2637 0.2546 0.2376 
0.2337 0.2611 0.2507 0.2546 
0.5183 0.1149 0.3590 0.0078 
0.0000 0.0000 0.0000 1.0000 
0.0000 0.0000 0.0235 0.9765 
0.2872 0.0000 0.6462 0.0666 
0.0026 0.9308 0.0000 0.0666 
0.0692 0.0000 0.9308 0.0000 
0.0731 0.6906 0.0000 0.2363 
0.9778 0.0222 0.0000 0.0000 
1.0000 0.0000 0.0000 0.0000 
0.0052 0.3420 0.1279 0.5248 
0.2755 0.2402 0.2807 0.2037 
0.2389 0.2154 0.2650 0.2807 
0.2611 0.2285 0.2650 0.2454 

MOTIF filter29 
letter-probability matrix: alength= 4 w= 20 nsites= 20 
0.2500 0.2500 0.3125 0.1875 
0.9375 0.0000 0.0000 0.0625 
0.0000 0.0000 0.0000 1.0000 
0.0000 0.5000 0.5000 0.0000 
0.1250 0.1250 0.0625 0.6875 
0.0000 0.0000 0.0000 1.0000 
0.4375 0.5625 0.0000 0.0000 
0.3750 0.0000 0.2500 0.3750 
0.4375 0.4375 0.0625 0.0625 
0.5625 0.0625 0.2500 0.1250 
0.0000 0.4375 0.5000 0.0625 
0.0625 0.0625 0.6875 0.1875 
0.8750 0.0000 0.1250 0.0000 
0.8125 0.0000 0.0000 0.1875 
0.7500 0.1250 0.1250 0.0000 
0.5625 0.0000 0.0625 0.3750 
0.2500 0.3750 0.1250 0.2500 
0.1875 0.0625 0.0625 0.6875 
0.0625 0.0000 0.6875 0.2500 
0.5000 0.1875 0.3125 0.0000 

MOTIF filter30 
letter-probability matrix: alength= 4 w= 16 nsites= 16 
0.2648 0.2621 0.2552 0.2179 
0.2414 0.2786 0.2386 0.2414 
0.1103 0.0303 0.3448 0.5145 
0.0055 0.9159 0.0000 0.0786 
0.0000 0.0000 0.0000 1.0000 
1.0000 0.0000 0.0000 0.0000 
0.2345 0.0000 0.0028 0.7628 
0.4276 0.0000 0.0000 0.5724 
0.5297 0.0000 0.0000 0.4703 
0.6897 0.0028 0.0000 0.3076 
0.0000 0.0000 0.0000 1.0000 
1.0000 0.0000 0.0000 0.0000 
0.0455 0.0000 0.9407 0.0138 
0.4938 0.3600 0.0400 0.1062 
0.2869 0.2248 0.2648 0.2234 
0.2524 0.2593 0.2428 0.2455 

MOTIF filter31 
letter-probability matrix: alength= 4 w= 14 nsites= 14 
0.2392 0.2868 0.2244 0.2496 
0.2244 0.2853 0.2526 0.2377 
0.0877 0.0505 0.3596 0.5022 
0.0104 0.9614 0.0000 0.0282 
0.0000 0.0000 0.0000 1.0000 
1.0000 0.0000 0.0000 0.0000 
0.2481 0.0000 0.0000 0.7519 
0.4636 0.0000 0.0000 0.5364 
0.5646 0.0000 0.0000 0.4354 
0.7192 0.0000 0.0000 0.2808 
0.0000 0.0000 0.0000 1.0000 
1.0000 0.0000 0.0000 0.0000 
0.0357 0.0000 0.9629 0.0015 
0.4577 0.3834 0.0416 0.1174 

