MEME version 4

ALPHABET= ACGT

Background letter frequencies:
A 0.2500 C 0.2500 G 0.2500 T 0.2500 

MOTIF filter0 
letter-probability matrix: alength= 4 w= 12 nsites= 12 
0.2324 0.2369 0.2594 0.2714 
0.2354 0.2579 0.2369 0.2699 
0.2534 0.2804 0.2114 0.2549 
0.5112 0.1184 0.3703 0.0000 
0.0000 0.0000 0.0000 1.0000 
0.0000 0.0000 0.0105 0.9895 
0.2939 0.0000 0.6372 0.0690 
0.0015 0.9670 0.0000 0.0315 
0.0390 0.0015 0.9595 0.0000 
0.0555 0.6807 0.0000 0.2639 
0.9715 0.0285 0.0000 0.0000 
1.0000 0.0000 0.0000 0.0000 

MOTIF filter1 
letter-probability matrix: alength= 4 w= 14 nsites= 14 
0.2528 0.2000 0.2694 0.2778 
0.2333 0.2667 0.2472 0.2528 
0.0000 0.8778 0.1222 0.0000 
0.0222 0.9778 0.0000 0.0000 
0.0000 0.0000 1.0000 0.0000 
0.0000 0.0000 1.0000 0.0000 
1.0000 0.0000 0.0000 0.0000 
1.0000 0.0000 0.0000 0.0000 
0.0444 0.0056 0.9500 0.0000 
0.0278 0.2972 0.0167 0.6583 
0.1694 0.0972 0.6750 0.0583 
0.2667 0.2556 0.4500 0.0278 
0.2139 0.3639 0.2500 0.1722 
0.2139 0.2944 0.2556 0.2361 

MOTIF filter2 
letter-probability matrix: alength= 4 w= 18 nsites= 18 
0.0306 0.0990 0.6434 0.2271 
0.3974 0.4192 0.0524 0.1310 
0.0000 1.0000 0.0000 0.0000 
0.0000 0.9971 0.0000 0.0029 
0.8530 0.0000 0.0044 0.1426 
0.0131 0.0000 0.0000 0.9869 
0.9985 0.0000 0.0015 0.0000 
0.0000 0.0000 0.0000 1.0000 
0.9913 0.0000 0.0000 0.0087 
0.1368 0.0015 0.0000 0.8617 
0.0000 0.0015 0.9985 0.0000 
0.0000 0.0000 1.0000 0.0000 
0.0801 0.0408 0.4425 0.4367 
0.2169 0.7249 0.0568 0.0015 
0.7802 0.0131 0.0393 0.1674 
0.2314 0.2795 0.2256 0.2635 
0.2213 0.2635 0.2591 0.2562 
0.2635 0.2416 0.2795 0.2154 

MOTIF filter3 
letter-probability matrix: alength= 4 w= 15 nsites= 15 
0.2553 0.2260 0.2423 0.2764 
0.2455 0.2455 0.2325 0.2764 
0.1317 0.1821 0.0959 0.5902 
0.0000 0.0000 0.0000 1.0000 
0.0000 0.0000 0.0000 1.0000 
0.0049 0.9951 0.0000 0.0000 
0.0000 0.8829 0.0000 0.1171 
0.2407 0.2520 0.1805 0.3268 
0.2163 0.0000 0.7756 0.0081 
0.0000 0.0000 0.9821 0.0179 
0.9984 0.0016 0.0000 0.0000 
1.0000 0.0000 0.0000 0.0000 
0.5593 0.1203 0.1967 0.1236 
0.2341 0.2699 0.2520 0.2439 
0.2374 0.2520 0.2699 0.2407 

MOTIF filter4 
letter-probability matrix: alength= 4 w= 20 nsites= 20 
0.3714 0.2857 0.1714 0.1714 
0.1143 0.4000 0.3143 0.1714 
0.0857 0.6286 0.2000 0.0857 
0.4571 0.0000 0.2857 0.2571 
0.7714 0.0571 0.0286 0.1429 
0.0000 0.6286 0.0000 0.3714 
0.0000 0.6571 0.2000 0.1429 
0.0286 0.3143 0.6571 0.0000 
0.2286 0.6857 0.0571 0.0286 
0.0000 0.0286 0.0286 0.9429 
0.0286 0.0571 0.0000 0.9143 
0.1714 0.5714 0.2571 0.0000 
0.2286 0.5143 0.2571 0.0000 
0.0286 0.0000 0.8000 0.1714 
0.0571 0.2286 0.7143 0.0000 
0.0000 0.1143 0.8000 0.0857 
0.2571 0.3714 0.2286 0.1429 
0.0571 0.1714 0.5429 0.2286 
0.0286 0.6571 0.3143 0.0000 
0.1714 0.5143 0.0571 0.2571 

MOTIF filter5 
letter-probability matrix: alength= 4 w= 16 nsites= 16 
0.2530 0.2899 0.2293 0.2278 
0.2396 0.2707 0.2382 0.2515 
0.0902 0.0473 0.3624 0.5000 
0.0044 0.9615 0.0000 0.0340 
0.0000 0.0000 0.0000 1.0000 
1.0000 0.0000 0.0000 0.0000 
0.2559 0.0000 0.0000 0.7441 
0.4571 0.0000 0.0000 0.5429 
0.5695 0.0000 0.0000 0.4305 
0.7249 0.0000 0.0000 0.2751 
0.0000 0.0000 0.0000 1.0000 
1.0000 0.0000 0.0000 0.0000 
0.0518 0.0000 0.9453 0.0030 
0.5015 0.3536 0.0355 0.1095 
0.2618 0.2470 0.2574 0.2337 
0.2337 0.2633 0.2633 0.2396 

MOTIF filter6 
letter-probability matrix: alength= 4 w= 17 nsites= 17 
0.2507 0.2448 0.2507 0.2537 
0.2671 0.2582 0.2389 0.2359 
0.2389 0.2760 0.2493 0.2359 
0.0964 0.0267 0.3501 0.5267 
0.0089 0.9258 0.0000 0.0653 
0.0000 0.0000 0.0000 1.0000 
1.0000 0.0000 0.0000 0.0000 
0.2092 0.0000 0.0015 0.7893 
0.4288 0.0000 0.0000 0.5712 
0.5223 0.0000 0.0000 0.4777 
0.6825 0.0015 0.0000 0.3160 
0.0000 0.0000 0.0000 1.0000 
1.0000 0.0000 0.0000 0.0000 
0.0134 0.0000 0.9792 0.0074 
0.4570 0.3932 0.0415 0.1083 
0.2834 0.2151 0.2834 0.2181 
0.2700 0.2522 0.2122 0.2656 

MOTIF filter7 
letter-probability matrix: alength= 4 w= 12 nsites= 12 
0.2434 0.2747 0.2297 0.2522 
0.2522 0.2559 0.2659 0.2260 
0.2634 0.2634 0.2397 0.2335 
0.0075 0.0000 0.0000 0.9925 
0.0000 0.0000 0.0000 1.0000 
0.0000 0.0000 0.0000 1.0000 
0.5568 0.0000 0.4432 0.0000 
1.0000 0.0000 0.0000 0.0000 
0.0000 0.0000 0.0000 1.0000 
0.2272 0.2672 0.2584 0.2472 
0.2597 0.2459 0.2497 0.2447 
0.2360 0.2372 0.2747 0.2522 

MOTIF filter8 
letter-probability matrix: alength= 4 w= 14 nsites= 14 
0.2701 0.2671 0.2398 0.2231 
0.2747 0.2640 0.2625 0.1988 
0.2731 0.0986 0.4112 0.2170 
0.4492 0.0334 0.5175 0.0000 
0.0000 0.0000 0.0000 1.0000 
0.0000 0.0000 1.0000 0.0000 
1.0000 0.0000 0.0000 0.0000 
0.0015 0.5175 0.4810 0.0000 
0.0000 0.0000 0.0000 1.0000 
0.0000 1.0000 0.0000 0.0000 
1.0000 0.0000 0.0000 0.0000 
0.0000 0.2974 0.2261 0.4765 
0.2337 0.3672 0.2458 0.1533 
0.2398 0.2231 0.2807 0.2564 

MOTIF filter9 
letter-probability matrix: alength= 4 w= 16 nsites= 16 
0.2972 0.2469 0.2645 0.1914 
0.2720 0.2997 0.2292 0.1990 
0.0630 0.1914 0.5038 0.2418 
0.0000 0.8111 0.0227 0.1662 
0.0000 0.8262 0.0000 0.1738 
0.0000 1.0000 0.0000 0.0000 
0.0000 1.0000 0.0000 0.0000 
0.0932 0.0000 0.6121 0.2947 
0.0000 1.0000 0.0000 0.0000 
0.0000 1.0000 0.0000 0.0000 
0.0000 0.8010 0.0000 0.1990 
0.0705 0.8312 0.0000 0.0982 
0.0453 0.6322 0.0504 0.2720 
0.2494 0.2494 0.2544 0.2469 
0.2897 0.2317 0.2317 0.2469 
0.2242 0.2947 0.2393 0.2418 

MOTIF filter10 
letter-probability matrix: alength= 4 w= 20 nsites= 20 
0.2903 0.1935 0.2258 0.2903 
0.1774 0.1774 0.6129 0.0323 
0.0000 0.0645 0.0161 0.9194 
0.5968 0.0323 0.3065 0.0645 
0.0161 0.0968 0.8387 0.0484 
0.3065 0.1613 0.5161 0.0161 
0.0968 0.0323 0.7581 0.1129 
0.1290 0.0000 0.0968 0.7742 
0.5645 0.0000 0.0484 0.3871 
0.3710 0.2581 0.3710 0.0000 
0.0968 0.4355 0.3710 0.0968 
0.0000 0.6935 0.0645 0.2419 
0.0806 0.1452 0.2097 0.5645 
0.3065 0.5000 0.0806 0.1129 
0.0161 0.8065 0.0323 0.1452 
0.0000 0.4032 0.4839 0.1129 
0.6613 0.1452 0.0484 0.1452 
0.1129 0.5161 0.2581 0.1129 
0.2097 0.0161 0.5161 0.2581 
0.0000 0.0161 0.1774 0.8065 

MOTIF filter11 
letter-probability matrix: alength= 4 w= 17 nsites= 17 
0.2295 0.2465 0.2493 0.2748 
0.2266 0.2890 0.2748 0.2096 
0.2720 0.2578 0.1983 0.2720 
0.1501 0.6686 0.1218 0.0595 
1.0000 0.0000 0.0000 0.0000 
0.9858 0.0000 0.0142 0.0000 
0.4334 0.0737 0.4731 0.0198 
1.0000 0.0000 0.0000 0.0000 
0.0000 0.0000 0.0000 1.0000 
0.0000 0.0000 1.0000 0.0000 
0.0000 0.0000 1.0000 0.0000 
0.0538 0.8697 0.0000 0.0765 
0.1133 0.1955 0.4249 0.2663 
0.0822 0.0822 0.7677 0.0680 
0.1246 0.7705 0.0227 0.0822 
0.2720 0.2351 0.2068 0.2861 
0.2436 0.2295 0.3003 0.2266 

MOTIF filter12 
letter-probability matrix: alength= 4 w= 15 nsites= 15 
0.2828 0.2406 0.1984 0.2781 
0.2500 0.2672 0.2453 0.2375 
0.1016 0.2094 0.1516 0.5375 
0.0000 0.0000 0.0000 1.0000 
0.0000 0.0000 0.0078 0.9922 
0.0422 0.9578 0.0000 0.0000 
0.0016 0.7672 0.0000 0.2313 
0.3016 0.1547 0.2984 0.2453 
0.0922 0.0000 0.9078 0.0000 
0.0000 0.0000 0.9922 0.0078 
1.0000 0.0000 0.0000 0.0000 
1.0000 0.0000 0.0000 0.0000 
0.5906 0.0703 0.1750 0.1641 
0.2234 0.2891 0.2406 0.2469 
0.2625 0.2438 0.2688 0.2250 

MOTIF filter13 
letter-probability matrix: alength= 4 w= 12 nsites= 12 
0.2491 0.2657 0.2435 0.2417 
0.5240 0.1808 0.2066 0.0886 
0.1476 0.4022 0.3893 0.0609 
0.0000 1.0000 0.0000 0.0000 
1.0000 0.0000 0.0000 0.0000 
0.0000 0.9982 0.0000 0.0018 
0.0000 0.0000 1.0000 0.0000 
0.0000 0.0000 0.0000 1.0000 
0.0000 0.0000 1.0000 0.0000 
0.0572 0.3506 0.3653 0.2269 
0.0646 0.2454 0.1605 0.5295 
0.2399 0.1697 0.2694 0.3210 

MOTIF filter14 
letter-probability matrix: alength= 4 w= 16 nsites= 16 
0.2619 0.2500 0.2321 0.2560 
0.1101 0.0149 0.6994 0.1756 
0.0833 0.7113 0.1220 0.0833 
0.2976 0.3393 0.2560 0.1071 
0.0446 0.0000 0.8571 0.0982 
0.0000 1.0000 0.0000 0.0000 
0.0000 1.0000 0.0000 0.0000 
1.0000 0.0000 0.0000 0.0000 
0.0000 0.0000 0.0000 1.0000 
0.0089 0.4643 0.1429 0.3839 
0.0000 0.0119 0.0000 0.9881 
0.0000 0.0060 0.0000 0.9940 
0.0833 0.0923 0.7054 0.1190 
0.2738 0.2202 0.2500 0.2560 
0.1994 0.2827 0.2619 0.2560 
0.2351 0.2857 0.2381 0.2411 

MOTIF filter15 
letter-probability matrix: alength= 4 w= 14 nsites= 14 
0.2355 0.2442 0.2587 0.2616 
0.2471 0.2297 0.2587 0.2645 
0.2209 0.2326 0.2936 0.2529 
0.2616 0.0465 0.6279 0.0640 
0.1192 0.0000 0.8110 0.0698 
0.1628 0.0000 0.8372 0.0000 
0.0000 0.0000 1.0000 0.0000 
0.0000 0.0000 1.0000 0.0000 
0.2936 0.5843 0.0000 0.1221 
0.0000 0.0000 1.0000 0.0000 
0.0000 0.0000 1.0000 0.0000 
0.1512 0.0000 0.8488 0.0000 
0.1890 0.0116 0.7994 0.0000 
0.1657 0.5959 0.1715 0.0669 

MOTIF filter16 
letter-probability matrix: alength= 4 w= 12 nsites= 12 
0.3209 0.2199 0.2216 0.2376 
0.5248 0.0993 0.3138 0.0621 
0.2181 0.3369 0.3848 0.0603 
0.0000 1.0000 0.0000 0.0000 
1.0000 0.0000 0.0000 0.0000 
0.0000 1.0000 0.0000 0.0000 
0.0053 0.0000 0.9947 0.0000 
0.0000 0.0000 0.0000 1.0000 
0.0000 0.0000 1.0000 0.0000 
0.0904 0.3652 0.3316 0.2128 
0.1454 0.1950 0.1312 0.5284 
0.2340 0.2482 0.2394 0.2784 

MOTIF filter17 
letter-probability matrix: alength= 4 w= 17 nsites= 17 
0.2730 0.2368 0.2599 0.2303 
0.2467 0.2829 0.2270 0.2434 
0.5329 0.0132 0.1250 0.3289 
0.6612 0.0099 0.0461 0.2829 
0.4605 0.0000 0.0230 0.5164 
0.3059 0.1513 0.1382 0.4046 
0.0099 0.0000 0.0000 0.9901 
0.0000 0.0000 1.0000 0.0000 
0.0164 0.9836 0.0000 0.0000 
0.0000 0.0000 0.0000 1.0000 
0.0000 0.0000 0.9934 0.0066 
1.0000 0.0000 0.0000 0.0000 
0.0263 0.5132 0.3092 0.1513 
0.2007 0.1118 0.0329 0.6546 
0.1842 0.3882 0.1086 0.3191 
0.5625 0.0428 0.1743 0.2204 
0.1513 0.0493 0.5493 0.2500 

MOTIF filter18 
letter-probability matrix: alength= 4 w= 12 nsites= 12 
0.4826 0.0522 0.3783 0.0870 
0.0000 1.0000 0.0000 0.0000 
0.0000 1.0000 0.0000 0.0000 
1.0000 0.0000 0.0000 0.0000 
1.0000 0.0000 0.0000 0.0000 
0.0000 0.0000 0.0000 1.0000 
0.0130 0.8087 0.1783 0.0000 
0.9870 0.0000 0.0130 0.0000 
0.0130 0.0348 0.9522 0.0000 
0.1957 0.3348 0.2174 0.2522 
0.3391 0.2348 0.2783 0.1478 
0.1826 0.2304 0.2696 0.3174 

MOTIF filter19 
letter-probability matrix: alength= 4 w= 13 nsites= 13 
0.2975 0.5427 0.0441 0.1157 
0.2397 0.1763 0.0579 0.5262 
0.2617 0.1598 0.3251 0.2534 
0.6474 0.0468 0.1047 0.2011 
0.1625 0.3113 0.5014 0.0248 
0.0000 0.0000 0.0000 1.0000 
0.0055 0.9945 0.0000 0.0000 
1.0000 0.0000 0.0000 0.0000 
0.0000 0.0000 0.9807 0.0193 
0.0000 1.0000 0.0000 0.0000 
0.9972 0.0000 0.0000 0.0028 
0.4022 0.1818 0.1377 0.2782 
0.4132 0.0358 0.0000 0.5510 

MOTIF filter20 
letter-probability matrix: alength= 4 w= 16 nsites= 16 
0.2333 0.2785 0.2351 0.2532 
0.2875 0.2459 0.2568 0.2098 
0.2260 0.2459 0.2785 0.2495 
0.5425 0.0470 0.4105 0.0000 
0.0000 0.0000 0.0000 1.0000 
0.0000 0.0000 0.0000 1.0000 
0.2260 0.0000 0.7378 0.0362 
0.0036 0.9259 0.0000 0.0705 
0.0434 0.0000 0.9548 0.0018 
0.0597 0.6655 0.0000 0.2749 
0.9801 0.0199 0.0000 0.0000 
1.0000 0.0000 0.0000 0.0000 
0.0036 0.3128 0.0904 0.5931 
0.2966 0.2387 0.2731 0.1917 
0.2278 0.2043 0.2423 0.3255 
0.2514 0.2441 0.2550 0.2495 

MOTIF filter21 
letter-probability matrix: alength= 4 w= 13 nsites= 13 
0.2403 0.2121 0.2631 0.2846 
0.2188 0.1530 0.3960 0.2322 
0.4094 0.1638 0.4228 0.0040 
0.0000 0.0000 0.0000 1.0000 
0.0000 0.0000 1.0000 0.0000 
1.0000 0.0000 0.0000 0.0000 
0.0000 0.4940 0.5060 0.0000 
0.0000 0.0000 0.0000 1.0000 
0.0000 1.0000 0.0000 0.0000 
1.0000 0.0000 0.0000 0.0000 
0.0081 0.3463 0.2470 0.3987 
0.2242 0.3530 0.1839 0.2389 
0.2309 0.1691 0.3181 0.2819 

MOTIF filter22 
letter-probability matrix: alength= 4 w= 15 nsites= 15 
0.2833 0.2727 0.3129 0.1311 
0.2262 0.2622 0.2960 0.2156 
0.1480 0.2854 0.3510 0.2156 
0.6110 0.1966 0.1924 0.0000 
0.0000 0.0000 0.0000 1.0000 
0.0000 0.0000 0.9852 0.0148 
1.0000 0.0000 0.0000 0.0000 
0.0000 0.4165 0.5814 0.0021 
0.0000 0.0000 0.0000 1.0000 
0.0000 1.0000 0.0000 0.0000 
1.0000 0.0000 0.0000 0.0000 
0.0021 0.5222 0.0423 0.4334 
0.2199 0.4271 0.0359 0.3171 
0.2410 0.2495 0.3023 0.2072 
0.2664 0.2347 0.2600 0.2389 

MOTIF filter23 
letter-probability matrix: alength= 4 w= 12 nsites= 12 
0.2569 0.2593 0.2342 0.2496 
0.2642 0.2528 0.2083 0.2747 
0.2577 0.2334 0.2172 0.2917 
1.0000 0.0000 0.0000 0.0000 
0.0000 0.0000 0.0000 1.0000 
0.0000 0.2820 0.0000 0.7180 
1.0000 0.0000 0.0000 0.0000 
1.0000 0.0000 0.0000 0.0000 
0.5737 0.0000 0.0000 0.4263 
0.2747 0.2285 0.2423 0.2545 
0.2366 0.2342 0.2707 0.2585 
0.2431 0.2634 0.2310 0.2626 

MOTIF filter24 
letter-probability matrix: alength= 4 w= 14 nsites= 14 
0.1516 0.1995 0.3777 0.2713 
0.0266 0.4814 0.2367 0.2553 
0.0824 0.6223 0.1330 0.1622 
0.6941 0.0160 0.2606 0.0293 
0.0000 0.9495 0.0053 0.0452 
0.0000 0.0000 0.0000 1.0000 
0.0000 0.0000 0.0000 1.0000 
0.0000 1.0000 0.0000 0.0000 
0.0000 1.0000 0.0000 0.0000 
0.0000 0.0000 0.9840 0.0160 
0.0000 0.1436 0.8431 0.0133 
0.2660 0.1915 0.2580 0.2846 
0.2793 0.2261 0.2394 0.2553 
0.2713 0.2234 0.2314 0.2739 

MOTIF filter25 
letter-probability matrix: alength= 4 w= 15 nsites= 15 
0.2265 0.2329 0.2778 0.2628 
0.2372 0.2650 0.2393 0.2585 
0.5256 0.1303 0.3162 0.0278 
0.0000 0.0000 0.0000 1.0000 
0.0000 0.0000 0.0385 0.9615 
0.3440 0.0000 0.6111 0.0449 
0.0000 0.9786 0.0000 0.0214 
0.0641 0.0000 0.9359 0.0000 
0.0064 0.9060 0.0000 0.0876 
1.0000 0.0000 0.0000 0.0000 
1.0000 0.0000 0.0000 0.0000 
0.0000 0.4103 0.0321 0.5577 
0.2393 0.3120 0.2521 0.1966 
0.2308 0.2329 0.2970 0.2393 
0.2671 0.2308 0.2927 0.2094 

MOTIF filter26 
letter-probability matrix: alength= 4 w= 13 nsites= 13 
0.3886 0.1777 0.3976 0.0361 
0.6084 0.0000 0.3916 0.0000 
0.0000 1.0000 0.0000 0.0000 
0.0000 1.0000 0.0000 0.0000 
0.9970 0.0030 0.0000 0.0000 
1.0000 0.0000 0.0000 0.0000 
0.0000 0.0000 0.0000 1.0000 
0.0301 0.7530 0.1747 0.0422 
0.7590 0.0000 0.2410 0.0000 
0.0542 0.0482 0.8916 0.0060 
0.2139 0.2139 0.2470 0.3253 
0.2169 0.2108 0.2952 0.2771 
0.2440 0.2560 0.2349 0.2651 

MOTIF filter27 
letter-probability matrix: alength= 4 w= 12 nsites= 12 
0.1754 0.2846 0.2938 0.2462 
0.4262 0.2021 0.2381 0.1336 
0.2462 0.3020 0.3055 0.1463 
0.0000 1.0000 0.0000 0.0000 
1.0000 0.0000 0.0000 0.0000 
0.0000 0.9942 0.0000 0.0058 
0.0000 0.0000 1.0000 0.0000 
0.0000 0.0000 0.0000 1.0000 
0.0000 0.0000 1.0000 0.0000 
0.1487 0.2799 0.3380 0.2334 
0.1672 0.2358 0.1521 0.4448 
0.2578 0.2602 0.2497 0.2323 

MOTIF filter28 
letter-probability matrix: alength= 4 w= 14 nsites= 14 
0.2661 0.2773 0.2213 0.2353 
0.2465 0.2353 0.2521 0.2661 
0.0056 0.8319 0.0756 0.0868 
0.0000 0.1709 0.0000 0.8291 
0.0000 0.2437 0.7339 0.0224 
1.0000 0.0000 0.0000 0.0000 
0.0000 0.0000 0.0000 1.0000 
0.0000 0.0000 0.0000 1.0000 
0.0000 0.0000 1.0000 0.0000 
0.0000 0.0000 1.0000 0.0000 
0.0392 0.3950 0.0056 0.5602 
0.0112 0.4370 0.1401 0.4118 
0.1793 0.4398 0.3137 0.0672 
0.4734 0.1401 0.3221 0.0644 

MOTIF filter29 
letter-probability matrix: alength= 4 w= 17 nsites= 17 
0.3880 0.2080 0.1800 0.2240 
0.5480 0.1680 0.1200 0.1640 
0.0120 0.3720 0.0840 0.5320 
0.0040 0.3720 0.4120 0.2120 
0.4960 0.0640 0.4400 0.0000 
0.6160 0.0000 0.3480 0.0360 
0.0000 1.0000 0.0000 0.0000 
0.0000 1.0000 0.0000 0.0000 
1.0000 0.0000 0.0000 0.0000 
1.0000 0.0000 0.0000 0.0000 
0.0000 0.0000 0.0000 1.0000 
0.0040 0.8200 0.1760 0.0000 
0.8320 0.0040 0.1640 0.0000 
0.0680 0.0600 0.8680 0.0040 
0.2000 0.2480 0.2760 0.2760 
0.3120 0.1640 0.2440 0.2800 
0.2320 0.2880 0.2120 0.2680 

MOTIF filter30 
letter-probability matrix: alength= 4 w= 16 nsites= 16 
0.2293 0.2500 0.2630 0.2578 
0.1878 0.2902 0.2876 0.2345 
0.2902 0.2396 0.2176 0.2526 
0.1477 0.0699 0.0272 0.7552 
0.0246 0.0751 0.6839 0.2163 
0.4313 0.3873 0.0712 0.1101 
0.0000 0.9987 0.0013 0.0000 
0.0000 0.9935 0.0000 0.0065 
0.8368 0.0000 0.0052 0.1580 
0.0117 0.0000 0.0000 0.9883 
1.0000 0.0000 0.0000 0.0000 
0.0000 0.0000 0.0000 1.0000 
0.9987 0.0000 0.0000 0.0013 
0.1503 0.0000 0.0000 0.8497 
0.0013 0.0013 0.9974 0.0000 
0.0000 0.0000 1.0000 0.0000 

MOTIF filter31 
letter-probability matrix: alength= 4 w= 15 nsites= 15 
0.2263 0.2337 0.2574 0.2825 
0.2041 0.2885 0.2633 0.2441 
0.2737 0.2559 0.2308 0.2396 
0.1198 0.0562 0.0237 0.8003 
0.0104 0.0414 0.7544 0.1938 
0.4112 0.4038 0.0873 0.0976 
0.0000 1.0000 0.0000 0.0000 
0.0000 1.0000 0.0000 0.0000 
0.8462 0.0000 0.0000 0.1538 
0.0089 0.0000 0.0000 0.9911 
1.0000 0.0000 0.0000 0.0000 
0.0000 0.0000 0.0000 1.0000 
0.9882 0.0000 0.0000 0.0118 
0.0902 0.0044 0.0000 0.9053 
0.0015 0.0074 0.9911 0.0000 

