MEME version 4

ALPHABET= ACGT

Background letter frequencies:
A 0.2500 C 0.2500 G 0.2500 T 0.2500 

MOTIF filter0 
letter-probability matrix: alength= 4 w= 20 nsites= 20 
0.2173 0.2786 0.2694 0.2347 
0.2827 0.2357 0.2418 0.2398 
0.1643 0.0888 0.0459 0.7010 
0.0398 0.0959 0.6429 0.2214 
0.3980 0.3878 0.0847 0.1296 
0.0020 0.9857 0.0092 0.0031 
0.0020 0.9694 0.0143 0.0143 
0.8031 0.0082 0.0153 0.1735 
0.0337 0.0010 0.0051 0.9602 
0.9898 0.0061 0.0031 0.0010 
0.0000 0.0020 0.0020 0.9959 
0.9622 0.0061 0.0000 0.0316 
0.1786 0.0102 0.0051 0.8061 
0.0031 0.0153 0.9755 0.0061 
0.0061 0.0163 0.9714 0.0061 
0.1163 0.0796 0.3806 0.4235 
0.2316 0.6378 0.0949 0.0357 
0.7051 0.0347 0.0724 0.1878 
0.2398 0.2827 0.2357 0.2418 
0.2276 0.2541 0.2673 0.2510 

MOTIF filter1 
letter-probability matrix: alength= 4 w= 13 nsites= 13 
0.2404 0.2479 0.2329 0.2788 
0.2367 0.2050 0.3467 0.2117 
0.3405 0.2495 0.2951 0.1148 
0.0271 0.0290 0.0440 0.8999 
0.0231 0.0392 0.8261 0.1116 
0.8887 0.0357 0.0432 0.0325 
0.0690 0.4454 0.4384 0.0472 
0.0290 0.0373 0.0327 0.9010 
0.0786 0.8626 0.0266 0.0322 
0.8937 0.0370 0.0362 0.0330 
0.0912 0.3048 0.2742 0.3298 
0.2155 0.3249 0.2257 0.2340 
0.2656 0.2286 0.2578 0.2479 

MOTIF filter2 
letter-probability matrix: alength= 4 w= 17 nsites= 17 
0.5789 0.0588 0.0867 0.2755 
0.4644 0.0000 0.0186 0.5170 
0.2539 0.1765 0.1734 0.3963 
0.0124 0.0000 0.0000 0.9876 
0.0000 0.0000 1.0000 0.0000 
0.0062 0.9938 0.0000 0.0000 
0.0000 0.0000 0.0000 1.0000 
0.0000 0.0000 0.9876 0.0124 
1.0000 0.0000 0.0000 0.0000 
0.0186 0.5139 0.3065 0.1610 
0.1920 0.1393 0.0372 0.6316 
0.1920 0.3498 0.1176 0.3406 
0.4830 0.0495 0.2105 0.2570 
0.1300 0.0155 0.5820 0.2724 
0.2724 0.2786 0.2446 0.2043 
0.2786 0.1920 0.2817 0.2477 
0.2074 0.2446 0.2632 0.2848 

MOTIF filter3 
letter-probability matrix: alength= 4 w= 16 nsites= 16 
0.3868 0.2241 0.1910 0.1981 
0.0896 0.3585 0.1274 0.4245 
0.0708 0.3184 0.3656 0.2453 
0.4245 0.1368 0.4340 0.0047 
0.5778 0.0094 0.3703 0.0425 
0.0000 1.0000 0.0000 0.0000 
0.0000 1.0000 0.0000 0.0000 
1.0000 0.0000 0.0000 0.0000 
1.0000 0.0000 0.0000 0.0000 
0.0000 0.0000 0.0000 1.0000 
0.0212 0.7712 0.2052 0.0024 
0.8349 0.0047 0.1604 0.0000 
0.0825 0.0755 0.8278 0.0142 
0.2146 0.2618 0.2547 0.2689 
0.2594 0.2028 0.2759 0.2618 
0.2311 0.2807 0.2335 0.2547 

MOTIF filter4 
letter-probability matrix: alength= 4 w= 15 nsites= 15 
0.2448 0.2414 0.2690 0.2448 
0.2414 0.2276 0.2897 0.2414 
0.2517 0.0517 0.6276 0.0690 
0.1138 0.0000 0.8414 0.0448 
0.1414 0.0000 0.8586 0.0000 
0.0000 0.0000 1.0000 0.0000 
0.0000 0.0000 1.0000 0.0000 
0.3069 0.5931 0.0000 0.1000 
0.0000 0.0000 1.0000 0.0000 
0.0000 0.0000 1.0000 0.0000 
0.1138 0.0000 0.8862 0.0000 
0.1138 0.0345 0.8517 0.0000 
0.1517 0.6138 0.1448 0.0897 
0.2828 0.2000 0.3034 0.2138 
0.2103 0.2793 0.2103 0.3000 

MOTIF filter5 
letter-probability matrix: alength= 4 w= 14 nsites= 14 
0.1745 0.2073 0.3236 0.2945 
0.0145 0.5055 0.2073 0.2727 
0.0873 0.6982 0.1345 0.0800 
0.6836 0.0000 0.2727 0.0436 
0.0000 0.9527 0.0109 0.0364 
0.0000 0.0000 0.0000 1.0000 
0.0000 0.0000 0.0000 1.0000 
0.0000 1.0000 0.0000 0.0000 
0.0000 1.0000 0.0000 0.0000 
0.0000 0.0000 0.9964 0.0036 
0.0000 0.1127 0.8727 0.0145 
0.2800 0.1818 0.2109 0.3273 
0.2000 0.2582 0.2400 0.3018 
0.2255 0.2073 0.3055 0.2618 

MOTIF filter6 
letter-probability matrix: alength= 4 w= 17 nsites= 17 
0.2861 0.2319 0.2289 0.2530 
0.2349 0.2922 0.2560 0.2169 
0.2319 0.2349 0.2590 0.2741 
0.1235 0.0181 0.6958 0.1627 
0.0723 0.7259 0.1114 0.0904 
0.2922 0.3404 0.2560 0.1114 
0.0572 0.0000 0.8584 0.0843 
0.0000 1.0000 0.0000 0.0000 
0.0000 1.0000 0.0000 0.0000 
1.0000 0.0000 0.0000 0.0000 
0.0000 0.0000 0.0000 1.0000 
0.0060 0.4849 0.1416 0.3675 
0.0000 0.0241 0.0000 0.9759 
0.0000 0.0090 0.0000 0.9910 
0.0723 0.0843 0.7199 0.1235 
0.2681 0.2259 0.2590 0.2470 
0.1898 0.2892 0.2651 0.2560 

MOTIF filter7 
letter-probability matrix: alength= 4 w= 14 nsites= 14 
0.1887 0.1987 0.3411 0.2715 
0.0166 0.4603 0.2351 0.2881 
0.0563 0.6391 0.1225 0.1821 
0.7616 0.0099 0.2285 0.0000 
0.0000 0.9735 0.0033 0.0232 
0.0000 0.0000 0.0000 1.0000 
0.0000 0.0000 0.0000 1.0000 
0.0000 1.0000 0.0000 0.0000 
0.0000 1.0000 0.0000 0.0000 
0.0000 0.0000 0.9834 0.0166 
0.0000 0.1291 0.8709 0.0000 
0.2848 0.2185 0.2517 0.2450 
0.2815 0.2252 0.2384 0.2550 
0.2781 0.2219 0.1987 0.3013 

MOTIF filter8 
letter-probability matrix: alength= 4 w= 16 nsites= 16 
0.2314 0.2420 0.2447 0.2819 
0.2234 0.2819 0.2766 0.2181 
0.2553 0.2606 0.2048 0.2793 
0.1489 0.6676 0.1303 0.0532 
1.0000 0.0000 0.0000 0.0000 
0.9867 0.0000 0.0133 0.0000 
0.4335 0.0851 0.4574 0.0239 
1.0000 0.0000 0.0000 0.0000 
0.0000 0.0000 0.0000 1.0000 
0.0000 0.0000 1.0000 0.0000 
0.0000 0.0000 1.0000 0.0000 
0.0638 0.8484 0.0000 0.0878 
0.1170 0.2021 0.4122 0.2686 
0.0931 0.0878 0.7527 0.0665 
0.1356 0.7606 0.0266 0.0771 
0.2606 0.2447 0.2181 0.2766 

MOTIF filter9 
letter-probability matrix: alength= 4 w= 17 nsites= 17 
0.2291 0.2105 0.1207 0.4396 
0.2724 0.1858 0.3158 0.2260 
0.6718 0.0402 0.0743 0.2136 
0.1796 0.3127 0.4644 0.0433 
0.0000 0.0000 0.0000 1.0000 
0.0093 0.9907 0.0000 0.0000 
1.0000 0.0000 0.0000 0.0000 
0.0000 0.0000 1.0000 0.0000 
0.0000 1.0000 0.0000 0.0000 
0.9876 0.0000 0.0000 0.0124 
0.4768 0.1424 0.1238 0.2570 
0.4241 0.0372 0.0031 0.5356 
0.3994 0.0836 0.0124 0.5046 
0.3034 0.1022 0.0093 0.5851 
0.2601 0.2012 0.2384 0.3003 
0.3034 0.2477 0.2291 0.2198 
0.2384 0.3189 0.2074 0.2353 

MOTIF filter10 
letter-probability matrix: alength= 4 w= 16 nsites= 16 
0.2719 0.2573 0.2573 0.2135 
0.2807 0.3275 0.1988 0.1930 
0.0789 0.1520 0.5263 0.2427 
0.0000 0.8304 0.0088 0.1608 
0.0000 0.8918 0.0000 0.1082 
0.0000 1.0000 0.0000 0.0000 
0.0000 1.0000 0.0000 0.0000 
0.1111 0.0000 0.6228 0.2661 
0.0000 1.0000 0.0000 0.0000 
0.0000 1.0000 0.0000 0.0000 
0.0000 0.7836 0.0000 0.2164 
0.0673 0.8392 0.0000 0.0936 
0.0234 0.6491 0.0556 0.2719 
0.2485 0.2515 0.2222 0.2778 
0.2895 0.2135 0.2310 0.2661 
0.2427 0.2953 0.2515 0.2105 

MOTIF filter11 
letter-probability matrix: alength= 4 w= 20 nsites= 20 
0.2037 0.2963 0.2407 0.2593 
0.0772 0.2315 0.0340 0.6574 
0.2099 0.0401 0.0988 0.6512 
0.2809 0.1728 0.0185 0.5278 
0.4228 0.0432 0.0494 0.4846 
0.5895 0.0370 0.0340 0.3395 
0.2284 0.0710 0.0802 0.6204 
0.1451 0.0185 0.2469 0.5895 
0.6698 0.0154 0.0093 0.3056 
0.4846 0.0154 0.4784 0.0216 
0.3488 0.2407 0.1944 0.2160 
0.4568 0.2006 0.0123 0.3302 
0.1173 0.1728 0.0247 0.6852 
0.3364 0.4383 0.1265 0.0988 
0.7685 0.0586 0.1574 0.0154 
0.6265 0.0123 0.3241 0.0370 
0.1204 0.0278 0.6944 0.1574 
0.1080 0.1759 0.2006 0.5154 
0.2716 0.0617 0.2840 0.3827 
0.1080 0.0926 0.1605 0.6389 

MOTIF filter12 
letter-probability matrix: alength= 4 w= 16 nsites= 16 
0.2699 0.1765 0.3218 0.2318 
0.5986 0.0657 0.1315 0.2042 
0.1765 0.2907 0.5087 0.0242 
0.0000 0.0000 0.0000 1.0000 
0.0173 0.9827 0.0000 0.0000 
1.0000 0.0000 0.0000 0.0000 
0.0000 0.0000 0.9827 0.0173 
0.0000 1.0000 0.0000 0.0000 
1.0000 0.0000 0.0000 0.0000 
0.4602 0.1696 0.1107 0.2595 
0.4671 0.0554 0.0035 0.4740 
0.3875 0.0138 0.0000 0.5986 
0.3287 0.0865 0.0138 0.5709 
0.2664 0.2284 0.2699 0.2353 
0.2318 0.2941 0.2180 0.2561 
0.2284 0.2976 0.2076 0.2664 

MOTIF filter13 
letter-probability matrix: alength= 4 w= 11 nsites= 11 
0.2456 0.2716 0.2360 0.2467 
0.2643 0.2315 0.2349 0.2694 
0.6022 0.0000 0.0000 0.3978 
0.0000 0.0000 0.0000 1.0000 
0.0000 0.0249 0.0000 0.9751 
0.9117 0.0000 0.0883 0.0000 
1.0000 0.0000 0.0000 0.0000 
0.3950 0.0000 0.0000 0.6050 
0.2586 0.2343 0.2473 0.2598 
0.2371 0.2569 0.2643 0.2417 
0.2558 0.2615 0.2349 0.2479 

MOTIF filter14 
letter-probability matrix: alength= 4 w= 14 nsites= 14 
0.2707 0.2412 0.2412 0.2469 
0.1535 0.2126 0.1563 0.4776 
0.0000 0.0010 0.0000 0.9990 
0.0000 0.0000 0.0257 0.9743 
0.0810 0.9094 0.0029 0.0067 
0.0248 0.7645 0.0000 0.2107 
0.2564 0.2412 0.2383 0.2641 
0.2316 0.0000 0.7550 0.0133 
0.0000 0.0019 0.9075 0.0906 
0.9762 0.0229 0.0010 0.0000 
0.9971 0.0000 0.0029 0.0000 
0.4919 0.1439 0.2107 0.1535 
0.2307 0.2650 0.2469 0.2574 
0.2622 0.2193 0.2622 0.2564 

MOTIF filter15 
letter-probability matrix: alength= 4 w= 16 nsites= 16 
0.2416 0.2819 0.2349 0.2416 
0.2483 0.2148 0.2718 0.2651 
0.2349 0.2819 0.2315 0.2517 
0.5906 0.0000 0.0805 0.3289 
0.6779 0.0000 0.0134 0.3087 
0.4430 0.0101 0.0168 0.5302 
0.3087 0.1510 0.1309 0.4094 
0.0034 0.0000 0.0000 0.9966 
0.0000 0.0000 1.0000 0.0000 
0.0268 0.9732 0.0000 0.0000 
0.0000 0.0000 0.0000 1.0000 
0.0000 0.0000 0.9866 0.0134 
1.0000 0.0000 0.0000 0.0000 
0.0302 0.5403 0.2819 0.1477 
0.1946 0.1477 0.0604 0.5973 
0.1812 0.3893 0.1275 0.3020 

MOTIF filter16 
letter-probability matrix: alength= 4 w= 15 nsites= 15 
0.2834 0.3079 0.2016 0.2071 
0.2752 0.2807 0.2071 0.2371 
0.2398 0.2343 0.2534 0.2725 
0.0136 0.8229 0.0790 0.0845 
0.0000 0.1744 0.0000 0.8256 
0.0000 0.2371 0.7384 0.0245 
1.0000 0.0000 0.0000 0.0000 
0.0000 0.0000 0.0000 1.0000 
0.0000 0.0000 0.0000 1.0000 
0.0000 0.0000 1.0000 0.0000 
0.0000 0.0000 1.0000 0.0000 
0.0381 0.3842 0.0054 0.5722 
0.0109 0.4305 0.1444 0.4142 
0.1689 0.4332 0.3215 0.0763 
0.4741 0.1444 0.3134 0.0681 

MOTIF filter17 
letter-probability matrix: alength= 4 w= 11 nsites= 11 
0.2333 0.2538 0.2689 0.2441 
0.2613 0.2608 0.2441 0.2338 
0.4526 0.1455 0.3777 0.0242 
0.0075 0.0086 0.0086 0.9752 
0.0011 0.0032 0.0911 0.9046 
0.3023 0.0043 0.5711 0.1223 
0.0544 0.7570 0.0334 0.1552 
0.1471 0.0312 0.7883 0.0334 
0.1385 0.5846 0.0059 0.2710 
0.8696 0.1110 0.0043 0.0151 
0.9881 0.0011 0.0081 0.0027 

MOTIF filter18 
letter-probability matrix: alength= 4 w= 13 nsites= 13 
0.3243 0.2270 0.2784 0.1703 
0.2297 0.3027 0.2297 0.2378 
0.0514 0.2162 0.5108 0.2216 
0.0000 0.7973 0.0297 0.1730 
0.0000 0.8432 0.0000 0.1568 
0.0000 1.0000 0.0000 0.0000 
0.0000 1.0000 0.0000 0.0000 
0.1000 0.0000 0.6027 0.2973 
0.0000 1.0000 0.0000 0.0000 
0.0000 1.0000 0.0000 0.0000 
0.0000 0.8243 0.0000 0.1757 
0.0784 0.8243 0.0000 0.0973 
0.0568 0.6595 0.0622 0.2216 

MOTIF filter19 
letter-probability matrix: alength= 4 w= 15 nsites= 15 
0.2907 0.2248 0.2326 0.2519 
0.2326 0.2248 0.3178 0.2248 
0.2016 0.2364 0.2868 0.2752 
0.0000 0.8953 0.1047 0.0000 
0.0310 0.9690 0.0000 0.0000 
0.0000 0.0000 1.0000 0.0000 
0.0000 0.0000 1.0000 0.0000 
1.0000 0.0000 0.0000 0.0000 
1.0000 0.0000 0.0000 0.0000 
0.0271 0.0039 0.9690 0.0000 
0.0233 0.2868 0.0116 0.6783 
0.1473 0.0233 0.8101 0.0194 
0.2519 0.2132 0.5271 0.0078 
0.2016 0.3953 0.2403 0.1628 
0.1860 0.3023 0.2558 0.2558 

MOTIF filter20 
letter-probability matrix: alength= 4 w= 20 nsites= 20 
0.2883 0.2264 0.2365 0.2487 
0.0193 0.2893 0.4416 0.2497 
0.0558 0.2396 0.0051 0.6995 
0.1157 0.5269 0.0619 0.2954 
0.3086 0.0000 0.2244 0.4670 
0.2112 0.0355 0.7340 0.0193 
0.0193 0.3584 0.5949 0.0274 
0.1766 0.0528 0.5513 0.2193 
0.3655 0.0497 0.1777 0.4071 
0.3381 0.0985 0.3269 0.2365 
0.3025 0.4619 0.1431 0.0924 
0.1655 0.2132 0.3563 0.2650 
0.0284 0.8294 0.1168 0.0254 
0.5898 0.0995 0.0010 0.3096 
0.3096 0.1442 0.4061 0.1401 
0.1279 0.2690 0.1726 0.4305 
0.5096 0.3756 0.0223 0.0924 
0.1888 0.2030 0.0244 0.5838 
0.4325 0.2305 0.0690 0.2680 
0.6142 0.0426 0.1584 0.1848 

MOTIF filter21 
letter-probability matrix: alength= 4 w= 16 nsites= 16 
0.2167 0.2879 0.2477 0.2477 
0.1393 0.0557 0.3498 0.4551 
0.0402 0.9443 0.0000 0.0155 
0.0000 0.0031 0.0000 0.9969 
1.0000 0.0000 0.0000 0.0000 
0.6068 0.0000 0.0031 0.3901 
0.9474 0.0000 0.0000 0.0526 
1.0000 0.0000 0.0000 0.0000 
1.0000 0.0000 0.0000 0.0000 
0.0000 0.0031 0.0000 0.9969 
0.9969 0.0000 0.0031 0.0000 
0.1393 0.0000 0.8607 0.0000 
0.5759 0.3344 0.0217 0.0681 
0.2601 0.2229 0.2508 0.2663 
0.2384 0.2601 0.2601 0.2415 
0.2693 0.2508 0.2601 0.2198 

MOTIF filter22 
letter-probability matrix: alength= 4 w= 16 nsites= 16 
0.2261 0.2436 0.2584 0.2719 
0.1952 0.2934 0.2840 0.2275 
0.3109 0.2530 0.1978 0.2382 
0.1400 0.0619 0.0350 0.7631 
0.0310 0.0713 0.6703 0.2275 
0.4266 0.3957 0.0633 0.1144 
0.0013 0.9987 0.0000 0.0000 
0.0000 1.0000 0.0000 0.0000 
0.8277 0.0000 0.0054 0.1669 
0.0027 0.0000 0.0000 0.9973 
1.0000 0.0000 0.0000 0.0000 
0.0000 0.0013 0.0000 0.9987 
0.9987 0.0000 0.0000 0.0013 
0.1171 0.0013 0.0000 0.8816 
0.0013 0.0027 0.9960 0.0000 
0.0000 0.0000 1.0000 0.0000 

MOTIF filter23 
letter-probability matrix: alength= 4 w= 14 nsites= 14 
0.2471 0.2778 0.2427 0.2325 
0.2339 0.2749 0.2544 0.2368 
0.1023 0.0365 0.3509 0.5102 
0.0029 0.9269 0.0000 0.0702 
0.0000 0.0000 0.0000 1.0000 
1.0000 0.0000 0.0000 0.0000 
0.2208 0.0000 0.0029 0.7763 
0.4137 0.0000 0.0000 0.5863 
0.5161 0.0000 0.0000 0.4839 
0.6886 0.0000 0.0000 0.3114 
0.0000 0.0000 0.0000 1.0000 
0.9985 0.0000 0.0015 0.0000 
0.0365 0.0000 0.9444 0.0190 
0.5044 0.3816 0.0336 0.0804 

MOTIF filter24 
letter-probability matrix: alength= 4 w= 17 nsites= 17 
0.2209 0.2353 0.2667 0.2771 
0.2000 0.2837 0.2784 0.2379 
0.2889 0.2458 0.2261 0.2392 
0.1294 0.0667 0.0327 0.7712 
0.0261 0.0837 0.6876 0.2026 
0.4118 0.3974 0.0732 0.1176 
0.0013 0.9987 0.0000 0.0000 
0.0000 0.9948 0.0000 0.0052 
0.8667 0.0000 0.0013 0.1320 
0.0144 0.0000 0.0013 0.9843 
1.0000 0.0000 0.0000 0.0000 
0.0000 0.0000 0.0013 0.9987 
0.9935 0.0000 0.0000 0.0065 
0.1529 0.0052 0.0000 0.8418 
0.0013 0.0078 0.9908 0.0000 
0.0000 0.0000 0.9987 0.0013 
0.0889 0.0431 0.4000 0.4680 

MOTIF filter25 
letter-probability matrix: alength= 4 w= 15 nsites= 15 
0.2535 0.2287 0.2241 0.2937 
0.2597 0.2488 0.2272 0.2643 
0.1283 0.1839 0.1406 0.5471 
0.0000 0.0000 0.0000 1.0000 
0.0000 0.0000 0.0000 1.0000 
0.0170 0.9830 0.0000 0.0000 
0.0000 0.8114 0.0000 0.1886 
0.2658 0.1947 0.2658 0.2736 
0.1453 0.0000 0.8532 0.0015 
0.0000 0.0000 0.9799 0.0201 
1.0000 0.0000 0.0000 0.0000 
1.0000 0.0000 0.0000 0.0000 
0.5873 0.0773 0.1886 0.1468 
0.2427 0.3045 0.2226 0.2303 
0.2427 0.2782 0.2504 0.2287 

MOTIF filter26 
letter-probability matrix: alength= 4 w= 14 nsites= 14 
0.2245 0.2364 0.2619 0.2772 
0.2483 0.2449 0.2636 0.2432 
0.2211 0.2687 0.2534 0.2568 
0.5136 0.1259 0.3537 0.0068 
0.0000 0.0000 0.0000 1.0000 
0.0000 0.0000 0.0187 0.9813 
0.2772 0.0000 0.6616 0.0612 
0.0000 0.9779 0.0000 0.0221 
0.0527 0.0000 0.9473 0.0000 
0.0374 0.7517 0.0000 0.2109 
0.9966 0.0034 0.0000 0.0000 
1.0000 0.0000 0.0000 0.0000 
0.0000 0.3690 0.0765 0.5544 
0.2857 0.2704 0.2483 0.1956 

MOTIF filter27 
letter-probability matrix: alength= 4 w= 20 nsites= 20 
0.0000 0.4167 0.2500 0.3333 
0.3333 0.0833 0.4167 0.1667 
0.7500 0.1667 0.0833 0.0000 
0.0000 0.8333 0.1667 0.0000 
0.0000 0.0000 0.0000 1.0000 
0.6667 0.3333 0.0000 0.0000 
0.3333 0.0000 0.4167 0.2500 
0.0000 0.3333 0.4167 0.2500 
0.2500 0.4167 0.3333 0.0000 
0.6667 0.3333 0.0000 0.0000 
0.0000 0.2500 0.7500 0.0000 
0.5833 0.0000 0.0000 0.4167 
0.0000 0.0833 0.4167 0.5000 
0.3333 0.4167 0.0833 0.1667 
0.0000 0.0000 0.5833 0.4167 
0.4167 0.5833 0.0000 0.0000 
0.9167 0.0000 0.0000 0.0833 
0.0000 0.5000 0.0000 0.5000 
0.0000 0.0000 1.0000 0.0000 
0.0000 0.4167 0.2500 0.3333 

MOTIF filter28 
letter-probability matrix: alength= 4 w= 17 nsites= 17 
0.2806 0.1743 0.1964 0.3487 
0.5872 0.0361 0.1383 0.2385 
0.5431 0.0180 0.0421 0.3968 
0.2745 0.1543 0.3988 0.1723 
0.0000 0.0000 0.0000 1.0000 
0.0020 0.5311 0.4669 0.0000 
0.6293 0.3707 0.0000 0.0000 
0.0000 0.0000 0.3747 0.6253 
0.0000 0.4890 0.5110 0.0000 
1.0000 0.0000 0.0000 0.0000 
0.1924 0.3367 0.2104 0.2605 
0.3226 0.0160 0.0060 0.6553 
0.2585 0.1503 0.0762 0.5150 
0.3066 0.0822 0.0341 0.5772 
0.1864 0.1784 0.4188 0.2164 
0.2946 0.2244 0.3086 0.1723 
0.2325 0.1924 0.2665 0.3086 

MOTIF filter29 
letter-probability matrix: alength= 4 w= 11 nsites= 11 
0.2216 0.2397 0.2371 0.3015 
0.2371 0.2062 0.2964 0.2603 
0.2242 0.2912 0.2397 0.2448 
0.0000 0.8273 0.1727 0.0000 
0.0258 0.9742 0.0000 0.0000 
0.0000 0.0000 1.0000 0.0000 
0.0000 0.0000 1.0000 0.0000 
1.0000 0.0000 0.0000 0.0000 
1.0000 0.0000 0.0000 0.0000 
0.0129 0.0026 0.9845 0.0000 
0.0206 0.3376 0.0155 0.6263 

MOTIF filter30 
letter-probability matrix: alength= 4 w= 13 nsites= 13 
0.2524 0.2747 0.2492 0.2238 
0.2545 0.2609 0.2481 0.2365 
0.1092 0.0700 0.3457 0.4751 
0.0339 0.8335 0.0053 0.1273 
0.0000 0.0032 0.0021 0.9947 
0.9968 0.0021 0.0011 0.0000 
0.2322 0.0011 0.0000 0.7667 
0.4157 0.0000 0.0000 0.5843 
0.5090 0.0011 0.0011 0.4889 
0.6660 0.0074 0.0000 0.3266 
0.0042 0.0011 0.0042 0.9905 
0.9894 0.0011 0.0095 0.0000 
0.0954 0.0011 0.8494 0.0541 

MOTIF filter31 
letter-probability matrix: alength= 4 w= 16 nsites= 16 
0.2384 0.2548 0.2384 0.2685 
0.2301 0.2274 0.2630 0.2795 
0.2301 0.2548 0.2630 0.2521 
0.2575 0.0301 0.6685 0.0438 
0.1507 0.0000 0.7644 0.0849 
0.1726 0.0000 0.8274 0.0000 
0.0000 0.0000 1.0000 0.0000 
0.0000 0.0000 1.0000 0.0000 
0.2932 0.5507 0.0000 0.1562 
0.0000 0.0000 1.0000 0.0000 
0.0000 0.0000 1.0000 0.0000 
0.1781 0.0000 0.8192 0.0027 
0.2384 0.0192 0.7425 0.0000 
0.1890 0.5534 0.2110 0.0466 
0.2685 0.1863 0.3041 0.2411 
0.2603 0.2932 0.2356 0.2110 

