MEME version 4

ALPHABET= ACGT

Background letter frequencies:
A 0.2500 C 0.2500 G 0.2500 T 0.2500 

MOTIF filter0 
letter-probability matrix: alength= 4 w= 14 nsites= 14 
0.1263 0.2215 0.4066 0.2457 
0.0000 0.6920 0.0657 0.2422 
0.0017 0.7785 0.0000 0.2197 
0.0000 1.0000 0.0000 0.0000 
0.0000 1.0000 0.0000 0.0000 
0.1315 0.0000 0.5606 0.3080 
0.0000 1.0000 0.0000 0.0000 
0.0000 1.0000 0.0000 0.0000 
0.0000 0.7630 0.0000 0.2370 
0.1055 0.7249 0.0000 0.1696 
0.0502 0.5727 0.0830 0.2941 
0.2543 0.2491 0.2474 0.2491 
0.2664 0.2509 0.2370 0.2457 
0.2543 0.2907 0.2301 0.2249 

MOTIF filter1 
letter-probability matrix: alength= 4 w= 17 nsites= 17 
0.2716 0.2359 0.2613 0.2312 
0.4051 0.1588 0.1767 0.2594 
0.2209 0.3120 0.2030 0.2641 
0.0009 0.2049 0.0658 0.7284 
0.0987 0.2650 0.4502 0.1861 
0.5921 0.0216 0.3797 0.0066 
0.3017 0.0977 0.1833 0.4173 
0.0132 0.5865 0.0000 0.4004 
0.1692 0.5103 0.1955 0.1250 
0.6682 0.0197 0.2754 0.0367 
0.8383 0.1165 0.0038 0.0414 
0.1128 0.0912 0.0019 0.7942 
0.0216 0.4962 0.3628 0.1194 
0.7923 0.0282 0.1504 0.0291 
0.1241 0.0940 0.5141 0.2679 
0.0282 0.2575 0.2453 0.4690 
0.3214 0.1711 0.3712 0.1363 

MOTIF filter2 
letter-probability matrix: alength= 4 w= 14 nsites= 14 
0.2314 0.2669 0.2582 0.2435 
0.2669 0.2582 0.2348 0.2401 
0.4545 0.1471 0.3575 0.0409 
0.0132 0.0083 0.0146 0.9640 
0.0078 0.0049 0.1189 0.8685 
0.3039 0.0083 0.5563 0.1315 
0.0575 0.7555 0.0253 0.1617 
0.1525 0.0317 0.7769 0.0390 
0.1383 0.5874 0.0049 0.2694 
0.8651 0.1145 0.0073 0.0132 
0.9688 0.0058 0.0151 0.0102 
0.0434 0.3298 0.1627 0.4642 
0.2499 0.2660 0.2606 0.2236 
0.2431 0.2333 0.2562 0.2674 

MOTIF filter3 
letter-probability matrix: alength= 4 w= 15 nsites= 15 
0.2528 0.2680 0.2402 0.2389 
0.2351 0.2705 0.2630 0.2314 
0.1113 0.0455 0.3426 0.5006 
0.0152 0.9140 0.0000 0.0708 
0.0000 0.0038 0.0000 0.9962 
1.0000 0.0000 0.0000 0.0000 
0.2630 0.0000 0.0088 0.7282 
0.4539 0.0000 0.0000 0.5461 
0.5411 0.0000 0.0000 0.4589 
0.6966 0.0013 0.0000 0.3021 
0.0000 0.0000 0.0000 1.0000 
0.9975 0.0000 0.0025 0.0000 
0.0569 0.0000 0.9254 0.0177 
0.4716 0.3742 0.0442 0.1100 
0.2807 0.2288 0.2680 0.2225 

MOTIF filter4 
letter-probability matrix: alength= 4 w= 18 nsites= 18 
0.2535 0.5253 0.0507 0.1705 
0.1843 0.2166 0.1014 0.4977 
0.2949 0.1567 0.3594 0.1889 
0.7834 0.0323 0.0230 0.1613 
0.3502 0.1106 0.3594 0.1797 
0.0783 0.0000 0.0046 0.9171 
0.1106 0.7281 0.0046 0.1567 
0.6083 0.0000 0.0000 0.3917 
0.0000 0.0000 1.0000 0.0000 
0.0000 1.0000 0.0000 0.0000 
0.5161 0.0000 0.0000 0.4839 
0.2212 0.0092 0.6359 0.1336 
0.8571 0.0000 0.0184 0.1244 
0.1475 0.2350 0.1382 0.4793 
0.1613 0.0968 0.0184 0.7235 
0.1521 0.3871 0.2166 0.2442 
0.4147 0.1567 0.1613 0.2673 
0.1567 0.0968 0.5253 0.2212 

MOTIF filter5 
letter-probability matrix: alength= 4 w= 12 nsites= 12 
0.2446 0.2321 0.2601 0.2632 
0.2332 0.1637 0.3959 0.2073 
0.4010 0.2259 0.3679 0.0052 
0.0000 0.0000 0.0000 1.0000 
0.0000 0.0000 1.0000 0.0000 
1.0000 0.0000 0.0000 0.0000 
0.0010 0.4984 0.5005 0.0000 
0.0000 0.0000 0.0000 1.0000 
0.0000 1.0000 0.0000 0.0000 
1.0000 0.0000 0.0000 0.0000 
0.0031 0.3326 0.2570 0.4073 
0.2176 0.3596 0.1907 0.2321 

MOTIF filter6 
letter-probability matrix: alength= 4 w= 15 nsites= 15 
0.2491 0.2621 0.2444 0.2444 
0.2472 0.2658 0.2528 0.2342 
0.1273 0.0809 0.3401 0.4517 
0.0567 0.8104 0.0056 0.1273 
0.0009 0.0093 0.0009 0.9888 
0.9944 0.0000 0.0019 0.0037 
0.2965 0.0009 0.0084 0.6942 
0.4545 0.0065 0.0000 0.5390 
0.5455 0.0000 0.0009 0.4535 
0.6812 0.0037 0.0000 0.3151 
0.0084 0.0019 0.0000 0.9898 
0.9777 0.0037 0.0149 0.0037 
0.1273 0.0019 0.8169 0.0539 
0.4284 0.3597 0.0613 0.1506 
0.2704 0.2398 0.2537 0.2361 

MOTIF filter7 
letter-probability matrix: alength= 4 w= 16 nsites= 16 
0.2377 0.2906 0.2038 0.2679 
0.1698 0.2981 0.3208 0.2113 
0.2226 0.2792 0.2377 0.2604 
0.1698 0.7396 0.0302 0.0604 
1.0000 0.0000 0.0000 0.0000 
0.9774 0.0000 0.0113 0.0113 
0.3925 0.1283 0.4679 0.0113 
1.0000 0.0000 0.0000 0.0000 
0.0000 0.0000 0.0000 1.0000 
0.0000 0.0000 1.0000 0.0000 
0.0000 0.0000 1.0000 0.0000 
0.0302 0.9132 0.0000 0.0566 
0.0906 0.2226 0.4340 0.2528 
0.0642 0.1019 0.7660 0.0679 
0.1132 0.8075 0.0340 0.0453 
0.2604 0.2377 0.2453 0.2566 

MOTIF filter8 
letter-probability matrix: alength= 4 w= 17 nsites= 17 
0.2368 0.2461 0.2461 0.2710 
0.2399 0.2835 0.3084 0.1682 
0.2741 0.2617 0.2025 0.2617 
0.1620 0.6729 0.1246 0.0405 
0.9907 0.0000 0.0093 0.0000 
0.9844 0.0000 0.0156 0.0000 
0.4299 0.0810 0.4860 0.0031 
1.0000 0.0000 0.0000 0.0000 
0.0000 0.0000 0.0000 1.0000 
0.0000 0.0000 1.0000 0.0000 
0.0000 0.0000 1.0000 0.0000 
0.0561 0.8941 0.0000 0.0498 
0.1028 0.1776 0.4548 0.2648 
0.0779 0.0748 0.7788 0.0685 
0.1340 0.7819 0.0218 0.0623 
0.2336 0.2274 0.2212 0.3178 
0.2368 0.2336 0.3053 0.2243 

MOTIF filter9 
letter-probability matrix: alength= 4 w= 12 nsites= 12 
0.2215 0.1798 0.3840 0.2146 
0.4005 0.2181 0.3458 0.0356 
0.0000 0.0000 0.0000 1.0000 
0.0000 0.0000 0.9531 0.0469 
1.0000 0.0000 0.0000 0.0000 
0.0130 0.4831 0.4761 0.0278 
0.0000 0.0000 0.0000 1.0000 
0.0000 1.0000 0.0000 0.0000 
1.0000 0.0000 0.0000 0.0000 
0.0321 0.3310 0.2485 0.3884 
0.2163 0.3692 0.1816 0.2328 
0.2641 0.2155 0.2650 0.2554 

MOTIF filter10 
letter-probability matrix: alength= 4 w= 17 nsites= 17 
0.5136 0.3142 0.1240 0.0482 
0.1705 0.3383 0.3982 0.0930 
0.1901 0.4540 0.0527 0.3031 
0.4523 0.0086 0.5360 0.0031 
0.0055 0.0758 0.5670 0.3517 
0.1640 0.1585 0.4867 0.1908 
0.0145 0.1616 0.6507 0.1733 
0.1919 0.2274 0.0341 0.5467 
0.1636 0.2553 0.1802 0.4010 
0.3424 0.3104 0.3131 0.0341 
0.1585 0.2125 0.4957 0.1333 
0.4265 0.1430 0.4061 0.0245 
0.1085 0.5880 0.2101 0.0934 
0.1498 0.3965 0.2983 0.1554 
0.0155 0.4967 0.0999 0.3879 
0.0610 0.5198 0.3438 0.0754 
0.0341 0.3731 0.3948 0.1981 

MOTIF filter11 
letter-probability matrix: alength= 4 w= 10 nsites= 10 
0.2410 0.2651 0.2599 0.2339 
0.4267 0.2078 0.2326 0.1329 
0.2476 0.3101 0.3179 0.1244 
0.0000 1.0000 0.0000 0.0000 
0.9661 0.0000 0.0339 0.0000 
0.0000 0.8762 0.0000 0.1238 
0.1336 0.0000 0.8664 0.0000 
0.0150 0.0332 0.0000 0.9518 
0.0000 0.0000 0.9987 0.0013 
0.1531 0.2919 0.2945 0.2606 

MOTIF filter12 
letter-probability matrix: alength= 4 w= 14 nsites= 14 
0.2672 0.2543 0.2241 0.2543 
0.1193 0.1983 0.1207 0.5618 
0.0000 0.0014 0.0000 0.9986 
0.0000 0.0000 0.0000 1.0000 
0.0230 0.9770 0.0000 0.0000 
0.0014 0.8132 0.0000 0.1853 
0.2514 0.2256 0.2500 0.2730 
0.1839 0.0000 0.8161 0.0000 
0.0000 0.0000 0.9784 0.0216 
1.0000 0.0000 0.0000 0.0000 
1.0000 0.0000 0.0000 0.0000 
0.5532 0.1092 0.1997 0.1379 
0.2328 0.2759 0.2443 0.2471 
0.2529 0.2629 0.2471 0.2371 

MOTIF filter13 
letter-probability matrix: alength= 4 w= 16 nsites= 16 
0.1453 0.1425 0.4046 0.3077 
0.1083 0.1396 0.3761 0.3761 
0.1738 0.4359 0.1709 0.2194 
0.7977 0.0513 0.0855 0.0655 
0.9031 0.0484 0.0484 0.0000 
0.4217 0.0826 0.4672 0.0285 
0.9088 0.0712 0.0199 0.0000 
0.0114 0.0427 0.0057 0.9402 
0.0142 0.0427 0.9430 0.0000 
0.0456 0.0342 0.8860 0.0342 
0.0712 0.8860 0.0000 0.0427 
0.1453 0.2479 0.3960 0.2108 
0.0484 0.0513 0.8462 0.0541 
0.0342 0.8575 0.0142 0.0940 
0.3333 0.1738 0.1966 0.2963 
0.3020 0.1652 0.2621 0.2707 

MOTIF filter14 
letter-probability matrix: alength= 4 w= 12 nsites= 12 
0.0612 0.7194 0.1871 0.0324 
0.0072 0.9928 0.0000 0.0000 
0.0000 0.0000 1.0000 0.0000 
0.0000 0.0000 1.0000 0.0000 
1.0000 0.0000 0.0000 0.0000 
1.0000 0.0000 0.0000 0.0000 
0.0108 0.0036 0.9856 0.0000 
0.0036 0.2626 0.0000 0.7338 
0.1906 0.0576 0.7014 0.0504 
0.2770 0.2302 0.4856 0.0072 
0.2194 0.3885 0.2518 0.1403 
0.2086 0.3094 0.2266 0.2554 

MOTIF filter15 
letter-probability matrix: alength= 4 w= 15 nsites= 15 
0.2853 0.5455 0.0439 0.1254 
0.2476 0.1850 0.0690 0.4984 
0.2947 0.1536 0.3135 0.2382 
0.6238 0.0502 0.1160 0.2100 
0.1661 0.3135 0.5016 0.0188 
0.0000 0.0000 0.0000 1.0000 
0.0063 0.9937 0.0000 0.0000 
1.0000 0.0000 0.0000 0.0000 
0.0000 0.0000 0.9812 0.0188 
0.0000 1.0000 0.0000 0.0000 
1.0000 0.0000 0.0000 0.0000 
0.4357 0.1818 0.1097 0.2727 
0.3918 0.0470 0.0000 0.5611 
0.3981 0.0721 0.0000 0.5298 
0.3197 0.1066 0.0157 0.5580 

MOTIF filter16 
letter-probability matrix: alength= 4 w= 18 nsites= 18 
0.2310 0.2805 0.2343 0.2541 
0.2772 0.2211 0.2607 0.2409 
0.2409 0.2805 0.2211 0.2574 
0.5347 0.0066 0.1320 0.3267 
0.6766 0.0066 0.0396 0.2772 
0.4719 0.0000 0.0297 0.4983 
0.2937 0.1452 0.1617 0.3993 
0.0033 0.0000 0.0000 0.9967 
0.0000 0.0000 1.0000 0.0000 
0.0165 0.9835 0.0000 0.0000 
0.0000 0.0000 0.0000 1.0000 
0.0000 0.0000 0.9934 0.0066 
1.0000 0.0000 0.0000 0.0000 
0.0231 0.5347 0.3102 0.1320 
0.2079 0.1320 0.0396 0.6205 
0.2046 0.3498 0.1023 0.3432 
0.5248 0.0462 0.1881 0.2409 
0.1386 0.0429 0.5677 0.2508 

MOTIF filter17 
letter-probability matrix: alength= 4 w= 20 nsites= 20 
0.2893 0.2319 0.2296 0.2491 
0.1596 0.0758 0.0448 0.7199 
0.0310 0.0964 0.6579 0.2147 
0.4191 0.3938 0.0666 0.1206 
0.0023 0.9966 0.0000 0.0011 
0.0000 0.9897 0.0034 0.0069 
0.8324 0.0023 0.0057 0.1596 
0.0161 0.0000 0.0023 0.9816 
0.9954 0.0034 0.0011 0.0000 
0.0000 0.0000 0.0011 0.9989 
0.9805 0.0000 0.0000 0.0195 
0.1515 0.0034 0.0000 0.8450 
0.0034 0.0034 0.9931 0.0000 
0.0000 0.0023 0.9931 0.0046 
0.1033 0.0712 0.3938 0.4317 
0.2296 0.6441 0.0930 0.0333 
0.7245 0.0344 0.0654 0.1757 
0.2411 0.2629 0.2388 0.2572 
0.2262 0.2618 0.2629 0.2491 
0.2491 0.2308 0.2618 0.2583 

MOTIF filter18 
letter-probability matrix: alength= 4 w= 19 nsites= 19 
0.2176 0.2319 0.2788 0.2717 
0.1892 0.2888 0.2731 0.2489 
0.2760 0.2475 0.2219 0.2546 
0.1280 0.0725 0.0270 0.7724 
0.0185 0.0612 0.7354 0.1849 
0.4182 0.3954 0.0711 0.1152 
0.0000 1.0000 0.0000 0.0000 
0.0000 0.9986 0.0000 0.0014 
0.8450 0.0000 0.0028 0.1522 
0.0213 0.0000 0.0000 0.9787 
1.0000 0.0000 0.0000 0.0000 
0.0000 0.0000 0.0014 0.9986 
0.9943 0.0000 0.0000 0.0057 
0.1124 0.0028 0.0000 0.8848 
0.0000 0.0057 0.9943 0.0000 
0.0000 0.0014 0.9986 0.0000 
0.0853 0.0654 0.3912 0.4580 
0.1977 0.6970 0.0839 0.0213 
0.7596 0.0199 0.0654 0.1550 

MOTIF filter19 
letter-probability matrix: alength= 4 w= 15 nsites= 15 
0.2888 0.2274 0.2310 0.2527 
0.2816 0.2274 0.2671 0.2238 
0.2347 0.2816 0.2383 0.2455 
0.1191 0.0108 0.7076 0.1625 
0.0794 0.7473 0.1372 0.0361 
0.2924 0.3430 0.2599 0.1047 
0.0325 0.0000 0.9097 0.0578 
0.0000 1.0000 0.0000 0.0000 
0.0000 1.0000 0.0000 0.0000 
1.0000 0.0000 0.0000 0.0000 
0.0000 0.0000 0.0000 1.0000 
0.0108 0.4657 0.1300 0.3935 
0.0000 0.0000 0.0036 0.9964 
0.0000 0.0000 0.0000 1.0000 
0.0794 0.0758 0.7292 0.1155 

MOTIF filter20 
letter-probability matrix: alength= 4 w= 15 nsites= 15 
0.2598 0.2447 0.2205 0.2749 
0.2598 0.2145 0.2991 0.2266 
0.2205 0.2477 0.2598 0.2719 
0.0000 0.9305 0.0695 0.0000 
0.0423 0.9577 0.0000 0.0000 
0.0000 0.0000 1.0000 0.0000 
0.0000 0.0000 1.0000 0.0000 
1.0000 0.0000 0.0000 0.0000 
1.0000 0.0000 0.0000 0.0000 
0.0332 0.0091 0.9577 0.0000 
0.0363 0.3202 0.0121 0.6314 
0.1752 0.0967 0.6918 0.0363 
0.2538 0.2508 0.4653 0.0302 
0.2115 0.3625 0.2477 0.1782 
0.2205 0.2870 0.2508 0.2417 

MOTIF filter21 
letter-probability matrix: alength= 4 w= 15 nsites= 15 
0.2840 0.2438 0.2253 0.2469 
0.2407 0.3241 0.2438 0.1914 
0.2469 0.2222 0.2747 0.2562 
0.1265 0.0309 0.6975 0.1451 
0.0741 0.7377 0.0833 0.1049 
0.2562 0.3426 0.2840 0.1173 
0.0710 0.0000 0.8549 0.0741 
0.0000 1.0000 0.0000 0.0000 
0.0000 1.0000 0.0000 0.0000 
1.0000 0.0000 0.0000 0.0000 
0.0000 0.0000 0.0000 1.0000 
0.0062 0.5000 0.1481 0.3457 
0.0000 0.0463 0.0000 0.9537 
0.0000 0.0123 0.0000 0.9877 
0.0648 0.0772 0.7500 0.1080 

MOTIF filter22 
letter-probability matrix: alength= 4 w= 14 nsites= 14 
0.1786 0.2119 0.3643 0.2452 
0.0357 0.4619 0.2357 0.2667 
0.1048 0.5833 0.1238 0.1881 
0.6500 0.0238 0.2786 0.0476 
0.0000 0.9286 0.0119 0.0595 
0.0000 0.0000 0.0000 1.0000 
0.0000 0.0000 0.0000 1.0000 
0.0000 1.0000 0.0000 0.0000 
0.0000 1.0000 0.0000 0.0000 
0.0000 0.0000 0.9810 0.0190 
0.0000 0.1643 0.8357 0.0000 
0.2905 0.1833 0.2548 0.2714 
0.3095 0.2119 0.2262 0.2524 
0.2571 0.2452 0.2357 0.2619 

MOTIF filter23 
letter-probability matrix: alength= 4 w= 17 nsites= 17 
0.2357 0.1818 0.2929 0.2896 
0.2458 0.2963 0.2593 0.1987 
0.3098 0.2222 0.2054 0.2626 
0.1212 0.7104 0.1077 0.0606 
1.0000 0.0000 0.0000 0.0000 
0.9731 0.0101 0.0168 0.0000 
0.4512 0.0438 0.4815 0.0236 
1.0000 0.0000 0.0000 0.0000 
0.0000 0.0000 0.0000 1.0000 
0.0000 0.0000 1.0000 0.0000 
0.0000 0.0000 1.0000 0.0000 
0.0370 0.8586 0.0000 0.1044 
0.1145 0.1515 0.4444 0.2896 
0.0640 0.0875 0.8047 0.0438 
0.0909 0.7879 0.0168 0.1044 
0.3199 0.2088 0.1852 0.2862 
0.2054 0.2492 0.3131 0.2323 

MOTIF filter24 
letter-probability matrix: alength= 4 w= 15 nsites= 15 
0.2349 0.2349 0.2718 0.2585 
0.2526 0.2570 0.2659 0.2245 
0.2851 0.1137 0.4993 0.1019 
0.1773 0.0000 0.6425 0.1802 
0.2718 0.0000 0.7282 0.0000 
0.0000 0.0000 0.9985 0.0015 
0.0000 0.0000 0.9970 0.0030 
0.3383 0.4505 0.0000 0.2112 
0.0000 0.0015 0.9970 0.0015 
0.0000 0.0000 1.0000 0.0000 
0.2585 0.0000 0.7238 0.0177 
0.2674 0.0783 0.6529 0.0015 
0.2097 0.4505 0.2201 0.1196 
0.2644 0.2201 0.2895 0.2260 
0.2452 0.2910 0.2097 0.2541 

MOTIF filter25 
letter-probability matrix: alength= 4 w= 15 nsites= 15 
0.1808 0.2435 0.2878 0.2878 
0.1144 0.1365 0.4133 0.3358 
0.0111 0.4982 0.2251 0.2657 
0.0738 0.7011 0.1255 0.0996 
0.7343 0.0037 0.2583 0.0037 
0.0000 0.9705 0.0000 0.0295 
0.0000 0.0000 0.0000 1.0000 
0.0000 0.0000 0.0000 1.0000 
0.0000 1.0000 0.0000 0.0000 
0.0000 1.0000 0.0000 0.0000 
0.0000 0.0000 0.9705 0.0295 
0.0000 0.1218 0.8561 0.0221 
0.2325 0.1882 0.2768 0.3026 
0.2177 0.2288 0.2620 0.2915 
0.2214 0.2066 0.2694 0.3026 

MOTIF filter26 
letter-probability matrix: alength= 4 w= 19 nsites= 19 
0.2132 0.2421 0.2696 0.2751 
0.2105 0.2930 0.2696 0.2270 
0.2751 0.2600 0.2311 0.2338 
0.1513 0.0564 0.0220 0.7703 
0.0248 0.0523 0.7098 0.2132 
0.4113 0.4099 0.0660 0.1128 
0.0000 1.0000 0.0000 0.0000 
0.0000 0.9972 0.0000 0.0028 
0.8322 0.0000 0.0041 0.1637 
0.0096 0.0000 0.0000 0.9904 
1.0000 0.0000 0.0000 0.0000 
0.0000 0.0014 0.0014 0.9972 
0.9904 0.0000 0.0000 0.0096 
0.1293 0.0028 0.0000 0.8680 
0.0014 0.0014 0.9972 0.0000 
0.0000 0.0000 0.9986 0.0014 
0.0977 0.0743 0.4113 0.4168 
0.2063 0.6850 0.0757 0.0330 
0.7497 0.0248 0.0591 0.1664 

MOTIF filter27 
letter-probability matrix: alength= 4 w= 18 nsites= 18 
0.2903 0.5497 0.0363 0.1237 
0.3777 0.1801 0.4409 0.0013 
0.1317 0.3898 0.0605 0.4180 
0.0134 0.0067 0.7487 0.2312 
0.3723 0.3737 0.0242 0.2298 
0.4556 0.0497 0.2191 0.2755 
0.0995 0.4610 0.4315 0.0081 
0.2594 0.0417 0.1089 0.5901 
0.4261 0.1626 0.0632 0.3481 
0.0390 0.9355 0.0108 0.0148 
0.1358 0.4503 0.3911 0.0228 
0.2043 0.1667 0.1667 0.4624 
0.3817 0.0349 0.4073 0.1761 
0.4409 0.0296 0.4046 0.1250 
0.4328 0.0605 0.0040 0.5027 
0.1237 0.3508 0.5188 0.0067 
0.3226 0.2164 0.2043 0.2567 
0.4301 0.4315 0.1384 0.0000 

MOTIF filter28 
letter-probability matrix: alength= 4 w= 20 nsites= 20 
0.1111 0.0000 0.3333 0.5556 
0.1111 0.7778 0.1111 0.0000 
1.0000 0.0000 0.0000 0.0000 
0.1111 0.2222 0.5556 0.1111 
0.2222 0.2222 0.0000 0.5556 
0.3333 0.1111 0.0000 0.5556 
0.7778 0.1111 0.0000 0.1111 
0.3333 0.4444 0.2222 0.0000 
0.0000 1.0000 0.0000 0.0000 
0.0000 0.6667 0.1111 0.2222 
0.0000 0.2222 0.7778 0.0000 
0.0000 0.0000 1.0000 0.0000 
0.1111 0.7778 0.0000 0.1111 
0.4444 0.0000 0.0000 0.5556 
0.1111 0.1111 0.0000 0.7778 
0.4444 0.0000 0.4444 0.1111 
0.2222 0.1111 0.5556 0.1111 
0.0000 0.0000 0.7778 0.2222 
0.7778 0.2222 0.0000 0.0000 
0.4444 0.0000 0.4444 0.1111 

MOTIF filter29 
letter-probability matrix: alength= 4 w= 14 nsites= 14 
0.1406 0.2860 0.3644 0.2090 
0.1535 0.2970 0.4754 0.0741 
0.1851 0.1693 0.1009 0.5447 
0.2554 0.0665 0.6781 0.0000 
0.0866 0.3855 0.0540 0.4739 
0.0029 0.2869 0.1946 0.5155 
0.4486 0.0526 0.2123 0.2865 
0.0430 0.7886 0.0713 0.0971 
0.1650 0.2238 0.5725 0.0387 
0.2951 0.1325 0.2004 0.3721 
0.7006 0.1712 0.1258 0.0024 
0.3123 0.5720 0.1157 0.0000 
0.0206 0.1401 0.6107 0.2286 
0.1626 0.2449 0.3668 0.2257 

MOTIF filter30 
letter-probability matrix: alength= 4 w= 13 nsites= 13 
0.1737 0.2192 0.1762 0.4309 
0.0034 0.0042 0.0025 0.9899 
0.0000 0.0000 0.0396 0.9604 
0.1105 0.8735 0.0059 0.0101 
0.0261 0.7251 0.0034 0.2454 
0.2462 0.2369 0.2403 0.2766 
0.2302 0.0000 0.7395 0.0304 
0.0000 0.0008 0.9013 0.0978 
0.9730 0.0270 0.0000 0.0000 
0.9983 0.0000 0.0017 0.0000 
0.4705 0.1425 0.2175 0.1695 
0.2336 0.2698 0.2420 0.2546 
0.2622 0.2260 0.2631 0.2487 

MOTIF filter31 
letter-probability matrix: alength= 4 w= 17 nsites= 17 
0.4049 0.3877 0.0730 0.1345 
0.0000 0.9986 0.0014 0.0000 
0.0000 0.9943 0.0000 0.0057 
0.8927 0.0000 0.0000 0.1073 
0.0186 0.0000 0.0000 0.9814 
1.0000 0.0000 0.0000 0.0000 
0.0000 0.0014 0.0000 0.9986 
0.9986 0.0014 0.0000 0.0000 
0.1760 0.0014 0.0014 0.8212 
0.0000 0.0043 0.9957 0.0000 
0.0000 0.0000 1.0000 0.0000 
0.0959 0.0243 0.4320 0.4478 
0.2103 0.6838 0.0830 0.0229 
0.7496 0.0086 0.0644 0.1774 
0.2361 0.3004 0.2289 0.2346 
0.1903 0.2661 0.2618 0.2818 
0.2418 0.2361 0.2833 0.2389 

