MEME version 4

ALPHABET= ACGT

Background letter frequencies:
A 0.2500 C 0.2500 G 0.2500 T 0.2500 

MOTIF filter0 
letter-probability matrix: alength= 4 w= 15 nsites= 15 
0.2747 0.2355 0.2104 0.2794 
0.2543 0.2449 0.2323 0.2684 
0.1413 0.1837 0.1036 0.5714 
0.0000 0.0000 0.0000 1.0000 
0.0000 0.0000 0.0000 1.0000 
0.0078 0.9922 0.0000 0.0000 
0.0000 0.8964 0.0000 0.1036 
0.2151 0.2669 0.2041 0.3140 
0.2355 0.0000 0.7535 0.0110 
0.0000 0.0000 0.9780 0.0220 
0.9953 0.0047 0.0000 0.0000 
1.0000 0.0000 0.0000 0.0000 
0.5714 0.1177 0.1915 0.1193 
0.2386 0.2622 0.2559 0.2433 
0.2684 0.2527 0.2527 0.2261 

MOTIF filter1 
letter-probability matrix: alength= 4 w= 15 nsites= 15 
0.2243 0.2522 0.2636 0.2598 
0.2066 0.2611 0.2839 0.2484 
0.2484 0.2624 0.2383 0.2510 
0.4791 0.1242 0.3828 0.0139 
0.0051 0.0013 0.0038 0.9899 
0.0025 0.0025 0.0127 0.9823 
0.2573 0.0570 0.6439 0.0418 
0.0038 0.9480 0.0000 0.0482 
0.0545 0.0025 0.9316 0.0114 
0.0532 0.7212 0.0380 0.1876 
0.9734 0.0177 0.0013 0.0076 
0.9949 0.0000 0.0051 0.0000 
0.0190 0.3435 0.1369 0.5006 
0.2674 0.2801 0.2269 0.2256 
0.2294 0.2041 0.2953 0.2712 

MOTIF filter2 
letter-probability matrix: alength= 4 w= 13 nsites= 13 
0.2375 0.2413 0.2495 0.2716 
0.1996 0.1857 0.4131 0.2015 
0.3816 0.2912 0.2963 0.0310 
0.0177 0.0076 0.0025 0.9722 
0.0240 0.0063 0.9033 0.0663 
0.9823 0.0019 0.0095 0.0063 
0.0335 0.4498 0.4801 0.0366 
0.0025 0.0019 0.0000 0.9956 
0.0505 0.9109 0.0025 0.0360 
0.9672 0.0000 0.0152 0.0177 
0.0316 0.2906 0.3241 0.3538 
0.1857 0.4232 0.1769 0.2142 
0.3095 0.2059 0.2413 0.2432 

MOTIF filter3 
letter-probability matrix: alength= 4 w= 14 nsites= 14 
0.4116 0.2155 0.1671 0.2058 
0.0775 0.3487 0.1259 0.4479 
0.0751 0.3269 0.3584 0.2397 
0.4213 0.1404 0.4334 0.0048 
0.5617 0.0073 0.3947 0.0363 
0.0000 1.0000 0.0000 0.0000 
0.0000 1.0000 0.0000 0.0000 
1.0000 0.0000 0.0000 0.0000 
1.0000 0.0000 0.0000 0.0000 
0.0000 0.0000 0.0000 1.0000 
0.0291 0.7361 0.2349 0.0000 
0.7966 0.0000 0.2034 0.0000 
0.0702 0.0896 0.8354 0.0048 
0.1792 0.3027 0.2300 0.2881 

MOTIF filter4 
letter-probability matrix: alength= 4 w= 16 nsites= 16 
0.2962 0.2456 0.2608 0.1975 
0.2709 0.2861 0.2304 0.2127 
0.0658 0.1873 0.5165 0.2304 
0.0000 0.8329 0.0101 0.1570 
0.0025 0.8127 0.0000 0.1848 
0.0000 1.0000 0.0000 0.0000 
0.0000 1.0000 0.0000 0.0000 
0.0987 0.0000 0.6051 0.2962 
0.0000 1.0000 0.0000 0.0000 
0.0000 1.0000 0.0000 0.0000 
0.0000 0.7823 0.0000 0.2177 
0.0759 0.8228 0.0000 0.1013 
0.0430 0.6481 0.0557 0.2532 
0.2506 0.2405 0.2506 0.2582 
0.2810 0.2380 0.2329 0.2481 
0.2405 0.2937 0.2304 0.2354 

MOTIF filter5 
letter-probability matrix: alength= 4 w= 15 nsites= 15 
0.2861 0.2922 0.2108 0.2108 
0.2711 0.2771 0.2169 0.2349 
0.2259 0.2229 0.2801 0.2711 
0.0000 0.9247 0.0572 0.0181 
0.0000 0.1928 0.0000 0.8072 
0.0030 0.2440 0.7199 0.0331 
1.0000 0.0000 0.0000 0.0000 
0.0000 0.0000 0.0000 1.0000 
0.0000 0.0000 0.0000 1.0000 
0.0000 0.0000 1.0000 0.0000 
0.0000 0.0000 1.0000 0.0000 
0.0422 0.4036 0.0060 0.5482 
0.0120 0.4398 0.1265 0.4217 
0.1898 0.4307 0.3072 0.0723 
0.4488 0.1536 0.3434 0.0542 

MOTIF filter6 
letter-probability matrix: alength= 4 w= 14 nsites= 14 
0.2285 0.2419 0.2796 0.2500 
0.2634 0.0484 0.6183 0.0699 
0.1559 0.0000 0.7634 0.0806 
0.1640 0.0000 0.8360 0.0000 
0.0000 0.0000 1.0000 0.0000 
0.0000 0.0000 1.0000 0.0000 
0.3172 0.5833 0.0000 0.0995 
0.0000 0.0000 1.0000 0.0000 
0.0000 0.0000 1.0000 0.0000 
0.1667 0.0000 0.8333 0.0000 
0.1989 0.0188 0.7823 0.0000 
0.1613 0.5618 0.1720 0.1048 
0.2715 0.1962 0.2769 0.2554 
0.2581 0.2984 0.1828 0.2608 

MOTIF filter7 
letter-probability matrix: alength= 4 w= 13 nsites= 13 
0.0518 0.6990 0.1068 0.1424 
0.0000 0.1489 0.0000 0.8511 
0.0000 0.2201 0.7799 0.0000 
1.0000 0.0000 0.0000 0.0000 
0.0000 0.0000 0.0000 1.0000 
0.0000 0.0000 0.0000 1.0000 
0.0000 0.0000 1.0000 0.0000 
0.0000 0.0000 1.0000 0.0000 
0.0518 0.4013 0.0032 0.5437 
0.0097 0.4531 0.1262 0.4110 
0.1780 0.4563 0.3107 0.0550 
0.5178 0.1100 0.3042 0.0680 
0.1294 0.1553 0.2492 0.4660 

MOTIF filter8 
letter-probability matrix: alength= 4 w= 18 nsites= 18 
0.2765 0.2184 0.2423 0.2628 
0.2457 0.3106 0.2355 0.2082 
0.2662 0.2355 0.2287 0.2696 
0.0922 0.0205 0.7235 0.1638 
0.0648 0.7270 0.0990 0.1092 
0.2833 0.3754 0.2355 0.1058 
0.0444 0.0000 0.8498 0.1058 
0.0000 1.0000 0.0000 0.0000 
0.0000 1.0000 0.0000 0.0000 
1.0000 0.0000 0.0000 0.0000 
0.0000 0.0000 0.0000 1.0000 
0.0068 0.4369 0.1877 0.3686 
0.0000 0.0000 0.0000 1.0000 
0.0000 0.0000 0.0000 1.0000 
0.0853 0.0683 0.7099 0.1365 
0.3140 0.2355 0.1945 0.2560 
0.2014 0.2628 0.2491 0.2867 
0.2218 0.3072 0.2253 0.2457 

MOTIF filter9 
letter-probability matrix: alength= 4 w= 16 nsites= 16 
0.2495 0.2586 0.2459 0.2459 
0.2441 0.2695 0.2459 0.2405 
0.1234 0.0871 0.3312 0.4583 
0.0572 0.8031 0.0054 0.1343 
0.0009 0.0163 0.0009 0.9819 
0.9964 0.0018 0.0000 0.0018 
0.2949 0.0009 0.0082 0.6960 
0.4501 0.0091 0.0000 0.5408 
0.5445 0.0009 0.0054 0.4492 
0.6760 0.0064 0.0000 0.3176 
0.0054 0.0009 0.0000 0.9936 
0.9828 0.0009 0.0154 0.0009 
0.1361 0.0073 0.7976 0.0590 
0.4256 0.3530 0.0608 0.1606 
0.2650 0.2396 0.2613 0.2341 
0.2486 0.2786 0.2359 0.2368 

MOTIF filter10 
letter-probability matrix: alength= 4 w= 15 nsites= 15 
0.2463 0.2596 0.2377 0.2564 
0.0171 0.6943 0.2746 0.0139 
0.1204 0.3485 0.2131 0.3180 
0.0359 0.6435 0.0219 0.2987 
0.1113 0.5209 0.0562 0.3116 
0.2222 0.7457 0.0166 0.0155 
0.0658 0.1478 0.6097 0.1767 
0.0728 0.2361 0.4620 0.2291 
0.0562 0.2409 0.4540 0.2489 
0.1472 0.0321 0.3282 0.4925 
0.3571 0.1542 0.0273 0.4615 
0.0819 0.2559 0.6258 0.0364 
0.1076 0.2024 0.4379 0.2521 
0.2286 0.3683 0.3972 0.0059 
0.2537 0.1376 0.5675 0.0412 

MOTIF filter11 
letter-probability matrix: alength= 4 w= 18 nsites= 18 
0.2187 0.2530 0.2582 0.2701 
0.2161 0.2780 0.2859 0.2200 
0.2780 0.2464 0.2345 0.2411 
0.1489 0.0606 0.0264 0.7642 
0.0250 0.0646 0.6798 0.2306 
0.4190 0.3900 0.0725 0.1186 
0.0000 1.0000 0.0000 0.0000 
0.0000 0.9960 0.0000 0.0040 
0.8366 0.0000 0.0040 0.1594 
0.0092 0.0000 0.0000 0.9908 
1.0000 0.0000 0.0000 0.0000 
0.0000 0.0000 0.0000 1.0000 
0.9947 0.0000 0.0000 0.0053 
0.1502 0.0040 0.0013 0.8445 
0.0013 0.0026 0.9960 0.0000 
0.0000 0.0000 0.9987 0.0013 
0.1001 0.0672 0.4018 0.4308 
0.2319 0.6680 0.0685 0.0316 

MOTIF filter12 
letter-probability matrix: alength= 4 w= 18 nsites= 18 
0.2772 0.2667 0.2105 0.2456 
0.2667 0.2877 0.2491 0.1965 
0.2211 0.2772 0.2491 0.2526 
0.1298 0.0105 0.7053 0.1544 
0.0596 0.7579 0.1228 0.0596 
0.2912 0.3368 0.2667 0.1053 
0.0316 0.0000 0.9158 0.0526 
0.0000 1.0000 0.0000 0.0000 
0.0000 1.0000 0.0000 0.0000 
1.0000 0.0000 0.0000 0.0000 
0.0000 0.0000 0.0000 1.0000 
0.0035 0.4702 0.1018 0.4246 
0.0000 0.0211 0.0070 0.9719 
0.0000 0.0211 0.0000 0.9789 
0.0561 0.0912 0.7404 0.1123 
0.2737 0.2105 0.2702 0.2456 
0.1930 0.2772 0.2596 0.2702 
0.2386 0.2842 0.2491 0.2281 

MOTIF filter13 
letter-probability matrix: alength= 4 w= 11 nsites= 11 
0.2443 0.2377 0.2404 0.2776 
0.2465 0.2798 0.2172 0.2565 
0.2615 0.2066 0.2194 0.3125 
0.6061 0.0000 0.0000 0.3939 
0.0000 0.0000 0.0000 1.0000 
0.0116 0.0133 0.0000 0.9751 
0.8986 0.0000 0.0898 0.0116 
1.0000 0.0000 0.0000 0.0000 
0.3950 0.0000 0.0000 0.6050 
0.2875 0.2249 0.2222 0.2654 
0.2449 0.2288 0.2848 0.2416 

MOTIF filter14 
letter-probability matrix: alength= 4 w= 18 nsites= 18 
0.2222 0.2266 0.2670 0.2843 
0.1789 0.2915 0.2785 0.2511 
0.2828 0.2670 0.1919 0.2583 
0.1169 0.0592 0.0216 0.8023 
0.0303 0.0736 0.7186 0.1775 
0.4156 0.3997 0.0794 0.1053 
0.0000 1.0000 0.0000 0.0000 
0.0000 0.9986 0.0000 0.0014 
0.8456 0.0000 0.0014 0.1530 
0.0087 0.0000 0.0000 0.9913 
1.0000 0.0000 0.0000 0.0000 
0.0000 0.0000 0.0014 0.9986 
0.9971 0.0000 0.0000 0.0029 
0.1270 0.0000 0.0000 0.8730 
0.0014 0.0087 0.9899 0.0000 
0.0000 0.0014 0.9986 0.0000 
0.0837 0.0534 0.3968 0.4661 
0.1991 0.6768 0.0996 0.0245 

MOTIF filter15 
letter-probability matrix: alength= 4 w= 15 nsites= 15 
0.2316 0.2211 0.2877 0.2596 
0.2772 0.0456 0.6316 0.0456 
0.0667 0.0000 0.8842 0.0491 
0.1544 0.0000 0.8456 0.0000 
0.0000 0.0000 1.0000 0.0000 
0.0000 0.0000 1.0000 0.0000 
0.2421 0.5860 0.0000 0.1719 
0.0000 0.0000 1.0000 0.0000 
0.0000 0.0000 1.0000 0.0000 
0.1719 0.0000 0.8281 0.0000 
0.1579 0.0140 0.8281 0.0000 
0.1825 0.6175 0.1579 0.0421 
0.3053 0.2175 0.2912 0.1860 
0.2386 0.2912 0.2456 0.2246 
0.2526 0.2456 0.2491 0.2526 

MOTIF filter16 
letter-probability matrix: alength= 4 w= 12 nsites= 12 
0.2998 0.2305 0.2541 0.2156 
0.0308 0.0423 0.0367 0.8901 
0.0186 0.0350 0.1572 0.7891 
0.3226 0.0198 0.4733 0.1843 
0.1002 0.6158 0.0774 0.2067 
0.2231 0.0702 0.6275 0.0792 
0.1813 0.5010 0.0110 0.3067 
0.7639 0.1777 0.0306 0.0278 
0.9306 0.0176 0.0344 0.0174 
0.0917 0.2986 0.1874 0.4223 
0.2566 0.2563 0.2515 0.2356 
0.2351 0.2400 0.2427 0.2822 

MOTIF filter17 
letter-probability matrix: alength= 4 w= 16 nsites= 16 
0.2246 0.2536 0.2319 0.2899 
0.1159 0.1667 0.4891 0.2283 
0.1268 0.4783 0.1703 0.2246 
0.0725 0.8877 0.0217 0.0181 
1.0000 0.0000 0.0000 0.0000 
0.7609 0.0000 0.0145 0.2246 
0.2935 0.2138 0.3986 0.0942 
0.8333 0.0000 0.0000 0.1667 
0.0000 0.0000 0.0000 1.0000 
0.0036 0.0000 0.9964 0.0000 
0.0036 0.0036 0.9819 0.0109 
0.0362 0.8152 0.0507 0.0978 
0.1775 0.2029 0.4022 0.2174 
0.0761 0.1304 0.7210 0.0725 
0.0870 0.7428 0.0761 0.0942 
0.2862 0.2065 0.2319 0.2754 

MOTIF filter18 
letter-probability matrix: alength= 4 w= 16 nsites= 16 
0.2583 0.2689 0.2331 0.2397 
0.2397 0.2702 0.2636 0.2265 
0.1099 0.0358 0.3444 0.5099 
0.0132 0.9272 0.0000 0.0596 
0.0000 0.0000 0.0000 1.0000 
1.0000 0.0000 0.0000 0.0000 
0.2583 0.0000 0.0066 0.7351 
0.4662 0.0000 0.0000 0.5338 
0.5483 0.0000 0.0000 0.4517 
0.7020 0.0013 0.0000 0.2967 
0.0000 0.0000 0.0000 1.0000 
1.0000 0.0000 0.0000 0.0000 
0.0556 0.0000 0.9311 0.0132 
0.4781 0.3722 0.0450 0.1046 
0.2914 0.2252 0.2517 0.2318 
0.2490 0.2623 0.2397 0.2490 

MOTIF filter19 
letter-probability matrix: alength= 4 w= 16 nsites= 16 
0.1021 0.3085 0.3340 0.2553 
0.2681 0.4043 0.2213 0.1064 
0.1936 0.2766 0.2872 0.2426 
0.5170 0.1128 0.0149 0.3553 
0.1957 0.6085 0.1830 0.0128 
0.0191 0.6553 0.1447 0.1809 
0.2234 0.0000 0.1021 0.6745 
0.8340 0.0000 0.1660 0.0000 
0.0000 0.1298 0.4787 0.3915 
0.9191 0.0787 0.0000 0.0021 
0.4809 0.0298 0.0915 0.3979 
0.0957 0.1489 0.0000 0.7553 
0.0043 0.1149 0.7489 0.1319 
0.3574 0.1851 0.1532 0.3043 
0.1574 0.2277 0.5511 0.0638 
0.1128 0.2213 0.4553 0.2106 

MOTIF filter20 
letter-probability matrix: alength= 4 w= 20 nsites= 20 
0.2308 0.3077 0.1154 0.3462 
0.5385 0.4231 0.0385 0.0000 
0.4231 0.1154 0.0000 0.4615 
0.0000 0.0385 0.9615 0.0000 
0.0385 0.5000 0.0000 0.4615 
0.1154 0.0385 0.0000 0.8462 
0.1154 0.2692 0.0769 0.5385 
0.4615 0.0000 0.0000 0.5385 
0.1154 0.1538 0.5385 0.1923 
0.0769 0.4231 0.3462 0.1538 
0.1154 0.8462 0.0000 0.0385 
0.0385 0.2692 0.6154 0.0769 
0.8077 0.0000 0.1923 0.0000 
0.1154 0.3462 0.0385 0.5000 
0.0385 0.2692 0.0385 0.6538 
0.1538 0.0000 0.8077 0.0385 
0.0000 0.6923 0.2308 0.0769 
0.1923 0.0385 0.7692 0.0000 
0.0000 0.5000 0.2692 0.2308 
0.6154 0.3462 0.0385 0.0000 

MOTIF filter21 
letter-probability matrix: alength= 4 w= 13 nsites= 13 
0.2187 0.2960 0.2427 0.2427 
0.0027 0.8693 0.1280 0.0000 
0.0293 0.9707 0.0000 0.0000 
0.0000 0.0000 1.0000 0.0000 
0.0000 0.0000 1.0000 0.0000 
1.0000 0.0000 0.0000 0.0000 
1.0000 0.0000 0.0000 0.0000 
0.0427 0.0053 0.9520 0.0000 
0.0293 0.3147 0.0213 0.6347 
0.1760 0.1067 0.6587 0.0587 
0.2800 0.2587 0.4400 0.0213 
0.2107 0.3653 0.2507 0.1733 
0.2133 0.3013 0.2560 0.2293 

MOTIF filter22 
letter-probability matrix: alength= 4 w= 12 nsites= 12 
0.2299 0.2636 0.2626 0.2438 
0.3885 0.2081 0.2557 0.1477 
0.2270 0.3003 0.3122 0.1606 
0.0000 1.0000 0.0000 0.0000 
1.0000 0.0000 0.0000 0.0000 
0.0000 1.0000 0.0000 0.0000 
0.0010 0.0000 0.9990 0.0000 
0.0000 0.0000 0.0000 1.0000 
0.0000 0.0000 1.0000 0.0000 
0.1675 0.2884 0.3132 0.2309 
0.1695 0.2418 0.1734 0.4153 
0.2329 0.2626 0.2468 0.2577 

MOTIF filter23 
letter-probability matrix: alength= 4 w= 18 nsites= 18 
0.2212 0.2667 0.2788 0.2333 
0.2364 0.3121 0.2576 0.1939 
0.2879 0.2424 0.2091 0.2606 
0.1394 0.6788 0.1212 0.0606 
0.9970 0.0000 0.0030 0.0000 
0.9848 0.0000 0.0152 0.0000 
0.4242 0.0727 0.4818 0.0212 
1.0000 0.0000 0.0000 0.0000 
0.0000 0.0000 0.0000 1.0000 
0.0000 0.0000 1.0000 0.0000 
0.0000 0.0000 1.0000 0.0000 
0.0636 0.8606 0.0000 0.0758 
0.1061 0.1909 0.4182 0.2848 
0.0606 0.0727 0.7909 0.0758 
0.1212 0.7818 0.0061 0.0909 
0.2485 0.2091 0.2303 0.3121 
0.2212 0.2273 0.3091 0.2424 
0.2485 0.2364 0.2758 0.2394 

MOTIF filter24 
letter-probability matrix: alength= 4 w= 15 nsites= 15 
0.4771 0.1804 0.1590 0.1835 
0.0581 0.3731 0.1162 0.4526 
0.0765 0.3425 0.3517 0.2294 
0.4220 0.0826 0.4954 0.0000 
0.5719 0.0031 0.3761 0.0489 
0.0000 1.0000 0.0000 0.0000 
0.0000 1.0000 0.0000 0.0000 
1.0000 0.0000 0.0000 0.0000 
1.0000 0.0000 0.0000 0.0000 
0.0000 0.0000 0.0000 1.0000 
0.0153 0.7890 0.1957 0.0000 
0.8502 0.0031 0.1468 0.0000 
0.0428 0.0398 0.9083 0.0092 
0.2232 0.2997 0.2446 0.2324 
0.2691 0.1865 0.2875 0.2569 

MOTIF filter25 
letter-probability matrix: alength= 4 w= 12 nsites= 12 
0.2284 0.2649 0.2639 0.2428 
0.4050 0.2044 0.2457 0.1449 
0.2226 0.3129 0.3109 0.1536 
0.0000 1.0000 0.0000 0.0000 
1.0000 0.0000 0.0000 0.0000 
0.0000 0.9837 0.0000 0.0163 
0.0154 0.0000 0.9846 0.0000 
0.0000 0.0000 0.0000 1.0000 
0.0000 0.0000 1.0000 0.0000 
0.1603 0.2908 0.3129 0.2361 
0.1679 0.2447 0.1670 0.4203 
0.2294 0.2620 0.2505 0.2582 

MOTIF filter26 
letter-probability matrix: alength= 4 w= 12 nsites= 12 
0.1973 0.2603 0.2712 0.2712 
0.1699 0.1808 0.3644 0.2849 
0.0247 0.4658 0.2466 0.2630 
0.0767 0.6493 0.1370 0.1370 
0.7068 0.0137 0.2466 0.0329 
0.0000 0.9507 0.0082 0.0411 
0.0000 0.0000 0.0000 1.0000 
0.0000 0.0000 0.0000 1.0000 
0.0000 1.0000 0.0000 0.0000 
0.0000 1.0000 0.0000 0.0000 
0.0000 0.0000 0.9836 0.0164 
0.0000 0.1425 0.8493 0.0082 

MOTIF filter27 
letter-probability matrix: alength= 4 w= 13 nsites= 13 
0.2549 0.2491 0.2747 0.2212 
0.2456 0.1583 0.3877 0.2084 
0.4412 0.1385 0.4086 0.0116 
0.0000 0.0000 0.0000 1.0000 
0.0000 0.0000 1.0000 0.0000 
1.0000 0.0000 0.0000 0.0000 
0.0012 0.5029 0.4959 0.0000 
0.0000 0.0000 0.0000 1.0000 
0.0000 1.0000 0.0000 0.0000 
1.0000 0.0000 0.0000 0.0000 
0.0000 0.3539 0.2072 0.4389 
0.2258 0.3399 0.2037 0.2305 
0.2247 0.2328 0.2899 0.2526 

MOTIF filter28 
letter-probability matrix: alength= 4 w= 18 nsites= 18 
0.2414 0.2107 0.2375 0.3103 
0.2069 0.2835 0.2874 0.2222 
0.2950 0.2375 0.2222 0.2452 
0.1916 0.6628 0.0920 0.0536 
1.0000 0.0000 0.0000 0.0000 
0.9923 0.0000 0.0077 0.0000 
0.4674 0.0536 0.4789 0.0000 
1.0000 0.0000 0.0000 0.0000 
0.0000 0.0000 0.0000 1.0000 
0.0000 0.0000 1.0000 0.0000 
0.0000 0.0000 1.0000 0.0000 
0.0192 0.9349 0.0000 0.0460 
0.1111 0.1839 0.4444 0.2605 
0.0766 0.0690 0.8084 0.0460 
0.1034 0.8276 0.0115 0.0575 
0.2950 0.2222 0.2107 0.2720 
0.2146 0.2529 0.3295 0.2031 
0.2797 0.2452 0.2835 0.1916 

MOTIF filter29 
letter-probability matrix: alength= 4 w= 20 nsites= 20 
0.2121 0.2813 0.2747 0.2319 
0.2912 0.2308 0.2374 0.2407 
0.1659 0.0791 0.0462 0.7088 
0.0297 0.0945 0.6560 0.2198 
0.4121 0.3824 0.0736 0.1319 
0.0022 0.9890 0.0066 0.0022 
0.0000 0.9824 0.0077 0.0099 
0.8374 0.0022 0.0088 0.1516 
0.0308 0.0000 0.0033 0.9659 
0.9945 0.0033 0.0022 0.0000 
0.0000 0.0011 0.0011 0.9978 
0.9747 0.0033 0.0000 0.0220 
0.1560 0.0066 0.0022 0.8352 
0.0033 0.0121 0.9835 0.0011 
0.0000 0.0044 0.9912 0.0044 
0.1121 0.0703 0.3912 0.4264 
0.2253 0.6429 0.0956 0.0363 
0.7231 0.0275 0.0626 0.1868 
0.2396 0.2791 0.2363 0.2451 
0.2286 0.2615 0.2560 0.2538 

MOTIF filter30 
letter-probability matrix: alength= 4 w= 13 nsites= 13 
0.1778 0.2192 0.1608 0.4421 
0.0000 0.0244 0.0000 0.9756 
0.0000 0.0000 0.0000 1.0000 
0.0341 0.8283 0.0073 0.1303 
0.0219 0.7917 0.0560 0.1303 
0.1985 0.3532 0.1864 0.2619 
0.1255 0.0000 0.8745 0.0000 
0.0085 0.0244 0.8417 0.1255 
0.9915 0.0085 0.0000 0.0000 
1.0000 0.0000 0.0000 0.0000 
0.5298 0.1072 0.2144 0.1486 
0.2485 0.2497 0.2278 0.2741 
0.2424 0.2607 0.2448 0.2521 

MOTIF filter31 
letter-probability matrix: alength= 4 w= 12 nsites= 12 
0.2627 0.2463 0.2209 0.2701 
0.2612 0.2403 0.2478 0.2507 
0.1090 0.2060 0.1552 0.5299 
0.0000 0.0000 0.0000 1.0000 
0.0000 0.0000 0.0090 0.9910 
0.0448 0.9552 0.0000 0.0000 
0.0119 0.7239 0.0000 0.2642 
0.2970 0.1388 0.3119 0.2522 
0.0910 0.0000 0.9090 0.0000 
0.0000 0.0000 0.9985 0.0015 
1.0000 0.0000 0.0000 0.0000 
1.0000 0.0000 0.0000 0.0000 

