MEME version 4

ALPHABET= ACGT

Background letter frequencies:
A 0.2500 C 0.2500 G 0.2500 T 0.2500 

MOTIF filter0 
letter-probability matrix: alength= 4 w= 18 nsites= 18 
0.2749 0.5257 0.0483 0.1511 
0.2417 0.1873 0.0604 0.5106 
0.2779 0.1843 0.3293 0.2085 
0.6344 0.0725 0.0997 0.1934 
0.1571 0.3353 0.4773 0.0302 
0.0000 0.0000 0.0000 1.0000 
0.0151 0.9849 0.0000 0.0000 
1.0000 0.0000 0.0000 0.0000 
0.0000 0.0000 0.9940 0.0060 
0.0000 1.0000 0.0000 0.0000 
0.9909 0.0000 0.0000 0.0091 
0.4562 0.1178 0.1360 0.2900 
0.4502 0.0514 0.0151 0.4834 
0.3837 0.0604 0.0151 0.5408 
0.2961 0.1208 0.0242 0.5589 
0.2477 0.2266 0.2387 0.2870 
0.3021 0.2659 0.1873 0.2447 
0.2266 0.2900 0.2417 0.2417 

MOTIF filter1 
letter-probability matrix: alength= 4 w= 20 nsites= 20 
0.2832 0.2522 0.2389 0.2257 
0.2301 0.3009 0.1681 0.3009 
0.2699 0.6106 0.0310 0.0885 
0.2080 0.1726 0.0708 0.5487 
0.2965 0.1372 0.3009 0.2655 
0.6947 0.0177 0.1018 0.1858 
0.1372 0.3009 0.5575 0.0044 
0.0000 0.0000 0.0000 1.0000 
0.0044 0.9956 0.0000 0.0000 
1.0000 0.0000 0.0000 0.0000 
0.0000 0.0000 0.9912 0.0088 
0.0000 1.0000 0.0000 0.0000 
1.0000 0.0000 0.0000 0.0000 
0.4513 0.1726 0.1150 0.2611 
0.4115 0.0177 0.0000 0.5708 
0.3982 0.0310 0.0000 0.5708 
0.3186 0.1062 0.0133 0.5619 
0.2832 0.2345 0.2832 0.1991 
0.2699 0.2743 0.2434 0.2124 
0.2345 0.2699 0.2566 0.2389 

MOTIF filter2 
letter-probability matrix: alength= 4 w= 16 nsites= 16 
0.2509 0.2322 0.2509 0.2659 
0.2135 0.2584 0.2584 0.2697 
0.2285 0.2322 0.2996 0.2397 
0.2659 0.0262 0.6517 0.0562 
0.1086 0.0000 0.8689 0.0225 
0.1386 0.0000 0.8614 0.0000 
0.0000 0.0000 1.0000 0.0000 
0.0000 0.0000 1.0000 0.0000 
0.2959 0.5880 0.0000 0.1161 
0.0000 0.0000 1.0000 0.0000 
0.0000 0.0000 1.0000 0.0000 
0.1086 0.0000 0.8914 0.0000 
0.1423 0.0112 0.8464 0.0000 
0.1723 0.6105 0.1648 0.0524 
0.2846 0.2247 0.2809 0.2097 
0.2097 0.3146 0.2285 0.2472 

MOTIF filter3 
letter-probability matrix: alength= 4 w= 15 nsites= 15 
0.1039 0.2700 0.2196 0.4065 
0.1929 0.1840 0.2255 0.3976 
0.1810 0.3383 0.1869 0.2938 
0.0089 0.8843 0.1068 0.0000 
0.0208 0.9792 0.0000 0.0000 
0.0000 0.0000 1.0000 0.0000 
0.0000 0.0000 1.0000 0.0000 
1.0000 0.0000 0.0000 0.0000 
1.0000 0.0000 0.0000 0.0000 
0.0861 0.0326 0.8813 0.0000 
0.0148 0.3175 0.0415 0.6261 
0.1780 0.0861 0.6677 0.0682 
0.3056 0.2671 0.3798 0.0475 
0.2611 0.3027 0.2433 0.1929 
0.2166 0.2908 0.2433 0.2493 

MOTIF filter4 
letter-probability matrix: alength= 4 w= 12 nsites= 12 
0.2378 0.2717 0.2496 0.2409 
0.4425 0.1961 0.2315 0.1299 
0.2252 0.3165 0.3118 0.1465 
0.0000 1.0000 0.0000 0.0000 
0.9906 0.0000 0.0094 0.0000 
0.0000 0.9535 0.0000 0.0465 
0.1142 0.0008 0.8803 0.0047 
0.0087 0.0157 0.0000 0.9756 
0.0000 0.0000 0.9992 0.0008 
0.1591 0.2866 0.3039 0.2504 
0.1567 0.2559 0.1693 0.4181 
0.2354 0.2551 0.2575 0.2520 

MOTIF filter5 
letter-probability matrix: alength= 4 w= 18 nsites= 18 
0.0491 0.1045 0.6343 0.2121 
0.4033 0.3866 0.0805 0.1296 
0.0031 0.9896 0.0052 0.0021 
0.0010 0.9854 0.0021 0.0115 
0.8182 0.0052 0.0104 0.1661 
0.0303 0.0000 0.0021 0.9676 
0.9885 0.0073 0.0031 0.0010 
0.0000 0.0042 0.0052 0.9906 
0.9760 0.0031 0.0000 0.0209 
0.1641 0.0063 0.0042 0.8255 
0.0073 0.0136 0.9791 0.0000 
0.0031 0.0073 0.9843 0.0052 
0.1129 0.0752 0.3835 0.4284 
0.2236 0.6322 0.0993 0.0449 
0.7001 0.0366 0.0763 0.1870 
0.2476 0.2706 0.2341 0.2476 
0.2341 0.2623 0.2571 0.2466 
0.2466 0.2341 0.2706 0.2487 

MOTIF filter6 
letter-probability matrix: alength= 4 w= 16 nsites= 16 
0.2745 0.2578 0.2625 0.2053 
0.2625 0.3150 0.2411 0.1814 
0.0764 0.1790 0.4988 0.2458 
0.0000 0.8019 0.0095 0.1885 
0.0000 0.8329 0.0000 0.1671 
0.0000 1.0000 0.0000 0.0000 
0.0000 1.0000 0.0000 0.0000 
0.0955 0.0000 0.6038 0.3007 
0.0000 1.0000 0.0000 0.0000 
0.0000 1.0000 0.0000 0.0000 
0.0000 0.8091 0.0000 0.1909 
0.1026 0.7876 0.0000 0.1098 
0.0549 0.6110 0.0525 0.2816 
0.2530 0.2530 0.2530 0.2411 
0.2816 0.2291 0.2482 0.2411 
0.2196 0.2816 0.2578 0.2411 

MOTIF filter7 
letter-probability matrix: alength= 4 w= 13 nsites= 13 
0.2429 0.2324 0.2629 0.2618 
0.2208 0.1746 0.3954 0.2093 
0.4090 0.2334 0.3470 0.0105 
0.0000 0.0000 0.0000 1.0000 
0.0000 0.0000 1.0000 0.0000 
1.0000 0.0000 0.0000 0.0000 
0.0000 0.4995 0.4995 0.0011 
0.0000 0.0000 0.0000 1.0000 
0.0000 1.0000 0.0000 0.0000 
1.0000 0.0000 0.0000 0.0000 
0.0000 0.3512 0.2387 0.4101 
0.2229 0.3712 0.1640 0.2419 
0.2639 0.2198 0.2702 0.2461 

MOTIF filter8 
letter-probability matrix: alength= 4 w= 20 nsites= 20 
0.4444 0.1111 0.3333 0.1111 
0.0000 0.0000 0.0000 1.0000 
0.0000 1.0000 0.0000 0.0000 
0.1111 0.0000 0.5556 0.3333 
0.2222 0.1111 0.4444 0.2222 
0.0000 0.2222 0.0000 0.7778 
1.0000 0.0000 0.0000 0.0000 
0.2222 0.5556 0.2222 0.0000 
0.5556 0.0000 0.2222 0.2222 
0.0000 0.6667 0.1111 0.2222 
0.2222 0.1111 0.4444 0.2222 
0.0000 0.4444 0.3333 0.2222 
0.3333 0.1111 0.4444 0.1111 
0.0000 0.1111 0.1111 0.7778 
0.7778 0.2222 0.0000 0.0000 
0.0000 0.0000 1.0000 0.0000 
0.4444 0.0000 0.5556 0.0000 
0.2222 0.2222 0.5556 0.0000 
0.0000 0.7778 0.0000 0.2222 
0.3333 0.1111 0.2222 0.3333 

MOTIF filter9 
letter-probability matrix: alength= 4 w= 16 nsites= 16 
0.2761 0.2407 0.2164 0.2668 
0.2220 0.2425 0.2425 0.2929 
0.2220 0.1828 0.1362 0.4590 
0.0112 0.0616 0.1026 0.8246 
0.0000 0.0000 0.0000 1.0000 
0.0000 0.4123 0.0112 0.5765 
0.0299 0.9701 0.0000 0.0000 
0.0690 0.5373 0.0000 0.3937 
0.4198 0.0000 0.5075 0.0728 
0.0000 0.0000 1.0000 0.0000 
0.4123 0.0075 0.5765 0.0037 
1.0000 0.0000 0.0000 0.0000 
0.9720 0.0112 0.0112 0.0056 
0.4478 0.1138 0.2090 0.2295 
0.2687 0.2854 0.1978 0.2481 
0.2127 0.2537 0.3060 0.2276 

MOTIF filter10 
letter-probability matrix: alength= 4 w= 19 nsites= 19 
0.2921 0.0201 0.2127 0.4752 
0.1465 0.4996 0.2895 0.0645 
0.4359 0.1273 0.2554 0.1813 
0.0392 0.0506 0.7829 0.1273 
0.1656 0.3243 0.0009 0.5092 
0.3531 0.6181 0.0026 0.0262 
0.0375 0.3775 0.3810 0.2040 
0.1273 0.0959 0.5981 0.1787 
0.3034 0.1491 0.5475 0.0000 
0.0976 0.0846 0.6103 0.2075 
0.6085 0.0000 0.3688 0.0227 
0.3330 0.4019 0.1604 0.1046 
0.1927 0.0663 0.0767 0.6643 
0.1613 0.3287 0.0506 0.4595 
0.2127 0.5214 0.1656 0.1003 
0.0811 0.2650 0.1316 0.5222 
0.3313 0.2982 0.2389 0.1316 
0.1613 0.2964 0.3112 0.2310 
0.0192 0.5501 0.3810 0.0497 

MOTIF filter11 
letter-probability matrix: alength= 4 w= 11 nsites= 11 
0.2305 0.2591 0.2527 0.2577 
0.2655 0.2548 0.2448 0.2348 
0.4939 0.1392 0.3505 0.0164 
0.0029 0.0000 0.0021 0.9950 
0.0000 0.0000 0.0757 0.9243 
0.3105 0.0000 0.5846 0.1049 
0.0243 0.8108 0.0293 0.1356 
0.1292 0.0178 0.8216 0.0314 
0.1099 0.6074 0.0000 0.2827 
0.9015 0.0978 0.0007 0.0000 
0.9936 0.0000 0.0064 0.0000 

MOTIF filter12 
letter-probability matrix: alength= 4 w= 16 nsites= 16 
0.2520 0.2602 0.1707 0.3171 
0.2276 0.2846 0.2358 0.2520 
0.1423 0.2114 0.3740 0.2724 
0.0122 0.5610 0.1748 0.2520 
0.0650 0.6667 0.1545 0.1138 
0.7886 0.0081 0.1951 0.0081 
0.0000 0.9959 0.0000 0.0041 
0.0000 0.0000 0.0000 1.0000 
0.0000 0.0000 0.0000 1.0000 
0.0000 1.0000 0.0000 0.0000 
0.0000 1.0000 0.0000 0.0000 
0.0000 0.0000 0.9878 0.0122 
0.0000 0.1220 0.8699 0.0081 
0.2358 0.2317 0.2398 0.2927 
0.1829 0.2683 0.2805 0.2683 
0.2764 0.2358 0.2358 0.2520 

MOTIF filter13 
letter-probability matrix: alength= 4 w= 15 nsites= 15 
0.2533 0.2267 0.1956 0.3244 
0.2533 0.2489 0.3200 0.1778 
0.2489 0.1956 0.3333 0.2222 
0.0044 0.9022 0.0933 0.0000 
0.0000 1.0000 0.0000 0.0000 
0.0000 0.0000 1.0000 0.0000 
0.0000 0.0000 1.0000 0.0000 
1.0000 0.0000 0.0000 0.0000 
1.0000 0.0000 0.0000 0.0000 
0.0133 0.0133 0.9733 0.0000 
0.0311 0.2533 0.0044 0.7111 
0.1111 0.0489 0.8133 0.0267 
0.2578 0.2400 0.4756 0.0267 
0.1600 0.3733 0.2978 0.1689 
0.2000 0.2622 0.3067 0.2311 

MOTIF filter14 
letter-probability matrix: alength= 4 w= 15 nsites= 15 
0.2752 0.3022 0.2064 0.2162 
0.2531 0.2629 0.2482 0.2359 
0.2457 0.2531 0.2482 0.2531 
0.0074 0.7985 0.1057 0.0885 
0.0000 0.1818 0.0000 0.8182 
0.0000 0.2506 0.7297 0.0197 
1.0000 0.0000 0.0000 0.0000 
0.0000 0.0000 0.0000 1.0000 
0.0000 0.0000 0.0000 1.0000 
0.0000 0.0000 1.0000 0.0000 
0.0000 0.0000 1.0000 0.0000 
0.0516 0.3931 0.0049 0.5504 
0.0172 0.4300 0.1400 0.4128 
0.1916 0.4128 0.3047 0.0909 
0.4693 0.1425 0.3145 0.0737 

MOTIF filter15 
letter-probability matrix: alength= 4 w= 11 nsites= 11 
0.2315 0.2611 0.2601 0.2473 
0.3828 0.2117 0.2582 0.1474 
0.2275 0.2997 0.3086 0.1642 
0.0000 1.0000 0.0000 0.0000 
1.0000 0.0000 0.0000 0.0000 
0.0000 0.9990 0.0000 0.0010 
0.0010 0.0000 0.9990 0.0000 
0.0000 0.0000 0.0000 1.0000 
0.0000 0.0000 1.0000 0.0000 
0.1682 0.2888 0.3165 0.2265 
0.1701 0.2384 0.1790 0.4125 

MOTIF filter16 
letter-probability matrix: alength= 4 w= 15 nsites= 15 
0.2368 0.2709 0.2544 0.2379 
0.1090 0.0562 0.3513 0.4835 
0.0374 0.8656 0.0000 0.0969 
0.0000 0.0055 0.0000 0.9945 
1.0000 0.0000 0.0000 0.0000 
0.2753 0.0000 0.0033 0.7214 
0.4648 0.0000 0.0000 0.5352 
0.5518 0.0000 0.0011 0.4471 
0.7015 0.0000 0.0000 0.2985 
0.0011 0.0011 0.0000 0.9978 
0.9890 0.0000 0.0099 0.0011 
0.0892 0.0000 0.8833 0.0275 
0.4548 0.3568 0.0518 0.1366 
0.2764 0.2346 0.2588 0.2302 
0.2500 0.2808 0.2401 0.2291 

MOTIF filter17 
letter-probability matrix: alength= 4 w= 18 nsites= 18 
0.1517 0.1330 0.3571 0.3582 
0.2684 0.2089 0.2030 0.3197 
0.2170 0.4317 0.1937 0.1575 
0.3676 0.5239 0.0408 0.0677 
0.2987 0.0432 0.1820 0.4761 
0.1925 0.2182 0.2007 0.3886 
0.0000 0.1342 0.0467 0.8191 
0.7421 0.1225 0.0910 0.0443 
0.3944 0.0012 0.1424 0.4621 
0.1809 0.4037 0.2229 0.1925 
0.0198 0.1867 0.4504 0.3431 
0.0828 0.0187 0.6453 0.2532 
0.2077 0.5636 0.1855 0.0432 
0.4469 0.0012 0.0747 0.4772 
0.0408 0.2007 0.7468 0.0117 
0.1225 0.4131 0.3197 0.1447 
0.0000 0.4959 0.0035 0.5006 
0.0945 0.4947 0.0712 0.3396 

MOTIF filter18 
letter-probability matrix: alength= 4 w= 16 nsites= 16 
0.3393 0.2545 0.2455 0.1607 
0.2500 0.2054 0.3170 0.2277 
0.1964 0.3036 0.2277 0.2723 
0.0045 0.9196 0.0759 0.0000 
0.0491 0.9509 0.0000 0.0000 
0.0000 0.0000 1.0000 0.0000 
0.0000 0.0000 1.0000 0.0000 
1.0000 0.0000 0.0000 0.0000 
1.0000 0.0000 0.0000 0.0000 
0.0089 0.0000 0.9911 0.0000 
0.0045 0.3438 0.0000 0.6518 
0.1786 0.1161 0.6741 0.0312 
0.2188 0.2366 0.5446 0.0000 
0.2366 0.4821 0.1384 0.1429 
0.1875 0.3080 0.2277 0.2768 
0.2902 0.2589 0.2455 0.2054 

MOTIF filter19 
letter-probability matrix: alength= 4 w= 17 nsites= 17 
0.2333 0.2573 0.2621 0.2473 
0.0443 0.2769 0.4111 0.2677 
0.3440 0.2853 0.0675 0.3032 
0.1722 0.6592 0.1546 0.0140 
0.1938 0.6121 0.1338 0.0603 
0.0995 0.3080 0.3823 0.2101 
0.1195 0.0715 0.6548 0.1542 
0.3624 0.2649 0.1003 0.2725 
0.0511 0.3144 0.2753 0.3592 
0.4375 0.5142 0.0412 0.0072 
0.0016 0.1750 0.4211 0.4023 
0.7791 0.1398 0.0024 0.0787 
0.3680 0.2313 0.4007 0.0000 
0.0032 0.2038 0.2549 0.5382 
0.3032 0.0823 0.3136 0.3008 
0.0771 0.3656 0.4251 0.1322 
0.1047 0.1270 0.1846 0.5837 

MOTIF filter20 
letter-probability matrix: alength= 4 w= 18 nsites= 18 
0.2375 0.2876 0.2308 0.2441 
0.2575 0.2040 0.2609 0.2776 
0.2542 0.2542 0.2341 0.2575 
0.5318 0.0067 0.1037 0.3579 
0.6589 0.0167 0.0602 0.2642 
0.4515 0.0067 0.0301 0.5117 
0.2742 0.1438 0.1739 0.4080 
0.0000 0.0000 0.0000 1.0000 
0.0000 0.0000 1.0000 0.0000 
0.0201 0.9799 0.0000 0.0000 
0.0000 0.0000 0.0000 1.0000 
0.0000 0.0000 1.0000 0.0000 
1.0000 0.0000 0.0000 0.0000 
0.0502 0.4983 0.2943 0.1572 
0.1973 0.1204 0.0401 0.6421 
0.1839 0.3779 0.1271 0.3110 
0.5485 0.0468 0.1405 0.2642 
0.1873 0.0234 0.5585 0.2308 

MOTIF filter21 
letter-probability matrix: alength= 4 w= 12 nsites= 12 
0.2395 0.2363 0.2554 0.2689 
0.2259 0.1687 0.3898 0.2156 
0.3842 0.2267 0.3532 0.0358 
0.0000 0.0000 0.0000 1.0000 
0.0000 0.0000 0.9523 0.0477 
1.0000 0.0000 0.0000 0.0000 
0.0342 0.4797 0.4733 0.0127 
0.0000 0.0000 0.0000 1.0000 
0.0740 0.9260 0.0000 0.0000 
1.0000 0.0000 0.0000 0.0000 
0.0318 0.3111 0.2697 0.3874 
0.2084 0.3572 0.2068 0.2275 

MOTIF filter22 
letter-probability matrix: alength= 4 w= 15 nsites= 15 
0.2878 0.2655 0.2528 0.1940 
0.2591 0.2671 0.2305 0.2432 
0.0922 0.2067 0.4531 0.2480 
0.0000 0.6757 0.0954 0.2289 
0.0238 0.7424 0.0000 0.2337 
0.0000 1.0000 0.0000 0.0000 
0.0016 0.9984 0.0000 0.0000 
0.1367 0.0000 0.5548 0.3084 
0.0016 0.9984 0.0000 0.0000 
0.0016 0.9984 0.0000 0.0000 
0.0000 0.7695 0.0000 0.2305 
0.1065 0.7234 0.0000 0.1701 
0.0636 0.5533 0.0986 0.2846 
0.2448 0.2623 0.2464 0.2464 
0.2607 0.2560 0.2385 0.2448 

MOTIF filter23 
letter-probability matrix: alength= 4 w= 15 nsites= 15 
0.2505 0.2354 0.2732 0.2408 
0.2516 0.2559 0.2441 0.2484 
0.2797 0.1231 0.4924 0.1048 
0.1944 0.0011 0.6123 0.1922 
0.2657 0.0194 0.7127 0.0022 
0.0054 0.0011 0.9881 0.0054 
0.0011 0.0086 0.9806 0.0097 
0.3089 0.4773 0.0000 0.2138 
0.0378 0.0032 0.9460 0.0130 
0.0173 0.0000 0.9762 0.0065 
0.2689 0.0000 0.6803 0.0508 
0.2883 0.0994 0.6123 0.0000 
0.2225 0.4330 0.2138 0.1307 
0.2549 0.2106 0.2851 0.2495 
0.2408 0.2743 0.2268 0.2581 

MOTIF filter24 
letter-probability matrix: alength= 4 w= 15 nsites= 15 
0.2738 0.2464 0.2119 0.2679 
0.2679 0.2571 0.2357 0.2393 
0.1369 0.2036 0.1560 0.5036 
0.0000 0.0000 0.0000 1.0000 
0.0000 0.0000 0.0000 1.0000 
0.0476 0.9524 0.0000 0.0000 
0.0000 0.7857 0.0000 0.2143 
0.2452 0.2250 0.2500 0.2798 
0.2083 0.0000 0.7893 0.0024 
0.0000 0.0000 0.9500 0.0500 
1.0000 0.0000 0.0000 0.0000 
1.0000 0.0000 0.0000 0.0000 
0.5095 0.1310 0.2119 0.1476 
0.2393 0.2762 0.2429 0.2417 
0.2607 0.2381 0.2548 0.2464 

MOTIF filter25 
letter-probability matrix: alength= 4 w= 14 nsites= 14 
0.1788 0.2430 0.2933 0.2849 
0.1620 0.1732 0.3771 0.2877 
0.0196 0.4553 0.2905 0.2346 
0.0754 0.6788 0.0838 0.1620 
0.6732 0.0112 0.2765 0.0391 
0.0000 0.8966 0.0168 0.0866 
0.0000 0.0000 0.0000 1.0000 
0.0000 0.0000 0.0000 1.0000 
0.0000 1.0000 0.0000 0.0000 
0.0000 1.0000 0.0000 0.0000 
0.0000 0.0000 0.9832 0.0168 
0.0000 0.1201 0.8715 0.0084 
0.2709 0.1676 0.2626 0.2989 
0.3045 0.1927 0.2402 0.2626 

MOTIF filter26 
letter-probability matrix: alength= 4 w= 14 nsites= 14 
0.1211 0.0703 0.3438 0.4648 
0.0065 0.9375 0.0000 0.0560 
0.0000 0.0000 0.0000 1.0000 
1.0000 0.0000 0.0000 0.0000 
0.2630 0.0000 0.0000 0.7370 
0.4674 0.0000 0.0000 0.5326 
0.5625 0.0000 0.0000 0.4375 
0.7174 0.0000 0.0000 0.2826 
0.0000 0.0000 0.0000 1.0000 
1.0000 0.0000 0.0000 0.0000 
0.0807 0.0000 0.9115 0.0078 
0.4922 0.3542 0.0469 0.1068 
0.3021 0.2214 0.2513 0.2253 
0.2669 0.2565 0.2305 0.2461 

MOTIF filter27 
letter-probability matrix: alength= 4 w= 16 nsites= 16 
0.4222 0.2198 0.1778 0.1802 
0.0815 0.3654 0.1235 0.4296 
0.0716 0.3235 0.3654 0.2395 
0.4272 0.1259 0.4469 0.0000 
0.5827 0.0099 0.3630 0.0444 
0.0000 1.0000 0.0000 0.0000 
0.0000 1.0000 0.0000 0.0000 
1.0000 0.0000 0.0000 0.0000 
1.0000 0.0000 0.0000 0.0000 
0.0000 0.0000 0.0000 1.0000 
0.0296 0.7704 0.2000 0.0000 
0.8247 0.0025 0.1728 0.0000 
0.0642 0.0765 0.8494 0.0099 
0.2074 0.2864 0.2395 0.2667 
0.2716 0.1951 0.2642 0.2691 
0.2395 0.2716 0.2222 0.2667 

MOTIF filter28 
letter-probability matrix: alength= 4 w= 18 nsites= 18 
0.2194 0.2743 0.2489 0.2574 
0.2489 0.2574 0.2321 0.2616 
0.2658 0.3165 0.1941 0.2236 
0.5696 0.0042 0.1139 0.3122 
0.7089 0.0000 0.0127 0.2785 
0.4515 0.0000 0.0084 0.5401 
0.2785 0.1603 0.1181 0.4430 
0.0127 0.0000 0.0000 0.9873 
0.0000 0.0000 1.0000 0.0000 
0.0084 0.9916 0.0000 0.0000 
0.0000 0.0000 0.0000 1.0000 
0.0000 0.0000 0.9831 0.0169 
1.0000 0.0000 0.0000 0.0000 
0.0169 0.5190 0.3122 0.1519 
0.2152 0.0970 0.0338 0.6540 
0.1688 0.4008 0.1055 0.3249 
0.5612 0.0464 0.1730 0.2194 
0.0717 0.0338 0.6498 0.2447 

MOTIF filter29 
letter-probability matrix: alength= 4 w= 20 nsites= 20 
0.2826 0.2379 0.2353 0.2442 
0.1368 0.0716 0.0332 0.7583 
0.0205 0.0665 0.7072 0.2059 
0.4284 0.3875 0.0665 0.1176 
0.0000 0.9974 0.0026 0.0000 
0.0000 0.9936 0.0000 0.0064 
0.8338 0.0000 0.0051 0.1611 
0.0179 0.0000 0.0000 0.9821 
0.9987 0.0013 0.0000 0.0000 
0.0000 0.0000 0.0013 0.9987 
0.9936 0.0000 0.0000 0.0064 
0.1432 0.0026 0.0000 0.8542 
0.0013 0.0038 0.9949 0.0000 
0.0000 0.0000 0.9974 0.0026 
0.1049 0.0665 0.3977 0.4309 
0.2110 0.6765 0.0831 0.0294 
0.7430 0.0230 0.0588 0.1752 
0.2404 0.2801 0.2379 0.2417 
0.2225 0.2583 0.2673 0.2519 
0.2391 0.2353 0.2775 0.2481 

MOTIF filter30 
letter-probability matrix: alength= 4 w= 13 nsites= 13 
0.2371 0.2429 0.2557 0.2643 
0.2357 0.2543 0.2686 0.2414 
0.2143 0.2757 0.2471 0.2629 
0.5086 0.1200 0.3571 0.0143 
0.0000 0.0000 0.0000 1.0000 
0.0000 0.0000 0.0300 0.9700 
0.3100 0.0000 0.6271 0.0629 
0.0043 0.9486 0.0000 0.0471 
0.0657 0.0000 0.9329 0.0014 
0.0600 0.7371 0.0000 0.2029 
0.9757 0.0243 0.0000 0.0000 
1.0000 0.0000 0.0000 0.0000 
0.0000 0.3686 0.0814 0.5500 

MOTIF filter31 
letter-probability matrix: alength= 4 w= 15 nsites= 15 
0.1436 0.1934 0.3812 0.2818 
0.2155 0.2762 0.2155 0.2928 
0.2762 0.4862 0.1105 0.1271 
0.7182 0.0497 0.1271 0.1050 
0.8343 0.0497 0.0663 0.0497 
0.4807 0.1326 0.0718 0.3149 
0.7624 0.0221 0.0387 0.1768 
0.2099 0.0000 0.0055 0.7845 
0.0442 0.0110 0.5304 0.4144 
0.0000 0.0000 0.8840 0.1160 
0.0000 1.0000 0.0000 0.0000 
0.3481 0.0000 0.0552 0.5967 
0.0000 0.0000 1.0000 0.0000 
0.2486 0.7514 0.0000 0.0000 
0.4199 0.4033 0.0718 0.1050 

