MEME version 4

ALPHABET= ACGT

Background letter frequencies:
A 0.2500 C 0.2500 G 0.2500 T 0.2500 

MOTIF filter0 
letter-probability matrix: alength= 4 w= 20 nsites= 20 
0.2503 0.2295 0.2491 0.2710 
0.4971 0.1292 0.0427 0.3310 
0.5006 0.0646 0.0507 0.3841 
0.3195 0.0681 0.5836 0.0288 
0.4625 0.0484 0.2768 0.2122 
0.0657 0.3472 0.1326 0.4544 
0.1661 0.0681 0.1280 0.6378 
0.2364 0.0496 0.0842 0.6298 
0.1522 0.1926 0.1176 0.5375 
0.2226 0.3276 0.3114 0.1384 
0.2607 0.6251 0.0346 0.0796 
0.0242 0.0242 0.3564 0.5952 
0.1257 0.3760 0.0438 0.4544 
0.2953 0.0980 0.0750 0.5317 
0.4106 0.0046 0.1142 0.4706 
0.1569 0.6298 0.1522 0.0611 
0.5202 0.0081 0.3599 0.1119 
0.1672 0.5075 0.0750 0.2503 
0.1453 0.7163 0.0519 0.0865 
0.0058 0.3495 0.2999 0.3449 

MOTIF filter1 
letter-probability matrix: alength= 4 w= 16 nsites= 16 
0.2559 0.2671 0.2436 0.2334 
0.2375 0.2671 0.2559 0.2395 
0.1198 0.0706 0.3439 0.4657 
0.0440 0.8414 0.0000 0.1146 
0.0000 0.0031 0.0000 0.9969 
1.0000 0.0000 0.0000 0.0000 
0.2774 0.0000 0.0082 0.7144 
0.4555 0.0041 0.0000 0.5404 
0.5548 0.0000 0.0010 0.4442 
0.6837 0.0020 0.0000 0.3142 
0.0020 0.0010 0.0000 0.9969 
0.9928 0.0000 0.0072 0.0000 
0.1095 0.0010 0.8414 0.0481 
0.4452 0.3593 0.0553 0.1402 
0.2835 0.2293 0.2538 0.2334 
0.2416 0.2876 0.2334 0.2375 

MOTIF filter2 
letter-probability matrix: alength= 4 w= 15 nsites= 15 
0.2792 0.2446 0.2082 0.2680 
0.2698 0.2502 0.2437 0.2362 
0.1550 0.2185 0.1662 0.4603 
0.0009 0.0028 0.0000 0.9963 
0.0000 0.0000 0.0411 0.9589 
0.1261 0.8711 0.0019 0.0009 
0.0252 0.7236 0.0000 0.2512 
0.2614 0.2288 0.2558 0.2540 
0.2176 0.0000 0.7768 0.0056 
0.0000 0.0000 0.9057 0.0943 
1.0000 0.0000 0.0000 0.0000 
1.0000 0.0000 0.0000 0.0000 
0.4818 0.1335 0.2260 0.1587 
0.2400 0.2698 0.2353 0.2549 
0.2614 0.2260 0.2633 0.2493 

MOTIF filter3 
letter-probability matrix: alength= 4 w= 17 nsites= 17 
0.2443 0.4584 0.0831 0.2141 
0.2594 0.2292 0.0957 0.4156 
0.2141 0.2418 0.2897 0.2544 
0.6700 0.0453 0.0756 0.2091 
0.3829 0.1134 0.2997 0.2040 
0.1209 0.0000 0.0025 0.8766 
0.1562 0.6423 0.0025 0.1990 
0.5542 0.0000 0.0000 0.4458 
0.0000 0.0000 0.9899 0.0101 
0.0050 0.9950 0.0000 0.0000 
0.4458 0.0000 0.0000 0.5542 
0.1360 0.0151 0.7128 0.1360 
0.8338 0.0000 0.0151 0.1511 
0.1108 0.2695 0.1713 0.4484 
0.2141 0.1537 0.0227 0.6096 
0.1637 0.3401 0.2191 0.2771 
0.5264 0.0856 0.1738 0.2141 

MOTIF filter4 
letter-probability matrix: alength= 4 w= 20 nsites= 20 
0.1429 0.4286 0.1429 0.2857 
0.0714 0.8571 0.0000 0.0714 
0.0000 0.5714 0.3571 0.0714 
0.0000 0.9286 0.0000 0.0714 
0.0000 0.6429 0.3571 0.0000 
0.0000 0.4286 0.5714 0.0000 
0.1429 0.8571 0.0000 0.0000 
0.0000 0.5714 0.2143 0.2143 
0.0000 0.9286 0.0714 0.0000 
0.0000 0.9286 0.0714 0.0000 
0.0000 0.9286 0.0000 0.0714 
0.7143 0.0714 0.1429 0.0714 
0.0714 0.2857 0.2143 0.4286 
0.0000 0.2143 0.7143 0.0714 
0.0000 0.0000 0.7857 0.2143 
0.6429 0.1429 0.0000 0.2143 
0.1429 0.7857 0.0714 0.0000 
0.2857 0.2143 0.0714 0.4286 
0.1429 0.3571 0.2857 0.2143 
0.2143 0.0714 0.7143 0.0000 

MOTIF filter5 
letter-probability matrix: alength= 4 w= 12 nsites= 12 
0.2287 0.2640 0.2651 0.2422 
0.4054 0.2017 0.2599 0.1331 
0.2266 0.3181 0.3202 0.1351 
0.0000 1.0000 0.0000 0.0000 
1.0000 0.0000 0.0000 0.0000 
0.0000 1.0000 0.0000 0.0000 
0.0000 0.0000 1.0000 0.0000 
0.0000 0.0000 0.0000 1.0000 
0.0000 0.0000 1.0000 0.0000 
0.1435 0.2983 0.3191 0.2391 
0.1549 0.2443 0.1674 0.4335 
0.2349 0.2547 0.2495 0.2609 

MOTIF filter6 
letter-probability matrix: alength= 4 w= 16 nsites= 16 
0.2625 0.5681 0.0332 0.1362 
0.2558 0.1927 0.0731 0.4784 
0.2924 0.1561 0.3056 0.2458 
0.6179 0.0565 0.1096 0.2159 
0.1495 0.3355 0.4950 0.0199 
0.0000 0.0000 0.0000 1.0000 
0.0133 0.9867 0.0000 0.0000 
1.0000 0.0000 0.0000 0.0000 
0.0000 0.0000 1.0000 0.0000 
0.0000 1.0000 0.0000 0.0000 
1.0000 0.0000 0.0000 0.0000 
0.4551 0.1894 0.0864 0.2691 
0.4020 0.0532 0.0000 0.5449 
0.4252 0.0498 0.0000 0.5249 
0.3090 0.1163 0.0166 0.5581 
0.2857 0.2193 0.2492 0.2458 

MOTIF filter7 
letter-probability matrix: alength= 4 w= 15 nsites= 15 
0.2366 0.2271 0.2776 0.2587 
0.2681 0.0347 0.6435 0.0536 
0.1262 0.0000 0.8139 0.0599 
0.2019 0.0000 0.7981 0.0000 
0.0000 0.0000 1.0000 0.0000 
0.0000 0.0000 1.0000 0.0000 
0.2902 0.5331 0.0000 0.1767 
0.0000 0.0000 1.0000 0.0000 
0.0000 0.0000 1.0000 0.0000 
0.1293 0.0000 0.8707 0.0000 
0.1924 0.0473 0.7603 0.0000 
0.2019 0.6215 0.1514 0.0252 
0.2429 0.1767 0.3502 0.2303 
0.2744 0.2902 0.2145 0.2208 
0.2461 0.2492 0.2271 0.2776 

MOTIF filter8 
letter-probability matrix: alength= 4 w= 13 nsites= 13 
0.1348 0.3144 0.3037 0.2471 
0.3465 0.1733 0.3893 0.0909 
0.2738 0.4289 0.2364 0.0610 
0.0000 0.6460 0.0000 0.3540 
0.0000 0.6909 0.3070 0.0021 
1.0000 0.0000 0.0000 0.0000 
0.4898 0.0000 0.0000 0.5102 
0.0000 0.0000 0.0000 1.0000 
0.0000 0.3112 0.6888 0.0000 
0.3529 0.0000 0.6471 0.0000 
0.0417 0.2652 0.4043 0.2888 
0.0834 0.3722 0.1872 0.3572 
0.2299 0.3583 0.2738 0.1380 

MOTIF filter9 
letter-probability matrix: alength= 4 w= 15 nsites= 15 
0.2554 0.2158 0.2482 0.2806 
0.2698 0.2374 0.2986 0.1942 
0.2302 0.2626 0.2950 0.2122 
0.0000 0.8345 0.1655 0.0000 
0.0000 1.0000 0.0000 0.0000 
0.0000 0.0000 1.0000 0.0000 
0.0000 0.0000 1.0000 0.0000 
1.0000 0.0000 0.0000 0.0000 
1.0000 0.0000 0.0000 0.0000 
0.0180 0.0072 0.9748 0.0000 
0.0072 0.2806 0.0036 0.7086 
0.1655 0.0827 0.7050 0.0468 
0.2626 0.2302 0.4748 0.0324 
0.1835 0.3993 0.2338 0.1835 
0.1799 0.2878 0.2698 0.2626 

MOTIF filter10 
letter-probability matrix: alength= 4 w= 14 nsites= 14 
0.2632 0.2561 0.2456 0.2351 
0.2386 0.2526 0.2772 0.2316 
0.1789 0.2491 0.2877 0.2842 
0.0070 0.9298 0.0632 0.0000 
0.0632 0.9368 0.0000 0.0000 
0.0000 0.0000 1.0000 0.0000 
0.0000 0.0000 1.0000 0.0000 
1.0000 0.0000 0.0000 0.0000 
1.0000 0.0000 0.0000 0.0000 
0.0246 0.0000 0.9754 0.0000 
0.0070 0.3053 0.0105 0.6772 
0.1614 0.0667 0.7088 0.0632 
0.2281 0.2737 0.4912 0.0070 
0.2491 0.3649 0.2351 0.1509 

MOTIF filter11 
letter-probability matrix: alength= 4 w= 16 nsites= 16 
0.1871 0.2734 0.2446 0.2950 
0.2206 0.2902 0.1871 0.3022 
0.2086 0.1655 0.1007 0.5252 
0.0000 0.0360 0.0312 0.9329 
0.0000 0.0024 0.0000 0.9976 
0.0000 0.5276 0.0120 0.4604 
0.0216 0.9784 0.0000 0.0000 
0.0312 0.4365 0.0000 0.5324 
0.4844 0.0000 0.4700 0.0456 
0.0000 0.0000 0.9904 0.0096 
0.5444 0.0216 0.4317 0.0024 
1.0000 0.0000 0.0000 0.0000 
0.8801 0.0552 0.0408 0.0240 
0.4484 0.1055 0.2086 0.2374 
0.2686 0.2590 0.2278 0.2446 
0.2134 0.2350 0.3597 0.1918 

MOTIF filter12 
letter-probability matrix: alength= 4 w= 13 nsites= 13 
0.2978 0.2470 0.2663 0.1889 
0.2760 0.3002 0.2228 0.2010 
0.0726 0.1913 0.4939 0.2421 
0.0000 0.7893 0.0218 0.1889 
0.0000 0.8475 0.0000 0.1525 
0.0000 1.0000 0.0000 0.0000 
0.0000 1.0000 0.0000 0.0000 
0.1065 0.0000 0.5981 0.2954 
0.0000 1.0000 0.0000 0.0000 
0.0000 1.0000 0.0000 0.0000 
0.0000 0.8063 0.0000 0.1937 
0.0775 0.8160 0.0000 0.1065 
0.0484 0.6150 0.0654 0.2712 

MOTIF filter13 
letter-probability matrix: alength= 4 w= 13 nsites= 13 
0.2444 0.2352 0.2617 0.2587 
0.2332 0.1721 0.3890 0.2057 
0.3992 0.2200 0.3676 0.0132 
0.0000 0.0000 0.0000 1.0000 
0.0000 0.0000 0.9990 0.0010 
1.0000 0.0000 0.0000 0.0000 
0.0000 0.5071 0.4929 0.0000 
0.0000 0.0000 0.0000 1.0000 
0.0000 1.0000 0.0000 0.0000 
1.0000 0.0000 0.0000 0.0000 
0.0081 0.3401 0.2485 0.4033 
0.2169 0.3523 0.1925 0.2383 
0.2546 0.2220 0.2739 0.2495 

MOTIF filter14 
letter-probability matrix: alength= 4 w= 14 nsites= 14 
0.2650 0.2194 0.2849 0.2308 
0.2507 0.2650 0.2308 0.2536 
0.4957 0.0256 0.1282 0.3504 
0.6467 0.0028 0.0342 0.3162 
0.4815 0.0028 0.0399 0.4758 
0.2963 0.1282 0.1624 0.4131 
0.0000 0.0000 0.0000 1.0000 
0.0000 0.0000 1.0000 0.0000 
0.0256 0.9744 0.0000 0.0000 
0.0000 0.0000 0.0000 1.0000 
0.0000 0.0000 0.9858 0.0142 
1.0000 0.0000 0.0000 0.0000 
0.0285 0.5271 0.3162 0.1282 
0.1994 0.1368 0.0598 0.6040 

MOTIF filter15 
letter-probability matrix: alength= 4 w= 11 nsites= 11 
0.2326 0.2690 0.2602 0.2382 
0.2696 0.2520 0.2339 0.2445 
0.4715 0.1392 0.3586 0.0307 
0.0038 0.0031 0.0025 0.9906 
0.0000 0.0000 0.1053 0.8947 
0.3154 0.0006 0.5674 0.1166 
0.0232 0.8044 0.0357 0.1367 
0.1223 0.0307 0.8245 0.0226 
0.1172 0.5900 0.0056 0.2871 
0.8796 0.1122 0.0000 0.0082 
0.9887 0.0019 0.0094 0.0000 

MOTIF filter16 
letter-probability matrix: alength= 4 w= 17 nsites= 17 
0.2455 0.2455 0.2455 0.2635 
0.1796 0.2335 0.3353 0.2515 
0.2275 0.1677 0.2934 0.3114 
0.2216 0.0240 0.7425 0.0120 
0.1018 0.0000 0.8503 0.0479 
0.0838 0.0000 0.9162 0.0000 
0.0000 0.0000 1.0000 0.0000 
0.0000 0.0000 1.0000 0.0000 
0.2754 0.6407 0.0120 0.0719 
0.0000 0.0000 0.9940 0.0060 
0.0000 0.0000 1.0000 0.0000 
0.1737 0.0000 0.8204 0.0060 
0.1796 0.0000 0.8204 0.0000 
0.0898 0.7126 0.1617 0.0359 
0.3234 0.2036 0.2216 0.2515 
0.1976 0.3832 0.1916 0.2275 
0.3653 0.1377 0.2515 0.2455 

MOTIF filter17 
letter-probability matrix: alength= 4 w= 13 nsites= 13 
0.2366 0.2079 0.2832 0.2724 
0.2509 0.2401 0.2294 0.2796 
0.2079 0.3226 0.2688 0.2007 
0.2724 0.0358 0.6129 0.0789 
0.1183 0.0000 0.8315 0.0502 
0.0968 0.0000 0.9032 0.0000 
0.0000 0.0000 1.0000 0.0000 
0.0000 0.0000 1.0000 0.0000 
0.2975 0.6308 0.0000 0.0717 
0.0000 0.0000 1.0000 0.0000 
0.0000 0.0000 1.0000 0.0000 
0.1219 0.0000 0.8746 0.0036 
0.1613 0.0108 0.8280 0.0000 

MOTIF filter18 
letter-probability matrix: alength= 4 w= 15 nsites= 15 
0.2437 0.4454 0.1624 0.1485 
0.3883 0.0266 0.1104 0.4746 
0.4772 0.0431 0.1840 0.2957 
0.5571 0.0152 0.0355 0.3921 
0.2754 0.1980 0.3287 0.1980 
0.0000 0.0000 0.0000 1.0000 
0.0000 0.5152 0.4848 0.0000 
0.6041 0.3959 0.0000 0.0000 
0.0000 0.0000 0.4137 0.5863 
0.0000 0.4721 0.5279 0.0000 
1.0000 0.0000 0.0000 0.0000 
0.2208 0.3211 0.2475 0.2107 
0.2843 0.0406 0.0279 0.6472 
0.2576 0.2170 0.0140 0.5114 
0.4061 0.0876 0.1104 0.3959 

MOTIF filter19 
letter-probability matrix: alength= 4 w= 12 nsites= 12 
0.2551 0.2566 0.2427 0.2456 
0.2515 0.2858 0.2390 0.2237 
0.2485 0.2354 0.2383 0.2778 
0.4306 0.0000 0.0000 0.5694 
0.0000 0.0000 0.0000 1.0000 
0.0000 0.0000 0.0000 1.0000 
0.6367 0.0000 0.3633 0.0000 
1.0000 0.0000 0.0000 0.0000 
0.0000 0.0000 0.0000 1.0000 
0.2529 0.2405 0.2573 0.2493 
0.2456 0.2515 0.2602 0.2427 
0.2463 0.2405 0.2580 0.2551 

MOTIF filter20 
letter-probability matrix: alength= 4 w= 20 nsites= 20 
0.2484 0.2492 0.2488 0.2537 
0.4009 0.1632 0.3010 0.1349 
0.3623 0.2311 0.0970 0.3096 
0.0662 0.0173 0.3409 0.5757 
0.1032 0.2459 0.3047 0.3462 
0.1768 0.5728 0.0000 0.2504 
0.0160 0.4371 0.0761 0.4708 
0.2500 0.4083 0.0111 0.3306 
0.3762 0.0683 0.4359 0.1197 
0.1562 0.3306 0.5086 0.0045 
0.1414 0.3647 0.4609 0.0329 
0.1875 0.0021 0.7726 0.0378 
0.4836 0.0029 0.3236 0.1900 
0.2188 0.1464 0.2759 0.3590 
0.4889 0.1114 0.3294 0.0703 
0.1439 0.1826 0.5292 0.1443 
0.7414 0.1180 0.0000 0.1406 
0.1279 0.4708 0.2858 0.1155 
0.3368 0.1838 0.2940 0.1854 
0.3824 0.1028 0.3655 0.1493 

MOTIF filter21 
letter-probability matrix: alength= 4 w= 20 nsites= 20 
0.2158 0.2812 0.2727 0.2303 
0.2921 0.2388 0.2327 0.2364 
0.1564 0.0703 0.0376 0.7358 
0.0279 0.0812 0.6752 0.2158 
0.4194 0.3952 0.0691 0.1164 
0.0000 0.9976 0.0024 0.0000 
0.0000 0.9939 0.0000 0.0061 
0.8339 0.0000 0.0024 0.1636 
0.0145 0.0000 0.0000 0.9855 
0.9988 0.0012 0.0000 0.0000 
0.0000 0.0024 0.0012 0.9964 
0.9891 0.0000 0.0000 0.0109 
0.1479 0.0024 0.0000 0.8497 
0.0012 0.0048 0.9939 0.0000 
0.0000 0.0012 0.9976 0.0012 
0.1018 0.0679 0.3964 0.4339 
0.2194 0.6618 0.0885 0.0303 
0.7333 0.0303 0.0642 0.1721 
0.2339 0.2776 0.2436 0.2448 
0.2170 0.2667 0.2655 0.2509 

MOTIF filter22 
letter-probability matrix: alength= 4 w= 15 nsites= 15 
0.2555 0.2414 0.2351 0.2680 
0.2962 0.2351 0.2257 0.2429 
0.1285 0.2069 0.1003 0.5643 
0.0000 0.0000 0.0000 1.0000 
0.0000 0.0000 0.0000 1.0000 
0.0219 0.9781 0.0000 0.0000 
0.0000 0.8558 0.0000 0.1442 
0.2320 0.2273 0.2476 0.2931 
0.1850 0.0000 0.8135 0.0016 
0.0000 0.0000 0.9828 0.0172 
1.0000 0.0000 0.0000 0.0000 
1.0000 0.0000 0.0000 0.0000 
0.5486 0.1238 0.2069 0.1207 
0.2288 0.2962 0.2273 0.2476 
0.2382 0.2680 0.2476 0.2461 

MOTIF filter23 
letter-probability matrix: alength= 4 w= 13 nsites= 13 
0.1674 0.2163 0.1884 0.4279 
0.0651 0.0814 0.1977 0.6558 
0.1860 0.3953 0.1023 0.3163 
0.0070 0.8442 0.1395 0.0093 
0.1395 0.8000 0.0581 0.0023 
0.0047 0.0047 0.9907 0.0000 
0.0000 0.0070 0.9814 0.0116 
0.9372 0.0000 0.0628 0.0000 
0.9930 0.0047 0.0000 0.0023 
0.1977 0.1465 0.6535 0.0023 
0.2512 0.2279 0.0535 0.4674 
0.1791 0.2070 0.5605 0.0535 
0.5233 0.2651 0.1465 0.0651 

MOTIF filter24 
letter-probability matrix: alength= 4 w= 12 nsites= 12 
0.2603 0.2645 0.2376 0.2376 
0.2841 0.2138 0.2190 0.2831 
0.2707 0.2510 0.2242 0.2541 
1.0000 0.0000 0.0000 0.0000 
0.0000 0.0000 0.0000 1.0000 
0.0000 0.3864 0.0000 0.6136 
1.0000 0.0000 0.0000 0.0000 
1.0000 0.0000 0.0000 0.0000 
0.8481 0.0000 0.0000 0.1519 
0.2407 0.2376 0.2293 0.2924 
0.2748 0.2324 0.2200 0.2727 
0.2211 0.2552 0.2624 0.2614 

MOTIF filter25 
letter-probability matrix: alength= 4 w= 19 nsites= 19 
0.1756 0.1987 0.1679 0.4578 
0.2322 0.1113 0.0883 0.5681 
0.5048 0.1996 0.1564 0.1392 
0.6891 0.0528 0.0710 0.1871 
0.0067 0.1075 0.5441 0.3417 
0.3474 0.2937 0.2265 0.1324 
0.0173 0.1545 0.4357 0.3925 
0.6507 0.2562 0.0441 0.0489 
0.1152 0.0816 0.1823 0.6209 
0.0298 0.5058 0.4415 0.0230 
0.2946 0.3004 0.3637 0.0413 
0.0461 0.4971 0.3599 0.0969 
0.3205 0.0566 0.0096 0.6132 
0.5595 0.2284 0.1497 0.0624 
0.2994 0.0259 0.0797 0.5950 
0.2927 0.0758 0.5768 0.0547 
0.2610 0.3436 0.1766 0.2188 
0.2150 0.1401 0.0000 0.6449 
0.5681 0.0624 0.1324 0.2370 

MOTIF filter26 
letter-probability matrix: alength= 4 w= 12 nsites= 12 
0.1389 0.5035 0.1701 0.1875 
0.7326 0.0000 0.2604 0.0069 
0.0000 0.9931 0.0000 0.0069 
0.0000 0.0000 0.0000 1.0000 
0.0000 0.0000 0.0000 1.0000 
0.0000 1.0000 0.0000 0.0000 
0.0000 1.0000 0.0000 0.0000 
0.0000 0.0000 0.9896 0.0104 
0.0000 0.0382 0.9618 0.0000 
0.2882 0.2257 0.1875 0.2986 
0.2361 0.2361 0.2674 0.2604 
0.2465 0.2257 0.2326 0.2951 

MOTIF filter27 
letter-probability matrix: alength= 4 w= 16 nsites= 16 
0.2563 0.2623 0.2412 0.2402 
0.2442 0.2693 0.2593 0.2271 
0.1196 0.0704 0.3417 0.4683 
0.0402 0.8573 0.0020 0.1005 
0.0010 0.0161 0.0010 0.9819 
1.0000 0.0000 0.0000 0.0000 
0.2764 0.0010 0.0090 0.7136 
0.4603 0.0010 0.0000 0.5387 
0.5447 0.0000 0.0010 0.4543 
0.6915 0.0040 0.0000 0.3045 
0.0030 0.0010 0.0010 0.9950 
0.9829 0.0000 0.0141 0.0030 
0.1085 0.0020 0.8492 0.0402 
0.4442 0.3578 0.0593 0.1387 
0.2814 0.2322 0.2603 0.2261 
0.2523 0.2804 0.2342 0.2332 

MOTIF filter28 
letter-probability matrix: alength= 4 w= 13 nsites= 13 
0.2261 0.2413 0.2656 0.2671 
0.2473 0.2428 0.2671 0.2428 
0.2215 0.2838 0.2428 0.2519 
0.5175 0.1153 0.3581 0.0091 
0.0000 0.0000 0.0000 1.0000 
0.0000 0.0000 0.0167 0.9833 
0.2883 0.0000 0.6555 0.0561 
0.0030 0.9423 0.0000 0.0546 
0.0653 0.0000 0.9317 0.0030 
0.0561 0.7238 0.0000 0.2200 
0.9879 0.0121 0.0000 0.0000 
1.0000 0.0000 0.0000 0.0000 
0.0000 0.3566 0.0759 0.5675 

MOTIF filter29 
letter-probability matrix: alength= 4 w= 20 nsites= 20 
0.2262 0.2433 0.2583 0.2722 
0.2144 0.2797 0.2744 0.2315 
0.2883 0.2379 0.2326 0.2412 
0.1661 0.0782 0.0472 0.7085 
0.0343 0.0986 0.6484 0.2186 
0.4084 0.3891 0.0782 0.1243 
0.0043 0.9829 0.0096 0.0032 
0.0000 0.9839 0.0032 0.0129 
0.8167 0.0043 0.0107 0.1683 
0.0257 0.0000 0.0032 0.9711 
0.9925 0.0043 0.0021 0.0011 
0.0000 0.0021 0.0021 0.9957 
0.9743 0.0032 0.0000 0.0225 
0.1608 0.0064 0.0021 0.8307 
0.0032 0.0107 0.9861 0.0000 
0.0011 0.0064 0.9893 0.0032 
0.1125 0.0729 0.3848 0.4298 
0.2294 0.6356 0.0954 0.0397 
0.6999 0.0375 0.0772 0.1854 
0.2433 0.2712 0.2401 0.2454 

MOTIF filter30 
letter-probability matrix: alength= 4 w= 13 nsites= 13 
0.2406 0.2396 0.2320 0.2877 
0.2254 0.2016 0.3587 0.2143 
0.3956 0.2290 0.3374 0.0380 
0.0279 0.0106 0.0415 0.9200 
0.0117 0.0228 0.9093 0.0562 
0.9676 0.0162 0.0106 0.0056 
0.0319 0.4569 0.4782 0.0329 
0.0294 0.0091 0.0142 0.9473 
0.0481 0.9129 0.0111 0.0279 
0.9407 0.0041 0.0304 0.0248 
0.0253 0.3379 0.2675 0.3693 
0.2021 0.3607 0.1884 0.2487 
0.2715 0.2275 0.2518 0.2492 

MOTIF filter31 
letter-probability matrix: alength= 4 w= 14 nsites= 14 
0.1786 0.2045 0.3442 0.2727 
0.0000 0.5584 0.2045 0.2370 
0.0097 0.7240 0.1136 0.1526 
0.6883 0.0097 0.2630 0.0390 
0.0000 0.9383 0.0065 0.0552 
0.0000 0.0000 0.0000 1.0000 
0.0000 0.0000 0.0000 1.0000 
0.0000 1.0000 0.0000 0.0000 
0.0000 1.0000 0.0000 0.0000 
0.0000 0.0000 0.9708 0.0292 
0.0000 0.2143 0.7792 0.0065 
0.2987 0.1818 0.2435 0.2760 
0.2727 0.2403 0.2045 0.2825 
0.2532 0.2305 0.2662 0.2500 

