MEME version 4

ALPHABET= ACGT

Background letter frequencies:
A 0.2500 C 0.2500 G 0.2500 T 0.2500 

MOTIF filter0 
letter-probability matrix: alength= 4 w= 10 nsites= 10 
0.2189 0.2979 0.3225 0.1606 
0.0000 1.0000 0.0000 0.0000 
1.0000 0.0000 0.0000 0.0000 
0.0000 1.0000 0.0000 0.0000 
0.0000 0.0000 1.0000 0.0000 
0.0000 0.0000 0.0000 1.0000 
0.0000 0.0000 1.0000 0.0000 
0.0738 0.3497 0.3355 0.2409 
0.1062 0.2332 0.1671 0.4935 
0.2409 0.2228 0.2383 0.2979 

MOTIF filter1 
letter-probability matrix: alength= 4 w= 20 nsites= 20 
0.0909 0.2727 0.2727 0.3636 
0.3636 0.0909 0.1818 0.3636 
0.0000 0.0909 0.0000 0.9091 
0.3636 0.0000 0.0000 0.6364 
0.1818 0.0909 0.4545 0.2727 
0.1818 0.8182 0.0000 0.0000 
0.0909 0.0000 0.0000 0.9091 
0.2727 0.0000 0.7273 0.0000 
0.0000 0.2727 0.4545 0.2727 
0.3636 0.2727 0.0000 0.3636 
0.0000 0.0000 0.0000 1.0000 
0.2727 0.0000 0.0000 0.7273 
0.4545 0.4545 0.0000 0.0909 
0.0000 0.2727 0.0000 0.7273 
0.0000 0.0000 0.4545 0.5455 
0.5455 0.4545 0.0000 0.0000 
0.8182 0.1818 0.0000 0.0000 
0.6364 0.0909 0.1818 0.0909 
0.4545 0.3636 0.0909 0.0909 
0.1818 0.2727 0.0909 0.4545 

MOTIF filter2 
letter-probability matrix: alength= 4 w= 15 nsites= 15 
0.2669 0.2415 0.2585 0.2331 
0.0911 0.2013 0.1843 0.5233 
0.0000 0.0000 0.0000 1.0000 
0.0000 0.0000 0.0021 0.9979 
0.0318 0.9682 0.0000 0.0000 
0.0127 0.6758 0.0000 0.3114 
0.3644 0.0657 0.3835 0.1864 
0.0127 0.0000 0.9873 0.0000 
0.0000 0.0000 1.0000 0.0000 
1.0000 0.0000 0.0000 0.0000 
1.0000 0.0000 0.0000 0.0000 
0.6314 0.0572 0.1419 0.1695 
0.2352 0.2881 0.2331 0.2436 
0.2797 0.2055 0.2903 0.2246 
0.2648 0.2712 0.2119 0.2521 

MOTIF filter3 
letter-probability matrix: alength= 4 w= 12 nsites= 12 
0.3269 0.1985 0.2470 0.2276 
0.2373 0.2373 0.2349 0.2906 
0.1477 0.1525 0.0702 0.6295 
0.0000 0.0000 0.0000 1.0000 
0.0000 0.0000 0.0000 1.0000 
0.0000 1.0000 0.0000 0.0000 
0.0000 0.9855 0.0000 0.0145 
0.1646 0.3584 0.0775 0.3995 
0.2978 0.0000 0.6973 0.0048 
0.0000 0.0000 0.9709 0.0291 
1.0000 0.0000 0.0000 0.0000 
1.0000 0.0000 0.0000 0.0000 

MOTIF filter4 
letter-probability matrix: alength= 4 w= 12 nsites= 12 
0.1593 0.2063 0.3499 0.2846 
0.0313 0.4543 0.2428 0.2715 
0.0862 0.6266 0.1358 0.1514 
0.6762 0.0183 0.2768 0.0287 
0.0000 0.9556 0.0000 0.0444 
0.0000 0.0000 0.0000 1.0000 
0.0000 0.0000 0.0000 1.0000 
0.0000 1.0000 0.0000 0.0000 
0.0000 1.0000 0.0000 0.0000 
0.0000 0.0000 0.9817 0.0183 
0.0000 0.1358 0.8590 0.0052 
0.2559 0.1984 0.2585 0.2872 

MOTIF filter5 
letter-probability matrix: alength= 4 w= 16 nsites= 16 
0.4472 0.2222 0.1472 0.1833 
0.0667 0.3861 0.1056 0.4417 
0.0667 0.3250 0.3778 0.2306 
0.4444 0.1083 0.4472 0.0000 
0.5889 0.0056 0.3639 0.0417 
0.0000 1.0000 0.0000 0.0000 
0.0000 1.0000 0.0000 0.0000 
1.0000 0.0000 0.0000 0.0000 
1.0000 0.0000 0.0000 0.0000 
0.0000 0.0000 0.0000 1.0000 
0.0250 0.7833 0.1917 0.0000 
0.8389 0.0028 0.1583 0.0000 
0.0611 0.0667 0.8694 0.0028 
0.2083 0.2889 0.2306 0.2722 
0.2778 0.1861 0.2778 0.2583 
0.2333 0.2778 0.2222 0.2667 

MOTIF filter6 
letter-probability matrix: alength= 4 w= 13 nsites= 13 
0.3120 0.2353 0.2660 0.1867 
0.2660 0.3043 0.2174 0.2123 
0.0691 0.1995 0.4987 0.2327 
0.0000 0.8082 0.0230 0.1688 
0.0000 0.8389 0.0000 0.1611 
0.0000 1.0000 0.0000 0.0000 
0.0000 1.0000 0.0000 0.0000 
0.1023 0.0000 0.6036 0.2941 
0.0000 1.0000 0.0000 0.0000 
0.0000 1.0000 0.0000 0.0000 
0.0000 0.7954 0.0000 0.2046 
0.0742 0.8389 0.0000 0.0870 
0.0409 0.6368 0.0512 0.2711 

MOTIF filter7 
letter-probability matrix: alength= 4 w= 20 nsites= 20 
0.2009 0.2883 0.2730 0.2377 
0.2883 0.2377 0.1979 0.2761 
0.1350 0.0782 0.0429 0.7439 
0.0123 0.0798 0.7193 0.1887 
0.4218 0.4218 0.0506 0.1058 
0.0000 1.0000 0.0000 0.0000 
0.0000 0.9954 0.0015 0.0031 
0.8190 0.0015 0.0031 0.1764 
0.0092 0.0000 0.0000 0.9908 
1.0000 0.0000 0.0000 0.0000 
0.0000 0.0000 0.0000 1.0000 
0.9939 0.0000 0.0000 0.0061 
0.1319 0.0015 0.0000 0.8666 
0.0000 0.0015 0.9985 0.0000 
0.0000 0.0000 0.9985 0.0015 
0.1028 0.0644 0.3773 0.4555 
0.2040 0.7193 0.0706 0.0061 
0.8267 0.0169 0.0383 0.1181 
0.2239 0.3067 0.2040 0.2653 
0.1994 0.2577 0.2745 0.2684 

MOTIF filter8 
letter-probability matrix: alength= 4 w= 11 nsites= 11 
0.2482 0.2342 0.2248 0.2927 
0.2436 0.2295 0.2763 0.2506 
0.2272 0.2810 0.2436 0.2482 
0.0000 0.8384 0.1616 0.0000 
0.0258 0.9742 0.0000 0.0000 
0.0000 0.0000 1.0000 0.0000 
0.0000 0.0000 1.0000 0.0000 
1.0000 0.0000 0.0000 0.0000 
1.0000 0.0000 0.0000 0.0000 
0.0632 0.0047 0.9321 0.0000 
0.0445 0.2998 0.0164 0.6393 

MOTIF filter9 
letter-probability matrix: alength= 4 w= 16 nsites= 16 
0.2189 0.2129 0.2711 0.2972 
0.2269 0.2470 0.2430 0.2831 
0.2048 0.2550 0.2691 0.2711 
0.5361 0.1165 0.3434 0.0040 
0.0000 0.0000 0.0000 1.0000 
0.0000 0.0000 0.0301 0.9699 
0.3193 0.0000 0.6466 0.0341 
0.0000 0.9719 0.0040 0.0241 
0.0542 0.0020 0.9438 0.0000 
0.0482 0.8514 0.0000 0.1004 
1.0000 0.0000 0.0000 0.0000 
1.0000 0.0000 0.0000 0.0000 
0.0080 0.3956 0.0643 0.5321 
0.2892 0.2952 0.2229 0.1928 
0.2490 0.2390 0.2651 0.2470 
0.2410 0.2651 0.2691 0.2249 

MOTIF filter10 
letter-probability matrix: alength= 4 w= 12 nsites= 12 
0.2289 0.2651 0.2640 0.2421 
0.4250 0.1840 0.2673 0.1238 
0.2300 0.3341 0.3341 0.1019 
0.0000 1.0000 0.0000 0.0000 
1.0000 0.0000 0.0000 0.0000 
0.0000 0.9989 0.0000 0.0011 
0.0033 0.0000 0.9967 0.0000 
0.0000 0.0000 0.0000 1.0000 
0.0000 0.0000 1.0000 0.0000 
0.1457 0.2946 0.3253 0.2344 
0.1599 0.2410 0.1577 0.4414 
0.2432 0.2596 0.2552 0.2421 

MOTIF filter11 
letter-probability matrix: alength= 4 w= 20 nsites= 20 
0.3158 0.1053 0.2632 0.3158 
0.0526 0.0526 0.8947 0.0000 
0.0000 0.0526 0.6316 0.3158 
0.0526 0.1579 0.1579 0.6316 
0.1053 0.3684 0.0000 0.5263 
0.2632 0.6316 0.1053 0.0000 
0.8421 0.0526 0.1053 0.0000 
0.7368 0.1053 0.0000 0.1579 
0.1053 0.0000 0.2632 0.6316 
0.1053 0.3684 0.1053 0.4211 
0.0000 0.8947 0.1053 0.0000 
0.3158 0.0000 0.3684 0.3158 
0.1579 0.4211 0.0000 0.4211 
0.6842 0.0526 0.1579 0.1053 
0.4211 0.1579 0.3684 0.0526 
0.2105 0.3158 0.0000 0.4737 
1.0000 0.0000 0.0000 0.0000 
0.5263 0.3158 0.1053 0.0526 
0.1053 0.7368 0.0526 0.1053 
0.3684 0.0000 0.6316 0.0000 

MOTIF filter12 
letter-probability matrix: alength= 4 w= 10 nsites= 10 
0.2380 0.2341 0.2620 0.2659 
0.2331 0.1703 0.3924 0.2042 
0.3994 0.2390 0.3616 0.0000 
0.0000 0.0000 0.0000 1.0000 
0.0000 0.0000 1.0000 0.0000 
1.0000 0.0000 0.0000 0.0000 
0.0000 0.5000 0.5000 0.0000 
0.0000 0.0000 0.0000 1.0000 
0.0000 1.0000 0.0000 0.0000 
1.0000 0.0000 0.0000 0.0000 

MOTIF filter13 
letter-probability matrix: alength= 4 w= 14 nsites= 14 
0.2552 0.2370 0.2708 0.2370 
0.2292 0.2526 0.2604 0.2578 
0.2292 0.2656 0.2656 0.2396 
0.0651 0.0208 0.3646 0.5495 
0.0026 0.8594 0.0000 0.1380 
0.0000 0.0000 0.0000 1.0000 
1.0000 0.0000 0.0000 0.0000 
0.0000 0.0000 0.0000 1.0000 
0.0182 0.0000 0.0000 0.9818 
0.1380 0.0000 0.0000 0.8620 
0.4531 0.0026 0.0000 0.5443 
0.0000 0.0000 0.0000 1.0000 
0.9948 0.0000 0.0052 0.0000 
0.0078 0.0000 0.9349 0.0573 

MOTIF filter14 
letter-probability matrix: alength= 4 w= 13 nsites= 13 
0.6568 0.1281 0.1053 0.1098 
0.4805 0.0709 0.4485 0.0000 
1.0000 0.0000 0.0000 0.0000 
0.0000 0.0000 0.0000 1.0000 
0.0000 0.0000 1.0000 0.0000 
0.0000 0.0000 1.0000 0.0000 
0.0641 0.9176 0.0000 0.0183 
0.0961 0.1854 0.4531 0.2654 
0.0847 0.0618 0.8192 0.0343 
0.1442 0.7346 0.0114 0.1098 
0.2471 0.2426 0.2494 0.2609 
0.2449 0.2265 0.2792 0.2494 
0.2700 0.2311 0.2700 0.2288 

MOTIF filter15 
letter-probability matrix: alength= 4 w= 13 nsites= 13 
0.2242 0.2857 0.2361 0.2540 
0.2401 0.2520 0.2381 0.2698 
0.0893 0.0496 0.3671 0.4940 
0.0079 0.9722 0.0000 0.0198 
0.0000 0.0000 0.0000 1.0000 
1.0000 0.0000 0.0000 0.0000 
0.3194 0.0000 0.0000 0.6806 
0.6012 0.0000 0.0000 0.3988 
0.7262 0.0000 0.0000 0.2738 
0.9008 0.0000 0.0000 0.0992 
0.0000 0.0000 0.0000 1.0000 
1.0000 0.0000 0.0000 0.0000 
0.0476 0.0000 0.9524 0.0000 

MOTIF filter16 
letter-probability matrix: alength= 4 w= 19 nsites= 19 
0.1111 0.1667 0.1111 0.6111 
0.2778 0.1667 0.1111 0.4444 
0.1111 0.6111 0.1111 0.1667 
0.4444 0.5000 0.0556 0.0000 
0.2778 0.3333 0.3889 0.0000 
0.1111 0.0000 0.7222 0.1667 
0.4444 0.1667 0.3889 0.0000 
0.8889 0.0000 0.0556 0.0556 
0.6111 0.0000 0.2222 0.1667 
0.1111 0.0556 0.7222 0.1111 
0.0556 0.5556 0.3333 0.0556 
1.0000 0.0000 0.0000 0.0000 
0.2778 0.7222 0.0000 0.0000 
0.0000 0.0000 1.0000 0.0000 
0.0000 0.0000 0.0000 1.0000 
0.1111 0.2222 0.4444 0.2222 
0.0556 0.7222 0.0556 0.1667 
0.1111 0.0000 0.0000 0.8889 
0.0000 0.3889 0.1667 0.4444 

MOTIF filter17 
letter-probability matrix: alength= 4 w= 16 nsites= 16 
0.2255 0.1944 0.2760 0.3042 
0.1973 0.2745 0.2774 0.2507 
0.2938 0.2329 0.2329 0.2404 
0.1306 0.0682 0.0223 0.7789 
0.0208 0.0697 0.7122 0.1973 
0.4451 0.3739 0.0697 0.1113 
0.0000 0.9985 0.0015 0.0000 
0.0000 0.9941 0.0000 0.0059 
0.8487 0.0000 0.0015 0.1499 
0.0000 0.0000 0.0000 1.0000 
1.0000 0.0000 0.0000 0.0000 
0.0000 0.0000 0.0000 1.0000 
1.0000 0.0000 0.0000 0.0000 
0.1395 0.0000 0.0000 0.8605 
0.0000 0.0030 0.9970 0.0000 
0.0000 0.0015 0.9985 0.0000 

MOTIF filter18 
letter-probability matrix: alength= 4 w= 15 nsites= 15 
0.2507 0.2421 0.2507 0.2565 
0.2277 0.2334 0.2939 0.2450 
0.2450 0.0461 0.6455 0.0634 
0.1153 0.0000 0.8271 0.0576 
0.1585 0.0000 0.8415 0.0000 
0.0000 0.0000 1.0000 0.0000 
0.0000 0.0000 1.0000 0.0000 
0.3055 0.5620 0.0000 0.1326 
0.0000 0.0000 1.0000 0.0000 
0.0000 0.0000 1.0000 0.0000 
0.1585 0.0000 0.8415 0.0000 
0.1902 0.0144 0.7954 0.0000 
0.1643 0.5821 0.1729 0.0807 
0.2767 0.2046 0.2767 0.2421 
0.2450 0.3026 0.2046 0.2478 

MOTIF filter19 
letter-probability matrix: alength= 4 w= 13 nsites= 13 
0.1099 0.0884 0.0927 0.7091 
0.0000 1.0000 0.0000 0.0000 
1.0000 0.0000 0.0000 0.0000 
0.0000 0.0000 0.9978 0.0022 
0.0000 1.0000 0.0000 0.0000 
1.0000 0.0000 0.0000 0.0000 
0.4375 0.1573 0.1272 0.2780 
0.4634 0.0366 0.0000 0.5000 
0.3836 0.0603 0.0000 0.5560 
0.3168 0.1358 0.0043 0.5431 
0.2845 0.2328 0.2241 0.2586 
0.2565 0.2737 0.2241 0.2457 
0.2220 0.2888 0.2716 0.2177 

MOTIF filter20 
letter-probability matrix: alength= 4 w= 20 nsites= 20 
0.2069 0.1724 0.3103 0.3103 
0.2069 0.2069 0.5862 0.0000 
0.0345 0.0000 0.5517 0.4138 
0.2759 0.5172 0.2069 0.0000 
0.0000 0.5172 0.4828 0.0000 
0.0690 0.0345 0.0345 0.8621 
0.3448 0.0690 0.3448 0.2414 
0.0000 0.0000 0.0000 1.0000 
0.0000 0.1379 0.1034 0.7586 
0.2414 0.0000 0.1034 0.6552 
0.7241 0.1034 0.0690 0.1034 
0.5517 0.0000 0.1379 0.3103 
0.0345 0.0345 0.4483 0.4828 
0.8276 0.0345 0.0690 0.0690 
0.0000 0.2414 0.3103 0.4483 
0.6207 0.2069 0.0690 0.1034 
0.2069 0.0000 0.4138 0.3793 
0.0345 0.0690 0.2759 0.6207 
0.1724 0.6207 0.0690 0.1379 
0.5517 0.0000 0.4138 0.0345 

MOTIF filter21 
letter-probability matrix: alength= 4 w= 11 nsites= 11 
0.2508 0.2489 0.2355 0.2648 
0.2532 0.2605 0.2367 0.2495 
0.2672 0.2227 0.2404 0.2697 
0.6632 0.0000 0.0000 0.3368 
0.0000 0.0000 0.0000 1.0000 
0.0000 0.0329 0.0000 0.9671 
0.9115 0.0000 0.0885 0.0000 
1.0000 0.0000 0.0000 0.0000 
0.3478 0.0000 0.0000 0.6522 
0.2678 0.2288 0.2471 0.2563 
0.2373 0.2410 0.2648 0.2569 

MOTIF filter22 
letter-probability matrix: alength= 4 w= 16 nsites= 16 
0.2426 0.2847 0.2104 0.2624 
0.3391 0.2252 0.2277 0.2079 
0.2475 0.2748 0.2153 0.2624 
0.5866 0.0223 0.3911 0.0000 
0.0000 0.0000 0.0000 1.0000 
0.0000 0.0000 0.0000 1.0000 
0.1015 0.0000 0.8713 0.0272 
0.0000 0.9183 0.0074 0.0743 
0.0297 0.0000 0.9678 0.0025 
0.0446 0.6163 0.0000 0.3391 
0.9901 0.0099 0.0000 0.0000 
1.0000 0.0000 0.0000 0.0000 
0.0099 0.2748 0.1064 0.6089 
0.2772 0.2376 0.2970 0.1881 
0.2203 0.1658 0.2475 0.3663 
0.2376 0.2599 0.2401 0.2624 

MOTIF filter23 
letter-probability matrix: alength= 4 w= 16 nsites= 16 
0.2724 0.2659 0.2170 0.2447 
0.2545 0.2871 0.2447 0.2137 
0.1142 0.0408 0.3442 0.5008 
0.0098 0.9608 0.0000 0.0294 
0.0000 0.0000 0.0000 1.0000 
1.0000 0.0000 0.0000 0.0000 
0.3148 0.0000 0.0033 0.6819 
0.5334 0.0000 0.0000 0.4666 
0.6362 0.0000 0.0000 0.3638 
0.7569 0.0000 0.0000 0.2431 
0.0000 0.0000 0.0000 1.0000 
1.0000 0.0000 0.0000 0.0000 
0.0669 0.0000 0.9331 0.0000 
0.5546 0.4013 0.0082 0.0359 
0.2904 0.2333 0.2512 0.2251 
0.2659 0.2512 0.2268 0.2561 

MOTIF filter24 
letter-probability matrix: alength= 4 w= 15 nsites= 15 
0.2490 0.2544 0.2030 0.2936 
0.2544 0.2612 0.2233 0.2612 
0.1218 0.2111 0.1096 0.5575 
0.0000 0.0000 0.0000 1.0000 
0.0000 0.0000 0.0000 1.0000 
0.0406 0.9594 0.0000 0.0000 
0.0041 0.8322 0.0000 0.1637 
0.2558 0.2165 0.2436 0.2842 
0.1949 0.0000 0.7997 0.0054 
0.0000 0.0000 0.9364 0.0636 
1.0000 0.0000 0.0000 0.0000 
1.0000 0.0000 0.0000 0.0000 
0.5697 0.1123 0.1976 0.1204 
0.2219 0.2774 0.2558 0.2449 
0.2503 0.2409 0.2558 0.2530 

MOTIF filter25 
letter-probability matrix: alength= 4 w= 15 nsites= 15 
0.2398 0.2671 0.2559 0.2373 
0.2646 0.2497 0.2522 0.2335 
0.2298 0.1516 0.4000 0.2186 
0.4497 0.1453 0.4012 0.0037 
0.0000 0.0000 0.0000 1.0000 
0.0000 0.0000 1.0000 0.0000 
1.0000 0.0000 0.0000 0.0000 
0.0000 0.4994 0.5006 0.0000 
0.0000 0.0000 0.0000 1.0000 
0.0000 1.0000 0.0000 0.0000 
1.0000 0.0000 0.0000 0.0000 
0.0000 0.3689 0.1839 0.4472 
0.2224 0.3652 0.1839 0.2286 
0.2211 0.2075 0.3006 0.2708 
0.2621 0.2571 0.2584 0.2224 

MOTIF filter26 
letter-probability matrix: alength= 4 w= 19 nsites= 19 
0.2264 0.2760 0.2628 0.2347 
0.1256 0.3240 0.3058 0.2446 
0.3025 0.2694 0.2182 0.2099 
0.1256 0.0678 0.0347 0.7719 
0.0215 0.0843 0.6975 0.1967 
0.4149 0.4099 0.0678 0.1074 
0.0000 0.9983 0.0017 0.0000 
0.0000 0.9950 0.0000 0.0050 
0.9107 0.0000 0.0017 0.0876 
0.0198 0.0000 0.0000 0.9802 
1.0000 0.0000 0.0000 0.0000 
0.0000 0.0000 0.0017 0.9983 
0.9983 0.0000 0.0000 0.0017 
0.1504 0.0017 0.0000 0.8479 
0.0000 0.0000 1.0000 0.0000 
0.0000 0.0000 1.0000 0.0000 
0.0595 0.0380 0.4727 0.4298 
0.1884 0.7008 0.0760 0.0347 
0.7901 0.0017 0.0446 0.1636 

MOTIF filter27 
letter-probability matrix: alength= 4 w= 18 nsites= 18 
0.2315 0.2830 0.2283 0.2572 
0.2765 0.2219 0.2605 0.2412 
0.2412 0.2926 0.2154 0.2508 
0.5305 0.0129 0.1318 0.3248 
0.6624 0.0129 0.0482 0.2765 
0.4566 0.0000 0.0193 0.5241 
0.3119 0.1479 0.1447 0.3955 
0.0064 0.0000 0.0000 0.9936 
0.0000 0.0000 1.0000 0.0000 
0.0193 0.9807 0.0000 0.0000 
0.0000 0.0000 0.0000 1.0000 
0.0000 0.0000 0.9936 0.0064 
1.0000 0.0000 0.0000 0.0000 
0.0257 0.5048 0.3119 0.1576 
0.1994 0.1093 0.0386 0.6527 
0.1897 0.3891 0.1061 0.3151 
0.5466 0.0450 0.1704 0.2379 
0.1479 0.0450 0.5498 0.2572 

MOTIF filter28 
letter-probability matrix: alength= 4 w= 19 nsites= 19 
0.2281 0.2298 0.2231 0.3190 
0.2496 0.2992 0.2595 0.1917 
0.2645 0.2562 0.2413 0.2380 
0.1488 0.0413 0.0132 0.7967 
0.0248 0.0529 0.6810 0.2413 
0.3736 0.4463 0.0711 0.1091 
0.0000 1.0000 0.0000 0.0000 
0.0000 1.0000 0.0000 0.0000 
0.8529 0.0000 0.0050 0.1421 
0.0050 0.0000 0.0000 0.9950 
1.0000 0.0000 0.0000 0.0000 
0.0000 0.0000 0.0000 1.0000 
0.9917 0.0000 0.0000 0.0083 
0.1207 0.0017 0.0000 0.8777 
0.0017 0.0017 0.9967 0.0000 
0.0000 0.0000 0.9983 0.0017 
0.0826 0.0661 0.4017 0.4496 
0.2198 0.7107 0.0496 0.0198 
0.8050 0.0083 0.0314 0.1554 

MOTIF filter29 
letter-probability matrix: alength= 4 w= 13 nsites= 13 
0.2423 0.2396 0.2535 0.2646 
0.0056 0.8357 0.0724 0.0864 
0.0000 0.1811 0.0000 0.8189 
0.0000 0.2479 0.7326 0.0195 
1.0000 0.0000 0.0000 0.0000 
0.0000 0.0000 0.0000 1.0000 
0.0000 0.0000 0.0000 1.0000 
0.0000 0.0000 1.0000 0.0000 
0.0000 0.0000 1.0000 0.0000 
0.0362 0.3872 0.0056 0.5710 
0.0111 0.4345 0.1421 0.4123 
0.1811 0.4318 0.3231 0.0641 
0.4680 0.1393 0.3231 0.0696 

MOTIF filter30 
letter-probability matrix: alength= 4 w= 16 nsites= 16 
0.2672 0.2287 0.2617 0.2424 
0.2342 0.2534 0.2837 0.2287 
0.2314 0.2534 0.2562 0.2590 
0.1212 0.0331 0.6419 0.2039 
0.1047 0.6722 0.1157 0.1074 
0.2727 0.3499 0.2397 0.1377 
0.0661 0.0110 0.8209 0.1019 
0.0000 1.0000 0.0000 0.0000 
0.0909 0.9091 0.0000 0.0000 
1.0000 0.0000 0.0000 0.0000 
0.0110 0.0028 0.0303 0.9559 
0.1350 0.4022 0.1240 0.3388 
0.0000 0.0055 0.0000 0.9945 
0.0000 0.0000 0.0606 0.9394 
0.0331 0.0468 0.8540 0.0661 
0.2590 0.3223 0.2287 0.1901 

MOTIF filter31 
letter-probability matrix: alength= 4 w= 15 nsites= 15 
0.2017 0.2500 0.2869 0.2614 
0.2599 0.2642 0.2273 0.2486 
0.4957 0.1278 0.3580 0.0185 
0.0000 0.0000 0.0000 1.0000 
0.0000 0.0000 0.0256 0.9744 
0.3111 0.0000 0.6222 0.0668 
0.0028 0.9730 0.0000 0.0241 
0.0540 0.0000 0.9375 0.0085 
0.0440 0.7159 0.0000 0.2401 
0.9517 0.0483 0.0000 0.0000 
1.0000 0.0000 0.0000 0.0000 
0.0000 0.3665 0.1307 0.5028 
0.2713 0.2599 0.2855 0.1832 
0.2415 0.2088 0.2699 0.2798 
0.2699 0.1946 0.2898 0.2457 

