MEME version 4

ALPHABET= ACGT

Background letter frequencies:
A 0.2500 C 0.2500 G 0.2500 T 0.2500 

MOTIF filter0 
letter-probability matrix: alength= 4 w= 20 nsites= 20 
0.2500 0.2500 0.2500 0.2500 
0.2500 0.2500 0.2500 0.2500 
0.2500 0.2500 0.2500 0.2500 
0.2500 0.2500 0.2500 0.2500 
0.2500 0.2500 0.2500 0.2500 
0.2500 0.2500 0.2500 0.2500 
0.2500 0.2500 0.2500 0.2500 
0.2500 0.2500 0.2500 0.2500 
0.2500 0.2500 0.2500 0.2500 
0.2500 0.2500 0.2500 0.2500 
0.2500 0.2500 0.2500 0.2500 
0.2500 0.2500 0.2500 0.2500 
0.2500 0.2500 0.2500 0.2500 
0.2500 0.2500 0.2500 0.2500 
0.2500 0.2500 0.2500 0.2500 
0.2500 0.2500 0.2500 0.2500 
0.2500 0.2500 0.2500 0.2500 
0.2500 0.2500 0.2500 0.2500 
0.2500 0.2500 0.2500 0.2500 
0.2500 0.2500 0.2500 0.2500 

MOTIF filter1 
letter-probability matrix: alength= 4 w= 12 nsites= 12 
0.2302 0.2624 0.2624 0.2450 
0.2302 0.2822 0.2698 0.2178 
0.2624 0.2475 0.2030 0.2871 
0.1609 0.6535 0.1238 0.0619 
1.0000 0.0000 0.0000 0.0000 
1.0000 0.0000 0.0000 0.0000 
0.4307 0.0743 0.4752 0.0198 
1.0000 0.0000 0.0000 0.0000 
0.0000 0.0000 0.0000 1.0000 
0.0000 0.0000 1.0000 0.0000 
0.0000 0.0000 1.0000 0.0000 
0.0495 0.8713 0.0000 0.0792 

MOTIF filter2 
letter-probability matrix: alength= 4 w= 12 nsites= 12 
0.2530 0.2410 0.2667 0.2393 
0.5385 0.1282 0.2889 0.0444 
0.2068 0.3111 0.3949 0.0872 
0.0000 1.0000 0.0000 0.0000 
1.0000 0.0000 0.0000 0.0000 
0.0000 0.9983 0.0000 0.0017 
0.0000 0.0000 1.0000 0.0000 
0.0000 0.0017 0.0000 0.9983 
0.0000 0.0000 1.0000 0.0000 
0.1060 0.3248 0.3368 0.2325 
0.0872 0.2496 0.1009 0.5624 
0.2000 0.2923 0.2513 0.2564 

MOTIF filter3 
letter-probability matrix: alength= 4 w= 14 nsites= 14 
0.1595 0.1937 0.3761 0.2707 
0.0228 0.4843 0.2251 0.2678 
0.0826 0.6154 0.1396 0.1624 
0.7094 0.0114 0.2564 0.0228 
0.0000 0.9715 0.0000 0.0285 
0.0000 0.0000 0.0000 1.0000 
0.0000 0.0000 0.0000 1.0000 
0.0000 1.0000 0.0000 0.0000 
0.0000 1.0000 0.0000 0.0000 
0.0000 0.0000 0.9886 0.0114 
0.0000 0.1510 0.8405 0.0085 
0.2650 0.1880 0.2507 0.2963 
0.2707 0.2279 0.2450 0.2564 
0.2621 0.2222 0.2393 0.2764 

MOTIF filter4 
letter-probability matrix: alength= 4 w= 12 nsites= 12 
0.2230 0.3125 0.2331 0.2314 
0.5000 0.1807 0.2230 0.0963 
0.2804 0.3919 0.2855 0.0422 
0.0000 1.0000 0.0000 0.0000 
1.0000 0.0000 0.0000 0.0000 
0.0000 1.0000 0.0000 0.0000 
0.0000 0.0000 1.0000 0.0000 
0.0000 0.0000 0.0000 1.0000 
0.0000 0.0000 1.0000 0.0000 
0.1284 0.2889 0.3767 0.2061 
0.0980 0.2804 0.1419 0.4797 
0.2601 0.1672 0.2855 0.2872 

MOTIF filter5 
letter-probability matrix: alength= 4 w= 16 nsites= 16 
0.2339 0.2218 0.2863 0.2581 
0.2419 0.1976 0.2621 0.2984 
0.2540 0.0202 0.6895 0.0363 
0.0887 0.0000 0.8790 0.0323 
0.1371 0.0000 0.8629 0.0000 
0.0000 0.0000 1.0000 0.0000 
0.0000 0.0000 1.0000 0.0000 
0.2823 0.5847 0.0000 0.1331 
0.0000 0.0000 1.0000 0.0000 
0.0000 0.0000 1.0000 0.0000 
0.1371 0.0000 0.8629 0.0000 
0.1169 0.0242 0.8589 0.0000 
0.1169 0.6532 0.1694 0.0605 
0.2863 0.1855 0.2823 0.2460 
0.2419 0.3185 0.1815 0.2581 
0.2782 0.1976 0.2621 0.2621 

MOTIF filter6 
letter-probability matrix: alength= 4 w= 20 nsites= 20 
0.0000 0.2000 0.2000 0.6000 
0.0000 0.2000 0.6000 0.2000 
0.2000 0.8000 0.0000 0.0000 
0.6000 0.4000 0.0000 0.0000 
0.8000 0.0000 0.2000 0.0000 
0.2000 0.0000 0.0000 0.8000 
0.0000 0.2000 0.6000 0.2000 
0.2000 0.2000 0.0000 0.6000 
0.4000 0.6000 0.0000 0.0000 
0.0000 0.0000 0.0000 1.0000 
0.6000 0.4000 0.0000 0.0000 
0.4000 0.2000 0.2000 0.2000 
1.0000 0.0000 0.0000 0.0000 
1.0000 0.0000 0.0000 0.0000 
0.0000 0.4000 0.0000 0.6000 
0.0000 0.6000 0.0000 0.4000 
0.0000 0.0000 0.8000 0.2000 
0.2000 0.0000 0.0000 0.8000 
0.8000 0.0000 0.2000 0.0000 
0.2000 0.2000 0.0000 0.6000 

MOTIF filter7 
letter-probability matrix: alength= 4 w= 17 nsites= 17 
0.2031 0.2332 0.2675 0.2961 
0.1903 0.2833 0.2804 0.2461 
0.2546 0.2604 0.2260 0.2589 
0.1316 0.0629 0.0215 0.7840 
0.0172 0.0601 0.7167 0.2060 
0.4020 0.3891 0.0873 0.1216 
0.0000 1.0000 0.0000 0.0000 
0.0000 0.9971 0.0000 0.0029 
0.8412 0.0000 0.0000 0.1588 
0.0029 0.0000 0.0000 0.9971 
1.0000 0.0000 0.0000 0.0000 
0.0000 0.0000 0.0000 1.0000 
0.9928 0.0000 0.0000 0.0072 
0.1230 0.0014 0.0000 0.8755 
0.0014 0.0072 0.9914 0.0000 
0.0000 0.0014 0.9971 0.0014 
0.0959 0.0615 0.3720 0.4707 

MOTIF filter8 
letter-probability matrix: alength= 4 w= 12 nsites= 12 
0.2508 0.2574 0.2403 0.2515 
0.2640 0.2607 0.2330 0.2422 
0.2647 0.2310 0.2323 0.2719 
0.6383 0.0000 0.0000 0.3617 
0.0000 0.0000 0.0000 1.0000 
0.0000 0.0304 0.0000 0.9696 
0.9782 0.0000 0.0218 0.0000 
1.0000 0.0000 0.0000 0.0000 
0.3736 0.0000 0.0000 0.6264 
0.2667 0.2323 0.2462 0.2548 
0.2548 0.2396 0.2686 0.2370 
0.2508 0.2634 0.2238 0.2620 

MOTIF filter9 
letter-probability matrix: alength= 4 w= 20 nsites= 20 
0.2500 0.3750 0.0000 0.3750 
0.0000 0.0000 0.7500 0.2500 
0.3750 0.0000 0.0000 0.6250 
0.8750 0.1250 0.0000 0.0000 
0.0000 0.2500 0.3750 0.3750 
0.3750 0.3750 0.1250 0.1250 
0.0000 0.8750 0.0000 0.1250 
0.5000 0.2500 0.0000 0.2500 
0.0000 1.0000 0.0000 0.0000 
0.0000 0.2500 0.7500 0.0000 
0.8750 0.0000 0.0000 0.1250 
0.1250 0.3750 0.2500 0.2500 
0.0000 0.1250 0.5000 0.3750 
0.7500 0.1250 0.1250 0.0000 
0.8750 0.1250 0.0000 0.0000 
0.3750 0.6250 0.0000 0.0000 
1.0000 0.0000 0.0000 0.0000 
0.0000 0.0000 0.7500 0.2500 
0.5000 0.0000 0.1250 0.3750 
0.3750 0.2500 0.3750 0.0000 

MOTIF filter10 
letter-probability matrix: alength= 4 w= 20 nsites= 20 
0.2393 0.2377 0.2615 0.2615 
0.2250 0.2884 0.2488 0.2377 
0.3059 0.2282 0.2124 0.2536 
0.1474 0.0729 0.0349 0.7448 
0.0206 0.0824 0.6910 0.2060 
0.4311 0.4184 0.0539 0.0967 
0.0000 1.0000 0.0000 0.0000 
0.0000 0.9905 0.0016 0.0079 
0.8479 0.0016 0.0063 0.1442 
0.0158 0.0000 0.0000 0.9842 
1.0000 0.0000 0.0000 0.0000 
0.0000 0.0000 0.0016 0.9984 
0.9921 0.0000 0.0000 0.0079 
0.1347 0.0000 0.0000 0.8653 
0.0000 0.0016 0.9984 0.0000 
0.0000 0.0000 1.0000 0.0000 
0.0983 0.0618 0.4532 0.3867 
0.2187 0.7528 0.0174 0.0111 
0.8035 0.0016 0.0412 0.1537 
0.2409 0.3027 0.2029 0.2536 

MOTIF filter11 
letter-probability matrix: alength= 4 w= 15 nsites= 15 
0.2382 0.2719 0.2517 0.2382 
0.2342 0.2624 0.2476 0.2557 
0.5289 0.1063 0.3634 0.0013 
0.0000 0.0000 0.0000 1.0000 
0.0000 0.0000 0.0242 0.9758 
0.2853 0.0000 0.6487 0.0659 
0.0013 0.9354 0.0000 0.0633 
0.0767 0.0000 0.9233 0.0000 
0.0700 0.6904 0.0000 0.2396 
0.9825 0.0175 0.0000 0.0000 
1.0000 0.0000 0.0000 0.0000 
0.0027 0.3405 0.1292 0.5276 
0.2826 0.2423 0.2692 0.2059 
0.2275 0.2127 0.2746 0.2853 
0.2517 0.2301 0.2705 0.2476 

MOTIF filter12 
letter-probability matrix: alength= 4 w= 15 nsites= 15 
0.4618 0.2096 0.1473 0.1813 
0.0737 0.3739 0.1048 0.4476 
0.0708 0.3286 0.3654 0.2351 
0.4419 0.1020 0.4561 0.0000 
0.5892 0.0057 0.3569 0.0482 
0.0000 1.0000 0.0000 0.0000 
0.0000 1.0000 0.0000 0.0000 
1.0000 0.0000 0.0000 0.0000 
1.0000 0.0000 0.0000 0.0000 
0.0000 0.0000 0.0000 1.0000 
0.0170 0.7989 0.1841 0.0000 
0.8442 0.0028 0.1530 0.0000 
0.0538 0.0538 0.8867 0.0057 
0.2068 0.2946 0.2408 0.2578 
0.2606 0.1955 0.2805 0.2635 

MOTIF filter13 
letter-probability matrix: alength= 4 w= 16 nsites= 16 
0.3115 0.2262 0.2754 0.1869 
0.2689 0.3180 0.2131 0.2000 
0.0492 0.1049 0.6230 0.2230 
0.0000 0.8557 0.0131 0.1311 
0.0000 0.8754 0.0000 0.1246 
0.0000 1.0000 0.0000 0.0000 
0.0000 1.0000 0.0000 0.0000 
0.0918 0.0000 0.5836 0.3246 
0.0000 1.0000 0.0000 0.0000 
0.0000 1.0000 0.0000 0.0000 
0.0000 0.7672 0.0000 0.2328 
0.0689 0.8393 0.0000 0.0918 
0.0623 0.6754 0.0197 0.2426 
0.2623 0.2066 0.2852 0.2459 
0.2557 0.2426 0.2164 0.2852 
0.2230 0.2787 0.2557 0.2426 

MOTIF filter14 
letter-probability matrix: alength= 4 w= 16 nsites= 16 
0.2865 0.3000 0.2000 0.2135 
0.2757 0.2757 0.2135 0.2351 
0.2405 0.2297 0.2703 0.2595 
0.0054 0.8189 0.0919 0.0838 
0.0000 0.1784 0.0000 0.8216 
0.0000 0.2541 0.7216 0.0243 
1.0000 0.0000 0.0000 0.0000 
0.0000 0.0000 0.0000 1.0000 
0.0000 0.0000 0.0000 1.0000 
0.0000 0.0000 1.0000 0.0000 
0.0000 0.0000 1.0000 0.0000 
0.0405 0.4027 0.0081 0.5486 
0.0081 0.4351 0.1324 0.4243 
0.1757 0.4459 0.3081 0.0703 
0.4757 0.1405 0.3189 0.0649 
0.1378 0.1676 0.2568 0.4378 

MOTIF filter15 
letter-probability matrix: alength= 4 w= 14 nsites= 14 
0.1159 0.1993 0.4275 0.2572 
0.0000 0.8261 0.0109 0.1630 
0.0000 0.9239 0.0000 0.0761 
0.0000 1.0000 0.0000 0.0000 
0.0000 1.0000 0.0000 0.0000 
0.1159 0.0000 0.6486 0.2355 
0.0000 1.0000 0.0000 0.0000 
0.0000 1.0000 0.0000 0.0000 
0.0000 0.8623 0.0000 0.1377 
0.0109 0.9239 0.0000 0.0652 
0.0036 0.6739 0.0543 0.2681 
0.2609 0.2681 0.1993 0.2717 
0.2754 0.2391 0.2645 0.2210 
0.2319 0.3152 0.2391 0.2138 

MOTIF filter16 
letter-probability matrix: alength= 4 w= 11 nsites= 11 
0.2410 0.2289 0.2590 0.2711 
0.1554 0.1952 0.4133 0.2361 
0.4373 0.2458 0.3169 0.0000 
0.0000 0.0000 0.0000 1.0000 
0.0000 0.0000 1.0000 0.0000 
1.0000 0.0000 0.0000 0.0000 
0.0000 0.4783 0.5217 0.0000 
0.0000 0.0000 0.0000 1.0000 
0.0000 1.0000 0.0000 0.0000 
1.0000 0.0000 0.0000 0.0000 
0.0012 0.3771 0.2120 0.4096 

MOTIF filter17 
letter-probability matrix: alength= 4 w= 17 nsites= 17 
0.2809 0.5619 0.0368 0.1204 
0.2542 0.1839 0.0702 0.4916 
0.2809 0.1438 0.3244 0.2508 
0.6555 0.0401 0.0870 0.2174 
0.1672 0.3010 0.5017 0.0301 
0.0000 0.0000 0.0000 1.0000 
0.0067 0.9933 0.0000 0.0000 
1.0000 0.0000 0.0000 0.0000 
0.0000 0.0000 0.9900 0.0100 
0.0000 1.0000 0.0000 0.0000 
0.9967 0.0000 0.0000 0.0033 
0.4615 0.1672 0.1204 0.2508 
0.4181 0.0435 0.0000 0.5385 
0.3946 0.0602 0.0000 0.5452 
0.3043 0.0970 0.0167 0.5819 
0.2642 0.2341 0.2475 0.2542 
0.2876 0.2709 0.2207 0.2207 

MOTIF filter18 
letter-probability matrix: alength= 4 w= 10 nsites= 10 
0.2214 0.2925 0.3112 0.1748 
0.0000 1.0000 0.0000 0.0000 
0.9988 0.0000 0.0012 0.0000 
0.0000 0.9988 0.0000 0.0012 
0.0198 0.0000 0.9802 0.0000 
0.0000 0.0000 0.0000 1.0000 
0.0000 0.0000 1.0000 0.0000 
0.1154 0.3147 0.3205 0.2494 
0.1865 0.2063 0.1620 0.4452 
0.2471 0.2517 0.2483 0.2529 

MOTIF filter19 
letter-probability matrix: alength= 4 w= 17 nsites= 17 
0.2319 0.2401 0.2510 0.2769 
0.1910 0.2838 0.2947 0.2306 
0.2920 0.2360 0.2278 0.2442 
0.1405 0.0750 0.0314 0.7531 
0.0286 0.0791 0.6780 0.2142 
0.4543 0.3861 0.0532 0.1064 
0.0000 0.9973 0.0027 0.0000 
0.0000 0.9973 0.0000 0.0027 
0.8486 0.0000 0.0041 0.1473 
0.0082 0.0000 0.0000 0.9918 
1.0000 0.0000 0.0000 0.0000 
0.0000 0.0000 0.0000 1.0000 
1.0000 0.0000 0.0000 0.0000 
0.1378 0.0014 0.0000 0.8608 
0.0000 0.0014 0.9986 0.0000 
0.0000 0.0000 1.0000 0.0000 
0.0900 0.0505 0.4065 0.4529 

MOTIF filter20 
letter-probability matrix: alength= 4 w= 13 nsites= 13 
0.2526 0.2320 0.2182 0.2973 
0.2543 0.2629 0.2354 0.2474 
0.1529 0.1890 0.0979 0.5601 
0.0000 0.0000 0.0000 1.0000 
0.0000 0.0000 0.0000 1.0000 
0.0017 0.9983 0.0000 0.0000 
0.0000 0.9210 0.0000 0.0790 
0.2234 0.2560 0.1804 0.3402 
0.2337 0.0000 0.7560 0.0103 
0.0000 0.0000 0.9914 0.0086 
1.0000 0.0000 0.0000 0.0000 
1.0000 0.0000 0.0000 0.0000 
0.5687 0.1254 0.2010 0.1048 

MOTIF filter21 
letter-probability matrix: alength= 4 w= 12 nsites= 12 
0.2445 0.2753 0.2240 0.2562 
0.2562 0.2474 0.2606 0.2357 
0.2855 0.0805 0.4158 0.2182 
0.4612 0.0439 0.4949 0.0000 
0.0000 0.0000 0.0000 1.0000 
0.0000 0.0000 1.0000 0.0000 
1.0000 0.0000 0.0000 0.0000 
0.0029 0.4978 0.4993 0.0000 
0.0000 0.0000 0.0000 1.0000 
0.0029 0.9971 0.0000 0.0000 
1.0000 0.0000 0.0000 0.0000 
0.0000 0.2914 0.2504 0.4583 

MOTIF filter22 
letter-probability matrix: alength= 4 w= 14 nsites= 14 
0.2535 0.2720 0.2266 0.2479 
0.1048 0.2054 0.1558 0.5340 
0.0000 0.0014 0.0000 0.9986 
0.0000 0.0000 0.0057 0.9943 
0.0397 0.9603 0.0000 0.0000 
0.0170 0.7493 0.0000 0.2337 
0.2960 0.1728 0.2904 0.2408 
0.1105 0.0000 0.8895 0.0000 
0.0000 0.0000 0.9788 0.0212 
1.0000 0.0000 0.0000 0.0000 
1.0000 0.0000 0.0000 0.0000 
0.5637 0.0836 0.1884 0.1643 
0.2337 0.2861 0.2295 0.2507 
0.2734 0.2394 0.2507 0.2365 

MOTIF filter23 
letter-probability matrix: alength= 4 w= 12 nsites= 12 
0.4187 0.2250 0.3150 0.0413 
0.0000 0.0000 0.0000 1.0000 
0.0000 0.0000 0.9962 0.0037 
1.0000 0.0000 0.0000 0.0000 
0.0000 0.4913 0.5075 0.0012 
0.0000 0.0000 0.0000 1.0000 
0.0000 1.0000 0.0000 0.0000 
1.0000 0.0000 0.0000 0.0000 
0.0000 0.4150 0.1388 0.4462 
0.2138 0.4187 0.0900 0.2775 
0.2387 0.2212 0.2750 0.2650 
0.2738 0.2362 0.2438 0.2463 

MOTIF filter24 
letter-probability matrix: alength= 4 w= 15 nsites= 15 
0.2500 0.2255 0.2147 0.3098 
0.2337 0.2174 0.2826 0.2663 
0.2092 0.2908 0.2500 0.2500 
0.0000 0.8750 0.1250 0.0000 
0.0326 0.9674 0.0000 0.0000 
0.0000 0.0000 1.0000 0.0000 
0.0000 0.0000 1.0000 0.0000 
1.0000 0.0000 0.0000 0.0000 
1.0000 0.0000 0.0000 0.0000 
0.0543 0.0027 0.9429 0.0000 
0.0326 0.3016 0.0082 0.6576 
0.1848 0.0978 0.6549 0.0625 
0.2826 0.2527 0.4429 0.0217 
0.2174 0.3696 0.2473 0.1658 
0.2038 0.3016 0.2663 0.2283 

MOTIF filter25 
letter-probability matrix: alength= 4 w= 15 nsites= 15 
0.2696 0.2382 0.2257 0.2665 
0.2508 0.2821 0.2508 0.2163 
0.2382 0.2476 0.2445 0.2696 
0.1160 0.0125 0.7053 0.1661 
0.0690 0.7335 0.1160 0.0815 
0.2915 0.3448 0.2602 0.1034 
0.0376 0.0000 0.8809 0.0815 
0.0000 1.0000 0.0000 0.0000 
0.0000 1.0000 0.0000 0.0000 
1.0000 0.0000 0.0000 0.0000 
0.0000 0.0000 0.0000 1.0000 
0.0094 0.4702 0.1411 0.3793 
0.0000 0.0157 0.0000 0.9843 
0.0000 0.0063 0.0000 0.9937 
0.0752 0.0846 0.7085 0.1317 

MOTIF filter26 
letter-probability matrix: alength= 4 w= 15 nsites= 15 
0.2126 0.3116 0.2316 0.2442 
0.2547 0.2695 0.2295 0.2463 
0.1158 0.0547 0.3411 0.4884 
0.0274 0.9537 0.0000 0.0189 
0.0000 0.0021 0.0000 0.9979 
1.0000 0.0000 0.0000 0.0000 
0.4421 0.0000 0.0000 0.5579 
0.7221 0.0000 0.0000 0.2779 
0.8484 0.0000 0.0000 0.1516 
0.9600 0.0000 0.0000 0.0400 
0.0000 0.0000 0.0000 1.0000 
1.0000 0.0000 0.0000 0.0000 
0.1011 0.0000 0.8989 0.0000 
0.5663 0.3368 0.0189 0.0779 
0.2632 0.2084 0.2526 0.2758 

MOTIF filter27 
letter-probability matrix: alength= 4 w= 14 nsites= 14 
0.2714 0.2330 0.2507 0.2448 
0.2389 0.2242 0.2566 0.2802 
0.1976 0.2596 0.2979 0.2448 
0.2566 0.0324 0.6519 0.0590 
0.1121 0.0000 0.7994 0.0885 
0.1681 0.0000 0.8319 0.0000 
0.0000 0.0000 1.0000 0.0000 
0.0000 0.0000 1.0000 0.0000 
0.3009 0.5723 0.0000 0.1268 
0.0000 0.0000 1.0000 0.0000 
0.0000 0.0000 1.0000 0.0000 
0.1209 0.0000 0.8791 0.0000 
0.2124 0.0118 0.7758 0.0000 
0.1888 0.5634 0.1681 0.0796 

MOTIF filter28 
letter-probability matrix: alength= 4 w= 20 nsites= 20 
0.1111 0.1111 0.4444 0.3333 
0.2222 0.3333 0.1111 0.3333 
0.2222 0.0000 0.2222 0.5556 
0.0000 0.0000 0.0000 1.0000 
0.4444 0.3333 0.0000 0.2222 
0.7778 0.0000 0.0000 0.2222 
0.0000 0.4444 0.3333 0.2222 
0.3333 0.3333 0.3333 0.0000 
0.4444 0.0000 0.5556 0.0000 
0.2222 0.5556 0.1111 0.1111 
0.1111 0.0000 0.0000 0.8889 
0.3333 0.0000 0.0000 0.6667 
0.1111 0.3333 0.0000 0.5556 
0.3333 0.6667 0.0000 0.0000 
0.7778 0.0000 0.2222 0.0000 
0.1111 0.0000 0.7778 0.1111 
0.1111 0.0000 0.7778 0.1111 
0.0000 0.3333 0.6667 0.0000 
0.0000 1.0000 0.0000 0.0000 
0.6667 0.0000 0.3333 0.0000 

MOTIF filter29 
letter-probability matrix: alength= 4 w= 17 nsites= 17 
0.2364 0.2766 0.2435 0.2435 
0.2624 0.2482 0.2648 0.2246 
0.2411 0.2671 0.2530 0.2388 
0.0638 0.0095 0.3404 0.5863 
0.0000 0.9031 0.0000 0.0969 
0.0000 0.0000 0.0000 1.0000 
1.0000 0.0000 0.0000 0.0000 
0.0307 0.0000 0.0095 0.9598 
0.1229 0.0000 0.0000 0.8771 
0.2553 0.0000 0.0000 0.7447 
0.5225 0.0024 0.0000 0.4752 
0.0000 0.0000 0.0000 1.0000 
0.9953 0.0000 0.0047 0.0000 
0.0047 0.0000 0.9764 0.0189 
0.4515 0.4043 0.0355 0.1087 
0.2955 0.2530 0.2766 0.1749 
0.2790 0.2482 0.2128 0.2600 

MOTIF filter30 
letter-probability matrix: alength= 4 w= 15 nsites= 15 
0.2369 0.2735 0.2422 0.2474 
0.0610 0.0226 0.3659 0.5505 
0.0070 0.9669 0.0000 0.0261 
0.0000 0.0000 0.0000 1.0000 
1.0000 0.0000 0.0000 0.0000 
0.1864 0.0000 0.0000 0.8136 
0.4181 0.0000 0.0000 0.5819 
0.5244 0.0000 0.0000 0.4756 
0.6969 0.0000 0.0000 0.3031 
0.0000 0.0000 0.0000 1.0000 
1.0000 0.0000 0.0000 0.0000 
0.0226 0.0000 0.9739 0.0035 
0.4564 0.4164 0.0453 0.0819 
0.2909 0.2265 0.2561 0.2265 
0.2735 0.2056 0.2509 0.2700 

MOTIF filter31 
letter-probability matrix: alength= 4 w= 15 nsites= 15 
0.4188 0.0584 0.1721 0.3506 
0.6851 0.0130 0.0357 0.2662 
0.4481 0.0000 0.0260 0.5260 
0.2760 0.1494 0.1591 0.4156 
0.0032 0.0000 0.0000 0.9968 
0.0000 0.0000 1.0000 0.0000 
0.0195 0.9805 0.0000 0.0000 
0.0000 0.0000 0.0000 1.0000 
0.0000 0.0000 0.9968 0.0032 
1.0000 0.0000 0.0000 0.0000 
0.0195 0.5390 0.2987 0.1429 
0.1916 0.1201 0.0292 0.6591 
0.1883 0.3831 0.1071 0.3214 
0.5195 0.0325 0.1948 0.2532 
0.1558 0.0390 0.5390 0.2662 

