MEME version 4

ALPHABET= ACGT

Background letter frequencies:
A 0.2500 C 0.2500 G 0.2500 T 0.2500 

MOTIF filter0 
letter-probability matrix: alength= 4 w= 16 nsites= 16 
0.2731 0.2399 0.2251 0.2620 
0.1993 0.2509 0.2657 0.2841 
0.1882 0.2731 0.2915 0.2472 
0.2251 0.0369 0.7048 0.0332 
0.1181 0.0000 0.8266 0.0554 
0.1624 0.0000 0.8376 0.0000 
0.0000 0.0000 1.0000 0.0000 
0.0000 0.0000 1.0000 0.0000 
0.3173 0.5461 0.0000 0.1365 
0.0000 0.0000 1.0000 0.0000 
0.0000 0.0000 1.0000 0.0000 
0.0738 0.0000 0.9262 0.0000 
0.1956 0.0074 0.7970 0.0000 
0.1734 0.5978 0.1661 0.0627 
0.3063 0.2030 0.2768 0.2140 
0.2177 0.3210 0.2509 0.2103 

MOTIF filter1 
letter-probability matrix: alength= 4 w= 15 nsites= 15 
0.2258 0.2774 0.2484 0.2484 
0.0806 0.0371 0.3532 0.5290 
0.0065 0.9774 0.0000 0.0161 
0.0000 0.0000 0.0000 1.0000 
1.0000 0.0000 0.0000 0.0000 
0.2548 0.0000 0.0000 0.7452 
0.4710 0.0000 0.0000 0.5290 
0.5855 0.0000 0.0000 0.4145 
0.7516 0.0000 0.0000 0.2484 
0.0000 0.0000 0.0000 1.0000 
1.0000 0.0000 0.0000 0.0000 
0.0242 0.0000 0.9742 0.0016 
0.4710 0.3806 0.0371 0.1113 
0.2645 0.2452 0.2661 0.2242 
0.2677 0.2548 0.2484 0.2290 

MOTIF filter2 
letter-probability matrix: alength= 4 w= 20 nsites= 20 
0.2297 0.2419 0.2568 0.2716 
0.2041 0.2878 0.2797 0.2284 
0.2865 0.2392 0.2270 0.2473 
0.1459 0.0689 0.0324 0.7527 
0.0311 0.0743 0.6838 0.2108 
0.4176 0.4027 0.0649 0.1149 
0.0000 1.0000 0.0000 0.0000 
0.0000 0.9986 0.0000 0.0014 
0.8419 0.0000 0.0054 0.1527 
0.0135 0.0000 0.0000 0.9865 
1.0000 0.0000 0.0000 0.0000 
0.0000 0.0000 0.0014 0.9986 
0.9892 0.0000 0.0000 0.0108 
0.1203 0.0041 0.0000 0.8757 
0.0000 0.0041 0.9959 0.0000 
0.0000 0.0000 0.9986 0.0014 
0.0919 0.0703 0.4041 0.4338 
0.2311 0.6730 0.0770 0.0189 
0.7730 0.0176 0.0392 0.1703 
0.2311 0.2662 0.2473 0.2554 

MOTIF filter3 
letter-probability matrix: alength= 4 w= 12 nsites= 12 
0.2399 0.2432 0.2383 0.2786 
0.5169 0.1192 0.2818 0.0821 
0.1997 0.3092 0.3494 0.1417 
0.0000 1.0000 0.0000 0.0000 
1.0000 0.0000 0.0000 0.0000 
0.0000 1.0000 0.0000 0.0000 
0.0000 0.0000 1.0000 0.0000 
0.0000 0.0000 0.0000 1.0000 
0.0000 0.0000 1.0000 0.0000 
0.0483 0.3446 0.3800 0.2271 
0.1063 0.2077 0.1401 0.5459 
0.2593 0.2206 0.2287 0.2915 

MOTIF filter4 
letter-probability matrix: alength= 4 w= 14 nsites= 14 
0.1121 0.2212 0.4189 0.2478 
0.0000 0.8732 0.0059 0.1209 
0.0000 0.8466 0.0000 0.1534 
0.0000 1.0000 0.0000 0.0000 
0.0000 1.0000 0.0000 0.0000 
0.0767 0.0000 0.6342 0.2891 
0.0000 1.0000 0.0000 0.0000 
0.0000 1.0000 0.0000 0.0000 
0.0000 0.8024 0.0000 0.1976 
0.0590 0.8938 0.0000 0.0472 
0.0737 0.6195 0.0472 0.2596 
0.2714 0.2183 0.2655 0.2448 
0.2507 0.2389 0.2448 0.2655 
0.2360 0.3186 0.2271 0.2183 

MOTIF filter5 
letter-probability matrix: alength= 4 w= 14 nsites= 14 
0.2491 0.2374 0.2690 0.2444 
0.2105 0.1883 0.3906 0.2105 
0.4468 0.2187 0.3345 0.0000 
0.0000 0.0000 0.0000 1.0000 
0.0000 0.0000 0.9988 0.0012 
1.0000 0.0000 0.0000 0.0000 
0.0000 0.4819 0.5170 0.0012 
0.0000 0.0000 0.0000 1.0000 
0.0000 1.0000 0.0000 0.0000 
1.0000 0.0000 0.0000 0.0000 
0.0000 0.3801 0.1743 0.4456 
0.2281 0.3860 0.1310 0.2550 
0.2561 0.2152 0.2854 0.2433 
0.2678 0.2386 0.2550 0.2386 

MOTIF filter6 
letter-probability matrix: alength= 4 w= 15 nsites= 15 
0.2404 0.2322 0.2240 0.3033 
0.2514 0.2077 0.2787 0.2623 
0.2268 0.2787 0.2459 0.2486 
0.0000 0.8716 0.1284 0.0000 
0.0246 0.9754 0.0000 0.0000 
0.0000 0.0000 1.0000 0.0000 
0.0000 0.0000 1.0000 0.0000 
1.0000 0.0000 0.0000 0.0000 
1.0000 0.0000 0.0000 0.0000 
0.0437 0.0082 0.9481 0.0000 
0.0328 0.2923 0.0137 0.6612 
0.1776 0.0956 0.6667 0.0601 
0.2705 0.2541 0.4481 0.0273 
0.2104 0.3661 0.2568 0.1667 
0.2158 0.2842 0.2568 0.2432 

MOTIF filter7 
letter-probability matrix: alength= 4 w= 20 nsites= 20 
0.2867 0.2347 0.2347 0.2440 
0.1440 0.0707 0.0293 0.7560 
0.0187 0.0600 0.7200 0.2013 
0.4173 0.3960 0.0747 0.1120 
0.0000 1.0000 0.0000 0.0000 
0.0000 0.9973 0.0000 0.0027 
0.8320 0.0027 0.0013 0.1640 
0.0200 0.0000 0.0000 0.9800 
0.9987 0.0013 0.0000 0.0000 
0.0000 0.0013 0.0013 0.9973 
0.9867 0.0013 0.0000 0.0120 
0.1240 0.0027 0.0000 0.8733 
0.0013 0.0013 0.9973 0.0000 
0.0027 0.0027 0.9933 0.0013 
0.0987 0.0773 0.3853 0.4387 
0.2133 0.6800 0.0813 0.0253 
0.7720 0.0227 0.0533 0.1520 
0.2227 0.3000 0.2373 0.2400 
0.2107 0.2427 0.2667 0.2800 
0.2387 0.2387 0.2747 0.2480 

MOTIF filter8 
letter-probability matrix: alength= 4 w= 15 nsites= 15 
0.2801 0.2497 0.1939 0.2763 
0.2471 0.2750 0.2421 0.2357 
0.1420 0.1914 0.1458 0.5209 
0.0000 0.0000 0.0000 1.0000 
0.0000 0.0000 0.0000 1.0000 
0.0456 0.9544 0.0000 0.0000 
0.0000 0.8289 0.0000 0.1711 
0.2357 0.2421 0.2307 0.2915 
0.2231 0.0000 0.7706 0.0063 
0.0000 0.0000 0.9493 0.0507 
0.9987 0.0013 0.0000 0.0000 
1.0000 0.0000 0.0000 0.0000 
0.5450 0.1141 0.2053 0.1356 
0.2319 0.2788 0.2522 0.2370 
0.2687 0.2319 0.2497 0.2497 

MOTIF filter9 
letter-probability matrix: alength= 4 w= 11 nsites= 11 
0.2475 0.2983 0.2847 0.1695 
0.5271 0.1797 0.2051 0.0881 
0.2475 0.3627 0.3373 0.0525 
0.0000 1.0000 0.0000 0.0000 
1.0000 0.0000 0.0000 0.0000 
0.0000 1.0000 0.0000 0.0000 
0.0000 0.0000 1.0000 0.0000 
0.0000 0.0000 0.0000 1.0000 
0.0000 0.0000 1.0000 0.0000 
0.1034 0.2983 0.3576 0.2407 
0.0983 0.2475 0.1153 0.5390 

MOTIF filter10 
letter-probability matrix: alength= 4 w= 12 nsites= 12 
0.2303 0.2534 0.2707 0.2457 
0.3940 0.2100 0.2553 0.1407 
0.2389 0.3006 0.3121 0.1484 
0.0000 1.0000 0.0000 0.0000 
1.0000 0.0000 0.0000 0.0000 
0.0000 0.9855 0.0000 0.0145 
0.0308 0.0000 0.9692 0.0000 
0.0019 0.0019 0.0000 0.9961 
0.0000 0.0000 1.0000 0.0000 
0.1724 0.2948 0.3044 0.2283 
0.1696 0.2293 0.1715 0.4297 
0.2360 0.2601 0.2620 0.2418 

MOTIF filter11 
letter-probability matrix: alength= 4 w= 20 nsites= 20 
0.1923 0.3462 0.1923 0.2692 
0.1923 0.0385 0.5769 0.1923 
0.1154 0.4615 0.1538 0.2692 
0.0769 0.0769 0.6538 0.1923 
0.6154 0.2308 0.0000 0.1538 
0.0000 0.1923 0.0000 0.8077 
0.0000 0.6154 0.3846 0.0000 
0.3462 0.1923 0.0385 0.4231 
0.2308 0.0000 0.1538 0.6154 
0.0769 0.3077 0.2308 0.3846 
0.0000 0.1154 0.2692 0.6154 
0.3846 0.3462 0.0000 0.2692 
0.8846 0.0000 0.1154 0.0000 
0.2692 0.4231 0.3077 0.0000 
0.0000 0.8462 0.0000 0.1538 
1.0000 0.0000 0.0000 0.0000 
0.0000 0.6538 0.1154 0.2308 
0.0000 0.0000 0.6923 0.3077 
0.0000 0.0385 0.1923 0.7692 
0.0000 0.0000 1.0000 0.0000 

MOTIF filter12 
letter-probability matrix: alength= 4 w= 12 nsites= 12 
0.2707 0.2017 0.1878 0.3398 
0.0000 0.0000 0.0000 1.0000 
0.0000 0.0000 1.0000 0.0000 
0.0249 0.9751 0.0000 0.0000 
0.0000 0.0000 0.0000 1.0000 
0.0000 0.0000 0.9945 0.0055 
1.0000 0.0000 0.0000 0.0000 
0.0138 0.5580 0.2873 0.1409 
0.1989 0.0912 0.0331 0.6768 
0.1906 0.3978 0.0994 0.3122 
0.5359 0.0193 0.2155 0.2293 
0.1796 0.0414 0.5304 0.2486 

MOTIF filter13 
letter-probability matrix: alength= 4 w= 15 nsites= 15 
0.0108 0.9624 0.0125 0.0143 
0.9122 0.0000 0.0000 0.0878 
0.0161 0.0000 0.0000 0.9839 
1.0000 0.0000 0.0000 0.0000 
0.0000 0.0000 0.0000 1.0000 
0.9982 0.0000 0.0000 0.0018 
0.1577 0.0054 0.0000 0.8369 
0.0000 0.0125 0.9875 0.0000 
0.0000 0.0000 1.0000 0.0000 
0.0717 0.0358 0.4928 0.3996 
0.1505 0.7796 0.0538 0.0161 
0.7724 0.0018 0.0556 0.1703 
0.2742 0.2778 0.2419 0.2061 
0.2043 0.3172 0.2706 0.2079 
0.2527 0.1756 0.3315 0.2401 

MOTIF filter14 
letter-probability matrix: alength= 4 w= 20 nsites= 20 
0.3265 0.1837 0.1837 0.3061 
0.4490 0.3469 0.1633 0.0408 
0.0408 0.0000 0.9184 0.0408 
0.1837 0.4694 0.1633 0.1837 
0.0204 0.1224 0.4286 0.4286 
0.1633 0.7959 0.0408 0.0000 
0.0204 0.3061 0.5102 0.1633 
0.2449 0.5714 0.0204 0.1633 
0.1837 0.5510 0.1020 0.1633 
0.1633 0.2449 0.4694 0.1224 
0.6327 0.0000 0.1633 0.2041 
0.1837 0.7551 0.0612 0.0000 
0.1633 0.2653 0.5714 0.0000 
0.1633 0.6735 0.1429 0.0204 
0.5918 0.0000 0.0000 0.4082 
0.6122 0.3673 0.0204 0.0000 
0.0000 0.7551 0.2449 0.0000 
0.0000 0.5714 0.3061 0.1224 
0.0000 0.8367 0.0408 0.1224 
0.0408 0.6327 0.0612 0.2653 

MOTIF filter15 
letter-probability matrix: alength= 4 w= 16 nsites= 16 
0.3921 0.2204 0.1879 0.1995 
0.0858 0.3527 0.1230 0.4385 
0.0696 0.3225 0.3735 0.2343 
0.4200 0.1323 0.4432 0.0046 
0.5684 0.0070 0.3759 0.0487 
0.0000 1.0000 0.0000 0.0000 
0.0000 1.0000 0.0000 0.0000 
1.0000 0.0000 0.0000 0.0000 
1.0000 0.0000 0.0000 0.0000 
0.0000 0.0000 0.0000 1.0000 
0.0232 0.7610 0.2135 0.0023 
0.8190 0.0023 0.1787 0.0000 
0.0858 0.0835 0.8190 0.0116 
0.2135 0.2691 0.2274 0.2900 
0.2622 0.2042 0.2691 0.2645 
0.2320 0.2738 0.2251 0.2691 

MOTIF filter16 
letter-probability matrix: alength= 4 w= 20 nsites= 20 
0.2000 0.2000 0.2667 0.3333 
0.0000 0.6000 0.0000 0.4000 
0.8667 0.0000 0.0000 0.1333 
0.4000 0.1333 0.2000 0.2667 
0.0667 0.0667 0.3333 0.5333 
0.0000 0.0667 0.8000 0.1333 
0.0000 0.1333 0.8667 0.0000 
0.0667 0.2000 0.7333 0.0000 
0.1333 0.1333 0.6667 0.0667 
0.2667 0.0667 0.6667 0.0000 
0.1333 0.4000 0.2667 0.2000 
0.4000 0.5333 0.0000 0.0667 
0.6000 0.0667 0.1333 0.2000 
0.0000 0.0000 0.0667 0.9333 
0.0667 0.2667 0.0000 0.6667 
0.0000 0.0000 0.0667 0.9333 
0.1333 0.7333 0.0000 0.1333 
0.0667 0.0667 0.0000 0.8667 
0.1333 0.4667 0.0667 0.3333 
0.5333 0.3333 0.1333 0.0000 

MOTIF filter17 
letter-probability matrix: alength= 4 w= 17 nsites= 17 
0.2238 0.2166 0.2747 0.2849 
0.1919 0.2980 0.2907 0.2195 
0.2965 0.2355 0.2267 0.2413 
0.1221 0.0712 0.0262 0.7805 
0.0218 0.0741 0.6933 0.2108 
0.4288 0.4215 0.0465 0.1032 
0.0000 1.0000 0.0000 0.0000 
0.0000 0.9971 0.0000 0.0029 
0.8517 0.0000 0.0044 0.1439 
0.0102 0.0000 0.0000 0.9898 
1.0000 0.0000 0.0000 0.0000 
0.0000 0.0000 0.0000 1.0000 
0.9985 0.0000 0.0000 0.0015 
0.1555 0.0000 0.0000 0.8445 
0.0029 0.0000 0.9971 0.0000 
0.0000 0.0000 1.0000 0.0000 
0.1061 0.0233 0.4012 0.4695 

MOTIF filter18 
letter-probability matrix: alength= 4 w= 14 nsites= 14 
0.1587 0.1958 0.3704 0.2751 
0.0238 0.4709 0.2354 0.2698 
0.0873 0.6190 0.1323 0.1614 
0.6825 0.0159 0.2725 0.0291 
0.0000 0.9524 0.0026 0.0450 
0.0000 0.0000 0.0000 1.0000 
0.0000 0.0000 0.0000 1.0000 
0.0000 1.0000 0.0000 0.0000 
0.0000 1.0000 0.0000 0.0000 
0.0000 0.0000 0.9735 0.0265 
0.0000 0.1455 0.8492 0.0053 
0.2619 0.1931 0.2566 0.2884 
0.2751 0.2302 0.2434 0.2513 
0.2593 0.2302 0.2354 0.2751 

MOTIF filter19 
letter-probability matrix: alength= 4 w= 11 nsites= 11 
0.2422 0.2642 0.2491 0.2445 
0.2538 0.2457 0.2642 0.2364 
0.2514 0.1390 0.3917 0.2178 
0.4565 0.1228 0.4206 0.0000 
0.0000 0.0000 0.0000 1.0000 
0.0000 0.0000 1.0000 0.0000 
1.0000 0.0000 0.0000 0.0000 
0.0000 0.5052 0.4948 0.0000 
0.0000 0.0000 0.0000 1.0000 
0.0000 1.0000 0.0000 0.0000 
1.0000 0.0000 0.0000 0.0000 

MOTIF filter20 
letter-probability matrix: alength= 4 w= 13 nsites= 13 
0.1722 0.3114 0.2527 0.2637 
0.3004 0.2088 0.2088 0.2821 
0.3407 0.1612 0.2564 0.2418 
0.2344 0.0330 0.6410 0.0916 
0.1062 0.0000 0.8095 0.0842 
0.1868 0.0037 0.8095 0.0000 
0.0147 0.0000 0.9853 0.0000 
0.0000 0.0110 0.9853 0.0037 
0.3004 0.5897 0.0549 0.0549 
0.0330 0.0000 0.9670 0.0000 
0.0037 0.0000 0.9963 0.0000 
0.3993 0.0000 0.5678 0.0330 
0.1319 0.0183 0.8498 0.0000 

MOTIF filter21 
letter-probability matrix: alength= 4 w= 12 nsites= 12 
0.2297 0.2523 0.2510 0.2669 
0.2364 0.2590 0.2590 0.2457 
0.2470 0.2616 0.2404 0.2510 
0.5286 0.1155 0.3559 0.0000 
0.0000 0.0000 0.0000 1.0000 
0.0000 0.0000 0.0239 0.9761 
0.3001 0.0000 0.6348 0.0651 
0.0000 0.9495 0.0000 0.0505 
0.0691 0.0000 0.9309 0.0000 
0.0770 0.6999 0.0000 0.2231 
0.9841 0.0159 0.0000 0.0000 
1.0000 0.0000 0.0000 0.0000 

MOTIF filter22 
letter-probability matrix: alength= 4 w= 14 nsites= 14 
0.2725 0.3009 0.2133 0.2133 
0.2749 0.2583 0.2346 0.2322 
0.2417 0.2488 0.2512 0.2583 
0.0000 0.7891 0.1209 0.0900 
0.0000 0.1919 0.0000 0.8081 
0.0000 0.2583 0.7085 0.0332 
1.0000 0.0000 0.0000 0.0000 
0.0000 0.0000 0.0000 1.0000 
0.0000 0.0000 0.0000 1.0000 
0.0000 0.0000 1.0000 0.0000 
0.0000 0.0000 1.0000 0.0000 
0.0521 0.3981 0.0024 0.5474 
0.0095 0.4384 0.1398 0.4123 
0.1777 0.4076 0.3270 0.0877 

MOTIF filter23 
letter-probability matrix: alength= 4 w= 14 nsites= 14 
0.2762 0.2762 0.2249 0.2227 
0.2628 0.2272 0.2428 0.2673 
0.0624 0.2160 0.1782 0.5434 
0.0000 0.0000 0.0000 1.0000 
0.0000 0.0045 0.0200 0.9755 
0.0646 0.9354 0.0000 0.0000 
0.0379 0.6147 0.0000 0.3474 
0.4232 0.0022 0.4365 0.1381 
0.0000 0.0000 1.0000 0.0000 
0.0111 0.0000 0.9844 0.0045 
1.0000 0.0000 0.0000 0.0000 
1.0000 0.0000 0.0000 0.0000 
0.5969 0.0557 0.1759 0.1715 
0.2249 0.2806 0.2272 0.2673 

MOTIF filter24 
letter-probability matrix: alength= 4 w= 18 nsites= 18 
0.2933 0.4604 0.1056 0.1408 
0.2317 0.1935 0.0733 0.5015 
0.2727 0.1613 0.3255 0.2405 
0.6364 0.0557 0.1114 0.1965 
0.1613 0.3079 0.4956 0.0352 
0.0000 0.0000 0.0000 1.0000 
0.0117 0.9883 0.0000 0.0000 
1.0000 0.0000 0.0000 0.0000 
0.0000 0.0000 0.9912 0.0088 
0.0000 1.0000 0.0000 0.0000 
1.0000 0.0000 0.0000 0.0000 
0.4194 0.1701 0.1261 0.2845 
0.4399 0.0381 0.0059 0.5161 
0.3900 0.0645 0.0029 0.5425 
0.3167 0.1144 0.0088 0.5601 
0.2874 0.2287 0.2405 0.2434 
0.2815 0.2698 0.2317 0.2170 
0.2023 0.2845 0.2375 0.2757 

MOTIF filter25 
letter-probability matrix: alength= 4 w= 16 nsites= 16 
0.2611 0.2611 0.1958 0.2819 
0.1543 0.6706 0.1217 0.0534 
1.0000 0.0000 0.0000 0.0000 
0.9852 0.0000 0.0148 0.0000 
0.4243 0.0772 0.4807 0.0178 
1.0000 0.0000 0.0000 0.0000 
0.0000 0.0000 0.0000 1.0000 
0.0000 0.0000 1.0000 0.0000 
0.0000 0.0000 1.0000 0.0000 
0.0475 0.8754 0.0000 0.0772 
0.1217 0.1988 0.4243 0.2552 
0.0772 0.0623 0.7893 0.0712 
0.1306 0.7656 0.0208 0.0831 
0.2700 0.2255 0.2136 0.2908 
0.2315 0.2433 0.3056 0.2196 
0.2671 0.2315 0.2878 0.2136 

MOTIF filter26 
letter-probability matrix: alength= 4 w= 15 nsites= 15 
0.3215 0.2572 0.2379 0.1833 
0.2765 0.3055 0.2090 0.2090 
0.0514 0.1350 0.5820 0.2315 
0.0000 0.7878 0.0193 0.1929 
0.0064 0.8650 0.0000 0.1286 
0.0000 1.0000 0.0000 0.0000 
0.0000 1.0000 0.0000 0.0000 
0.1318 0.0000 0.6302 0.2379 
0.0000 1.0000 0.0000 0.0000 
0.0000 1.0000 0.0000 0.0000 
0.0000 0.8360 0.0000 0.1640 
0.0547 0.8521 0.0000 0.0932 
0.0064 0.7010 0.0547 0.2379 
0.2154 0.2894 0.2315 0.2637 
0.3119 0.2379 0.2058 0.2444 

MOTIF filter27 
letter-probability matrix: alength= 4 w= 15 nsites= 15 
0.2673 0.2198 0.2119 0.3010 
0.2713 0.2178 0.2257 0.2851 
0.1485 0.1842 0.0752 0.5921 
0.0000 0.0000 0.0000 1.0000 
0.0000 0.0000 0.0000 1.0000 
0.0000 1.0000 0.0000 0.0000 
0.0000 0.9465 0.0000 0.0535 
0.2238 0.2950 0.1188 0.3624 
0.2535 0.0000 0.7465 0.0000 
0.0000 0.0000 0.9960 0.0040 
1.0000 0.0000 0.0000 0.0000 
1.0000 0.0000 0.0000 0.0000 
0.5485 0.1446 0.1743 0.1327 
0.2376 0.2653 0.2653 0.2317 
0.2396 0.2416 0.2832 0.2356 

MOTIF filter28 
letter-probability matrix: alength= 4 w= 15 nsites= 15 
0.2429 0.2143 0.2964 0.2464 
0.3000 0.0500 0.5893 0.0607 
0.1071 0.0000 0.8607 0.0321 
0.1214 0.0000 0.8786 0.0000 
0.0000 0.0000 1.0000 0.0000 
0.0000 0.0000 1.0000 0.0000 
0.2750 0.6000 0.0000 0.1250 
0.0000 0.0000 1.0000 0.0000 
0.0000 0.0000 1.0000 0.0000 
0.1286 0.0000 0.8714 0.0000 
0.1429 0.0321 0.8250 0.0000 
0.1679 0.6500 0.1321 0.0500 
0.2536 0.2107 0.3000 0.2357 
0.2429 0.3107 0.1893 0.2571 
0.2429 0.2571 0.2464 0.2536 

MOTIF filter29 
letter-probability matrix: alength= 4 w= 12 nsites= 12 
0.2522 0.2579 0.2383 0.2516 
0.2674 0.2547 0.2301 0.2478 
0.2522 0.2314 0.2459 0.2705 
0.6391 0.0000 0.0000 0.3609 
0.0000 0.0000 0.0000 1.0000 
0.0000 0.0278 0.0000 0.9722 
0.9501 0.0000 0.0499 0.0000 
1.0000 0.0000 0.0000 0.0000 
0.3723 0.0000 0.0000 0.6277 
0.2655 0.2212 0.2535 0.2598 
0.2472 0.2497 0.2623 0.2408 
0.2579 0.2472 0.2276 0.2674 

MOTIF filter30 
letter-probability matrix: alength= 4 w= 14 nsites= 14 
0.2716 0.2328 0.2358 0.2597 
0.2537 0.2836 0.2358 0.2269 
0.2478 0.2537 0.2388 0.2597 
0.1224 0.0149 0.6985 0.1642 
0.0806 0.7284 0.1045 0.0866 
0.2866 0.3493 0.2507 0.1134 
0.0418 0.0000 0.8597 0.0985 
0.0000 1.0000 0.0000 0.0000 
0.0000 1.0000 0.0000 0.0000 
1.0000 0.0000 0.0000 0.0000 
0.0000 0.0000 0.0000 1.0000 
0.0090 0.4657 0.1403 0.3851 
0.0000 0.0030 0.0000 0.9970 
0.0000 0.0030 0.0000 0.9970 

MOTIF filter31 
letter-probability matrix: alength= 4 w= 16 nsites= 16 
0.2529 0.2701 0.2385 0.2385 
0.2428 0.2759 0.2356 0.2457 
0.1020 0.0230 0.3678 0.5072 
0.0014 0.9224 0.0000 0.0761 
0.0000 0.0000 0.0000 1.0000 
1.0000 0.0000 0.0000 0.0000 
0.2040 0.0000 0.0014 0.7945 
0.4109 0.0000 0.0000 0.5891 
0.5115 0.0000 0.0000 0.4885 
0.6710 0.0000 0.0000 0.3290 
0.0000 0.0000 0.0000 1.0000 
1.0000 0.0000 0.0000 0.0000 
0.0359 0.0000 0.9425 0.0216 
0.4986 0.3793 0.0345 0.0876 
0.3075 0.2112 0.2543 0.2270 
0.2644 0.2557 0.2256 0.2543 

