MEME version 4

ALPHABET= ACGT

Background letter frequencies:
A 0.2500 C 0.2500 G 0.2500 T 0.2500 

MOTIF filter0 
letter-probability matrix: alength= 4 w= 20 nsites= 20 
0.2308 0.2308 0.2308 0.3077 
0.4615 0.1538 0.0000 0.3846 
0.0000 0.0000 0.9231 0.0769 
0.6154 0.2308 0.1538 0.0000 
0.6923 0.0000 0.0000 0.3077 
0.3846 0.2308 0.0000 0.3846 
0.1538 0.5385 0.0000 0.3077 
0.8462 0.0769 0.0769 0.0000 
0.0000 1.0000 0.0000 0.0000 
0.0000 0.0769 0.8462 0.0769 
0.0000 0.2308 0.3846 0.3846 
0.0000 0.0000 0.9231 0.0769 
0.3846 0.0769 0.3846 0.1538 
0.5385 0.0769 0.3846 0.0000 
0.6154 0.0000 0.0000 0.3846 
0.0000 0.4615 0.0000 0.5385 
0.0000 0.0000 0.3077 0.6923 
0.1538 0.1538 0.0769 0.6154 
0.2308 0.0769 0.5385 0.1538 
0.2308 0.6154 0.0000 0.1538 

MOTIF filter1 
letter-probability matrix: alength= 4 w= 20 nsites= 20 
0.2581 0.3548 0.1613 0.2258 
0.7097 0.0323 0.0000 0.2581 
0.5484 0.0000 0.2258 0.2258 
0.2258 0.0645 0.6452 0.0645 
0.0000 0.0000 0.2258 0.7742 
0.1935 0.0000 0.5484 0.2581 
0.3871 0.4194 0.0000 0.1935 
0.7742 0.1290 0.0000 0.0968 
0.0000 0.5161 0.0968 0.3871 
0.2581 0.0000 0.7097 0.0323 
0.3548 0.0968 0.0645 0.4839 
0.6774 0.0000 0.1935 0.1290 
0.1290 0.3226 0.3226 0.2258 
0.1613 0.5806 0.2581 0.0000 
0.2581 0.1935 0.2903 0.2581 
0.0000 0.0000 0.9677 0.0323 
0.0645 0.6774 0.2581 0.0000 
0.9032 0.0000 0.0968 0.0000 
0.2581 0.0000 0.0323 0.7097 
0.5484 0.0968 0.2581 0.0968 

MOTIF filter2 
letter-probability matrix: alength= 4 w= 14 nsites= 14 
0.2290 0.2520 0.2683 0.2507 
0.5393 0.1030 0.3564 0.0014 
0.0000 0.0000 0.0000 1.0000 
0.0000 0.0000 0.0257 0.9743 
0.2927 0.0000 0.6436 0.0637 
0.0014 0.9390 0.0000 0.0596 
0.0732 0.0000 0.9268 0.0000 
0.0691 0.7005 0.0000 0.2304 
0.9797 0.0203 0.0000 0.0000 
1.0000 0.0000 0.0000 0.0000 
0.0041 0.3442 0.1260 0.5257 
0.2805 0.2507 0.2669 0.2019 
0.2304 0.2100 0.2751 0.2846 
0.2602 0.2263 0.2669 0.2466 

MOTIF filter3 
letter-probability matrix: alength= 4 w= 20 nsites= 20 
0.1915 0.3191 0.2979 0.1915 
0.0000 0.2766 0.1277 0.5957 
0.1702 0.2340 0.4681 0.1277 
0.0638 0.3404 0.5319 0.0638 
0.0851 0.1489 0.6809 0.0851 
0.0851 0.0426 0.2340 0.6383 
0.6596 0.1489 0.0213 0.1702 
0.1915 0.1064 0.1064 0.5957 
0.1277 0.7021 0.1489 0.0213 
0.2766 0.1702 0.2340 0.3191 
0.3404 0.0638 0.5319 0.0638 
0.0213 0.0851 0.6170 0.2766 
0.4894 0.0213 0.0426 0.4468 
0.0000 0.9149 0.0000 0.0851 
0.8511 0.0213 0.1277 0.0000 
0.1489 0.5745 0.0000 0.2766 
0.1277 0.0000 0.8298 0.0426 
0.2766 0.0000 0.0000 0.7234 
0.0000 0.0638 0.9362 0.0000 
0.2979 0.1064 0.0000 0.5957 

MOTIF filter4 
letter-probability matrix: alength= 4 w= 16 nsites= 16 
0.2566 0.2113 0.2377 0.2943 
0.2113 0.2642 0.2528 0.2717 
0.2264 0.2377 0.2943 0.2415 
0.2377 0.0528 0.6453 0.0642 
0.1245 0.0000 0.8377 0.0377 
0.1434 0.0000 0.8566 0.0000 
0.0000 0.0000 1.0000 0.0000 
0.0000 0.0000 1.0000 0.0000 
0.3019 0.5887 0.0000 0.1094 
0.0000 0.0000 1.0000 0.0000 
0.0000 0.0000 1.0000 0.0000 
0.0717 0.0000 0.9283 0.0000 
0.1283 0.0226 0.8491 0.0000 
0.1849 0.6113 0.1547 0.0491 
0.2830 0.2302 0.2943 0.1925 
0.2000 0.3434 0.2226 0.2340 

MOTIF filter5 
letter-probability matrix: alength= 4 w= 12 nsites= 12 
0.2511 0.2683 0.2284 0.2522 
0.2866 0.2306 0.2069 0.2759 
0.2834 0.2360 0.2241 0.2565 
1.0000 0.0000 0.0000 0.0000 
0.0000 0.0000 0.0000 1.0000 
0.0000 0.3815 0.0000 0.6185 
1.0000 0.0000 0.0000 0.0000 
1.0000 0.0000 0.0000 0.0000 
0.8739 0.0000 0.0000 0.1261 
0.2500 0.2123 0.2532 0.2845 
0.2586 0.2468 0.2317 0.2629 
0.2101 0.2586 0.2522 0.2791 

MOTIF filter6 
letter-probability matrix: alength= 4 w= 14 nsites= 14 
0.1299 0.1897 0.1959 0.4845 
0.0000 0.0000 0.0000 1.0000 
0.0000 0.0000 0.0000 1.0000 
0.0351 0.9649 0.0000 0.0000 
0.0124 0.7216 0.0000 0.2660 
0.3134 0.0804 0.3835 0.2227 
0.0289 0.0000 0.9711 0.0000 
0.0000 0.0000 0.9979 0.0021 
1.0000 0.0000 0.0000 0.0000 
1.0000 0.0000 0.0000 0.0000 
0.6268 0.0536 0.1464 0.1732 
0.2186 0.3196 0.2309 0.2309 
0.2784 0.2021 0.2660 0.2536 
0.2763 0.2371 0.2474 0.2392 

MOTIF filter7 
letter-probability matrix: alength= 4 w= 15 nsites= 15 
0.2708 0.2517 0.1979 0.2795 
0.2483 0.2483 0.2413 0.2622 
0.1372 0.1771 0.0816 0.6042 
0.0000 0.0000 0.0000 1.0000 
0.0000 0.0000 0.0000 1.0000 
0.0174 0.9826 0.0000 0.0000 
0.0000 0.9497 0.0000 0.0503 
0.2101 0.2951 0.1215 0.3733 
0.2587 0.0000 0.7292 0.0122 
0.0000 0.0000 0.9601 0.0399 
1.0000 0.0000 0.0000 0.0000 
1.0000 0.0000 0.0000 0.0000 
0.5243 0.1319 0.2135 0.1302 
0.2292 0.2552 0.2726 0.2431 
0.2378 0.2396 0.2656 0.2569 

MOTIF filter8 
letter-probability matrix: alength= 4 w= 16 nsites= 16 
0.3082 0.2568 0.2329 0.2021 
0.2603 0.3288 0.2192 0.1918 
0.0719 0.1438 0.5582 0.2260 
0.0000 0.8253 0.0034 0.1712 
0.0000 0.8801 0.0000 0.1199 
0.0000 1.0000 0.0000 0.0000 
0.0000 1.0000 0.0000 0.0000 
0.1370 0.0000 0.6370 0.2260 
0.0000 1.0000 0.0000 0.0000 
0.0000 1.0000 0.0000 0.0000 
0.0000 0.8356 0.0000 0.1644 
0.0582 0.8870 0.0000 0.0548 
0.0137 0.6712 0.0445 0.2705 
0.1918 0.3151 0.2192 0.2740 
0.2774 0.2568 0.2260 0.2397 
0.2397 0.2842 0.2466 0.2295 

MOTIF filter9 
letter-probability matrix: alength= 4 w= 15 nsites= 15 
0.1188 0.0722 0.3499 0.4591 
0.0016 0.9743 0.0000 0.0241 
0.0000 0.0000 0.0000 1.0000 
1.0000 0.0000 0.0000 0.0000 
0.2311 0.0000 0.0000 0.7689 
0.4494 0.0000 0.0000 0.5506 
0.5730 0.0000 0.0000 0.4270 
0.7303 0.0000 0.0000 0.2697 
0.0000 0.0000 0.0000 1.0000 
1.0000 0.0000 0.0000 0.0000 
0.0401 0.0000 0.9551 0.0048 
0.5249 0.3884 0.0161 0.0706 
0.2889 0.2360 0.2568 0.2183 
0.2681 0.2488 0.2520 0.2311 
0.2472 0.2504 0.2648 0.2376 

MOTIF filter10 
letter-probability matrix: alength= 4 w= 20 nsites= 20 
0.4545 0.2727 0.0909 0.1818 
0.0909 0.4545 0.0909 0.3636 
0.0909 0.0000 0.1818 0.7273 
0.0909 0.2727 0.0000 0.6364 
0.3636 0.4545 0.1818 0.0000 
0.2727 0.6364 0.0000 0.0909 
0.5455 0.0909 0.0000 0.3636 
0.8182 0.0909 0.0909 0.0000 
0.5455 0.4545 0.0000 0.0000 
0.2727 0.0000 0.6364 0.0909 
0.0000 0.0909 0.9091 0.0000 
0.9091 0.0909 0.0000 0.0000 
0.0909 0.3636 0.0000 0.5455 
0.4545 0.0909 0.0000 0.4545 
0.6364 0.0000 0.0909 0.2727 
0.7273 0.0909 0.1818 0.0000 
1.0000 0.0000 0.0000 0.0000 
1.0000 0.0000 0.0000 0.0000 
0.0000 0.0909 0.0000 0.9091 
0.1818 0.2727 0.1818 0.3636 

MOTIF filter11 
letter-probability matrix: alength= 4 w= 17 nsites= 17 
0.2738 0.2492 0.2185 0.2585 
0.2400 0.2892 0.2585 0.2123 
0.2369 0.2462 0.2492 0.2677 
0.1169 0.0123 0.6985 0.1723 
0.0769 0.7200 0.1169 0.0862 
0.2923 0.3415 0.2646 0.1015 
0.0431 0.0000 0.8677 0.0892 
0.0000 1.0000 0.0000 0.0000 
0.0000 1.0000 0.0000 0.0000 
1.0000 0.0000 0.0000 0.0000 
0.0000 0.0000 0.0000 1.0000 
0.0062 0.4554 0.1446 0.3938 
0.0000 0.0123 0.0000 0.9877 
0.0000 0.0092 0.0000 0.9908 
0.0677 0.0862 0.7231 0.1231 
0.2708 0.2338 0.2523 0.2431 
0.1969 0.2738 0.2677 0.2615 

MOTIF filter12 
letter-probability matrix: alength= 4 w= 14 nsites= 14 
0.2434 0.2493 0.2566 0.2507 
0.2609 0.2624 0.2318 0.2449 
0.2464 0.2595 0.2609 0.2332 
0.0612 0.0131 0.3805 0.5452 
0.0117 0.9169 0.0000 0.0714 
0.0000 0.0000 0.0000 1.0000 
1.0000 0.0000 0.0000 0.0000 
0.2216 0.0000 0.0000 0.7784 
0.4300 0.0000 0.0000 0.5700 
0.5248 0.0000 0.0000 0.4752 
0.6939 0.0000 0.0000 0.3061 
0.0000 0.0000 0.0000 1.0000 
1.0000 0.0000 0.0000 0.0000 
0.0423 0.0000 0.9388 0.0190 

MOTIF filter13 
letter-probability matrix: alength= 4 w= 11 nsites= 11 
0.2443 0.2320 0.2660 0.2577 
0.2351 0.1660 0.3918 0.2072 
0.3969 0.2330 0.3649 0.0052 
0.0000 0.0000 0.0000 1.0000 
0.0000 0.0000 1.0000 0.0000 
1.0000 0.0000 0.0000 0.0000 
0.0000 0.5031 0.4969 0.0000 
0.0000 0.0000 0.0000 1.0000 
0.0000 1.0000 0.0000 0.0000 
1.0000 0.0000 0.0000 0.0000 
0.0000 0.3361 0.2598 0.4041 

MOTIF filter14 
letter-probability matrix: alength= 4 w= 20 nsites= 20 
0.2222 0.3333 0.4444 0.0000 
0.0000 0.0000 0.5556 0.4444 
0.1111 0.3333 0.0000 0.5556 
0.0000 0.1111 0.8889 0.0000 
0.2222 0.1111 0.3333 0.3333 
0.0000 0.7778 0.1111 0.1111 
1.0000 0.0000 0.0000 0.0000 
0.5556 0.0000 0.4444 0.0000 
0.5556 0.2222 0.2222 0.0000 
0.8889 0.0000 0.1111 0.0000 
0.1111 0.6667 0.2222 0.0000 
0.0000 0.0000 0.2222 0.7778 
0.2222 0.6667 0.0000 0.1111 
0.4444 0.0000 0.4444 0.1111 
0.0000 0.4444 0.5556 0.0000 
0.0000 0.1111 0.5556 0.3333 
0.1111 0.0000 0.8889 0.0000 
0.4444 0.0000 0.0000 0.5556 
0.2222 0.2222 0.1111 0.4444 
0.2222 0.3333 0.0000 0.4444 

MOTIF filter15 
letter-probability matrix: alength= 4 w= 11 nsites= 11 
0.2440 0.2367 0.2295 0.2899 
0.2585 0.2271 0.2729 0.2415 
0.2198 0.2850 0.2536 0.2415 
0.0000 0.8309 0.1691 0.0000 
0.0193 0.9807 0.0000 0.0000 
0.0000 0.0000 1.0000 0.0000 
0.0000 0.0000 1.0000 0.0000 
1.0000 0.0000 0.0000 0.0000 
1.0000 0.0000 0.0000 0.0000 
0.0483 0.0000 0.9517 0.0000 
0.0483 0.3116 0.0097 0.6304 

MOTIF filter16 
letter-probability matrix: alength= 4 w= 14 nsites= 14 
0.1569 0.1995 0.3697 0.2739 
0.0239 0.4681 0.2394 0.2686 
0.0904 0.6144 0.1330 0.1622 
0.6888 0.0160 0.2686 0.0266 
0.0000 0.9521 0.0027 0.0452 
0.0000 0.0000 0.0000 1.0000 
0.0000 0.0000 0.0000 1.0000 
0.0000 1.0000 0.0000 0.0000 
0.0000 1.0000 0.0000 0.0000 
0.0000 0.0000 0.9814 0.0186 
0.0000 0.1436 0.8484 0.0080 
0.2633 0.1941 0.2500 0.2926 
0.2766 0.2234 0.2447 0.2553 
0.2660 0.2287 0.2340 0.2713 

MOTIF filter17 
letter-probability matrix: alength= 4 w= 20 nsites= 20 
0.2500 0.2000 0.1500 0.4000 
0.8250 0.1750 0.0000 0.0000 
0.2500 0.0250 0.1500 0.5750 
0.9250 0.0000 0.0750 0.0000 
0.8750 0.0500 0.0500 0.0250 
0.7000 0.1000 0.1250 0.0750 
0.6750 0.0500 0.1750 0.1000 
0.6750 0.2000 0.0000 0.1250 
0.0250 0.0500 0.4250 0.5000 
0.7750 0.0250 0.1750 0.0250 
0.0000 0.3500 0.5750 0.0750 
0.7750 0.0250 0.1250 0.0750 
0.0500 0.2000 0.1000 0.6500 
0.3500 0.3500 0.2000 0.1000 
0.1750 0.1500 0.1000 0.5750 
0.3500 0.0750 0.1000 0.4750 
0.0000 0.1000 0.3750 0.5250 
0.0000 0.1250 0.8000 0.0750 
0.1000 0.0000 0.1750 0.7250 
0.4250 0.2750 0.3000 0.0000 

MOTIF filter18 
letter-probability matrix: alength= 4 w= 18 nsites= 18 
0.2169 0.2516 0.2580 0.2734 
0.2028 0.2824 0.2824 0.2323 
0.2927 0.2388 0.2246 0.2439 
0.1502 0.0693 0.0359 0.7445 
0.0308 0.0834 0.6662 0.2195 
0.4159 0.3941 0.0706 0.1194 
0.0000 1.0000 0.0000 0.0000 
0.0000 0.9974 0.0000 0.0026 
0.8331 0.0000 0.0026 0.1643 
0.0090 0.0000 0.0000 0.9910 
1.0000 0.0000 0.0000 0.0000 
0.0000 0.0000 0.0000 1.0000 
1.0000 0.0000 0.0000 0.0000 
0.1386 0.0013 0.0000 0.8601 
0.0013 0.0026 0.9961 0.0000 
0.0000 0.0000 1.0000 0.0000 
0.0963 0.0616 0.4044 0.4377 
0.2195 0.6611 0.0911 0.0282 

MOTIF filter19 
letter-probability matrix: alength= 4 w= 13 nsites= 13 
0.2429 0.2345 0.2542 0.2684 
0.0056 0.8390 0.0763 0.0791 
0.0000 0.1780 0.0000 0.8220 
0.0000 0.2458 0.7345 0.0198 
1.0000 0.0000 0.0000 0.0000 
0.0000 0.0000 0.0000 1.0000 
0.0000 0.0000 0.0000 1.0000 
0.0000 0.0000 1.0000 0.0000 
0.0000 0.0000 1.0000 0.0000 
0.0395 0.3927 0.0056 0.5621 
0.0113 0.4407 0.1356 0.4124 
0.1751 0.4350 0.3164 0.0734 
0.4802 0.1384 0.3192 0.0621 

MOTIF filter20 
letter-probability matrix: alength= 4 w= 15 nsites= 15 
0.4435 0.2285 0.1586 0.1694 
0.0726 0.3737 0.1075 0.4462 
0.0726 0.3226 0.3710 0.2339 
0.4382 0.1075 0.4543 0.0000 
0.5753 0.0054 0.3737 0.0457 
0.0000 1.0000 0.0000 0.0000 
0.0000 1.0000 0.0000 0.0000 
1.0000 0.0000 0.0000 0.0000 
1.0000 0.0000 0.0000 0.0000 
0.0000 0.0000 0.0000 1.0000 
0.0215 0.7849 0.1935 0.0000 
0.8387 0.0027 0.1586 0.0000 
0.0591 0.0645 0.8656 0.0108 
0.2070 0.2957 0.2392 0.2581 
0.2769 0.1962 0.2688 0.2581 

MOTIF filter21 
letter-probability matrix: alength= 4 w= 18 nsites= 18 
0.2915 0.4420 0.1003 0.1661 
0.2132 0.2038 0.1285 0.4545 
0.2947 0.1881 0.2978 0.2194 
0.7179 0.0157 0.0533 0.2132 
0.4138 0.1191 0.3103 0.1567 
0.1317 0.0000 0.0000 0.8683 
0.1536 0.6583 0.0125 0.1755 
0.4953 0.0000 0.0000 0.5047 
0.0000 0.0000 1.0000 0.0000 
0.0000 1.0000 0.0000 0.0000 
0.4420 0.0000 0.0000 0.5580 
0.1944 0.0188 0.6646 0.1223 
0.8621 0.0000 0.0000 0.1379 
0.1693 0.2696 0.1379 0.4232 
0.1818 0.0784 0.0094 0.7304 
0.1975 0.3480 0.1536 0.3009 
0.4545 0.1066 0.2100 0.2288 
0.1411 0.1129 0.4859 0.2602 

MOTIF filter22 
letter-probability matrix: alength= 4 w= 16 nsites= 16 
0.3046 0.2152 0.3046 0.1755 
0.2848 0.3046 0.2020 0.2086 
0.0695 0.1854 0.5099 0.2351 
0.0000 0.8808 0.0132 0.1060 
0.0000 0.8642 0.0000 0.1358 
0.0000 1.0000 0.0000 0.0000 
0.0000 1.0000 0.0000 0.0000 
0.0464 0.0000 0.6589 0.2947 
0.0000 1.0000 0.0000 0.0000 
0.0000 1.0000 0.0000 0.0000 
0.0000 0.8245 0.0000 0.1755 
0.0464 0.8775 0.0000 0.0762 
0.0563 0.6358 0.0530 0.2550 
0.3079 0.2119 0.2616 0.2185 
0.2881 0.2285 0.2086 0.2748 
0.2086 0.3278 0.2450 0.2185 

MOTIF filter23 
letter-probability matrix: alength= 4 w= 10 nsites= 10 
0.2390 0.2790 0.2873 0.1948 
0.2569 0.2597 0.2362 0.2472 
0.2390 0.3425 0.2390 0.1796 
0.6298 0.1326 0.2224 0.0152 
0.2127 0.4006 0.3301 0.0566 
0.0000 1.0000 0.0000 0.0000 
1.0000 0.0000 0.0000 0.0000 
0.0000 1.0000 0.0000 0.0000 
0.0000 0.0000 1.0000 0.0000 
0.0000 0.0000 0.0000 1.0000 

MOTIF filter24 
letter-probability matrix: alength= 4 w= 18 nsites= 18 
0.2250 0.2643 0.2536 0.2571 
0.2357 0.2750 0.2893 0.2000 
0.2571 0.2607 0.2107 0.2714 
0.1071 0.8321 0.0429 0.0179 
1.0000 0.0000 0.0000 0.0000 
0.9786 0.0000 0.0214 0.0000 
0.4286 0.0464 0.5000 0.0250 
1.0000 0.0000 0.0000 0.0000 
0.0000 0.0000 0.0000 1.0000 
0.0000 0.0000 1.0000 0.0000 
0.0000 0.0000 1.0000 0.0000 
0.0500 0.8607 0.0000 0.0893 
0.1071 0.2143 0.4357 0.2429 
0.0714 0.0714 0.7964 0.0607 
0.1357 0.7643 0.0250 0.0750 
0.2714 0.2429 0.1857 0.3000 
0.2571 0.2286 0.2964 0.2179 
0.2357 0.2536 0.3000 0.2107 

MOTIF filter25 
letter-probability matrix: alength= 4 w= 12 nsites= 12 
0.2305 0.2644 0.2572 0.2479 
0.4033 0.2068 0.2551 0.1348 
0.2305 0.3138 0.3200 0.1358 
0.0000 1.0000 0.0000 0.0000 
1.0000 0.0000 0.0000 0.0000 
0.0000 0.9990 0.0000 0.0010 
0.0010 0.0000 0.9990 0.0000 
0.0000 0.0000 0.0000 1.0000 
0.0000 0.0000 1.0000 0.0000 
0.1492 0.2942 0.3210 0.2356 
0.1595 0.2459 0.1646 0.4300 
0.2346 0.2541 0.2531 0.2582 

MOTIF filter26 
letter-probability matrix: alength= 4 w= 12 nsites= 12 
0.2291 0.2931 0.1946 0.2833 
0.2549 0.2488 0.2845 0.2118 
0.2894 0.2414 0.2438 0.2254 
0.0850 0.0000 0.0000 0.9150 
0.0000 0.0000 0.0000 1.0000 
0.0000 0.0000 0.0000 1.0000 
0.6232 0.0000 0.3768 0.0000 
1.0000 0.0000 0.0000 0.0000 
0.0000 0.0000 0.0000 1.0000 
0.2328 0.2672 0.2512 0.2488 
0.2500 0.2562 0.2451 0.2488 
0.2451 0.2303 0.2660 0.2586 

MOTIF filter27 
letter-probability matrix: alength= 4 w= 15 nsites= 15 
0.1873 0.5693 0.1685 0.0749 
1.0000 0.0000 0.0000 0.0000 
0.9963 0.0000 0.0037 0.0000 
0.4307 0.0824 0.4831 0.0037 
1.0000 0.0000 0.0000 0.0000 
0.0000 0.0000 0.0000 1.0000 
0.0000 0.0000 1.0000 0.0000 
0.0000 0.0000 1.0000 0.0000 
0.0375 0.9401 0.0000 0.0225 
0.1161 0.1760 0.4382 0.2697 
0.0599 0.0524 0.8240 0.0637 
0.0861 0.8352 0.0112 0.0674 
0.2547 0.2097 0.2472 0.2884 
0.2285 0.2397 0.2996 0.2322 
0.2659 0.2285 0.2884 0.2172 

MOTIF filter28 
letter-probability matrix: alength= 4 w= 16 nsites= 16 
0.2811 0.2149 0.2068 0.2972 
0.2610 0.2470 0.2369 0.2550 
0.2249 0.1867 0.1365 0.4518 
0.0060 0.0582 0.0683 0.8675 
0.0000 0.0000 0.0000 1.0000 
0.0000 0.4297 0.0080 0.5622 
0.0402 0.9598 0.0000 0.0000 
0.0241 0.5462 0.0000 0.4297 
0.4799 0.0000 0.4598 0.0602 
0.0000 0.0000 0.9920 0.0080 
0.4518 0.0161 0.5301 0.0020 
1.0000 0.0000 0.0000 0.0000 
0.9257 0.0181 0.0442 0.0120 
0.4739 0.1245 0.1968 0.2048 
0.2771 0.2570 0.1888 0.2771 
0.2048 0.2972 0.2831 0.2149 

MOTIF filter29 
letter-probability matrix: alength= 4 w= 14 nsites= 14 
0.2436 0.2083 0.2981 0.2500 
0.2628 0.0224 0.6699 0.0449 
0.1090 0.0000 0.8397 0.0513 
0.1667 0.0000 0.8333 0.0000 
0.0000 0.0000 1.0000 0.0000 
0.0000 0.0000 1.0000 0.0000 
0.2628 0.5994 0.0000 0.1378 
0.0000 0.0000 1.0000 0.0000 
0.0000 0.0000 1.0000 0.0000 
0.1859 0.0000 0.8141 0.0000 
0.1859 0.0096 0.8045 0.0000 
0.1795 0.6026 0.1506 0.0673 
0.2917 0.1795 0.2885 0.2404 
0.2660 0.2756 0.2115 0.2468 

MOTIF filter30 
letter-probability matrix: alength= 4 w= 20 nsites= 20 
0.2952 0.2354 0.2259 0.2435 
0.1510 0.0707 0.0354 0.7429 
0.0231 0.0816 0.6871 0.2082 
0.4136 0.4218 0.0558 0.1088 
0.0000 1.0000 0.0000 0.0000 
0.0000 0.9973 0.0000 0.0027 
0.8544 0.0000 0.0054 0.1401 
0.0177 0.0000 0.0000 0.9823 
1.0000 0.0000 0.0000 0.0000 
0.0000 0.0000 0.0014 0.9986 
0.9891 0.0000 0.0000 0.0109 
0.1401 0.0027 0.0000 0.8571 
0.0000 0.0027 0.9973 0.0000 
0.0000 0.0000 0.9986 0.0014 
0.0939 0.0599 0.4082 0.4381 
0.2122 0.6898 0.0721 0.0259 
0.7918 0.0082 0.0422 0.1578 
0.2381 0.2857 0.2313 0.2449 
0.2190 0.2626 0.2639 0.2544 
0.2517 0.2354 0.2803 0.2327 

MOTIF filter31 
letter-probability matrix: alength= 4 w= 20 nsites= 20 
0.3333 0.2593 0.0741 0.3333 
0.2222 0.0000 0.1481 0.6296 
0.2222 0.1852 0.0741 0.5185 
0.0370 0.1481 0.1111 0.7037 
0.1852 0.0370 0.7407 0.0370 
0.0000 0.0370 0.8519 0.1111 
0.0000 0.0370 0.0741 0.8889 
0.9259 0.0000 0.0000 0.0741 
0.3333 0.0000 0.0370 0.6296 
0.0000 0.0741 0.6667 0.2593 
0.3704 0.2963 0.2963 0.0370 
0.2963 0.2222 0.4815 0.0000 
0.0000 0.5185 0.2222 0.2593 
0.2963 0.0741 0.4815 0.1481 
0.0000 0.7037 0.1111 0.1852 
0.0370 0.0370 0.3704 0.5556 
0.2593 0.0000 0.4444 0.2963 
0.0000 0.4074 0.4815 0.1111 
0.5556 0.0000 0.0370 0.4074 
0.0000 0.0000 0.7778 0.2222 

