MEME version 4

ALPHABET= ACGT

Background letter frequencies:
A 0.2500 C 0.2500 G 0.2500 T 0.2500 

MOTIF filter0 
letter-probability matrix: alength= 4 w= 16 nsites= 16 
0.2571 0.2286 0.2048 0.3095 
0.2619 0.2810 0.2571 0.2000 
0.1762 0.2714 0.2714 0.2810 
0.0524 0.0000 0.8476 0.1000 
0.0810 0.8000 0.1095 0.0095 
0.2619 0.3524 0.2857 0.1000 
0.0619 0.0000 0.8714 0.0667 
0.0000 1.0000 0.0000 0.0000 
0.0000 1.0000 0.0000 0.0000 
1.0000 0.0000 0.0000 0.0000 
0.0000 0.0000 0.0000 1.0000 
0.0048 0.5476 0.1190 0.3286 
0.0000 0.0238 0.0000 0.9762 
0.0000 0.0095 0.0000 0.9905 
0.0476 0.0810 0.7667 0.1048 
0.2333 0.2571 0.2714 0.2381 

MOTIF filter1 
letter-probability matrix: alength= 4 w= 18 nsites= 18 
0.2176 0.2325 0.2802 0.2697 
0.2027 0.2802 0.2727 0.2444 
0.2921 0.2683 0.1952 0.2444 
0.1401 0.0462 0.0253 0.7884 
0.0224 0.0656 0.7079 0.2042 
0.3964 0.4173 0.0626 0.1237 
0.0000 0.9985 0.0000 0.0015 
0.0000 0.9955 0.0000 0.0045 
0.8390 0.0000 0.0015 0.1595 
0.0149 0.0000 0.0000 0.9851 
1.0000 0.0000 0.0000 0.0000 
0.0000 0.0000 0.0015 0.9985 
0.9985 0.0000 0.0000 0.0015 
0.1267 0.0030 0.0000 0.8703 
0.0015 0.0045 0.9940 0.0000 
0.0000 0.0000 1.0000 0.0000 
0.0775 0.0447 0.4322 0.4456 
0.1818 0.7332 0.0656 0.0194 

MOTIF filter2 
letter-probability matrix: alength= 4 w= 20 nsites= 20 
0.1250 0.6250 0.2500 0.0000 
0.0000 0.0000 0.1250 0.8750 
0.2500 0.6250 0.1250 0.0000 
0.1250 0.0000 0.6250 0.2500 
0.2500 0.2500 0.0000 0.5000 
0.7500 0.1250 0.1250 0.0000 
0.5000 0.3750 0.0000 0.1250 
0.0000 0.3750 0.5000 0.1250 
0.0000 0.0000 0.1250 0.8750 
0.0000 0.5000 0.0000 0.5000 
0.3750 0.3750 0.1250 0.1250 
0.0000 0.2500 0.7500 0.0000 
0.1250 0.5000 0.1250 0.2500 
0.0000 0.0000 1.0000 0.0000 
0.0000 0.3750 0.0000 0.6250 
0.8750 0.1250 0.0000 0.0000 
0.5000 0.1250 0.0000 0.3750 
0.0000 0.0000 0.0000 1.0000 
0.1250 0.8750 0.0000 0.0000 
0.5000 0.5000 0.0000 0.0000 

MOTIF filter3 
letter-probability matrix: alength= 4 w= 11 nsites= 11 
0.2747 0.2989 0.2176 0.2088 
0.2857 0.2440 0.2286 0.2418 
0.2593 0.2440 0.2549 0.2418 
0.0000 0.8022 0.1121 0.0857 
0.0000 0.1648 0.0000 0.8352 
0.0000 0.2264 0.7363 0.0374 
1.0000 0.0000 0.0000 0.0000 
0.0000 0.0000 0.0000 1.0000 
0.0000 0.0000 0.0000 1.0000 
0.0000 0.0000 1.0000 0.0000 
0.0000 0.0000 1.0000 0.0000 

MOTIF filter4 
letter-probability matrix: alength= 4 w= 15 nsites= 15 
0.2276 0.2791 0.2425 0.2508 
0.0764 0.0316 0.3754 0.5166 
0.0066 0.9751 0.0000 0.0183 
0.0000 0.0000 0.0000 1.0000 
1.0000 0.0000 0.0000 0.0000 
0.2309 0.0000 0.0000 0.7691 
0.4651 0.0000 0.0000 0.5349 
0.5947 0.0000 0.0000 0.4053 
0.7492 0.0000 0.0000 0.2508 
0.0000 0.0000 0.0000 1.0000 
1.0000 0.0000 0.0000 0.0000 
0.0266 0.0000 0.9718 0.0017 
0.4651 0.3804 0.0299 0.1246 
0.2542 0.2475 0.2708 0.2276 
0.2575 0.2674 0.2442 0.2309 

MOTIF filter5 
letter-probability matrix: alength= 4 w= 16 nsites= 16 
0.2500 0.2725 0.2350 0.2425 
0.2425 0.2784 0.2365 0.2425 
0.0913 0.0210 0.3728 0.5150 
0.0000 0.9326 0.0000 0.0674 
0.0000 0.0000 0.0000 1.0000 
1.0000 0.0000 0.0000 0.0000 
0.2066 0.0000 0.0015 0.7919 
0.4057 0.0000 0.0000 0.5943 
0.5090 0.0000 0.0000 0.4910 
0.6722 0.0015 0.0000 0.3263 
0.0000 0.0000 0.0000 1.0000 
1.0000 0.0000 0.0000 0.0000 
0.0284 0.0000 0.9611 0.0105 
0.4925 0.3802 0.0389 0.0883 
0.3039 0.2066 0.2605 0.2290 
0.2680 0.2410 0.2350 0.2560 

MOTIF filter6 
letter-probability matrix: alength= 4 w= 15 nsites= 15 
0.2945 0.4394 0.1045 0.1615 
0.2233 0.2043 0.1283 0.4442 
0.2637 0.1639 0.3278 0.2447 
0.7292 0.0143 0.0736 0.1829 
0.3967 0.1496 0.3017 0.1520 
0.1449 0.0000 0.0000 0.8551 
0.1401 0.7007 0.0190 0.1401 
0.5511 0.0000 0.0000 0.4489 
0.0000 0.0000 0.9976 0.0024 
0.0024 0.9976 0.0000 0.0000 
0.4964 0.0000 0.0000 0.5036 
0.2233 0.0285 0.6223 0.1259 
0.8290 0.0000 0.0000 0.1710 
0.1876 0.2542 0.1235 0.4347 
0.2114 0.0784 0.0190 0.6912 

MOTIF filter7 
letter-probability matrix: alength= 4 w= 18 nsites= 18 
0.2364 0.2287 0.2597 0.2752 
0.2016 0.3101 0.3178 0.1705 
0.2326 0.2829 0.2054 0.2791 
0.1628 0.7054 0.0698 0.0620 
0.9961 0.0000 0.0039 0.0000 
0.9845 0.0000 0.0155 0.0000 
0.4380 0.0814 0.4729 0.0078 
1.0000 0.0000 0.0000 0.0000 
0.0000 0.0000 0.0000 1.0000 
0.0000 0.0000 1.0000 0.0000 
0.0000 0.0000 1.0000 0.0000 
0.0426 0.9186 0.0000 0.0388 
0.0969 0.2054 0.4302 0.2674 
0.0388 0.0426 0.8605 0.0581 
0.0969 0.8411 0.0078 0.0543 
0.2752 0.2016 0.2287 0.2946 
0.2093 0.2752 0.3217 0.1938 
0.2636 0.2287 0.3062 0.2016 

MOTIF filter8 
letter-probability matrix: alength= 4 w= 16 nsites= 16 
0.2391 0.2217 0.2957 0.2435 
0.2565 0.2087 0.2565 0.2783 
0.2565 0.0348 0.6696 0.0391 
0.0957 0.0000 0.8739 0.0304 
0.1304 0.0000 0.8696 0.0000 
0.0000 0.0000 1.0000 0.0000 
0.0000 0.0000 1.0000 0.0000 
0.2739 0.6261 0.0000 0.1000 
0.0000 0.0000 1.0000 0.0000 
0.0000 0.0000 1.0000 0.0000 
0.1217 0.0000 0.8783 0.0000 
0.1130 0.0261 0.8609 0.0000 
0.1130 0.6870 0.1435 0.0565 
0.2826 0.1826 0.2870 0.2478 
0.2522 0.3217 0.1783 0.2478 
0.2609 0.1696 0.2826 0.2870 

MOTIF filter9 
letter-probability matrix: alength= 4 w= 13 nsites= 13 
0.2324 0.2324 0.2706 0.2647 
0.2265 0.3059 0.2294 0.2382 
0.2941 0.2147 0.2206 0.2706 
0.1706 0.7147 0.0912 0.0235 
1.0000 0.0000 0.0000 0.0000 
0.9941 0.0000 0.0059 0.0000 
0.4088 0.0588 0.5176 0.0147 
1.0000 0.0000 0.0000 0.0000 
0.0000 0.0000 0.0000 1.0000 
0.0000 0.0000 1.0000 0.0000 
0.0000 0.0000 1.0000 0.0000 
0.0353 0.8765 0.0000 0.0882 
0.1176 0.2147 0.4088 0.2588 

MOTIF filter10 
letter-probability matrix: alength= 4 w= 11 nsites= 11 
0.2262 0.2416 0.2339 0.2982 
0.2494 0.2185 0.2802 0.2519 
0.2365 0.2802 0.2416 0.2416 
0.0000 0.8432 0.1568 0.0000 
0.0129 0.9871 0.0000 0.0000 
0.0000 0.0000 1.0000 0.0000 
0.0000 0.0000 1.0000 0.0000 
1.0000 0.0000 0.0000 0.0000 
1.0000 0.0000 0.0000 0.0000 
0.0437 0.0000 0.9563 0.0000 
0.0257 0.3111 0.0103 0.6530 

MOTIF filter11 
letter-probability matrix: alength= 4 w= 16 nsites= 16 
0.2507 0.2450 0.2450 0.2593 
0.2450 0.2336 0.2593 0.2621 
0.2165 0.2735 0.2792 0.2308 
0.2279 0.0399 0.6610 0.0712 
0.1168 0.0000 0.8063 0.0769 
0.1624 0.0000 0.8376 0.0000 
0.0000 0.0000 1.0000 0.0000 
0.0000 0.0000 1.0000 0.0000 
0.2991 0.5641 0.0000 0.1368 
0.0000 0.0000 1.0000 0.0000 
0.0000 0.0000 1.0000 0.0000 
0.1425 0.0000 0.8575 0.0000 
0.2165 0.0142 0.7692 0.0000 
0.2051 0.5328 0.1795 0.0826 
0.2764 0.1966 0.2934 0.2336 
0.2479 0.2991 0.2365 0.2165 

MOTIF filter12 
letter-probability matrix: alength= 4 w= 15 nsites= 15 
0.3101 0.2403 0.2636 0.1860 
0.2713 0.3023 0.2196 0.2067 
0.0672 0.1886 0.5090 0.2351 
0.0000 0.8165 0.0155 0.1680 
0.0000 0.8295 0.0000 0.1705 
0.0000 1.0000 0.0000 0.0000 
0.0000 1.0000 0.0000 0.0000 
0.1034 0.0000 0.6047 0.2920 
0.0000 1.0000 0.0000 0.0000 
0.0000 1.0000 0.0000 0.0000 
0.0000 0.8088 0.0000 0.1912 
0.0672 0.8346 0.0000 0.0982 
0.0413 0.6382 0.0568 0.2636 
0.2584 0.2584 0.2403 0.2429 
0.2842 0.2326 0.2248 0.2584 

MOTIF filter13 
letter-probability matrix: alength= 4 w= 13 nsites= 13 
0.2864 0.2814 0.2563 0.1759 
0.0000 0.0000 0.9447 0.0553 
0.0000 1.0000 0.0000 0.0000 
0.0000 1.0000 0.0000 0.0000 
1.0000 0.0000 0.0000 0.0000 
0.0000 0.0000 0.0000 1.0000 
0.0101 0.4673 0.1809 0.3417 
0.0000 0.0101 0.0000 0.9899 
0.0000 0.0000 0.0000 1.0000 
0.0201 0.0251 0.9397 0.0151 
0.3116 0.2010 0.2362 0.2513 
0.1859 0.2764 0.2513 0.2864 
0.2362 0.2764 0.2915 0.1960 

MOTIF filter14 
letter-probability matrix: alength= 4 w= 12 nsites= 12 
0.2790 0.2259 0.2043 0.2908 
0.2554 0.2338 0.2613 0.2495 
0.1375 0.1572 0.0806 0.6248 
0.0000 0.0000 0.0000 1.0000 
0.0000 0.0000 0.0000 1.0000 
0.0020 0.9980 0.0000 0.0000 
0.0000 0.9470 0.0000 0.0530 
0.2397 0.3045 0.1041 0.3517 
0.2417 0.0000 0.7544 0.0039 
0.0000 0.0000 0.9686 0.0314 
0.9980 0.0020 0.0000 0.0000 
1.0000 0.0000 0.0000 0.0000 

MOTIF filter15 
letter-probability matrix: alength= 4 w= 15 nsites= 15 
0.1355 0.0748 0.5841 0.2056 
0.0234 0.7991 0.0514 0.1262 
0.2523 0.4813 0.2009 0.0654 
0.0421 0.0000 0.8972 0.0607 
0.0000 1.0000 0.0000 0.0000 
0.0000 1.0000 0.0000 0.0000 
1.0000 0.0000 0.0000 0.0000 
0.0000 0.0000 0.0000 1.0000 
0.0093 0.4579 0.1449 0.3879 
0.0000 0.0000 0.0000 1.0000 
0.0000 0.0000 0.0000 1.0000 
0.0327 0.0841 0.7570 0.1262 
0.2991 0.2430 0.2103 0.2477 
0.2243 0.2523 0.2850 0.2383 
0.2383 0.3178 0.1682 0.2757 

MOTIF filter16 
letter-probability matrix: alength= 4 w= 12 nsites= 12 
0.2395 0.2317 0.2753 0.2535 
0.5117 0.1322 0.2566 0.0995 
0.2535 0.3204 0.3748 0.0513 
0.0000 1.0000 0.0000 0.0000 
1.0000 0.0000 0.0000 0.0000 
0.0000 1.0000 0.0000 0.0000 
0.0000 0.0000 1.0000 0.0000 
0.0000 0.0000 0.0000 1.0000 
0.0000 0.0000 1.0000 0.0000 
0.0824 0.3701 0.3717 0.1757 
0.0855 0.2504 0.1337 0.5303 
0.2519 0.2193 0.2644 0.2644 

MOTIF filter17 
letter-probability matrix: alength= 4 w= 11 nsites= 11 
0.2339 0.2801 0.2266 0.2594 
0.2485 0.2631 0.2655 0.2229 
0.2753 0.2533 0.2278 0.2436 
0.0317 0.0000 0.0000 0.9683 
0.0000 0.0000 0.0000 1.0000 
0.0000 0.0000 0.0000 1.0000 
0.5639 0.0000 0.4361 0.0000 
1.0000 0.0000 0.0000 0.0000 
0.0000 0.0000 0.0000 1.0000 
0.2205 0.2667 0.2546 0.2582 
0.2521 0.2533 0.2460 0.2485 

MOTIF filter18 
letter-probability matrix: alength= 4 w= 14 nsites= 14 
0.2686 0.2577 0.2232 0.2505 
0.1397 0.1652 0.1016 0.5935 
0.0000 0.0000 0.0000 1.0000 
0.0000 0.0000 0.0000 1.0000 
0.0163 0.9837 0.0000 0.0000 
0.0000 0.9074 0.0000 0.0926 
0.1525 0.2505 0.2396 0.3575 
0.2468 0.0000 0.7495 0.0036 
0.0000 0.0000 0.9873 0.0127 
1.0000 0.0000 0.0000 0.0000 
1.0000 0.0000 0.0000 0.0000 
0.6225 0.1234 0.1688 0.0853 
0.2305 0.2849 0.2595 0.2250 
0.2795 0.2323 0.2250 0.2632 

MOTIF filter19 
letter-probability matrix: alength= 4 w= 20 nsites= 20 
0.2857 0.2000 0.2286 0.2857 
0.0857 0.0857 0.6857 0.1429 
0.5429 0.0000 0.4286 0.0286 
0.7143 0.0000 0.0286 0.2571 
0.3714 0.2857 0.3429 0.0000 
0.0286 0.0000 0.7714 0.2000 
0.0571 0.4000 0.1714 0.3714 
0.2286 0.0857 0.0571 0.6286 
0.0286 0.5143 0.0857 0.3714 
0.0286 0.7714 0.0857 0.1143 
0.6286 0.2857 0.0286 0.0571 
0.3143 0.0571 0.0857 0.5429 
0.0857 0.4286 0.1714 0.3143 
0.4000 0.5143 0.0571 0.0286 
0.0000 0.9714 0.0000 0.0286 
0.2571 0.0000 0.6000 0.1429 
0.0000 0.7714 0.2000 0.0286 
0.7429 0.2571 0.0000 0.0000 
0.2000 0.7714 0.0286 0.0000 
0.0000 0.0286 0.5429 0.4286 

MOTIF filter20 
letter-probability matrix: alength= 4 w= 15 nsites= 15 
0.2453 0.2678 0.2528 0.2341 
0.2116 0.2772 0.2509 0.2603 
0.5543 0.0955 0.3502 0.0000 
0.0000 0.0000 0.0000 1.0000 
0.0000 0.0000 0.0131 0.9869 
0.2828 0.0000 0.6798 0.0375 
0.0000 0.9644 0.0037 0.0318 
0.0431 0.0000 0.9569 0.0000 
0.0449 0.7715 0.0000 0.1835 
1.0000 0.0000 0.0000 0.0000 
1.0000 0.0000 0.0000 0.0000 
0.0019 0.3352 0.0618 0.6011 
0.2715 0.2697 0.2603 0.1985 
0.2397 0.2041 0.2715 0.2846 
0.2453 0.2378 0.2790 0.2378 

MOTIF filter21 
letter-probability matrix: alength= 4 w= 11 nsites= 11 
0.2310 0.2626 0.2596 0.2468 
0.3801 0.2122 0.2586 0.1491 
0.2261 0.3001 0.3080 0.1658 
0.0000 1.0000 0.0000 0.0000 
1.0000 0.0000 0.0000 0.0000 
0.0000 1.0000 0.0000 0.0000 
0.0000 0.0000 1.0000 0.0000 
0.0000 0.0000 0.0000 1.0000 
0.0000 0.0000 1.0000 0.0000 
0.1688 0.2863 0.3159 0.2290 
0.1718 0.2379 0.1807 0.4097 

MOTIF filter22 
letter-probability matrix: alength= 4 w= 13 nsites= 13 
0.2461 0.2338 0.2626 0.2575 
0.2348 0.1668 0.3924 0.2060 
0.4016 0.2276 0.3656 0.0051 
0.0000 0.0000 0.0000 1.0000 
0.0000 0.0000 1.0000 0.0000 
1.0000 0.0000 0.0000 0.0000 
0.0000 0.5046 0.4954 0.0000 
0.0000 0.0000 0.0000 1.0000 
0.0000 1.0000 0.0000 0.0000 
1.0000 0.0000 0.0000 0.0000 
0.0000 0.3368 0.2554 0.4078 
0.2194 0.3553 0.1895 0.2358 
0.2626 0.2183 0.2739 0.2451 

MOTIF filter23 
letter-probability matrix: alength= 4 w= 20 nsites= 20 
0.3333 0.3333 0.3333 0.0000 
0.0000 0.6667 0.3333 0.0000 
0.6667 0.0000 0.0000 0.3333 
0.3333 0.0000 0.0000 0.6667 
0.0000 0.6667 0.0000 0.3333 
0.0000 0.0000 0.6667 0.3333 
0.0000 0.6667 0.3333 0.0000 
0.6667 0.3333 0.0000 0.0000 
0.6667 0.0000 0.3333 0.0000 
1.0000 0.0000 0.0000 0.0000 
0.0000 1.0000 0.0000 0.0000 
0.0000 1.0000 0.0000 0.0000 
0.0000 0.3333 0.6667 0.0000 
0.3333 0.6667 0.0000 0.0000 
0.0000 0.0000 0.0000 1.0000 
0.6667 0.3333 0.0000 0.0000 
0.3333 0.0000 0.0000 0.6667 
0.6667 0.3333 0.0000 0.0000 
0.3333 0.0000 0.3333 0.3333 
0.6667 0.3333 0.0000 0.0000 

MOTIF filter24 
letter-probability matrix: alength= 4 w= 13 nsites= 13 
0.2182 0.2601 0.2420 0.2797 
0.2420 0.2378 0.2643 0.2559 
0.2559 0.2517 0.2378 0.2545 
0.4993 0.1217 0.3748 0.0042 
0.0000 0.0000 0.0000 1.0000 
0.0000 0.0000 0.0238 0.9762 
0.2839 0.0000 0.6573 0.0587 
0.0000 0.9566 0.0000 0.0434 
0.0629 0.0014 0.9329 0.0028 
0.0643 0.6965 0.0000 0.2392 
0.9692 0.0308 0.0000 0.0000 
1.0000 0.0000 0.0000 0.0000 
0.0042 0.3692 0.1259 0.5007 

MOTIF filter25 
letter-probability matrix: alength= 4 w= 14 nsites= 14 
0.1554 0.1864 0.3785 0.2797 
0.0282 0.4802 0.2316 0.2599 
0.0904 0.6271 0.1356 0.1469 
0.7006 0.0141 0.2599 0.0254 
0.0000 0.9605 0.0028 0.0367 
0.0000 0.0000 0.0000 1.0000 
0.0000 0.0000 0.0000 1.0000 
0.0000 1.0000 0.0000 0.0000 
0.0000 1.0000 0.0000 0.0000 
0.0000 0.0000 0.9859 0.0141 
0.0000 0.1328 0.8616 0.0056 
0.2740 0.1864 0.2542 0.2853 
0.2938 0.2316 0.2288 0.2458 
0.2825 0.2119 0.2401 0.2655 

MOTIF filter26 
letter-probability matrix: alength= 4 w= 19 nsites= 19 
0.1626 0.0827 0.0456 0.7090 
0.0185 0.0856 0.6904 0.2054 
0.4094 0.4194 0.0585 0.1127 
0.0000 1.0000 0.0000 0.0000 
0.0000 0.9914 0.0029 0.0057 
0.8645 0.0000 0.0029 0.1327 
0.0128 0.0000 0.0000 0.9872 
1.0000 0.0000 0.0000 0.0000 
0.0000 0.0000 0.0014 0.9986 
0.9900 0.0014 0.0000 0.0086 
0.1384 0.0014 0.0000 0.8602 
0.0000 0.0014 0.9986 0.0000 
0.0000 0.0000 0.9986 0.0014 
0.0884 0.0642 0.4180 0.4294 
0.2140 0.6961 0.0685 0.0214 
0.8146 0.0057 0.0257 0.1541 
0.2397 0.2853 0.2297 0.2454 
0.2097 0.2710 0.2568 0.2625 
0.2568 0.2368 0.2753 0.2311 

MOTIF filter27 
letter-probability matrix: alength= 4 w= 16 nsites= 16 
0.2802 0.2586 0.2134 0.2478 
0.2759 0.2392 0.2349 0.2500 
0.0733 0.2263 0.1746 0.5259 
0.0000 0.0000 0.0000 1.0000 
0.0000 0.0000 0.0172 0.9828 
0.0603 0.9397 0.0000 0.0000 
0.0259 0.6272 0.0000 0.3470 
0.4009 0.0151 0.4332 0.1509 
0.0043 0.0000 0.9957 0.0000 
0.0022 0.0000 0.9849 0.0129 
1.0000 0.0000 0.0000 0.0000 
1.0000 0.0000 0.0000 0.0000 
0.6228 0.0496 0.1595 0.1681 
0.2241 0.2888 0.2306 0.2565 
0.2672 0.2198 0.3039 0.2091 
0.2586 0.2909 0.2198 0.2306 

MOTIF filter28 
letter-probability matrix: alength= 4 w= 16 nsites= 16 
0.2300 0.2231 0.2603 0.2865 
0.2011 0.2906 0.2865 0.2218 
0.2727 0.2466 0.2355 0.2452 
0.1446 0.0702 0.0096 0.7755 
0.0275 0.0716 0.6777 0.2231 
0.4408 0.3788 0.0799 0.1006 
0.0000 0.9986 0.0014 0.0000 
0.0000 0.9959 0.0000 0.0041 
0.8430 0.0000 0.0028 0.1543 
0.0014 0.0000 0.0000 0.9986 
1.0000 0.0000 0.0000 0.0000 
0.0000 0.0000 0.0000 1.0000 
0.9986 0.0000 0.0000 0.0014 
0.1474 0.0000 0.0000 0.8526 
0.0000 0.0000 1.0000 0.0000 
0.0000 0.0000 1.0000 0.0000 

MOTIF filter29 
letter-probability matrix: alength= 4 w= 14 nsites= 14 
0.4566 0.2139 0.1445 0.1850 
0.0694 0.3728 0.1098 0.4480 
0.0636 0.3353 0.3642 0.2370 
0.4538 0.0867 0.4595 0.0000 
0.5809 0.0058 0.3642 0.0491 
0.0000 1.0000 0.0000 0.0000 
0.0000 1.0000 0.0000 0.0000 
1.0000 0.0000 0.0000 0.0000 
1.0000 0.0000 0.0000 0.0000 
0.0000 0.0000 0.0000 1.0000 
0.0202 0.7861 0.1936 0.0000 
0.8497 0.0029 0.1474 0.0000 
0.0578 0.0520 0.8873 0.0029 
0.2081 0.2832 0.2486 0.2601 

MOTIF filter30 
letter-probability matrix: alength= 4 w= 12 nsites= 12 
0.2533 0.2627 0.2533 0.2307 
0.2853 0.2618 0.2072 0.2458 
0.2486 0.2213 0.2156 0.3145 
1.0000 0.0000 0.0000 0.0000 
0.0000 0.0000 0.0000 1.0000 
0.0000 0.1714 0.0000 0.8286 
1.0000 0.0000 0.0000 0.0000 
1.0000 0.0000 0.0000 0.0000 
0.5753 0.0000 0.0000 0.4247 
0.2853 0.2081 0.2561 0.2505 
0.2401 0.2458 0.2750 0.2392 
0.2307 0.2580 0.2307 0.2806 

MOTIF filter31 
letter-probability matrix: alength= 4 w= 20 nsites= 20 
0.2727 0.0909 0.1818 0.4545 
0.7273 0.0000 0.0000 0.2727 
0.0909 0.0000 0.5455 0.3636 
0.1818 0.6364 0.0000 0.1818 
0.0000 0.0909 0.9091 0.0000 
0.0000 0.6364 0.3636 0.0000 
0.5455 0.0000 0.4545 0.0000 
0.6364 0.0000 0.3636 0.0000 
0.0000 0.0000 0.5455 0.4545 
0.0000 0.4545 0.5455 0.0000 
0.4545 0.3636 0.1818 0.0000 
0.2727 0.0000 0.0000 0.7273 
0.6364 0.2727 0.0000 0.0909 
0.0000 0.4545 0.0909 0.4545 
0.0000 0.8182 0.0000 0.1818 
0.4545 0.5455 0.0000 0.0000 
0.0000 0.6364 0.3636 0.0000 
0.5455 0.0000 0.2727 0.1818 
0.4545 0.0000 0.5455 0.0000 
0.6364 0.0000 0.1818 0.1818 

