MEME version 4

ALPHABET= ACGT

Background letter frequencies:
A 0.2500 C 0.2500 G 0.2500 T 0.2500 

MOTIF filter0 
letter-probability matrix: alength= 4 w= 15 nsites= 15 
0.2595 0.2625 0.2315 0.2465 
0.0872 0.2465 0.4289 0.2375 
0.0080 0.6743 0.0912 0.2265 
0.0501 0.7044 0.0170 0.2285 
0.0040 0.9639 0.0291 0.0030 
0.0000 0.9459 0.0170 0.0371 
0.1333 0.1082 0.4830 0.2756 
0.0030 0.9760 0.0190 0.0020 
0.0020 0.9529 0.0441 0.0010 
0.0020 0.6954 0.0912 0.2114 
0.1032 0.7265 0.0200 0.1503 
0.0411 0.6122 0.1062 0.2405 
0.2094 0.3407 0.2224 0.2275 
0.2265 0.3317 0.2295 0.2124 
0.2154 0.3186 0.2305 0.2355 

MOTIF filter1 
letter-probability matrix: alength= 4 w= 12 nsites= 12 
0.2285 0.2629 0.2610 0.2476 
0.3958 0.2065 0.2514 0.1463 
0.2266 0.2954 0.3155 0.1625 
0.0000 1.0000 0.0000 0.0000 
1.0000 0.0000 0.0000 0.0000 
0.0000 0.9971 0.0000 0.0029 
0.0258 0.0000 0.9742 0.0000 
0.0000 0.0000 0.0000 1.0000 
0.0000 0.0000 1.0000 0.0000 
0.1663 0.2859 0.3088 0.2390 
0.1702 0.2390 0.1702 0.4207 
0.2352 0.2648 0.2447 0.2553 

MOTIF filter2 
letter-probability matrix: alength= 4 w= 19 nsites= 19 
0.2059 0.2617 0.2706 0.2617 
0.2216 0.2483 0.3056 0.2245 
0.2216 0.1770 0.2141 0.3874 
0.0877 0.0342 0.0416 0.8364 
0.0216 0.0171 0.3851 0.5762 
0.2208 0.7353 0.0439 0.0000 
0.1123 0.8848 0.0022 0.0007 
0.0045 0.6937 0.1190 0.1829 
0.4758 0.0082 0.3390 0.1770 
0.0000 0.0000 0.5755 0.4245 
0.9948 0.0015 0.0000 0.0037 
0.4230 0.0639 0.0030 0.5100 
0.6796 0.1130 0.1807 0.0268 
0.1621 0.1948 0.1368 0.5063 
0.0677 0.1041 0.7264 0.1019 
0.0788 0.1807 0.6684 0.0721 
0.1948 0.1576 0.3792 0.2684 
0.2201 0.4833 0.1234 0.1732 
0.4877 0.1643 0.1576 0.1903 

MOTIF filter3 
letter-probability matrix: alength= 4 w= 15 nsites= 15 
0.3295 0.1973 0.2471 0.2261 
0.1188 0.4483 0.2126 0.2203 
0.1054 0.1398 0.2280 0.5268 
0.2069 0.0345 0.1475 0.6111 
0.2356 0.0019 0.0230 0.7395 
0.0805 0.9080 0.0115 0.0000 
0.0019 0.7931 0.0000 0.2050 
0.7912 0.1648 0.0000 0.0441 
0.6858 0.0000 0.3142 0.0000 
0.0000 0.0000 0.6973 0.3027 
0.6494 0.3506 0.0000 0.0000 
0.9962 0.0000 0.0038 0.0000 
0.3314 0.1398 0.4253 0.1034 
0.2854 0.2816 0.1437 0.2893 
0.3467 0.2299 0.1169 0.3065 

MOTIF filter4 
letter-probability matrix: alength= 4 w= 10 nsites= 10 
0.2224 0.1008 0.3292 0.3476 
0.4571 0.2227 0.3202 0.0000 
0.1177 0.5714 0.2336 0.0774 
0.0000 0.1607 0.8393 0.0000 
0.0000 0.0004 0.7903 0.2093 
0.0867 0.3126 0.0926 0.5081 
0.0000 0.5228 0.4579 0.0193 
0.4159 0.3397 0.1832 0.0612 
0.3347 0.1825 0.2601 0.2227 
0.2609 0.2368 0.2035 0.2988 

MOTIF filter5 
letter-probability matrix: alength= 4 w= 16 nsites= 16 
0.2746 0.2277 0.2857 0.2120 
0.2843 0.2342 0.2236 0.2579 
0.1127 0.1160 0.3553 0.4160 
0.0965 0.7180 0.0673 0.1183 
0.0005 0.0000 0.1071 0.8924 
0.7143 0.0264 0.2588 0.0005 
0.2217 0.0677 0.2672 0.4434 
0.1892 0.0631 0.5278 0.2199 
0.3873 0.0348 0.3970 0.1809 
0.3994 0.3159 0.0093 0.2755 
0.0172 0.1577 0.0264 0.7987 
0.9156 0.0478 0.0019 0.0348 
0.0974 0.0496 0.8205 0.0325 
0.3794 0.4406 0.1058 0.0742 
0.2273 0.2955 0.2811 0.1962 
0.2291 0.3006 0.2217 0.2486 

MOTIF filter6 
letter-probability matrix: alength= 4 w= 15 nsites= 15 
0.2422 0.2605 0.2303 0.2670 
0.2411 0.2627 0.2605 0.2357 
0.2465 0.2584 0.2519 0.2432 
0.5232 0.1135 0.3405 0.0227 
0.0000 0.0000 0.0000 1.0000 
0.0000 0.0000 0.0465 0.9535 
0.2962 0.0000 0.6173 0.0865 
0.0032 0.9049 0.0032 0.0886 
0.0843 0.0000 0.9157 0.0000 
0.0886 0.6432 0.0000 0.2681 
0.9568 0.0432 0.0000 0.0000 
1.0000 0.0000 0.0000 0.0000 
0.0119 0.3557 0.1459 0.4865 
0.2562 0.2573 0.2735 0.2130 
0.2454 0.2184 0.2530 0.2832 

MOTIF filter7 
letter-probability matrix: alength= 4 w= 12 nsites= 12 
0.3304 0.0954 0.3525 0.2216 
0.2184 0.1579 0.4671 0.1566 
0.1924 0.1163 0.3104 0.3809 
0.7671 0.0000 0.1389 0.0940 
0.3058 0.4534 0.0434 0.1974 
0.1173 0.0006 0.0452 0.8370 
0.6628 0.1661 0.0173 0.1538 
0.0197 0.7733 0.0192 0.1878 
0.0129 0.4133 0.0132 0.5606 
0.3977 0.2304 0.1299 0.2419 
0.1751 0.1383 0.5019 0.1847 
0.2249 0.2199 0.2530 0.3021 

MOTIF filter8 
letter-probability matrix: alength= 4 w= 12 nsites= 12 
0.3895 0.0330 0.3069 0.2705 
0.1991 0.0693 0.4501 0.2816 
0.2947 0.2407 0.4326 0.0319 
0.0000 0.6542 0.2626 0.0832 
0.3136 0.4354 0.0821 0.1689 
0.2517 0.3887 0.0051 0.3545 
0.1809 0.3826 0.0000 0.4366 
0.1227 0.2226 0.3741 0.2805 
0.0182 0.2212 0.7606 0.0000 
0.1486 0.4527 0.1960 0.2027 
0.2487 0.3633 0.1508 0.2372 
0.2917 0.2750 0.1764 0.2569 

MOTIF filter9 
letter-probability matrix: alength= 4 w= 12 nsites= 12 
0.4488 0.1362 0.3854 0.0297 
0.4430 0.1431 0.3108 0.1032 
0.3300 0.3901 0.2231 0.0569 
0.0156 0.8841 0.0000 0.1003 
0.5487 0.0177 0.4198 0.0138 
0.2611 0.1608 0.0112 0.5668 
0.0000 0.0000 1.0000 0.0000 
0.5628 0.0355 0.0047 0.3970 
0.0000 0.3553 0.0467 0.5980 
0.2227 0.2466 0.4277 0.1029 
0.2691 0.2198 0.2535 0.2575 
0.1981 0.3318 0.1068 0.3633 

MOTIF filter10 
letter-probability matrix: alength= 4 w= 13 nsites= 13 
0.4599 0.2474 0.0973 0.1955 
0.3229 0.2635 0.2540 0.1596 
0.3418 0.2247 0.2512 0.1822 
0.3503 0.0897 0.0028 0.5571 
0.0132 0.0085 0.5014 0.4769 
0.7734 0.1161 0.1105 0.0000 
0.0000 0.0765 0.2908 0.6327 
0.3872 0.5751 0.0028 0.0349 
0.0293 0.0076 0.9500 0.0132 
0.0009 0.1398 0.7063 0.1530 
0.2332 0.3900 0.3560 0.0208 
0.0142 0.3758 0.3022 0.3078 
0.2229 0.5486 0.0907 0.1379 

MOTIF filter11 
letter-probability matrix: alength= 4 w= 13 nsites= 13 
0.2404 0.2507 0.2666 0.2424 
0.2475 0.2134 0.3241 0.2150 
0.3388 0.3031 0.3257 0.0325 
0.0000 0.1127 0.0000 0.8873 
0.0000 0.1293 0.8600 0.0107 
1.0000 0.0000 0.0000 0.0000 
0.0599 0.3741 0.4030 0.1630 
0.0000 0.0000 0.0000 1.0000 
0.0000 0.6763 0.3237 0.0000 
0.7049 0.0008 0.2943 0.0000 
0.0583 0.3483 0.2440 0.3495 
0.2075 0.3046 0.2317 0.2562 
0.2368 0.2471 0.2773 0.2388 

MOTIF filter12 
letter-probability matrix: alength= 4 w= 12 nsites= 12 
0.2355 0.3044 0.2734 0.1867 
0.2424 0.1499 0.2407 0.3670 
0.2223 0.3222 0.3148 0.1407 
0.8191 0.0195 0.1568 0.0046 
0.0057 0.2774 0.0000 0.7168 
0.0000 0.1907 0.0000 0.8093 
0.1936 0.0011 0.8053 0.0000 
0.8874 0.0000 0.1126 0.0000 
0.0017 0.2252 0.0965 0.6766 
0.0684 0.2797 0.2855 0.3665 
0.2085 0.5572 0.1229 0.1114 
0.3532 0.1924 0.3527 0.1017 

MOTIF filter13 
letter-probability matrix: alength= 4 w= 12 nsites= 12 
0.3903 0.0611 0.2416 0.3070 
0.2348 0.1619 0.3411 0.2622 
0.1125 0.5556 0.2909 0.0410 
0.4735 0.1374 0.0074 0.3817 
0.4653 0.0037 0.0657 0.4653 
0.2433 0.3565 0.1486 0.2516 
0.4830 0.0194 0.2247 0.2729 
0.0000 0.7207 0.2793 0.0000 
0.1480 0.0034 0.0019 0.8467 
0.4811 0.0684 0.4057 0.0447 
0.2797 0.1844 0.0963 0.4397 
0.1651 0.2578 0.2097 0.3673 

MOTIF filter14 
letter-probability matrix: alength= 4 w= 13 nsites= 13 
0.3081 0.4696 0.1833 0.0389 
0.2131 0.0916 0.2474 0.4479 
0.0515 0.4021 0.0664 0.4800 
0.0687 0.9003 0.0000 0.0309 
0.0103 0.4078 0.5624 0.0195 
0.0263 0.0034 0.8454 0.1249 
0.6621 0.0183 0.2795 0.0401 
0.8660 0.0206 0.0172 0.0962 
0.0011 0.1031 0.8774 0.0183 
0.0493 0.3757 0.0195 0.5556 
0.2967 0.1386 0.4479 0.1168 
0.3173 0.3173 0.1993 0.1661 
0.2360 0.3471 0.1203 0.2967 

MOTIF filter15 
letter-probability matrix: alength= 4 w= 12 nsites= 12 
0.3381 0.1352 0.3409 0.1859 
0.0510 0.3648 0.4472 0.1370 
0.3613 0.0144 0.3375 0.2868 
0.3388 0.0122 0.5347 0.1143 
0.0663 0.3999 0.0273 0.5066 
0.1337 0.0067 0.7689 0.0908 
0.1483 0.3836 0.0000 0.4680 
0.2405 0.6121 0.0000 0.1474 
0.0293 0.5147 0.4502 0.0058 
0.2139 0.1920 0.3603 0.2338 
0.2566 0.2451 0.2842 0.2141 
0.2451 0.2451 0.3391 0.1707 

MOTIF filter16 
letter-probability matrix: alength= 4 w= 10 nsites= 10 
0.2300 0.2667 0.3911 0.1121 
0.0308 0.5338 0.1922 0.2431 
0.3468 0.1561 0.4007 0.0964 
0.6202 0.0020 0.2572 0.1207 
0.3454 0.3940 0.0113 0.2492 
0.1193 0.5800 0.0003 0.3005 
0.0635 0.0000 0.9155 0.0210 
0.0349 0.3535 0.5217 0.0900 
0.1498 0.5220 0.1065 0.2218 
0.1218 0.5850 0.0627 0.2305 

MOTIF filter17 
letter-probability matrix: alength= 4 w= 15 nsites= 15 
0.2389 0.2168 0.2635 0.2808 
0.2574 0.2878 0.2146 0.2402 
0.2454 0.1538 0.1873 0.4136 
0.0578 0.0984 0.0793 0.7645 
0.0421 0.0351 0.0716 0.8512 
0.1067 0.6596 0.1562 0.0775 
0.0600 0.6774 0.0575 0.2051 
0.2279 0.2272 0.3472 0.1977 
0.0987 0.0101 0.8561 0.0351 
0.0234 0.0898 0.7927 0.0941 
0.7854 0.1138 0.0787 0.0221 
0.8247 0.0581 0.1110 0.0062 
0.3902 0.2226 0.1153 0.2718 
0.1621 0.3672 0.2116 0.2592 
0.1854 0.4373 0.1178 0.2595 

MOTIF filter18 
letter-probability matrix: alength= 4 w= 13 nsites= 13 
0.2564 0.0484 0.4815 0.2137 
0.2507 0.4587 0.1054 0.1852 
0.0684 0.2735 0.3533 0.3048 
0.8205 0.0456 0.0199 0.1140 
0.0228 0.0000 0.0000 0.9772 
0.0142 0.0028 0.0000 0.9829 
0.2308 0.0000 0.0000 0.7692 
0.7009 0.0427 0.0114 0.2450 
0.9145 0.0000 0.0000 0.0855 
0.4160 0.1140 0.0114 0.4587 
0.1538 0.0826 0.4302 0.3333 
0.2650 0.1111 0.5470 0.0769 
0.2934 0.2536 0.2764 0.1766 

MOTIF filter19 
letter-probability matrix: alength= 4 w= 17 nsites= 17 
0.2780 0.2716 0.2214 0.2291 
0.4054 0.1879 0.1725 0.2342 
0.0245 0.5019 0.0811 0.3925 
0.1030 0.3282 0.2767 0.2921 
0.3333 0.2690 0.3874 0.0103 
0.6873 0.0296 0.1210 0.1622 
0.0000 0.6834 0.0064 0.3102 
0.0026 0.7194 0.0013 0.2767 
0.2458 0.0129 0.7310 0.0103 
0.4389 0.0000 0.5611 0.0000 
0.0000 0.0335 0.0000 0.9665 
0.0039 0.3681 0.1673 0.4607 
0.4607 0.1454 0.3810 0.0129 
0.1995 0.1506 0.6461 0.0039 
0.1789 0.1840 0.1338 0.5032 
0.0824 0.2471 0.2175 0.4530 
0.1622 0.3436 0.1892 0.3050 

MOTIF filter20 
letter-probability matrix: alength= 4 w= 15 nsites= 15 
0.2900 0.2421 0.2449 0.2230 
0.1628 0.0903 0.5746 0.1724 
0.1190 0.5937 0.1094 0.1778 
0.0807 0.8181 0.0711 0.0301 
0.9973 0.0000 0.0027 0.0000 
0.5048 0.0055 0.0150 0.4747 
0.2189 0.3037 0.3570 0.1204 
0.5185 0.0150 0.0014 0.4651 
0.0000 0.0082 0.0000 0.9918 
0.0096 0.0492 0.9124 0.0287 
0.0971 0.0616 0.7688 0.0725 
0.1053 0.7004 0.0465 0.1477 
0.1765 0.2462 0.2832 0.2941 
0.1614 0.1313 0.5581 0.1491 
0.1778 0.5280 0.1204 0.1737 

MOTIF filter21 
letter-probability matrix: alength= 4 w= 13 nsites= 13 
0.2570 0.3269 0.1813 0.2348 
0.5218 0.0607 0.2355 0.1820 
0.0764 0.5125 0.1113 0.2998 
0.0000 0.0000 0.0000 1.0000 
0.0000 0.0000 0.1478 0.8522 
0.1035 0.8965 0.0000 0.0000 
0.0079 0.5525 0.0000 0.4397 
0.0514 0.0093 0.7716 0.1677 
0.1799 0.0421 0.7730 0.0050 
0.0178 0.1663 0.6552 0.1606 
0.5225 0.0871 0.0857 0.3048 
0.4882 0.2627 0.1049 0.1442 
0.3826 0.1863 0.2377 0.1934 

MOTIF filter22 
letter-probability matrix: alength= 4 w= 17 nsites= 17 
0.1912 0.2389 0.3497 0.2202 
0.3109 0.2586 0.3104 0.1200 
0.2830 0.1639 0.2708 0.2823 
0.1123 0.0169 0.7111 0.1597 
0.1728 0.2527 0.3525 0.2220 
0.3144 0.3504 0.1394 0.1958 
0.4727 0.0623 0.4380 0.0270 
0.1065 0.4609 0.0230 0.4096 
0.2853 0.5656 0.0549 0.0942 
0.5852 0.0793 0.0053 0.3303 
0.0830 0.2374 0.1435 0.5360 
0.4938 0.3191 0.1588 0.0283 
0.0130 0.4347 0.0166 0.5357 
0.0284 0.1764 0.6187 0.1764 
0.1220 0.2511 0.5436 0.0834 
0.0903 0.5988 0.0972 0.2137 
0.1728 0.2869 0.2606 0.2797 

MOTIF filter23 
letter-probability matrix: alength= 4 w= 15 nsites= 15 
0.2509 0.1973 0.2933 0.2585 
0.2691 0.2162 0.2668 0.2479 
0.2570 0.0680 0.5692 0.1058 
0.1995 0.0302 0.6689 0.1013 
0.2540 0.0015 0.7370 0.0076 
0.1119 0.0000 0.8866 0.0015 
0.1172 0.0960 0.7732 0.0136 
0.3386 0.4376 0.0884 0.1353 
0.0023 0.0302 0.8390 0.1285 
0.0030 0.0045 0.9909 0.0015 
0.1761 0.0083 0.8050 0.0106 
0.2048 0.1814 0.6054 0.0083 
0.1693 0.4679 0.2434 0.1194 
0.2449 0.2404 0.3001 0.2147 
0.2260 0.3182 0.2237 0.2320 

MOTIF filter24 
letter-probability matrix: alength= 4 w= 19 nsites= 19 
0.3171 0.1951 0.2683 0.2195 
0.3171 0.1463 0.2195 0.3171 
0.4146 0.2439 0.0732 0.2683 
0.1220 0.0488 0.1463 0.6829 
0.6341 0.2927 0.0732 0.0000 
0.0000 0.0000 0.0000 1.0000 
0.8780 0.0000 0.1220 0.0000 
0.1707 0.0000 0.1463 0.6829 
0.0976 0.9024 0.0000 0.0000 
0.0000 0.7317 0.0000 0.2683 
0.7073 0.0000 0.2927 0.0000 
0.0000 0.1951 0.0000 0.8049 
0.4146 0.0488 0.5122 0.0244 
0.0244 0.0488 0.7805 0.1463 
0.3902 0.2195 0.0732 0.3171 
0.1463 0.3171 0.0488 0.4878 
0.4390 0.1463 0.2439 0.1707 
0.0732 0.0732 0.6585 0.1951 
0.3171 0.1951 0.1951 0.2927 

MOTIF filter25 
letter-probability matrix: alength= 4 w= 10 nsites= 10 
0.2987 0.2194 0.2627 0.2192 
0.2412 0.2510 0.3148 0.1929 
0.1938 0.0627 0.3311 0.4124 
0.0026 0.9768 0.0006 0.0200 
0.4731 0.0003 0.5266 0.0000 
0.2316 0.1243 0.6285 0.0155 
0.8701 0.0449 0.0304 0.0547 
0.0000 0.3389 0.2630 0.3981 
0.2031 0.1555 0.1023 0.5392 
0.2138 0.2318 0.1955 0.3588 

MOTIF filter26 
letter-probability matrix: alength= 4 w= 12 nsites= 12 
0.5233 0.0976 0.2240 0.1551 
0.2572 0.3280 0.0721 0.3427 
0.1876 0.0593 0.3382 0.4148 
0.1749 0.1002 0.0638 0.6611 
0.0038 0.6171 0.3791 0.0000 
0.0593 0.9407 0.0000 0.0000 
0.0523 0.0000 0.7454 0.2023 
0.0000 0.1385 0.7588 0.1027 
0.9394 0.0211 0.0064 0.0332 
0.2521 0.2725 0.0932 0.3823 
0.3663 0.0517 0.3504 0.2317 
0.0989 0.2393 0.0606 0.6011 

MOTIF filter27 
letter-probability matrix: alength= 4 w= 16 nsites= 16 
0.1699 0.2449 0.1875 0.3978 
0.1705 0.1757 0.5448 0.1090 
0.2677 0.2144 0.3644 0.1535 
0.0012 0.9947 0.0000 0.0041 
0.0000 0.8225 0.0023 0.1752 
0.9895 0.0000 0.0018 0.0088 
0.1974 0.0000 0.0000 0.8026 
0.5419 0.0269 0.0059 0.4253 
0.0457 0.1154 0.1798 0.6591 
0.7293 0.0064 0.0516 0.2127 
0.1019 0.0457 0.1342 0.7182 
0.2994 0.0738 0.5899 0.0369 
0.1043 0.0322 0.8196 0.0439 
0.2630 0.1892 0.2501 0.2976 
0.2320 0.4359 0.1640 0.1681 
0.5015 0.0984 0.1816 0.2185 

MOTIF filter28 
letter-probability matrix: alength= 4 w= 11 nsites= 11 
0.3251 0.0616 0.4477 0.1656 
0.2578 0.0778 0.5518 0.1126 
0.3198 0.0000 0.3699 0.3103 
0.3976 0.5995 0.0000 0.0029 
0.1360 0.0029 0.8081 0.0530 
0.0148 0.1618 0.0000 0.8234 
0.0105 0.0053 0.8415 0.1427 
0.1112 0.7570 0.0000 0.1317 
0.1322 0.5079 0.3365 0.0234 
0.1446 0.0768 0.3609 0.4177 
0.1523 0.2520 0.2263 0.3695 

MOTIF filter29 
letter-probability matrix: alength= 4 w= 17 nsites= 17 
0.3573 0.1081 0.3376 0.1970 
0.2192 0.1938 0.2535 0.3335 
0.2742 0.1362 0.2852 0.3044 
0.1094 0.0009 0.5613 0.3284 
0.0120 0.8007 0.0216 0.1657 
0.0816 0.0357 0.3078 0.5750 
0.7273 0.2533 0.0054 0.0139 
0.3590 0.1670 0.1807 0.2933 
0.4763 0.0788 0.1458 0.2991 
0.1933 0.2436 0.1036 0.4596 
0.3691 0.0691 0.2914 0.2704 
0.0021 0.2072 0.3719 0.4188 
0.5534 0.3920 0.0345 0.0201 
0.0807 0.1531 0.7029 0.0632 
0.2045 0.6209 0.0871 0.0874 
0.2804 0.2010 0.2115 0.3072 
0.1678 0.3721 0.2379 0.2222 

MOTIF filter30 
letter-probability matrix: alength= 4 w= 14 nsites= 14 
0.4436 0.2590 0.0264 0.2710 
0.3525 0.1127 0.0552 0.4796 
0.1918 0.0552 0.2446 0.5084 
0.4005 0.0024 0.5707 0.0264 
0.1127 0.3861 0.5012 0.0000 
0.0000 0.0000 0.0000 1.0000 
0.0000 0.7002 0.2998 0.0000 
1.0000 0.0000 0.0000 0.0000 
0.0048 0.1439 0.8321 0.0192 
0.0072 0.8753 0.0000 0.1175 
0.6499 0.1775 0.0216 0.1511 
0.4077 0.1175 0.1391 0.3357 
0.3597 0.0264 0.1127 0.5012 
0.3333 0.0935 0.1079 0.4652 

MOTIF filter31 
letter-probability matrix: alength= 4 w= 15 nsites= 15 
0.2402 0.2480 0.2862 0.2257 
0.2357 0.1884 0.3087 0.2672 
0.1302 0.2895 0.3221 0.2582 
0.0146 0.2849 0.5802 0.1203 
0.2869 0.0492 0.1661 0.4978 
0.1605 0.5529 0.1873 0.0994 
0.3507 0.0475 0.2918 0.3100 
0.0527 0.8978 0.0016 0.0478 
0.0952 0.4327 0.2892 0.1830 
0.1786 0.5536 0.0123 0.2555 
0.2219 0.4963 0.1463 0.1355 
0.0229 0.7310 0.2039 0.0422 
0.2454 0.3013 0.3174 0.1359 
0.1903 0.2732 0.3072 0.2292 
0.2260 0.2996 0.2353 0.2391 

