MEME version 4

ALPHABET= ACGT

Background letter frequencies:
A 0.2500 C 0.2500 G 0.2500 T 0.2500 

MOTIF filter0 
letter-probability matrix: alength= 4 w= 16 nsites= 16 
0.2424 0.1941 0.3496 0.2139 
0.2804 0.1776 0.2809 0.2611 
0.1886 0.1831 0.4601 0.1682 
0.1138 0.6372 0.0753 0.1737 
0.5267 0.1078 0.0814 0.2842 
0.5701 0.0253 0.2809 0.1237 
0.0555 0.5393 0.3969 0.0082 
0.1303 0.7548 0.0000 0.1149 
0.5563 0.0143 0.0055 0.4239 
0.0654 0.0005 0.8846 0.0495 
0.0704 0.0616 0.7576 0.1105 
0.1462 0.5536 0.0275 0.2727 
0.1149 0.2617 0.1732 0.4502 
0.0665 0.2413 0.6311 0.0610 
0.2518 0.3920 0.2798 0.0764 
0.2018 0.4442 0.1100 0.2441 

MOTIF filter1 
letter-probability matrix: alength= 4 w= 15 nsites= 15 
0.3041 0.2784 0.2552 0.1624 
0.2758 0.1933 0.1598 0.3711 
0.2371 0.0515 0.5206 0.1907 
0.0232 0.0026 0.0644 0.9098 
0.2629 0.0309 0.7062 0.0000 
0.5309 0.1366 0.0026 0.3299 
0.0026 0.8943 0.1005 0.0026 
0.3969 0.0000 0.1830 0.4201 
0.0000 1.0000 0.0000 0.0000 
0.2706 0.0000 0.7268 0.0026 
0.0825 0.3376 0.2680 0.3119 
0.0103 0.0129 0.9691 0.0077 
0.0593 0.3634 0.2294 0.3479 
0.2268 0.1933 0.3763 0.2036 
0.2216 0.3892 0.1933 0.1959 

MOTIF filter2 
letter-probability matrix: alength= 4 w= 16 nsites= 16 
0.2531 0.4095 0.1524 0.1850 
0.3973 0.0844 0.1211 0.3973 
0.5850 0.0735 0.0912 0.2503 
0.4816 0.0259 0.0259 0.4667 
0.2272 0.1524 0.3320 0.2884 
0.0027 0.0041 0.0000 0.9932 
0.0014 0.4844 0.5143 0.0000 
0.3905 0.6095 0.0000 0.0000 
0.0041 0.0000 0.4109 0.5850 
0.0000 0.2327 0.7660 0.0014 
0.9578 0.0000 0.0422 0.0000 
0.1116 0.4830 0.2163 0.1891 
0.4000 0.0680 0.0082 0.5238 
0.2762 0.1918 0.0667 0.4653 
0.3728 0.0939 0.1238 0.4095 
0.2190 0.1211 0.4531 0.2068 

MOTIF filter3 
letter-probability matrix: alength= 4 w= 12 nsites= 12 
0.2773 0.2805 0.2094 0.2329 
0.3067 0.1143 0.3073 0.2717 
0.1681 0.2218 0.3266 0.2835 
0.4805 0.0285 0.4879 0.0032 
0.3745 0.1978 0.3466 0.0811 
0.0386 0.3802 0.5812 0.0000 
0.0000 0.0178 0.6870 0.2952 
0.2512 0.0052 0.6061 0.1375 
0.0009 0.4855 0.3617 0.1518 
0.0825 0.2550 0.3553 0.3073 
0.2417 0.2807 0.3570 0.1206 
0.2319 0.1918 0.3956 0.1807 

MOTIF filter4 
letter-probability matrix: alength= 4 w= 16 nsites= 16 
0.1266 0.3639 0.2120 0.2975 
0.1456 0.5380 0.1772 0.1392 
0.5854 0.0981 0.2184 0.0981 
0.0158 0.6171 0.0475 0.3196 
0.0000 0.0000 0.0000 1.0000 
0.0000 0.0000 0.0000 1.0000 
0.0158 0.9842 0.0000 0.0000 
0.0000 0.9715 0.0000 0.0285 
0.1139 0.0696 0.6139 0.2025 
0.0158 0.0316 0.9335 0.0190 
0.0158 0.0253 0.8291 0.1297 
0.7785 0.0886 0.0854 0.0475 
0.8323 0.0411 0.0190 0.1076 
0.4684 0.1519 0.2563 0.1234 
0.2722 0.2785 0.2247 0.2247 
0.2089 0.2690 0.2911 0.2310 

MOTIF filter5 
letter-probability matrix: alength= 4 w= 18 nsites= 18 
0.0722 0.3608 0.2990 0.2680 
0.1753 0.2474 0.3814 0.1959 
0.4124 0.0825 0.2474 0.2577 
0.2887 0.0619 0.0206 0.6289 
0.0515 0.0825 0.7629 0.1031 
0.2784 0.3505 0.1443 0.2268 
0.0000 1.0000 0.0000 0.0000 
0.0103 0.7835 0.0000 0.2062 
1.0000 0.0000 0.0000 0.0000 
0.1134 0.0000 0.0000 0.8866 
1.0000 0.0000 0.0000 0.0000 
0.1856 0.0000 0.0000 0.8144 
1.0000 0.0000 0.0000 0.0000 
0.0000 0.0000 0.0000 1.0000 
0.1753 0.0000 0.8247 0.0000 
0.0000 0.0000 1.0000 0.0000 
0.0103 0.4639 0.0103 0.5155 
0.0515 0.8557 0.0515 0.0412 

MOTIF filter6 
letter-probability matrix: alength= 4 w= 13 nsites= 13 
0.1848 0.2837 0.2960 0.2356 
0.2830 0.2225 0.3736 0.1209 
0.2541 0.3207 0.3887 0.0364 
0.0000 0.5817 0.0014 0.4169 
0.0000 0.5632 0.4361 0.0007 
1.0000 0.0000 0.0000 0.0000 
0.4169 0.0604 0.0982 0.4245 
0.0000 0.0000 0.0000 1.0000 
0.0014 0.2445 0.7541 0.0000 
0.3915 0.0027 0.6058 0.0000 
0.0975 0.3853 0.2273 0.2898 
0.0838 0.3496 0.2747 0.2919 
0.2912 0.3407 0.2445 0.1236 

MOTIF filter7 
letter-probability matrix: alength= 4 w= 14 nsites= 14 
0.1577 0.3457 0.1095 0.3871 
0.2250 0.4781 0.1215 0.1753 
0.2912 0.2618 0.0902 0.3568 
0.0458 0.0977 0.2483 0.6083 
0.2418 0.4343 0.1215 0.2024 
0.0096 0.7537 0.0993 0.1374 
0.1458 0.7653 0.0753 0.0136 
0.2712 0.4393 0.1240 0.1654 
0.0381 0.3328 0.4935 0.1356 
0.0800 0.3569 0.5471 0.0160 
0.2541 0.1861 0.2320 0.3279 
0.6234 0.2547 0.0806 0.0413 
0.5959 0.1071 0.0341 0.2629 
0.1980 0.2257 0.2313 0.3450 

MOTIF filter8 
letter-probability matrix: alength= 4 w= 13 nsites= 13 
0.2033 0.4761 0.2027 0.1179 
0.2426 0.1657 0.2585 0.3331 
0.2010 0.1014 0.2067 0.4909 
0.0108 0.7289 0.2603 0.0000 
0.0518 0.9442 0.0040 0.0000 
0.0000 0.0000 0.9789 0.0211 
0.0000 0.1139 0.8821 0.0040 
0.7506 0.0871 0.0740 0.0883 
0.3286 0.2341 0.2722 0.1651 
0.0495 0.1378 0.7460 0.0666 
0.0928 0.3104 0.1196 0.4772 
0.2084 0.2164 0.4465 0.1287 
0.2477 0.2608 0.3713 0.1202 

MOTIF filter9 
letter-probability matrix: alength= 4 w= 13 nsites= 13 
0.2268 0.1928 0.2957 0.2847 
0.2368 0.1379 0.3876 0.2378 
0.1339 0.3876 0.3796 0.0989 
0.6883 0.0000 0.3117 0.0000 
0.6404 0.0350 0.3217 0.0030 
0.1918 0.0769 0.7233 0.0080 
0.7662 0.0030 0.2308 0.0000 
0.0030 0.0739 0.2198 0.7033 
0.0010 0.0070 0.9920 0.0000 
0.0000 0.0000 0.9970 0.0030 
0.1868 0.6374 0.1129 0.0629 
0.1419 0.1688 0.5495 0.1399 
0.1598 0.1469 0.6064 0.0869 

MOTIF filter10 
letter-probability matrix: alength= 4 w= 12 nsites= 12 
0.2344 0.2652 0.2617 0.2388 
0.4159 0.1991 0.2467 0.1383 
0.2097 0.3207 0.3172 0.1524 
0.0097 0.9903 0.0000 0.0000 
1.0000 0.0000 0.0000 0.0000 
0.0000 0.9507 0.0000 0.0493 
0.0414 0.0000 0.9586 0.0000 
0.0000 0.0009 0.0000 0.9991 
0.0026 0.0000 0.9956 0.0018 
0.1612 0.2890 0.3101 0.2396 
0.1595 0.2388 0.1771 0.4247 
0.2211 0.2493 0.2643 0.2652 

MOTIF filter11 
letter-probability matrix: alength= 4 w= 12 nsites= 12 
0.2128 0.2168 0.0788 0.4916 
0.3840 0.1179 0.2942 0.2039 
0.1830 0.1372 0.0593 0.6205 
0.1521 0.7988 0.0072 0.0419 
0.0219 0.5305 0.0196 0.4279 
0.7588 0.0321 0.1351 0.0740 
0.0144 0.0758 0.4239 0.4860 
0.3509 0.3056 0.2644 0.0791 
0.0746 0.0035 0.6582 0.2637 
0.4684 0.1079 0.1670 0.2567 
0.1591 0.1695 0.0688 0.6026 
0.5089 0.0846 0.3479 0.0586 

MOTIF filter12 
letter-probability matrix: alength= 4 w= 14 nsites= 14 
0.1426 0.2658 0.3232 0.2684 
0.3072 0.1637 0.4270 0.1021 
0.4624 0.1055 0.2895 0.1426 
0.0000 0.8734 0.0312 0.0954 
0.0000 0.5561 0.0042 0.4397 
0.3013 0.0886 0.5899 0.0203 
0.7840 0.0008 0.2152 0.0000 
0.0000 0.0093 0.0017 0.9890 
0.0169 0.4759 0.0827 0.4245 
0.3485 0.0093 0.6380 0.0042 
0.0253 0.0557 0.9181 0.0008 
0.1637 0.3072 0.1004 0.4287 
0.1274 0.2608 0.2262 0.3857 
0.1848 0.3527 0.2118 0.2506 

MOTIF filter13 
letter-probability matrix: alength= 4 w= 16 nsites= 16 
0.3043 0.2844 0.2473 0.1639 
0.2552 0.2495 0.2523 0.2431 
0.3336 0.0877 0.4177 0.1611 
0.0135 0.3685 0.0021 0.6158 
0.0000 0.0000 0.5745 0.4255 
0.9964 0.0000 0.0036 0.0000 
0.0428 0.3507 0.3264 0.2801 
0.0371 0.0000 0.0000 0.9629 
0.1875 0.6187 0.0000 0.1939 
0.8774 0.0029 0.0000 0.1197 
0.0029 0.2587 0.0699 0.6686 
0.5773 0.2195 0.0848 0.1183 
0.1689 0.0798 0.6543 0.0969 
0.2851 0.3542 0.1190 0.2416 
0.2680 0.2516 0.2495 0.2309 
0.2281 0.2288 0.2837 0.2594 

MOTIF filter14 
letter-probability matrix: alength= 4 w= 15 nsites= 15 
0.1477 0.2386 0.3409 0.2727 
0.2159 0.0795 0.1023 0.6023 
0.1818 0.0795 0.5795 0.1591 
0.0568 0.9091 0.0341 0.0000 
0.0455 0.9545 0.0000 0.0000 
0.0000 0.9545 0.0000 0.0455 
0.4318 0.0000 0.5682 0.0000 
0.0000 0.0000 0.5682 0.4318 
1.0000 0.0000 0.0000 0.0000 
0.0000 0.3295 0.0682 0.6023 
0.9091 0.0000 0.0909 0.0000 
0.1477 0.1023 0.1250 0.6250 
0.0341 0.0909 0.7955 0.0795 
0.0795 0.0909 0.7159 0.1136 
0.2159 0.0568 0.4659 0.2614 

MOTIF filter15 
letter-probability matrix: alength= 4 w= 15 nsites= 15 
0.3192 0.1636 0.2118 0.3053 
0.2316 0.2871 0.1965 0.2849 
0.1892 0.1198 0.2213 0.4697 
0.0051 0.0095 0.0701 0.9153 
0.0365 0.0000 0.1980 0.7655 
0.0709 0.9043 0.0248 0.0000 
0.0007 0.4675 0.0022 0.5296 
0.2053 0.2849 0.2820 0.2279 
0.4346 0.0000 0.5632 0.0022 
0.0000 0.0058 0.9372 0.0570 
0.8539 0.1227 0.0000 0.0234 
0.8707 0.0979 0.0307 0.0007 
0.4587 0.1205 0.2958 0.1249 
0.1848 0.2834 0.2841 0.2476 
0.2396 0.2761 0.2169 0.2673 

MOTIF filter16 
letter-probability matrix: alength= 4 w= 16 nsites= 16 
0.1952 0.3389 0.2047 0.2612 
0.2250 0.2950 0.1901 0.2899 
0.1475 0.4531 0.2113 0.1881 
0.1689 0.5164 0.3142 0.0004 
0.0707 0.3497 0.3233 0.2563 
0.0424 0.7006 0.2566 0.0004 
0.0071 0.6030 0.3144 0.0755 
0.0155 0.5635 0.4116 0.0095 
0.0000 0.5875 0.3902 0.0223 
0.0316 0.3067 0.4906 0.1711 
0.0647 0.6659 0.2025 0.0669 
0.0210 0.7101 0.2575 0.0115 
0.0431 0.4990 0.4030 0.0550 
0.1219 0.4888 0.3051 0.0841 
0.2287 0.3398 0.2762 0.1552 
0.2201 0.3771 0.1808 0.2219 

MOTIF filter17 
letter-probability matrix: alength= 4 w= 18 nsites= 18 
0.2665 0.2453 0.2382 0.2500 
0.2358 0.2948 0.2500 0.2193 
0.2406 0.2382 0.2594 0.2618 
0.1250 0.0354 0.6509 0.1887 
0.1061 0.6792 0.1344 0.0802 
0.2807 0.3066 0.2712 0.1415 
0.0731 0.0000 0.8255 0.1014 
0.0000 0.9882 0.0000 0.0118 
0.0000 0.9976 0.0024 0.0000 
0.9976 0.0000 0.0024 0.0000 
0.0000 0.0000 0.0024 0.9976 
0.0071 0.4976 0.1580 0.3373 
0.0000 0.0425 0.0118 0.9458 
0.0000 0.0118 0.0000 0.9882 
0.1038 0.1014 0.6580 0.1368 
0.2807 0.2500 0.2241 0.2453 
0.2358 0.2665 0.2476 0.2500 
0.2476 0.2618 0.2453 0.2453 

MOTIF filter18 
letter-probability matrix: alength= 4 w= 10 nsites= 10 
0.2599 0.2149 0.3089 0.2163 
0.3162 0.2611 0.2994 0.1233 
0.1072 0.3775 0.1897 0.3256 
0.2589 0.0000 0.0034 0.7376 
0.0002 0.9959 0.0033 0.0007 
0.3536 0.2045 0.0020 0.4400 
0.0000 0.2035 0.7965 0.0000 
0.3209 0.1519 0.0145 0.5127 
0.2925 0.0986 0.3424 0.2666 
0.4208 0.1324 0.2064 0.2404 

MOTIF filter19 
letter-probability matrix: alength= 4 w= 11 nsites= 11 
0.4051 0.0638 0.3151 0.2159 
0.1960 0.0921 0.3512 0.3607 
0.3650 0.0845 0.4955 0.0550 
0.6539 0.2235 0.1143 0.0083 
0.0878 0.7717 0.1405 0.0000 
0.2409 0.0003 0.1481 0.6107 
0.0000 0.1635 0.4725 0.3640 
0.8910 0.0015 0.1052 0.0023 
0.0000 0.3355 0.3204 0.3441 
0.2656 0.0774 0.5184 0.1385 
0.0520 0.2672 0.1546 0.5262 

MOTIF filter20 
letter-probability matrix: alength= 4 w= 13 nsites= 13 
0.3128 0.3045 0.1183 0.2644 
0.2901 0.2675 0.2222 0.2202 
0.3014 0.1296 0.2665 0.3025 
0.2562 0.0247 0.6358 0.0833 
0.0093 0.8467 0.1399 0.0041 
0.5391 0.0010 0.0051 0.4547 
0.0113 0.4784 0.3765 0.1337 
0.7922 0.0000 0.0072 0.2006 
0.0607 0.0504 0.8889 0.0000 
0.0000 0.9177 0.0000 0.0823 
0.2901 0.2315 0.1903 0.2881 
0.4979 0.0854 0.2695 0.1471 
0.1564 0.1337 0.3899 0.3200 

MOTIF filter21 
letter-probability matrix: alength= 4 w= 11 nsites= 11 
0.2208 0.1954 0.3039 0.2800 
0.0251 0.4574 0.3625 0.1550 
0.0157 0.1533 0.3577 0.4734 
0.3072 0.0434 0.6104 0.0391 
0.4731 0.0000 0.5259 0.0010 
0.2645 0.1157 0.6179 0.0019 
0.0174 0.2003 0.6592 0.1231 
0.0000 0.0466 0.7232 0.2302 
0.4105 0.3307 0.0039 0.2549 
0.1467 0.2622 0.3587 0.2323 
0.2151 0.2676 0.2535 0.2638 

MOTIF filter22 
letter-probability matrix: alength= 4 w= 14 nsites= 14 
0.1347 0.1757 0.4011 0.2884 
0.2709 0.3989 0.2051 0.1251 
0.0887 0.3099 0.2161 0.3853 
0.3042 0.6859 0.0003 0.0096 
0.3014 0.1376 0.0040 0.5571 
0.5444 0.0000 0.0000 0.4556 
0.6559 0.0000 0.0000 0.3441 
0.2449 0.0000 0.0000 0.7551 
0.6124 0.0669 0.0102 0.3105 
0.7489 0.0000 0.0003 0.2508 
0.0980 0.0023 0.6489 0.2508 
0.5218 0.0695 0.3771 0.0316 
0.2076 0.1161 0.4540 0.2223 
0.3438 0.3771 0.1503 0.1288 

MOTIF filter23 
letter-probability matrix: alength= 4 w= 13 nsites= 13 
0.2226 0.3548 0.2554 0.1672 
0.2458 0.1864 0.3045 0.2633 
0.1537 0.2204 0.4687 0.1571 
0.2664 0.0014 0.5246 0.2076 
0.2164 0.3303 0.1251 0.3282 
0.1570 0.0002 0.5693 0.2735 
0.1766 0.7173 0.0446 0.0615 
0.0918 0.0712 0.7890 0.0480 
0.1240 0.1828 0.0009 0.6923 
0.1155 0.8314 0.0255 0.0276 
0.3554 0.4351 0.0579 0.1515 
0.0763 0.4192 0.4008 0.1037 
0.1136 0.3079 0.4461 0.1324 

MOTIF filter24 
letter-probability matrix: alength= 4 w= 11 nsites= 11 
0.2090 0.2545 0.2733 0.2632 
0.2634 0.2349 0.3174 0.1843 
0.2820 0.3789 0.3374 0.0017 
0.0000 0.0000 0.0000 1.0000 
0.0097 0.4859 0.5023 0.0021 
0.9909 0.0063 0.0027 0.0002 
0.0004 0.3614 0.6383 0.0000 
0.0002 0.5107 0.0546 0.4346 
0.3262 0.4604 0.0097 0.2037 
0.3684 0.2630 0.1430 0.2256 
0.2229 0.2503 0.2288 0.2980 

MOTIF filter25 
letter-probability matrix: alength= 4 w= 18 nsites= 18 
0.2550 0.1810 0.2541 0.3099 
0.2206 0.1912 0.3343 0.2539 
0.1208 0.2947 0.1556 0.4288 
0.1019 0.0924 0.0884 0.7173 
0.0646 0.2032 0.1616 0.5706 
0.1626 0.3589 0.1682 0.3103 
0.0959 0.6309 0.2150 0.0582 
0.1261 0.5246 0.2566 0.0928 
0.2417 0.3097 0.3940 0.0545 
0.5170 0.0630 0.2007 0.2193 
0.9101 0.0027 0.0655 0.0217 
0.6394 0.0690 0.0044 0.2871 
0.5594 0.0375 0.1245 0.2786 
0.1553 0.2309 0.0899 0.5240 
0.0959 0.0750 0.7396 0.0895 
0.0949 0.2566 0.5654 0.0831 
0.1889 0.3206 0.1885 0.3020 
0.1959 0.4356 0.1912 0.1773 

MOTIF filter26 
letter-probability matrix: alength= 4 w= 17 nsites= 17 
0.2201 0.3482 0.2953 0.1365 
0.2786 0.2312 0.3287 0.1616 
0.2841 0.1894 0.3677 0.1588 
0.0306 0.0446 0.3760 0.5487 
0.0836 0.0557 0.8607 0.0000 
0.8384 0.0919 0.0696 0.0000 
0.0056 0.3705 0.4457 0.1783 
0.0864 0.2535 0.1365 0.5237 
0.1671 0.1309 0.0000 0.7019 
0.4485 0.0223 0.0167 0.5125 
0.0585 0.0028 0.0056 0.9331 
0.4485 0.4234 0.0223 0.1058 
0.6964 0.0780 0.0056 0.2201 
0.1031 0.0390 0.3705 0.4875 
0.2256 0.0446 0.6490 0.0808 
0.0947 0.0501 0.3008 0.5543 
0.2813 0.4067 0.0752 0.2368 

MOTIF filter27 
letter-probability matrix: alength= 4 w= 16 nsites= 16 
0.3333 0.1818 0.1515 0.3333 
0.0303 0.4242 0.3939 0.1515 
0.3636 0.1212 0.3636 0.1515 
0.7273 0.0303 0.2424 0.0000 
0.0000 0.0000 0.8485 0.1515 
0.0000 1.0000 0.0000 0.0000 
0.0000 0.0000 0.0000 1.0000 
1.0000 0.0000 0.0000 0.0000 
0.0606 0.0000 0.0000 0.9394 
0.3636 0.0000 0.0000 0.6364 
0.5758 0.0000 0.0000 0.4242 
0.8182 0.0000 0.0000 0.1818 
0.0000 0.0000 0.0000 1.0000 
1.0000 0.0000 0.0000 0.0000 
0.0303 0.0000 0.9697 0.0000 
0.6667 0.3333 0.0000 0.0000 

MOTIF filter28 
letter-probability matrix: alength= 4 w= 14 nsites= 14 
0.2351 0.2644 0.2654 0.2351 
0.2517 0.2654 0.2419 0.2409 
0.4966 0.1420 0.3369 0.0245 
0.0000 0.0000 0.0000 1.0000 
0.0000 0.0000 0.0588 0.9412 
0.3095 0.0000 0.6063 0.0842 
0.0039 0.9011 0.0029 0.0921 
0.1019 0.0029 0.8854 0.0098 
0.0979 0.6533 0.0000 0.2488 
0.9403 0.0597 0.0000 0.0000 
1.0000 0.0000 0.0000 0.0000 
0.0137 0.3477 0.1557 0.4829 
0.2615 0.2507 0.2880 0.1998 
0.2458 0.2174 0.2615 0.2752 

MOTIF filter29 
letter-probability matrix: alength= 4 w= 13 nsites= 13 
0.3047 0.2607 0.2572 0.1775 
0.3181 0.1682 0.2727 0.2410 
0.3178 0.1938 0.2157 0.2726 
0.1371 0.1329 0.0665 0.6635 
0.0928 0.2229 0.4097 0.2746 
0.6453 0.0116 0.3068 0.0363 
0.0866 0.1919 0.2689 0.4526 
0.0000 0.4526 0.0000 0.5474 
0.2616 0.0896 0.6488 0.0000 
0.9751 0.0085 0.0152 0.0012 
0.1681 0.2882 0.1642 0.3795 
0.1008 0.3071 0.1965 0.3957 
0.1771 0.3190 0.2109 0.2931 

MOTIF filter30 
letter-probability matrix: alength= 4 w= 10 nsites= 10 
0.4139 0.2830 0.0736 0.2295 
0.0722 0.4452 0.2746 0.2080 
0.1760 0.4976 0.2839 0.0425 
0.6164 0.0000 0.1141 0.2696 
0.0469 0.5676 0.0372 0.3483 
0.3994 0.5635 0.0023 0.0348 
0.0051 0.0000 0.8027 0.1922 
0.4013 0.2709 0.0536 0.2742 
0.2776 0.1388 0.1766 0.4069 
0.0100 0.2778 0.5042 0.2080 

MOTIF filter31 
letter-probability matrix: alength= 4 w= 14 nsites= 14 
0.2587 0.1652 0.3486 0.2275 
0.3513 0.2698 0.1354 0.2435 
0.1781 0.1015 0.1371 0.5833 
0.1215 0.0062 0.5748 0.2974 
0.3375 0.5641 0.0196 0.0788 
0.1977 0.0703 0.1158 0.6162 
0.0004 0.0000 0.8486 0.1509 
0.1082 0.8909 0.0000 0.0009 
0.6229 0.0543 0.0890 0.2337 
0.0561 0.0138 0.6411 0.2890 
0.3241 0.5628 0.0134 0.0997 
0.5410 0.1042 0.1296 0.2253 
0.1336 0.1852 0.3335 0.3477 
0.2569 0.3304 0.1505 0.2622 

