MEME version 4

ALPHABET= ACGT

Background letter frequencies:
A 0.2500 C 0.2500 G 0.2500 T 0.2500 

MOTIF filter0 
letter-probability matrix: alength= 4 w= 14 nsites= 14 
0.0635 0.1799 0.5297 0.2268 
0.3907 0.2999 0.2435 0.0659 
0.2280 0.5635 0.1675 0.0410 
0.0000 1.0000 0.0000 0.0000 
0.4382 0.3432 0.0000 0.2185 
0.3694 0.0012 0.0558 0.5736 
1.0000 0.0000 0.0000 0.0000 
0.0000 0.0000 0.0000 1.0000 
0.5724 0.2239 0.0439 0.1597 
0.3800 0.0030 0.1508 0.4662 
0.0071 0.0214 0.9715 0.0000 
0.1188 0.1295 0.5980 0.1538 
0.1384 0.1390 0.3284 0.3943 
0.2126 0.5131 0.1681 0.1063 

MOTIF filter1 
letter-probability matrix: alength= 4 w= 13 nsites= 13 
0.2313 0.1198 0.3396 0.3093 
0.3315 0.1248 0.3645 0.1791 
0.5050 0.0262 0.1969 0.2719 
0.0169 0.2177 0.0613 0.7040 
0.0236 0.1854 0.0207 0.7702 
0.3143 0.0516 0.6202 0.0139 
0.7249 0.0729 0.1650 0.0372 
0.0207 0.1546 0.1108 0.7138 
0.0224 0.5612 0.1488 0.2677 
0.6426 0.1902 0.1266 0.0406 
0.3582 0.2144 0.3262 0.1012 
0.2235 0.2762 0.1230 0.3773 
0.2972 0.2586 0.1637 0.2804 

MOTIF filter2 
letter-probability matrix: alength= 4 w= 11 nsites= 11 
0.4021 0.1627 0.4229 0.0124 
0.1276 0.2000 0.5408 0.1316 
0.0891 0.4056 0.2709 0.2344 
0.6888 0.0081 0.1774 0.1257 
0.4091 0.3415 0.1828 0.0667 
0.0015 0.5732 0.3249 0.1004 
0.4530 0.1336 0.0328 0.3805 
0.0087 0.1507 0.8342 0.0063 
0.1532 0.3028 0.2098 0.3342 
0.1496 0.1796 0.3048 0.3660 
0.0658 0.2896 0.3524 0.2923 

MOTIF filter3 
letter-probability matrix: alength= 4 w= 15 nsites= 15 
0.2536 0.2320 0.2518 0.2626 
0.2374 0.2608 0.2680 0.2338 
0.2428 0.2824 0.2176 0.2572 
0.0450 0.0234 0.4299 0.5018 
0.0018 0.9550 0.0000 0.0432 
0.0000 0.0000 0.0000 1.0000 
1.0000 0.0000 0.0000 0.0000 
0.2212 0.0000 0.0000 0.7788 
0.3885 0.0000 0.0000 0.6115 
0.5342 0.0000 0.0000 0.4658 
0.6817 0.0000 0.0000 0.3183 
0.0000 0.0000 0.0000 1.0000 
1.0000 0.0000 0.0000 0.0000 
0.0360 0.0000 0.9622 0.0018 
0.4874 0.4424 0.0270 0.0432 

MOTIF filter4 
letter-probability matrix: alength= 4 w= 12 nsites= 12 
0.2609 0.2406 0.2551 0.2435 
0.4725 0.1493 0.2667 0.1116 
0.2014 0.3203 0.3609 0.1174 
0.0000 1.0000 0.0000 0.0000 
1.0000 0.0000 0.0000 0.0000 
0.0000 1.0000 0.0000 0.0000 
0.0000 0.0000 1.0000 0.0000 
0.0000 0.0000 0.0000 1.0000 
0.0000 0.0000 1.0000 0.0000 
0.0942 0.3580 0.3261 0.2217 
0.0826 0.2609 0.0841 0.5725 
0.2464 0.2478 0.2348 0.2710 

MOTIF filter5 
letter-probability matrix: alength= 4 w= 13 nsites= 13 
0.3435 0.1162 0.2061 0.3342 
0.3355 0.1657 0.2569 0.2418 
0.2534 0.2344 0.2273 0.2850 
0.0539 0.0041 0.1135 0.8285 
0.0168 0.8148 0.0022 0.1663 
0.6268 0.0212 0.1107 0.2413 
0.0000 0.0827 0.9173 0.0000 
0.2556 0.2020 0.0000 0.5425 
0.3776 0.0764 0.2883 0.2578 
0.5812 0.0660 0.0008 0.3520 
0.2143 0.0137 0.6213 0.1506 
0.1841 0.2050 0.2413 0.3696 
0.2635 0.1533 0.1605 0.4226 

MOTIF filter6 
letter-probability matrix: alength= 4 w= 13 nsites= 13 
0.1053 0.4105 0.2337 0.2505 
0.3242 0.2737 0.2989 0.1032 
0.2463 0.3074 0.3516 0.0947 
0.0000 0.4505 0.0000 0.5495 
0.0000 0.5979 0.4021 0.0000 
1.0000 0.0000 0.0000 0.0000 
0.1663 0.0000 0.0000 0.8337 
0.0000 0.0000 0.0000 1.0000 
0.0000 0.1032 0.8968 0.0000 
0.2063 0.0000 0.7937 0.0000 
0.0611 0.3853 0.0716 0.4821 
0.0632 0.3305 0.2821 0.3242 
0.2274 0.3579 0.3263 0.0884 

MOTIF filter7 
letter-probability matrix: alength= 4 w= 14 nsites= 14 
0.2277 0.0955 0.4136 0.2631 
0.1662 0.4516 0.2173 0.1649 
0.3089 0.3194 0.2304 0.1414 
0.1387 0.0510 0.6243 0.1859 
0.0406 0.9162 0.0196 0.0236 
0.4202 0.5798 0.0000 0.0000 
0.9791 0.0013 0.0196 0.0000 
0.2160 0.0275 0.2592 0.4974 
0.5118 0.2317 0.0288 0.2277 
0.0000 0.0275 0.0000 0.9725 
0.0013 0.0000 0.5733 0.4254 
0.0236 0.0445 0.9084 0.0236 
0.1872 0.6505 0.0484 0.1139 
0.1531 0.2042 0.3076 0.3351 

MOTIF filter8 
letter-probability matrix: alength= 4 w= 8 nsites= 8 
0.2653 0.1619 0.2472 0.3257 
0.4880 0.2187 0.0442 0.2491 
0.3897 0.1542 0.1541 0.3021 
0.5834 0.0002 0.2287 0.1877 
0.0000 0.9855 0.0145 0.0000 
0.4925 0.0363 0.0967 0.3745 
0.4293 0.0569 0.4162 0.0977 
0.2646 0.2842 0.0171 0.4341 

MOTIF filter9 
letter-probability matrix: alength= 4 w= 12 nsites= 12 
0.4448 0.1012 0.1985 0.2556 
0.3660 0.2934 0.1220 0.2185 
0.1691 0.1290 0.2525 0.4494 
0.0324 0.0124 0.0270 0.9282 
0.0023 0.5807 0.4170 0.0000 
0.1081 0.8919 0.0000 0.0000 
0.0000 0.0000 0.8317 0.1683 
0.0000 0.3552 0.6425 0.0023 
0.9807 0.0031 0.0008 0.0154 
0.5104 0.2324 0.1012 0.1560 
0.2054 0.1197 0.3637 0.3112 
0.1931 0.1737 0.0919 0.5413 

MOTIF filter10 
letter-probability matrix: alength= 4 w= 15 nsites= 15 
0.2396 0.2648 0.2560 0.2396 
0.2385 0.2538 0.2505 0.2571 
0.5121 0.1308 0.3396 0.0176 
0.0000 0.0000 0.0000 1.0000 
0.0000 0.0000 0.0462 0.9538 
0.3000 0.0000 0.6121 0.0879 
0.0066 0.9099 0.0011 0.0824 
0.0934 0.0000 0.9022 0.0044 
0.0956 0.6516 0.0000 0.2527 
0.9747 0.0253 0.0000 0.0000 
1.0000 0.0000 0.0000 0.0000 
0.0088 0.3516 0.1374 0.5022 
0.2681 0.2385 0.2791 0.2143 
0.2275 0.2220 0.2604 0.2901 
0.2571 0.2352 0.2560 0.2516 

MOTIF filter11 
letter-probability matrix: alength= 4 w= 15 nsites= 15 
0.2207 0.1489 0.0893 0.5411 
0.1273 0.1427 0.5349 0.1951 
0.2526 0.1869 0.2156 0.3450 
0.0010 0.9949 0.0000 0.0041 
0.0000 0.5031 0.0010 0.4959 
0.9949 0.0000 0.0041 0.0010 
0.0801 0.0021 0.0021 0.9158 
0.7331 0.0123 0.0000 0.2546 
0.2115 0.0123 0.0257 0.7505 
0.8778 0.0000 0.0000 0.1222 
0.0021 0.0021 0.0000 0.9959 
0.4743 0.0010 0.5246 0.0000 
0.0010 0.0000 0.9990 0.0000 
0.2895 0.2207 0.2187 0.2710 
0.2105 0.5175 0.1366 0.1355 

MOTIF filter12 
letter-probability matrix: alength= 4 w= 10 nsites= 10 
0.2121 0.2970 0.3354 0.1555 
0.2599 0.3517 0.2686 0.1199 
0.3422 0.0690 0.3092 0.2796 
0.0030 0.9954 0.0000 0.0015 
0.8126 0.0000 0.1821 0.0053 
0.0030 0.9943 0.0000 0.0027 
0.0000 0.0000 0.9791 0.0209 
0.2769 0.1533 0.1074 0.4624 
0.1294 0.0630 0.5099 0.2978 
0.1131 0.2777 0.2659 0.3433 

MOTIF filter13 
letter-probability matrix: alength= 4 w= 11 nsites= 11 
0.2271 0.2925 0.2352 0.2452 
0.0250 0.2533 0.3287 0.3930 
0.3502 0.0007 0.4097 0.2394 
0.4150 0.0000 0.4855 0.0995 
0.0000 0.9658 0.0000 0.0342 
0.0258 0.0000 0.9742 0.0000 
0.0378 0.4150 0.0000 0.5472 
0.3097 0.5057 0.0000 0.1845 
0.2103 0.3150 0.2462 0.2285 
0.2305 0.2284 0.2461 0.2950 
0.1961 0.3209 0.2367 0.2462 

MOTIF filter14 
letter-probability matrix: alength= 4 w= 14 nsites= 14 
0.1435 0.3187 0.2814 0.2564 
0.1832 0.3675 0.2631 0.1862 
0.3980 0.0971 0.3162 0.1886 
0.0611 0.6038 0.0873 0.2479 
0.0122 0.0073 0.0110 0.9695 
0.0885 0.0214 0.0079 0.8822 
0.0079 0.9664 0.0159 0.0098 
0.0238 0.9078 0.0116 0.0568 
0.0934 0.0989 0.7082 0.0995 
0.0812 0.0580 0.8199 0.0409 
0.1636 0.1074 0.5617 0.1673 
0.6490 0.1007 0.1172 0.1331 
0.5977 0.1233 0.1557 0.1233 
0.3333 0.2076 0.2295 0.2295 

MOTIF filter15 
letter-probability matrix: alength= 4 w= 10 nsites= 10 
0.2155 0.2549 0.4243 0.1053 
0.2105 0.2500 0.2993 0.2401 
0.1678 0.3750 0.1595 0.2977 
0.0000 0.7664 0.0592 0.1743 
0.1003 0.0000 0.8980 0.0016 
0.2928 0.0855 0.0855 0.5362 
0.0099 0.0312 0.0099 0.9490 
0.0016 0.9967 0.0016 0.0000 
0.0000 0.7089 0.1793 0.1118 
0.9079 0.0132 0.0707 0.0082 

MOTIF filter16 
letter-probability matrix: alength= 4 w= 15 nsites= 15 
0.2901 0.2284 0.2778 0.2037 
0.4630 0.1296 0.3272 0.0802 
0.1975 0.1667 0.3210 0.3148 
0.0988 0.6728 0.0926 0.1358 
0.0000 0.0000 0.0000 1.0000 
0.4136 0.4630 0.0000 0.1235 
0.0617 0.0000 0.0062 0.9321 
0.9568 0.0000 0.0123 0.0309 
0.4877 0.0000 0.0062 0.5062 
0.2222 0.0000 0.0000 0.7778 
0.0556 0.0000 0.0000 0.9444 
0.8765 0.0062 0.0000 0.1173 
0.1235 0.0000 0.2901 0.5864 
0.9506 0.0370 0.0000 0.0123 
0.1296 0.0432 0.7099 0.1173 

MOTIF filter17 
letter-probability matrix: alength= 4 w= 14 nsites= 14 
0.1856 0.1267 0.4850 0.2026 
0.2176 0.4910 0.1387 0.1527 
0.2355 0.4361 0.2375 0.0908 
0.5040 0.0000 0.4701 0.0259 
0.3932 0.6018 0.0050 0.0000 
0.2116 0.4651 0.3234 0.0000 
1.0000 0.0000 0.0000 0.0000 
0.0000 0.0000 0.0000 1.0000 
0.0000 0.2146 0.6597 0.1257 
0.0000 0.0060 0.6098 0.3842 
0.0230 0.4990 0.0000 0.4780 
0.0699 0.2206 0.4501 0.2595 
0.1597 0.1198 0.5259 0.1946 
0.1667 0.5369 0.0898 0.2066 

MOTIF filter18 
letter-probability matrix: alength= 4 w= 14 nsites= 14 
0.1790 0.3018 0.2685 0.2506 
0.1995 0.3043 0.3350 0.1611 
0.3606 0.0639 0.4246 0.1509 
0.0460 0.3402 0.5575 0.0563 
0.1458 0.4936 0.2199 0.1407 
0.0051 0.9693 0.0077 0.0179 
0.0000 0.0000 0.0409 0.9591 
0.1407 0.0000 0.0153 0.8440 
0.7749 0.1893 0.0000 0.0358 
0.4757 0.3453 0.1765 0.0026 
0.0921 0.1893 0.3734 0.3453 
0.0153 0.2379 0.5678 0.1790 
0.7033 0.2276 0.0000 0.0691 
0.0051 0.6189 0.1611 0.2148 

MOTIF filter19 
letter-probability matrix: alength= 4 w= 14 nsites= 14 
0.1104 0.2670 0.1621 0.4605 
0.0886 0.5722 0.2793 0.0599 
0.3106 0.0218 0.3297 0.3379 
0.0545 0.0954 0.8501 0.0000 
0.1144 0.5477 0.0000 0.3379 
0.0613 0.7384 0.0000 0.2003 
0.9210 0.0000 0.0123 0.0668 
0.2003 0.0000 0.7452 0.0545 
0.0014 0.5368 0.4346 0.0272 
0.5327 0.3065 0.0027 0.1580 
0.1076 0.2207 0.0450 0.6267 
0.2793 0.1253 0.3188 0.2766 
0.5654 0.0831 0.2221 0.1294 
0.2439 0.2262 0.0436 0.4864 

MOTIF filter20 
letter-probability matrix: alength= 4 w= 12 nsites= 12 
0.2357 0.2466 0.3593 0.1584 
0.1377 0.1366 0.3114 0.4143 
0.1404 0.5498 0.0463 0.2635 
0.4262 0.0000 0.5738 0.0000 
0.0321 0.0016 0.9662 0.0000 
0.1013 0.0000 0.0806 0.8182 
0.0000 0.8541 0.0098 0.1361 
0.0000 0.5934 0.0000 0.4066 
0.1884 0.2891 0.0000 0.5226 
0.1198 0.4230 0.0746 0.3827 
0.1394 0.3538 0.1034 0.4034 
0.2499 0.2167 0.2030 0.3304 

MOTIF filter21 
letter-probability matrix: alength= 4 w= 15 nsites= 15 
0.3340 0.2142 0.2502 0.2016 
0.2103 0.2648 0.2415 0.2833 
0.0993 0.1782 0.4888 0.2337 
0.0000 0.7653 0.0574 0.1772 
0.0019 0.6699 0.0000 0.3281 
0.0000 0.7877 0.2123 0.0000 
0.1149 0.8851 0.0000 0.0000 
0.1052 0.0146 0.4421 0.4382 
0.0000 0.9143 0.0000 0.0857 
0.0000 0.7575 0.2425 0.0000 
0.0000 0.6767 0.1363 0.1870 
0.0730 0.6923 0.0000 0.2347 
0.0214 0.6056 0.0798 0.2931 
0.2337 0.3174 0.2113 0.2376 
0.2707 0.2580 0.2425 0.2288 

MOTIF filter22 
letter-probability matrix: alength= 4 w= 9 nsites= 9 
0.2774 0.1054 0.2775 0.3398 
0.2148 0.3792 0.4048 0.0012 
0.2923 0.2047 0.0562 0.4468 
0.0000 0.8731 0.0779 0.0490 
0.1257 0.5915 0.1053 0.1775 
0.3092 0.1232 0.5676 0.0000 
0.0284 0.1127 0.6434 0.2155 
0.1193 0.2803 0.2458 0.3547 
0.0957 0.2225 0.1332 0.5486 

MOTIF filter23 
letter-probability matrix: alength= 4 w= 13 nsites= 13 
0.2893 0.2302 0.2113 0.2692 
0.2586 0.2574 0.2349 0.2491 
0.1499 0.1759 0.1606 0.5136 
0.0000 0.0000 0.0000 1.0000 
0.0000 0.0000 0.0000 1.0000 
0.0508 0.9492 0.0000 0.0000 
0.0047 0.7769 0.0000 0.2184 
0.2621 0.2397 0.2220 0.2763 
0.2432 0.0000 0.7509 0.0059 
0.0000 0.0000 0.9410 0.0590 
1.0000 0.0000 0.0000 0.0000 
1.0000 0.0000 0.0000 0.0000 
0.5183 0.1311 0.2043 0.1464 

MOTIF filter24 
letter-probability matrix: alength= 4 w= 11 nsites= 11 
0.5086 0.2148 0.1062 0.1704 
0.3449 0.1226 0.1048 0.4277 
0.2329 0.0000 0.3805 0.3866 
0.2944 0.6362 0.0118 0.0576 
0.4110 0.0030 0.0294 0.5567 
0.0000 0.0003 0.8069 0.1929 
0.1898 0.7956 0.0000 0.0145 
0.3613 0.0211 0.0011 0.6165 
0.1909 0.0307 0.5364 0.2420 
0.4140 0.3525 0.0000 0.2335 
0.3257 0.1981 0.0524 0.4239 

MOTIF filter25 
letter-probability matrix: alength= 4 w= 12 nsites= 12 
0.2992 0.2061 0.2778 0.2170 
0.3140 0.0767 0.3232 0.2861 
0.1645 0.2597 0.3554 0.2204 
0.4674 0.0005 0.4059 0.1262 
0.4008 0.5573 0.0090 0.0328 
0.3617 0.1893 0.4366 0.0124 
0.0013 0.3607 0.0459 0.5922 
0.0236 0.1699 0.3650 0.4415 
0.0188 0.4901 0.0000 0.4911 
0.2621 0.3709 0.3640 0.0030 
0.3185 0.2901 0.1674 0.2241 
0.2029 0.2329 0.2109 0.3534 

MOTIF filter26 
letter-probability matrix: alength= 4 w= 12 nsites= 12 
0.1583 0.3331 0.3420 0.1667 
0.1544 0.2749 0.2323 0.3383 
0.1503 0.3141 0.2841 0.2515 
0.0498 0.5537 0.3965 0.0000 
0.0173 0.9602 0.0225 0.0000 
0.0156 0.0070 0.9752 0.0022 
0.0003 0.5395 0.4602 0.0000 
0.3631 0.5445 0.0125 0.0799 
0.4802 0.2510 0.1836 0.0851 
0.0161 0.3370 0.6210 0.0259 
0.0938 0.3339 0.2184 0.3539 
0.2396 0.1569 0.4663 0.1372 

MOTIF filter27 
letter-probability matrix: alength= 4 w= 13 nsites= 13 
0.2968 0.3080 0.2076 0.1877 
0.3353 0.2587 0.2076 0.1984 
0.2247 0.4158 0.0749 0.2846 
0.0000 0.4351 0.5649 0.0000 
0.1510 0.0385 0.7634 0.0471 
0.7666 0.0131 0.1510 0.0693 
0.4810 0.0396 0.3215 0.1579 
0.0960 0.1172 0.4184 0.3684 
0.0521 0.1619 0.7425 0.0435 
0.0303 0.1238 0.7589 0.0870 
0.3794 0.3706 0.0009 0.2491 
0.1580 0.3359 0.2366 0.2694 
0.2345 0.3822 0.1024 0.2809 

MOTIF filter28 
letter-probability matrix: alength= 4 w= 10 nsites= 10 
0.2356 0.2263 0.2453 0.2927 
0.2320 0.2055 0.3527 0.2098 
0.3603 0.2759 0.3315 0.0323 
0.0000 0.0327 0.0223 0.9450 
0.0004 0.0338 0.9174 0.0485 
0.9228 0.0072 0.0424 0.0277 
0.0223 0.4652 0.4756 0.0370 
0.0305 0.0704 0.0352 0.8639 
0.0456 0.8793 0.0384 0.0366 
0.8833 0.0359 0.0374 0.0435 

MOTIF filter29 
letter-probability matrix: alength= 4 w= 13 nsites= 13 
0.2617 0.1855 0.3235 0.2293 
0.4386 0.1009 0.3026 0.1579 
0.1161 0.2388 0.3254 0.3197 
0.1579 0.6556 0.1637 0.0228 
0.0000 0.9096 0.0647 0.0257 
0.7755 0.1551 0.0000 0.0695 
0.2969 0.0067 0.6889 0.0076 
0.2207 0.0628 0.0000 0.7165 
0.0067 0.0780 0.7412 0.1741 
0.0266 0.0010 0.9724 0.0000 
0.1246 0.3387 0.3511 0.1855 
0.1075 0.4624 0.1694 0.2607 
0.2360 0.2578 0.0942 0.4120 

MOTIF filter30 
letter-probability matrix: alength= 4 w= 18 nsites= 18 
0.2168 0.2536 0.2382 0.2915 
0.2097 0.2808 0.2844 0.2251 
0.2855 0.2524 0.2168 0.2453 
0.1576 0.0664 0.0427 0.7334 
0.0379 0.0735 0.6540 0.2346 
0.4479 0.3614 0.0782 0.1126 
0.0047 0.9645 0.0237 0.0071 
0.0047 0.9917 0.0024 0.0012 
0.8720 0.0000 0.0107 0.1173 
0.0059 0.0770 0.0000 0.9171 
0.9491 0.0012 0.0498 0.0000 
0.0000 0.0296 0.0012 0.9692 
0.9242 0.0000 0.0746 0.0012 
0.1291 0.0249 0.0024 0.8436 
0.0012 0.0225 0.9656 0.0107 
0.0059 0.0047 0.9716 0.0178 
0.0936 0.0628 0.3863 0.4573 
0.2038 0.6682 0.0829 0.0450 

MOTIF filter31 
letter-probability matrix: alength= 4 w= 13 nsites= 13 
0.2344 0.2455 0.2589 0.2612 
0.2254 0.2277 0.2679 0.2790 
0.2299 0.2545 0.2812 0.2344 
0.2835 0.0625 0.5848 0.0692 
0.1406 0.0000 0.7522 0.1071 
0.1540 0.0000 0.8460 0.0000 
0.0000 0.0000 0.9933 0.0067 
0.0000 0.0000 0.9911 0.0089 
0.2612 0.5804 0.0000 0.1585 
0.0000 0.0022 0.9978 0.0000 
0.0022 0.0000 0.9978 0.0000 
0.1942 0.0000 0.8036 0.0022 
0.1987 0.0357 0.7656 0.0000 

