MEME version 4

ALPHABET= ACGT

Background letter frequencies:
A 0.2500 C 0.2500 G 0.2500 T 0.2500 

MOTIF filter0 
letter-probability matrix: alength= 4 w= 15 nsites= 15 
0.2404 0.2456 0.2366 0.2774 
0.2791 0.2323 0.2301 0.2585 
0.1480 0.2680 0.1708 0.4133 
0.0830 0.0310 0.0619 0.8241 
0.0400 0.0512 0.0882 0.8206 
0.1686 0.7699 0.0391 0.0224 
0.0465 0.6417 0.0486 0.2632 
0.2546 0.2877 0.2400 0.2176 
0.2292 0.0052 0.7454 0.0202 
0.0073 0.0159 0.8637 0.1131 
0.9277 0.0520 0.0095 0.0108 
0.9914 0.0052 0.0013 0.0022 
0.4292 0.1402 0.2989 0.1316 
0.2275 0.2525 0.2215 0.2985 
0.2576 0.2305 0.2766 0.2353 

MOTIF filter1 
letter-probability matrix: alength= 4 w= 20 nsites= 20 
0.0000 0.0000 0.0000 1.0000 
1.0000 0.0000 0.0000 0.0000 
0.0000 1.0000 0.0000 0.0000 
0.0000 0.0000 1.0000 0.0000 
0.0000 0.0000 0.0000 1.0000 
0.0000 0.0000 0.0000 1.0000 
1.0000 0.0000 0.0000 0.0000 
0.0000 0.0000 1.0000 0.0000 
0.0000 0.0000 0.0000 1.0000 
0.0000 1.0000 0.0000 0.0000 
1.0000 0.0000 0.0000 0.0000 
0.0000 0.0000 0.0000 1.0000 
1.0000 0.0000 0.0000 0.0000 
0.0000 0.0000 1.0000 0.0000 
1.0000 0.0000 0.0000 0.0000 
0.0000 0.0000 1.0000 0.0000 
0.0000 1.0000 0.0000 0.0000 
0.0000 0.0000 0.0000 1.0000 
1.0000 0.0000 0.0000 0.0000 
0.0000 0.0000 1.0000 0.0000 

MOTIF filter2 
letter-probability matrix: alength= 4 w= 14 nsites= 14 
0.1914 0.2504 0.3331 0.2251 
0.3093 0.2481 0.3059 0.1368 
0.3285 0.1209 0.3370 0.2135 
0.0731 0.8210 0.0824 0.0235 
0.0000 0.8788 0.0003 0.1209 
0.3869 0.1917 0.3503 0.0711 
0.7593 0.0139 0.1883 0.0385 
0.0388 0.2713 0.0484 0.6415 
0.0445 0.5395 0.2025 0.2135 
0.1580 0.0028 0.8391 0.0000 
0.0371 0.0980 0.8151 0.0498 
0.2960 0.2750 0.1762 0.2529 
0.1875 0.3180 0.2158 0.2787 
0.2192 0.3229 0.2342 0.2237 

MOTIF filter3 
letter-probability matrix: alength= 4 w= 13 nsites= 13 
0.2439 0.2393 0.2598 0.2570 
0.2263 0.1704 0.3883 0.2151 
0.4004 0.2384 0.3547 0.0065 
0.0000 0.0000 0.0000 1.0000 
0.0000 0.0000 0.9860 0.0140 
1.0000 0.0000 0.0000 0.0000 
0.0009 0.4991 0.4991 0.0009 
0.0000 0.0000 0.0009 0.9991 
0.0009 0.9991 0.0000 0.0000 
0.9227 0.0708 0.0000 0.0065 
0.0009 0.3287 0.2896 0.3808 
0.2114 0.3557 0.2039 0.2291 
0.2542 0.2244 0.2663 0.2551 

MOTIF filter4 
letter-probability matrix: alength= 4 w= 15 nsites= 15 
0.2192 0.3171 0.2293 0.2344 
0.3302 0.1459 0.3897 0.1343 
0.2612 0.1379 0.4303 0.1705 
0.0610 0.7097 0.0835 0.1459 
0.0123 0.9216 0.0356 0.0305 
0.8142 0.0058 0.0000 0.1800 
0.3803 0.0639 0.2424 0.3135 
0.4514 0.1255 0.1669 0.2562 
0.1749 0.1473 0.0885 0.5893 
0.0943 0.0000 0.0000 0.9057 
0.0269 0.0914 0.8382 0.0435 
0.0798 0.0370 0.8113 0.0718 
0.0682 0.4688 0.1560 0.3070 
0.0392 0.4441 0.1684 0.3483 
0.1763 0.2896 0.3868 0.1473 

MOTIF filter5 
letter-probability matrix: alength= 4 w= 14 nsites= 14 
0.2549 0.2580 0.2424 0.2448 
0.2026 0.4119 0.2333 0.1522 
0.4865 0.0878 0.3484 0.0774 
0.0734 0.0772 0.0984 0.7510 
0.0855 0.0036 0.8858 0.0250 
0.4741 0.0234 0.1759 0.3265 
0.0094 0.3005 0.6508 0.0394 
0.2507 0.0595 0.3735 0.3163 
0.0392 0.8973 0.0012 0.0623 
0.4780 0.2819 0.0831 0.1570 
0.1624 0.5659 0.0026 0.2691 
0.3310 0.2186 0.2281 0.2222 
0.2061 0.3560 0.1737 0.2642 
0.1591 0.2778 0.3806 0.1825 

MOTIF filter6 
letter-probability matrix: alength= 4 w= 12 nsites= 12 
0.4434 0.1006 0.2026 0.2534 
0.3828 0.2280 0.0972 0.2920 
0.2456 0.2158 0.3364 0.2021 
0.0273 0.0034 0.0068 0.9624 
0.0015 0.5542 0.4443 0.0000 
0.2485 0.7515 0.0000 0.0000 
0.0000 0.0000 0.5718 0.4282 
0.0000 0.2705 0.7285 0.0010 
0.9678 0.0112 0.0010 0.0200 
0.1963 0.3696 0.2241 0.2100 
0.2388 0.1089 0.2080 0.4443 
0.2114 0.2739 0.0698 0.4448 

MOTIF filter7 
letter-probability matrix: alength= 4 w= 14 nsites= 14 
0.1439 0.1240 0.3766 0.3556 
0.3991 0.2507 0.2898 0.0604 
0.2354 0.0773 0.2043 0.4830 
0.6759 0.0309 0.2785 0.0148 
0.3800 0.0193 0.3300 0.2707 
0.4620 0.0090 0.3325 0.1965 
0.1271 0.0564 0.1128 0.7036 
0.2253 0.0003 0.7491 0.0252 
0.0038 0.0007 0.9115 0.0840 
0.3394 0.1852 0.4168 0.0585 
0.1003 0.1240 0.7146 0.0611 
0.2970 0.2688 0.2816 0.1526 
0.2979 0.2547 0.2767 0.1707 
0.3035 0.2038 0.2342 0.2585 

MOTIF filter8 
letter-probability matrix: alength= 4 w= 14 nsites= 14 
0.1766 0.1624 0.4389 0.2222 
0.2222 0.3859 0.1422 0.2497 
0.0162 0.4335 0.3817 0.1686 
0.5217 0.0928 0.3746 0.0109 
0.4836 0.3520 0.0897 0.0747 
0.0153 0.8327 0.1520 0.0000 
0.6161 0.1077 0.1901 0.0862 
0.0135 0.3232 0.0875 0.5758 
0.0002 0.1225 0.8607 0.0166 
0.1061 0.0215 0.5691 0.3033 
0.0481 0.6081 0.0802 0.2636 
0.2049 0.2481 0.3370 0.2100 
0.2607 0.1808 0.2703 0.2882 
0.2390 0.4519 0.0937 0.2153 

MOTIF filter9 
letter-probability matrix: alength= 4 w= 14 nsites= 14 
0.0803 0.2166 0.4550 0.2480 
0.3533 0.3144 0.2371 0.0952 
0.2450 0.4751 0.2397 0.0402 
0.0009 0.9236 0.0585 0.0170 
0.2843 0.3480 0.1620 0.2057 
0.3389 0.1026 0.1485 0.4100 
0.8987 0.0271 0.0742 0.0000 
0.0000 0.0926 0.0205 0.8869 
0.2991 0.6467 0.0201 0.0341 
0.4231 0.0742 0.1808 0.3218 
0.0022 0.0262 0.9716 0.0000 
0.0603 0.4127 0.4039 0.1231 
0.2227 0.1603 0.2245 0.3926 
0.2489 0.4668 0.1271 0.1572 

MOTIF filter10 
letter-probability matrix: alength= 4 w= 13 nsites= 13 
0.1191 0.4262 0.2690 0.1857 
0.1219 0.5761 0.1875 0.1145 
0.5286 0.0842 0.2341 0.1531 
0.0256 0.6166 0.0805 0.2773 
0.3806 0.2010 0.1573 0.2611 
0.1163 0.0638 0.1005 0.7194 
0.2955 0.6217 0.0791 0.0037 
0.0414 0.7827 0.0126 0.1633 
0.0205 0.0005 0.9763 0.0028 
0.0005 0.0163 0.9660 0.0172 
0.3304 0.0740 0.1461 0.4495 
0.4197 0.2559 0.1438 0.1805 
0.2345 0.1280 0.4928 0.1447 

MOTIF filter11 
letter-probability matrix: alength= 4 w= 13 nsites= 13 
0.2559 0.2438 0.2492 0.2511 
0.2567 0.1575 0.2849 0.3009 
0.2611 0.0011 0.4631 0.2747 
0.1494 0.7528 0.0922 0.0057 
0.3437 0.0995 0.1151 0.4417 
0.0084 0.0151 0.0618 0.9148 
0.5144 0.0212 0.2039 0.2605 
0.1530 0.5843 0.1488 0.1138 
0.0526 0.6844 0.1916 0.0713 
0.0211 0.5796 0.1348 0.2645 
0.4625 0.1548 0.2080 0.1747 
0.3058 0.1981 0.3688 0.1273 
0.3076 0.3402 0.1749 0.1773 

MOTIF filter12 
letter-probability matrix: alength= 4 w= 14 nsites= 14 
0.1923 0.1307 0.3361 0.3408 
0.2614 0.1895 0.1709 0.3782 
0.2185 0.1298 0.2484 0.4034 
0.1167 0.5780 0.0224 0.2829 
0.0635 0.7582 0.0345 0.1438 
0.0009 0.9281 0.0009 0.0700 
0.0766 0.3371 0.5724 0.0140 
0.0121 0.1597 0.8273 0.0009 
0.1961 0.0000 0.7843 0.0196 
0.6331 0.0149 0.2558 0.0962 
0.5789 0.0019 0.3903 0.0289 
0.3128 0.1662 0.0448 0.4762 
0.1662 0.2624 0.5042 0.0672 
0.2624 0.2409 0.0000 0.4967 

MOTIF filter13 
letter-probability matrix: alength= 4 w= 11 nsites= 11 
0.1510 0.1582 0.3986 0.2922 
0.1022 0.2471 0.4853 0.1655 
0.2286 0.5166 0.0746 0.1802 
0.1087 0.6373 0.1844 0.0697 
0.5239 0.0188 0.0049 0.4524 
0.0095 0.8928 0.0660 0.0317 
0.5050 0.0000 0.1537 0.3413 
0.0385 0.4328 0.5287 0.0000 
0.1424 0.1468 0.3499 0.3610 
0.3378 0.1289 0.2753 0.2581 
0.2687 0.2320 0.1662 0.3330 

MOTIF filter14 
letter-probability matrix: alength= 4 w= 10 nsites= 10 
0.2534 0.2232 0.2554 0.2680 
0.2176 0.3032 0.2333 0.2459 
0.1315 0.2305 0.2851 0.3529 
0.0534 0.4501 0.4965 0.0000 
0.1480 0.0145 0.6781 0.1595 
0.7199 0.2795 0.0005 0.0000 
0.0004 0.5176 0.4821 0.0000 
0.0000 0.3952 0.3550 0.2497 
0.1647 0.2710 0.2211 0.3432 
0.0438 0.4204 0.3024 0.2334 

MOTIF filter15 
letter-probability matrix: alength= 4 w= 11 nsites= 11 
0.2875 0.3579 0.1972 0.1574 
0.2353 0.3811 0.2825 0.1011 
0.0240 0.4623 0.1292 0.3844 
0.0804 0.0025 0.9171 0.0000 
0.0000 0.1268 0.0008 0.8724 
0.8194 0.0920 0.0878 0.0008 
0.0000 0.9321 0.0000 0.0679 
0.2370 0.0017 0.7614 0.0000 
0.0787 0.1864 0.2386 0.4963 
0.0630 0.1922 0.5559 0.1889 
0.1019 0.3670 0.2759 0.2552 

MOTIF filter16 
letter-probability matrix: alength= 4 w= 16 nsites= 16 
0.2591 0.2335 0.2591 0.2483 
0.2467 0.2137 0.2739 0.2657 
0.1345 0.0512 0.3762 0.4381 
0.0668 0.7855 0.0553 0.0924 
0.0017 0.0041 0.0116 0.9827 
0.8012 0.0058 0.1922 0.0008 
0.3837 0.0074 0.1848 0.4241 
0.3391 0.2500 0.0479 0.3630 
0.4868 0.0578 0.0198 0.4356 
0.3762 0.4736 0.0000 0.1502 
0.0000 0.1592 0.0033 0.8375 
0.9876 0.0074 0.0050 0.0000 
0.1271 0.0561 0.7607 0.0561 
0.4249 0.4018 0.0883 0.0850 
0.2706 0.2327 0.2517 0.2450 
0.2772 0.2228 0.2789 0.2211 

MOTIF filter17 
letter-probability matrix: alength= 4 w= 20 nsites= 20 
0.2500 0.2500 0.2500 0.2500 
0.2500 0.2500 0.2500 0.2500 
0.2500 0.2500 0.2500 0.2500 
0.2500 0.2500 0.2500 0.2500 
0.2500 0.2500 0.2500 0.2500 
0.2500 0.2500 0.2500 0.2500 
0.2500 0.2500 0.2500 0.2500 
0.2500 0.2500 0.2500 0.2500 
0.2500 0.2500 0.2500 0.2500 
0.2500 0.2500 0.2500 0.2500 
0.2500 0.2500 0.2500 0.2500 
0.2500 0.2500 0.2500 0.2500 
0.2500 0.2500 0.2500 0.2500 
0.2500 0.2500 0.2500 0.2500 
0.2500 0.2500 0.2500 0.2500 
0.2500 0.2500 0.2500 0.2500 
0.2500 0.2500 0.2500 0.2500 
0.2500 0.2500 0.2500 0.2500 
0.2500 0.2500 0.2500 0.2500 
0.2500 0.2500 0.2500 0.2500 

MOTIF filter18 
letter-probability matrix: alength= 4 w= 15 nsites= 15 
0.3307 0.2327 0.1955 0.2411 
0.1287 0.2936 0.1695 0.4081 
0.1693 0.2193 0.4619 0.1494 
0.5059 0.0647 0.3891 0.0404 
0.1681 0.2168 0.3370 0.2781 
0.0126 0.1195 0.0057 0.8623 
0.0063 0.7899 0.0921 0.1118 
0.6913 0.0000 0.3087 0.0000 
0.2694 0.3106 0.3351 0.0850 
0.0006 0.4414 0.0006 0.5573 
0.3564 0.1582 0.4705 0.0149 
0.6892 0.0352 0.1145 0.1612 
0.2798 0.1781 0.2013 0.3407 
0.2470 0.1572 0.1815 0.4144 
0.2110 0.2679 0.1262 0.3949 

MOTIF filter19 
letter-probability matrix: alength= 4 w= 9 nsites= 9 
0.1433 0.3055 0.1971 0.3541 
0.2641 0.0000 0.4723 0.2636 
0.1624 0.4034 0.4069 0.0272 
0.3699 0.0000 0.6124 0.0177 
0.0021 0.7907 0.0187 0.1885 
0.0781 0.7787 0.0130 0.1303 
0.2377 0.4763 0.0196 0.2664 
0.2075 0.4281 0.0478 0.3166 
0.1999 0.3694 0.1502 0.2806 

MOTIF filter20 
letter-probability matrix: alength= 4 w= 14 nsites= 14 
0.2442 0.2523 0.2429 0.2606 
0.0938 0.1711 0.4776 0.2576 
0.0796 0.5071 0.2011 0.2122 
0.0040 0.7941 0.0234 0.1784 
0.0005 0.7795 0.0071 0.2130 
0.3732 0.5426 0.0174 0.0668 
0.1290 0.0733 0.1283 0.6694 
0.1956 0.6371 0.0134 0.1540 
0.0199 0.7102 0.0015 0.2684 
0.2931 0.3982 0.0000 0.3087 
0.1247 0.4007 0.0066 0.4680 
0.2109 0.4325 0.1114 0.2452 
0.1651 0.1689 0.3248 0.3412 
0.2666 0.1966 0.1127 0.4241 

MOTIF filter21 
letter-probability matrix: alength= 4 w= 12 nsites= 12 
0.2334 0.2195 0.3235 0.2236 
0.1363 0.2704 0.2657 0.3276 
0.1490 0.5488 0.1941 0.1080 
0.6499 0.0272 0.2779 0.0451 
0.0075 0.7140 0.2785 0.0000 
0.0006 0.0000 0.0000 0.9994 
0.4858 0.0000 0.0000 0.5142 
0.0000 1.0000 0.0000 0.0000 
0.0757 0.7100 0.1340 0.0803 
0.0786 0.1548 0.5771 0.1895 
0.2155 0.3304 0.3495 0.1046 
0.1594 0.4102 0.2369 0.1935 

MOTIF filter22 
letter-probability matrix: alength= 4 w= 12 nsites= 12 
0.3331 0.2758 0.2436 0.1475 
0.1505 0.2914 0.2342 0.3239 
0.1295 0.3269 0.3024 0.2412 
0.0045 0.2780 0.7058 0.0117 
0.3646 0.0000 0.5651 0.0703 
0.1353 0.0415 0.6085 0.2147 
0.5262 0.0000 0.0001 0.4737 
0.5526 0.1316 0.0000 0.3158 
0.0000 0.7645 0.2351 0.0004 
0.3184 0.3843 0.0026 0.2947 
0.2184 0.2699 0.3547 0.1569 
0.2097 0.2875 0.2450 0.2578 

MOTIF filter23 
letter-probability matrix: alength= 4 w= 14 nsites= 14 
0.2355 0.2701 0.2660 0.2284 
0.2508 0.2680 0.2477 0.2335 
0.4893 0.1401 0.3533 0.0173 
0.0000 0.0000 0.0000 1.0000 
0.0000 0.0000 0.0579 0.9421 
0.3025 0.0000 0.6193 0.0782 
0.0051 0.8964 0.0020 0.0964 
0.0985 0.0010 0.8904 0.0102 
0.0873 0.6650 0.0000 0.2477 
0.9411 0.0589 0.0000 0.0000 
1.0000 0.0000 0.0000 0.0000 
0.0112 0.3482 0.1462 0.4944 
0.2670 0.2538 0.2731 0.2061 
0.2437 0.2213 0.2579 0.2772 

MOTIF filter24 
letter-probability matrix: alength= 4 w= 12 nsites= 12 
0.1162 0.4744 0.2035 0.2059 
0.1065 0.4399 0.2867 0.1669 
0.1400 0.2703 0.5308 0.0589 
0.0566 0.4680 0.4731 0.0023 
0.0223 0.2335 0.7104 0.0338 
0.0005 0.5121 0.4490 0.0384 
0.0233 0.8899 0.0758 0.0110 
0.0003 0.4304 0.4859 0.0834 
0.0245 0.3485 0.5858 0.0412 
0.2742 0.2100 0.4332 0.0825 
0.3065 0.1853 0.3951 0.1131 
0.1132 0.3074 0.4352 0.1442 

MOTIF filter25 
letter-probability matrix: alength= 4 w= 15 nsites= 15 
0.0755 0.3145 0.0566 0.5535 
0.0755 0.4717 0.2075 0.2453 
0.2327 0.1384 0.5535 0.0755 
0.2390 0.0943 0.6541 0.0126 
0.0000 0.6918 0.0000 0.3082 
0.0000 0.4654 0.5346 0.0000 
1.0000 0.0000 0.0000 0.0000 
0.4969 0.0566 0.0000 0.4465 
0.0000 0.0000 0.0000 1.0000 
0.0000 0.4465 0.5535 0.0000 
0.3333 0.0000 0.6667 0.0000 
0.0252 0.4843 0.0566 0.4340 
0.0503 0.3208 0.3396 0.2893 
0.3019 0.3585 0.2327 0.1069 
0.4277 0.1258 0.3774 0.0692 

MOTIF filter26 
letter-probability matrix: alength= 4 w= 17 nsites= 17 
0.1277 0.0982 0.5214 0.2526 
0.3081 0.4133 0.0835 0.1951 
0.0337 0.5375 0.1172 0.3116 
0.2316 0.7074 0.0035 0.0575 
0.3172 0.0014 0.0014 0.6800 
0.2842 0.0000 0.0000 0.7158 
0.6344 0.0000 0.0007 0.3649 
0.3825 0.0007 0.0021 0.6147 
0.8730 0.0000 0.0049 0.1221 
0.6028 0.0035 0.0007 0.3930 
0.0477 0.0028 0.5095 0.4400 
0.4575 0.0491 0.4891 0.0042 
0.1460 0.0498 0.6288 0.1754 
0.2800 0.5944 0.0702 0.0554 
0.5116 0.1214 0.1453 0.2218 
0.2246 0.2554 0.2919 0.2281 
0.2077 0.3284 0.2618 0.2021 

MOTIF filter27 
letter-probability matrix: alength= 4 w= 13 nsites= 13 
0.2409 0.2046 0.2311 0.3235 
0.5395 0.0521 0.2539 0.1545 
0.1355 0.1091 0.1479 0.6076 
0.1056 0.0002 0.6211 0.2730 
0.7508 0.0000 0.2429 0.0064 
0.2236 0.1932 0.1391 0.4441 
0.0256 0.2583 0.0117 0.7044 
0.4659 0.1914 0.0514 0.2913 
0.5782 0.1478 0.2370 0.0369 
0.1415 0.2702 0.0054 0.5828 
0.3493 0.3332 0.0606 0.2569 
0.1494 0.3626 0.3232 0.1648 
0.1662 0.4569 0.1856 0.1913 

MOTIF filter28 
letter-probability matrix: alength= 4 w= 13 nsites= 13 
0.2504 0.2509 0.2579 0.2409 
0.2933 0.2020 0.2554 0.2494 
0.4544 0.0000 0.3347 0.2110 
0.1661 0.4095 0.0000 0.4244 
0.5471 0.0000 0.3496 0.1032 
0.0000 0.0000 1.0000 0.0000 
0.0000 0.0135 0.0000 0.9865 
0.1810 0.5192 0.2873 0.0125 
0.0070 0.7830 0.0005 0.2095 
0.1781 0.0279 0.6698 0.1242 
0.2239 0.3696 0.2713 0.1352 
0.2838 0.2713 0.2833 0.1616 
0.2514 0.2743 0.2628 0.2115 

MOTIF filter29 
letter-probability matrix: alength= 4 w= 18 nsites= 18 
0.1901 0.0739 0.5185 0.2175 
0.1679 0.4731 0.2270 0.1320 
0.3126 0.2672 0.2471 0.1732 
0.1404 0.0338 0.6885 0.1373 
0.1225 0.6769 0.1753 0.0253 
0.5153 0.4361 0.0465 0.0021 
0.9050 0.0190 0.0539 0.0222 
0.1563 0.1954 0.2302 0.4182 
0.2154 0.4446 0.2038 0.1362 
0.0000 0.4076 0.0000 0.5924 
0.0000 0.0095 0.6463 0.3442 
0.0211 0.0539 0.9007 0.0243 
0.2587 0.6367 0.0211 0.0834 
0.3759 0.1320 0.2566 0.2355 
0.1003 0.1162 0.6790 0.1045 
0.1436 0.4583 0.0644 0.3337 
0.2017 0.2196 0.3854 0.1932 
0.2091 0.3083 0.3115 0.1711 

MOTIF filter30 
letter-probability matrix: alength= 4 w= 16 nsites= 16 
0.2489 0.2532 0.2523 0.2455 
0.2831 0.3707 0.2282 0.1180 
0.1122 0.0279 0.5787 0.2812 
0.0400 0.7882 0.0149 0.1570 
0.0775 0.2634 0.0871 0.5720 
0.7790 0.0000 0.2195 0.0014 
0.2147 0.0260 0.1064 0.6529 
0.2388 0.0626 0.0289 0.6697 
0.0323 0.4242 0.0799 0.4636 
0.1387 0.2022 0.2576 0.4015 
0.0173 0.2773 0.3438 0.3616 
0.6351 0.2826 0.0313 0.0510 
0.2725 0.0636 0.6009 0.0631 
0.6230 0.1613 0.0843 0.1314 
0.4068 0.2046 0.0713 0.3173 
0.2826 0.1237 0.0852 0.5084 

MOTIF filter31 
letter-probability matrix: alength= 4 w= 11 nsites= 11 
0.2773 0.2853 0.2539 0.1836 
0.0827 0.0660 0.3146 0.5367 
0.1670 0.2960 0.4602 0.0768 
0.8901 0.0000 0.1099 0.0000 
0.3004 0.4422 0.2573 0.0000 
0.2806 0.1979 0.0704 0.4512 
0.0000 0.3589 0.4240 0.2170 
0.0000 0.2754 0.0001 0.7245 
0.2718 0.2756 0.2653 0.1873 
0.2201 0.2532 0.2134 0.3133 
0.2189 0.3113 0.1580 0.3118 

