MEME version 4

ALPHABET= ACGT

Background letter frequencies:
A 0.2500 C 0.2500 G 0.2500 T 0.2500 

MOTIF filter0 
letter-probability matrix: alength= 4 w= 17 nsites= 17 
0.2042 0.1340 0.4968 0.1650 
0.2002 0.4701 0.1684 0.1613 
0.2218 0.2718 0.2334 0.2730 
0.1512 0.0407 0.6643 0.1438 
0.0944 0.4835 0.3156 0.1065 
0.1365 0.6075 0.1814 0.0746 
0.7197 0.0000 0.2713 0.0090 
0.3378 0.0000 0.4208 0.2414 
0.0604 0.4607 0.3825 0.0963 
0.3751 0.2298 0.0103 0.3848 
0.0021 0.3885 0.0011 0.6083 
0.0839 0.4653 0.3584 0.0923 
0.1491 0.2604 0.4311 0.1594 
0.0914 0.7486 0.0237 0.1363 
0.2133 0.2053 0.3032 0.2781 
0.1916 0.2005 0.3907 0.2172 
0.1764 0.4089 0.1931 0.2216 

MOTIF filter1 
letter-probability matrix: alength= 4 w= 15 nsites= 15 
0.2804 0.2136 0.2053 0.3007 
0.1808 0.1850 0.2959 0.3383 
0.0984 0.5036 0.0650 0.3329 
0.0000 0.0000 0.0000 1.0000 
0.4887 0.0000 0.0036 0.5078 
0.1396 0.6456 0.0000 0.2148 
0.2148 0.5000 0.0000 0.2852 
0.4045 0.1056 0.1539 0.3359 
0.5412 0.0000 0.3502 0.1086 
0.0000 0.0000 0.4982 0.5018 
0.9994 0.0006 0.0000 0.0000 
0.5686 0.0000 0.4260 0.0054 
0.5316 0.2888 0.0489 0.1307 
0.2309 0.2631 0.3001 0.2058 
0.2625 0.2691 0.2220 0.2464 

MOTIF filter2 
letter-probability matrix: alength= 4 w= 17 nsites= 17 
0.3015 0.1957 0.2423 0.2605 
0.4994 0.1172 0.1240 0.2594 
0.3493 0.0375 0.0228 0.5904 
0.1661 0.1422 0.3754 0.3163 
0.1741 0.1251 0.0046 0.6962 
0.0011 0.3868 0.6121 0.0000 
0.0216 0.9693 0.0057 0.0034 
0.2355 0.0250 0.0046 0.7349 
0.0011 0.0023 0.5358 0.4608 
0.9818 0.0011 0.0171 0.0000 
0.0080 0.2150 0.1445 0.6325 
0.5552 0.1206 0.0353 0.2890 
0.1604 0.0853 0.1684 0.5859 
0.1388 0.0478 0.7167 0.0967 
0.1399 0.0785 0.6098 0.1718 
0.1854 0.1593 0.3356 0.3197 
0.2400 0.3936 0.2059 0.1604 

MOTIF filter3 
letter-probability matrix: alength= 4 w= 13 nsites= 13 
0.2382 0.1603 0.3161 0.2854 
0.2651 0.0783 0.2539 0.4026 
0.0281 0.4050 0.1043 0.4626 
0.0083 0.1978 0.1557 0.6382 
0.1405 0.8192 0.0402 0.0000 
0.0324 0.3241 0.4712 0.1723 
0.5150 0.2160 0.2643 0.0047 
0.0342 0.3715 0.5901 0.0042 
0.0554 0.3079 0.4572 0.1795 
0.6494 0.0507 0.2101 0.0898 
0.4045 0.1941 0.3604 0.0411 
0.5294 0.1522 0.0693 0.2491 
0.1555 0.3990 0.1853 0.2601 

MOTIF filter4 
letter-probability matrix: alength= 4 w= 16 nsites= 16 
0.3299 0.0825 0.5361 0.0515 
0.4227 0.2474 0.1649 0.1649 
0.3918 0.0206 0.3814 0.2062 
0.0515 0.8041 0.1031 0.0412 
0.0103 0.8041 0.0412 0.1443 
0.0515 0.1031 0.1959 0.6495 
0.3299 0.0000 0.1753 0.4948 
0.1443 0.0000 0.0000 0.8557 
0.0000 0.9794 0.0206 0.0000 
0.6082 0.0000 0.0000 0.3918 
0.5567 0.3608 0.0722 0.0103 
0.8144 0.0206 0.1031 0.0619 
0.7423 0.0309 0.2268 0.0000 
0.2990 0.3299 0.0000 0.3711 
0.1443 0.1753 0.2371 0.4433 
0.2577 0.1959 0.3814 0.1649 

MOTIF filter5 
letter-probability matrix: alength= 4 w= 16 nsites= 16 
0.1494 0.3182 0.1580 0.3745 
0.2128 0.2453 0.4459 0.0960 
0.2092 0.0895 0.4177 0.2835 
0.0000 0.9957 0.0000 0.0043 
0.0000 0.6046 0.0000 0.3954 
0.9986 0.0014 0.0000 0.0000 
0.0635 0.0000 0.0007 0.9358 
0.4545 0.1154 0.0274 0.4026 
0.1342 0.0310 0.0072 0.8276 
0.6328 0.0043 0.0000 0.3629 
0.0433 0.0289 0.1313 0.7965 
0.5303 0.0620 0.3709 0.0368 
0.0671 0.0289 0.8131 0.0909 
0.2749 0.2569 0.1789 0.2893 
0.2417 0.3947 0.1732 0.1905 
0.3983 0.1746 0.1861 0.2410 

MOTIF filter6 
letter-probability matrix: alength= 4 w= 15 nsites= 15 
0.2785 0.2140 0.2538 0.2538 
0.2908 0.2058 0.2469 0.2565 
0.1495 0.2030 0.1920 0.4554 
0.0741 0.0398 0.0727 0.8134 
0.0549 0.0562 0.1303 0.7586 
0.1001 0.7929 0.0892 0.0178 
0.0027 0.8560 0.0480 0.0933 
0.1578 0.5542 0.1303 0.1578 
0.0796 0.0000 0.9191 0.0014 
0.0000 0.0000 0.9945 0.0055 
1.0000 0.0000 0.0000 0.0000 
1.0000 0.0000 0.0000 0.0000 
0.3471 0.0521 0.5569 0.0439 
0.1221 0.3045 0.1248 0.4486 
0.2112 0.2044 0.4294 0.1550 

MOTIF filter7 
letter-probability matrix: alength= 4 w= 12 nsites= 12 
0.3049 0.2683 0.2145 0.2122 
0.2578 0.1172 0.2900 0.3351 
0.1882 0.2697 0.3867 0.1554 
0.0007 0.6222 0.3201 0.0570 
0.6762 0.0201 0.0773 0.2264 
0.0559 0.3722 0.4275 0.1444 
0.0929 0.0557 0.4455 0.4059 
0.3485 0.0094 0.0000 0.6421 
0.0024 0.7680 0.2297 0.0000 
0.0650 0.5225 0.2816 0.1310 
0.2894 0.1784 0.4055 0.1268 
0.2484 0.2461 0.2772 0.2284 

MOTIF filter8 
letter-probability matrix: alength= 4 w= 14 nsites= 14 
0.2472 0.2030 0.2472 0.3026 
0.2934 0.1845 0.1937 0.3284 
0.3376 0.2675 0.2915 0.1033 
0.6550 0.2269 0.0037 0.1144 
0.0480 0.4428 0.1790 0.3303 
0.1734 0.1808 0.6458 0.0000 
0.0000 0.3395 0.0000 0.6605 
0.0000 1.0000 0.0000 0.0000 
0.0609 0.0000 0.9391 0.0000 
0.3708 0.0000 0.6255 0.0037 
0.0000 0.6550 0.0941 0.2509 
0.5720 0.1716 0.1679 0.0886 
0.4207 0.1107 0.2048 0.2638 
0.3690 0.0923 0.1070 0.4317 

MOTIF filter9 
letter-probability matrix: alength= 4 w= 14 nsites= 14 
0.1959 0.2652 0.3002 0.2387 
0.2866 0.2392 0.3137 0.1605 
0.3048 0.1214 0.4007 0.1730 
0.0021 0.8911 0.0948 0.0120 
0.0151 0.6639 0.0021 0.3189 
0.4799 0.1230 0.3846 0.0125 
0.8093 0.0302 0.1485 0.0120 
0.0688 0.0776 0.0063 0.8473 
0.0234 0.4476 0.1032 0.4257 
0.2772 0.0068 0.7155 0.0005 
0.0057 0.0365 0.9578 0.0000 
0.1496 0.4070 0.1089 0.3345 
0.1595 0.3372 0.2189 0.2845 
0.2038 0.3517 0.2793 0.1652 

MOTIF filter10 
letter-probability matrix: alength= 4 w= 16 nsites= 16 
0.2135 0.1411 0.1258 0.5195 
0.0896 0.0419 0.3870 0.4814 
0.2841 0.1859 0.3937 0.1363 
0.0639 0.8294 0.0238 0.0829 
0.0677 0.4051 0.1392 0.3880 
0.5157 0.0934 0.3260 0.0648 
0.6454 0.0000 0.0076 0.3470 
0.7436 0.2011 0.0553 0.0000 
0.1897 0.1173 0.2355 0.4576 
0.8837 0.0639 0.0086 0.0439 
0.1821 0.0124 0.0038 0.8017 
0.1582 0.0038 0.8008 0.0372 
0.0105 0.0572 0.9266 0.0057 
0.2307 0.4766 0.0906 0.2021 
0.1420 0.5176 0.2069 0.1335 
0.4433 0.0763 0.3708 0.1096 

MOTIF filter11 
letter-probability matrix: alength= 4 w= 13 nsites= 13 
0.2622 0.3036 0.1866 0.2476 
0.1553 0.2012 0.4480 0.1955 
0.3803 0.2553 0.2012 0.1632 
0.0077 0.5859 0.0771 0.3292 
0.8422 0.1058 0.0520 0.0000 
0.2462 0.1627 0.0241 0.5670 
0.1049 0.7440 0.0825 0.0685 
0.4330 0.1630 0.1093 0.2947 
0.0017 0.0652 0.2806 0.6526 
0.0771 0.0200 0.8995 0.0034 
0.2231 0.0989 0.3250 0.3530 
0.3227 0.3685 0.1622 0.1467 
0.2585 0.1662 0.2415 0.3338 

MOTIF filter12 
letter-probability matrix: alength= 4 w= 13 nsites= 13 
0.2805 0.1246 0.4470 0.1479 
0.0799 0.2658 0.2851 0.3691 
0.2605 0.2185 0.1825 0.3384 
0.1139 0.0060 0.4843 0.3957 
0.0027 0.9900 0.0000 0.0073 
0.4097 0.0000 0.5490 0.0413 
0.0260 0.9720 0.0000 0.0020 
0.4670 0.1326 0.3831 0.0173 
0.6642 0.0000 0.3358 0.0000 
0.2825 0.0853 0.0446 0.5876 
0.0000 0.3591 0.4091 0.2318 
0.0373 0.4097 0.4397 0.1133 
0.1699 0.3551 0.1659 0.3091 

MOTIF filter13 
letter-probability matrix: alength= 4 w= 15 nsites= 15 
0.3585 0.1321 0.2925 0.2170 
0.2736 0.3553 0.0943 0.2767 
0.0063 0.2673 0.2704 0.4560 
0.3176 0.1226 0.5597 0.0000 
0.0409 0.0000 0.9057 0.0535 
0.2579 0.0126 0.7296 0.0000 
0.5881 0.0000 0.2893 0.1226 
0.3679 0.4528 0.0126 0.1667 
0.0000 0.0220 0.0000 0.9780 
0.7767 0.2201 0.0000 0.0031 
0.0000 0.1289 0.7358 0.1352 
0.1667 0.7327 0.0000 0.1006 
0.0755 0.3428 0.4182 0.1635 
0.2296 0.2138 0.3270 0.2296 
0.2138 0.1981 0.4686 0.1195 

MOTIF filter14 
letter-probability matrix: alength= 4 w= 10 nsites= 10 
0.3064 0.1600 0.4337 0.0998 
0.2955 0.1959 0.1038 0.4048 
0.4831 0.0105 0.1799 0.3264 
0.0004 0.8187 0.1808 0.0000 
0.3881 0.0254 0.3345 0.2521 
0.0608 0.4833 0.3008 0.1551 
0.2458 0.1149 0.0000 0.6393 
0.4075 0.2040 0.0692 0.3194 
0.0770 0.4217 0.3641 0.1372 
0.3000 0.2902 0.1995 0.2102 

MOTIF filter15 
letter-probability matrix: alength= 4 w= 14 nsites= 14 
0.2037 0.2509 0.3210 0.2243 
0.2251 0.0768 0.3834 0.3146 
0.0304 0.5694 0.1828 0.2174 
0.0676 0.0000 0.1047 0.8277 
0.9611 0.0075 0.0309 0.0005 
0.6351 0.0008 0.0235 0.3406 
0.2145 0.1921 0.0786 0.5147 
0.4134 0.0805 0.0271 0.4791 
0.3912 0.0266 0.0539 0.5284 
0.1264 0.2408 0.0289 0.6039 
0.7813 0.1269 0.0070 0.0848 
0.2628 0.1068 0.4440 0.1864 
0.3708 0.3141 0.0933 0.2218 
0.2419 0.2604 0.1586 0.3391 

MOTIF filter16 
letter-probability matrix: alength= 4 w= 12 nsites= 12 
0.0899 0.3962 0.3090 0.2049 
0.0926 0.4142 0.3618 0.1314 
0.0771 0.5186 0.3617 0.0425 
0.0784 0.4645 0.4512 0.0059 
0.1096 0.1387 0.6895 0.0621 
0.0726 0.5860 0.3414 0.0000 
0.0107 0.4502 0.5348 0.0043 
0.0001 0.4144 0.5278 0.0577 
0.1000 0.6765 0.1278 0.0956 
0.0528 0.4234 0.4211 0.1027 
0.1375 0.3152 0.4234 0.1238 
0.2092 0.2677 0.3212 0.2018 

MOTIF filter17 
letter-probability matrix: alength= 4 w= 15 nsites= 15 
0.2088 0.1902 0.3483 0.2527 
0.1116 0.3863 0.2785 0.2236 
0.1627 0.5507 0.1636 0.1230 
0.0989 0.7434 0.1403 0.0173 
0.1479 0.4560 0.3423 0.0537 
0.6792 0.0004 0.1910 0.1293 
0.4801 0.0761 0.0368 0.4070 
0.3745 0.0021 0.1272 0.4962 
0.0000 0.0000 1.0000 0.0000 
0.0254 0.4446 0.0579 0.4721 
0.4277 0.2887 0.0292 0.2544 
0.0676 0.4653 0.0211 0.4459 
0.1674 0.4577 0.1310 0.2439 
0.1737 0.3926 0.1691 0.2646 
0.1010 0.3605 0.1623 0.3762 

MOTIF filter18 
letter-probability matrix: alength= 4 w= 12 nsites= 12 
0.1701 0.4166 0.1997 0.2137 
0.4325 0.0021 0.3364 0.2290 
0.0866 0.4481 0.1158 0.3495 
0.0004 0.3290 0.0000 0.6706 
0.0260 0.4441 0.2522 0.2778 
0.1451 0.3331 0.0620 0.4599 
0.0088 0.6897 0.3015 0.0000 
0.1606 0.3546 0.4759 0.0089 
0.2345 0.0000 0.7650 0.0006 
0.3103 0.1896 0.4389 0.0612 
0.3863 0.2271 0.1149 0.2717 
0.3973 0.2326 0.1398 0.2303 

MOTIF filter19 
letter-probability matrix: alength= 4 w= 12 nsites= 12 
0.2225 0.2243 0.2033 0.3499 
0.3126 0.2246 0.4261 0.0367 
0.4351 0.0892 0.1506 0.3252 
0.5023 0.0025 0.4952 0.0000 
0.0000 0.7242 0.2758 0.0000 
0.0000 0.0003 0.0009 0.9988 
0.3690 0.5930 0.0330 0.0049 
0.0111 0.0142 0.4193 0.5554 
0.2802 0.1543 0.5532 0.0123 
0.3937 0.2138 0.1549 0.2376 
0.2839 0.2172 0.2061 0.2928 
0.1777 0.2101 0.2169 0.3952 

MOTIF filter20 
letter-probability matrix: alength= 4 w= 14 nsites= 14 
0.1507 0.4321 0.1544 0.2628 
0.2229 0.3973 0.1656 0.2142 
0.5778 0.1083 0.2105 0.1034 
0.1930 0.6438 0.1059 0.0573 
0.2192 0.1233 0.2154 0.4421 
0.0361 0.0087 0.0311 0.9240 
0.0000 0.8941 0.1059 0.0000 
0.1843 0.8157 0.0000 0.0000 
0.0000 0.0012 0.9714 0.0274 
0.0000 0.4545 0.5442 0.0012 
0.8232 0.0560 0.0212 0.0996 
0.5604 0.1308 0.0971 0.2117 
0.1706 0.1445 0.4122 0.2727 
0.1345 0.2105 0.0934 0.5616 

MOTIF filter21 
letter-probability matrix: alength= 4 w= 8 nsites= 8 
0.2907 0.2656 0.4437 0.0000 
0.0803 0.3125 0.1114 0.4958 
0.0931 0.5899 0.0748 0.2422 
0.0294 0.5101 0.0031 0.4574 
0.4534 0.0000 0.5466 0.0000 
0.1888 0.3692 0.0309 0.4112 
0.0096 0.2471 0.4425 0.3008 
0.2594 0.2731 0.1760 0.2915 

MOTIF filter22 
letter-probability matrix: alength= 4 w= 14 nsites= 14 
0.3075 0.1842 0.2484 0.2599 
0.3743 0.4001 0.0554 0.1702 
0.2577 0.0901 0.1414 0.5109 
0.1628 0.0447 0.6298 0.1628 
0.2270 0.6065 0.0402 0.1262 
0.1883 0.0941 0.3953 0.3223 
0.0731 0.0004 0.7025 0.2241 
0.3289 0.6626 0.0052 0.0033 
0.6729 0.1085 0.0495 0.1691 
0.0487 0.0377 0.7084 0.2052 
0.0295 0.8623 0.0055 0.1026 
0.5305 0.1296 0.0812 0.2588 
0.2499 0.1462 0.2920 0.3119 
0.3496 0.1233 0.0602 0.4670 

MOTIF filter23 
letter-probability matrix: alength= 4 w= 13 nsites= 13 
0.2473 0.2365 0.2531 0.2631 
0.2572 0.2279 0.2964 0.2185 
0.3707 0.2220 0.3234 0.0839 
0.0671 0.0794 0.0395 0.8140 
0.0428 0.0855 0.7527 0.1191 
0.8331 0.0121 0.0880 0.0669 
0.0957 0.4159 0.4380 0.0503 
0.0143 0.0378 0.0143 0.9335 
0.0466 0.7717 0.1526 0.0291 
0.9067 0.0080 0.0675 0.0178 
0.0671 0.3353 0.2523 0.3453 
0.1980 0.3306 0.2183 0.2531 
0.2539 0.2471 0.2490 0.2500 

MOTIF filter24 
letter-probability matrix: alength= 4 w= 12 nsites= 12 
0.2311 0.2606 0.2606 0.2478 
0.3894 0.2124 0.2537 0.1445 
0.2222 0.3038 0.3097 0.1642 
0.0000 1.0000 0.0000 0.0000 
1.0000 0.0000 0.0000 0.0000 
0.0000 0.9980 0.0000 0.0020 
0.0049 0.0000 0.9951 0.0000 
0.0000 0.0000 0.0000 1.0000 
0.0000 0.0000 1.0000 0.0000 
0.1662 0.2852 0.3206 0.2281 
0.1701 0.2380 0.1780 0.4140 
0.2321 0.2557 0.2498 0.2625 

MOTIF filter25 
letter-probability matrix: alength= 4 w= 12 nsites= 12 
0.2404 0.2462 0.2707 0.2427 
0.2275 0.2789 0.2672 0.2264 
0.2392 0.2625 0.2777 0.2205 
0.4784 0.1284 0.3897 0.0035 
0.0000 0.0000 0.0000 1.0000 
0.0000 0.0000 0.0268 0.9732 
0.2824 0.0000 0.6336 0.0840 
0.0058 0.9347 0.0000 0.0595 
0.0980 0.0058 0.8903 0.0058 
0.0793 0.6756 0.0000 0.2450 
0.9732 0.0268 0.0000 0.0000 
1.0000 0.0000 0.0000 0.0000 

MOTIF filter26 
letter-probability matrix: alength= 4 w= 14 nsites= 14 
0.4714 0.1841 0.1374 0.2072 
0.0887 0.3870 0.0373 0.4870 
0.0679 0.2869 0.1892 0.4560 
0.1962 0.0008 0.7998 0.0031 
0.5436 0.0000 0.4549 0.0016 
0.0341 0.1071 0.0055 0.8532 
0.0016 0.6907 0.1260 0.1817 
0.3956 0.2877 0.0777 0.2390 
0.7155 0.0208 0.2229 0.0408 
0.2571 0.1746 0.0483 0.5200 
0.0008 0.4054 0.0651 0.5286 
0.3666 0.2790 0.1020 0.2524 
0.2162 0.2080 0.2453 0.3305 
0.2476 0.2237 0.2881 0.2406 

MOTIF filter27 
letter-probability matrix: alength= 4 w= 20 nsites= 20 
0.1933 0.2599 0.2952 0.2516 
0.2370 0.2661 0.2557 0.2412 
0.1268 0.1143 0.1060 0.6528 
0.0894 0.1497 0.5863 0.1746 
0.4012 0.3202 0.0832 0.1954 
0.0021 0.8524 0.1247 0.0208 
0.0042 0.9938 0.0021 0.0000 
0.8441 0.1185 0.0374 0.0000 
0.0000 0.2308 0.0000 0.7692 
0.9314 0.0000 0.0083 0.0603 
0.0042 0.0000 0.0000 0.9958 
0.9314 0.0686 0.0000 0.0000 
0.0187 0.0790 0.0000 0.9023 
0.0956 0.0000 0.9044 0.0000 
0.0000 0.0083 0.8669 0.1247 
0.0000 0.0728 0.5967 0.3306 
0.0520 0.6611 0.2495 0.0374 
0.6715 0.0312 0.0333 0.2640 
0.1933 0.3784 0.2100 0.2183 
0.3306 0.2827 0.1435 0.2432 

MOTIF filter28 
letter-probability matrix: alength= 4 w= 12 nsites= 12 
0.1631 0.5160 0.1059 0.2149 
0.0309 0.2463 0.2566 0.4661 
0.1115 0.1877 0.5534 0.1474 
0.3423 0.0000 0.5888 0.0689 
0.0713 0.5401 0.3411 0.0475 
0.7314 0.0000 0.1794 0.0892 
0.1752 0.4010 0.3115 0.1124 
0.2036 0.4564 0.0001 0.3398 
0.0206 0.3809 0.4984 0.1001 
0.2668 0.4511 0.0003 0.2818 
0.2461 0.3287 0.1114 0.3138 
0.1999 0.3947 0.1996 0.2059 

MOTIF filter29 
letter-probability matrix: alength= 4 w= 9 nsites= 9 
0.2346 0.2436 0.2875 0.2343 
0.2783 0.0000 0.4904 0.2313 
0.1536 0.4519 0.2120 0.1826 
0.4578 0.0000 0.5006 0.0415 
0.0005 0.6536 0.0000 0.3458 
0.0032 0.0000 0.9944 0.0024 
0.2214 0.3913 0.0000 0.3873 
0.2402 0.4484 0.0308 0.2806 
0.2756 0.3405 0.2520 0.1319 

MOTIF filter30 
letter-probability matrix: alength= 4 w= 13 nsites= 13 
0.1654 0.3560 0.3217 0.1568 
0.3606 0.2395 0.2358 0.1642 
0.2129 0.1560 0.2700 0.3611 
0.1591 0.2318 0.0014 0.6077 
0.0029 0.2998 0.0267 0.6706 
0.2478 0.7463 0.0008 0.0051 
0.2006 0.5952 0.0033 0.2009 
0.0709 0.3310 0.3250 0.2731 
0.2069 0.0546 0.7369 0.0016 
0.0319 0.0458 0.5320 0.3903 
0.4844 0.3677 0.0238 0.1241 
0.5750 0.0955 0.0904 0.2391 
0.4267 0.1058 0.2620 0.2055 

MOTIF filter31 
letter-probability matrix: alength= 4 w= 14 nsites= 14 
0.3227 0.2053 0.3018 0.1701 
0.2606 0.1769 0.3051 0.2574 
0.2517 0.0853 0.2022 0.4608 
0.2317 0.0211 0.1626 0.5846 
0.3057 0.5289 0.0056 0.1598 
0.0000 0.9944 0.0056 0.0000 
0.0429 0.5893 0.0858 0.2820 
0.3721 0.0261 0.4949 0.1069 
0.1175 0.0509 0.4561 0.3754 
0.6028 0.1337 0.1899 0.0736 
0.0000 0.1126 0.4608 0.4266 
0.3509 0.1774 0.2080 0.2638 
0.2793 0.1782 0.2328 0.3097 
0.1778 0.1926 0.3754 0.2542 

