MEME version 4

ALPHABET= ACGT

Background letter frequencies:
A 0.2500 C 0.2500 G 0.2500 T 0.2500 

MOTIF filter0 
letter-probability matrix: alength= 4 w= 7 nsites= 7 
0.2012 0.3277 0.4128 0.0583 
0.2813 0.2807 0.2941 0.1439 
0.1608 0.3876 0.3111 0.1406 
0.1148 0.6503 0.1259 0.1089 
0.1119 0.2476 0.4832 0.1572 
0.2684 0.2957 0.3015 0.1344 
0.0678 0.2157 0.4541 0.2624 

MOTIF filter1 
letter-probability matrix: alength= 4 w= 14 nsites= 14 
0.1816 0.3416 0.2529 0.2239 
0.1123 0.0514 0.2913 0.5450 
0.2040 0.5233 0.0828 0.1899 
0.0374 0.0241 0.0431 0.8954 
0.4070 0.1760 0.1427 0.2743 
0.3035 0.0213 0.0213 0.6540 
0.4324 0.0326 0.0843 0.4507 
0.4047 0.2038 0.0771 0.3144 
0.4175 0.2205 0.1052 0.2569 
0.1514 0.1525 0.2441 0.4520 
0.7200 0.1199 0.0819 0.0782 
0.0722 0.2185 0.5727 0.1366 
0.4890 0.1837 0.0785 0.2489 
0.3238 0.1590 0.3505 0.1668 

MOTIF filter2 
letter-probability matrix: alength= 4 w= 7 nsites= 7 
0.3760 0.5057 0.0769 0.0414 
0.1623 0.0936 0.4593 0.2848 
0.2051 0.0935 0.4730 0.2284 
0.0625 0.1128 0.7972 0.0276 
0.1337 0.1851 0.4358 0.2454 
0.1957 0.5159 0.1956 0.0928 
0.3848 0.2431 0.3441 0.0280 

MOTIF filter3 
letter-probability matrix: alength= 4 w= 8 nsites= 8 
0.1992 0.1718 0.1015 0.5275 
0.4781 0.1728 0.0746 0.2745 
0.3795 0.2409 0.2309 0.1487 
0.1125 0.0434 0.1745 0.6697 
0.6785 0.0332 0.2219 0.0664 
0.1430 0.2644 0.3060 0.2866 
0.3693 0.2836 0.1730 0.1741 
0.2033 0.3335 0.3447 0.1186 

MOTIF filter4 
letter-probability matrix: alength= 4 w= 13 nsites= 13 
0.2607 0.2534 0.2399 0.2460 
0.3069 0.1041 0.2327 0.3563 
0.3942 0.3322 0.0361 0.2375 
0.0269 0.2296 0.1368 0.6067 
0.7183 0.0902 0.1492 0.0423 
0.4450 0.0330 0.1311 0.3909 
0.1919 0.1290 0.1282 0.5510 
0.1773 0.3282 0.2513 0.2432 
0.3618 0.1449 0.2421 0.2512 
0.1136 0.0277 0.2571 0.6017 
0.5593 0.1535 0.0579 0.2292 
0.0521 0.1319 0.4639 0.3521 
0.5952 0.1763 0.1603 0.0682 

MOTIF filter5 
letter-probability matrix: alength= 4 w= 11 nsites= 11 
0.0740 0.1925 0.2934 0.4402 
0.0951 0.2475 0.4686 0.1888 
0.0375 0.5866 0.1568 0.2190 
0.0522 0.0313 0.5080 0.4085 
0.3099 0.3981 0.1260 0.1660 
0.5044 0.3209 0.1252 0.0495 
0.1068 0.3485 0.3377 0.2070 
0.0057 0.5591 0.2746 0.1606 
0.4684 0.1664 0.2537 0.1114 
0.2554 0.4483 0.0263 0.2700 
0.1020 0.4029 0.3942 0.1010 

MOTIF filter6 
letter-probability matrix: alength= 4 w= 20 nsites= 20 
0.2498 0.2530 0.2488 0.2483 
0.3598 0.0941 0.2047 0.3414 
0.2051 0.3532 0.2282 0.2135 
0.1184 0.4261 0.2402 0.2153 
0.2081 0.3860 0.2252 0.1806 
0.0796 0.4227 0.1087 0.3889 
0.3702 0.4547 0.0840 0.0911 
0.1200 0.3233 0.0547 0.5020 
0.2333 0.4681 0.1726 0.1259 
0.0789 0.3680 0.0586 0.4945 
0.2564 0.4069 0.0343 0.3024 
0.0683 0.3684 0.0845 0.4788 
0.2134 0.2703 0.4008 0.1155 
0.1433 0.1719 0.5134 0.1713 
0.2218 0.5841 0.1393 0.0548 
0.1332 0.6108 0.1519 0.1041 
0.2529 0.0883 0.4537 0.2051 
0.3743 0.2142 0.2834 0.1281 
0.2584 0.3914 0.0418 0.3084 
0.2945 0.3974 0.1545 0.1536 

MOTIF filter7 
letter-probability matrix: alength= 4 w= 12 nsites= 12 
0.2490 0.2525 0.2400 0.2585 
0.2264 0.2494 0.0681 0.4561 
0.5972 0.2066 0.1146 0.0816 
0.0662 0.6885 0.1248 0.1205 
0.1268 0.1355 0.1805 0.5573 
0.3250 0.4587 0.1122 0.1041 
0.4094 0.3053 0.2519 0.0335 
0.3059 0.1830 0.1542 0.3569 
0.0422 0.2705 0.6544 0.0328 
0.2001 0.3477 0.1216 0.3306 
0.1685 0.2597 0.2305 0.3413 
0.0589 0.3286 0.3437 0.2687 

MOTIF filter8 
letter-probability matrix: alength= 4 w= 10 nsites= 10 
0.1170 0.2906 0.1952 0.3971 
0.5408 0.1348 0.1615 0.1629 
0.3113 0.2089 0.1400 0.3398 
0.0957 0.0732 0.0552 0.7759 
0.1221 0.3162 0.1212 0.4405 
0.2548 0.3804 0.3040 0.0608 
0.1519 0.0924 0.6458 0.1099 
0.3470 0.4149 0.1615 0.0767 
0.1860 0.0759 0.5640 0.1741 
0.3025 0.1644 0.2918 0.2413 

MOTIF filter9 
letter-probability matrix: alength= 4 w= 11 nsites= 11 
0.3638 0.1366 0.1710 0.3286 
0.5132 0.1422 0.1345 0.2101 
0.2506 0.2011 0.2432 0.3051 
0.2241 0.0377 0.0474 0.6909 
0.1418 0.1548 0.5307 0.1727 
0.5696 0.0375 0.3500 0.0429 
0.0904 0.2861 0.5747 0.0487 
0.1086 0.2634 0.0958 0.5322 
0.0941 0.5681 0.1758 0.1620 
0.7477 0.1119 0.0777 0.0627 
0.1028 0.3720 0.1791 0.3461 

MOTIF filter10 
letter-probability matrix: alength= 4 w= 13 nsites= 13 
0.1859 0.0986 0.3795 0.3360 
0.0293 0.1135 0.5292 0.3279 
0.1874 0.5144 0.2175 0.0807 
0.0942 0.7209 0.0428 0.1421 
0.2300 0.4337 0.2210 0.1153 
0.3754 0.0344 0.2788 0.3113 
0.0774 0.0366 0.4832 0.4029 
0.3442 0.1249 0.4698 0.0611 
0.2484 0.0748 0.0800 0.5968 
0.6340 0.2678 0.0632 0.0350 
0.1396 0.3189 0.1043 0.4372 
0.2191 0.1334 0.3720 0.2755 
0.2084 0.1814 0.3904 0.2198 

MOTIF filter11 
letter-probability matrix: alength= 4 w= 7 nsites= 7 
0.2883 0.0630 0.1117 0.5370 
0.1004 0.4514 0.3102 0.1380 
0.2278 0.2445 0.3147 0.2130 
0.1276 0.6995 0.0314 0.1415 
0.3800 0.0363 0.4373 0.1464 
0.2876 0.4460 0.0431 0.2234 
0.0574 0.1835 0.6770 0.0820 

MOTIF filter12 
letter-probability matrix: alength= 4 w= 12 nsites= 12 
0.3738 0.1430 0.1537 0.3295 
0.3783 0.4296 0.1652 0.0270 
0.1173 0.3858 0.2726 0.2243 
0.6271 0.0760 0.0303 0.2666 
0.1947 0.5122 0.1532 0.1398 
0.3146 0.2731 0.0727 0.3395 
0.4643 0.0841 0.2517 0.1998 
0.3216 0.1832 0.1683 0.3268 
0.0199 0.0334 0.0816 0.8651 
0.4049 0.5014 0.0438 0.0499 
0.1270 0.2064 0.4519 0.2147 
0.2584 0.2361 0.2078 0.2978 

MOTIF filter13 
letter-probability matrix: alength= 4 w= 14 nsites= 14 
0.1946 0.1495 0.2870 0.3689 
0.1968 0.5364 0.0337 0.2331 
0.1351 0.4795 0.0894 0.2960 
0.8247 0.0165 0.0528 0.1061 
0.0990 0.0607 0.0507 0.7896 
0.5902 0.1152 0.0543 0.2403 
0.0818 0.0182 0.4295 0.4704 
0.4861 0.2417 0.0562 0.2161 
0.1274 0.1220 0.0462 0.7044 
0.2009 0.0498 0.5689 0.1803 
0.0767 0.0392 0.6698 0.2143 
0.3168 0.1183 0.1892 0.3757 
0.3188 0.3400 0.1605 0.1806 
0.3878 0.0925 0.1729 0.3469 

MOTIF filter14 
letter-probability matrix: alength= 4 w= 11 nsites= 11 
0.2518 0.2622 0.1394 0.3467 
0.1977 0.0716 0.1456 0.5851 
0.2160 0.4353 0.1654 0.1833 
0.0939 0.6706 0.0503 0.1852 
0.2500 0.2201 0.3915 0.1384 
0.2315 0.5221 0.1980 0.0484 
0.5492 0.3060 0.0319 0.1130 
0.2517 0.0809 0.5781 0.0893 
0.0303 0.7202 0.1386 0.1109 
0.2301 0.2036 0.3126 0.2538 
0.2055 0.0958 0.5628 0.1359 

MOTIF filter15 
letter-probability matrix: alength= 4 w= 7 nsites= 7 
0.0831 0.1224 0.2209 0.5736 
0.1096 0.2151 0.4545 0.2207 
0.3350 0.0726 0.3486 0.2437 
0.1194 0.6884 0.1011 0.0911 
0.2507 0.0788 0.5594 0.1111 
0.1385 0.4659 0.1970 0.1987 
0.4518 0.4121 0.0603 0.0757 

MOTIF filter16 
letter-probability matrix: alength= 4 w= 9 nsites= 9 
0.2519 0.2646 0.2479 0.2356 
0.2503 0.6220 0.0808 0.0470 
0.1455 0.7339 0.0688 0.0518 
0.1982 0.3773 0.0358 0.3887 
0.1893 0.4337 0.1350 0.2421 
0.6051 0.0474 0.0386 0.3090 
0.1267 0.4320 0.1305 0.3109 
0.4664 0.1887 0.2314 0.1134 
0.1877 0.3102 0.2452 0.2570 

MOTIF filter17 
letter-probability matrix: alength= 4 w= 16 nsites= 16 
0.2502 0.2515 0.2468 0.2514 
0.2848 0.2024 0.2485 0.2642 
0.4014 0.2280 0.1777 0.1929 
0.1298 0.1558 0.0591 0.6553 
0.2367 0.1982 0.5045 0.0605 
0.4816 0.0963 0.0607 0.3615 
0.0790 0.4888 0.3510 0.0811 
0.1551 0.3394 0.0522 0.4533 
0.2423 0.1529 0.2115 0.3932 
0.3605 0.0610 0.2784 0.3001 
0.4319 0.1996 0.1029 0.2657 
0.1538 0.1687 0.3940 0.2835 
0.7785 0.0610 0.0604 0.1000 
0.2188 0.1986 0.1085 0.4741 
0.3269 0.1949 0.3595 0.1187 
0.2764 0.0774 0.4968 0.1494 

MOTIF filter18 
letter-probability matrix: alength= 4 w= 14 nsites= 14 
0.1633 0.1830 0.1780 0.4758 
0.4072 0.0345 0.4431 0.1153 
0.4174 0.3410 0.1130 0.1286 
0.0599 0.0224 0.4594 0.4583 
0.3848 0.2264 0.2076 0.1812 
0.2273 0.0851 0.1232 0.5644 
0.0395 0.1723 0.2400 0.5482 
0.2694 0.2393 0.0932 0.3981 
0.1921 0.1187 0.5051 0.1842 
0.2802 0.1066 0.3030 0.3102 
0.0936 0.1230 0.5028 0.2807 
0.0499 0.1082 0.7821 0.0598 
0.4100 0.1028 0.1143 0.3729 
0.1026 0.5499 0.2622 0.0853 

MOTIF filter19 
letter-probability matrix: alength= 4 w= 15 nsites= 15 
0.0844 0.2516 0.1072 0.5568 
0.2442 0.5621 0.0377 0.1560 
0.2389 0.1600 0.1407 0.4604 
0.6316 0.0568 0.1419 0.1698 
0.4805 0.1597 0.1503 0.2095 
0.1839 0.0502 0.0314 0.7345 
0.1758 0.2022 0.1337 0.4884 
0.6776 0.0555 0.1466 0.1203 
0.1580 0.0306 0.4247 0.3867 
0.2604 0.3911 0.0158 0.3327 
0.2274 0.4088 0.3013 0.0624 
0.1780 0.6949 0.0849 0.0422 
0.1830 0.1985 0.0782 0.5403 
0.1229 0.3570 0.2973 0.2227 
0.3428 0.3703 0.1053 0.1817 

MOTIF filter20 
letter-probability matrix: alength= 4 w= 7 nsites= 7 
0.0792 0.0641 0.3802 0.4765 
0.3872 0.4504 0.0726 0.0898 
0.1647 0.1931 0.1239 0.5183 
0.6736 0.1756 0.1073 0.0436 
0.2241 0.3605 0.3599 0.0555 
0.3512 0.4374 0.1082 0.1033 
0.4095 0.3014 0.1603 0.1288 

MOTIF filter21 
letter-probability matrix: alength= 4 w= 7 nsites= 7 
0.3428 0.2815 0.2988 0.0769 
0.1376 0.0955 0.3803 0.3866 
0.1916 0.4541 0.0221 0.3322 
0.0786 0.1038 0.7410 0.0766 
0.4679 0.0676 0.2751 0.1894 
0.1187 0.3465 0.2938 0.2409 
0.3758 0.4220 0.0269 0.1753 

MOTIF filter22 
letter-probability matrix: alength= 4 w= 8 nsites= 8 
0.2045 0.2736 0.3027 0.2192 
0.1918 0.3313 0.1304 0.3465 
0.2813 0.3127 0.0905 0.3154 
0.0406 0.4911 0.4099 0.0583 
0.0576 0.1880 0.6634 0.0910 
0.1033 0.1137 0.6015 0.1815 
0.2143 0.1029 0.4349 0.2479 
0.1030 0.5442 0.2558 0.0971 

MOTIF filter23 
letter-probability matrix: alength= 4 w= 16 nsites= 16 
0.0922 0.2018 0.5775 0.1285 
0.2034 0.1101 0.4261 0.2604 
0.3877 0.3431 0.2216 0.0476 
0.0665 0.5420 0.3560 0.0356 
0.2024 0.2829 0.2187 0.2960 
0.2735 0.2448 0.2683 0.2133 
0.4349 0.0798 0.3661 0.1192 
0.1200 0.3337 0.3825 0.1638 
0.0549 0.3342 0.5611 0.0498 
0.2640 0.3764 0.1157 0.2438 
0.1545 0.4474 0.2308 0.1672 
0.2798 0.2580 0.2109 0.2513 
0.0808 0.3683 0.0378 0.5132 
0.4334 0.2347 0.2178 0.1141 
0.0488 0.2551 0.1676 0.5285 
0.3947 0.0919 0.1959 0.3175 

MOTIF filter24 
letter-probability matrix: alength= 4 w= 7 nsites= 7 
0.4011 0.4195 0.1460 0.0334 
0.3990 0.1355 0.2658 0.1998 
0.3368 0.2228 0.0262 0.4143 
0.0179 0.4363 0.4953 0.0505 
0.4914 0.0694 0.0458 0.3933 
0.4156 0.2378 0.2078 0.1387 
0.1857 0.2642 0.1170 0.4331 

MOTIF filter25 
letter-probability matrix: alength= 4 w= 13 nsites= 13 
0.2194 0.1129 0.4698 0.1979 
0.4679 0.1358 0.2890 0.1073 
0.2362 0.2431 0.4032 0.1176 
0.0580 0.1266 0.0529 0.7625 
0.1280 0.0963 0.6904 0.0853 
0.7740 0.1120 0.0873 0.0266 
0.1189 0.4387 0.3160 0.1265 
0.0205 0.1404 0.1117 0.7274 
0.0797 0.6241 0.1976 0.0985 
0.6589 0.1140 0.0633 0.1637 
0.0870 0.2853 0.2470 0.3806 
0.1601 0.1955 0.1530 0.4914 
0.2853 0.3952 0.1173 0.2022 

MOTIF filter26 
letter-probability matrix: alength= 4 w= 16 nsites= 16 
0.1612 0.1945 0.1997 0.4447 
0.2364 0.1281 0.3308 0.3048 
0.2751 0.2310 0.2049 0.2890 
0.0717 0.7504 0.0996 0.0783 
0.0870 0.4012 0.0903 0.4215 
0.8182 0.0515 0.0403 0.0900 
0.2405 0.0616 0.0358 0.6621 
0.7502 0.0432 0.0552 0.1514 
0.1848 0.1664 0.0950 0.5537 
0.6875 0.1749 0.0328 0.1048 
0.0911 0.0887 0.0312 0.7890 
0.5036 0.0649 0.3648 0.0667 
0.0917 0.0755 0.7616 0.0712 
0.2364 0.2321 0.3174 0.2142 
0.1614 0.4702 0.2578 0.1106 
0.4559 0.2142 0.1560 0.1740 

MOTIF filter27 
letter-probability matrix: alength= 4 w= 15 nsites= 15 
0.2480 0.2545 0.2474 0.2500 
0.2944 0.1477 0.4822 0.0757 
0.1564 0.4994 0.1078 0.2364 
0.1318 0.0701 0.7069 0.0913 
0.0355 0.1535 0.2967 0.5144 
0.5655 0.0940 0.1769 0.1637 
0.1211 0.1460 0.4512 0.2817 
0.3868 0.1433 0.3069 0.1630 
0.2136 0.3399 0.0603 0.3861 
0.1498 0.2929 0.3052 0.2522 
0.1086 0.4534 0.2153 0.2227 
0.0361 0.6224 0.0194 0.3221 
0.2939 0.4333 0.1171 0.1557 
0.0427 0.4049 0.1936 0.3588 
0.1506 0.3273 0.1563 0.3659 

MOTIF filter28 
letter-probability matrix: alength= 4 w= 13 nsites= 13 
0.2525 0.4613 0.2543 0.0319 
0.5517 0.1150 0.1890 0.1443 
0.0523 0.0841 0.5043 0.3593 
0.6437 0.0464 0.2258 0.0841 
0.1469 0.3967 0.1502 0.3061 
0.3430 0.4416 0.1045 0.1109 
0.1727 0.0960 0.4717 0.2597 
0.4882 0.2372 0.1755 0.0991 
0.2595 0.3335 0.3391 0.0678 
0.0736 0.0773 0.1842 0.6650 
0.2781 0.2619 0.2606 0.1994 
0.5536 0.0597 0.1245 0.2621 
0.5387 0.1418 0.1902 0.1293 

MOTIF filter29 
letter-probability matrix: alength= 4 w= 17 nsites= 17 
0.4303 0.2534 0.2147 0.1016 
0.2119 0.0539 0.3430 0.3911 
0.1222 0.1738 0.4097 0.2943 
0.1810 0.0710 0.0953 0.6527 
0.1917 0.2633 0.1294 0.4155 
0.1007 0.6266 0.1221 0.1506 
0.1583 0.5007 0.1401 0.2009 
0.3920 0.2194 0.2604 0.1281 
0.0984 0.2390 0.5761 0.0865 
0.4535 0.0950 0.2531 0.1984 
0.5425 0.0216 0.1829 0.2530 
0.3272 0.2443 0.2110 0.2175 
0.2830 0.4457 0.2071 0.0642 
0.2124 0.4803 0.0775 0.2298 
0.0829 0.2585 0.4693 0.1893 
0.1076 0.0957 0.6894 0.1073 
0.1233 0.0562 0.5034 0.3171 

MOTIF filter30 
letter-probability matrix: alength= 4 w= 20 nsites= 20 
0.2421 0.2576 0.2498 0.2505 
0.4953 0.3377 0.0493 0.1177 
0.4541 0.0489 0.3408 0.1562 
0.2099 0.4232 0.1257 0.2411 
0.1307 0.4538 0.1097 0.3058 
0.5208 0.1012 0.1149 0.2631 
0.5823 0.0743 0.1575 0.1860 
0.3240 0.0630 0.5117 0.1013 
0.3828 0.2448 0.1321 0.2403 
0.5405 0.1031 0.0337 0.3228 
0.0723 0.1002 0.5151 0.3124 
0.1377 0.3834 0.1839 0.2951 
0.1274 0.2710 0.0801 0.5215 
0.1662 0.5354 0.1716 0.1268 
0.2204 0.1618 0.3340 0.2838 
0.3086 0.1953 0.0542 0.4420 
0.3106 0.1819 0.2169 0.2906 
0.1499 0.4630 0.2443 0.1428 
0.3696 0.1002 0.3368 0.1934 
0.2325 0.0895 0.2406 0.4374 

MOTIF filter31 
letter-probability matrix: alength= 4 w= 8 nsites= 8 
0.1994 0.1470 0.2874 0.3661 
0.0827 0.2792 0.5162 0.1219 
0.1922 0.3201 0.0658 0.4219 
0.0494 0.6279 0.1520 0.1707 
0.1013 0.5364 0.0485 0.3138 
0.0252 0.6615 0.1728 0.1404 
0.0868 0.5020 0.3390 0.0721 
0.1417 0.0804 0.4518 0.3261 

