MEME version 4

ALPHABET= ACGT

Background letter frequencies:
A 0.2500 C 0.2500 G 0.2500 T 0.2500 

MOTIF filter0 
letter-probability matrix: alength= 4 w= 11 nsites= 11 
0.0998 0.2061 0.1850 0.5092 
0.2403 0.1536 0.2998 0.3063 
0.3035 0.3204 0.3453 0.0308 
0.0253 0.9509 0.0225 0.0013 
0.3500 0.0000 0.2111 0.4388 
0.3359 0.2453 0.1693 0.2495 
0.5512 0.1206 0.2791 0.0491 
0.3601 0.0243 0.0006 0.6149 
0.1266 0.2226 0.4471 0.2037 
0.1583 0.3065 0.1647 0.3705 
0.2927 0.2753 0.0971 0.3349 

MOTIF filter1 
letter-probability matrix: alength= 4 w= 9 nsites= 9 
0.3372 0.1255 0.1681 0.3692 
0.1407 0.3021 0.1395 0.4177 
0.1969 0.0212 0.2428 0.5390 
0.0010 0.3132 0.0008 0.6851 
0.1760 0.3747 0.4422 0.0070 
0.0337 0.6981 0.0020 0.2661 
0.4152 0.0997 0.4572 0.0279 
0.2542 0.1044 0.1462 0.4953 
0.2440 0.2199 0.3721 0.1641 

MOTIF filter2 
letter-probability matrix: alength= 4 w= 10 nsites= 10 
0.2457 0.1781 0.2652 0.3110 
0.2795 0.2823 0.4138 0.0243 
0.3702 0.2039 0.2136 0.2123 
0.0001 0.3094 0.0482 0.6423 
0.0215 0.3412 0.2471 0.3902 
0.6500 0.0161 0.3325 0.0014 
0.7199 0.0809 0.0835 0.1158 
0.1165 0.2093 0.1940 0.4802 
0.0106 0.4272 0.1851 0.3771 
0.3486 0.2554 0.2447 0.1513 

MOTIF filter3 
letter-probability matrix: alength= 4 w= 13 nsites= 13 
0.2428 0.2257 0.2308 0.3008 
0.2150 0.2130 0.3320 0.2401 
0.3275 0.3171 0.2535 0.1019 
0.1075 0.0473 0.1080 0.7372 
0.1067 0.1018 0.6905 0.1010 
0.7330 0.0634 0.0964 0.1073 
0.0989 0.4096 0.4126 0.0788 
0.0527 0.0744 0.0334 0.8395 
0.1009 0.7429 0.0764 0.0798 
0.7592 0.0691 0.0886 0.0830 
0.1338 0.2751 0.3031 0.2880 
0.2166 0.3139 0.2325 0.2370 
0.2984 0.2360 0.2162 0.2493 

MOTIF filter4 
letter-probability matrix: alength= 4 w= 13 nsites= 13 
0.2293 0.0434 0.3862 0.3412 
0.4475 0.1897 0.3010 0.0618 
0.2428 0.2077 0.4683 0.0812 
0.0550 0.1254 0.7824 0.0372 
0.4300 0.0537 0.3403 0.1760 
0.2437 0.1631 0.4069 0.1863 
0.3517 0.0360 0.5533 0.0590 
0.7728 0.1017 0.0360 0.0895 
0.8735 0.0389 0.0768 0.0108 
0.1282 0.1038 0.7318 0.0362 
0.0692 0.2775 0.1868 0.4666 
0.2153 0.1335 0.5040 0.1472 
0.2587 0.3056 0.3342 0.1015 

MOTIF filter5 
letter-probability matrix: alength= 4 w= 14 nsites= 14 
0.2650 0.2478 0.2128 0.2744 
0.3568 0.2349 0.2248 0.1835 
0.1154 0.2896 0.1633 0.4317 
0.0194 0.5052 0.1020 0.3734 
0.1642 0.2418 0.3572 0.2369 
0.5762 0.3154 0.0556 0.0527 
0.0521 0.1022 0.1165 0.7293 
0.3868 0.2138 0.0109 0.3886 
0.6255 0.0250 0.1981 0.1514 
0.8888 0.0033 0.0455 0.0624 
0.0455 0.2229 0.0379 0.6936 
0.4731 0.1985 0.2506 0.0778 
0.2934 0.1073 0.2953 0.3040 
0.2810 0.1586 0.4679 0.0925 

MOTIF filter6 
letter-probability matrix: alength= 4 w= 9 nsites= 9 
0.3615 0.2794 0.1706 0.1884 
0.3102 0.1772 0.1672 0.3454 
0.6145 0.1699 0.1409 0.0748 
0.0657 0.0786 0.1252 0.7305 
0.2510 0.0582 0.2429 0.4480 
0.1341 0.0117 0.7547 0.0995 
0.0646 0.5526 0.2646 0.1182 
0.4612 0.1466 0.2039 0.1883 
0.2300 0.1746 0.3181 0.2773 

MOTIF filter7 
letter-probability matrix: alength= 4 w= 15 nsites= 15 
0.2669 0.2373 0.2482 0.2476 
0.2986 0.2398 0.2095 0.2521 
0.3031 0.1819 0.3809 0.1342 
0.0385 0.3311 0.0468 0.5836 
0.1395 0.2393 0.4090 0.2123 
0.2236 0.2158 0.4962 0.0644 
0.0226 0.5045 0.3321 0.1408 
0.2478 0.5377 0.2099 0.0047 
0.4603 0.4432 0.0566 0.0400 
0.4871 0.2856 0.0369 0.1904 
0.6222 0.2682 0.0250 0.0846 
0.2588 0.1058 0.0340 0.6014 
0.0185 0.3294 0.2161 0.4360 
0.5400 0.1633 0.2543 0.0424 
0.1916 0.3244 0.1996 0.2843 

MOTIF filter8 
letter-probability matrix: alength= 4 w= 11 nsites= 11 
0.1126 0.2116 0.1138 0.5621 
0.0935 0.2391 0.3035 0.3640 
0.4592 0.2223 0.2549 0.0636 
0.7328 0.0080 0.0179 0.2413 
0.2333 0.0081 0.2348 0.5238 
0.1185 0.0818 0.2511 0.5486 
0.1659 0.1855 0.2736 0.3751 
0.8857 0.0610 0.0175 0.0358 
0.4020 0.1512 0.0528 0.3940 
0.1750 0.3513 0.1473 0.3264 
0.3931 0.2771 0.1559 0.1739 

MOTIF filter9 
letter-probability matrix: alength= 4 w= 16 nsites= 16 
0.1706 0.3133 0.2422 0.2739 
0.1857 0.4413 0.1607 0.2123 
0.3359 0.1424 0.2856 0.2360 
0.0211 0.8140 0.0378 0.1270 
0.0971 0.1532 0.1125 0.6372 
0.5558 0.0033 0.1252 0.3156 
0.0670 0.7171 0.0354 0.1804 
0.0347 0.6000 0.1622 0.2030 
0.2371 0.0307 0.5614 0.1709 
0.2583 0.2320 0.4484 0.0613 
0.1569 0.1726 0.0377 0.6328 
0.1837 0.3647 0.3110 0.1406 
0.2931 0.0945 0.5836 0.0287 
0.1338 0.3685 0.2418 0.2559 
0.2663 0.2751 0.2086 0.2500 
0.2289 0.1879 0.3234 0.2598 

MOTIF filter10 
letter-probability matrix: alength= 4 w= 10 nsites= 10 
0.3078 0.2908 0.1479 0.2535 
0.1564 0.3747 0.2006 0.2683 
0.1571 0.2333 0.1273 0.4824 
0.2987 0.5772 0.1027 0.0215 
0.0055 0.4230 0.0041 0.5675 
0.5516 0.0149 0.3156 0.1179 
0.1043 0.0739 0.1417 0.6800 
0.3603 0.0880 0.1208 0.4309 
0.2977 0.0929 0.2706 0.3388 
0.6082 0.0709 0.1387 0.1822 

MOTIF filter11 
letter-probability matrix: alength= 4 w= 9 nsites= 9 
0.2307 0.3672 0.2674 0.1348 
0.1687 0.1953 0.2592 0.3768 
0.2239 0.3463 0.3633 0.0665 
0.7542 0.0179 0.0747 0.1531 
0.6541 0.1086 0.1732 0.0642 
0.6783 0.0452 0.0187 0.2578 
0.0223 0.1543 0.3423 0.4811 
0.2507 0.2551 0.0010 0.4933 
0.1530 0.2748 0.2632 0.3089 

MOTIF filter12 
letter-probability matrix: alength= 4 w= 10 nsites= 10 
0.2708 0.2231 0.2129 0.2931 
0.2319 0.2356 0.2012 0.3313 
0.3653 0.2213 0.3643 0.0492 
0.0286 0.6838 0.2143 0.0733 
0.0747 0.0042 0.8165 0.1047 
0.0684 0.4114 0.4499 0.0704 
0.8090 0.0516 0.0054 0.1340 
0.1983 0.2778 0.4860 0.0379 
0.1406 0.2884 0.1982 0.3728 
0.2288 0.2469 0.2592 0.2651 

MOTIF filter13 
letter-probability matrix: alength= 4 w= 12 nsites= 12 
0.3110 0.0948 0.3197 0.2745 
0.2858 0.3279 0.0507 0.3355 
0.3424 0.2087 0.0515 0.3973 
0.6957 0.0014 0.0201 0.2828 
0.1967 0.1440 0.0711 0.5882 
0.6909 0.0061 0.0007 0.3024 
0.2324 0.0214 0.0124 0.7337 
0.6693 0.0061 0.0590 0.2656 
0.0539 0.0537 0.4937 0.3987 
0.4088 0.2353 0.1811 0.1748 
0.1258 0.1446 0.5267 0.2030 
0.2660 0.2783 0.2753 0.1805 

MOTIF filter14 
letter-probability matrix: alength= 4 w= 12 nsites= 12 
0.1931 0.1955 0.2027 0.4087 
0.0882 0.1833 0.1543 0.5743 
0.2173 0.0370 0.3694 0.3762 
0.0408 0.8875 0.0695 0.0022 
0.1939 0.2988 0.2159 0.2914 
0.3897 0.0550 0.5113 0.0440 
0.6176 0.0730 0.2378 0.0716 
0.1419 0.3825 0.1258 0.3498 
0.6138 0.1774 0.0069 0.2018 
0.2024 0.1439 0.2833 0.3703 
0.0833 0.2786 0.3592 0.2789 
0.1696 0.3315 0.2481 0.2508 

MOTIF filter15 
letter-probability matrix: alength= 4 w= 8 nsites= 8 
0.2378 0.2480 0.2397 0.2745 
0.2573 0.2164 0.2536 0.2727 
0.1202 0.2752 0.4197 0.1849 
0.0723 0.0067 0.0670 0.8540 
0.4126 0.0036 0.5687 0.0152 
0.3230 0.3350 0.2303 0.1117 
0.3927 0.3869 0.0546 0.1658 
0.1809 0.2049 0.5040 0.1101 

MOTIF filter16 
letter-probability matrix: alength= 4 w= 10 nsites= 10 
0.2891 0.5417 0.0918 0.0774 
0.1581 0.1719 0.3116 0.3585 
0.5902 0.1530 0.1454 0.1115 
0.1194 0.0008 0.1904 0.6894 
0.0752 0.1247 0.0358 0.7643 
0.5950 0.0711 0.1307 0.2032 
0.8006 0.1051 0.0171 0.0772 
0.2255 0.3097 0.2108 0.2540 
0.4537 0.2093 0.1031 0.2339 
0.0973 0.1827 0.4085 0.3116 

MOTIF filter17 
letter-probability matrix: alength= 4 w= 14 nsites= 14 
0.1802 0.2505 0.3053 0.2640 
0.1206 0.3156 0.3753 0.1885 
0.0807 0.5467 0.0642 0.3083 
0.0525 0.6052 0.0530 0.2892 
0.1190 0.5700 0.2505 0.0605 
0.1854 0.4596 0.1478 0.2071 
0.0232 0.6123 0.2705 0.0940 
0.2257 0.3722 0.0903 0.3118 
0.0309 0.4128 0.0042 0.5521 
0.3331 0.5567 0.0036 0.1066 
0.0855 0.5887 0.0499 0.2759 
0.1240 0.2617 0.1216 0.4927 
0.2060 0.3929 0.0958 0.3053 
0.2425 0.2441 0.1480 0.3654 

MOTIF filter18 
letter-probability matrix: alength= 4 w= 12 nsites= 12 
0.2560 0.2480 0.2378 0.2583 
0.2326 0.1992 0.2160 0.3522 
0.3468 0.3257 0.3184 0.0091 
0.0755 0.0080 0.1618 0.7547 
0.3158 0.6236 0.0259 0.0347 
0.0504 0.0726 0.6851 0.1919 
0.3469 0.2417 0.2656 0.1458 
0.0141 0.5541 0.0717 0.3601 
0.6532 0.1717 0.0888 0.0863 
0.1047 0.2126 0.3278 0.3548 
0.3004 0.2315 0.2309 0.2371 
0.2798 0.2202 0.2496 0.2504 

MOTIF filter19 
letter-probability matrix: alength= 4 w= 15 nsites= 15 
0.2897 0.2282 0.2234 0.2587 
0.2158 0.1857 0.2194 0.3790 
0.1671 0.1752 0.1822 0.4755 
0.0845 0.0926 0.0720 0.7509 
0.1626 0.0460 0.0427 0.7486 
0.2418 0.4026 0.1763 0.1793 
0.0885 0.3384 0.0695 0.5036 
0.3933 0.1897 0.2363 0.1807 
0.4178 0.0081 0.4624 0.1117 
0.1834 0.0748 0.5693 0.1725 
0.8086 0.1222 0.0617 0.0075 
0.8385 0.0390 0.0878 0.0347 
0.3206 0.2451 0.2431 0.1912 
0.3006 0.2336 0.2062 0.2597 
0.2692 0.2359 0.2555 0.2394 

MOTIF filter20 
letter-probability matrix: alength= 4 w= 11 nsites= 11 
0.1821 0.4621 0.2690 0.0868 
0.2554 0.2725 0.1036 0.3685 
0.0584 0.5310 0.3049 0.1057 
0.0987 0.5654 0.0117 0.3243 
0.2204 0.0664 0.0874 0.6258 
0.3580 0.2066 0.2808 0.1546 
0.0020 0.1258 0.8715 0.0006 
0.0007 0.0187 0.3587 0.6219 
0.2739 0.3942 0.2427 0.0892 
0.1574 0.2024 0.3874 0.2527 
0.1327 0.3949 0.1914 0.2811 

MOTIF filter21 
letter-probability matrix: alength= 4 w= 16 nsites= 16 
0.3008 0.2841 0.3106 0.1046 
0.3967 0.2600 0.1071 0.2361 
0.2226 0.1797 0.1908 0.4069 
0.1929 0.6578 0.1226 0.0267 
0.3367 0.3201 0.0168 0.3264 
0.0709 0.1270 0.4471 0.3551 
0.3709 0.1211 0.2143 0.2937 
0.0855 0.2147 0.0013 0.6985 
0.1727 0.2270 0.4889 0.1114 
0.3450 0.1518 0.1406 0.3625 
0.1707 0.1377 0.4867 0.2049 
0.1262 0.6371 0.1323 0.1045 
0.6765 0.1166 0.0758 0.1311 
0.3536 0.2010 0.1677 0.2778 
0.3682 0.1245 0.1184 0.3889 
0.3328 0.1763 0.1119 0.3791 

MOTIF filter22 
letter-probability matrix: alength= 4 w= 12 nsites= 12 
0.3694 0.2871 0.1673 0.1762 
0.2014 0.3670 0.2394 0.1922 
0.1828 0.3313 0.2389 0.2470 
0.7292 0.0372 0.0445 0.1891 
0.5189 0.0847 0.3671 0.0293 
0.0724 0.1323 0.7713 0.0240 
0.4655 0.0672 0.0090 0.4584 
0.1660 0.0577 0.4637 0.3127 
0.0127 0.1243 0.8161 0.0469 
0.1222 0.1947 0.5068 0.1763 
0.1516 0.5836 0.0461 0.2187 
0.2455 0.2757 0.1858 0.2930 

MOTIF filter23 
letter-probability matrix: alength= 4 w= 12 nsites= 12 
0.0797 0.2496 0.0804 0.5903 
0.1404 0.2788 0.1584 0.4224 
0.3643 0.1722 0.0244 0.4391 
0.1361 0.0001 0.2632 0.6007 
0.3146 0.4103 0.0118 0.2634 
0.6893 0.1756 0.0468 0.0883 
0.7532 0.0333 0.0018 0.2117 
0.3781 0.2202 0.0293 0.3724 
0.2691 0.0667 0.6093 0.0549 
0.1187 0.1443 0.5276 0.2095 
0.4033 0.3428 0.0376 0.2163 
0.3328 0.3219 0.1843 0.1610 

MOTIF filter24 
letter-probability matrix: alength= 4 w= 11 nsites= 11 
0.2585 0.2510 0.2363 0.2542 
0.3872 0.0920 0.1464 0.3744 
0.2306 0.2741 0.1776 0.3177 
0.1656 0.0793 0.1021 0.6530 
0.1447 0.0425 0.7702 0.0426 
0.1970 0.6335 0.0808 0.0886 
0.0354 0.3707 0.0572 0.5366 
0.0090 0.0603 0.1179 0.8128 
0.3884 0.1167 0.4174 0.0776 
0.1759 0.2213 0.2165 0.3864 
0.2288 0.1933 0.5311 0.0468 

MOTIF filter25 
letter-probability matrix: alength= 4 w= 7 nsites= 7 
0.2672 0.1338 0.5437 0.0554 
0.1652 0.0653 0.1690 0.6005 
0.5188 0.2555 0.0576 0.1681 
0.8292 0.0404 0.0758 0.0546 
0.0208 0.2944 0.2335 0.4513 
0.3455 0.2690 0.3550 0.0305 
0.2277 0.1517 0.2526 0.3681 

MOTIF filter26 
letter-probability matrix: alength= 4 w= 15 nsites= 15 
0.2653 0.2431 0.2369 0.2547 
0.2534 0.2382 0.1966 0.3118 
0.5193 0.1310 0.2892 0.0605 
0.2421 0.0137 0.0979 0.6463 
0.2411 0.0225 0.2238 0.5127 
0.3101 0.0366 0.4061 0.2472 
0.1674 0.0905 0.3912 0.3509 
0.2235 0.0033 0.6871 0.0861 
0.2653 0.0867 0.3825 0.2655 
0.3508 0.1419 0.2327 0.2746 
0.3024 0.0542 0.6425 0.0009 
0.0296 0.3758 0.5140 0.0805 
0.1596 0.3544 0.2426 0.2434 
0.1409 0.3766 0.2042 0.2783 
0.2717 0.1194 0.3340 0.2749 

MOTIF filter27 
letter-probability matrix: alength= 4 w= 11 nsites= 11 
0.1034 0.4431 0.1209 0.3326 
0.2280 0.4072 0.1789 0.1860 
0.1898 0.5780 0.1801 0.0521 
0.0542 0.7361 0.0367 0.1730 
0.1337 0.2714 0.4170 0.1779 
0.2130 0.3864 0.1192 0.2813 
0.0553 0.4722 0.4520 0.0205 
0.0609 0.4213 0.4698 0.0480 
0.0088 0.3147 0.3234 0.3531 
0.3074 0.2062 0.4206 0.0658 
0.3379 0.2526 0.2885 0.1210 

MOTIF filter28 
letter-probability matrix: alength= 4 w= 12 nsites= 12 
0.1381 0.0735 0.1578 0.6307 
0.1455 0.0321 0.3642 0.4582 
0.4469 0.0586 0.2890 0.2054 
0.0666 0.8041 0.0636 0.0656 
0.6014 0.2588 0.1268 0.0130 
0.1835 0.1623 0.4254 0.2288 
0.6708 0.0437 0.2214 0.0642 
0.5548 0.0683 0.0350 0.3419 
0.0251 0.0937 0.5961 0.2850 
0.3211 0.3039 0.1449 0.2301 
0.2745 0.1372 0.1753 0.4130 
0.1435 0.2003 0.5311 0.1251 

MOTIF filter29 
letter-probability matrix: alength= 4 w= 13 nsites= 13 
0.2742 0.1100 0.4330 0.1828 
0.3746 0.2338 0.2796 0.1120 
0.2280 0.2087 0.3571 0.2061 
0.4603 0.0001 0.4540 0.0856 
0.1857 0.0075 0.5408 0.2660 
0.1199 0.0820 0.7702 0.0279 
0.1070 0.1211 0.4892 0.2827 
0.0262 0.1668 0.5032 0.3038 
0.0735 0.1200 0.7738 0.0327 
0.1157 0.1117 0.6967 0.0759 
0.2566 0.1256 0.5185 0.0993 
0.2246 0.1712 0.4828 0.1213 
0.2178 0.3508 0.2485 0.1829 

MOTIF filter30 
letter-probability matrix: alength= 4 w= 8 nsites= 8 
0.0307 0.2439 0.3973 0.3281 
0.0807 0.4680 0.3462 0.1051 
0.1359 0.5821 0.0930 0.1889 
0.0865 0.8677 0.0005 0.0452 
0.6773 0.0861 0.1547 0.0819 
0.0035 0.2507 0.3740 0.3718 
0.5721 0.1611 0.2033 0.0636 
0.3618 0.1245 0.2681 0.2457 

MOTIF filter31 
letter-probability matrix: alength= 4 w= 10 nsites= 10 
0.3754 0.2753 0.1960 0.1533 
0.3106 0.1738 0.3148 0.2008 
0.1560 0.1896 0.3680 0.2864 
0.0094 0.6198 0.0254 0.3455 
0.0151 0.9058 0.0006 0.0786 
0.2612 0.5653 0.1285 0.0449 
0.0399 0.0194 0.6828 0.2579 
0.0830 0.1416 0.5326 0.2429 
0.4009 0.0614 0.4060 0.1317 
0.3166 0.1293 0.0372 0.5169 

