MEME version 4

ALPHABET= ACGT

Background letter frequencies:
A 0.2500 C 0.2500 G 0.2500 T 0.2500 

MOTIF filter0 
letter-probability matrix: alength= 4 w= 11 nsites= 11 
0.2631 0.2282 0.2672 0.2414 
0.2829 0.2756 0.2359 0.2056 
0.3230 0.2395 0.1728 0.2647 
0.2591 0.0009 0.0002 0.7399 
0.2151 0.5395 0.0792 0.1661 
0.2520 0.2641 0.2027 0.2812 
0.0533 0.3120 0.6336 0.0012 
0.0078 0.3240 0.6168 0.0515 
0.1632 0.2058 0.3297 0.3012 
0.4788 0.0514 0.1885 0.2813 
0.2069 0.1514 0.3297 0.3120 

MOTIF filter1 
letter-probability matrix: alength= 4 w= 14 nsites= 14 
0.2215 0.2788 0.2730 0.2267 
0.2350 0.2991 0.1482 0.3178 
0.4705 0.0445 0.2811 0.2038 
0.0303 0.6553 0.2282 0.0861 
0.0209 0.1472 0.0670 0.7649 
0.0176 0.4806 0.3503 0.1515 
0.4719 0.0718 0.4423 0.0141 
0.5908 0.3377 0.0520 0.0196 
0.1855 0.0719 0.0831 0.6595 
0.0518 0.7092 0.2093 0.0296 
0.6670 0.0724 0.0987 0.1619 
0.0237 0.2187 0.4655 0.2920 
0.2751 0.3222 0.1997 0.2030 
0.2231 0.2723 0.2686 0.2359 

MOTIF filter2 
letter-probability matrix: alength= 4 w= 16 nsites= 16 
0.2518 0.2512 0.2467 0.2504 
0.1016 0.4776 0.3549 0.0659 
0.2807 0.1894 0.1946 0.3352 
0.0837 0.6851 0.0879 0.1433 
0.4598 0.0282 0.1725 0.3395 
0.1835 0.3188 0.0213 0.4764 
0.0597 0.2180 0.7177 0.0045 
0.0753 0.4828 0.1975 0.2444 
0.3534 0.0154 0.4348 0.1964 
0.2427 0.1732 0.3158 0.2683 
0.2468 0.4446 0.0601 0.2485 
0.3071 0.1043 0.1638 0.4248 
0.0600 0.0899 0.7431 0.1070 
0.1491 0.3811 0.0356 0.4342 
0.1859 0.3357 0.2861 0.1923 
0.3120 0.2530 0.3465 0.0884 

MOTIF filter3 
letter-probability matrix: alength= 4 w= 12 nsites= 12 
0.2105 0.2285 0.2807 0.2803 
0.0613 0.4722 0.2305 0.2360 
0.0910 0.5119 0.0609 0.3362 
0.0700 0.6273 0.0251 0.2776 
0.0149 0.8787 0.0572 0.0493 
0.1277 0.5922 0.1619 0.1182 
0.1190 0.5547 0.1285 0.1978 
0.1097 0.6481 0.1201 0.1221 
0.0018 0.6175 0.0685 0.3122 
0.1489 0.4528 0.0978 0.3005 
0.1441 0.4506 0.1270 0.2783 
0.1752 0.3260 0.2847 0.2141 

MOTIF filter4 
letter-probability matrix: alength= 4 w= 10 nsites= 10 
0.1845 0.2607 0.2788 0.2760 
0.2901 0.1880 0.3355 0.1864 
0.2755 0.2473 0.2591 0.2181 
0.2083 0.6288 0.1629 0.0000 
0.0934 0.4461 0.3340 0.1265 
0.5385 0.1887 0.2707 0.0020 
0.9775 0.0030 0.0034 0.0161 
0.0986 0.2331 0.0720 0.5963 
0.1402 0.3425 0.3748 0.1425 
0.3881 0.1820 0.3011 0.1288 

MOTIF filter5 
letter-probability matrix: alength= 4 w= 12 nsites= 12 
0.2136 0.2255 0.2635 0.2974 
0.1819 0.3791 0.1736 0.2654 
0.1232 0.2863 0.2182 0.3723 
0.4935 0.3919 0.0351 0.0796 
0.1002 0.1968 0.0262 0.6768 
0.5098 0.2449 0.1456 0.0996 
0.1085 0.0008 0.5357 0.3550 
0.3488 0.3035 0.2918 0.0559 
0.0800 0.0009 0.4268 0.4923 
0.5445 0.2668 0.1056 0.0832 
0.0282 0.1619 0.3107 0.4992 
0.3865 0.1800 0.3031 0.1304 

MOTIF filter6 
letter-probability matrix: alength= 4 w= 14 nsites= 14 
0.2327 0.4449 0.1822 0.1402 
0.2324 0.2394 0.2631 0.2651 
0.1577 0.2188 0.4674 0.1561 
0.0469 0.6460 0.2126 0.0944 
0.0726 0.7260 0.0693 0.1321 
0.3428 0.1578 0.3981 0.1013 
0.1497 0.1674 0.0712 0.6116 
0.2137 0.1191 0.2516 0.4156 
0.8598 0.0309 0.0433 0.0660 
0.0751 0.1144 0.0201 0.7904 
0.1082 0.1319 0.0486 0.7113 
0.2796 0.3815 0.2742 0.0646 
0.5365 0.1170 0.2276 0.1190 
0.2358 0.3517 0.2180 0.1945 

MOTIF filter7 
letter-probability matrix: alength= 4 w= 13 nsites= 13 
0.2457 0.2476 0.2443 0.2623 
0.2354 0.4184 0.1817 0.1645 
0.3361 0.1880 0.1664 0.3095 
0.0774 0.1122 0.6892 0.1212 
0.0757 0.7687 0.0689 0.0866 
0.2296 0.6004 0.0839 0.0861 
0.7344 0.1765 0.0733 0.0158 
0.1133 0.7467 0.0226 0.1174 
0.3378 0.4710 0.0588 0.1324 
0.6132 0.0316 0.0270 0.3282 
0.1496 0.0357 0.3203 0.4944 
0.2607 0.0362 0.5622 0.1408 
0.2501 0.2615 0.0646 0.4239 

MOTIF filter8 
letter-probability matrix: alength= 4 w= 15 nsites= 15 
0.2591 0.2471 0.2293 0.2644 
0.3192 0.1085 0.2350 0.3372 
0.1652 0.3099 0.1675 0.3575 
0.2699 0.0518 0.0815 0.5968 
0.5208 0.1041 0.3011 0.0740 
0.0436 0.0111 0.1535 0.7918 
0.2527 0.4058 0.1503 0.1912 
0.4060 0.0243 0.0536 0.5161 
0.2328 0.0099 0.6853 0.0720 
0.4836 0.4610 0.0205 0.0349 
0.4553 0.2206 0.0892 0.2348 
0.0187 0.1827 0.1662 0.6323 
0.3603 0.3122 0.1734 0.1542 
0.4907 0.1143 0.1735 0.2215 
0.1943 0.3258 0.1451 0.3348 

MOTIF filter9 
letter-probability matrix: alength= 4 w= 11 nsites= 11 
0.2999 0.2295 0.2901 0.1805 
0.2539 0.3342 0.2882 0.1237 
0.2316 0.1621 0.1318 0.4745 
0.3244 0.6419 0.0102 0.0235 
0.5266 0.3949 0.0012 0.0772 
0.4488 0.2314 0.2279 0.0920 
0.4490 0.2258 0.0707 0.2545 
0.0050 0.0386 0.4828 0.4735 
0.2475 0.2508 0.3291 0.1727 
0.2830 0.2660 0.2190 0.2319 
0.2435 0.2490 0.2685 0.2390 

MOTIF filter10 
letter-probability matrix: alength= 4 w= 16 nsites= 16 
0.3704 0.1624 0.1132 0.3539 
0.4263 0.1147 0.1698 0.2892 
0.3147 0.2709 0.1269 0.2875 
0.0691 0.1206 0.0764 0.7339 
0.0586 0.0644 0.4800 0.3970 
0.1356 0.7756 0.0783 0.0105 
0.3326 0.2093 0.0023 0.4559 
0.0467 0.0220 0.7563 0.1750 
0.2093 0.3758 0.3061 0.1088 
0.3902 0.1649 0.1716 0.2733 
0.6812 0.0746 0.1994 0.0448 
0.2640 0.0309 0.2627 0.4423 
0.0964 0.1932 0.0785 0.6318 
0.2565 0.0828 0.4068 0.2540 
0.2776 0.1773 0.3816 0.1634 
0.2539 0.2699 0.2420 0.2343 

MOTIF filter11 
letter-probability matrix: alength= 4 w= 13 nsites= 13 
0.1588 0.3257 0.2262 0.2893 
0.3257 0.1673 0.3162 0.1908 
0.1245 0.2967 0.2409 0.3379 
0.0200 0.3123 0.0371 0.6306 
0.0379 0.3290 0.4418 0.1913 
0.8270 0.0777 0.0572 0.0381 
0.1042 0.0320 0.0167 0.8472 
0.0748 0.1357 0.1370 0.6525 
0.1375 0.1020 0.6699 0.0907 
0.1173 0.0840 0.6998 0.0989 
0.1720 0.3598 0.1105 0.3577 
0.1235 0.3274 0.2322 0.3168 
0.2631 0.3050 0.2536 0.1783 

MOTIF filter12 
letter-probability matrix: alength= 4 w= 10 nsites= 10 
0.1878 0.2643 0.2688 0.2791 
0.2556 0.2141 0.1794 0.3509 
0.2863 0.2360 0.3601 0.1176 
0.1983 0.6475 0.0465 0.1077 
0.0561 0.4001 0.4087 0.1351 
0.1873 0.0081 0.5272 0.2774 
0.5775 0.0042 0.4181 0.0001 
0.4956 0.0740 0.0893 0.3410 
0.4338 0.1941 0.3582 0.0139 
0.1939 0.2133 0.3178 0.2750 

MOTIF filter13 
letter-probability matrix: alength= 4 w= 12 nsites= 12 
0.2281 0.2786 0.2148 0.2785 
0.2998 0.2425 0.1431 0.3146 
0.4485 0.1510 0.2491 0.1514 
0.7530 0.0059 0.1241 0.1170 
0.1773 0.3680 0.1127 0.3420 
0.4063 0.0378 0.5241 0.0318 
0.5832 0.0411 0.2906 0.0851 
0.0804 0.4838 0.0357 0.4001 
0.1011 0.0871 0.7938 0.0180 
0.2614 0.1515 0.5287 0.0584 
0.1543 0.4962 0.0865 0.2630 
0.2239 0.2918 0.1653 0.3190 

MOTIF filter14 
letter-probability matrix: alength= 4 w= 11 nsites= 11 
0.3579 0.0379 0.4352 0.1689 
0.2046 0.4179 0.1666 0.2108 
0.0714 0.4367 0.1702 0.3217 
0.3523 0.5353 0.0744 0.0381 
0.2487 0.0135 0.0358 0.7020 
0.0524 0.2921 0.3950 0.2605 
0.5142 0.3304 0.1111 0.0442 
0.1071 0.0400 0.0100 0.8429 
0.0608 0.1138 0.3422 0.4832 
0.3517 0.0031 0.3789 0.2664 
0.0735 0.2302 0.4336 0.2627 

MOTIF filter15 
letter-probability matrix: alength= 4 w= 12 nsites= 12 
0.2205 0.3078 0.2720 0.1997 
0.2055 0.3072 0.2355 0.2518 
0.1528 0.3642 0.1024 0.3806 
0.0361 0.5424 0.0100 0.4115 
0.5656 0.2759 0.0150 0.1435 
0.0458 0.7388 0.0074 0.2080 
0.5210 0.0721 0.2934 0.1134 
0.0506 0.0281 0.4433 0.4780 
0.5144 0.0044 0.3032 0.1780 
0.3368 0.1667 0.2917 0.2049 
0.2412 0.1264 0.5381 0.0943 
0.1575 0.2647 0.2838 0.2941 

MOTIF filter16 
letter-probability matrix: alength= 4 w= 14 nsites= 14 
0.2125 0.3371 0.2074 0.2430 
0.4511 0.0981 0.3243 0.1266 
0.1486 0.4122 0.1880 0.2512 
0.0523 0.1259 0.0364 0.7855 
0.0644 0.0138 0.1758 0.7459 
0.3218 0.5898 0.0365 0.0519 
0.1229 0.2329 0.1718 0.4724 
0.1475 0.0725 0.5765 0.2034 
0.4592 0.4124 0.0874 0.0410 
0.0306 0.2368 0.4557 0.2768 
0.0138 0.1116 0.0991 0.7755 
0.4587 0.3475 0.0346 0.1591 
0.3779 0.1279 0.4118 0.0824 
0.2316 0.3018 0.1546 0.3119 

MOTIF filter17 
letter-probability matrix: alength= 4 w= 10 nsites= 10 
0.0555 0.5467 0.2951 0.1026 
0.3054 0.0935 0.2712 0.3299 
0.0064 0.2789 0.4727 0.2420 
0.3569 0.0000 0.6382 0.0048 
0.3527 0.3128 0.0001 0.3345 
0.2124 0.3458 0.3084 0.1334 
0.4680 0.0397 0.0029 0.4894 
0.1740 0.3177 0.3327 0.1756 
0.3136 0.2343 0.2495 0.2025 
0.2464 0.2873 0.1429 0.3234 

MOTIF filter18 
letter-probability matrix: alength= 4 w= 12 nsites= 12 
0.2519 0.2449 0.2598 0.2434 
0.3563 0.1867 0.2704 0.1867 
0.2686 0.3422 0.2639 0.1252 
0.1589 0.7664 0.0593 0.0155 
0.8092 0.0962 0.0779 0.0167 
0.0208 0.7917 0.0178 0.1697 
0.1306 0.0418 0.7982 0.0294 
0.3111 0.1074 0.0975 0.4839 
0.0244 0.1109 0.6548 0.2100 
0.0808 0.2941 0.3853 0.2398 
0.2057 0.2930 0.1771 0.3242 
0.2764 0.2553 0.2623 0.2060 

MOTIF filter19 
letter-probability matrix: alength= 4 w= 12 nsites= 12 
0.2503 0.2693 0.2848 0.1956 
0.2549 0.3122 0.2441 0.1888 
0.0560 0.3128 0.3436 0.2876 
0.0237 0.7930 0.0390 0.1444 
0.1078 0.6776 0.1012 0.1133 
0.1955 0.6595 0.1309 0.0141 
0.1797 0.1904 0.4407 0.1893 
0.0529 0.1348 0.3259 0.4864 
0.8559 0.0304 0.1063 0.0074 
0.4515 0.2978 0.1406 0.1101 
0.2278 0.2201 0.2190 0.3331 
0.2347 0.2770 0.1180 0.3702 

MOTIF filter20 
letter-probability matrix: alength= 4 w= 15 nsites= 15 
0.1819 0.3219 0.1983 0.2979 
0.3085 0.1841 0.2278 0.2797 
0.2599 0.1039 0.1715 0.4646 
0.0992 0.0162 0.0087 0.8759 
0.0226 0.0061 0.0040 0.9673 
0.2957 0.4336 0.0458 0.2249 
0.1842 0.5147 0.0353 0.2658 
0.3466 0.2268 0.1469 0.2797 
0.3135 0.0538 0.5374 0.0954 
0.0702 0.0776 0.7271 0.1251 
0.6081 0.1173 0.1815 0.0931 
0.7841 0.1046 0.0649 0.0464 
0.4707 0.1665 0.1942 0.1685 
0.2625 0.2154 0.2746 0.2475 
0.2393 0.2757 0.2242 0.2608 

MOTIF filter21 
letter-probability matrix: alength= 4 w= 13 nsites= 13 
0.1692 0.3109 0.2050 0.3149 
0.2069 0.1791 0.3032 0.3109 
0.3417 0.1580 0.2011 0.2991 
0.0584 0.7969 0.0601 0.0845 
0.0402 0.7323 0.2176 0.0099 
0.2180 0.2664 0.2964 0.2193 
0.4448 0.0916 0.2626 0.2010 
0.4170 0.0344 0.4934 0.0551 
0.1861 0.0065 0.4714 0.3360 
0.8528 0.0122 0.0983 0.0367 
0.4269 0.0487 0.4368 0.0876 
0.1264 0.2508 0.4903 0.1325 
0.1040 0.2061 0.5672 0.1226 

MOTIF filter22 
letter-probability matrix: alength= 4 w= 12 nsites= 12 
0.3875 0.2078 0.2887 0.1160 
0.2200 0.2880 0.2042 0.2877 
0.2193 0.2182 0.2281 0.3345 
0.5905 0.0618 0.0292 0.3185 
0.1832 0.0009 0.2234 0.5925 
0.3123 0.1588 0.0457 0.4832 
0.5715 0.0122 0.0066 0.4097 
0.7979 0.0043 0.0508 0.1470 
0.4851 0.0587 0.0271 0.4291 
0.2922 0.2259 0.3136 0.1683 
0.2515 0.2893 0.1580 0.3012 
0.1874 0.2468 0.2139 0.3520 

MOTIF filter23 
letter-probability matrix: alength= 4 w= 10 nsites= 10 
0.3249 0.4555 0.2039 0.0157 
0.2238 0.4194 0.0905 0.2664 
0.4294 0.1923 0.1610 0.2173 
0.1023 0.0022 0.6562 0.2393 
0.6672 0.1340 0.0503 0.1485 
0.0196 0.3400 0.4421 0.1983 
0.0539 0.1258 0.0019 0.8184 
0.1631 0.3046 0.1542 0.3781 
0.3997 0.2053 0.2698 0.1251 
0.1116 0.1799 0.4070 0.3014 

MOTIF filter24 
letter-probability matrix: alength= 4 w= 13 nsites= 13 
0.2542 0.2389 0.1910 0.3159 
0.2356 0.2831 0.2287 0.2525 
0.2477 0.1325 0.2591 0.3608 
0.1552 0.0001 0.4896 0.3550 
0.0569 0.3280 0.0782 0.5369 
0.2905 0.4454 0.1445 0.1196 
0.4718 0.2761 0.0718 0.1803 
0.2963 0.3001 0.0733 0.3304 
0.0000 0.3550 0.4097 0.2353 
0.2541 0.6790 0.0143 0.0527 
0.4522 0.0496 0.1391 0.3592 
0.5137 0.2243 0.1625 0.0995 
0.3351 0.2364 0.2037 0.2248 

MOTIF filter25 
letter-probability matrix: alength= 4 w= 12 nsites= 12 
0.2008 0.2948 0.3318 0.1726 
0.1564 0.2137 0.3531 0.2768 
0.1442 0.3953 0.2091 0.2514 
0.0132 0.8221 0.0753 0.0895 
0.1753 0.1527 0.2891 0.3829 
0.1560 0.0199 0.4790 0.3450 
0.1747 0.4509 0.1891 0.1853 
0.0009 0.5112 0.2242 0.2637 
0.0106 0.3662 0.0179 0.6054 
0.5010 0.2487 0.0921 0.1582 
0.0448 0.3203 0.3682 0.2667 
0.3313 0.3038 0.0915 0.2734 

MOTIF filter26 
letter-probability matrix: alength= 4 w= 9 nsites= 9 
0.3122 0.3084 0.2328 0.1466 
0.1192 0.1058 0.1965 0.5785 
0.0647 0.3067 0.3252 0.3033 
0.6834 0.1056 0.1217 0.0894 
0.7869 0.1600 0.0501 0.0030 
0.0153 0.2064 0.1625 0.6159 
0.0201 0.5413 0.2493 0.1893 
0.3211 0.1334 0.4362 0.1093 
0.0152 0.4523 0.2084 0.3241 

MOTIF filter27 
letter-probability matrix: alength= 4 w= 13 nsites= 13 
0.2380 0.2352 0.2692 0.2576 
0.2487 0.1801 0.3974 0.1738 
0.2339 0.0325 0.5263 0.2073 
0.3513 0.0888 0.5530 0.0069 
0.1989 0.0566 0.7394 0.0050 
0.1119 0.1003 0.6520 0.1358 
0.2627 0.2809 0.3612 0.0951 
0.0799 0.1492 0.7036 0.0672 
0.0860 0.1137 0.7645 0.0357 
0.4086 0.0392 0.5078 0.0444 
0.2313 0.1216 0.5479 0.0992 
0.1655 0.2805 0.4335 0.1205 
0.1964 0.2889 0.2688 0.2460 

MOTIF filter28 
letter-probability matrix: alength= 4 w= 11 nsites= 11 
0.3229 0.2343 0.2596 0.1832 
0.2966 0.2591 0.3135 0.1308 
0.2421 0.3345 0.1473 0.2762 
0.0628 0.6205 0.2172 0.0994 
0.1656 0.4073 0.3181 0.1089 
0.2437 0.0936 0.6086 0.0541 
0.0000 0.7682 0.2091 0.0226 
0.4694 0.1404 0.0086 0.3817 
0.0162 0.1999 0.2879 0.4961 
0.3346 0.2316 0.1915 0.2422 
0.2494 0.1922 0.2179 0.3405 

MOTIF filter29 
letter-probability matrix: alength= 4 w= 14 nsites= 14 
0.1867 0.4094 0.2355 0.1684 
0.1873 0.0643 0.2336 0.5149 
0.2104 0.3349 0.0340 0.4207 
0.0737 0.3141 0.0200 0.5922 
0.4406 0.3080 0.0632 0.1883 
0.2249 0.0733 0.0042 0.6977 
0.1908 0.1724 0.2414 0.3955 
0.1167 0.2075 0.3011 0.3747 
0.5683 0.0057 0.0525 0.3734 
0.6353 0.0257 0.2213 0.1178 
0.9129 0.0221 0.0208 0.0441 
0.3063 0.1908 0.1547 0.3482 
0.3548 0.2445 0.0799 0.3207 
0.3187 0.2654 0.2240 0.1919 

MOTIF filter30 
letter-probability matrix: alength= 4 w= 10 nsites= 10 
0.2120 0.0312 0.3358 0.4210 
0.1285 0.2650 0.4485 0.1580 
0.5638 0.0790 0.2780 0.0792 
0.0471 0.4016 0.0315 0.5198 
0.0913 0.4518 0.3610 0.0960 
0.8911 0.0004 0.0654 0.0431 
0.0436 0.1349 0.7097 0.1119 
0.5746 0.0541 0.1590 0.2123 
0.5441 0.2936 0.0423 0.1200 
0.6002 0.1366 0.0591 0.2040 

MOTIF filter31 
letter-probability matrix: alength= 4 w= 13 nsites= 13 
0.2621 0.2497 0.2440 0.2442 
0.4139 0.1941 0.3353 0.0567 
0.0597 0.0383 0.0483 0.8537 
0.0193 0.0435 0.1731 0.7641 
0.2895 0.0573 0.4846 0.1686 
0.0658 0.7577 0.0258 0.1507 
0.1615 0.1114 0.6312 0.0959 
0.1758 0.6148 0.0317 0.1777 
0.7785 0.1831 0.0040 0.0343 
0.6469 0.1280 0.1788 0.0462 
0.1261 0.2563 0.1426 0.4750 
0.2881 0.2812 0.2524 0.1783 
0.2234 0.2179 0.2733 0.2855 

