MEME version 4

ALPHABET= ACGT

Background letter frequencies:
A 0.2500 C 0.2500 G 0.2500 T 0.2500 

MOTIF filter0 
letter-probability matrix: alength= 4 w= 12 nsites= 12 
0.2475 0.4380 0.1617 0.1527 
0.1995 0.3392 0.2637 0.1976 
0.4315 0.1166 0.2446 0.2072 
0.3739 0.0425 0.0287 0.5550 
0.1250 0.0260 0.0035 0.8455 
0.2981 0.0300 0.0368 0.6351 
0.5644 0.1484 0.0031 0.2841 
0.3543 0.1472 0.3202 0.1783 
0.7421 0.0223 0.0417 0.1939 
0.2270 0.0769 0.2102 0.4858 
0.2804 0.1034 0.3059 0.3102 
0.1659 0.3512 0.1641 0.3188 

MOTIF filter1 
letter-probability matrix: alength= 4 w= 11 nsites= 11 
0.2944 0.2128 0.3569 0.1358 
0.2466 0.3469 0.3133 0.0932 
0.0467 0.3693 0.4587 0.1252 
0.0238 0.7077 0.0073 0.2612 
0.1817 0.5464 0.2719 0.0001 
0.1618 0.2708 0.0525 0.5149 
0.0639 0.2639 0.1158 0.5564 
0.0449 0.5187 0.0419 0.3945 
0.3127 0.2327 0.1171 0.3375 
0.0358 0.2164 0.5814 0.1664 
0.1882 0.2794 0.2684 0.2640 

MOTIF filter2 
letter-probability matrix: alength= 4 w= 12 nsites= 12 
0.2294 0.2772 0.2270 0.2663 
0.2487 0.2207 0.2631 0.2675 
0.2423 0.2712 0.2251 0.2614 
0.1004 0.0375 0.0981 0.7640 
0.0286 0.1558 0.2100 0.6057 
0.0595 0.6468 0.2062 0.0875 
0.0385 0.7901 0.1696 0.0017 
0.0591 0.4197 0.1982 0.3230 
0.7796 0.0097 0.1075 0.1032 
0.3773 0.2256 0.2256 0.1715 
0.3128 0.1136 0.3701 0.2035 
0.3109 0.2259 0.1983 0.2648 

MOTIF filter3 
letter-probability matrix: alength= 4 w= 12 nsites= 12 
0.1646 0.3368 0.1749 0.3238 
0.1952 0.2808 0.1791 0.3449 
0.1328 0.4701 0.0374 0.3597 
0.0329 0.7055 0.2151 0.0465 
0.1970 0.7391 0.0048 0.0590 
0.0121 0.0419 0.9374 0.0086 
0.0018 0.0528 0.8343 0.1110 
0.3662 0.1252 0.3120 0.1966 
0.6774 0.1115 0.1047 0.1064 
0.2912 0.0990 0.5154 0.0944 
0.1851 0.2058 0.2129 0.3962 
0.2993 0.1779 0.3977 0.1251 

MOTIF filter4 
letter-probability matrix: alength= 4 w= 16 nsites= 16 
0.2568 0.2788 0.2386 0.2258 
0.2594 0.2957 0.3555 0.0894 
0.2610 0.4150 0.0975 0.2266 
0.2685 0.0044 0.5790 0.1481 
0.1098 0.3367 0.1342 0.4192 
0.0872 0.0487 0.3165 0.5476 
0.6455 0.0065 0.1027 0.2453 
0.3632 0.2678 0.2442 0.1248 
0.1835 0.0859 0.1656 0.5650 
0.0777 0.5378 0.0010 0.3835 
0.8016 0.1091 0.0192 0.0702 
0.0073 0.4826 0.1050 0.4051 
0.6591 0.1224 0.0824 0.1360 
0.2449 0.1411 0.4170 0.1970 
0.3426 0.3325 0.1575 0.1674 
0.2830 0.2115 0.2821 0.2234 

MOTIF filter5 
letter-probability matrix: alength= 4 w= 13 nsites= 13 
0.2479 0.1666 0.3909 0.1947 
0.2336 0.1358 0.5202 0.1103 
0.3301 0.1239 0.4955 0.0505 
0.1156 0.1619 0.6527 0.0698 
0.1761 0.1276 0.4968 0.1995 
0.2181 0.1368 0.3509 0.2942 
0.1156 0.4776 0.3509 0.0559 
0.1607 0.0673 0.7049 0.0671 
0.0879 0.0225 0.8325 0.0571 
0.0787 0.0150 0.8478 0.0584 
0.3942 0.2321 0.1757 0.1980 
0.3705 0.1814 0.2991 0.1491 
0.3235 0.1579 0.3036 0.2150 

MOTIF filter6 
letter-probability matrix: alength= 4 w= 12 nsites= 12 
0.2321 0.4160 0.1741 0.1779 
0.1350 0.4400 0.0937 0.3312 
0.3977 0.0876 0.4410 0.0737 
0.1068 0.0475 0.2118 0.6339 
0.0008 0.3629 0.2060 0.4303 
0.1213 0.2131 0.5607 0.1048 
0.0055 0.4941 0.0243 0.4761 
0.1654 0.0187 0.2146 0.6013 
0.0458 0.2518 0.6382 0.0642 
0.3771 0.0675 0.4480 0.1073 
0.3054 0.3480 0.0718 0.2748 
0.0895 0.3894 0.1796 0.3416 

MOTIF filter7 
letter-probability matrix: alength= 4 w= 12 nsites= 12 
0.3859 0.2674 0.2099 0.1368 
0.1077 0.4904 0.1776 0.2243 
0.1144 0.1741 0.2884 0.4232 
0.3301 0.5203 0.1380 0.0116 
0.1051 0.1548 0.1362 0.6040 
0.4991 0.4181 0.0189 0.0639 
0.0233 0.7384 0.0600 0.1783 
0.4246 0.3954 0.0791 0.1008 
0.1237 0.0471 0.0100 0.8192 
0.2139 0.0578 0.3253 0.4031 
0.0319 0.2146 0.3974 0.3561 
0.5378 0.0347 0.1167 0.3108 

MOTIF filter8 
letter-probability matrix: alength= 4 w= 10 nsites= 10 
0.1240 0.3428 0.4178 0.1154 
0.3077 0.4772 0.0695 0.1456 
0.4216 0.0054 0.2049 0.3681 
0.0769 0.0367 0.0465 0.8399 
0.3372 0.0334 0.0746 0.5547 
0.4681 0.0104 0.2031 0.3184 
0.6082 0.2224 0.0076 0.1618 
0.2966 0.2728 0.1165 0.3141 
0.2764 0.2546 0.1700 0.2990 
0.2543 0.1996 0.2989 0.2471 

MOTIF filter9 
letter-probability matrix: alength= 4 w= 12 nsites= 12 
0.2885 0.2127 0.3625 0.1363 
0.0763 0.2220 0.1075 0.5943 
0.1418 0.2061 0.4258 0.2263 
0.7646 0.0392 0.1030 0.0932 
0.0222 0.0550 0.2488 0.6740 
0.0635 0.2153 0.1863 0.5349 
0.4410 0.4076 0.1017 0.0497 
0.8718 0.0164 0.0618 0.0500 
0.0672 0.0999 0.0115 0.8214 
0.2135 0.1315 0.4714 0.1836 
0.0678 0.1714 0.6116 0.1491 
0.2085 0.3821 0.1281 0.2814 

MOTIF filter10 
letter-probability matrix: alength= 4 w= 9 nsites= 9 
0.2173 0.2320 0.0685 0.4822 
0.1657 0.1476 0.3562 0.3305 
0.3232 0.4243 0.0940 0.1586 
0.1399 0.7531 0.0379 0.0691 
0.0079 0.4820 0.1206 0.3895 
0.0095 0.8939 0.0602 0.0364 
0.4200 0.3278 0.0415 0.2108 
0.1701 0.3699 0.3157 0.1443 
0.1436 0.6088 0.1653 0.0823 

MOTIF filter11 
letter-probability matrix: alength= 4 w= 12 nsites= 12 
0.2624 0.2378 0.2430 0.2568 
0.2860 0.1675 0.1653 0.3812 
0.1183 0.0865 0.1260 0.6691 
0.0540 0.0466 0.7019 0.1976 
0.2059 0.6217 0.0885 0.0839 
0.1283 0.2879 0.1153 0.4685 
0.0763 0.1077 0.7399 0.0761 
0.5295 0.1050 0.2823 0.0832 
0.1027 0.4082 0.4717 0.0175 
0.4185 0.4289 0.0077 0.1449 
0.1461 0.3824 0.1679 0.3037 
0.3588 0.1861 0.1480 0.3071 

MOTIF filter12 
letter-probability matrix: alength= 4 w= 10 nsites= 10 
0.2591 0.2138 0.2265 0.3006 
0.3542 0.1578 0.3761 0.1119 
0.2161 0.4017 0.2628 0.1193 
0.0654 0.0805 0.1957 0.6584 
0.0017 0.1948 0.6058 0.1977 
0.1749 0.1670 0.5403 0.1179 
0.0008 0.8584 0.0143 0.1265 
0.2488 0.2496 0.4521 0.0496 
0.2060 0.3287 0.0661 0.3992 
0.4658 0.2331 0.1366 0.1645 

MOTIF filter13 
letter-probability matrix: alength= 4 w= 13 nsites= 13 
0.2531 0.2463 0.2458 0.2548 
0.3298 0.2195 0.1992 0.2515 
0.2144 0.2019 0.1195 0.4641 
0.1832 0.1290 0.0261 0.6617 
0.2804 0.4301 0.1373 0.1523 
0.2540 0.2735 0.2022 0.2703 
0.4952 0.0812 0.2755 0.1481 
0.0248 0.2945 0.1934 0.4873 
0.0087 0.5521 0.3604 0.0787 
0.6130 0.0199 0.3665 0.0006 
0.3966 0.1146 0.4682 0.0206 
0.1474 0.1939 0.0790 0.5796 
0.1249 0.4621 0.3420 0.0710 

MOTIF filter14 
letter-probability matrix: alength= 4 w= 12 nsites= 12 
0.1955 0.5217 0.2315 0.0513 
0.1064 0.1888 0.1443 0.5604 
0.2608 0.2612 0.4633 0.0147 
0.5367 0.0223 0.0516 0.3894 
0.6438 0.2483 0.0402 0.0678 
0.0157 0.5567 0.2701 0.1575 
0.4192 0.2624 0.1227 0.1957 
0.0898 0.2308 0.1102 0.5692 
0.5739 0.2415 0.1729 0.0116 
0.1244 0.0875 0.3872 0.4010 
0.2054 0.3147 0.2981 0.1818 
0.3961 0.1523 0.2206 0.2310 

MOTIF filter15 
letter-probability matrix: alength= 4 w= 15 nsites= 15 
0.3117 0.1891 0.2635 0.2356 
0.1383 0.4999 0.1820 0.1797 
0.1708 0.0585 0.1840 0.5867 
0.1463 0.7849 0.0207 0.0481 
0.0288 0.1945 0.2015 0.5752 
0.2846 0.2689 0.1165 0.3300 
0.3895 0.0508 0.5143 0.0454 
0.0789 0.4844 0.3270 0.1096 
0.0953 0.1252 0.2547 0.5248 
0.1394 0.1330 0.2822 0.4455 
0.3032 0.0255 0.0764 0.5950 
0.7436 0.1767 0.0059 0.0739 
0.2948 0.2395 0.3732 0.0925 
0.3023 0.2107 0.2748 0.2122 
0.3686 0.2266 0.2453 0.1595 

MOTIF filter16 
letter-probability matrix: alength= 4 w= 15 nsites= 15 
0.1453 0.5376 0.1261 0.1910 
0.2292 0.2823 0.2439 0.2446 
0.1269 0.0967 0.4218 0.3546 
0.7206 0.0749 0.2045 0.0000 
0.4577 0.1354 0.0480 0.3589 
0.5609 0.0002 0.0477 0.3912 
0.4723 0.0008 0.3529 0.1740 
0.1946 0.3382 0.1011 0.3661 
0.2745 0.0287 0.4676 0.2292 
0.3654 0.2943 0.0216 0.3186 
0.3478 0.2396 0.2899 0.1226 
0.6563 0.1277 0.1226 0.0935 
0.0181 0.3754 0.2354 0.3712 
0.1965 0.2924 0.3179 0.1931 
0.2330 0.2409 0.2956 0.2306 

MOTIF filter17 
letter-probability matrix: alength= 4 w= 10 nsites= 10 
0.2938 0.1793 0.2740 0.2529 
0.2159 0.2232 0.2163 0.3446 
0.2386 0.5062 0.1482 0.1070 
0.1738 0.0315 0.1250 0.6697 
0.3772 0.2214 0.2908 0.1105 
0.4098 0.5373 0.0529 0.0000 
0.0000 0.6315 0.2446 0.1239 
0.1070 0.1462 0.3526 0.3942 
0.2165 0.3470 0.2269 0.2096 
0.4360 0.1273 0.3599 0.0767 

MOTIF filter18 
letter-probability matrix: alength= 4 w= 7 nsites= 7 
0.2014 0.4115 0.1168 0.2703 
0.4234 0.2810 0.2055 0.0900 
0.5172 0.0641 0.3456 0.0731 
0.0000 0.1143 0.0582 0.8275 
0.1582 0.3338 0.4713 0.0368 
0.0074 0.2767 0.2216 0.4943 
0.1979 0.2420 0.2206 0.3395 

MOTIF filter19 
letter-probability matrix: alength= 4 w= 13 nsites= 13 
0.2472 0.3118 0.1589 0.2822 
0.1507 0.3164 0.1264 0.4066 
0.2256 0.1635 0.1316 0.4793 
0.0358 0.5671 0.1059 0.2912 
0.0192 0.5722 0.0278 0.3808 
0.1556 0.3016 0.0483 0.4945 
0.0875 0.2195 0.2086 0.4844 
0.0072 0.6477 0.0911 0.2541 
0.1284 0.1323 0.1133 0.6260 
0.0724 0.4181 0.0278 0.4817 
0.4664 0.2850 0.0991 0.1496 
0.5358 0.2171 0.1019 0.1451 
0.1858 0.3670 0.1552 0.2919 

MOTIF filter20 
letter-probability matrix: alength= 4 w= 13 nsites= 13 
0.0424 0.3425 0.0989 0.5162 
0.0657 0.2538 0.1317 0.5488 
0.3303 0.2768 0.0809 0.3120 
0.1307 0.8591 0.0026 0.0075 
0.0326 0.3058 0.1334 0.5282 
0.3429 0.3170 0.1873 0.1529 
0.2963 0.0080 0.6776 0.0181 
0.0898 0.0684 0.6834 0.1584 
0.5539 0.1402 0.1325 0.1734 
0.7477 0.0882 0.1017 0.0624 
0.3238 0.2180 0.2752 0.1831 
0.2437 0.2811 0.2173 0.2579 
0.2514 0.2583 0.2699 0.2204 

MOTIF filter21 
letter-probability matrix: alength= 4 w= 14 nsites= 14 
0.2881 0.2856 0.2810 0.1453 
0.0743 0.3811 0.3221 0.2225 
0.2708 0.2004 0.2825 0.2463 
0.2017 0.0050 0.1208 0.6725 
0.2075 0.7329 0.0118 0.0478 
0.2102 0.4322 0.0013 0.3563 
0.6272 0.0192 0.3433 0.0103 
0.1138 0.0512 0.4407 0.3943 
0.1600 0.1633 0.1042 0.5726 
0.1440 0.1829 0.1535 0.5197 
0.5154 0.0146 0.3682 0.1017 
0.1721 0.1956 0.5804 0.0518 
0.2553 0.3564 0.1510 0.2373 
0.1440 0.2970 0.2775 0.2815 

MOTIF filter22 
letter-probability matrix: alength= 4 w= 14 nsites= 14 
0.2181 0.3705 0.1851 0.2263 
0.1876 0.3533 0.1912 0.2680 
0.1608 0.4621 0.1604 0.2166 
0.6145 0.0760 0.0158 0.2937 
0.6177 0.1400 0.1377 0.1046 
0.4307 0.2305 0.1781 0.1606 
0.7343 0.0322 0.0335 0.2000 
0.0406 0.0518 0.0604 0.8472 
0.1448 0.0366 0.8141 0.0044 
0.0368 0.0152 0.9396 0.0084 
0.1851 0.6082 0.0309 0.1758 
0.2063 0.2606 0.2796 0.2535 
0.2208 0.1834 0.4432 0.1526 
0.2451 0.4606 0.1019 0.1924 

MOTIF filter23 
letter-probability matrix: alength= 4 w= 9 nsites= 9 
0.1563 0.1503 0.0740 0.6194 
0.1546 0.5095 0.2405 0.0954 
0.5141 0.2773 0.1318 0.0769 
0.0618 0.0131 0.8093 0.1159 
0.0288 0.8355 0.0663 0.0695 
0.9078 0.0495 0.0063 0.0364 
0.5878 0.1184 0.0937 0.2001 
0.3219 0.1395 0.0697 0.4688 
0.3256 0.1446 0.0982 0.4315 

MOTIF filter24 
letter-probability matrix: alength= 4 w= 12 nsites= 12 
0.2792 0.0880 0.3370 0.2958 
0.3496 0.1373 0.1610 0.3521 
0.3080 0.1154 0.0357 0.5408 
0.7705 0.0010 0.0208 0.2077 
0.5057 0.1095 0.1647 0.2201 
0.3473 0.4273 0.0104 0.2150 
0.2337 0.0023 0.4651 0.2989 
0.2985 0.1419 0.1049 0.4546 
0.4902 0.1176 0.0150 0.3772 
0.3844 0.1975 0.1804 0.2377 
0.2261 0.1212 0.4269 0.2257 
0.2039 0.3181 0.2337 0.2443 

MOTIF filter25 
letter-probability matrix: alength= 4 w= 12 nsites= 12 
0.2455 0.2603 0.2292 0.2649 
0.3874 0.2201 0.2626 0.1299 
0.2464 0.2794 0.2902 0.1841 
0.1165 0.7241 0.0308 0.1286 
0.8557 0.0026 0.0479 0.0938 
0.0433 0.6803 0.0970 0.1793 
0.1537 0.0542 0.7719 0.0203 
0.1475 0.1228 0.0273 0.7024 
0.0812 0.0739 0.7744 0.0705 
0.2104 0.2593 0.2995 0.2308 
0.1307 0.3149 0.2073 0.3470 
0.2716 0.2862 0.2059 0.2363 

MOTIF filter26 
letter-probability matrix: alength= 4 w= 11 nsites= 11 
0.2341 0.1718 0.4514 0.1426 
0.1346 0.2512 0.5705 0.0437 
0.1770 0.3709 0.3544 0.0977 
0.0794 0.0730 0.6396 0.2079 
0.0298 0.1055 0.7710 0.0937 
0.4138 0.3368 0.1925 0.0569 
0.3558 0.5295 0.1079 0.0067 
0.0199 0.2147 0.7287 0.0366 
0.1509 0.3579 0.2494 0.2418 
0.1840 0.3615 0.2167 0.2378 
0.0778 0.4530 0.2688 0.2004 

MOTIF filter27 
letter-probability matrix: alength= 4 w= 17 nsites= 17 
0.2132 0.1524 0.2018 0.4325 
0.1969 0.1871 0.4841 0.1319 
0.2544 0.3815 0.2550 0.1091 
0.0845 0.2481 0.0561 0.6113 
0.0373 0.1730 0.5407 0.2490 
0.8623 0.0123 0.0248 0.1006 
0.0286 0.1263 0.0472 0.7979 
0.0963 0.1587 0.0930 0.6520 
0.2228 0.2635 0.0914 0.4222 
0.5007 0.1276 0.2430 0.1287 
0.0802 0.0592 0.6419 0.2186 
0.4826 0.2269 0.1777 0.1129 
0.6674 0.0941 0.1761 0.0624 
0.7318 0.1153 0.0872 0.0657 
0.2671 0.2624 0.1759 0.2946 
0.2700 0.2528 0.2132 0.2640 
0.2188 0.2307 0.2711 0.2794 

MOTIF filter28 
letter-probability matrix: alength= 4 w= 12 nsites= 12 
0.1686 0.2291 0.3439 0.2584 
0.1544 0.3479 0.1560 0.3417 
0.2807 0.1428 0.4566 0.1199 
0.1235 0.7306 0.1136 0.0323 
0.0835 0.0100 0.0274 0.8791 
0.0210 0.0060 0.5201 0.4529 
0.6226 0.2702 0.0263 0.0810 
0.0108 0.4170 0.3934 0.1788 
0.6841 0.0111 0.1269 0.1779 
0.0651 0.5204 0.0711 0.3434 
0.1586 0.3165 0.3488 0.1760 
0.0170 0.2937 0.3437 0.3456 

MOTIF filter29 
letter-probability matrix: alength= 4 w= 14 nsites= 14 
0.2481 0.2432 0.2262 0.2824 
0.1658 0.1799 0.3232 0.3311 
0.1132 0.1349 0.0615 0.6903 
0.0491 0.2801 0.1505 0.5203 
0.1214 0.7135 0.0530 0.1122 
0.1615 0.6616 0.0006 0.1763 
0.1034 0.2241 0.0826 0.5900 
0.5280 0.0030 0.4598 0.0092 
0.0498 0.0060 0.4999 0.4443 
0.6479 0.1578 0.0021 0.1922 
0.6095 0.0146 0.0034 0.3725 
0.4892 0.0691 0.3474 0.0944 
0.3305 0.0830 0.1952 0.3914 
0.3502 0.0731 0.4879 0.0888 

MOTIF filter30 
letter-probability matrix: alength= 4 w= 10 nsites= 10 
0.3739 0.1919 0.2056 0.2286 
0.2136 0.2878 0.1785 0.3201 
0.2625 0.2603 0.3930 0.0842 
0.0018 0.0273 0.0016 0.9693 
0.4361 0.2419 0.0811 0.2409 
0.1108 0.3352 0.2844 0.2696 
0.0314 0.5529 0.4076 0.0080 
0.1000 0.3710 0.4895 0.0395 
0.0772 0.2423 0.5559 0.1247 
0.3122 0.3959 0.2034 0.0885 

MOTIF filter31 
letter-probability matrix: alength= 4 w= 12 nsites= 12 
0.0959 0.3616 0.2031 0.3395 
0.4604 0.0475 0.3631 0.1289 
0.2518 0.2525 0.3067 0.1891 
0.1737 0.0706 0.7308 0.0250 
0.7317 0.0439 0.1865 0.0378 
0.1602 0.2394 0.5857 0.0147 
0.0544 0.4779 0.1539 0.3138 
0.0509 0.4843 0.3574 0.1074 
0.8605 0.0559 0.0566 0.0269 
0.3074 0.2451 0.0720 0.3755 
0.1790 0.1623 0.5469 0.1119 
0.1024 0.3518 0.2004 0.3454 

