MEME version 4

ALPHABET= ACGT

Background letter frequencies:
A 0.2500 C 0.2500 G 0.2500 T 0.2500 

MOTIF filter0 
letter-probability matrix: alength= 4 w= 14 nsites= 14 
0.3611 0.2003 0.2037 0.2349 
0.3724 0.1650 0.2030 0.2596 
0.1229 0.2600 0.2133 0.4038 
0.1030 0.1330 0.0839 0.6800 
0.1750 0.0806 0.4861 0.2583 
0.3635 0.4231 0.0254 0.1880 
0.2098 0.0240 0.3387 0.4274 
0.0681 0.2913 0.3845 0.2561 
0.9064 0.0674 0.0065 0.0198 
0.3865 0.2958 0.0453 0.2724 
0.0024 0.3180 0.0312 0.6483 
0.3238 0.4036 0.0953 0.1773 
0.4691 0.2201 0.1884 0.1224 
0.1348 0.3631 0.2764 0.2257 

MOTIF filter1 
letter-probability matrix: alength= 4 w= 14 nsites= 14 
0.1051 0.2638 0.3936 0.2375 
0.1135 0.5818 0.1708 0.1339 
0.3898 0.2710 0.2767 0.0625 
0.0232 0.6865 0.0510 0.2394 
0.1044 0.0446 0.2386 0.6123 
0.1122 0.0737 0.0411 0.7730 
0.1558 0.7132 0.1036 0.0274 
0.0000 0.4418 0.0288 0.5294 
0.2257 0.5407 0.1434 0.0901 
0.4793 0.2072 0.1255 0.1880 
0.0061 0.2653 0.5513 0.1773 
0.0168 0.4696 0.3957 0.1179 
0.3519 0.2900 0.0703 0.2879 
0.3045 0.3443 0.2045 0.1468 

MOTIF filter2 
letter-probability matrix: alength= 4 w= 7 nsites= 7 
0.1722 0.1678 0.1432 0.5168 
0.1230 0.5439 0.1337 0.1994 
0.2376 0.1512 0.4556 0.1555 
0.0064 0.9613 0.0163 0.0159 
0.3312 0.2290 0.0315 0.4083 
0.4649 0.3016 0.2186 0.0149 
0.1674 0.5575 0.0985 0.1766 

MOTIF filter3 
letter-probability matrix: alength= 4 w= 14 nsites= 14 
0.4693 0.1749 0.1496 0.2062 
0.3552 0.4229 0.1424 0.0795 
0.3515 0.3098 0.1139 0.2248 
0.6344 0.0202 0.2706 0.0748 
0.3073 0.0862 0.0679 0.5386 
0.1174 0.6884 0.1942 0.0000 
0.1314 0.0126 0.1785 0.6776 
0.1795 0.8139 0.0002 0.0065 
0.3261 0.0033 0.5449 0.1257 
0.0124 0.0717 0.6348 0.2812 
0.1272 0.2617 0.5926 0.0185 
0.3430 0.1606 0.3165 0.1799 
0.2073 0.3214 0.1816 0.2896 
0.3689 0.1549 0.1973 0.2788 

MOTIF filter4 
letter-probability matrix: alength= 4 w= 13 nsites= 13 
0.2537 0.1081 0.2989 0.3393 
0.2967 0.4351 0.1644 0.1037 
0.2769 0.0463 0.1839 0.4928 
0.8205 0.0952 0.0662 0.0181 
0.3399 0.1432 0.1924 0.3245 
0.6608 0.0810 0.0041 0.2540 
0.1938 0.0023 0.0018 0.8021 
0.4246 0.0353 0.0513 0.4889 
0.1633 0.0158 0.1939 0.6270 
0.6285 0.2003 0.0080 0.1631 
0.2518 0.0487 0.3164 0.3831 
0.4389 0.1596 0.2793 0.1222 
0.1857 0.1066 0.4407 0.2671 

MOTIF filter5 
letter-probability matrix: alength= 4 w= 14 nsites= 14 
0.2055 0.2749 0.2769 0.2427 
0.2799 0.2470 0.2705 0.2026 
0.3711 0.1785 0.3650 0.0854 
0.0747 0.7497 0.1214 0.0542 
0.0493 0.6236 0.0388 0.2883 
0.5167 0.1117 0.3186 0.0530 
0.7473 0.1019 0.0234 0.1274 
0.0696 0.0278 0.0169 0.8858 
0.0559 0.2107 0.1270 0.6065 
0.1700 0.1118 0.6091 0.1091 
0.1588 0.1254 0.6438 0.0720 
0.1745 0.3459 0.1416 0.3381 
0.1673 0.2786 0.2511 0.3030 
0.2212 0.2955 0.2879 0.1953 

MOTIF filter6 
letter-probability matrix: alength= 4 w= 10 nsites= 10 
0.3730 0.0401 0.3039 0.2830 
0.0983 0.1989 0.1831 0.5198 
0.1037 0.1817 0.5352 0.1795 
0.6319 0.2113 0.0223 0.1345 
0.0609 0.2376 0.1067 0.5948 
0.2815 0.0160 0.0438 0.6587 
0.3118 0.5933 0.0562 0.0388 
0.2629 0.3554 0.3407 0.0411 
0.0741 0.3498 0.1275 0.4487 
0.2439 0.0298 0.5111 0.2152 

MOTIF filter7 
letter-probability matrix: alength= 4 w= 16 nsites= 16 
0.4665 0.2555 0.1884 0.0897 
0.5052 0.1169 0.1315 0.2464 
0.2803 0.1833 0.1134 0.4230 
0.6373 0.1510 0.1657 0.0460 
0.5295 0.3033 0.0862 0.0810 
0.1758 0.3582 0.2940 0.1720 
0.1996 0.1304 0.5760 0.0940 
0.0156 0.0436 0.1513 0.7895 
0.0894 0.7618 0.0265 0.1224 
0.6038 0.0912 0.1876 0.1174 
0.2793 0.0772 0.3974 0.2461 
0.1322 0.5838 0.0032 0.2808 
0.6520 0.1199 0.1084 0.1196 
0.2929 0.1337 0.2131 0.3603 
0.3286 0.1471 0.1534 0.3709 
0.3239 0.1655 0.1368 0.3738 

MOTIF filter8 
letter-probability matrix: alength= 4 w= 16 nsites= 16 
0.2467 0.2548 0.2413 0.2572 
0.2436 0.3362 0.1956 0.2245 
0.2920 0.3072 0.1529 0.2479 
0.0545 0.1037 0.0344 0.8074 
0.0677 0.0993 0.2683 0.5647 
0.3218 0.2069 0.1184 0.3529 
0.1482 0.5417 0.0505 0.2596 
0.2582 0.5048 0.2198 0.0172 
0.1758 0.1508 0.5435 0.1298 
0.1721 0.2265 0.3795 0.2219 
0.6629 0.0747 0.2485 0.0139 
0.4344 0.0915 0.0530 0.4211 
0.7562 0.0171 0.0794 0.1474 
0.2972 0.2158 0.3160 0.1710 
0.0386 0.3523 0.2503 0.3589 
0.1963 0.2013 0.2466 0.3557 

MOTIF filter9 
letter-probability matrix: alength= 4 w= 9 nsites= 9 
0.2365 0.1829 0.1600 0.4206 
0.4619 0.3188 0.1932 0.0262 
0.5242 0.2329 0.0119 0.2311 
0.0004 0.6520 0.0201 0.3275 
0.4442 0.0062 0.4846 0.0650 
0.1774 0.0444 0.7700 0.0081 
0.5099 0.1525 0.0310 0.3066 
0.2625 0.2194 0.2866 0.2315 
0.2650 0.2087 0.3383 0.1880 

MOTIF filter10 
letter-probability matrix: alength= 4 w= 15 nsites= 15 
0.1887 0.3387 0.1803 0.2922 
0.1094 0.0448 0.3692 0.4767 
0.4025 0.3643 0.1640 0.0691 
0.1546 0.0596 0.1484 0.6375 
0.0247 0.0890 0.7600 0.1262 
0.4883 0.2850 0.0335 0.1932 
0.4599 0.2406 0.0507 0.2488 
0.0326 0.3303 0.1280 0.5091 
0.2858 0.5280 0.0766 0.1095 
0.5061 0.0770 0.2768 0.1401 
0.1096 0.5305 0.2198 0.1400 
0.1442 0.7102 0.0302 0.1154 
0.2565 0.3714 0.1245 0.2475 
0.3483 0.3201 0.1425 0.1890 
0.1929 0.3052 0.2083 0.2937 

MOTIF filter11 
letter-probability matrix: alength= 4 w= 12 nsites= 12 
0.2973 0.1782 0.3094 0.2150 
0.2886 0.0822 0.5098 0.1193 
0.2441 0.1104 0.4914 0.1541 
0.1111 0.0665 0.8046 0.0178 
0.1162 0.1240 0.7444 0.0154 
0.1290 0.1517 0.3855 0.3337 
0.0654 0.2375 0.5519 0.1453 
0.4616 0.0475 0.4643 0.0266 
0.2575 0.0431 0.6464 0.0529 
0.2484 0.0065 0.4727 0.2724 
0.2292 0.1553 0.4747 0.1409 
0.4070 0.2820 0.1248 0.1862 

MOTIF filter12 
letter-probability matrix: alength= 4 w= 12 nsites= 12 
0.0933 0.2331 0.1391 0.5344 
0.1897 0.1214 0.4704 0.2185 
0.4602 0.1437 0.1360 0.2601 
0.0040 0.3068 0.6826 0.0066 
0.1156 0.5275 0.0271 0.3298 
0.0089 0.0794 0.8727 0.0391 
0.1707 0.1822 0.5456 0.1015 
0.6498 0.1595 0.0768 0.1139 
0.7282 0.0721 0.0434 0.1563 
0.1202 0.1427 0.6138 0.1233 
0.1748 0.2702 0.1560 0.3990 
0.2492 0.1594 0.4478 0.1435 

MOTIF filter13 
letter-probability matrix: alength= 4 w= 16 nsites= 16 
0.2593 0.1501 0.3667 0.2238 
0.2612 0.3877 0.1648 0.1863 
0.2027 0.3570 0.1755 0.2648 
0.6451 0.0620 0.1762 0.1166 
0.1584 0.2141 0.2851 0.3423 
0.1504 0.2161 0.1426 0.4909 
0.6953 0.0277 0.0248 0.2522 
0.2800 0.6193 0.0432 0.0575 
0.0687 0.2445 0.0975 0.5893 
0.1411 0.4846 0.2169 0.1574 
0.2230 0.0174 0.7325 0.0271 
0.1976 0.1363 0.0135 0.6526 
0.1084 0.0158 0.8092 0.0666 
0.2133 0.2253 0.3350 0.2264 
0.2270 0.2334 0.2360 0.3037 
0.2102 0.2576 0.3219 0.2103 

MOTIF filter14 
letter-probability matrix: alength= 4 w= 15 nsites= 15 
0.2043 0.2647 0.3612 0.1699 
0.2675 0.3127 0.3282 0.0915 
0.2104 0.3025 0.2758 0.2113 
0.0753 0.2274 0.0711 0.6262 
0.0557 0.1884 0.0535 0.7024 
0.4037 0.2390 0.1251 0.2321 
0.3970 0.1105 0.0055 0.4870 
0.0809 0.0480 0.0108 0.8602 
0.2165 0.2363 0.0776 0.4696 
0.3466 0.0218 0.1252 0.5064 
0.5318 0.0489 0.0376 0.3816 
0.6685 0.0568 0.1022 0.1726 
0.1427 0.0908 0.5615 0.2050 
0.2694 0.2916 0.2068 0.2322 
0.1976 0.3265 0.2144 0.2615 

MOTIF filter15 
letter-probability matrix: alength= 4 w= 14 nsites= 14 
0.3566 0.1595 0.2334 0.2505 
0.3197 0.1841 0.1233 0.3728 
0.2232 0.1215 0.2810 0.3744 
0.2622 0.0588 0.6391 0.0399 
0.1347 0.6559 0.1651 0.0443 
0.0523 0.3666 0.4096 0.1716 
0.0622 0.4695 0.2422 0.2260 
0.8378 0.0231 0.0037 0.1354 
0.3584 0.3294 0.1102 0.2019 
0.0058 0.0837 0.0545 0.8559 
0.1416 0.7139 0.0342 0.1104 
0.5400 0.0773 0.0983 0.2844 
0.0980 0.1014 0.5347 0.2659 
0.2296 0.1998 0.3822 0.1884 

MOTIF filter16 
letter-probability matrix: alength= 4 w= 13 nsites= 13 
0.2433 0.2537 0.2394 0.2636 
0.1424 0.2833 0.3328 0.2415 
0.3455 0.1671 0.3962 0.0912 
0.1492 0.0150 0.1373 0.6985 
0.0392 0.3075 0.0660 0.5873 
0.2340 0.5349 0.2172 0.0139 
0.7304 0.1352 0.0040 0.1304 
0.3359 0.0178 0.6362 0.0102 
0.0874 0.1798 0.6099 0.1228 
0.1403 0.3078 0.5443 0.0076 
0.4788 0.1645 0.0924 0.2642 
0.4592 0.2963 0.1038 0.1406 
0.1435 0.3259 0.3619 0.1687 

MOTIF filter17 
letter-probability matrix: alength= 4 w= 11 nsites= 11 
0.1871 0.2510 0.1257 0.4362 
0.2179 0.2781 0.4622 0.0418 
0.4334 0.3030 0.2359 0.0277 
0.0011 0.5400 0.3261 0.1328 
0.4182 0.4125 0.0057 0.1636 
0.0167 0.7183 0.0755 0.1895 
0.5510 0.0483 0.3857 0.0149 
0.0267 0.4078 0.0035 0.5620 
0.0131 0.2745 0.5247 0.1877 
0.0427 0.3622 0.2571 0.3380 
0.1395 0.4104 0.1276 0.3225 

MOTIF filter18 
letter-probability matrix: alength= 4 w= 12 nsites= 12 
0.2949 0.2418 0.2456 0.2177 
0.2499 0.1476 0.4293 0.1732 
0.1081 0.5656 0.1082 0.2182 
0.3968 0.4651 0.1352 0.0028 
0.8097 0.0746 0.0729 0.0428 
0.0537 0.1455 0.5105 0.2903 
0.1833 0.4266 0.2516 0.1384 
0.0624 0.1632 0.2907 0.4836 
0.0004 0.1254 0.3739 0.5003 
0.2102 0.2835 0.4986 0.0077 
0.0798 0.2973 0.4127 0.2102 
0.1561 0.4067 0.1704 0.2668 

MOTIF filter19 
letter-probability matrix: alength= 4 w= 12 nsites= 12 
0.2987 0.1121 0.2682 0.3210 
0.1591 0.3755 0.1920 0.2733 
0.1367 0.2954 0.3029 0.2650 
0.4256 0.5155 0.0423 0.0166 
0.1385 0.1459 0.0814 0.6343 
0.3851 0.2554 0.0241 0.3354 
0.4898 0.3950 0.0208 0.0945 
0.7281 0.0420 0.0252 0.2047 
0.0400 0.0959 0.0511 0.8130 
0.4598 0.0397 0.4254 0.0751 
0.1264 0.1154 0.3487 0.4095 
0.3552 0.1428 0.3879 0.1141 

MOTIF filter20 
letter-probability matrix: alength= 4 w= 13 nsites= 13 
0.1652 0.2021 0.4290 0.2037 
0.2443 0.0707 0.3664 0.3187 
0.3654 0.3899 0.0771 0.1676 
0.0103 0.2696 0.7179 0.0022 
0.0457 0.5155 0.3122 0.1266 
0.1153 0.5381 0.1564 0.1902 
0.0577 0.7520 0.1313 0.0589 
0.0077 0.1579 0.6094 0.2250 
0.0786 0.3963 0.0366 0.4886 
0.0179 0.3847 0.5200 0.0773 
0.2237 0.4451 0.0830 0.2481 
0.2583 0.3630 0.0842 0.2945 
0.2504 0.2828 0.1063 0.3605 

MOTIF filter21 
letter-probability matrix: alength= 4 w= 12 nsites= 12 
0.6053 0.1266 0.1852 0.0829 
0.4628 0.0904 0.0517 0.3950 
0.2265 0.2186 0.2354 0.3195 
0.0476 0.2015 0.1146 0.6362 
0.1645 0.4811 0.0558 0.2987 
0.0011 0.7052 0.1344 0.1593 
0.3321 0.2112 0.3401 0.1167 
0.0110 0.2157 0.6459 0.1273 
0.1262 0.6671 0.1398 0.0669 
0.2323 0.4208 0.1010 0.2459 
0.1888 0.2921 0.2270 0.2922 
0.2539 0.2859 0.2167 0.2436 

MOTIF filter22 
letter-probability matrix: alength= 4 w= 11 nsites= 11 
0.2683 0.3025 0.2516 0.1775 
0.2732 0.2005 0.2820 0.2443 
0.4696 0.1136 0.2831 0.1337 
0.2483 0.0585 0.6928 0.0004 
0.5163 0.1925 0.1509 0.1403 
0.2789 0.1667 0.5534 0.0011 
0.1323 0.3278 0.3311 0.2088 
0.0442 0.0048 0.2654 0.6857 
0.0017 0.1867 0.3713 0.4402 
0.3202 0.3236 0.1279 0.2283 
0.3212 0.1995 0.2305 0.2488 

MOTIF filter23 
letter-probability matrix: alength= 4 w= 12 nsites= 12 
0.1970 0.2517 0.3109 0.2403 
0.2036 0.4806 0.1638 0.1520 
0.1983 0.3132 0.1871 0.3013 
0.0671 0.6315 0.3005 0.0009 
0.0981 0.1957 0.4440 0.2622 
0.2158 0.3121 0.0373 0.4348 
0.2883 0.3965 0.1985 0.1168 
0.1383 0.1499 0.0013 0.7104 
0.0844 0.8432 0.0429 0.0294 
0.0020 0.2750 0.4869 0.2361 
0.1714 0.2361 0.2598 0.3326 
0.2043 0.0879 0.5530 0.1549 

MOTIF filter24 
letter-probability matrix: alength= 4 w= 13 nsites= 13 
0.2542 0.2471 0.2416 0.2571 
0.2815 0.2504 0.2222 0.2459 
0.3261 0.2392 0.3056 0.1291 
0.0493 0.1647 0.0730 0.7130 
0.1079 0.0441 0.2483 0.5997 
0.2912 0.0143 0.5019 0.1926 
0.0124 0.4528 0.2065 0.3283 
0.1902 0.0040 0.7497 0.0561 
0.2061 0.5445 0.0001 0.2494 
0.6285 0.0670 0.0533 0.2512 
0.3352 0.2202 0.3494 0.0952 
0.0908 0.3457 0.3392 0.2243 
0.1127 0.3322 0.2082 0.3469 

MOTIF filter25 
letter-probability matrix: alength= 4 w= 14 nsites= 14 
0.2699 0.1652 0.1952 0.3697 
0.1682 0.3361 0.3652 0.1306 
0.5274 0.1802 0.1562 0.1362 
0.1680 0.0105 0.2128 0.6086 
0.2244 0.1459 0.5066 0.1230 
0.4923 0.1194 0.0992 0.2890 
0.0003 0.7086 0.2905 0.0006 
0.4039 0.0133 0.0150 0.5677 
0.1004 0.6811 0.0537 0.1648 
0.4214 0.0868 0.2510 0.2408 
0.0139 0.1174 0.4274 0.4413 
0.2690 0.0383 0.5302 0.1625 
0.2950 0.2136 0.2959 0.1955 
0.2527 0.2074 0.2785 0.2615 

MOTIF filter26 
letter-probability matrix: alength= 4 w= 8 nsites= 8 
0.4533 0.2041 0.2420 0.1005 
0.2868 0.3610 0.0335 0.3186 
0.0566 0.1342 0.3014 0.5079 
0.0810 0.7902 0.0000 0.1287 
0.7619 0.1459 0.0560 0.0362 
0.1259 0.2872 0.3332 0.2538 
0.1996 0.2542 0.4061 0.1401 
0.2366 0.0981 0.3060 0.3594 

MOTIF filter27 
letter-probability matrix: alength= 4 w= 10 nsites= 10 
0.5594 0.0784 0.2021 0.1600 
0.0780 0.3312 0.3895 0.2013 
0.1949 0.4662 0.3217 0.0172 
0.6467 0.0523 0.2374 0.0636 
0.0301 0.0459 0.6100 0.3141 
0.2764 0.1435 0.5770 0.0031 
0.5043 0.0045 0.4568 0.0344 
0.3646 0.4576 0.1421 0.0357 
0.1908 0.2847 0.3564 0.1682 
0.1416 0.2065 0.3967 0.2551 

MOTIF filter28 
letter-probability matrix: alength= 4 w= 16 nsites= 16 
0.4149 0.1368 0.1659 0.2825 
0.3835 0.1096 0.1181 0.3888 
0.2001 0.1905 0.1257 0.4837 
0.0853 0.0731 0.0336 0.8080 
0.0592 0.2436 0.6273 0.0700 
0.1267 0.6787 0.0620 0.1326 
0.1768 0.3076 0.1875 0.3281 
0.1743 0.1743 0.4510 0.2004 
0.3104 0.1606 0.4303 0.0987 
0.0726 0.6456 0.1778 0.1040 
0.5867 0.3450 0.0504 0.0179 
0.1563 0.1450 0.3855 0.3132 
0.0582 0.0767 0.7958 0.0693 
0.2472 0.0802 0.1601 0.5125 
0.2886 0.1138 0.4005 0.1971 
0.1439 0.2264 0.4255 0.2042 

MOTIF filter29 
letter-probability matrix: alength= 4 w= 9 nsites= 9 
0.2937 0.1520 0.3529 0.2015 
0.1728 0.3739 0.1745 0.2788 
0.1138 0.0723 0.5546 0.2594 
0.5511 0.2872 0.1613 0.0004 
0.0016 0.0965 0.3838 0.5182 
0.0226 0.0948 0.1330 0.7496 
0.0742 0.6215 0.1627 0.1416 
0.2723 0.3508 0.0956 0.2813 
0.2188 0.2016 0.5270 0.0526 

MOTIF filter30 
letter-probability matrix: alength= 4 w= 15 nsites= 15 
0.2402 0.2762 0.2263 0.2573 
0.2195 0.2375 0.1971 0.3459 
0.1283 0.1268 0.1723 0.5727 
0.0380 0.1594 0.0532 0.7493 
0.0274 0.1860 0.1743 0.6124 
0.2298 0.6679 0.0142 0.0881 
0.0269 0.1471 0.0185 0.8075 
0.3030 0.0447 0.4530 0.1993 
0.3941 0.0080 0.3963 0.2016 
0.2493 0.0427 0.3793 0.3287 
0.5335 0.0115 0.0025 0.4525 
0.5806 0.3259 0.0329 0.0607 
0.5360 0.1159 0.1222 0.2258 
0.3522 0.2562 0.2673 0.1242 
0.2158 0.3976 0.2387 0.1479 

MOTIF filter31 
letter-probability matrix: alength= 4 w= 8 nsites= 8 
0.2247 0.4096 0.3326 0.0330 
0.1739 0.3984 0.1904 0.2373 
0.0705 0.5746 0.0775 0.2774 
0.0062 0.5185 0.0047 0.4705 
0.0622 0.7137 0.0430 0.1810 
0.0631 0.5706 0.2210 0.1453 
0.1571 0.4662 0.1273 0.2494 
0.2903 0.3932 0.3091 0.0074 

