MEME version 4

ALPHABET= ACGT

Background letter frequencies:
A 0.2500 C 0.2500 G 0.2500 T 0.2500 

MOTIF filter0 
letter-probability matrix: alength= 4 w= 14 nsites= 14 
0.2556 0.1392 0.3904 0.2148 
0.1167 0.5640 0.1453 0.1740 
0.2629 0.3690 0.1463 0.2217 
0.3811 0.5683 0.0324 0.0183 
0.5088 0.0831 0.1374 0.2707 
0.4761 0.1213 0.0435 0.3591 
0.0486 0.1074 0.1173 0.7267 
0.2947 0.4126 0.2781 0.0146 
0.0657 0.1077 0.1617 0.6650 
0.4473 0.3989 0.0763 0.0775 
0.1809 0.0544 0.6705 0.0942 
0.3932 0.1955 0.1834 0.2278 
0.0967 0.5533 0.0878 0.2623 
0.1996 0.3102 0.2383 0.2519 

MOTIF filter1 
letter-probability matrix: alength= 4 w= 11 nsites= 11 
0.2316 0.3141 0.1729 0.2814 
0.2525 0.2920 0.1821 0.2735 
0.2413 0.1276 0.1831 0.4481 
0.6543 0.0227 0.0211 0.3019 
0.0510 0.0029 0.0068 0.9393 
0.1140 0.0891 0.0279 0.7691 
0.4900 0.0502 0.1647 0.2951 
0.6312 0.0259 0.0611 0.2817 
0.5132 0.0137 0.2764 0.1967 
0.4278 0.1048 0.2890 0.1784 
0.2413 0.3041 0.1411 0.3134 

MOTIF filter2 
letter-probability matrix: alength= 4 w= 13 nsites= 13 
0.2707 0.3332 0.2756 0.1205 
0.2677 0.3675 0.1780 0.1868 
0.3019 0.1786 0.3403 0.1793 
0.7956 0.1025 0.0335 0.0683 
0.6181 0.0186 0.3084 0.0550 
0.0258 0.2997 0.5746 0.1000 
0.4137 0.1995 0.2098 0.1769 
0.3736 0.2021 0.0342 0.3900 
0.1145 0.1143 0.7651 0.0061 
0.1989 0.0723 0.6959 0.0329 
0.2647 0.4325 0.0619 0.2409 
0.2370 0.2176 0.3821 0.1634 
0.1970 0.2227 0.3847 0.1955 

MOTIF filter3 
letter-probability matrix: alength= 4 w= 12 nsites= 12 
0.2506 0.2490 0.2797 0.2207 
0.3681 0.2345 0.2483 0.1491 
0.2353 0.3301 0.2593 0.1753 
0.0615 0.8378 0.0499 0.0508 
0.7376 0.0866 0.0540 0.1217 
0.0277 0.7198 0.0497 0.2028 
0.1444 0.0301 0.7750 0.0505 
0.0547 0.0913 0.0781 0.7759 
0.1393 0.0184 0.8144 0.0278 
0.2248 0.2410 0.3333 0.2009 
0.2751 0.1372 0.2666 0.3211 
0.2463 0.1552 0.3367 0.2618 

MOTIF filter4 
letter-probability matrix: alength= 4 w= 14 nsites= 14 
0.0973 0.2029 0.4578 0.2419 
0.1587 0.0823 0.4941 0.2649 
0.2874 0.1658 0.3971 0.1497 
0.0231 0.2497 0.7026 0.0245 
0.1088 0.4704 0.2979 0.1229 
0.1284 0.5244 0.1879 0.1593 
0.0674 0.5368 0.3261 0.0697 
0.0516 0.3709 0.5427 0.0347 
0.2508 0.1770 0.4765 0.0957 
0.0880 0.6198 0.2368 0.0555 
0.0420 0.8061 0.0457 0.1062 
0.1225 0.4783 0.1188 0.2804 
0.1181 0.4625 0.1731 0.2463 
0.1670 0.3280 0.2228 0.2822 

MOTIF filter5 
letter-probability matrix: alength= 4 w= 12 nsites= 12 
0.2275 0.1911 0.3248 0.2566 
0.1507 0.5852 0.1578 0.1063 
0.2005 0.2135 0.1076 0.4784 
0.6863 0.0327 0.2348 0.0463 
0.4905 0.3074 0.1364 0.0657 
0.1754 0.4078 0.1362 0.2806 
0.1427 0.0782 0.7497 0.0293 
0.5590 0.0304 0.2105 0.2001 
0.0129 0.0339 0.1130 0.8402 
0.2072 0.4218 0.3055 0.0655 
0.3654 0.1325 0.4782 0.0239 
0.0862 0.3229 0.3895 0.2014 

MOTIF filter6 
letter-probability matrix: alength= 4 w= 11 nsites= 11 
0.2377 0.5318 0.1950 0.0356 
0.3172 0.2213 0.1651 0.2963 
0.3015 0.0486 0.2088 0.4410 
0.0900 0.0476 0.0436 0.8188 
0.1803 0.3214 0.2504 0.2479 
0.0924 0.2229 0.0070 0.6777 
0.5411 0.1441 0.0974 0.2174 
0.5322 0.0715 0.2573 0.1390 
0.1553 0.0133 0.3828 0.4487 
0.5456 0.1701 0.2572 0.0272 
0.8353 0.0847 0.0532 0.0269 

MOTIF filter7 
letter-probability matrix: alength= 4 w= 14 nsites= 14 
0.1952 0.2724 0.1428 0.3896 
0.2703 0.0882 0.3107 0.3308 
0.1959 0.3388 0.2530 0.2123 
0.7689 0.0265 0.1313 0.0733 
0.4278 0.0403 0.2592 0.2727 
0.4093 0.1430 0.0498 0.3980 
0.5622 0.0421 0.0460 0.3497 
0.1632 0.3886 0.0590 0.3892 
0.4356 0.0639 0.3516 0.1490 
0.1356 0.0029 0.7035 0.1580 
0.3173 0.6010 0.0017 0.0801 
0.1789 0.1349 0.3533 0.3329 
0.1066 0.0987 0.6396 0.1551 
0.4756 0.3213 0.0638 0.1393 

MOTIF filter8 
letter-probability matrix: alength= 4 w= 13 nsites= 13 
0.3554 0.2224 0.2291 0.1931 
0.2668 0.1839 0.3545 0.1949 
0.3031 0.3787 0.1711 0.1470 
0.1993 0.6606 0.0451 0.0950 
0.4405 0.2968 0.0073 0.2554 
0.2875 0.0596 0.1330 0.5200 
0.7628 0.0472 0.1753 0.0147 
0.0031 0.0086 0.5392 0.4490 
0.0002 0.0196 0.7898 0.1903 
0.1537 0.1115 0.6705 0.0644 
0.2139 0.2279 0.4438 0.1144 
0.2113 0.3400 0.1672 0.2815 
0.2337 0.3014 0.2454 0.2196 

MOTIF filter9 
letter-probability matrix: alength= 4 w= 12 nsites= 12 
0.1456 0.2734 0.2889 0.2921 
0.3120 0.2607 0.3709 0.0565 
0.2011 0.1676 0.3808 0.2506 
0.0647 0.7317 0.1338 0.0698 
0.0115 0.5390 0.0163 0.4331 
0.2263 0.3670 0.4015 0.0053 
0.5884 0.0707 0.0319 0.3090 
0.0455 0.3877 0.2698 0.2969 
0.3085 0.0512 0.0602 0.5802 
0.1453 0.0924 0.5479 0.2144 
0.5122 0.0694 0.2937 0.1247 
0.3602 0.0922 0.3216 0.2260 

MOTIF filter10 
letter-probability matrix: alength= 4 w= 10 nsites= 10 
0.3501 0.0515 0.1690 0.4295 
0.2784 0.4037 0.2576 0.0603 
0.3962 0.2999 0.2708 0.0331 
0.0903 0.0038 0.6901 0.2157 
0.0295 0.3810 0.3986 0.1909 
0.0591 0.8904 0.0072 0.0433 
0.0784 0.1436 0.6753 0.1026 
0.1688 0.1782 0.5747 0.0783 
0.4641 0.1899 0.0959 0.2501 
0.3433 0.2264 0.1794 0.2509 

MOTIF filter11 
letter-probability matrix: alength= 4 w= 18 nsites= 18 
0.1502 0.2035 0.3199 0.3265 
0.1962 0.4473 0.1643 0.1922 
0.1132 0.2004 0.3034 0.3830 
0.2218 0.6248 0.0696 0.0838 
0.3478 0.2276 0.0712 0.3534 
0.5810 0.0579 0.1345 0.2266 
0.4003 0.0899 0.2137 0.2961 
0.3422 0.1825 0.0937 0.3816 
0.1088 0.0468 0.0167 0.8277 
0.3319 0.0129 0.1017 0.5535 
0.0304 0.0322 0.7772 0.1602 
0.1795 0.6807 0.1220 0.0177 
0.1039 0.2314 0.2517 0.4129 
0.1952 0.2354 0.3711 0.1982 
0.3072 0.1180 0.4077 0.1671 
0.2692 0.1297 0.4393 0.1618 
0.6665 0.1112 0.1072 0.1152 
0.6162 0.1150 0.1415 0.1273 

MOTIF filter12 
letter-probability matrix: alength= 4 w= 9 nsites= 9 
0.2202 0.3461 0.3275 0.1062 
0.0822 0.5711 0.1047 0.2421 
0.4016 0.2852 0.2523 0.0609 
0.0112 0.0882 0.2192 0.6814 
0.7982 0.0673 0.0395 0.0950 
0.0231 0.0730 0.1222 0.7817 
0.4516 0.0609 0.4164 0.0710 
0.3297 0.1317 0.2445 0.2941 
0.1071 0.4384 0.1143 0.3402 

MOTIF filter13 
letter-probability matrix: alength= 4 w= 9 nsites= 9 
0.4839 0.0240 0.1602 0.3319 
0.1397 0.2242 0.4854 0.1507 
0.2846 0.2020 0.1357 0.3777 
0.7770 0.0741 0.0156 0.1333 
0.0315 0.0146 0.1188 0.8351 
0.0787 0.1093 0.8112 0.0007 
0.0948 0.2902 0.3624 0.2527 
0.1452 0.2323 0.0949 0.5276 
0.0612 0.3186 0.3540 0.2662 

MOTIF filter14 
letter-probability matrix: alength= 4 w= 11 nsites= 11 
0.1711 0.2308 0.4258 0.1724 
0.2833 0.2113 0.4029 0.1026 
0.0642 0.3702 0.1563 0.4093 
0.0624 0.0357 0.0943 0.8076 
0.1378 0.3746 0.0320 0.4556 
0.0540 0.8533 0.0486 0.0441 
0.1202 0.5951 0.1235 0.1612 
0.1553 0.0550 0.6962 0.0935 
0.0195 0.1027 0.8052 0.0726 
0.5025 0.1275 0.2307 0.1394 
0.5750 0.1287 0.1706 0.1258 

MOTIF filter15 
letter-probability matrix: alength= 4 w= 13 nsites= 13 
0.2274 0.2296 0.2570 0.2859 
0.2685 0.2297 0.3536 0.1481 
0.3290 0.2850 0.2870 0.0989 
0.1159 0.0953 0.0321 0.7568 
0.0694 0.2390 0.6121 0.0795 
0.8315 0.0355 0.0666 0.0664 
0.1133 0.4346 0.3704 0.0818 
0.0939 0.0735 0.0798 0.7529 
0.0678 0.7811 0.1335 0.0176 
0.8448 0.0472 0.0189 0.0890 
0.0861 0.3004 0.2732 0.3403 
0.2539 0.2961 0.2459 0.2041 
0.3518 0.2169 0.2268 0.2045 

MOTIF filter16 
letter-probability matrix: alength= 4 w= 11 nsites= 11 
0.2991 0.0961 0.2878 0.3170 
0.2910 0.2592 0.2873 0.1624 
0.0986 0.4004 0.2108 0.2902 
0.0042 0.0534 0.0761 0.8662 
0.6378 0.2798 0.0795 0.0029 
0.0453 0.3181 0.4494 0.1871 
0.3881 0.1607 0.2225 0.2287 
0.6555 0.1296 0.1606 0.0543 
0.0909 0.3933 0.3204 0.1954 
0.2519 0.2920 0.0740 0.3822 
0.4936 0.0322 0.2789 0.1953 

MOTIF filter17 
letter-probability matrix: alength= 4 w= 13 nsites= 13 
0.2099 0.4346 0.1883 0.1672 
0.2685 0.2536 0.2970 0.1810 
0.1808 0.0860 0.5963 0.1370 
0.0309 0.6997 0.0839 0.1854 
0.0069 0.8746 0.0761 0.0423 
0.5241 0.2349 0.1756 0.0654 
0.1190 0.2286 0.0726 0.5798 
0.0117 0.4938 0.1985 0.2960 
0.5135 0.1487 0.1156 0.2223 
0.1577 0.0679 0.0320 0.7425 
0.2823 0.2753 0.0892 0.3532 
0.2554 0.0354 0.1996 0.5096 
0.3745 0.1439 0.3226 0.1590 

MOTIF filter18 
letter-probability matrix: alength= 4 w= 10 nsites= 10 
0.4265 0.0354 0.3751 0.1630 
0.0829 0.3934 0.2470 0.2767 
0.2953 0.0045 0.3407 0.3595 
0.2297 0.6685 0.0006 0.1012 
0.2026 0.1424 0.5712 0.0838 
0.1453 0.2554 0.0499 0.5494 
0.0587 0.5118 0.4063 0.0232 
0.2271 0.5008 0.1447 0.1275 
0.4062 0.3173 0.2674 0.0091 
0.3439 0.3167 0.1114 0.2280 

MOTIF filter19 
letter-probability matrix: alength= 4 w= 12 nsites= 12 
0.2319 0.2881 0.2904 0.1896 
0.2314 0.3786 0.2390 0.1511 
0.4209 0.0642 0.4397 0.0753 
0.3108 0.0299 0.5579 0.1013 
0.3003 0.0612 0.6165 0.0220 
0.1962 0.1107 0.4973 0.1958 
0.2016 0.0832 0.6438 0.0714 
0.1126 0.0588 0.6664 0.1623 
0.1082 0.0109 0.7355 0.1454 
0.2289 0.1587 0.5142 0.0982 
0.2629 0.2089 0.4084 0.1198 
0.4486 0.0879 0.3870 0.0764 

MOTIF filter20 
letter-probability matrix: alength= 4 w= 11 nsites= 11 
0.0966 0.3243 0.2108 0.3683 
0.1188 0.2825 0.0397 0.5590 
0.0432 0.4791 0.0924 0.3853 
0.0308 0.4270 0.0509 0.4913 
0.0479 0.6720 0.0370 0.2431 
0.1369 0.5695 0.0382 0.2553 
0.0502 0.6827 0.0521 0.2149 
0.0662 0.6422 0.1363 0.1553 
0.1221 0.3463 0.3989 0.1327 
0.0916 0.4291 0.2558 0.2235 
0.3924 0.3558 0.0702 0.1816 

MOTIF filter21 
letter-probability matrix: alength= 4 w= 15 nsites= 15 
0.1779 0.2249 0.2125 0.3847 
0.1647 0.5004 0.0379 0.2969 
0.2838 0.2263 0.1518 0.3381 
0.5090 0.0444 0.0434 0.4032 
0.1071 0.1146 0.2556 0.5228 
0.1947 0.1791 0.2856 0.3406 
0.1474 0.0322 0.1122 0.7082 
0.2112 0.1865 0.0028 0.5996 
0.1722 0.0454 0.4229 0.3594 
0.1685 0.0200 0.7532 0.0582 
0.0547 0.7510 0.0919 0.1024 
0.6935 0.1246 0.0447 0.1372 
0.2954 0.2934 0.1984 0.2128 
0.4132 0.1059 0.1104 0.3704 
0.2462 0.1471 0.1462 0.4606 

MOTIF filter22 
letter-probability matrix: alength= 4 w= 10 nsites= 10 
0.2182 0.2714 0.1830 0.3274 
0.6274 0.0926 0.1883 0.0918 
0.3083 0.1675 0.2381 0.2861 
0.1751 0.6497 0.1358 0.0394 
0.4912 0.0238 0.2716 0.2133 
0.0072 0.3437 0.5542 0.0949 
0.0375 0.1606 0.7944 0.0075 
0.2013 0.1096 0.3373 0.3519 
0.1401 0.3704 0.3672 0.1224 
0.3264 0.1145 0.2560 0.3031 

MOTIF filter23 
letter-probability matrix: alength= 4 w= 16 nsites= 16 
0.1812 0.2672 0.1262 0.4254 
0.2804 0.1803 0.4075 0.1318 
0.1556 0.0869 0.1939 0.5635 
0.4686 0.0254 0.4259 0.0800 
0.1835 0.1925 0.2070 0.4170 
0.1079 0.2718 0.4837 0.1366 
0.3009 0.2717 0.2848 0.1426 
0.0247 0.4987 0.0638 0.4128 
0.5004 0.1288 0.1023 0.2686 
0.1272 0.6105 0.0017 0.2606 
0.1921 0.5410 0.1375 0.1294 
0.1122 0.1970 0.4112 0.2796 
0.1381 0.0639 0.7662 0.0317 
0.2602 0.0356 0.6147 0.0895 
0.5024 0.0860 0.2565 0.1551 
0.6184 0.1128 0.1427 0.1260 

MOTIF filter24 
letter-probability matrix: alength= 4 w= 12 nsites= 12 
0.1560 0.1740 0.1322 0.5378 
0.5307 0.0405 0.2483 0.1805 
0.0600 0.2903 0.2909 0.3588 
0.6743 0.0106 0.2302 0.0849 
0.6727 0.1023 0.0863 0.1388 
0.0209 0.0220 0.8799 0.0772 
0.0579 0.2592 0.4761 0.2068 
0.4294 0.1642 0.1765 0.2299 
0.0832 0.4743 0.4317 0.0107 
0.2508 0.2955 0.3041 0.1496 
0.1535 0.0566 0.2665 0.5233 
0.1397 0.0907 0.6021 0.1674 

MOTIF filter25 
letter-probability matrix: alength= 4 w= 16 nsites= 16 
0.2102 0.1643 0.2885 0.3371 
0.2877 0.2318 0.2511 0.2294 
0.5665 0.1863 0.1548 0.0925 
0.0674 0.6342 0.0589 0.2395 
0.2888 0.3046 0.3849 0.0217 
0.0443 0.1334 0.2058 0.6165 
0.0432 0.0445 0.2563 0.6560 
0.0931 0.1702 0.1074 0.6294 
0.0035 0.4842 0.0131 0.4992 
0.1791 0.6085 0.0411 0.1714 
0.1585 0.3528 0.2085 0.2803 
0.5962 0.0665 0.1903 0.1471 
0.1291 0.3531 0.3834 0.1345 
0.2628 0.1720 0.4091 0.1562 
0.6631 0.1303 0.0623 0.1443 
0.5872 0.1728 0.1712 0.0688 

MOTIF filter26 
letter-probability matrix: alength= 4 w= 13 nsites= 13 
0.1048 0.0643 0.3649 0.4660 
0.1667 0.2902 0.2755 0.2675 
0.1200 0.3439 0.3144 0.2217 
0.0170 0.4624 0.0423 0.4783 
0.4012 0.3883 0.1931 0.0174 
0.1044 0.6215 0.1279 0.1463 
0.3703 0.3372 0.2390 0.0535 
0.1450 0.1503 0.1779 0.5268 
0.3198 0.4065 0.0195 0.2542 
0.1007 0.6544 0.0532 0.1917 
0.1261 0.4747 0.2019 0.1974 
0.0059 0.3490 0.2632 0.3819 
0.2294 0.2223 0.1968 0.3514 

MOTIF filter27 
letter-probability matrix: alength= 4 w= 7 nsites= 7 
0.0479 0.5468 0.3078 0.0975 
0.4989 0.1136 0.1896 0.1978 
0.1549 0.3363 0.2863 0.2225 
0.1426 0.0124 0.0020 0.8429 
0.1041 0.2293 0.1543 0.5123 
0.4234 0.0780 0.1634 0.3352 
0.2706 0.1819 0.3072 0.2404 

MOTIF filter28 
letter-probability matrix: alength= 4 w= 13 nsites= 13 
0.2620 0.2482 0.2449 0.2450 
0.3987 0.1992 0.3220 0.0801 
0.0691 0.0887 0.0458 0.7965 
0.0652 0.0516 0.1601 0.7231 
0.2981 0.0573 0.4662 0.1784 
0.1127 0.5984 0.0811 0.2078 
0.1832 0.0924 0.6336 0.0907 
0.1533 0.5505 0.0311 0.2651 
0.7787 0.1429 0.0449 0.0335 
0.8318 0.0647 0.0662 0.0373 
0.0545 0.3011 0.2057 0.4387 
0.2170 0.2923 0.2410 0.2496 
0.2450 0.2636 0.2187 0.2727 

MOTIF filter29 
letter-probability matrix: alength= 4 w= 10 nsites= 10 
0.2016 0.3710 0.2396 0.1877 
0.1809 0.3999 0.1638 0.2554 
0.3206 0.3675 0.1195 0.1924 
0.1865 0.0001 0.0517 0.7617 
0.2384 0.1986 0.0022 0.5608 
0.9054 0.0020 0.0001 0.0926 
0.5720 0.0170 0.0266 0.3844 
0.4238 0.2913 0.0679 0.2170 
0.5215 0.1438 0.0379 0.2969 
0.1310 0.0784 0.4047 0.3859 

MOTIF filter30 
letter-probability matrix: alength= 4 w= 13 nsites= 13 
0.1047 0.6075 0.1882 0.0995 
0.1667 0.3208 0.2805 0.2319 
0.3643 0.2266 0.1155 0.2935 
0.0560 0.0134 0.1101 0.8206 
0.7141 0.2578 0.0188 0.0094 
0.3819 0.0001 0.0953 0.5226 
0.6277 0.0048 0.1360 0.2315 
0.0987 0.2674 0.0355 0.5984 
0.0355 0.1516 0.5213 0.2916 
0.0825 0.0433 0.5439 0.3303 
0.5700 0.2009 0.1077 0.1213 
0.4796 0.1555 0.1434 0.2215 
0.5583 0.1134 0.1851 0.1432 

MOTIF filter31 
letter-probability matrix: alength= 4 w= 13 nsites= 13 
0.3960 0.2744 0.2085 0.1210 
0.3838 0.0321 0.3591 0.2250 
0.0576 0.5247 0.2097 0.2079 
0.0380 0.6854 0.0569 0.2197 
0.3229 0.2930 0.1367 0.2474 
0.7604 0.0486 0.0469 0.1441 
0.1592 0.3635 0.0623 0.4151 
0.0579 0.0664 0.0311 0.8446 
0.0518 0.2494 0.2473 0.4516 
0.2081 0.6023 0.1851 0.0045 
0.1126 0.2855 0.0981 0.5039 
0.0828 0.1302 0.6067 0.1803 
0.3401 0.0934 0.4727 0.0938 

