MEME version 4

ALPHABET= ACGT

Background letter frequencies:
A 0.2500 C 0.2500 G 0.2500 T 0.2500 

MOTIF filter0 
letter-probability matrix: alength= 4 w= 18 nsites= 18 
0.2400 0.2900 0.2150 0.2550 
0.2550 0.2150 0.2450 0.2850 
0.2550 0.2700 0.2200 0.2550 
0.5750 0.0000 0.0450 0.3800 
1.0000 0.0000 0.0000 0.0000 
0.3800 0.0000 0.0650 0.5550 
0.2450 0.1750 0.2100 0.3700 
0.0050 0.0000 0.0000 0.9950 
0.0000 0.0000 1.0000 0.0000 
0.1150 0.8850 0.0000 0.0000 
0.0000 0.0000 0.0000 1.0000 
0.0000 0.0000 0.9950 0.0050 
0.9800 0.0000 0.0200 0.0000 
0.0200 0.5250 0.3150 0.1400 
0.2000 0.1400 0.0750 0.5850 
0.1950 0.3500 0.1400 0.3150 
0.5900 0.0250 0.1400 0.2450 
0.1800 0.1100 0.5100 0.2000 

MOTIF filter1 
letter-probability matrix: alength= 4 w= 13 nsites= 13 
0.3091 0.2753 0.2338 0.1818 
0.2701 0.3013 0.2078 0.2208 
0.0753 0.1688 0.5013 0.2545 
0.0000 0.7532 0.0416 0.2052 
0.0026 0.8675 0.0000 0.1299 
0.0000 1.0000 0.0000 0.0000 
0.0000 1.0000 0.0000 0.0000 
0.1273 0.0000 0.5896 0.2831 
0.0000 1.0000 0.0000 0.0000 
0.0000 1.0000 0.0000 0.0000 
0.0000 0.8026 0.0000 0.1974 
0.0597 0.8286 0.0000 0.1117 
0.0078 0.6416 0.0597 0.2909 

MOTIF filter2 
letter-probability matrix: alength= 4 w= 16 nsites= 16 
0.2692 0.2456 0.2219 0.2633 
0.2485 0.2811 0.2574 0.2130 
0.2426 0.2456 0.2426 0.2692 
0.1124 0.0148 0.6893 0.1834 
0.0828 0.7130 0.1183 0.0858 
0.2870 0.3373 0.2663 0.1095 
0.0444 0.0000 0.8669 0.0888 
0.0000 1.0000 0.0000 0.0000 
0.0000 1.0000 0.0000 0.0000 
1.0000 0.0000 0.0000 0.0000 
0.0000 0.0000 0.0000 1.0000 
0.0089 0.4615 0.1391 0.3905 
0.0000 0.0148 0.0000 0.9852 
0.0000 0.0118 0.0000 0.9882 
0.0828 0.0799 0.7130 0.1243 
0.2781 0.2308 0.2456 0.2456 

MOTIF filter3 
letter-probability matrix: alength= 4 w= 12 nsites= 12 
0.2365 0.2783 0.2131 0.2722 
0.2525 0.2586 0.2660 0.2229 
0.2746 0.2562 0.2352 0.2340 
0.0382 0.0000 0.0000 0.9618 
0.0000 0.0000 0.0000 1.0000 
0.0000 0.0000 0.0000 1.0000 
0.5788 0.0000 0.4212 0.0000 
1.0000 0.0000 0.0000 0.0000 
0.0000 0.0000 0.0000 1.0000 
0.2192 0.2722 0.2586 0.2500 
0.2537 0.2574 0.2500 0.2389 
0.2438 0.2254 0.2722 0.2586 

MOTIF filter4 
letter-probability matrix: alength= 4 w= 15 nsites= 15 
0.2264 0.2123 0.3066 0.2547 
0.2547 0.0472 0.6557 0.0425 
0.1274 0.0000 0.8160 0.0566 
0.1462 0.0000 0.8538 0.0000 
0.0000 0.0000 1.0000 0.0000 
0.0000 0.0000 1.0000 0.0000 
0.2783 0.6274 0.0000 0.0943 
0.0000 0.0000 1.0000 0.0000 
0.0000 0.0000 1.0000 0.0000 
0.0896 0.0000 0.9104 0.0000 
0.1132 0.0094 0.8774 0.0000 
0.1226 0.7311 0.1132 0.0330 
0.2217 0.1840 0.4009 0.1934 
0.2736 0.3066 0.2123 0.2075 
0.2406 0.1887 0.2689 0.3019 

MOTIF filter5 
letter-probability matrix: alength= 4 w= 11 nsites= 11 
0.2481 0.2356 0.2430 0.2733 
0.2358 0.2162 0.3230 0.2249 
0.3378 0.2443 0.2996 0.1183 
0.0286 0.0362 0.0553 0.8799 
0.0263 0.0252 0.8447 0.1038 
0.8832 0.0398 0.0441 0.0329 
0.0910 0.4286 0.4383 0.0421 
0.0204 0.0380 0.0446 0.8970 
0.0844 0.8534 0.0219 0.0403 
0.8924 0.0370 0.0319 0.0388 
0.1010 0.3134 0.2631 0.3225 

MOTIF filter6 
letter-probability matrix: alength= 4 w= 20 nsites= 20 
0.2417 0.2750 0.2667 0.2167 
0.6167 0.1167 0.2667 0.0000 
0.0833 0.1583 0.1750 0.5833 
0.0250 0.6583 0.0250 0.2917 
0.5667 0.0583 0.1083 0.2667 
0.5250 0.3167 0.1000 0.0583 
0.6750 0.0000 0.0167 0.3083 
0.0500 0.2083 0.1500 0.5917 
0.4500 0.1083 0.0167 0.4250 
0.3083 0.1167 0.5667 0.0083 
0.5167 0.2417 0.2250 0.0167 
0.0000 0.0167 0.0167 0.9667 
0.6250 0.0917 0.2083 0.0750 
0.6833 0.1417 0.1750 0.0000 
0.1083 0.3167 0.5583 0.0167 
0.0000 0.3917 0.6083 0.0000 
0.0000 0.1167 0.2167 0.6667 
0.1667 0.2750 0.2500 0.3083 
0.0167 0.2250 0.0333 0.7250 
0.2417 0.4083 0.1667 0.1833 

MOTIF filter7 
letter-probability matrix: alength= 4 w= 14 nsites= 14 
0.2743 0.2961 0.2160 0.2136 
0.2840 0.2524 0.2209 0.2427 
0.2403 0.2500 0.2451 0.2646 
0.0024 0.7791 0.1165 0.1019 
0.0000 0.1869 0.0000 0.8131 
0.0000 0.2646 0.7039 0.0316 
1.0000 0.0000 0.0000 0.0000 
0.0000 0.0000 0.0000 1.0000 
0.0000 0.0000 0.0000 1.0000 
0.0000 0.0000 1.0000 0.0000 
0.0000 0.0000 1.0000 0.0000 
0.0388 0.4029 0.0000 0.5583 
0.0000 0.4369 0.1432 0.4199 
0.1820 0.3908 0.3350 0.0922 

MOTIF filter8 
letter-probability matrix: alength= 4 w= 12 nsites= 12 
0.2324 0.2869 0.2564 0.2244 
0.4295 0.1763 0.2484 0.1458 
0.2516 0.3462 0.3109 0.0913 
0.0000 1.0000 0.0000 0.0000 
1.0000 0.0000 0.0000 0.0000 
0.0000 1.0000 0.0000 0.0000 
0.0000 0.0000 1.0000 0.0000 
0.0000 0.0000 0.0000 1.0000 
0.0000 0.0000 1.0000 0.0000 
0.1474 0.2933 0.3221 0.2372 
0.1683 0.1971 0.1763 0.4583 
0.2212 0.2596 0.2660 0.2532 

MOTIF filter9 
letter-probability matrix: alength= 4 w= 14 nsites= 14 
0.2577 0.2617 0.2443 0.2363 
0.2323 0.2697 0.2590 0.2390 
0.1095 0.0441 0.3418 0.5047 
0.0093 0.9079 0.0000 0.0828 
0.0000 0.0000 0.0000 1.0000 
1.0000 0.0000 0.0000 0.0000 
0.2336 0.0000 0.0013 0.7650 
0.4366 0.0000 0.0000 0.5634 
0.5300 0.0000 0.0000 0.4700 
0.6903 0.0000 0.0000 0.3097 
0.0000 0.0000 0.0000 1.0000 
1.0000 0.0000 0.0000 0.0000 
0.0481 0.0000 0.9306 0.0214 
0.4846 0.3752 0.0320 0.1081 

MOTIF filter10 
letter-probability matrix: alength= 4 w= 20 nsites= 20 
0.2907 0.2375 0.2310 0.2408 
0.1627 0.0748 0.0456 0.7169 
0.0315 0.0933 0.6573 0.2180 
0.4111 0.3905 0.0716 0.1269 
0.0022 0.9902 0.0054 0.0022 
0.0000 0.9881 0.0033 0.0087 
0.8265 0.0033 0.0098 0.1605 
0.0228 0.0000 0.0033 0.9740 
0.9935 0.0043 0.0022 0.0000 
0.0000 0.0022 0.0011 0.9967 
0.9761 0.0022 0.0000 0.0217 
0.1573 0.0065 0.0033 0.8330 
0.0033 0.0108 0.9859 0.0000 
0.0022 0.0043 0.9902 0.0033 
0.1117 0.0716 0.3850 0.4317 
0.2245 0.6421 0.0954 0.0380 
0.7104 0.0336 0.0716 0.1844 
0.2408 0.2744 0.2375 0.2473 
0.2299 0.2603 0.2592 0.2505 
0.2408 0.2375 0.2657 0.2560 

MOTIF filter11 
letter-probability matrix: alength= 4 w= 12 nsites= 12 
0.2427 0.2533 0.2427 0.2613 
0.2533 0.2267 0.2640 0.2560 
0.2293 0.2560 0.2427 0.2720 
0.0000 0.8747 0.1253 0.0000 
0.0213 0.9787 0.0000 0.0000 
0.0000 0.0000 1.0000 0.0000 
0.0000 0.0000 1.0000 0.0000 
1.0000 0.0000 0.0000 0.0000 
1.0000 0.0000 0.0000 0.0000 
0.0453 0.0053 0.9493 0.0000 
0.0267 0.3093 0.0187 0.6453 
0.1840 0.0987 0.6533 0.0640 

MOTIF filter12 
letter-probability matrix: alength= 4 w= 20 nsites= 20 
0.2183 0.2579 0.2778 0.2460 
0.0000 0.0754 0.0873 0.8373 
0.3413 0.1944 0.4563 0.0079 
0.8571 0.0278 0.1071 0.0079 
0.0794 0.1111 0.0952 0.7143 
0.4643 0.0000 0.0079 0.5278 
0.0714 0.3651 0.0000 0.5635 
0.8254 0.0357 0.0278 0.1111 
0.1548 0.1746 0.2063 0.4643 
0.0317 0.3611 0.3492 0.2579 
0.0198 0.6230 0.0794 0.2778 
0.3056 0.2778 0.2024 0.2143 
0.4524 0.0198 0.3849 0.1429 
0.1349 0.3611 0.5040 0.0000 
0.5595 0.2143 0.1786 0.0476 
0.1746 0.3571 0.0952 0.3730 
0.1111 0.2381 0.0357 0.6151 
0.1905 0.2381 0.0476 0.5238 
0.2103 0.3095 0.0476 0.4325 
0.0992 0.6984 0.0476 0.1548 

MOTIF filter13 
letter-probability matrix: alength= 4 w= 17 nsites= 17 
0.2085 0.2615 0.2615 0.2686 
0.2438 0.2438 0.2261 0.2862 
0.1908 0.2756 0.2438 0.2898 
0.1802 0.0000 0.4700 0.3498 
0.0141 0.4806 0.2473 0.2580 
0.0707 0.6502 0.1201 0.1590 
0.7032 0.0177 0.2615 0.0177 
0.0000 0.9541 0.0000 0.0459 
0.0000 0.0000 0.0000 1.0000 
0.0000 0.0000 0.0000 1.0000 
0.0000 1.0000 0.0000 0.0000 
0.0000 1.0000 0.0000 0.0000 
0.0000 0.0000 0.9823 0.0177 
0.0000 0.1378 0.8445 0.0177 
0.2721 0.2155 0.2473 0.2650 
0.2544 0.2191 0.2580 0.2686 
0.2544 0.2191 0.2367 0.2898 

MOTIF filter14 
letter-probability matrix: alength= 4 w= 14 nsites= 14 
0.5429 0.0613 0.0982 0.2975 
0.4755 0.0000 0.0000 0.5245 
0.3006 0.1503 0.1227 0.4264 
0.0031 0.0000 0.0000 0.9969 
0.0000 0.0000 1.0000 0.0000 
0.0399 0.9601 0.0000 0.0000 
0.0000 0.0000 0.0000 1.0000 
0.0000 0.0000 0.9847 0.0153 
1.0000 0.0000 0.0000 0.0000 
0.0184 0.5184 0.3006 0.1626 
0.1963 0.1196 0.0337 0.6503 
0.1840 0.4018 0.1043 0.3098 
0.5092 0.0675 0.1810 0.2423 
0.1442 0.0215 0.5399 0.2945 

MOTIF filter15 
letter-probability matrix: alength= 4 w= 13 nsites= 13 
0.4777 0.1459 0.3210 0.0553 
0.0000 0.0000 0.0000 1.0000 
0.0000 0.0000 0.0461 0.9539 
0.3041 0.0000 0.6436 0.0522 
0.0000 0.9770 0.0000 0.0230 
0.0661 0.0000 0.9339 0.0000 
0.0538 0.7665 0.0000 0.1797 
1.0000 0.0000 0.0000 0.0000 
1.0000 0.0000 0.0000 0.0000 
0.0000 0.3917 0.0722 0.5361 
0.2780 0.2719 0.2535 0.1966 
0.2197 0.2243 0.2949 0.2611 
0.2473 0.2396 0.2765 0.2366 

MOTIF filter16 
letter-probability matrix: alength= 4 w= 17 nsites= 17 
0.2036 0.3071 0.2929 0.1964 
0.2750 0.2357 0.2250 0.2643 
0.2107 0.2250 0.3036 0.2607 
0.2786 0.0357 0.6179 0.0679 
0.0821 0.0000 0.8536 0.0643 
0.1964 0.0000 0.8036 0.0000 
0.0000 0.0000 1.0000 0.0000 
0.0000 0.0000 1.0000 0.0000 
0.2786 0.5393 0.0000 0.1821 
0.0036 0.0000 0.9964 0.0000 
0.0000 0.0000 1.0000 0.0000 
0.1893 0.0000 0.8107 0.0000 
0.1643 0.0107 0.8250 0.0000 
0.1857 0.6536 0.1571 0.0036 
0.3143 0.2393 0.2214 0.2250 
0.2750 0.2893 0.2000 0.2357 
0.2643 0.2464 0.2643 0.2250 

MOTIF filter17 
letter-probability matrix: alength= 4 w= 20 nsites= 20 
0.2829 0.2537 0.2439 0.2195 
0.9024 0.0537 0.0098 0.0341 
0.3171 0.0049 0.0634 0.6146 
0.2244 0.0488 0.0488 0.6780 
0.4780 0.0341 0.1902 0.2976 
0.9366 0.0537 0.0098 0.0000 
0.6390 0.0000 0.0049 0.3561 
0.1463 0.0341 0.0732 0.7463 
0.0537 0.0683 0.1512 0.7268 
0.1756 0.2146 0.2829 0.3268 
0.1317 0.0780 0.1512 0.6390 
0.3366 0.2000 0.3073 0.1561 
0.6146 0.0195 0.1171 0.2488 
0.1805 0.0000 0.4634 0.3561 
0.6293 0.0732 0.2488 0.0488 
0.3902 0.3512 0.0878 0.1707 
0.0829 0.3610 0.0732 0.4829 
0.4488 0.1659 0.0390 0.3463 
0.3317 0.2341 0.2780 0.1561 
0.1561 0.0537 0.1171 0.6732 

MOTIF filter18 
letter-probability matrix: alength= 4 w= 20 nsites= 20 
0.2941 0.2157 0.2500 0.2402 
0.0098 0.0882 0.1765 0.7255 
0.5588 0.0294 0.3824 0.0294 
0.6471 0.0588 0.2745 0.0196 
0.0000 0.6765 0.2647 0.0588 
0.3775 0.5588 0.0000 0.0637 
0.5882 0.0343 0.0882 0.2892 
0.1127 0.3873 0.3627 0.1373 
0.1275 0.0098 0.0686 0.7941 
0.0196 0.3137 0.1863 0.4804 
0.0294 0.4020 0.2794 0.2892 
0.1814 0.2696 0.3431 0.2059 
0.1618 0.0441 0.5882 0.2059 
0.0147 0.4412 0.0000 0.5441 
0.0882 0.2647 0.5245 0.1225 
0.4510 0.0000 0.1225 0.4265 
0.1863 0.3824 0.4314 0.0000 
0.1176 0.0000 0.6176 0.2647 
0.1912 0.2451 0.0000 0.5637 
0.0245 0.2500 0.4853 0.2402 

MOTIF filter19 
letter-probability matrix: alength= 4 w= 15 nsites= 15 
0.2477 0.2420 0.2342 0.2761 
0.2686 0.2345 0.2439 0.2530 
0.2004 0.2411 0.1860 0.3726 
0.0294 0.0539 0.0213 0.8954 
0.0185 0.0301 0.0717 0.8798 
0.1879 0.7383 0.0316 0.0423 
0.0636 0.6049 0.0116 0.3200 
0.2527 0.2326 0.2523 0.2624 
0.3193 0.0009 0.6171 0.0626 
0.0304 0.0244 0.7758 0.1694 
0.8795 0.0795 0.0213 0.0197 
0.8898 0.0413 0.0445 0.0244 
0.3964 0.1810 0.2270 0.1957 
0.2401 0.2508 0.2520 0.2570 
0.2577 0.2423 0.2586 0.2414 

MOTIF filter20 
letter-probability matrix: alength= 4 w= 18 nsites= 18 
0.1672 0.3579 0.2609 0.2140 
0.2609 0.2408 0.3946 0.1037 
0.3144 0.1572 0.3746 0.1538 
0.0033 0.9833 0.0067 0.0067 
0.0000 0.4816 0.0000 0.5184 
0.3211 0.0936 0.5719 0.0134 
1.0000 0.0000 0.0000 0.0000 
0.0000 0.0000 0.0000 1.0000 
0.0000 0.2609 0.0134 0.7258 
0.1839 0.0000 0.8161 0.0000 
0.0000 0.0000 1.0000 0.0000 
0.0936 0.3846 0.0970 0.4247 
0.0702 0.4013 0.1472 0.3813 
0.1739 0.4682 0.3043 0.0535 
0.4950 0.1438 0.2809 0.0803 
0.1739 0.1773 0.2676 0.3813 
0.0000 0.1672 0.2910 0.5418 
0.0502 0.2910 0.1605 0.4983 

MOTIF filter21 
letter-probability matrix: alength= 4 w= 16 nsites= 16 
0.2214 0.2518 0.2504 0.2764 
0.2533 0.2504 0.2605 0.2359 
0.2402 0.2590 0.2388 0.2619 
0.5441 0.0695 0.3864 0.0000 
0.0000 0.0000 0.0000 1.0000 
0.0000 0.0000 0.0130 0.9870 
0.2533 0.0000 0.6773 0.0695 
0.0029 0.9363 0.0014 0.0593 
0.0535 0.0000 0.9465 0.0000 
0.0695 0.6599 0.0000 0.2706 
0.9725 0.0275 0.0000 0.0000 
1.0000 0.0000 0.0000 0.0000 
0.0072 0.3227 0.1418 0.5282 
0.2764 0.2315 0.2865 0.2055 
0.2402 0.2098 0.2590 0.2909 
0.2590 0.2402 0.2619 0.2388 

MOTIF filter22 
letter-probability matrix: alength= 4 w= 12 nsites= 12 
0.2251 0.2537 0.2629 0.2583 
0.4354 0.1920 0.2594 0.1131 
0.2183 0.3246 0.3360 0.1211 
0.0000 1.0000 0.0000 0.0000 
1.0000 0.0000 0.0000 0.0000 
0.0000 0.9989 0.0000 0.0011 
0.0000 0.0000 1.0000 0.0000 
0.0000 0.0000 0.0000 1.0000 
0.0000 0.0000 1.0000 0.0000 
0.1211 0.3074 0.3440 0.2274 
0.1303 0.2491 0.1577 0.4629 
0.2446 0.2434 0.2549 0.2571 

MOTIF filter23 
letter-probability matrix: alength= 4 w= 16 nsites= 16 
0.2951 0.2098 0.2918 0.2033 
0.2885 0.3180 0.2098 0.1836 
0.0787 0.1705 0.5443 0.2066 
0.0000 0.9344 0.0000 0.0656 
0.0000 0.8328 0.0000 0.1672 
0.0000 1.0000 0.0000 0.0000 
0.0000 1.0000 0.0000 0.0000 
0.0721 0.0000 0.6230 0.3049 
0.0000 1.0000 0.0000 0.0000 
0.0000 1.0000 0.0000 0.0000 
0.0000 0.8000 0.0000 0.2000 
0.0754 0.8492 0.0000 0.0754 
0.0721 0.6459 0.0262 0.2557 
0.2492 0.2262 0.2754 0.2492 
0.2623 0.2295 0.2426 0.2656 
0.2131 0.2951 0.2557 0.2361 

MOTIF filter24 
letter-probability matrix: alength= 4 w= 12 nsites= 12 
0.2812 0.1619 0.3182 0.2386 
0.6165 0.0682 0.0994 0.2159 
0.1790 0.3239 0.4716 0.0256 
0.0000 0.0000 0.0000 1.0000 
0.0028 0.9972 0.0000 0.0000 
1.0000 0.0000 0.0000 0.0000 
0.0000 0.0000 0.9830 0.0170 
0.0000 1.0000 0.0000 0.0000 
0.9943 0.0000 0.0000 0.0057 
0.4233 0.1619 0.1420 0.2727 
0.4119 0.0511 0.0000 0.5369 
0.3778 0.0568 0.0085 0.5568 

MOTIF filter25 
letter-probability matrix: alength= 4 w= 18 nsites= 18 
0.0338 0.0930 0.6510 0.2222 
0.4094 0.3986 0.0664 0.1256 
0.0000 1.0000 0.0000 0.0000 
0.0000 0.9952 0.0012 0.0036 
0.8370 0.0012 0.0072 0.1546 
0.0157 0.0000 0.0000 0.9843 
1.0000 0.0000 0.0000 0.0000 
0.0000 0.0000 0.0012 0.9988 
0.9879 0.0000 0.0000 0.0121 
0.1461 0.0012 0.0000 0.8527 
0.0000 0.0012 0.9988 0.0000 
0.0000 0.0000 1.0000 0.0000 
0.1075 0.0652 0.3998 0.4275 
0.2222 0.6606 0.0918 0.0254 
0.7355 0.0302 0.0640 0.1703 
0.2403 0.2802 0.2391 0.2403 
0.2210 0.2633 0.2609 0.2548 
0.2428 0.2379 0.2729 0.2464 

MOTIF filter26 
letter-probability matrix: alength= 4 w= 17 nsites= 17 
0.2331 0.2865 0.2725 0.2079 
0.2697 0.2612 0.2022 0.2669 
0.1545 0.6601 0.1236 0.0618 
1.0000 0.0000 0.0000 0.0000 
0.9860 0.0000 0.0140 0.0000 
0.4326 0.0787 0.4691 0.0197 
1.0000 0.0000 0.0000 0.0000 
0.0000 0.0000 0.0000 1.0000 
0.0000 0.0000 1.0000 0.0000 
0.0000 0.0000 1.0000 0.0000 
0.0590 0.8624 0.0000 0.0787 
0.1180 0.1994 0.4185 0.2640 
0.0730 0.0843 0.7725 0.0702 
0.1404 0.7556 0.0225 0.0815 
0.2669 0.2331 0.2135 0.2865 
0.2360 0.2388 0.3034 0.2219 
0.2584 0.2388 0.2809 0.2219 

MOTIF filter27 
letter-probability matrix: alength= 4 w= 13 nsites= 13 
0.2417 0.1964 0.2568 0.3051 
0.2447 0.2387 0.2326 0.2840 
0.2326 0.2870 0.2417 0.2387 
0.2356 0.0272 0.6707 0.0665 
0.1269 0.0000 0.8157 0.0574 
0.1541 0.0000 0.8459 0.0000 
0.0000 0.0000 1.0000 0.0000 
0.0000 0.0000 1.0000 0.0000 
0.3444 0.5438 0.0000 0.1118 
0.0000 0.0000 1.0000 0.0000 
0.0000 0.0000 1.0000 0.0000 
0.1420 0.0000 0.8580 0.0000 
0.2115 0.0242 0.7644 0.0000 

MOTIF filter28 
letter-probability matrix: alength= 4 w= 13 nsites= 13 
0.2513 0.2675 0.2395 0.2417 
0.2385 0.2707 0.2535 0.2374 
0.1160 0.0655 0.3512 0.4672 
0.0419 0.8496 0.0000 0.1085 
0.0000 0.0064 0.0000 0.9936 
1.0000 0.0000 0.0000 0.0000 
0.2868 0.0011 0.0000 0.7121 
0.4683 0.0021 0.0000 0.5295 
0.5639 0.0000 0.0011 0.4350 
0.6992 0.0011 0.0000 0.2997 
0.0000 0.0011 0.0000 0.9989 
0.9946 0.0000 0.0043 0.0011 
0.1117 0.0000 0.8550 0.0333 

MOTIF filter29 
letter-probability matrix: alength= 4 w= 15 nsites= 15 
0.2887 0.1967 0.1548 0.3598 
0.0042 0.0000 0.0000 0.9958 
0.0000 0.0000 1.0000 0.0000 
0.0000 1.0000 0.0000 0.0000 
0.0000 0.0000 0.0000 1.0000 
0.0000 0.0000 0.9958 0.0042 
1.0000 0.0000 0.0000 0.0000 
0.0209 0.6695 0.2050 0.1046 
0.1799 0.0377 0.0251 0.7573 
0.1757 0.3975 0.0711 0.3556 
0.4854 0.0126 0.2469 0.2552 
0.1255 0.0502 0.6485 0.1757 
0.2469 0.2343 0.2845 0.2343 
0.2594 0.2510 0.2301 0.2594 
0.1967 0.3473 0.1674 0.2887 

MOTIF filter30 
letter-probability matrix: alength= 4 w= 12 nsites= 12 
0.4557 0.2127 0.1544 0.1772 
0.0481 0.3620 0.1316 0.4582 
0.0734 0.3165 0.3570 0.2532 
0.4177 0.1114 0.4709 0.0000 
0.5646 0.0025 0.3848 0.0481 
0.0000 1.0000 0.0000 0.0000 
0.0000 1.0000 0.0000 0.0000 
1.0000 0.0000 0.0000 0.0000 
1.0000 0.0000 0.0000 0.0000 
0.0000 0.0000 0.0000 1.0000 
0.0152 0.7494 0.2354 0.0000 
0.8456 0.0000 0.1544 0.0000 

MOTIF filter31 
letter-probability matrix: alength= 4 w= 11 nsites= 11 
0.2736 0.2410 0.2224 0.2631 
0.2549 0.2515 0.2235 0.2701 
1.0000 0.0000 0.0000 0.0000 
0.0000 0.0000 0.0000 1.0000 
0.0000 0.3597 0.0000 0.6403 
1.0000 0.0000 0.0000 0.0000 
1.0000 0.0000 0.0000 0.0000 
0.8859 0.0000 0.0000 0.1141 
0.2491 0.2421 0.2561 0.2526 
0.2352 0.2782 0.2340 0.2526 
0.2014 0.2782 0.2398 0.2806 

