MEME version 4

ALPHABET= ACGT

Background letter frequencies:
A 0.2500 C 0.2500 G 0.2500 T 0.2500 

MOTIF filter0 
letter-probability matrix: alength= 4 w= 20 nsites= 20 
0.2290 0.2463 0.2597 0.2650 
0.1957 0.2876 0.2770 0.2397 
0.2703 0.2570 0.2250 0.2477 
0.1438 0.0666 0.0280 0.7617 
0.0266 0.0559 0.7004 0.2170 
0.4141 0.3928 0.0732 0.1198 
0.0013 0.9987 0.0000 0.0000 
0.0000 0.9947 0.0000 0.0053 
0.8336 0.0000 0.0040 0.1625 
0.0146 0.0000 0.0013 0.9840 
1.0000 0.0000 0.0000 0.0000 
0.0000 0.0000 0.0013 0.9987 
0.9880 0.0000 0.0000 0.0120 
0.1212 0.0027 0.0000 0.8762 
0.0013 0.0013 0.9973 0.0000 
0.0000 0.0013 0.9973 0.0013 
0.1039 0.0719 0.3928 0.4314 
0.2091 0.6738 0.0905 0.0266 
0.7683 0.0240 0.0546 0.1531 
0.2264 0.2823 0.2463 0.2450 

MOTIF filter1 
letter-probability matrix: alength= 4 w= 13 nsites= 13 
0.1468 0.2024 0.1693 0.4815 
0.0000 0.0000 0.0000 1.0000 
0.0000 0.0000 0.0040 0.9960 
0.0450 0.9550 0.0000 0.0000 
0.0146 0.7579 0.0000 0.2275 
0.2765 0.1852 0.2712 0.2672 
0.1468 0.0000 0.8532 0.0000 
0.0000 0.0000 0.9815 0.0185 
1.0000 0.0000 0.0000 0.0000 
1.0000 0.0000 0.0000 0.0000 
0.5569 0.1058 0.1772 0.1601 
0.2222 0.2844 0.2421 0.2513 
0.2672 0.2288 0.2606 0.2434 

MOTIF filter2 
letter-probability matrix: alength= 4 w= 13 nsites= 13 
0.2404 0.2383 0.2691 0.2521 
0.2394 0.1670 0.3862 0.2074 
0.4138 0.2000 0.3777 0.0085 
0.0000 0.0000 0.0000 1.0000 
0.0000 0.0000 1.0000 0.0000 
1.0000 0.0000 0.0000 0.0000 
0.0000 0.5011 0.4989 0.0000 
0.0000 0.0000 0.0000 1.0000 
0.0000 1.0000 0.0000 0.0000 
1.0000 0.0000 0.0000 0.0000 
0.0000 0.3511 0.2298 0.4191 
0.2160 0.3564 0.1894 0.2383 
0.2489 0.2223 0.2787 0.2500 

MOTIF filter3 
letter-probability matrix: alength= 4 w= 18 nsites= 18 
0.2707 0.2707 0.2197 0.2389 
0.2452 0.2962 0.2611 0.1975 
0.2420 0.2548 0.2484 0.2548 
0.1178 0.0159 0.7038 0.1624 
0.0732 0.7261 0.1115 0.0892 
0.2898 0.3503 0.2516 0.1083 
0.0318 0.0000 0.8790 0.0892 
0.0000 1.0000 0.0000 0.0000 
0.0000 1.0000 0.0000 0.0000 
1.0000 0.0000 0.0000 0.0000 
0.0000 0.0000 0.0000 1.0000 
0.0096 0.4618 0.1401 0.3885 
0.0000 0.0127 0.0000 0.9873 
0.0000 0.0096 0.0000 0.9904 
0.0701 0.0828 0.7261 0.1210 
0.2866 0.2325 0.2357 0.2452 
0.1815 0.2898 0.2771 0.2516 
0.2325 0.2866 0.2452 0.2357 

MOTIF filter4 
letter-probability matrix: alength= 4 w= 11 nsites= 11 
0.1592 0.1892 0.3544 0.2973 
0.0270 0.4685 0.2192 0.2853 
0.0961 0.6336 0.1321 0.1381 
0.7297 0.0060 0.2372 0.0270 
0.0000 0.9610 0.0090 0.0300 
0.0000 0.0000 0.0000 1.0000 
0.0000 0.0000 0.0000 1.0000 
0.0000 1.0000 0.0000 0.0000 
0.0000 1.0000 0.0000 0.0000 
0.0000 0.0000 0.9820 0.0180 
0.0000 0.1051 0.8949 0.0000 

MOTIF filter5 
letter-probability matrix: alength= 4 w= 12 nsites= 12 
0.0462 0.0482 0.0539 0.8516 
0.0000 0.0000 0.0000 1.0000 
0.2967 0.0000 0.6647 0.0385 
0.0000 0.9865 0.0000 0.0135 
0.0385 0.0000 0.9615 0.0000 
0.0077 0.8690 0.0000 0.1233 
1.0000 0.0000 0.0000 0.0000 
1.0000 0.0000 0.0000 0.0000 
0.0000 0.3468 0.0636 0.5896 
0.2563 0.2794 0.2697 0.1946 
0.2370 0.2216 0.2543 0.2871 
0.2909 0.1965 0.2717 0.2408 

MOTIF filter6 
letter-probability matrix: alength= 4 w= 16 nsites= 16 
0.2549 0.2235 0.2588 0.2627 
0.2431 0.2431 0.2824 0.2314 
0.0235 0.0078 0.3647 0.6039 
0.0000 0.8980 0.0000 0.1020 
0.0000 0.0000 0.0000 1.0000 
1.0000 0.0000 0.0000 0.0000 
0.0000 0.0000 0.0039 0.9961 
0.0000 0.0000 0.0000 1.0000 
0.0314 0.0000 0.0000 0.9686 
0.3529 0.0000 0.0000 0.6471 
0.0039 0.0000 0.0000 0.9961 
1.0000 0.0000 0.0000 0.0000 
0.0039 0.0000 0.9569 0.0392 
0.4353 0.4078 0.0471 0.1098 
0.2824 0.2510 0.3176 0.1490 
0.2863 0.2549 0.2039 0.2549 

MOTIF filter7 
letter-probability matrix: alength= 4 w= 13 nsites= 13 
0.2347 0.2546 0.2493 0.2613 
0.2480 0.2467 0.2626 0.2427 
0.2374 0.2586 0.2454 0.2586 
0.5318 0.1048 0.3634 0.0000 
0.0000 0.0000 0.0000 1.0000 
0.0000 0.0000 0.0225 0.9775 
0.2944 0.0000 0.6419 0.0637 
0.0000 0.9310 0.0000 0.0690 
0.0663 0.0013 0.9324 0.0000 
0.0703 0.6698 0.0000 0.2599 
0.9748 0.0252 0.0000 0.0000 
1.0000 0.0000 0.0000 0.0000 
0.0080 0.3541 0.1313 0.5066 

MOTIF filter8 
letter-probability matrix: alength= 4 w= 16 nsites= 16 
0.2854 0.2481 0.2630 0.2035 
0.2581 0.3052 0.2283 0.2084 
0.0596 0.1811 0.5211 0.2382 
0.0000 0.7717 0.0496 0.1787 
0.0025 0.8238 0.0000 0.1737 
0.0000 1.0000 0.0000 0.0000 
0.0000 1.0000 0.0000 0.0000 
0.0893 0.0000 0.5980 0.3127 
0.0000 1.0000 0.0000 0.0000 
0.0000 1.0000 0.0000 0.0000 
0.0000 0.8114 0.0000 0.1886 
0.0744 0.8362 0.0000 0.0893 
0.0596 0.6328 0.0670 0.2407 
0.2382 0.2531 0.2779 0.2308 
0.2630 0.2432 0.2109 0.2829 
0.2184 0.2928 0.2506 0.2382 

MOTIF filter9 
letter-probability matrix: alength= 4 w= 18 nsites= 18 
0.0327 0.0945 0.6511 0.2217 
0.4194 0.3992 0.0542 0.1272 
0.0000 0.9987 0.0013 0.0000 
0.0000 0.9987 0.0000 0.0013 
0.8501 0.0000 0.0038 0.1461 
0.0164 0.0000 0.0000 0.9836 
1.0000 0.0000 0.0000 0.0000 
0.0000 0.0000 0.0000 1.0000 
0.9950 0.0000 0.0000 0.0050 
0.1562 0.0000 0.0000 0.8438 
0.0000 0.0038 0.9962 0.0000 
0.0000 0.0000 1.0000 0.0000 
0.1071 0.0504 0.4093 0.4332 
0.2317 0.6549 0.0882 0.0252 
0.7254 0.0302 0.0668 0.1776 
0.2330 0.2758 0.2418 0.2494 
0.2103 0.2670 0.2695 0.2531 
0.2506 0.2380 0.2695 0.2418 

MOTIF filter10 
letter-probability matrix: alength= 4 w= 16 nsites= 16 
0.2429 0.2303 0.2713 0.2555 
0.2397 0.2524 0.2366 0.2713 
0.2114 0.2681 0.2713 0.2492 
0.2713 0.0568 0.5994 0.0726 
0.1073 0.0000 0.8454 0.0473 
0.1767 0.0000 0.8233 0.0000 
0.0000 0.0000 1.0000 0.0000 
0.0000 0.0000 1.0000 0.0000 
0.3218 0.5647 0.0000 0.1136 
0.0000 0.0000 1.0000 0.0000 
0.0000 0.0000 1.0000 0.0000 
0.1262 0.0000 0.8738 0.0000 
0.1640 0.0126 0.8233 0.0000 
0.1798 0.5710 0.1577 0.0915 
0.3060 0.2240 0.2524 0.2177 
0.2177 0.3186 0.2050 0.2587 

MOTIF filter11 
letter-probability matrix: alength= 4 w= 12 nsites= 12 
0.2588 0.2630 0.2228 0.2554 
0.2454 0.2864 0.2446 0.2236 
0.2437 0.2404 0.2454 0.2705 
0.3869 0.0000 0.0000 0.6131 
0.0000 0.0000 0.0000 1.0000 
0.0000 0.0000 0.0000 1.0000 
0.7286 0.0000 0.2714 0.0000 
1.0000 0.0000 0.0000 0.0000 
0.0000 0.0000 0.0000 1.0000 
0.2554 0.2496 0.2513 0.2437 
0.2404 0.2521 0.2755 0.2320 
0.2429 0.2387 0.2563 0.2621 

MOTIF filter12 
letter-probability matrix: alength= 4 w= 14 nsites= 14 
0.2297 0.2264 0.3007 0.2432 
0.2331 0.0372 0.6926 0.0372 
0.1149 0.0000 0.8311 0.0541 
0.1385 0.0000 0.8615 0.0000 
0.0000 0.0000 1.0000 0.0000 
0.0000 0.0000 1.0000 0.0000 
0.2770 0.5743 0.0000 0.1486 
0.0000 0.0000 1.0000 0.0000 
0.0000 0.0000 1.0000 0.0000 
0.1486 0.0000 0.8514 0.0000 
0.1723 0.0203 0.8074 0.0000 
0.1655 0.6149 0.1689 0.0507 
0.2838 0.1655 0.3378 0.2128 
0.2568 0.2804 0.2297 0.2331 

MOTIF filter13 
letter-probability matrix: alength= 4 w= 16 nsites= 16 
0.5017 0.2042 0.1211 0.1730 
0.0450 0.3668 0.1107 0.4775 
0.0381 0.3426 0.3772 0.2422 
0.4567 0.0865 0.4567 0.0000 
0.5848 0.0035 0.3668 0.0450 
0.0000 1.0000 0.0000 0.0000 
0.0000 1.0000 0.0000 0.0000 
1.0000 0.0000 0.0000 0.0000 
1.0000 0.0000 0.0000 0.0000 
0.0000 0.0000 0.0000 1.0000 
0.0035 0.8166 0.1799 0.0000 
0.8616 0.0000 0.1384 0.0000 
0.0588 0.0415 0.8893 0.0104 
0.1938 0.3080 0.2664 0.2318 
0.2803 0.2042 0.2768 0.2388 
0.2042 0.2941 0.2284 0.2734 

MOTIF filter14 
letter-probability matrix: alength= 4 w= 17 nsites= 17 
0.2271 0.2366 0.2744 0.2618 
0.2303 0.3060 0.2681 0.1956 
0.3028 0.2271 0.2177 0.2524 
0.1262 0.7192 0.1041 0.0505 
1.0000 0.0000 0.0000 0.0000 
0.9748 0.0063 0.0189 0.0000 
0.4448 0.0000 0.5300 0.0252 
1.0000 0.0000 0.0000 0.0000 
0.0000 0.0000 0.0000 1.0000 
0.0000 0.0000 1.0000 0.0000 
0.0000 0.0000 1.0000 0.0000 
0.0536 0.8486 0.0000 0.0978 
0.1230 0.1861 0.4259 0.2650 
0.0852 0.0789 0.7634 0.0726 
0.1514 0.7350 0.0189 0.0946 
0.2587 0.2429 0.2082 0.2902 
0.2587 0.2208 0.2965 0.2240 

MOTIF filter15 
letter-probability matrix: alength= 4 w= 16 nsites= 16 
0.3280 0.2412 0.2572 0.1736 
0.2572 0.3441 0.2122 0.1865 
0.0740 0.1511 0.5498 0.2251 
0.0000 0.8650 0.0096 0.1254 
0.0000 0.8714 0.0000 0.1286 
0.0000 1.0000 0.0000 0.0000 
0.0000 1.0000 0.0000 0.0000 
0.1029 0.0000 0.6399 0.2572 
0.0000 1.0000 0.0000 0.0000 
0.0000 1.0000 0.0000 0.0000 
0.0000 0.7942 0.0000 0.2058 
0.0450 0.8650 0.0000 0.0900 
0.0225 0.6624 0.0322 0.2830 
0.2765 0.2186 0.2347 0.2701 
0.3087 0.2219 0.2347 0.2347 
0.2219 0.3248 0.2315 0.2219 

MOTIF filter16 
letter-probability matrix: alength= 4 w= 15 nsites= 15 
0.2729 0.2517 0.2114 0.2640 
0.2774 0.2472 0.2282 0.2472 
0.1387 0.2025 0.1488 0.5101 
0.0000 0.0000 0.0000 1.0000 
0.0000 0.0000 0.0000 1.0000 
0.0570 0.9418 0.0000 0.0011 
0.0022 0.7931 0.0000 0.2047 
0.2416 0.2405 0.2271 0.2908 
0.2282 0.0000 0.7595 0.0123 
0.0000 0.0000 0.9228 0.0772 
0.9911 0.0089 0.0000 0.0000 
1.0000 0.0000 0.0000 0.0000 
0.5034 0.1320 0.2148 0.1499 
0.2416 0.2763 0.2472 0.2349 
0.2696 0.2371 0.2461 0.2472 

MOTIF filter17 
letter-probability matrix: alength= 4 w= 15 nsites= 15 
0.2314 0.2809 0.2509 0.2367 
0.0883 0.0636 0.3569 0.4912 
0.0247 0.9558 0.0000 0.0194 
0.0000 0.0000 0.0000 1.0000 
1.0000 0.0000 0.0000 0.0000 
0.3269 0.0000 0.0000 0.6731 
0.5618 0.0000 0.0000 0.4382 
0.7014 0.0000 0.0000 0.2986 
0.8534 0.0000 0.0000 0.1466 
0.0000 0.0000 0.0000 1.0000 
0.9982 0.0000 0.0018 0.0000 
0.0389 0.0000 0.9611 0.0000 
0.4841 0.3834 0.0265 0.1060 
0.2261 0.2562 0.2385 0.2792 
0.2633 0.2544 0.2491 0.2332 

MOTIF filter18 
letter-probability matrix: alength= 4 w= 10 nsites= 10 
0.2612 0.2648 0.2443 0.2297 
0.2817 0.2177 0.2189 0.2817 
0.2757 0.2576 0.2382 0.2285 
1.0000 0.0000 0.0000 0.0000 
0.0000 0.0000 0.0000 1.0000 
0.0000 0.4389 0.0000 0.5611 
1.0000 0.0000 0.0000 0.0000 
1.0000 0.0000 0.0000 0.0000 
0.9855 0.0000 0.0000 0.0145 
0.2672 0.2334 0.2177 0.2817 

MOTIF filter19 
letter-probability matrix: alength= 4 w= 20 nsites= 20 
0.2269 0.2447 0.2614 0.2670 
0.2091 0.2825 0.2770 0.2314 
0.2925 0.2392 0.2247 0.2436 
0.1624 0.0745 0.0423 0.7208 
0.0334 0.0912 0.6607 0.2147 
0.4116 0.3893 0.0734 0.1257 
0.0022 0.9911 0.0044 0.0022 
0.0000 0.9878 0.0033 0.0089 
0.8254 0.0022 0.0089 0.1635 
0.0222 0.0000 0.0000 0.9778 
0.9933 0.0044 0.0022 0.0000 
0.0000 0.0022 0.0011 0.9967 
0.9789 0.0022 0.0000 0.0189 
0.1580 0.0044 0.0011 0.8365 
0.0033 0.0100 0.9867 0.0000 
0.0011 0.0022 0.9933 0.0033 
0.1090 0.0734 0.3871 0.4305 
0.2258 0.6463 0.0923 0.0356 
0.7108 0.0323 0.0723 0.1846 
0.2380 0.2747 0.2414 0.2458 

MOTIF filter20 
letter-probability matrix: alength= 4 w= 20 nsites= 20 
0.2609 0.2464 0.2899 0.2029 
0.0145 0.3188 0.0145 0.6522 
0.2174 0.2609 0.5217 0.0000 
0.0000 0.4058 0.2754 0.3188 
0.1884 0.0000 0.6232 0.1884 
0.0000 0.4348 0.1304 0.4348 
0.1304 0.1449 0.0000 0.7246 
0.5217 0.0290 0.3478 0.1014 
0.3043 0.2319 0.1449 0.3188 
0.6812 0.0000 0.0145 0.3043 
0.7536 0.0870 0.1594 0.0000 
0.0000 0.0870 0.8841 0.0290 
0.3188 0.2174 0.4493 0.0145 
0.1304 0.0435 0.8116 0.0145 
0.2319 0.0000 0.4493 0.3188 
0.2174 0.3913 0.3188 0.0725 
0.1449 0.0290 0.7681 0.0580 
0.2609 0.1014 0.0000 0.6377 
0.0580 0.1449 0.5942 0.2029 
0.2609 0.0290 0.0000 0.7101 

MOTIF filter21 
letter-probability matrix: alength= 4 w= 18 nsites= 18 
0.2518 0.2376 0.2411 0.2695 
0.2199 0.2943 0.2908 0.1950 
0.2447 0.2766 0.2163 0.2624 
0.1773 0.6915 0.0851 0.0461 
0.9965 0.0000 0.0035 0.0000 
0.9894 0.0000 0.0106 0.0000 
0.4362 0.1277 0.4362 0.0000 
1.0000 0.0000 0.0000 0.0000 
0.0000 0.0000 0.0000 1.0000 
0.0000 0.0000 1.0000 0.0000 
0.0000 0.0000 1.0000 0.0000 
0.0674 0.8936 0.0000 0.0390 
0.0887 0.1915 0.4362 0.2837 
0.0603 0.0674 0.8191 0.0532 
0.0957 0.8404 0.0142 0.0496 
0.2695 0.2092 0.2199 0.3014 
0.2128 0.2376 0.3333 0.2163 
0.2766 0.2199 0.2979 0.2057 

MOTIF filter22 
letter-probability matrix: alength= 4 w= 15 nsites= 15 
0.5445 0.0992 0.1603 0.1959 
0.2010 0.3028 0.4529 0.0433 
0.0000 0.0000 0.0000 1.0000 
0.0051 0.9949 0.0000 0.0000 
1.0000 0.0000 0.0000 0.0000 
0.0000 0.0000 0.9720 0.0280 
0.0000 1.0000 0.0000 0.0000 
1.0000 0.0000 0.0000 0.0000 
0.4504 0.1756 0.1247 0.2494 
0.4224 0.0483 0.0025 0.5267 
0.3969 0.0687 0.0000 0.5344 
0.2926 0.1247 0.0229 0.5598 
0.2824 0.2290 0.2392 0.2494 
0.2697 0.2824 0.2188 0.2290 
0.2010 0.3104 0.2545 0.2341 

MOTIF filter23 
letter-probability matrix: alength= 4 w= 14 nsites= 14 
0.0886 0.3133 0.3449 0.2532 
0.4177 0.1108 0.4684 0.0032 
0.5791 0.0127 0.3924 0.0158 
0.0000 1.0000 0.0000 0.0000 
0.0000 1.0000 0.0000 0.0000 
1.0000 0.0000 0.0000 0.0000 
1.0000 0.0000 0.0000 0.0000 
0.0000 0.0000 0.0000 1.0000 
0.0475 0.7468 0.1994 0.0063 
0.7943 0.0000 0.2057 0.0000 
0.0348 0.0981 0.8671 0.0000 
0.1867 0.2595 0.2373 0.3165 
0.2627 0.1899 0.2943 0.2532 
0.2437 0.3070 0.1962 0.2532 

MOTIF filter24 
letter-probability matrix: alength= 4 w= 12 nsites= 12 
0.2166 0.3371 0.2467 0.1996 
0.2561 0.2561 0.2279 0.2599 
0.1243 0.0301 0.3861 0.4595 
0.0113 0.9774 0.0000 0.0113 
0.0000 0.0000 0.0000 1.0000 
1.0000 0.0000 0.0000 0.0000 
0.3333 0.0000 0.0000 0.6667 
0.6158 0.0000 0.0000 0.3842 
0.7269 0.0000 0.0000 0.2731 
0.9115 0.0000 0.0000 0.0885 
0.0000 0.0000 0.0000 1.0000 
1.0000 0.0000 0.0000 0.0000 

MOTIF filter25 
letter-probability matrix: alength= 4 w= 15 nsites= 15 
0.2814 0.3115 0.2022 0.2049 
0.2596 0.2842 0.2158 0.2404 
0.2459 0.2295 0.2623 0.2623 
0.0027 0.8333 0.0765 0.0874 
0.0000 0.1803 0.0000 0.8197 
0.0000 0.2459 0.7350 0.0191 
1.0000 0.0000 0.0000 0.0000 
0.0000 0.0000 0.0000 1.0000 
0.0000 0.0000 0.0000 1.0000 
0.0000 0.0000 1.0000 0.0000 
0.0000 0.0000 1.0000 0.0000 
0.0383 0.3989 0.0109 0.5519 
0.0137 0.4317 0.1393 0.4153 
0.1913 0.4344 0.3033 0.0710 
0.4754 0.1393 0.3251 0.0601 

MOTIF filter26 
letter-probability matrix: alength= 4 w= 18 nsites= 18 
0.2492 0.2744 0.2303 0.2461 
0.2713 0.2208 0.2713 0.2366 
0.2397 0.2839 0.2303 0.2461 
0.5142 0.0126 0.1356 0.3375 
0.6625 0.0126 0.0410 0.2839 
0.4574 0.0000 0.0221 0.5205 
0.2934 0.1577 0.1514 0.3975 
0.0063 0.0000 0.0000 0.9937 
0.0000 0.0000 1.0000 0.0000 
0.0126 0.9874 0.0000 0.0000 
0.0000 0.0000 0.0000 1.0000 
0.0000 0.0000 0.9937 0.0063 
1.0000 0.0000 0.0000 0.0000 
0.0284 0.5079 0.3155 0.1483 
0.1956 0.1199 0.0410 0.6435 
0.1893 0.3722 0.1199 0.3186 
0.5300 0.0473 0.1798 0.2429 
0.1577 0.0410 0.5426 0.2587 

MOTIF filter27 
letter-probability matrix: alength= 4 w= 10 nsites= 10 
0.2417 0.2323 0.2568 0.2691 
0.2285 0.1671 0.3928 0.2115 
0.3881 0.2266 0.3484 0.0368 
0.0000 0.0000 0.0000 1.0000 
0.0000 0.0000 0.9953 0.0047 
1.0000 0.0000 0.0000 0.0000 
0.0066 0.4976 0.4939 0.0019 
0.0000 0.0000 0.0000 1.0000 
0.0019 0.9981 0.0000 0.0000 
1.0000 0.0000 0.0000 0.0000 

MOTIF filter28 
letter-probability matrix: alength= 4 w= 11 nsites= 11 
0.2441 0.2394 0.2441 0.2723 
0.1831 0.1690 0.3944 0.2535 
0.0282 0.5493 0.2254 0.1972 
0.0000 0.7230 0.1221 0.1549 
0.7465 0.0141 0.2394 0.0000 
0.0000 0.9671 0.0000 0.0329 
0.0000 0.0000 0.0000 1.0000 
0.0000 0.0000 0.0000 1.0000 
0.0000 1.0000 0.0000 0.0000 
0.0000 1.0000 0.0000 0.0000 
0.0000 0.0000 0.9906 0.0094 

MOTIF filter29 
letter-probability matrix: alength= 4 w= 15 nsites= 15 
0.2688 0.2356 0.2216 0.2740 
0.2199 0.3176 0.2653 0.1972 
0.1030 0.0314 0.3490 0.5166 
0.0070 0.9407 0.0000 0.0524 
0.0000 0.0000 0.0000 1.0000 
1.0000 0.0000 0.0000 0.0000 
0.2967 0.0000 0.0017 0.7016 
0.5585 0.0000 0.0000 0.4415 
0.6422 0.0000 0.0000 0.3578 
0.7539 0.0017 0.0000 0.2443 
0.0000 0.0000 0.0000 1.0000 
0.9983 0.0000 0.0017 0.0000 
0.0471 0.0000 0.9529 0.0000 
0.5602 0.3822 0.0192 0.0384 
0.3368 0.1920 0.2565 0.2147 

MOTIF filter30 
letter-probability matrix: alength= 4 w= 14 nsites= 14 
0.2472 0.2056 0.2722 0.2750 
0.2361 0.2667 0.2417 0.2556 
0.0028 0.8806 0.1167 0.0000 
0.0278 0.9722 0.0000 0.0000 
0.0000 0.0000 1.0000 0.0000 
0.0000 0.0000 1.0000 0.0000 
1.0000 0.0000 0.0000 0.0000 
1.0000 0.0000 0.0000 0.0000 
0.0361 0.0056 0.9583 0.0000 
0.0306 0.3056 0.0167 0.6472 
0.1722 0.1000 0.6722 0.0556 
0.2583 0.2583 0.4583 0.0250 
0.2167 0.3528 0.2611 0.1694 
0.2139 0.2972 0.2472 0.2417 

MOTIF filter31 
letter-probability matrix: alength= 4 w= 12 nsites= 12 
0.2302 0.2617 0.2596 0.2485 
0.3955 0.2069 0.2566 0.1410 
0.2272 0.3093 0.3195 0.1440 
0.0000 1.0000 0.0000 0.0000 
1.0000 0.0000 0.0000 0.0000 
0.0000 1.0000 0.0000 0.0000 
0.0000 0.0000 1.0000 0.0000 
0.0000 0.0000 0.0000 1.0000 
0.0000 0.0000 1.0000 0.0000 
0.1552 0.2941 0.3164 0.2343 
0.1653 0.2444 0.1694 0.4209 
0.2333 0.2596 0.2495 0.2576 

