MEME version 4

ALPHABET= ACGT

Background letter frequencies:
A 0.2500 C 0.2500 G 0.2500 T 0.2500 

MOTIF filter0 
letter-probability matrix: alength= 4 w= 14 nsites= 14 
0.1793 0.2337 0.3179 0.2690 
0.0272 0.4837 0.2147 0.2745 
0.0788 0.6250 0.1304 0.1658 
0.6929 0.0054 0.2717 0.0299 
0.0000 0.9565 0.0027 0.0408 
0.0000 0.0000 0.0000 1.0000 
0.0000 0.0000 0.0000 1.0000 
0.0000 1.0000 0.0000 0.0000 
0.0000 1.0000 0.0000 0.0000 
0.0000 0.0000 0.9837 0.0163 
0.0000 0.1495 0.8397 0.0109 
0.2636 0.2011 0.2446 0.2908 
0.2527 0.2364 0.2446 0.2663 
0.2745 0.2255 0.2310 0.2690 

MOTIF filter1 
letter-probability matrix: alength= 4 w= 12 nsites= 12 
0.2433 0.2746 0.2468 0.2352 
0.2990 0.2178 0.2167 0.2665 
0.2839 0.2491 0.2260 0.2410 
1.0000 0.0000 0.0000 0.0000 
0.0000 0.0000 0.0000 1.0000 
0.0000 0.4009 0.0000 0.5991 
1.0000 0.0000 0.0000 0.0000 
1.0000 0.0000 0.0000 0.0000 
0.9293 0.0000 0.0000 0.0707 
0.2607 0.2329 0.2306 0.2758 
0.2375 0.2561 0.2283 0.2781 
0.2236 0.2665 0.2514 0.2584 

MOTIF filter2 
letter-probability matrix: alength= 4 w= 15 nsites= 15 
0.2493 0.2438 0.2274 0.2795 
0.2630 0.2082 0.2740 0.2548 
0.2356 0.2630 0.2438 0.2575 
0.0055 0.8575 0.1370 0.0000 
0.0274 0.9726 0.0000 0.0000 
0.0000 0.0000 1.0000 0.0000 
0.0000 0.0000 1.0000 0.0000 
1.0000 0.0000 0.0000 0.0000 
1.0000 0.0000 0.0000 0.0000 
0.0384 0.0082 0.9534 0.0000 
0.0274 0.2986 0.0137 0.6603 
0.1808 0.0959 0.6685 0.0548 
0.2658 0.2548 0.4548 0.0247 
0.2137 0.3616 0.2575 0.1671 
0.2164 0.2959 0.2493 0.2384 

MOTIF filter3 
letter-probability matrix: alength= 4 w= 18 nsites= 18 
0.2366 0.2776 0.2366 0.2492 
0.2713 0.2240 0.2555 0.2492 
0.2429 0.2871 0.2208 0.2492 
0.5205 0.0126 0.1293 0.3375 
0.6656 0.0126 0.0410 0.2808 
0.4448 0.0000 0.0189 0.5363 
0.2965 0.1514 0.1546 0.3975 
0.0095 0.0000 0.0000 0.9905 
0.0000 0.0000 1.0000 0.0000 
0.0158 0.9842 0.0000 0.0000 
0.0000 0.0000 0.0000 1.0000 
0.0000 0.0000 0.9937 0.0063 
1.0000 0.0000 0.0000 0.0000 
0.0284 0.4984 0.3091 0.1640 
0.1924 0.1167 0.0473 0.6435 
0.1893 0.3880 0.1136 0.3091 
0.5363 0.0442 0.1767 0.2429 
0.1546 0.0442 0.5521 0.2492 

MOTIF filter4 
letter-probability matrix: alength= 4 w= 13 nsites= 13 
0.1552 0.2173 0.1734 0.4540 
0.0000 0.0021 0.0000 0.9979 
0.0000 0.0000 0.0139 0.9861 
0.0878 0.9122 0.0000 0.0000 
0.0171 0.7463 0.0000 0.2366 
0.2602 0.2163 0.2591 0.2645 
0.2056 0.0000 0.7923 0.0021 
0.0000 0.0000 0.9368 0.0632 
1.0000 0.0000 0.0000 0.0000 
1.0000 0.0000 0.0000 0.0000 
0.5032 0.1317 0.2077 0.1574 
0.2345 0.2794 0.2463 0.2398 
0.2634 0.2248 0.2687 0.2430 

MOTIF filter5 
letter-probability matrix: alength= 4 w= 12 nsites= 12 
0.0457 0.0640 0.0548 0.8355 
0.0000 0.0000 0.0000 1.0000 
0.2925 0.0000 0.6618 0.0457 
0.0000 0.9854 0.0000 0.0146 
0.0329 0.0000 0.9671 0.0000 
0.0055 0.8355 0.0000 0.1590 
1.0000 0.0000 0.0000 0.0000 
1.0000 0.0000 0.0000 0.0000 
0.0000 0.3528 0.0548 0.5923 
0.2633 0.2742 0.2596 0.2029 
0.2395 0.2303 0.2505 0.2797 
0.2962 0.1938 0.2797 0.2303 

MOTIF filter6 
letter-probability matrix: alength= 4 w= 14 nsites= 14 
0.1225 0.0750 0.3375 0.4650 
0.0113 0.9187 0.0000 0.0700 
0.0000 0.0000 0.0000 1.0000 
1.0000 0.0000 0.0000 0.0000 
0.2800 0.0000 0.0000 0.7200 
0.4800 0.0000 0.0000 0.5200 
0.5738 0.0000 0.0000 0.4263 
0.7275 0.0000 0.0000 0.2725 
0.0000 0.0000 0.0000 1.0000 
1.0000 0.0000 0.0000 0.0000 
0.0900 0.0000 0.9025 0.0075 
0.4863 0.3512 0.0375 0.1250 
0.2988 0.2250 0.2450 0.2313 
0.2575 0.2700 0.2338 0.2387 

MOTIF filter7 
letter-probability matrix: alength= 4 w= 20 nsites= 20 
0.2363 0.2253 0.2527 0.2857 
0.0769 0.0275 0.3242 0.5714 
0.2912 0.5934 0.1154 0.0000 
0.0000 0.0714 0.5549 0.3736 
0.1813 0.1099 0.5934 0.1154 
0.2692 0.1978 0.3571 0.1758 
0.0055 0.0275 0.8242 0.1429 
0.5055 0.0604 0.2418 0.1923 
0.5110 0.0000 0.4121 0.0769 
0.0879 0.2857 0.5385 0.0879 
0.1758 0.1978 0.5879 0.0385 
0.0000 0.0220 0.3297 0.6484 
0.5055 0.3187 0.0000 0.1758 
0.1154 0.0330 0.3736 0.4780 
0.2527 0.3022 0.4451 0.0000 
0.3956 0.1099 0.0000 0.4945 
0.9121 0.0385 0.0495 0.0000 
0.4231 0.0989 0.3297 0.1484 
0.3956 0.0000 0.4890 0.1154 
0.0055 0.3407 0.0934 0.5604 

MOTIF filter8 
letter-probability matrix: alength= 4 w= 14 nsites= 14 
0.2832 0.2601 0.2688 0.1879 
0.2486 0.3179 0.2312 0.2023 
0.0578 0.1618 0.5405 0.2399 
0.0000 0.8410 0.0202 0.1387 
0.0000 0.8468 0.0000 0.1532 
0.0000 1.0000 0.0000 0.0000 
0.0000 1.0000 0.0000 0.0000 
0.0954 0.0000 0.5925 0.3121 
0.0000 1.0000 0.0000 0.0000 
0.0000 1.0000 0.0000 0.0000 
0.0000 0.7919 0.0000 0.2081 
0.0954 0.8064 0.0000 0.0983 
0.0578 0.6705 0.0347 0.2370 
0.2543 0.2110 0.2803 0.2543 

MOTIF filter9 
letter-probability matrix: alength= 4 w= 16 nsites= 16 
0.2490 0.2691 0.2129 0.2691 
0.1124 0.8273 0.0522 0.0080 
0.9960 0.0000 0.0040 0.0000 
0.9799 0.0000 0.0201 0.0000 
0.4257 0.0482 0.5141 0.0120 
1.0000 0.0000 0.0000 0.0000 
0.0000 0.0000 0.0000 1.0000 
0.0000 0.0000 1.0000 0.0000 
0.0000 0.0000 1.0000 0.0000 
0.0361 0.8795 0.0000 0.0843 
0.0924 0.1767 0.4618 0.2691 
0.0683 0.0643 0.8112 0.0562 
0.1205 0.7711 0.0241 0.0843 
0.2771 0.2450 0.1687 0.3092 
0.2209 0.2410 0.3173 0.2209 
0.2410 0.2289 0.2892 0.2410 

MOTIF filter10 
letter-probability matrix: alength= 4 w= 18 nsites= 18 
0.2214 0.2460 0.2669 0.2657 
0.2091 0.2768 0.2792 0.2349 
0.2903 0.2411 0.2263 0.2423 
0.1562 0.0701 0.0320 0.7417 
0.0295 0.0849 0.6704 0.2153 
0.4194 0.3899 0.0738 0.1169 
0.0000 0.9988 0.0012 0.0000 
0.0000 0.9951 0.0000 0.0049 
0.8364 0.0000 0.0037 0.1599 
0.0185 0.0000 0.0000 0.9815 
1.0000 0.0000 0.0000 0.0000 
0.0000 0.0000 0.0012 0.9988 
0.9975 0.0000 0.0000 0.0025 
0.1464 0.0025 0.0000 0.8512 
0.0025 0.0074 0.9902 0.0000 
0.0000 0.0012 0.9988 0.0000 
0.1021 0.0664 0.3961 0.4354 
0.2226 0.6544 0.0910 0.0320 

MOTIF filter11 
letter-probability matrix: alength= 4 w= 20 nsites= 20 
0.2241 0.2672 0.2471 0.2615 
0.2557 0.6207 0.1178 0.0057 
0.0201 0.6609 0.2299 0.0891 
0.0862 0.1351 0.5920 0.1868 
0.0000 0.1667 0.7184 0.1149 
0.2759 0.0862 0.1006 0.5374 
0.3649 0.0517 0.2011 0.3822 
0.3851 0.5230 0.0402 0.0517 
0.0000 0.2184 0.0575 0.7241 
0.2126 0.0000 0.5776 0.2098 
0.7270 0.1293 0.0690 0.0747 
0.2414 0.3420 0.1351 0.2816 
0.1437 0.0029 0.6667 0.1868 
0.0086 0.2902 0.4397 0.2615 
0.2356 0.2529 0.2500 0.2615 
0.0632 0.8506 0.0057 0.0805 
0.3218 0.0000 0.4483 0.2299 
0.1322 0.1466 0.2672 0.4540 
0.0000 0.1408 0.5862 0.2730 
0.6092 0.0776 0.1466 0.1667 

MOTIF filter12 
letter-probability matrix: alength= 4 w= 12 nsites= 12 
0.2365 0.2722 0.2204 0.2709 
0.2537 0.2525 0.2648 0.2291 
0.2623 0.2623 0.2340 0.2414 
0.0406 0.0000 0.0000 0.9594 
0.0000 0.0000 0.0000 1.0000 
0.0000 0.0000 0.0000 1.0000 
0.5813 0.0000 0.4187 0.0000 
1.0000 0.0000 0.0000 0.0000 
0.0000 0.0000 0.0000 1.0000 
0.2192 0.2685 0.2611 0.2512 
0.2512 0.2562 0.2463 0.2463 
0.2401 0.2266 0.2746 0.2586 

MOTIF filter13 
letter-probability matrix: alength= 4 w= 16 nsites= 16 
0.2836 0.1579 0.3099 0.2485 
0.6199 0.0585 0.1228 0.1988 
0.1667 0.3099 0.4883 0.0351 
0.0000 0.0000 0.0000 1.0000 
0.0117 0.9883 0.0000 0.0000 
1.0000 0.0000 0.0000 0.0000 
0.0000 0.0000 0.9942 0.0058 
0.0000 1.0000 0.0000 0.0000 
1.0000 0.0000 0.0000 0.0000 
0.4357 0.1608 0.1316 0.2719 
0.4415 0.0351 0.0029 0.5205 
0.3977 0.0702 0.0000 0.5322 
0.3187 0.1053 0.0117 0.5643 
0.2807 0.2339 0.2398 0.2456 
0.2807 0.2632 0.2339 0.2222 
0.2047 0.2982 0.2368 0.2602 

MOTIF filter14 
letter-probability matrix: alength= 4 w= 12 nsites= 12 
0.2260 0.2526 0.2746 0.2468 
0.4426 0.1182 0.2781 0.1611 
0.2225 0.2827 0.3476 0.1472 
0.0000 1.0000 0.0000 0.0000 
0.9988 0.0000 0.0012 0.0000 
0.0000 0.9988 0.0000 0.0012 
0.0012 0.0000 0.9988 0.0000 
0.0000 0.0000 0.0000 1.0000 
0.0000 0.0000 1.0000 0.0000 
0.1483 0.2990 0.3198 0.2329 
0.1170 0.2375 0.1831 0.4623 
0.2341 0.2329 0.2665 0.2665 

MOTIF filter15 
letter-probability matrix: alength= 4 w= 13 nsites= 13 
0.2329 0.2510 0.2471 0.2691 
0.2471 0.2536 0.2574 0.2419 
0.2419 0.2600 0.2419 0.2561 
0.5239 0.1048 0.3713 0.0000 
0.0000 0.0000 0.0000 1.0000 
0.0000 0.0000 0.0207 0.9793 
0.2950 0.0000 0.6339 0.0712 
0.0013 0.9288 0.0000 0.0699 
0.0686 0.0013 0.9288 0.0013 
0.0699 0.6740 0.0000 0.2561 
0.9651 0.0349 0.0000 0.0000 
1.0000 0.0000 0.0000 0.0000 
0.0065 0.3571 0.1332 0.5032 

MOTIF filter16 
letter-probability matrix: alength= 4 w= 16 nsites= 16 
0.2508 0.2324 0.2477 0.2691 
0.2385 0.2416 0.2569 0.2630 
0.1988 0.2783 0.2813 0.2416 
0.2385 0.0489 0.6544 0.0581 
0.1162 0.0000 0.8226 0.0612 
0.1651 0.0000 0.8349 0.0000 
0.0000 0.0000 1.0000 0.0000 
0.0000 0.0000 1.0000 0.0000 
0.2966 0.5657 0.0000 0.1376 
0.0000 0.0000 1.0000 0.0000 
0.0000 0.0000 1.0000 0.0000 
0.1315 0.0000 0.8685 0.0000 
0.1927 0.0092 0.7982 0.0000 
0.2110 0.5382 0.1713 0.0795 
0.2905 0.2018 0.2752 0.2324 
0.2538 0.3058 0.2232 0.2171 

MOTIF filter17 
letter-probability matrix: alength= 4 w= 14 nsites= 14 
0.2616 0.2307 0.2910 0.2167 
0.2771 0.2430 0.2523 0.2276 
0.2322 0.2554 0.2833 0.2291 
0.5402 0.2167 0.2430 0.0000 
0.2291 0.3653 0.3204 0.0851 
0.0000 1.0000 0.0000 0.0000 
1.0000 0.0000 0.0000 0.0000 
0.0000 0.9954 0.0000 0.0046 
0.0031 0.0000 0.9969 0.0000 
0.0000 0.0000 0.0000 1.0000 
0.0000 0.0000 1.0000 0.0000 
0.1099 0.3080 0.3437 0.2384 
0.1718 0.2461 0.0960 0.4861 
0.2539 0.2833 0.2616 0.2012 

MOTIF filter18 
letter-probability matrix: alength= 4 w= 12 nsites= 12 
0.2882 0.1004 0.2576 0.3537 
0.1441 0.2533 0.1485 0.4541 
0.2795 0.3886 0.1834 0.1485 
0.6419 0.0306 0.0961 0.2314 
0.4367 0.0699 0.0044 0.4891 
0.0699 0.0611 0.1878 0.6812 
0.1572 0.1441 0.6943 0.0044 
0.9214 0.0131 0.0480 0.0175 
0.1659 0.0044 0.0437 0.7860 
0.0000 0.1485 0.0175 0.8341 
0.6900 0.0000 0.1616 0.1485 
0.9083 0.0175 0.0611 0.0131 

MOTIF filter19 
letter-probability matrix: alength= 4 w= 15 nsites= 15 
0.2773 0.3040 0.2080 0.2107 
0.2587 0.2853 0.2293 0.2267 
0.2373 0.2373 0.2533 0.2720 
0.0027 0.8240 0.0933 0.0800 
0.0000 0.1867 0.0000 0.8133 
0.0000 0.2320 0.7467 0.0213 
1.0000 0.0000 0.0000 0.0000 
0.0000 0.0000 0.0000 1.0000 
0.0000 0.0000 0.0000 1.0000 
0.0000 0.0000 1.0000 0.0000 
0.0000 0.0000 1.0000 0.0000 
0.0400 0.4053 0.0053 0.5493 
0.0107 0.4347 0.1387 0.4160 
0.1840 0.4267 0.3093 0.0800 
0.4720 0.1493 0.3227 0.0560 

MOTIF filter20 
letter-probability matrix: alength= 4 w= 17 nsites= 17 
0.2555 0.2423 0.2423 0.2599 
0.2159 0.2555 0.2599 0.2687 
0.2731 0.1982 0.2643 0.2643 
0.2643 0.0264 0.6520 0.0573 
0.0837 0.0000 0.8899 0.0264 
0.1454 0.0000 0.8546 0.0000 
0.0000 0.0000 1.0000 0.0000 
0.0000 0.0000 1.0000 0.0000 
0.2555 0.6388 0.0000 0.1057 
0.0000 0.0000 1.0000 0.0000 
0.0000 0.0000 1.0000 0.0000 
0.1057 0.0000 0.8943 0.0000 
0.1145 0.0308 0.8546 0.0000 
0.1322 0.6872 0.1278 0.0529 
0.2819 0.2070 0.3084 0.2026 
0.2379 0.2863 0.2026 0.2731 
0.2247 0.2070 0.2952 0.2731 

MOTIF filter21 
letter-probability matrix: alength= 4 w= 12 nsites= 12 
0.2437 0.1639 0.3880 0.2044 
0.4295 0.1836 0.3869 0.0000 
0.0000 0.0000 0.0000 1.0000 
0.0000 0.0000 1.0000 0.0000 
1.0000 0.0000 0.0000 0.0000 
0.0000 0.4973 0.5027 0.0000 
0.0000 0.0000 0.0000 1.0000 
0.0011 0.9989 0.0000 0.0000 
1.0000 0.0000 0.0000 0.0000 
0.0011 0.3399 0.2361 0.4230 
0.2208 0.3628 0.1891 0.2273 
0.2426 0.2142 0.2852 0.2579 

MOTIF filter22 
letter-probability matrix: alength= 4 w= 11 nsites= 11 
0.3904 0.2268 0.3422 0.0406 
0.0000 0.0000 0.0000 1.0000 
0.0000 0.0000 0.9858 0.0142 
1.0000 0.0000 0.0000 0.0000 
0.0000 0.5028 0.4934 0.0038 
0.0000 0.0000 0.0000 1.0000 
0.0000 1.0000 0.0000 0.0000 
1.0000 0.0000 0.0000 0.0000 
0.0255 0.3336 0.2495 0.3913 
0.2089 0.3733 0.1862 0.2316 
0.2571 0.2278 0.2628 0.2524 

MOTIF filter23 
letter-probability matrix: alength= 4 w= 15 nsites= 15 
0.2636 0.2429 0.1912 0.3023 
0.2558 0.2584 0.2274 0.2584 
0.2377 0.2171 0.1628 0.3824 
0.0078 0.1550 0.1008 0.7364 
0.0000 0.0078 0.0000 0.9922 
0.0000 0.3798 0.0129 0.6072 
0.0362 0.9638 0.0000 0.0000 
0.0724 0.4780 0.0000 0.4496 
0.4574 0.0000 0.5297 0.0129 
0.0000 0.0000 0.9948 0.0052 
0.4160 0.0026 0.5762 0.0052 
1.0000 0.0000 0.0000 0.0000 
0.9974 0.0000 0.0026 0.0000 
0.4961 0.0879 0.2041 0.2119 
0.2817 0.2248 0.1731 0.3204 

MOTIF filter24 
letter-probability matrix: alength= 4 w= 18 nsites= 18 
0.2745 0.2680 0.2222 0.2353 
0.2451 0.2974 0.2582 0.1993 
0.2320 0.2614 0.2484 0.2582 
0.1209 0.0163 0.7059 0.1569 
0.0686 0.7386 0.1078 0.0850 
0.2908 0.3529 0.2516 0.1046 
0.0327 0.0000 0.8824 0.0850 
0.0000 1.0000 0.0000 0.0000 
0.0000 1.0000 0.0000 0.0000 
1.0000 0.0000 0.0000 0.0000 
0.0000 0.0000 0.0000 1.0000 
0.0098 0.4575 0.1438 0.3889 
0.0000 0.0131 0.0000 0.9869 
0.0000 0.0065 0.0000 0.9935 
0.0654 0.0882 0.7288 0.1176 
0.2810 0.2288 0.2451 0.2451 
0.1895 0.2810 0.2712 0.2582 
0.2190 0.2941 0.2549 0.2320 

MOTIF filter25 
letter-probability matrix: alength= 4 w= 12 nsites= 12 
0.2791 0.2331 0.2071 0.2807 
0.2638 0.2623 0.2285 0.2454 
0.1380 0.1718 0.0966 0.5936 
0.0000 0.0000 0.0000 1.0000 
0.0000 0.0000 0.0000 1.0000 
0.0230 0.9770 0.0000 0.0000 
0.0000 0.9003 0.0000 0.0997 
0.2270 0.2730 0.1718 0.3282 
0.2408 0.0000 0.7500 0.0092 
0.0000 0.0000 0.9525 0.0475 
1.0000 0.0000 0.0000 0.0000 
1.0000 0.0000 0.0000 0.0000 

MOTIF filter26 
letter-probability matrix: alength= 4 w= 15 nsites= 15 
0.1867 0.5800 0.1500 0.0833 
0.9967 0.0000 0.0033 0.0000 
0.9967 0.0000 0.0033 0.0000 
0.4367 0.1033 0.4533 0.0067 
1.0000 0.0000 0.0000 0.0000 
0.0000 0.0000 0.0000 1.0000 
0.0000 0.0000 1.0000 0.0000 
0.0000 0.0000 1.0000 0.0000 
0.0500 0.8867 0.0000 0.0633 
0.1500 0.1800 0.4367 0.2333 
0.0600 0.0667 0.8200 0.0533 
0.1133 0.8133 0.0167 0.0567 
0.2633 0.2033 0.2367 0.2967 
0.2167 0.2400 0.3033 0.2400 
0.2833 0.2367 0.2833 0.1967 

MOTIF filter27 
letter-probability matrix: alength= 4 w= 19 nsites= 19 
0.1677 0.0735 0.0465 0.7123 
0.0206 0.0826 0.6800 0.2168 
0.3923 0.4090 0.0671 0.1316 
0.0000 1.0000 0.0000 0.0000 
0.0000 0.9948 0.0013 0.0039 
0.8426 0.0000 0.0026 0.1548 
0.0129 0.0000 0.0000 0.9871 
1.0000 0.0000 0.0000 0.0000 
0.0000 0.0000 0.0000 1.0000 
0.9858 0.0000 0.0000 0.0142 
0.1406 0.0000 0.0000 0.8594 
0.0000 0.0013 0.9987 0.0000 
0.0000 0.0000 0.9987 0.0013 
0.0981 0.0735 0.4039 0.4245 
0.2219 0.6748 0.0787 0.0245 
0.7652 0.0155 0.0529 0.1665 
0.2374 0.2800 0.2335 0.2490 
0.2168 0.2645 0.2632 0.2555 
0.2490 0.2361 0.2761 0.2387 

MOTIF filter28 
letter-probability matrix: alength= 4 w= 13 nsites= 13 
0.4375 0.2292 0.1589 0.1745 
0.0703 0.3646 0.1172 0.4479 
0.0703 0.3281 0.3594 0.2422 
0.4427 0.1198 0.4375 0.0000 
0.5859 0.0052 0.3620 0.0469 
0.0000 1.0000 0.0000 0.0000 
0.0000 1.0000 0.0000 0.0000 
1.0000 0.0000 0.0000 0.0000 
1.0000 0.0000 0.0000 0.0000 
0.0000 0.0000 0.0000 1.0000 
0.0208 0.7656 0.2135 0.0000 
0.8333 0.0026 0.1641 0.0000 
0.0573 0.0781 0.8542 0.0104 

MOTIF filter29 
letter-probability matrix: alength= 4 w= 11 nsites= 11 
0.3875 0.2042 0.2681 0.1403 
0.2306 0.3444 0.3486 0.0764 
0.0000 1.0000 0.0000 0.0000 
1.0000 0.0000 0.0000 0.0000 
0.0000 1.0000 0.0000 0.0000 
0.0000 0.0000 1.0000 0.0000 
0.0000 0.0014 0.0000 0.9986 
0.0000 0.0000 1.0000 0.0000 
0.0778 0.3528 0.3583 0.2111 
0.1472 0.2153 0.1472 0.4903 
0.2542 0.2375 0.2417 0.2667 

MOTIF filter30 
letter-probability matrix: alength= 4 w= 14 nsites= 14 
0.3094 0.2266 0.2770 0.1871 
0.2950 0.3165 0.1978 0.1906 
0.0863 0.1871 0.5144 0.2122 
0.0000 0.8741 0.0000 0.1259 
0.0036 0.8921 0.0000 0.1043 
0.0000 1.0000 0.0000 0.0000 
0.0000 1.0000 0.0000 0.0000 
0.1079 0.0000 0.6475 0.2446 
0.0000 1.0000 0.0000 0.0000 
0.0000 1.0000 0.0000 0.0000 
0.0000 0.8705 0.0000 0.1295 
0.0360 0.8993 0.0000 0.0647 
0.0108 0.6403 0.0540 0.2950 
0.2266 0.2770 0.2158 0.2806 

MOTIF filter31 
letter-probability matrix: alength= 4 w= 16 nsites= 16 
0.2511 0.2722 0.2426 0.2342 
0.2405 0.2732 0.2511 0.2352 
0.1129 0.0570 0.3534 0.4768 
0.0359 0.8534 0.0000 0.1108 
0.0000 0.0063 0.0000 0.9937 
0.9989 0.0000 0.0011 0.0000 
0.2690 0.0000 0.0095 0.7215 
0.4494 0.0000 0.0000 0.5506 
0.5443 0.0000 0.0011 0.4546 
0.6878 0.0011 0.0000 0.3112 
0.0032 0.0011 0.0000 0.9958 
0.9884 0.0000 0.0116 0.0000 
0.0939 0.0011 0.8618 0.0432 
0.4451 0.3586 0.0549 0.1414 
0.2732 0.2331 0.2627 0.2310 
0.2458 0.2838 0.2342 0.2363 

