MEME version 4

ALPHABET= ACGT

Background letter frequencies:
A 0.2500 C 0.2500 G 0.2500 T 0.2500 

MOTIF filter0 
letter-probability matrix: alength= 4 w= 12 nsites= 12 
0.2478 0.2722 0.2400 0.2400 
0.2878 0.2178 0.2189 0.2756 
0.2811 0.2556 0.2233 0.2400 
1.0000 0.0000 0.0000 0.0000 
0.0000 0.0000 0.0000 1.0000 
0.0000 0.4011 0.0000 0.5989 
1.0000 0.0000 0.0000 0.0000 
1.0000 0.0000 0.0000 0.0000 
0.9056 0.0000 0.0000 0.0944 
0.2633 0.2278 0.2322 0.2767 
0.2522 0.2400 0.2311 0.2767 
0.2156 0.2678 0.2589 0.2578 

MOTIF filter1 
letter-probability matrix: alength= 4 w= 18 nsites= 18 
0.2787 0.2754 0.2230 0.2230 
0.2459 0.3016 0.2557 0.1967 
0.2393 0.2557 0.2492 0.2557 
0.1180 0.0131 0.7115 0.1574 
0.0721 0.7377 0.1049 0.0852 
0.2885 0.3541 0.2525 0.1049 
0.0328 0.0000 0.8787 0.0885 
0.0000 1.0000 0.0000 0.0000 
0.0000 1.0000 0.0000 0.0000 
1.0000 0.0000 0.0000 0.0000 
0.0000 0.0000 0.0000 1.0000 
0.0098 0.4590 0.1443 0.3869 
0.0000 0.0131 0.0000 0.9869 
0.0000 0.0098 0.0000 0.9902 
0.0656 0.0820 0.7377 0.1148 
0.2885 0.2295 0.2426 0.2393 
0.1869 0.2787 0.2787 0.2557 
0.2230 0.2918 0.2492 0.2361 

MOTIF filter2 
letter-probability matrix: alength= 4 w= 13 nsites= 13 
0.1386 0.3735 0.2289 0.2590 
0.0783 0.7048 0.1325 0.0843 
0.7530 0.0120 0.2289 0.0060 
0.0181 0.9639 0.0181 0.0000 
0.0000 0.0000 0.0120 0.9880 
0.0000 0.0060 0.0060 0.9880 
0.0181 0.9578 0.0241 0.0000 
0.0000 0.9458 0.0241 0.0301 
0.0241 0.0000 0.9398 0.0361 
0.0000 0.1386 0.8614 0.0000 
0.2108 0.2410 0.3193 0.2289 
0.3795 0.1084 0.1687 0.3434 
0.3313 0.2289 0.2289 0.2108 

MOTIF filter3 
letter-probability matrix: alength= 4 w= 15 nsites= 15 
0.2289 0.2559 0.2495 0.2657 
0.2397 0.2603 0.2570 0.2430 
0.2516 0.2505 0.2527 0.2451 
0.5130 0.1274 0.3510 0.0086 
0.0000 0.0000 0.0000 1.0000 
0.0000 0.0000 0.0443 0.9557 
0.2927 0.0000 0.6231 0.0842 
0.0086 0.8985 0.0043 0.0886 
0.0961 0.0032 0.8974 0.0032 
0.0821 0.6577 0.0000 0.2603 
0.9633 0.0367 0.0000 0.0000 
1.0000 0.0000 0.0000 0.0000 
0.0151 0.3456 0.1425 0.4968 
0.2743 0.2538 0.2689 0.2030 
0.2559 0.2117 0.2538 0.2786 

MOTIF filter4 
letter-probability matrix: alength= 4 w= 16 nsites= 16 
0.2877 0.2028 0.2075 0.3019 
0.0802 0.7170 0.1368 0.0660 
1.0000 0.0000 0.0000 0.0000 
0.9764 0.0047 0.0189 0.0000 
0.4670 0.0472 0.4670 0.0189 
1.0000 0.0000 0.0000 0.0000 
0.0000 0.0000 0.0000 1.0000 
0.0000 0.0000 1.0000 0.0000 
0.0000 0.0000 1.0000 0.0000 
0.0519 0.8491 0.0000 0.0991 
0.0849 0.2264 0.3774 0.3113 
0.1038 0.0519 0.7689 0.0755 
0.1792 0.7547 0.0094 0.0566 
0.2547 0.2217 0.2547 0.2689 
0.2311 0.2594 0.2972 0.2123 
0.3491 0.3679 0.0000 0.2830 

MOTIF filter5 
letter-probability matrix: alength= 4 w= 15 nsites= 15 
0.2872 0.3032 0.2074 0.2021 
0.2660 0.2713 0.2314 0.2314 
0.2287 0.2287 0.2660 0.2766 
0.0186 0.8165 0.0878 0.0771 
0.0000 0.1862 0.0000 0.8138 
0.0000 0.2207 0.7553 0.0239 
1.0000 0.0000 0.0000 0.0000 
0.0000 0.0000 0.0000 1.0000 
0.0000 0.0000 0.0000 1.0000 
0.0000 0.0000 1.0000 0.0000 
0.0000 0.0000 1.0000 0.0000 
0.0452 0.3830 0.0106 0.5612 
0.0053 0.4202 0.1410 0.4335 
0.2021 0.4122 0.3218 0.0638 
0.4920 0.1436 0.3032 0.0612 

MOTIF filter6 
letter-probability matrix: alength= 4 w= 14 nsites= 14 
0.1481 0.1958 0.3836 0.2725 
0.0212 0.4735 0.2487 0.2566 
0.0820 0.6217 0.1296 0.1667 
0.6852 0.0159 0.2725 0.0265 
0.0000 0.9365 0.0079 0.0556 
0.0000 0.0000 0.0000 1.0000 
0.0000 0.0000 0.0000 1.0000 
0.0000 1.0000 0.0000 0.0000 
0.0000 1.0000 0.0000 0.0000 
0.0000 0.0000 0.9815 0.0185 
0.0000 0.1349 0.8492 0.0159 
0.2725 0.1931 0.2566 0.2778 
0.2672 0.2407 0.2434 0.2487 
0.2619 0.2196 0.2487 0.2698 

MOTIF filter7 
letter-probability matrix: alength= 4 w= 18 nsites= 18 
0.2470 0.2774 0.2287 0.2470 
0.2744 0.2226 0.2622 0.2409 
0.2470 0.2896 0.2165 0.2470 
0.5152 0.0122 0.1341 0.3384 
0.6494 0.0122 0.0457 0.2927 
0.4482 0.0000 0.0244 0.5274 
0.2988 0.1555 0.1524 0.3933 
0.0091 0.0000 0.0000 0.9909 
0.0000 0.0000 1.0000 0.0000 
0.0183 0.9817 0.0000 0.0000 
0.0000 0.0000 0.0000 1.0000 
0.0000 0.0000 0.9939 0.0061 
1.0000 0.0000 0.0000 0.0000 
0.0274 0.5000 0.3140 0.1585 
0.2012 0.1128 0.0457 0.6402 
0.1890 0.3872 0.1189 0.3049 
0.5274 0.0457 0.1860 0.2409 
0.1555 0.0488 0.5427 0.2530 

MOTIF filter8 
letter-probability matrix: alength= 4 w= 16 nsites= 16 
0.2298 0.2823 0.2621 0.2258 
0.2177 0.2056 0.2742 0.3024 
0.2056 0.1815 0.3548 0.2581 
0.2379 0.0403 0.6815 0.0403 
0.1613 0.0000 0.8024 0.0363 
0.1290 0.0000 0.8710 0.0000 
0.0000 0.0000 1.0000 0.0000 
0.0000 0.0000 1.0000 0.0000 
0.3508 0.5403 0.0000 0.1089 
0.0000 0.0000 1.0000 0.0000 
0.0000 0.0000 1.0000 0.0000 
0.0645 0.0000 0.9355 0.0000 
0.2016 0.0000 0.7984 0.0000 
0.1492 0.6169 0.1895 0.0444 
0.2500 0.1895 0.3185 0.2419 
0.2742 0.3347 0.1935 0.1976 

MOTIF filter9 
letter-probability matrix: alength= 4 w= 12 nsites= 12 
0.2410 0.2868 0.2040 0.2682 
0.2608 0.2546 0.2695 0.2151 
0.2732 0.2571 0.2274 0.2423 
0.0556 0.0000 0.0000 0.9444 
0.0000 0.0000 0.0000 1.0000 
0.0000 0.0000 0.0000 1.0000 
0.5958 0.0000 0.4042 0.0000 
1.0000 0.0000 0.0000 0.0000 
0.0000 0.0000 0.0000 1.0000 
0.2151 0.2719 0.2534 0.2596 
0.2497 0.2583 0.2497 0.2423 
0.2398 0.2299 0.2621 0.2682 

MOTIF filter10 
letter-probability matrix: alength= 4 w= 16 nsites= 16 
0.2524 0.2665 0.2405 0.2405 
0.2362 0.2719 0.2535 0.2384 
0.1192 0.0683 0.3478 0.4648 
0.0401 0.8516 0.0000 0.1083 
0.0000 0.0022 0.0000 0.9978 
1.0000 0.0000 0.0000 0.0000 
0.2849 0.0000 0.0033 0.7118 
0.4713 0.0011 0.0000 0.5276 
0.5601 0.0000 0.0011 0.4388 
0.7031 0.0000 0.0000 0.2969 
0.0011 0.0011 0.0000 0.9978 
0.9989 0.0000 0.0011 0.0000 
0.1062 0.0000 0.8646 0.0293 
0.4518 0.3543 0.0553 0.1387 
0.2795 0.2329 0.2557 0.2319 
0.2427 0.2784 0.2394 0.2394 

MOTIF filter11 
letter-probability matrix: alength= 4 w= 18 nsites= 18 
0.2843 0.2173 0.2300 0.2684 
0.2907 0.2396 0.2460 0.2236 
0.2460 0.3003 0.2045 0.2492 
0.2939 0.5942 0.0096 0.1022 
0.2300 0.1757 0.0735 0.5208 
0.2971 0.1406 0.3131 0.2492 
0.6198 0.0415 0.1214 0.2173 
0.1629 0.3259 0.4920 0.0192 
0.0000 0.0000 0.0000 1.0000 
0.0096 0.9904 0.0000 0.0000 
1.0000 0.0000 0.0000 0.0000 
0.0000 0.0000 0.9585 0.0415 
0.0000 1.0000 0.0000 0.0000 
0.9968 0.0000 0.0000 0.0032 
0.4153 0.1853 0.1406 0.2588 
0.4185 0.0415 0.0032 0.5367 
0.4153 0.0543 0.0064 0.5240 
0.3387 0.1022 0.0192 0.5399 

MOTIF filter12 
letter-probability matrix: alength= 4 w= 13 nsites= 13 
0.2821 0.2321 0.2000 0.2857 
0.2429 0.2214 0.2786 0.2571 
0.2143 0.2536 0.2500 0.2821 
0.0036 0.8857 0.1107 0.0000 
0.0179 0.9821 0.0000 0.0000 
0.0000 0.0000 1.0000 0.0000 
0.0000 0.0000 1.0000 0.0000 
1.0000 0.0000 0.0000 0.0000 
1.0000 0.0000 0.0000 0.0000 
0.0750 0.0071 0.9179 0.0000 
0.0250 0.3179 0.0036 0.6536 
0.1679 0.0214 0.8000 0.0107 
0.2607 0.2286 0.5107 0.0000 

MOTIF filter13 
letter-probability matrix: alength= 4 w= 16 nsites= 16 
0.2288 0.2562 0.2466 0.2685 
0.2342 0.2630 0.2699 0.2329 
0.2301 0.2781 0.2411 0.2507 
0.5096 0.1164 0.3616 0.0123 
0.0000 0.0000 0.0000 1.0000 
0.0000 0.0000 0.0192 0.9808 
0.2932 0.0000 0.6452 0.0616 
0.0000 0.9548 0.0000 0.0452 
0.0753 0.0000 0.9247 0.0000 
0.0712 0.7041 0.0000 0.2247 
0.9699 0.0301 0.0000 0.0000 
1.0000 0.0000 0.0000 0.0000 
0.0000 0.3534 0.1178 0.5288 
0.2699 0.2384 0.2945 0.1973 
0.2288 0.2192 0.2781 0.2740 
0.2616 0.2315 0.2753 0.2315 

MOTIF filter14 
letter-probability matrix: alength= 4 w= 16 nsites= 16 
0.4563 0.2268 0.1503 0.1667 
0.0656 0.3716 0.1120 0.4508 
0.0710 0.3306 0.3634 0.2350 
0.4290 0.1066 0.4645 0.0000 
0.5765 0.0055 0.3743 0.0437 
0.0000 1.0000 0.0000 0.0000 
0.0000 1.0000 0.0000 0.0000 
1.0000 0.0000 0.0000 0.0000 
1.0000 0.0000 0.0000 0.0000 
0.0000 0.0000 0.0000 1.0000 
0.0219 0.7787 0.1995 0.0000 
0.8361 0.0027 0.1612 0.0000 
0.0601 0.0656 0.8634 0.0109 
0.2077 0.2923 0.2404 0.2596 
0.2705 0.1940 0.2705 0.2650 
0.2322 0.2760 0.2295 0.2623 

MOTIF filter15 
letter-probability matrix: alength= 4 w= 11 nsites= 11 
0.2267 0.2453 0.2560 0.2720 
0.2427 0.2133 0.3120 0.2320 
0.2213 0.2800 0.2587 0.2400 
0.0000 0.8773 0.1227 0.0000 
0.0453 0.9547 0.0000 0.0000 
0.0000 0.0000 1.0000 0.0000 
0.0000 0.0000 1.0000 0.0000 
1.0000 0.0000 0.0000 0.0000 
1.0000 0.0000 0.0000 0.0000 
0.0080 0.0107 0.9813 0.0000 
0.0400 0.2907 0.0213 0.6480 

MOTIF filter16 
letter-probability matrix: alength= 4 w= 18 nsites= 18 
0.2063 0.2601 0.2646 0.2691 
0.2063 0.3139 0.2780 0.2018 
0.2422 0.2287 0.2422 0.2870 
0.1659 0.6951 0.0942 0.0448 
1.0000 0.0000 0.0000 0.0000 
0.9865 0.0000 0.0135 0.0000 
0.4753 0.0673 0.4484 0.0090 
1.0000 0.0000 0.0000 0.0000 
0.0000 0.0000 0.0000 1.0000 
0.0000 0.0000 1.0000 0.0000 
0.0000 0.0000 1.0000 0.0000 
0.0135 0.9462 0.0000 0.0404 
0.1435 0.1525 0.4260 0.2780 
0.0359 0.0807 0.8161 0.0673 
0.0000 0.9058 0.0269 0.0673 
0.3408 0.1794 0.1883 0.2915 
0.2422 0.2780 0.2960 0.1839 
0.2825 0.1839 0.2915 0.2422 

MOTIF filter17 
letter-probability matrix: alength= 4 w= 20 nsites= 20 
0.2910 0.2371 0.2291 0.2428 
0.1604 0.0767 0.0401 0.7228 
0.0286 0.0893 0.6667 0.2153 
0.4135 0.3918 0.0710 0.1237 
0.0000 0.9977 0.0023 0.0000 
0.0000 0.9897 0.0023 0.0080 
0.8339 0.0000 0.0069 0.1592 
0.0218 0.0000 0.0000 0.9782 
0.9977 0.0023 0.0000 0.0000 
0.0000 0.0011 0.0011 0.9977 
0.9874 0.0000 0.0000 0.0126 
0.1569 0.0023 0.0011 0.8396 
0.0034 0.0069 0.9897 0.0000 
0.0011 0.0011 0.9943 0.0034 
0.1065 0.0699 0.3895 0.4341 
0.2211 0.6518 0.0939 0.0332 
0.7205 0.0321 0.0676 0.1798 
0.2417 0.2761 0.2371 0.2451 
0.2302 0.2612 0.2589 0.2497 
0.2428 0.2360 0.2703 0.2509 

MOTIF filter18 
letter-probability matrix: alength= 4 w= 18 nsites= 18 
0.2918 0.4669 0.0856 0.1556 
0.2568 0.1790 0.0545 0.5097 
0.2724 0.1790 0.3424 0.2062 
0.7004 0.0428 0.0817 0.1751 
0.1712 0.2879 0.5097 0.0311 
0.0000 0.0000 0.0000 1.0000 
0.0039 0.9961 0.0000 0.0000 
1.0000 0.0000 0.0000 0.0000 
0.0000 0.0000 1.0000 0.0000 
0.0000 1.0000 0.0000 0.0000 
1.0000 0.0000 0.0000 0.0000 
0.4981 0.1206 0.0895 0.2918 
0.4397 0.0428 0.0000 0.5175 
0.3541 0.0739 0.0000 0.5720 
0.2879 0.0817 0.0078 0.6226 
0.2918 0.2140 0.2646 0.2296 
0.2879 0.2763 0.1907 0.2451 
0.2412 0.2802 0.2296 0.2490 

MOTIF filter19 
letter-probability matrix: alength= 4 w= 16 nsites= 16 
0.2708 0.3077 0.2215 0.2000 
0.2708 0.2862 0.2031 0.2400 
0.2431 0.2400 0.2585 0.2585 
0.0000 0.8462 0.0769 0.0769 
0.0000 0.1662 0.0031 0.8308 
0.0000 0.2492 0.7262 0.0246 
1.0000 0.0000 0.0000 0.0000 
0.0000 0.0000 0.0000 1.0000 
0.0000 0.0000 0.0000 1.0000 
0.0000 0.0000 1.0000 0.0000 
0.0000 0.0000 1.0000 0.0000 
0.0462 0.4154 0.0000 0.5385 
0.0154 0.4492 0.1138 0.4215 
0.1692 0.4369 0.3046 0.0892 
0.4892 0.1477 0.2985 0.0646 
0.1354 0.1354 0.2800 0.4492 

MOTIF filter20 
letter-probability matrix: alength= 4 w= 12 nsites= 12 
0.2304 0.2626 0.2636 0.2435 
0.3944 0.2072 0.2545 0.1439 
0.2274 0.3099 0.3149 0.1479 
0.0000 1.0000 0.0000 0.0000 
1.0000 0.0000 0.0000 0.0000 
0.0000 1.0000 0.0000 0.0000 
0.0000 0.0000 1.0000 0.0000 
0.0000 0.0000 0.0000 1.0000 
0.0000 0.0000 1.0000 0.0000 
0.1569 0.2918 0.3159 0.2354 
0.1670 0.2414 0.1690 0.4225 
0.2314 0.2586 0.2485 0.2616 

MOTIF filter21 
letter-probability matrix: alength= 4 w= 13 nsites= 13 
0.2713 0.2364 0.2112 0.2811 
0.2601 0.2601 0.2336 0.2462 
0.1385 0.1860 0.1231 0.5524 
0.0000 0.0000 0.0000 1.0000 
0.0000 0.0000 0.0000 1.0000 
0.0196 0.9804 0.0000 0.0000 
0.0000 0.8741 0.0000 0.1259 
0.2350 0.2545 0.2028 0.3077 
0.2378 0.0000 0.7538 0.0084 
0.0000 0.0000 0.9580 0.0420 
0.9986 0.0014 0.0000 0.0000 
1.0000 0.0000 0.0000 0.0000 
0.5329 0.1273 0.2098 0.1301 

MOTIF filter22 
letter-probability matrix: alength= 4 w= 14 nsites= 14 
0.3165 0.2727 0.2323 0.1785 
0.2525 0.3434 0.2088 0.1953 
0.0875 0.1279 0.5556 0.2290 
0.0000 0.8249 0.0034 0.1717 
0.0000 0.8889 0.0000 0.1111 
0.0000 1.0000 0.0000 0.0000 
0.0000 1.0000 0.0000 0.0000 
0.1448 0.0000 0.5926 0.2626 
0.0000 1.0000 0.0000 0.0000 
0.0000 1.0000 0.0000 0.0000 
0.0000 0.8013 0.0000 0.1987 
0.0673 0.8754 0.0000 0.0572 
0.0202 0.6936 0.0168 0.2694 
0.2256 0.2862 0.2391 0.2492 

MOTIF filter23 
letter-probability matrix: alength= 4 w= 19 nsites= 19 
0.3554 0.2544 0.3345 0.0557 
0.2822 0.4460 0.0906 0.1812 
0.1672 0.1394 0.3833 0.3101 
0.1533 0.7805 0.0314 0.0348 
0.0418 0.0000 0.1185 0.8397 
0.2648 0.3763 0.1882 0.1707 
0.2300 0.0627 0.4042 0.3031 
0.7944 0.1394 0.0035 0.0627 
0.0000 0.2056 0.0209 0.7735 
0.3937 0.1533 0.4530 0.0000 
0.0139 0.1742 0.0348 0.7770 
0.5923 0.3415 0.0453 0.0209 
0.0000 0.1115 0.6969 0.1916 
0.3972 0.3868 0.1986 0.0174 
0.1394 0.4007 0.4495 0.0105 
0.5052 0.2230 0.1324 0.1394 
0.1359 0.2439 0.3310 0.2892 
0.1638 0.2753 0.0105 0.5505 
0.3066 0.0000 0.1882 0.5052 

MOTIF filter24 
letter-probability matrix: alength= 4 w= 15 nsites= 15 
0.2790 0.2818 0.2182 0.2210 
0.0608 0.1989 0.4945 0.2459 
0.0000 0.8536 0.0249 0.1215 
0.0055 0.8177 0.0000 0.1768 
0.0000 1.0000 0.0000 0.0000 
0.0000 1.0000 0.0000 0.0000 
0.0635 0.0000 0.6547 0.2818 
0.0000 1.0000 0.0000 0.0000 
0.0000 1.0000 0.0000 0.0000 
0.0000 0.8094 0.0000 0.1906 
0.0525 0.8398 0.0000 0.1077 
0.0442 0.6271 0.0691 0.2597 
0.2790 0.2099 0.2541 0.2569 
0.2680 0.2320 0.2265 0.2735 
0.2210 0.3011 0.2569 0.2210 

MOTIF filter25 
letter-probability matrix: alength= 4 w= 10 nsites= 10 
0.2459 0.2384 0.2389 0.2767 
0.2330 0.2253 0.3189 0.2228 
0.3237 0.2808 0.2835 0.1121 
0.0357 0.0276 0.0365 0.9002 
0.0268 0.0290 0.8528 0.0914 
0.9051 0.0316 0.0333 0.0300 
0.0558 0.4500 0.4452 0.0491 
0.0239 0.0322 0.0394 0.9045 
0.0877 0.8434 0.0300 0.0389 
0.8981 0.0365 0.0290 0.0365 

MOTIF filter26 
letter-probability matrix: alength= 4 w= 16 nsites= 16 
0.2594 0.2723 0.2348 0.2335 
0.2348 0.2826 0.2529 0.2297 
0.1045 0.0503 0.3419 0.5032 
0.0116 0.9110 0.0000 0.0774 
0.0000 0.0000 0.0000 1.0000 
1.0000 0.0000 0.0000 0.0000 
0.2439 0.0000 0.0000 0.7561 
0.4426 0.0000 0.0000 0.5574 
0.5316 0.0000 0.0000 0.4684 
0.6903 0.0013 0.0000 0.3084 
0.0000 0.0000 0.0000 1.0000 
1.0000 0.0000 0.0000 0.0000 
0.0529 0.0000 0.9239 0.0232 
0.4723 0.3677 0.0387 0.1213 
0.2826 0.2206 0.2710 0.2258 
0.2568 0.2684 0.2284 0.2465 

MOTIF filter27 
letter-probability matrix: alength= 4 w= 20 nsites= 20 
0.2909 0.2352 0.2315 0.2424 
0.1564 0.0739 0.0400 0.7297 
0.0303 0.0873 0.6630 0.2194 
0.4182 0.3915 0.0679 0.1224 
0.0000 1.0000 0.0000 0.0000 
0.0000 1.0000 0.0000 0.0000 
0.8352 0.0012 0.0036 0.1600 
0.0145 0.0000 0.0000 0.9855 
1.0000 0.0000 0.0000 0.0000 
0.0000 0.0000 0.0012 0.9988 
0.9903 0.0000 0.0000 0.0097 
0.1430 0.0024 0.0000 0.8545 
0.0024 0.0036 0.9939 0.0000 
0.0000 0.0000 1.0000 0.0000 
0.1067 0.0679 0.3939 0.4315 
0.2242 0.6545 0.0921 0.0291 
0.7297 0.0315 0.0642 0.1745 
0.2255 0.2788 0.2448 0.2509 
0.2230 0.2630 0.2630 0.2509 
0.2424 0.2388 0.2667 0.2521 

MOTIF filter28 
letter-probability matrix: alength= 4 w= 16 nsites= 16 
0.2623 0.1574 0.2590 0.3213 
0.2557 0.2492 0.1967 0.2984 
0.2459 0.3246 0.1836 0.2459 
0.2590 0.0426 0.6262 0.0721 
0.1115 0.0000 0.8328 0.0557 
0.1705 0.0000 0.8295 0.0000 
0.0000 0.0000 1.0000 0.0000 
0.0000 0.0000 1.0000 0.0000 
0.3016 0.6131 0.0000 0.0852 
0.0000 0.0000 1.0000 0.0000 
0.0000 0.0000 1.0000 0.0000 
0.2033 0.0000 0.7902 0.0066 
0.1541 0.0328 0.8131 0.0000 
0.1705 0.5180 0.1803 0.1311 
0.3180 0.2131 0.2590 0.2098 
0.2066 0.3148 0.2295 0.2492 

MOTIF filter29 
letter-probability matrix: alength= 4 w= 17 nsites= 17 
0.2318 0.2833 0.2833 0.2017 
0.2790 0.2918 0.2017 0.2275 
0.1588 0.7425 0.0644 0.0343 
0.9957 0.0000 0.0043 0.0000 
0.9871 0.0000 0.0129 0.0000 
0.3863 0.0644 0.5365 0.0129 
1.0000 0.0000 0.0000 0.0000 
0.0000 0.0000 0.0000 1.0000 
0.0000 0.0000 1.0000 0.0000 
0.0000 0.0000 1.0000 0.0000 
0.0472 0.8970 0.0000 0.0558 
0.0773 0.1931 0.5064 0.2232 
0.0429 0.0644 0.8498 0.0429 
0.1502 0.7597 0.0129 0.0773 
0.1974 0.2403 0.2232 0.3391 
0.2189 0.2403 0.3004 0.2403 
0.2060 0.2318 0.3948 0.1674 

MOTIF filter30 
letter-probability matrix: alength= 4 w= 15 nsites= 15 
0.2157 0.2118 0.2941 0.2784 
0.2980 0.0275 0.6157 0.0588 
0.0510 0.0000 0.8980 0.0510 
0.1647 0.0000 0.8353 0.0000 
0.0000 0.0000 1.0000 0.0000 
0.0000 0.0000 1.0000 0.0000 
0.2157 0.6157 0.0000 0.1686 
0.0000 0.0000 1.0000 0.0000 
0.0000 0.0000 1.0000 0.0000 
0.1529 0.0000 0.8471 0.0000 
0.1373 0.0353 0.8275 0.0000 
0.1961 0.6706 0.1020 0.0314 
0.2667 0.2157 0.2980 0.2196 
0.2510 0.3020 0.2039 0.2431 
0.2588 0.2392 0.2431 0.2588 

MOTIF filter31 
letter-probability matrix: alength= 4 w= 15 nsites= 15 
0.2768 0.2419 0.2147 0.2665 
0.2549 0.2626 0.2264 0.2561 
0.1229 0.2031 0.1501 0.5239 
0.0000 0.0000 0.0000 1.0000 
0.0000 0.0000 0.0065 0.9935 
0.0505 0.9495 0.0000 0.0000 
0.0129 0.7529 0.0000 0.2342 
0.2755 0.1863 0.2807 0.2574 
0.1475 0.0000 0.8525 0.0000 
0.0000 0.0000 0.9741 0.0259 
1.0000 0.0000 0.0000 0.0000 
1.0000 0.0000 0.0000 0.0000 
0.5537 0.0983 0.1902 0.1578 
0.2277 0.2833 0.2471 0.2419 
0.2600 0.2354 0.2613 0.2432 

