MEME version 4

ALPHABET= ACGT

Background letter frequencies:
A 0.2500 C 0.2500 G 0.2500 T 0.2500 

MOTIF filter0 
letter-probability matrix: alength= 4 w= 20 nsites= 20 
0.2895 0.2360 0.2314 0.2430 
0.1605 0.0721 0.0384 0.7291 
0.0314 0.0884 0.6628 0.2174 
0.4081 0.3953 0.0733 0.1233 
0.0000 1.0000 0.0000 0.0000 
0.0000 0.9953 0.0000 0.0047 
0.8314 0.0000 0.0081 0.1605 
0.0186 0.0000 0.0000 0.9814 
0.9988 0.0000 0.0012 0.0000 
0.0000 0.0012 0.0012 0.9977 
0.9860 0.0000 0.0000 0.0140 
0.1500 0.0023 0.0000 0.8477 
0.0023 0.0070 0.9907 0.0000 
0.0000 0.0023 0.9942 0.0035 
0.1081 0.0733 0.3884 0.4302 
0.2209 0.6512 0.0965 0.0314 
0.7198 0.0326 0.0698 0.1779 
0.2384 0.2779 0.2407 0.2430 
0.2244 0.2640 0.2651 0.2465 
0.2477 0.2349 0.2698 0.2477 

MOTIF filter1 
letter-probability matrix: alength= 4 w= 13 nsites= 13 
0.2158 0.2978 0.2404 0.2459 
0.0000 0.8770 0.1230 0.0000 
0.0301 0.9699 0.0000 0.0000 
0.0000 0.0000 1.0000 0.0000 
0.0000 0.0000 1.0000 0.0000 
1.0000 0.0000 0.0000 0.0000 
1.0000 0.0000 0.0000 0.0000 
0.0492 0.0055 0.9454 0.0000 
0.0301 0.3060 0.0137 0.6503 
0.1694 0.1038 0.6721 0.0546 
0.2650 0.2650 0.4481 0.0219 
0.2131 0.3607 0.2541 0.1721 
0.2186 0.2951 0.2459 0.2404 

MOTIF filter2 
letter-probability matrix: alength= 4 w= 14 nsites= 14 
0.2340 0.2545 0.2468 0.2647 
0.2379 0.2673 0.2596 0.2353 
0.2340 0.2583 0.2506 0.2570 
0.5141 0.1202 0.3606 0.0051 
0.0000 0.0000 0.0000 1.0000 
0.0000 0.0000 0.0243 0.9757 
0.2954 0.0000 0.6304 0.0742 
0.0026 0.9297 0.0000 0.0678 
0.0793 0.0000 0.9207 0.0000 
0.0729 0.6893 0.0000 0.2379 
0.9757 0.0243 0.0000 0.0000 
1.0000 0.0000 0.0000 0.0000 
0.0051 0.3504 0.1304 0.5141 
0.2737 0.2519 0.2711 0.2033 

MOTIF filter3 
letter-probability matrix: alength= 4 w= 9 nsites= 9 
0.2273 0.2668 0.2681 0.2378 
0.4980 0.1932 0.2996 0.0092 
0.2444 0.3390 0.3377 0.0788 
0.0000 1.0000 0.0000 0.0000 
1.0000 0.0000 0.0000 0.0000 
0.0000 1.0000 0.0000 0.0000 
0.0013 0.0000 0.9987 0.0000 
0.0000 0.0013 0.0000 0.9987 
0.0000 0.0000 1.0000 0.0000 

MOTIF filter4 
letter-probability matrix: alength= 4 w= 15 nsites= 15 
0.2404 0.2463 0.2463 0.2671 
0.2404 0.2315 0.2789 0.2493 
0.2493 0.0534 0.6439 0.0534 
0.1246 0.0000 0.8071 0.0682 
0.1780 0.0000 0.8220 0.0000 
0.0000 0.0000 1.0000 0.0000 
0.0000 0.0000 1.0000 0.0000 
0.3086 0.5757 0.0000 0.1157 
0.0000 0.0000 1.0000 0.0000 
0.0000 0.0000 1.0000 0.0000 
0.1484 0.0000 0.8516 0.0000 
0.1751 0.0148 0.8101 0.0000 
0.1751 0.5994 0.1602 0.0653 
0.2967 0.2047 0.2789 0.2196 
0.2404 0.2967 0.2136 0.2493 

MOTIF filter5 
letter-probability matrix: alength= 4 w= 17 nsites= 17 
0.5935 0.0467 0.0794 0.2804 
0.4673 0.0000 0.0140 0.5187 
0.2944 0.1542 0.0841 0.4673 
0.0000 0.0000 0.0000 1.0000 
0.0000 0.0000 1.0000 0.0000 
0.0000 1.0000 0.0000 0.0000 
0.0000 0.0000 0.0000 1.0000 
0.0000 0.0000 0.9907 0.0093 
1.0000 0.0000 0.0000 0.0000 
0.0047 0.5841 0.3037 0.1075 
0.1776 0.0514 0.0000 0.7710 
0.2103 0.3832 0.0935 0.3131 
0.5561 0.0187 0.2196 0.2056 
0.1449 0.0140 0.6308 0.2103 
0.2336 0.2664 0.2617 0.2383 
0.2991 0.1589 0.2477 0.2944 
0.1682 0.2850 0.2336 0.3131 

MOTIF filter6 
letter-probability matrix: alength= 4 w= 12 nsites= 12 
0.2392 0.2355 0.2627 0.2627 
0.2261 0.1698 0.3949 0.2092 
0.3949 0.2195 0.3462 0.0394 
0.0000 0.0000 0.0000 1.0000 
0.0000 0.0000 0.9859 0.0141 
1.0000 0.0000 0.0000 0.0000 
0.0066 0.4981 0.4916 0.0038 
0.0000 0.0000 0.0000 1.0000 
0.0009 0.9991 0.0000 0.0000 
1.0000 0.0000 0.0000 0.0000 
0.0310 0.3340 0.2477 0.3874 
0.2129 0.3715 0.1829 0.2326 

MOTIF filter7 
letter-probability matrix: alength= 4 w= 14 nsites= 14 
0.2771 0.2399 0.2419 0.2411 
0.1882 0.2465 0.1745 0.3908 
0.0240 0.0356 0.0132 0.9272 
0.0124 0.0194 0.0554 0.9127 
0.1551 0.7858 0.0256 0.0335 
0.0529 0.6402 0.0149 0.2920 
0.2531 0.2291 0.2560 0.2618 
0.2911 0.0008 0.6600 0.0480 
0.0302 0.0215 0.8036 0.1447 
0.8987 0.0691 0.0157 0.0165 
0.9218 0.0314 0.0281 0.0186 
0.4041 0.1700 0.2399 0.1861 
0.2457 0.2506 0.2502 0.2535 
0.2531 0.2374 0.2672 0.2423 

MOTIF filter8 
letter-probability matrix: alength= 4 w= 19 nsites= 19 
0.1636 0.0750 0.0418 0.7196 
0.0283 0.0849 0.6679 0.2189 
0.4145 0.3936 0.0664 0.1255 
0.0000 1.0000 0.0000 0.0000 
0.0000 0.9975 0.0000 0.0025 
0.8327 0.0000 0.0037 0.1636 
0.0148 0.0000 0.0000 0.9852 
1.0000 0.0000 0.0000 0.0000 
0.0000 0.0000 0.0012 0.9988 
0.9914 0.0000 0.0000 0.0086 
0.1402 0.0012 0.0000 0.8585 
0.0000 0.0025 0.9975 0.0000 
0.0000 0.0025 0.9975 0.0000 
0.1033 0.0713 0.3961 0.4293 
0.2214 0.6617 0.0910 0.0258 
0.7380 0.0283 0.0640 0.1697 
0.2251 0.2792 0.2448 0.2509 
0.2251 0.2620 0.2571 0.2558 
0.2472 0.2374 0.2657 0.2497 

MOTIF filter9 
letter-probability matrix: alength= 4 w= 20 nsites= 20 
0.2261 0.2431 0.2588 0.2719 
0.1948 0.2954 0.2810 0.2288 
0.2876 0.2327 0.2209 0.2588 
0.1320 0.0680 0.0366 0.7634 
0.0052 0.0810 0.6850 0.2288 
0.4261 0.3961 0.0641 0.1137 
0.0026 0.9961 0.0013 0.0000 
0.0000 0.9908 0.0026 0.0065 
0.8431 0.0026 0.0052 0.1490 
0.0170 0.0000 0.0013 0.9817 
0.9987 0.0013 0.0000 0.0000 
0.0000 0.0000 0.0013 0.9987 
0.9935 0.0000 0.0000 0.0065 
0.1516 0.0039 0.0013 0.8431 
0.0039 0.0052 0.9908 0.0000 
0.0013 0.0000 0.9961 0.0026 
0.1020 0.0444 0.4026 0.4510 
0.2301 0.6562 0.0889 0.0248 
0.7621 0.0235 0.0484 0.1660 
0.2405 0.2601 0.2418 0.2575 

MOTIF filter10 
letter-probability matrix: alength= 4 w= 15 nsites= 15 
0.2157 0.2235 0.2745 0.2863 
0.2275 0.2980 0.2941 0.1804 
0.2941 0.2275 0.2157 0.2627 
0.1451 0.7020 0.1098 0.0431 
1.0000 0.0000 0.0000 0.0000 
0.9922 0.0039 0.0039 0.0000 
0.4392 0.0667 0.4824 0.0118 
1.0000 0.0000 0.0000 0.0000 
0.0000 0.0000 0.0000 1.0000 
0.0000 0.0000 1.0000 0.0000 
0.0000 0.0000 1.0000 0.0000 
0.0392 0.9255 0.0000 0.0353 
0.0902 0.1373 0.3725 0.4000 
0.0627 0.0588 0.8118 0.0667 
0.0863 0.8549 0.0039 0.0549 

MOTIF filter11 
letter-probability matrix: alength= 4 w= 16 nsites= 16 
0.2480 0.2920 0.1920 0.2680 
0.1640 0.6640 0.1000 0.0720 
1.0000 0.0000 0.0000 0.0000 
0.9840 0.0000 0.0160 0.0000 
0.4200 0.0640 0.5040 0.0120 
1.0000 0.0000 0.0000 0.0000 
0.0000 0.0000 0.0000 1.0000 
0.0000 0.0000 1.0000 0.0000 
0.0000 0.0000 1.0000 0.0000 
0.0640 0.8400 0.0000 0.0960 
0.1600 0.2840 0.5560 0.0000 
0.0760 0.0880 0.7760 0.0600 
0.1480 0.7400 0.0240 0.0880 
0.2480 0.2400 0.2400 0.2720 
0.2080 0.2400 0.2880 0.2640 
0.2760 0.2240 0.3200 0.1800 

MOTIF filter12 
letter-probability matrix: alength= 4 w= 15 nsites= 15 
0.2853 0.2936 0.2050 0.2161 
0.0665 0.1634 0.5568 0.2133 
0.0000 0.8421 0.0083 0.1496 
0.0000 0.8144 0.0000 0.1856 
0.0000 1.0000 0.0000 0.0000 
0.0000 1.0000 0.0000 0.0000 
0.0859 0.0000 0.6233 0.2909 
0.0000 1.0000 0.0000 0.0000 
0.0000 1.0000 0.0000 0.0000 
0.0000 0.7812 0.0000 0.2188 
0.0693 0.8338 0.0000 0.0970 
0.0388 0.6565 0.0443 0.2604 
0.2632 0.2105 0.2770 0.2493 
0.2853 0.2161 0.2299 0.2687 
0.2216 0.2964 0.2465 0.2355 

MOTIF filter13 
letter-probability matrix: alength= 4 w= 14 nsites= 14 
0.2113 0.2679 0.2528 0.2679 
0.1283 0.1434 0.4453 0.2830 
0.0038 0.5170 0.2340 0.2453 
0.0000 0.8038 0.0943 0.1019 
0.7057 0.0189 0.2679 0.0075 
0.0000 0.9434 0.0151 0.0415 
0.0000 0.0000 0.0000 1.0000 
0.0000 0.0000 0.0000 1.0000 
0.0000 1.0000 0.0000 0.0000 
0.0000 1.0000 0.0000 0.0000 
0.0000 0.0000 0.9811 0.0189 
0.0000 0.1736 0.8189 0.0075 
0.2113 0.2226 0.2717 0.2943 
0.2415 0.2264 0.2491 0.2830 

MOTIF filter14 
letter-probability matrix: alength= 4 w= 16 nsites= 16 
0.4112 0.2401 0.1546 0.1941 
0.0658 0.3520 0.1184 0.4638 
0.0691 0.3026 0.3520 0.2763 
0.4145 0.1316 0.4539 0.0000 
0.6151 0.0099 0.3257 0.0493 
0.0000 1.0000 0.0000 0.0000 
0.0000 1.0000 0.0000 0.0000 
1.0000 0.0000 0.0000 0.0000 
1.0000 0.0000 0.0000 0.0000 
0.0000 0.0000 0.0000 1.0000 
0.0230 0.7664 0.2105 0.0000 
0.8026 0.0000 0.1974 0.0000 
0.0921 0.0822 0.8224 0.0033 
0.2566 0.3684 0.0000 0.3750 
0.2763 0.2138 0.2730 0.2368 
0.2500 0.2730 0.2336 0.2434 

MOTIF filter15 
letter-probability matrix: alength= 4 w= 11 nsites= 11 
0.2527 0.2716 0.2432 0.2325 
0.2788 0.2171 0.2195 0.2847 
0.2800 0.2539 0.2361 0.2301 
1.0000 0.0000 0.0000 0.0000 
0.0000 0.0000 0.0000 1.0000 
0.0000 0.4318 0.0000 0.5682 
1.0000 0.0000 0.0000 0.0000 
1.0000 0.0000 0.0000 0.0000 
0.9715 0.0000 0.0000 0.0285 
0.2669 0.2289 0.2242 0.2800 
0.2467 0.2432 0.2361 0.2740 

MOTIF filter16 
letter-probability matrix: alength= 4 w= 15 nsites= 15 
0.2549 0.2658 0.2451 0.2342 
0.2353 0.2756 0.2505 0.2386 
0.1144 0.0686 0.3464 0.4706 
0.0381 0.8573 0.0000 0.1046 
0.0000 0.0022 0.0000 0.9978 
1.0000 0.0000 0.0000 0.0000 
0.2843 0.0000 0.0054 0.7102 
0.4630 0.0011 0.0000 0.5359 
0.5556 0.0000 0.0000 0.4444 
0.6993 0.0011 0.0000 0.2996 
0.0000 0.0011 0.0000 0.9989 
0.9967 0.0000 0.0033 0.0000 
0.1035 0.0000 0.8649 0.0316 
0.4532 0.3584 0.0512 0.1373 
0.2821 0.2331 0.2549 0.2298 

MOTIF filter17 
letter-probability matrix: alength= 4 w= 18 nsites= 18 
0.2918 0.5441 0.0456 0.1185 
0.2340 0.1854 0.0729 0.5076 
0.2827 0.1550 0.3191 0.2432 
0.6231 0.0486 0.1155 0.2128 
0.1702 0.3131 0.4894 0.0274 
0.0000 0.0000 0.0000 1.0000 
0.0061 0.9939 0.0000 0.0000 
1.0000 0.0000 0.0000 0.0000 
0.0000 0.0000 0.9787 0.0213 
0.0000 1.0000 0.0000 0.0000 
0.9970 0.0000 0.0000 0.0030 
0.4347 0.1733 0.1216 0.2705 
0.4255 0.0456 0.0030 0.5258 
0.3891 0.0760 0.0000 0.5350 
0.3131 0.1094 0.0152 0.5623 
0.2796 0.2280 0.2462 0.2462 
0.2796 0.2736 0.2249 0.2219 
0.2219 0.3009 0.2340 0.2432 

MOTIF filter18 
letter-probability matrix: alength= 4 w= 10 nsites= 10 
0.2163 0.3088 0.3077 0.1672 
0.0000 1.0000 0.0000 0.0000 
1.0000 0.0000 0.0000 0.0000 
0.0000 0.9922 0.0000 0.0078 
0.0089 0.0000 0.9911 0.0000 
0.0000 0.0000 0.0000 1.0000 
0.0000 0.0000 1.0000 0.0000 
0.1293 0.3177 0.3266 0.2263 
0.1561 0.2330 0.1338 0.4771 
0.2297 0.2575 0.2676 0.2453 

MOTIF filter19 
letter-probability matrix: alength= 4 w= 12 nsites= 12 
0.5371 0.0767 0.1023 0.2839 
0.4399 0.0000 0.0281 0.5320 
0.2788 0.1381 0.1867 0.3964 
0.0026 0.0000 0.0000 0.9974 
0.0000 0.0000 1.0000 0.0000 
0.0588 0.9412 0.0000 0.0000 
0.0000 0.0000 0.0000 1.0000 
0.0000 0.0000 0.9974 0.0026 
1.0000 0.0000 0.0000 0.0000 
0.0332 0.4655 0.3171 0.1841 
0.1867 0.1253 0.0665 0.6215 
0.1790 0.3913 0.1355 0.2941 

MOTIF filter20 
letter-probability matrix: alength= 4 w= 16 nsites= 16 
0.2939 0.2939 0.1981 0.2141 
0.2780 0.2748 0.2204 0.2268 
0.2141 0.2173 0.2907 0.2780 
0.0000 0.9042 0.0543 0.0415 
0.0000 0.1821 0.0000 0.8179 
0.0000 0.2492 0.6997 0.0511 
1.0000 0.0000 0.0000 0.0000 
0.0000 0.0000 0.0000 1.0000 
0.0000 0.0000 0.0000 1.0000 
0.0000 0.0000 1.0000 0.0000 
0.0000 0.0000 1.0000 0.0000 
0.0447 0.4089 0.0000 0.5463 
0.0000 0.4281 0.1182 0.4537 
0.1917 0.4377 0.3003 0.0703 
0.4760 0.1502 0.3227 0.0511 
0.1789 0.1406 0.2652 0.4153 

MOTIF filter21 
letter-probability matrix: alength= 4 w= 20 nsites= 20 
0.2656 0.2656 0.2188 0.2500 
0.5000 0.0156 0.4844 0.0000 
0.0000 0.1562 0.8281 0.0156 
0.2812 0.6484 0.0312 0.0391 
0.0625 0.1719 0.5312 0.2344 
0.1484 0.5078 0.1562 0.1875 
0.0156 0.2188 0.1719 0.5938 
0.2734 0.2109 0.2266 0.2891 
0.0078 0.1328 0.1484 0.7109 
0.2578 0.0156 0.0078 0.7188 
0.5859 0.3359 0.0703 0.0078 
0.5391 0.0312 0.2500 0.1797 
0.4141 0.0781 0.0547 0.4531 
0.0234 0.4531 0.0781 0.4453 
0.0156 0.0781 0.0078 0.8984 
0.3750 0.2031 0.0312 0.3906 
0.4922 0.3438 0.1641 0.0000 
0.3125 0.0000 0.4609 0.2266 
0.1016 0.1641 0.1875 0.5469 
0.0469 0.0000 0.4141 0.5391 

MOTIF filter22 
letter-probability matrix: alength= 4 w= 16 nsites= 16 
0.2935 0.3234 0.2092 0.1739 
0.0000 0.4538 0.3234 0.2228 
0.0707 0.3478 0.3125 0.2690 
0.0082 0.8043 0.0734 0.1141 
0.0109 0.9293 0.0027 0.0571 
0.0000 0.9212 0.0380 0.0408 
0.0109 0.9538 0.0000 0.0353 
0.0734 0.3886 0.4076 0.1304 
0.0000 0.8614 0.0625 0.0761 
0.0027 0.9837 0.0109 0.0027 
0.0000 0.9076 0.0082 0.0842 
0.0543 0.8179 0.0054 0.1223 
0.0815 0.6332 0.0625 0.2228 
0.2228 0.4158 0.1277 0.2337 
0.2745 0.2527 0.2772 0.1957 
0.2418 0.2989 0.2690 0.1902 

MOTIF filter23 
letter-probability matrix: alength= 4 w= 12 nsites= 12 
0.2520 0.2598 0.2233 0.2650 
0.2467 0.2850 0.2511 0.2172 
0.2450 0.2433 0.2424 0.2693 
0.3771 0.0000 0.0000 0.6229 
0.0000 0.0000 0.0000 1.0000 
0.0000 0.0000 0.0000 1.0000 
0.7498 0.0000 0.2502 0.0000 
1.0000 0.0000 0.0000 0.0000 
0.0000 0.0000 0.0000 1.0000 
0.2546 0.2580 0.2433 0.2441 
0.2450 0.2554 0.2693 0.2302 
0.2398 0.2424 0.2537 0.2641 

MOTIF filter24 
letter-probability matrix: alength= 4 w= 16 nsites= 16 
0.2533 0.2731 0.2388 0.2348 
0.2335 0.2810 0.2454 0.2401 
0.0976 0.0449 0.3536 0.5040 
0.0066 0.9274 0.0000 0.0660 
0.0000 0.0000 0.0000 1.0000 
1.0000 0.0000 0.0000 0.0000 
0.2533 0.0000 0.0000 0.7467 
0.4459 0.0000 0.0000 0.5541 
0.5462 0.0000 0.0000 0.4538 
0.6887 0.0000 0.0000 0.3113 
0.0000 0.0000 0.0000 1.0000 
1.0000 0.0000 0.0000 0.0000 
0.0594 0.0000 0.9274 0.0132 
0.4749 0.3694 0.0396 0.1161 
0.2902 0.2190 0.2586 0.2322 
0.2520 0.2718 0.2361 0.2401 

MOTIF filter25 
letter-probability matrix: alength= 4 w= 16 nsites= 16 
0.4816 0.1912 0.1691 0.1581 
0.0809 0.3566 0.1029 0.4596 
0.0551 0.3566 0.3750 0.2132 
0.4338 0.0735 0.4926 0.0000 
0.5809 0.0037 0.3897 0.0257 
0.0000 1.0000 0.0000 0.0000 
0.0000 1.0000 0.0000 0.0000 
1.0000 0.0000 0.0000 0.0000 
1.0000 0.0000 0.0000 0.0000 
0.0000 0.0000 0.0000 1.0000 
0.0110 0.8015 0.1875 0.0000 
0.8860 0.0000 0.1140 0.0000 
0.0441 0.0404 0.9044 0.0110 
0.1949 0.2574 0.3456 0.2022 
0.3051 0.1949 0.2574 0.2426 
0.2279 0.2941 0.2096 0.2684 

MOTIF filter26 
letter-probability matrix: alength= 4 w= 11 nsites= 11 
0.3844 0.2037 0.2787 0.1332 
0.2129 0.3737 0.3675 0.0459 
0.0000 1.0000 0.0000 0.0000 
1.0000 0.0000 0.0000 0.0000 
0.0000 1.0000 0.0000 0.0000 
0.0000 0.0000 1.0000 0.0000 
0.0000 0.0000 0.0000 1.0000 
0.0000 0.0000 1.0000 0.0000 
0.0368 0.3568 0.3828 0.2236 
0.0858 0.2450 0.1577 0.5115 
0.2496 0.2343 0.2282 0.2879 

MOTIF filter27 
letter-probability matrix: alength= 4 w= 12 nsites= 12 
0.1429 0.4986 0.1597 0.1989 
0.7087 0.0056 0.2717 0.0140 
0.0000 0.9776 0.0056 0.0168 
0.0000 0.0000 0.0000 1.0000 
0.0000 0.0000 0.0000 1.0000 
0.0000 1.0000 0.0000 0.0000 
0.0000 1.0000 0.0000 0.0000 
0.0000 0.0000 0.9860 0.0140 
0.0000 0.0980 0.9020 0.0000 
0.3249 0.1765 0.2409 0.2577 
0.3137 0.2101 0.2465 0.2297 
0.2549 0.2129 0.2633 0.2689 

MOTIF filter28 
letter-probability matrix: alength= 4 w= 15 nsites= 15 
0.2661 0.3081 0.2101 0.2157 
0.2521 0.2829 0.2241 0.2409 
0.2521 0.2521 0.2409 0.2549 
0.0112 0.8039 0.0812 0.1036 
0.0000 0.1765 0.0000 0.8235 
0.0000 0.2269 0.7731 0.0000 
1.0000 0.0000 0.0000 0.0000 
0.0000 0.0000 0.0000 1.0000 
0.0000 0.0000 0.0000 1.0000 
0.0000 0.0000 1.0000 0.0000 
0.0000 0.0000 1.0000 0.0000 
0.0420 0.4090 0.0140 0.5350 
0.0168 0.4230 0.1485 0.4118 
0.1793 0.4286 0.3249 0.0672 
0.4874 0.1429 0.2997 0.0700 

MOTIF filter29 
letter-probability matrix: alength= 4 w= 15 nsites= 15 
0.2708 0.2400 0.2277 0.2615 
0.2431 0.2862 0.2615 0.2092 
0.2369 0.2431 0.2554 0.2646 
0.1169 0.0123 0.7015 0.1692 
0.0738 0.7323 0.1138 0.0800 
0.2923 0.3323 0.2677 0.1077 
0.0462 0.0000 0.8646 0.0892 
0.0000 1.0000 0.0000 0.0000 
0.0000 1.0000 0.0000 0.0000 
1.0000 0.0000 0.0000 0.0000 
0.0000 0.0000 0.0000 1.0000 
0.0092 0.4585 0.1446 0.3877 
0.0000 0.0154 0.0000 0.9846 
0.0000 0.0062 0.0000 0.9938 
0.0738 0.0862 0.7231 0.1169 

MOTIF filter30 
letter-probability matrix: alength= 4 w= 15 nsites= 15 
0.2968 0.2012 0.3287 0.1733 
0.1972 0.2191 0.3606 0.2231 
0.2530 0.1195 0.4821 0.1454 
0.0956 0.0139 0.8446 0.0458 
0.1534 0.0657 0.7530 0.0279 
0.0438 0.0299 0.9124 0.0139 
0.0398 0.0378 0.9124 0.0100 
0.1793 0.2490 0.4900 0.0817 
0.0120 0.1394 0.7988 0.0498 
0.0000 0.1056 0.8606 0.0339 
0.0020 0.0040 0.9243 0.0697 
0.1713 0.0299 0.7948 0.0040 
0.1335 0.4223 0.4104 0.0339 
0.2948 0.0000 0.4004 0.3048 
0.2570 0.3805 0.1175 0.2450 

MOTIF filter31 
letter-probability matrix: alength= 4 w= 11 nsites= 11 
0.2419 0.2346 0.2638 0.2596 
0.2367 0.1637 0.3900 0.2096 
0.4035 0.2231 0.3712 0.0021 
0.0000 0.0000 0.0000 1.0000 
0.0000 0.0000 1.0000 0.0000 
1.0000 0.0000 0.0000 0.0000 
0.0031 0.4995 0.4974 0.0000 
0.0000 0.0000 0.0000 1.0000 
0.0000 1.0000 0.0000 0.0000 
1.0000 0.0000 0.0000 0.0000 
0.0010 0.3379 0.2513 0.4098 

