MEME version 4

ALPHABET= ACGT

Background letter frequencies:
A 0.2500 C 0.2500 G 0.2500 T 0.2500 

MOTIF filter0 
letter-probability matrix: alength= 4 w= 15 nsites= 15 
0.1876 0.1673 0.4209 0.2242 
0.4621 0.3203 0.0869 0.1307 
0.0157 0.7765 0.0425 0.1654 
0.0124 0.7712 0.1608 0.0556 
0.6935 0.0503 0.1941 0.0621 
0.1601 0.0020 0.1059 0.7320 
0.6163 0.3830 0.0007 0.0000 
0.0000 0.4614 0.0039 0.5346 
0.9843 0.0033 0.0000 0.0124 
0.4693 0.0052 0.0020 0.5235 
0.0092 0.0098 0.6451 0.3359 
0.0124 0.2529 0.7346 0.0000 
0.2974 0.0556 0.3490 0.2980 
0.2072 0.4556 0.2967 0.0405 
0.5536 0.0869 0.1464 0.2131 

MOTIF filter1 
letter-probability matrix: alength= 4 w= 15 nsites= 15 
0.1587 0.3569 0.3023 0.1821 
0.3447 0.2739 0.3046 0.0768 
0.3073 0.0908 0.4588 0.1431 
0.0830 0.7255 0.1030 0.0885 
0.0295 0.8914 0.0278 0.0512 
0.9399 0.0111 0.0067 0.0423 
0.4878 0.0913 0.2199 0.2010 
0.3402 0.3252 0.1063 0.2283 
0.2945 0.2077 0.1075 0.3903 
0.1114 0.0100 0.0184 0.8602 
0.0445 0.0217 0.9020 0.0317 
0.0713 0.1264 0.7277 0.0746 
0.1882 0.4081 0.1091 0.2945 
0.1169 0.3073 0.2606 0.3151 
0.1865 0.2873 0.3090 0.2171 

MOTIF filter2 
letter-probability matrix: alength= 4 w= 11 nsites= 11 
0.3527 0.2405 0.1967 0.2101 
0.1344 0.2356 0.4873 0.1427 
0.5566 0.1494 0.2019 0.0922 
0.1591 0.5871 0.2521 0.0017 
0.1142 0.0212 0.0435 0.8211 
0.4369 0.4354 0.0001 0.1277 
0.1300 0.3470 0.5215 0.0015 
0.0418 0.8044 0.0012 0.1526 
0.2689 0.1086 0.3815 0.2409 
0.1277 0.3215 0.1989 0.3518 
0.2955 0.1450 0.2290 0.3305 

MOTIF filter3 
letter-probability matrix: alength= 4 w= 14 nsites= 14 
0.2508 0.2492 0.2499 0.2502 
0.2614 0.2662 0.2235 0.2488 
0.4068 0.1864 0.3424 0.0645 
0.0449 0.0405 0.0380 0.8766 
0.0252 0.0319 0.1817 0.7612 
0.3159 0.0225 0.4604 0.2013 
0.0958 0.6171 0.0778 0.2092 
0.2201 0.0890 0.5981 0.0928 
0.1864 0.5053 0.0241 0.2843 
0.7062 0.1886 0.0530 0.0523 
0.8372 0.0531 0.0519 0.0577 
0.0714 0.3092 0.2039 0.4155 
0.2327 0.2618 0.2560 0.2495 
0.2362 0.2581 0.2572 0.2485 

MOTIF filter4 
letter-probability matrix: alength= 4 w= 15 nsites= 15 
0.2240 0.2290 0.2966 0.2503 
0.2491 0.2666 0.2603 0.2240 
0.2553 0.1327 0.5169 0.0951 
0.1765 0.0013 0.6633 0.1589 
0.2829 0.0200 0.6934 0.0038 
0.0075 0.0063 0.9762 0.0100 
0.0000 0.0501 0.9362 0.0138 
0.3166 0.4881 0.0038 0.1915 
0.0000 0.0038 0.9937 0.0025 
0.0013 0.0000 0.9987 0.0000 
0.2628 0.0000 0.7184 0.0188 
0.2691 0.0801 0.6496 0.0013 
0.2015 0.4556 0.2240 0.1189 
0.2390 0.2215 0.2866 0.2528 
0.2390 0.2841 0.2340 0.2428 

MOTIF filter5 
letter-probability matrix: alength= 4 w= 15 nsites= 15 
0.2287 0.2785 0.1762 0.3166 
0.1874 0.2524 0.3073 0.2529 
0.1488 0.3319 0.2799 0.2394 
0.0586 0.6871 0.1543 0.1000 
0.5676 0.0228 0.3412 0.0683 
0.1446 0.5886 0.2301 0.0367 
0.1776 0.0479 0.4124 0.3622 
0.4635 0.1362 0.0019 0.3984 
0.1748 0.6444 0.0000 0.1808 
0.0567 0.2655 0.6625 0.0153 
0.0311 0.0046 0.8210 0.1432 
0.6095 0.1706 0.1892 0.0307 
0.4895 0.1990 0.1567 0.1548 
0.0088 0.1172 0.7471 0.1269 
0.0656 0.4412 0.0177 0.4756 

MOTIF filter6 
letter-probability matrix: alength= 4 w= 9 nsites= 9 
0.4354 0.0001 0.2581 0.3065 
0.1798 0.4775 0.2336 0.1091 
0.1299 0.5202 0.0685 0.2815 
0.7168 0.0207 0.2264 0.0360 
0.5865 0.2155 0.0998 0.0982 
0.0003 0.1876 0.0220 0.7901 
0.2792 0.4354 0.1628 0.1226 
0.4869 0.1868 0.2437 0.0826 
0.2254 0.3228 0.4213 0.0306 

MOTIF filter7 
letter-probability matrix: alength= 4 w= 13 nsites= 13 
0.2300 0.2506 0.2514 0.2680 
0.2465 0.2642 0.2642 0.2250 
0.2903 0.2964 0.3237 0.0896 
0.0000 0.1515 0.0000 0.8485 
0.0000 0.3452 0.6491 0.0058 
1.0000 0.0000 0.0000 0.0000 
0.2019 0.2052 0.1928 0.4001 
0.0000 0.0000 0.0000 1.0000 
0.0000 0.6218 0.3782 0.0000 
0.5500 0.0000 0.4500 0.0000 
0.0768 0.4335 0.0818 0.4079 
0.1201 0.3382 0.2027 0.3390 
0.2300 0.2960 0.2614 0.2126 

MOTIF filter8 
letter-probability matrix: alength= 4 w= 10 nsites= 10 
0.1723 0.2657 0.2172 0.3448 
0.3032 0.1675 0.2905 0.2389 
0.2012 0.0263 0.3234 0.4491 
0.2052 0.5259 0.2688 0.0001 
0.0136 0.1290 0.1441 0.7134 
0.9390 0.0183 0.0427 0.0000 
0.0000 0.1240 0.4852 0.3908 
0.4393 0.3597 0.1364 0.0646 
0.0252 0.5104 0.2401 0.2244 
0.2258 0.2642 0.2461 0.2638 

MOTIF filter9 
letter-probability matrix: alength= 4 w= 11 nsites= 11 
0.3220 0.2304 0.2537 0.1940 
0.2461 0.2901 0.3256 0.1383 
0.0269 0.9600 0.0103 0.0027 
0.8756 0.0090 0.0988 0.0166 
0.0018 0.8891 0.0058 0.1033 
0.0705 0.0121 0.9124 0.0049 
0.0310 0.0889 0.0036 0.8765 
0.0000 0.0117 0.9439 0.0445 
0.1715 0.3022 0.3058 0.2205 
0.1684 0.2322 0.1585 0.4410 
0.2640 0.2582 0.2151 0.2627 

MOTIF filter10 
letter-probability matrix: alength= 4 w= 14 nsites= 14 
0.1489 0.4029 0.2039 0.2443 
0.1764 0.4045 0.2039 0.2152 
0.5000 0.0874 0.2913 0.1214 
0.0987 0.7136 0.1068 0.0809 
0.2039 0.1311 0.1586 0.5065 
0.1278 0.0680 0.0825 0.7217 
0.0000 0.8269 0.1731 0.0000 
0.0113 0.9887 0.0000 0.0000 
0.0000 0.0000 0.9773 0.0227 
0.0000 0.1068 0.8883 0.0049 
0.7023 0.1359 0.0485 0.1133 
0.6489 0.0906 0.0922 0.1683 
0.0485 0.0939 0.7476 0.1100 
0.0858 0.2880 0.0987 0.5275 

MOTIF filter11 
letter-probability matrix: alength= 4 w= 17 nsites= 17 
0.2246 0.2121 0.3450 0.2183 
0.4763 0.3225 0.1002 0.1010 
0.1702 0.6434 0.1064 0.0800 
0.0490 0.6387 0.0676 0.2448 
0.3800 0.2362 0.1795 0.2044 
0.2207 0.0614 0.2595 0.4584 
0.7071 0.0000 0.2906 0.0023 
0.0000 0.5618 0.0000 0.4382 
0.4157 0.4670 0.1166 0.0008 
0.7514 0.0023 0.0000 0.2463 
0.4351 0.0901 0.4747 0.0000 
0.0000 0.0000 0.4211 0.5789 
0.0948 0.6706 0.1935 0.0412 
0.7211 0.2525 0.0249 0.0016 
0.4452 0.1360 0.2517 0.1671 
0.3846 0.1896 0.2463 0.1795 
0.2688 0.1709 0.2766 0.2836 

MOTIF filter12 
letter-probability matrix: alength= 4 w= 10 nsites= 10 
0.2793 0.1928 0.2558 0.2722 
0.0003 0.2765 0.2935 0.4297 
0.4579 0.3064 0.1261 0.1096 
0.9708 0.0289 0.0000 0.0003 
0.1625 0.4638 0.3720 0.0017 
0.0060 0.0078 0.9837 0.0025 
0.0005 0.0443 0.3501 0.6051 
0.1469 0.1809 0.4867 0.1856 
0.2758 0.2504 0.2453 0.2285 
0.2939 0.2349 0.2346 0.2365 

MOTIF filter13 
letter-probability matrix: alength= 4 w= 10 nsites= 10 
0.0447 0.3852 0.3986 0.1714 
0.2829 0.0031 0.3556 0.3584 
0.0622 0.5390 0.2953 0.1035 
0.1000 0.7616 0.0066 0.1318 
0.2675 0.2852 0.3818 0.0654 
0.1115 0.6576 0.0570 0.1739 
0.5850 0.0045 0.0033 0.4072 
0.1521 0.1503 0.1118 0.5857 
0.2594 0.5518 0.1221 0.0667 
0.1883 0.3536 0.2155 0.2426 

MOTIF filter14 
letter-probability matrix: alength= 4 w= 15 nsites= 15 
0.2581 0.3058 0.2177 0.2183 
0.2391 0.2884 0.2520 0.2205 
0.1229 0.2750 0.3822 0.2200 
0.0101 0.6083 0.1139 0.2677 
0.0410 0.6818 0.0073 0.2699 
0.0241 0.9473 0.0067 0.0219 
0.0146 0.9282 0.0354 0.0219 
0.1689 0.1420 0.3923 0.2969 
0.0157 0.8429 0.0679 0.0735 
0.0180 0.9338 0.0264 0.0219 
0.0073 0.6813 0.0309 0.2806 
0.1571 0.6599 0.0101 0.1728 
0.1066 0.5253 0.1150 0.2531 
0.2233 0.2840 0.2464 0.2464 
0.2503 0.2767 0.2318 0.2413 

MOTIF filter15 
letter-probability matrix: alength= 4 w= 18 nsites= 18 
0.1621 0.1761 0.4226 0.2391 
0.2080 0.4239 0.1602 0.2080 
0.0709 0.7823 0.1193 0.0275 
0.0312 0.6446 0.2606 0.0636 
0.5046 0.0367 0.0196 0.4391 
0.0765 0.1095 0.0801 0.7339 
0.7382 0.1713 0.0532 0.0373 
0.0147 0.0587 0.1021 0.8245 
0.7284 0.1119 0.0379 0.1217 
0.2385 0.0214 0.0055 0.7346 
0.0092 0.0428 0.8495 0.0985 
0.1731 0.2954 0.5235 0.0080 
0.3028 0.0795 0.2893 0.3284 
0.0612 0.8177 0.0489 0.0722 
0.6440 0.0520 0.1028 0.2012 
0.1138 0.2624 0.3028 0.3211 
0.1474 0.2324 0.3107 0.3095 
0.1780 0.2239 0.2263 0.3719 

MOTIF filter16 
letter-probability matrix: alength= 4 w= 14 nsites= 14 
0.1934 0.2650 0.2770 0.2645 
0.1984 0.2020 0.2617 0.3379 
0.1489 0.1822 0.4051 0.2637 
0.2145 0.6475 0.1268 0.0112 
0.1791 0.0070 0.0018 0.8120 
0.0250 0.0505 0.6485 0.2760 
0.9839 0.0161 0.0000 0.0000 
0.0102 0.5631 0.3390 0.0877 
0.2343 0.0013 0.1385 0.6259 
0.1442 0.7475 0.0193 0.0890 
0.6878 0.1518 0.0232 0.1372 
0.0424 0.3507 0.3564 0.2505 
0.1906 0.2872 0.2426 0.2796 
0.2072 0.2072 0.2945 0.2911 

MOTIF filter17 
letter-probability matrix: alength= 4 w= 17 nsites= 17 
0.2202 0.2357 0.2944 0.2496 
0.3808 0.2437 0.1503 0.2252 
0.2011 0.4537 0.2166 0.1286 
0.1213 0.6667 0.0702 0.1418 
0.4006 0.0666 0.1705 0.3623 
0.2311 0.1217 0.2341 0.4131 
0.6621 0.1622 0.1319 0.0439 
0.0336 0.0735 0.1418 0.7511 
0.5592 0.0000 0.0468 0.3940 
0.0851 0.6977 0.0000 0.2173 
0.7587 0.0415 0.1678 0.0320 
0.3383 0.1388 0.4613 0.0617 
0.0155 0.4138 0.0376 0.5331 
0.3594 0.5994 0.0379 0.0033 
0.5302 0.1348 0.0488 0.2862 
0.3066 0.1860 0.2278 0.2796 
0.3073 0.1995 0.2489 0.2443 

MOTIF filter18 
letter-probability matrix: alength= 4 w= 13 nsites= 13 
0.2564 0.2645 0.2180 0.2611 
0.2872 0.2336 0.2355 0.2436 
0.1773 0.2664 0.1569 0.3995 
0.0351 0.0128 0.0209 0.9313 
0.0171 0.0213 0.0403 0.9213 
0.1265 0.8213 0.0171 0.0351 
0.0365 0.6754 0.0171 0.2711 
0.2450 0.2209 0.2730 0.2611 
0.2502 0.0171 0.6981 0.0346 
0.0204 0.0204 0.8265 0.1327 
0.8886 0.0512 0.0322 0.0280 
0.9493 0.0265 0.0043 0.0199 
0.4303 0.1626 0.2384 0.1687 

MOTIF filter19 
letter-probability matrix: alength= 4 w= 11 nsites= 11 
0.1593 0.3848 0.3523 0.1037 
0.2997 0.0456 0.4870 0.1677 
0.2530 0.3939 0.2226 0.1304 
0.0232 0.9759 0.0009 0.0000 
0.3010 0.2263 0.4274 0.0452 
0.0295 0.1326 0.1994 0.6385 
0.0192 0.4874 0.2914 0.2019 
0.0041 0.3228 0.1420 0.5312 
0.2135 0.2823 0.1047 0.3996 
0.2802 0.1799 0.3596 0.1804 
0.3902 0.1304 0.1872 0.2923 

MOTIF filter20 
letter-probability matrix: alength= 4 w= 14 nsites= 14 
0.2369 0.2416 0.2303 0.2912 
0.4298 0.1667 0.1891 0.2144 
0.3212 0.0684 0.3961 0.2144 
0.1582 0.0000 0.0009 0.8408 
0.0009 0.0000 0.6358 0.3633 
0.6807 0.0009 0.2528 0.0655 
0.0000 0.4448 0.5552 0.0000 
0.0000 0.1283 0.0094 0.8624 
0.0028 0.9803 0.0000 0.0169 
1.0000 0.0000 0.0000 0.0000 
0.0037 0.3464 0.1648 0.4850 
0.4092 0.3015 0.1273 0.1620 
0.2612 0.2172 0.3006 0.2210 
0.2949 0.2537 0.2331 0.2182 

MOTIF filter21 
letter-probability matrix: alength= 4 w= 14 nsites= 14 
0.3588 0.3078 0.1599 0.1735 
0.0601 0.6876 0.1576 0.0947 
0.0000 0.9983 0.0011 0.0006 
0.9427 0.0011 0.0000 0.0561 
0.0074 0.4371 0.0000 0.5556 
0.6910 0.0000 0.3090 0.0000 
0.0000 0.0000 0.0000 1.0000 
0.7925 0.0000 0.2075 0.0000 
0.1650 0.1463 0.1349 0.5539 
0.0913 0.1468 0.5935 0.1684 
0.1202 0.0811 0.6939 0.1049 
0.1740 0.1542 0.3560 0.3158 
0.1961 0.4722 0.1916 0.1400 
0.4960 0.1162 0.1616 0.2262 

MOTIF filter22 
letter-probability matrix: alength= 4 w= 11 nsites= 11 
0.2038 0.2284 0.5275 0.0403 
0.2635 0.3075 0.3553 0.0737 
0.0030 0.4461 0.2438 0.3070 
0.0010 0.6223 0.3449 0.0318 
0.7679 0.0035 0.2242 0.0045 
0.3195 0.1901 0.1642 0.3262 
0.0020 0.0047 0.1540 0.8393 
0.0187 0.1739 0.8074 0.0000 
0.4397 0.1192 0.3939 0.0473 
0.1087 0.4553 0.1443 0.2916 
0.1408 0.2160 0.2590 0.3842 

MOTIF filter23 
letter-probability matrix: alength= 4 w= 13 nsites= 13 
0.2431 0.2330 0.2306 0.2933 
0.2198 0.1957 0.3628 0.2218 
0.3507 0.2535 0.3331 0.0627 
0.0414 0.0478 0.0297 0.8811 
0.0486 0.0329 0.8405 0.0779 
0.9012 0.0253 0.0225 0.0510 
0.0579 0.4572 0.4628 0.0221 
0.0169 0.0442 0.0000 0.9389 
0.1093 0.8658 0.0000 0.0249 
0.9763 0.0004 0.0000 0.0233 
0.0297 0.2696 0.3600 0.3407 
0.2145 0.3744 0.2218 0.1892 
0.3013 0.1812 0.2382 0.2792 

MOTIF filter24 
letter-probability matrix: alength= 4 w= 14 nsites= 14 
0.2296 0.2691 0.2272 0.2741 
0.4840 0.0296 0.1432 0.3432 
0.5951 0.0173 0.0667 0.3210 
0.4469 0.0000 0.0272 0.5259 
0.2790 0.1679 0.1654 0.3877 
0.0049 0.0000 0.0000 0.9951 
0.0000 0.0000 1.0000 0.0000 
0.0444 0.9556 0.0000 0.0000 
0.0025 0.0000 0.0000 0.9975 
0.0000 0.0000 0.9877 0.0123 
0.9975 0.0000 0.0025 0.0000 
0.0667 0.4840 0.2988 0.1506 
0.2222 0.1778 0.0864 0.5136 
0.2099 0.3136 0.1235 0.3531 

MOTIF filter25 
letter-probability matrix: alength= 4 w= 13 nsites= 13 
0.1083 0.2555 0.2344 0.4018 
0.0032 0.2005 0.3872 0.4091 
0.3654 0.1649 0.0477 0.4220 
0.0000 0.3209 0.0154 0.6637 
0.0000 0.3500 0.0097 0.6403 
0.0057 0.0073 0.9701 0.0170 
0.1213 0.0008 0.8779 0.0000 
0.0008 0.2207 0.0121 0.7664 
0.0008 0.2975 0.1366 0.5651 
0.2732 0.2652 0.4212 0.0404 
0.2643 0.0970 0.6103 0.0283 
0.2377 0.2013 0.1568 0.4042 
0.1762 0.1520 0.2385 0.4333 

MOTIF filter26 
letter-probability matrix: alength= 4 w= 14 nsites= 14 
0.1809 0.2591 0.3336 0.2264 
0.3500 0.2691 0.2891 0.0918 
0.3636 0.1182 0.2955 0.2227 
0.0036 0.8400 0.1118 0.0445 
0.0000 0.6464 0.0000 0.3536 
0.5373 0.1245 0.3045 0.0336 
1.0000 0.0000 0.0000 0.0000 
0.0000 0.0000 0.0000 1.0000 
0.0991 0.2827 0.0991 0.5191 
0.2936 0.0000 0.7064 0.0000 
0.0036 0.0182 0.9782 0.0000 
0.1909 0.3391 0.0782 0.3918 
0.1673 0.3136 0.2191 0.3000 
0.2218 0.3273 0.2673 0.1836 

MOTIF filter27 
letter-probability matrix: alength= 4 w= 15 nsites= 15 
0.2483 0.2609 0.2638 0.2270 
0.2016 0.1472 0.2873 0.3638 
0.1444 0.5982 0.0380 0.2194 
0.0607 0.1848 0.0543 0.7003 
0.8119 0.0703 0.0468 0.0709 
0.3429 0.0208 0.0474 0.5889 
0.4942 0.0651 0.0310 0.4097 
0.4189 0.0265 0.0584 0.4962 
0.6361 0.0253 0.0255 0.3131 
0.0601 0.0315 0.1326 0.7759 
0.7004 0.0486 0.2015 0.0496 
0.2008 0.0530 0.6197 0.1266 
0.3321 0.3103 0.1783 0.1794 
0.2317 0.2627 0.2657 0.2399 
0.2787 0.2359 0.2513 0.2341 

MOTIF filter28 
letter-probability matrix: alength= 4 w= 18 nsites= 18 
0.0390 0.0940 0.6468 0.2202 
0.4094 0.3945 0.0711 0.1250 
0.0000 1.0000 0.0000 0.0000 
0.0000 0.9943 0.0011 0.0046 
0.8245 0.0011 0.0057 0.1686 
0.0172 0.0000 0.0000 0.9828 
0.9977 0.0000 0.0023 0.0000 
0.0000 0.0000 0.0046 0.9954 
0.9771 0.0034 0.0000 0.0195 
0.1468 0.0034 0.0034 0.8463 
0.0023 0.0115 0.9862 0.0000 
0.0000 0.0011 0.9977 0.0011 
0.1135 0.0711 0.3876 0.4278 
0.2179 0.6468 0.0917 0.0436 
0.7167 0.0321 0.0665 0.1846 
0.2362 0.2764 0.2385 0.2489 
0.2328 0.2580 0.2626 0.2466 
0.2385 0.2317 0.2787 0.2511 

MOTIF filter29 
letter-probability matrix: alength= 4 w= 15 nsites= 15 
0.3136 0.2456 0.2083 0.2325 
0.4583 0.0899 0.1798 0.2719 
0.2522 0.2917 0.3969 0.0592 
0.0000 0.0110 0.0154 0.9737 
0.0614 0.9386 0.0000 0.0000 
0.9803 0.0044 0.0154 0.0000 
0.0000 0.0000 0.9518 0.0482 
0.0000 1.0000 0.0000 0.0000 
0.9934 0.0000 0.0000 0.0066 
0.4057 0.1886 0.1469 0.2588 
0.4320 0.0439 0.0000 0.5241 
0.3904 0.0570 0.0066 0.5461 
0.3289 0.1184 0.0417 0.5110 
0.3026 0.2193 0.2412 0.2368 
0.2478 0.2654 0.2303 0.2566 

MOTIF filter30 
letter-probability matrix: alength= 4 w= 9 nsites= 9 
0.2138 0.1010 0.2365 0.4487 
0.3058 0.0397 0.3238 0.3306 
0.3254 0.3073 0.2652 0.1021 
0.0189 0.2073 0.7736 0.0001 
0.1079 0.2339 0.0280 0.6302 
0.9297 0.0009 0.0146 0.0549 
0.0570 0.3397 0.4188 0.1845 
0.3941 0.2411 0.1653 0.1994 
0.2534 0.4265 0.0910 0.2291 

MOTIF filter31 
letter-probability matrix: alength= 4 w= 11 nsites= 11 
0.1496 0.3511 0.2450 0.2543 
0.3796 0.1303 0.3063 0.1837 
0.2034 0.3934 0.1123 0.2908 
0.1168 0.2782 0.6049 0.0000 
0.0096 0.0186 0.0000 0.9718 
0.2874 0.6073 0.0644 0.0409 
0.4220 0.0524 0.0531 0.4724 
0.0908 0.0704 0.7076 0.1312 
0.1363 0.0740 0.3798 0.4099 
0.0602 0.2568 0.3773 0.3056 
0.2543 0.2778 0.1641 0.3038 

