MEME version 4

ALPHABET= ACGT

Background letter frequencies:
A 0.2500 C 0.2500 G 0.2500 T 0.2500 

MOTIF filter0 
letter-probability matrix: alength= 4 w= 15 nsites= 15 
0.2863 0.2525 0.2073 0.2539 
0.1951 0.0972 0.3221 0.3856 
0.2316 0.5294 0.0378 0.2012 
0.0844 0.0682 0.1357 0.7117 
0.6563 0.0014 0.3120 0.0304 
0.1789 0.0007 0.5908 0.2296 
0.1074 0.0000 0.8177 0.0749 
0.1472 0.0007 0.7664 0.0858 
0.3653 0.3417 0.1215 0.1715 
0.1006 0.2937 0.0709 0.5348 
0.5165 0.0128 0.4706 0.0000 
0.1161 0.0000 0.8778 0.0061 
0.2309 0.1789 0.5246 0.0655 
0.2411 0.3430 0.3072 0.1087 
0.1965 0.3964 0.2343 0.1729 

MOTIF filter1 
letter-probability matrix: alength= 4 w= 15 nsites= 15 
0.2587 0.2085 0.2351 0.2977 
0.2830 0.2004 0.2550 0.2616 
0.1164 0.2034 0.2071 0.4731 
0.0000 0.0855 0.0044 0.9101 
0.0000 0.0000 0.1960 0.8040 
0.0995 0.8939 0.0007 0.0059 
0.0044 0.7362 0.0000 0.2594 
0.2270 0.3125 0.2859 0.1746 
0.3117 0.0015 0.6861 0.0007 
0.0000 0.0302 0.8998 0.0700 
0.8674 0.0324 0.0000 0.1002 
0.9786 0.0140 0.0007 0.0066 
0.4628 0.1135 0.2623 0.1614 
0.1783 0.2675 0.2623 0.2918 
0.2277 0.2321 0.2660 0.2741 

MOTIF filter2 
letter-probability matrix: alength= 4 w= 17 nsites= 17 
0.2095 0.2941 0.2649 0.2316 
0.3927 0.1289 0.2034 0.2749 
0.4683 0.0937 0.1782 0.2598 
0.3072 0.0050 0.0151 0.6727 
0.0765 0.0937 0.4411 0.3887 
0.2024 0.2276 0.0665 0.5035 
0.0101 0.5237 0.4642 0.0020 
0.0655 0.9305 0.0040 0.0000 
0.4270 0.0020 0.0000 0.5710 
0.0101 0.0000 0.3283 0.6616 
0.9839 0.0000 0.0030 0.0131 
0.0433 0.1883 0.1219 0.6465 
0.6365 0.0342 0.0282 0.3011 
0.1098 0.2085 0.0211 0.6606 
0.1944 0.0111 0.7069 0.0876 
0.0373 0.0141 0.8600 0.0886 
0.1742 0.1299 0.3706 0.3253 

MOTIF filter3 
letter-probability matrix: alength= 4 w= 9 nsites= 9 
0.0688 0.3383 0.3657 0.2272 
0.2532 0.3048 0.3266 0.1154 
0.2952 0.0275 0.4366 0.2407 
0.0968 0.6706 0.1523 0.0804 
0.0111 0.2348 0.7528 0.0013 
0.0603 0.1151 0.0190 0.8056 
0.6109 0.0890 0.0905 0.2096 
0.0553 0.4870 0.1649 0.2927 
0.1561 0.3728 0.2652 0.2059 

MOTIF filter4 
letter-probability matrix: alength= 4 w= 11 nsites= 11 
0.2416 0.2611 0.3269 0.1704 
0.4988 0.2600 0.1563 0.0849 
0.4442 0.0632 0.2371 0.2554 
0.1526 0.1680 0.0177 0.6618 
0.0000 0.5437 0.4563 0.0000 
0.5272 0.0001 0.2350 0.2377 
0.1072 0.1916 0.0613 0.6399 
0.0843 0.0047 0.1062 0.8048 
0.2012 0.5095 0.2828 0.0066 
0.3220 0.3298 0.2274 0.1207 
0.1490 0.3343 0.2050 0.3118 

MOTIF filter5 
letter-probability matrix: alength= 4 w= 11 nsites= 11 
0.3519 0.0188 0.2433 0.3860 
0.4738 0.2123 0.3138 0.0001 
0.2858 0.1649 0.3691 0.1802 
0.7900 0.1445 0.0027 0.0627 
0.0662 0.2190 0.0000 0.7148 
0.3952 0.0230 0.3934 0.1884 
0.0117 0.0000 0.9572 0.0311 
0.1286 0.5778 0.0254 0.2681 
0.1558 0.2562 0.1717 0.4163 
0.2618 0.1439 0.2942 0.3002 
0.1977 0.2751 0.2318 0.2954 

MOTIF filter6 
letter-probability matrix: alength= 4 w= 13 nsites= 13 
0.2801 0.3081 0.2596 0.1522 
0.2223 0.2384 0.3934 0.1459 
0.2037 0.1723 0.3132 0.3107 
0.2394 0.1414 0.6192 0.0000 
0.0036 0.2957 0.6600 0.0406 
0.1688 0.6135 0.2171 0.0005 
0.1986 0.6562 0.0076 0.1376 
0.4443 0.2534 0.2499 0.0524 
0.1951 0.0616 0.4070 0.3363 
0.0388 0.0211 0.6604 0.2796 
0.2737 0.2972 0.2394 0.1898 
0.2130 0.4391 0.0903 0.2575 
0.1509 0.2203 0.2648 0.3641 

MOTIF filter7 
letter-probability matrix: alength= 4 w= 8 nsites= 8 
0.3102 0.1448 0.2254 0.3197 
0.1550 0.3145 0.2619 0.2687 
0.1085 0.3931 0.4304 0.0680 
0.0064 0.8374 0.1330 0.0232 
0.0416 0.0272 0.8489 0.0823 
0.3688 0.0025 0.2837 0.3450 
0.3853 0.2399 0.3112 0.0636 
0.2038 0.3844 0.3090 0.1028 

MOTIF filter8 
letter-probability matrix: alength= 4 w= 12 nsites= 12 
0.2344 0.2673 0.2587 0.2396 
0.3884 0.2212 0.2423 0.1481 
0.2554 0.3048 0.2956 0.1442 
0.0046 0.9954 0.0000 0.0000 
0.9961 0.0000 0.0033 0.0007 
0.0000 0.8710 0.0000 0.1290 
0.1619 0.0158 0.8196 0.0026 
0.0026 0.0072 0.0000 0.9901 
0.0000 0.0000 0.9967 0.0033 
0.1685 0.2831 0.2976 0.2508 
0.1758 0.2429 0.1738 0.4075 
0.2495 0.2600 0.2436 0.2469 

MOTIF filter9 
letter-probability matrix: alength= 4 w= 13 nsites= 13 
0.3650 0.1354 0.2733 0.2263 
0.4015 0.1103 0.3101 0.1780 
0.1406 0.2249 0.3619 0.2725 
0.0050 0.1688 0.3175 0.5088 
0.5356 0.0234 0.4410 0.0000 
0.2710 0.3889 0.3393 0.0007 
0.0080 0.0659 0.6231 0.3030 
0.0104 0.5356 0.1272 0.3269 
0.5432 0.0051 0.4475 0.0042 
0.2034 0.1088 0.6384 0.0495 
0.1298 0.2835 0.1657 0.4211 
0.3030 0.2624 0.2371 0.1976 
0.2849 0.2346 0.2030 0.2775 

MOTIF filter10 
letter-probability matrix: alength= 4 w= 15 nsites= 15 
0.3086 0.2207 0.2363 0.2344 
0.4805 0.0918 0.1660 0.2617 
0.2324 0.3027 0.3887 0.0762 
0.0000 0.0039 0.0020 0.9941 
0.0527 0.9434 0.0000 0.0039 
0.9961 0.0000 0.0020 0.0020 
0.0000 0.0000 0.9141 0.0859 
0.0000 1.0000 0.0000 0.0000 
0.9863 0.0059 0.0000 0.0078 
0.4004 0.2051 0.1250 0.2695 
0.4531 0.0527 0.0059 0.4883 
0.3887 0.0762 0.0273 0.5078 
0.3105 0.1309 0.0449 0.5137 
0.2832 0.2383 0.2461 0.2324 
0.2441 0.2402 0.2617 0.2539 

MOTIF filter11 
letter-probability matrix: alength= 4 w= 16 nsites= 16 
0.2518 0.2064 0.3087 0.2331 
0.2906 0.1768 0.2839 0.2488 
0.1071 0.0866 0.3638 0.4425 
0.0720 0.7185 0.1447 0.0648 
0.0054 0.0006 0.2052 0.7887 
0.7803 0.0000 0.2191 0.0006 
0.0769 0.0006 0.6628 0.2597 
0.2676 0.0073 0.3741 0.3511 
0.4407 0.1840 0.0000 0.3753 
0.4431 0.0024 0.3130 0.2415 
0.0018 0.0018 0.2785 0.7179 
0.7113 0.0000 0.2639 0.0248 
0.1404 0.0163 0.8154 0.0278 
0.2748 0.4728 0.1217 0.1308 
0.2173 0.2203 0.3596 0.2028 
0.2294 0.2718 0.2258 0.2730 

MOTIF filter12 
letter-probability matrix: alength= 4 w= 9 nsites= 9 
0.1371 0.1511 0.4609 0.2508 
0.4386 0.2152 0.0657 0.2805 
0.1456 0.4842 0.0412 0.3290 
0.0028 0.4306 0.5547 0.0118 
0.5669 0.1473 0.0696 0.2162 
0.0596 0.7239 0.1010 0.1156 
0.3684 0.0772 0.0677 0.4867 
0.0669 0.5189 0.2913 0.1230 
0.2229 0.2492 0.2450 0.2830 

MOTIF filter13 
letter-probability matrix: alength= 4 w= 14 nsites= 14 
0.4025 0.0955 0.1992 0.3029 
0.4905 0.0600 0.1889 0.2606 
0.3261 0.2360 0.1276 0.3104 
0.7080 0.0791 0.1112 0.1016 
0.4659 0.0068 0.1705 0.3568 
0.1528 0.1044 0.7319 0.0109 
0.5259 0.4714 0.0000 0.0027 
0.0014 0.0000 0.0355 0.9632 
0.0000 0.0198 0.9768 0.0034 
0.6085 0.0007 0.3909 0.0000 
0.0423 0.6589 0.1501 0.1487 
0.0662 0.2688 0.1992 0.4659 
0.1037 0.2483 0.4311 0.2169 
0.3322 0.3465 0.0709 0.2503 

MOTIF filter14 
letter-probability matrix: alength= 4 w= 16 nsites= 16 
0.4174 0.2290 0.1159 0.2377 
0.0551 0.3333 0.0812 0.5304 
0.0406 0.2609 0.4435 0.2551 
0.3826 0.0986 0.5188 0.0000 
0.4957 0.0319 0.4261 0.0464 
0.0029 0.9826 0.0145 0.0000 
0.0058 0.9913 0.0029 0.0000 
0.9942 0.0029 0.0029 0.0000 
0.9797 0.0000 0.0087 0.0116 
0.0580 0.0290 0.0000 0.9130 
0.0232 0.8406 0.1362 0.0000 
0.8464 0.0348 0.1101 0.0087 
0.0928 0.1304 0.7304 0.0464 
0.2696 0.2087 0.3130 0.2087 
0.3507 0.1594 0.2725 0.2174 
0.2116 0.2754 0.2232 0.2899 

MOTIF filter15 
letter-probability matrix: alength= 4 w= 13 nsites= 13 
0.1977 0.3945 0.1360 0.2718 
0.2200 0.1405 0.1896 0.4500 
0.4921 0.0273 0.1274 0.3532 
0.0689 0.3722 0.0006 0.5584 
0.0608 0.8249 0.0563 0.0580 
0.5258 0.1503 0.0000 0.3239 
0.7201 0.0017 0.0296 0.2487 
0.0064 0.0006 0.2816 0.7115 
0.3359 0.1324 0.5311 0.0006 
0.6624 0.0000 0.3376 0.0000 
0.5765 0.1926 0.0909 0.1399 
0.2439 0.2149 0.2487 0.2924 
0.3262 0.2763 0.2077 0.1899 

MOTIF filter16 
letter-probability matrix: alength= 4 w= 10 nsites= 10 
0.3457 0.0694 0.2305 0.3545 
0.2183 0.0542 0.5481 0.1793 
0.4127 0.3765 0.0266 0.1842 
0.2151 0.0000 0.0030 0.7819 
0.4987 0.0001 0.4511 0.0501 
0.1072 0.1851 0.5895 0.1182 
0.0449 0.5795 0.0036 0.3721 
0.3464 0.4019 0.0902 0.1615 
0.3270 0.2229 0.2198 0.2303 
0.3310 0.2006 0.1270 0.3413 

MOTIF filter17 
letter-probability matrix: alength= 4 w= 15 nsites= 15 
0.2609 0.2828 0.2427 0.2136 
0.2621 0.2706 0.2403 0.2269 
0.1080 0.2257 0.4308 0.2354 
0.0036 0.6481 0.1153 0.2330 
0.0170 0.7245 0.0000 0.2585 
0.0012 0.9988 0.0000 0.0000 
0.0036 0.9733 0.0218 0.0012 
0.1468 0.0595 0.4939 0.2998 
0.0182 0.9733 0.0036 0.0049 
0.0024 0.9976 0.0000 0.0000 
0.0012 0.7342 0.0000 0.2646 
0.1299 0.6905 0.0000 0.1796 
0.0898 0.5194 0.1044 0.2864 
0.2488 0.2597 0.2633 0.2282 
0.2646 0.2718 0.2221 0.2415 

MOTIF filter18 
letter-probability matrix: alength= 4 w= 13 nsites= 13 
0.1247 0.3528 0.3178 0.2046 
0.2856 0.1837 0.3178 0.2129 
0.1528 0.4849 0.1199 0.2423 
0.3066 0.0039 0.1330 0.5565 
0.4911 0.0656 0.0023 0.4410 
0.3093 0.6127 0.0113 0.0667 
0.2852 0.5461 0.0053 0.1634 
0.2278 0.1250 0.3003 0.3468 
0.0766 0.0005 0.9222 0.0007 
0.0076 0.0032 0.9445 0.0446 
0.5784 0.1965 0.1984 0.0267 
0.4886 0.1455 0.3264 0.0396 
0.2762 0.1933 0.2801 0.2504 

MOTIF filter19 
letter-probability matrix: alength= 4 w= 16 nsites= 16 
0.2249 0.3076 0.2209 0.2466 
0.2425 0.2900 0.2642 0.2033 
0.1883 0.3347 0.4485 0.0285 
0.6531 0.0000 0.3401 0.0068 
0.6043 0.0041 0.3916 0.0000 
0.2995 0.0312 0.6626 0.0068 
0.6531 0.0000 0.3469 0.0000 
0.0420 0.1531 0.0014 0.8035 
0.0000 0.0000 1.0000 0.0000 
0.0000 0.0000 1.0000 0.0000 
0.1545 0.5623 0.2019 0.0813 
0.1355 0.1436 0.6328 0.0881 
0.1409 0.2276 0.5664 0.0650 
0.1775 0.6260 0.0461 0.1504 
0.2331 0.3062 0.2019 0.2588 
0.2195 0.2547 0.2954 0.2304 

MOTIF filter20 
letter-probability matrix: alength= 4 w= 8 nsites= 8 
0.2239 0.2154 0.2419 0.3188 
0.1832 0.2871 0.2335 0.2963 
0.2665 0.2698 0.2283 0.2355 
0.0011 0.0616 0.9372 0.0001 
0.0627 0.8618 0.0159 0.0597 
0.3581 0.3028 0.0037 0.3354 
0.4701 0.2445 0.0317 0.2537 
0.3122 0.2019 0.0618 0.4241 

MOTIF filter21 
letter-probability matrix: alength= 4 w= 15 nsites= 15 
0.2767 0.2500 0.2197 0.2536 
0.2549 0.2536 0.2415 0.2500 
0.1371 0.1663 0.1735 0.5231 
0.0000 0.0000 0.0000 1.0000 
0.0000 0.0000 0.0000 1.0000 
0.0583 0.9417 0.0000 0.0000 
0.0073 0.7670 0.0000 0.2257 
0.2646 0.2318 0.2379 0.2658 
0.1760 0.0000 0.8155 0.0085 
0.0000 0.0000 0.9454 0.0546 
1.0000 0.0000 0.0000 0.0000 
1.0000 0.0000 0.0000 0.0000 
0.5303 0.1250 0.1942 0.1505 
0.2427 0.2828 0.2379 0.2367 
0.2658 0.2391 0.2476 0.2476 

MOTIF filter22 
letter-probability matrix: alength= 4 w= 10 nsites= 10 
0.2181 0.1328 0.2815 0.3677 
0.2898 0.2006 0.2661 0.2434 
0.3318 0.1025 0.3080 0.2578 
0.0013 0.0026 0.9658 0.0303 
0.4725 0.3413 0.0051 0.1811 
0.7162 0.2288 0.0255 0.0295 
0.4779 0.0527 0.0062 0.4632 
0.2009 0.1324 0.1412 0.5255 
0.4057 0.1784 0.1311 0.2847 
0.2535 0.1961 0.3685 0.1818 

MOTIF filter23 
letter-probability matrix: alength= 4 w= 15 nsites= 15 
0.2683 0.2343 0.2733 0.2242 
0.2594 0.2531 0.2632 0.2242 
0.2469 0.2116 0.2935 0.2481 
0.0038 0.8262 0.0945 0.0756 
0.0000 0.3186 0.0214 0.6599 
0.1134 0.1662 0.6045 0.1159 
0.9975 0.0025 0.0000 0.0000 
0.0000 0.0013 0.0000 0.9987 
0.0290 0.1083 0.0416 0.8212 
0.2443 0.0063 0.7431 0.0063 
0.0000 0.0050 0.9950 0.0000 
0.0718 0.3829 0.0315 0.5139 
0.0592 0.4118 0.1700 0.3589 
0.2242 0.3879 0.2771 0.1108 
0.3816 0.1713 0.3312 0.1159 

MOTIF filter24 
letter-probability matrix: alength= 4 w= 17 nsites= 17 
0.2282 0.2512 0.2301 0.2905 
0.2061 0.3030 0.2656 0.2253 
0.2598 0.2780 0.2589 0.2033 
0.1342 0.1237 0.0882 0.6539 
0.0384 0.1764 0.5695 0.2157 
0.5513 0.2876 0.0681 0.0930 
0.2013 0.7843 0.0134 0.0010 
0.0853 0.8130 0.0892 0.0125 
0.8840 0.0000 0.0278 0.0882 
0.0019 0.0000 0.0000 0.9981 
0.7584 0.0010 0.2407 0.0000 
0.0000 0.0010 0.2454 0.7536 
0.8255 0.1582 0.0000 0.0163 
0.1649 0.0393 0.0096 0.7862 
0.0048 0.0115 0.9818 0.0019 
0.0115 0.1659 0.8130 0.0096 
0.1007 0.0709 0.3595 0.4688 

MOTIF filter25 
letter-probability matrix: alength= 4 w= 10 nsites= 10 
0.3464 0.0068 0.3587 0.2881 
0.2795 0.1273 0.2633 0.3299 
0.4848 0.0370 0.1146 0.3636 
0.5426 0.3922 0.0000 0.0653 
0.6809 0.0414 0.2348 0.0428 
0.2472 0.1474 0.0579 0.5475 
0.0618 0.1119 0.7208 0.1055 
0.1354 0.4184 0.1771 0.2692 
0.0322 0.3021 0.2548 0.4109 
0.0458 0.4459 0.3799 0.1284 

MOTIF filter26 
letter-probability matrix: alength= 4 w= 17 nsites= 17 
0.2665 0.2171 0.2650 0.2515 
0.1362 0.1587 0.3084 0.3967 
0.1542 0.5599 0.0793 0.2066 
0.0195 0.0105 0.0000 0.9701 
0.3922 0.0165 0.4910 0.1003 
0.3772 0.2470 0.0299 0.3458 
0.0569 0.7186 0.0000 0.2246 
0.1018 0.7036 0.0015 0.1931 
0.7964 0.0030 0.0015 0.1991 
0.0030 0.0000 0.0000 0.9970 
0.9985 0.0000 0.0015 0.0000 
0.0195 0.0000 0.2665 0.7141 
0.8428 0.1078 0.0195 0.0299 
0.1003 0.0599 0.0689 0.7710 
0.0629 0.0913 0.7710 0.0749 
0.0419 0.0554 0.8383 0.0644 
0.1602 0.1183 0.3802 0.3413 

MOTIF filter27 
letter-probability matrix: alength= 4 w= 14 nsites= 14 
0.1365 0.0550 0.6090 0.1996 
0.1059 0.6314 0.1466 0.1161 
0.2831 0.2994 0.2770 0.1405 
0.0876 0.0061 0.7658 0.1405 
0.0000 1.0000 0.0000 0.0000 
0.0000 1.0000 0.0000 0.0000 
1.0000 0.0000 0.0000 0.0000 
0.0000 0.0000 0.0020 0.9980 
0.0163 0.4644 0.1507 0.3686 
0.0000 0.0428 0.0102 0.9470 
0.0000 0.0224 0.0000 0.9776 
0.1059 0.1120 0.5988 0.1833 
0.2912 0.2281 0.2322 0.2485 
0.2322 0.2729 0.2505 0.2444 

MOTIF filter28 
letter-probability matrix: alength= 4 w= 12 nsites= 12 
0.1821 0.2514 0.3562 0.2103 
0.2630 0.2354 0.2549 0.2467 
0.1417 0.3006 0.4320 0.1258 
0.8629 0.0602 0.0086 0.0683 
0.0007 0.6064 0.0150 0.3779 
0.0000 0.8246 0.0001 0.1752 
0.4264 0.0026 0.4988 0.0722 
0.5855 0.0000 0.1880 0.2265 
0.4774 0.0600 0.0432 0.4194 
0.0632 0.3287 0.1797 0.4283 
0.5133 0.1986 0.1155 0.1726 
0.2049 0.2035 0.1543 0.4372 

MOTIF filter29 
letter-probability matrix: alength= 4 w= 13 nsites= 13 
0.3118 0.2247 0.2801 0.1834 
0.1521 0.1100 0.4719 0.2660 
0.1864 0.3976 0.3494 0.0665 
0.0016 0.8702 0.1255 0.0027 
0.0000 0.4192 0.1956 0.3853 
0.7038 0.0896 0.0206 0.1861 
0.0178 0.0012 0.2333 0.7477 
0.3843 0.1726 0.4431 0.0000 
0.3947 0.1152 0.2374 0.2527 
0.6439 0.1180 0.2381 0.0000 
0.2820 0.2655 0.1875 0.2650 
0.2358 0.2455 0.3318 0.1869 
0.2322 0.1829 0.3695 0.2155 

MOTIF filter30 
letter-probability matrix: alength= 4 w= 11 nsites= 11 
0.1615 0.1760 0.2171 0.4454 
0.2467 0.0515 0.3067 0.3951 
0.1993 0.0383 0.4602 0.3022 
0.0947 0.1131 0.6874 0.1047 
0.3036 0.2379 0.1030 0.3555 
0.0190 0.0119 0.0000 0.9691 
0.0830 0.1083 0.1435 0.6653 
0.6359 0.3439 0.0000 0.0202 
0.3863 0.2341 0.3796 0.0000 
0.2772 0.2697 0.1651 0.2880 
0.2439 0.2734 0.2515 0.2311 

MOTIF filter31 
letter-probability matrix: alength= 4 w= 13 nsites= 13 
0.2470 0.2452 0.2489 0.2589 
0.2327 0.1840 0.3681 0.2152 
0.4217 0.2133 0.3356 0.0293 
0.0237 0.0206 0.0081 0.9476 
0.0075 0.0075 0.9201 0.0649 
0.9270 0.0112 0.0418 0.0200 
0.0281 0.4666 0.4722 0.0331 
0.0006 0.0087 0.0056 0.9850 
0.0580 0.9382 0.0019 0.0019 
1.0000 0.0000 0.0000 0.0000 
0.0262 0.3331 0.2595 0.3812 
0.2065 0.3643 0.2046 0.2246 
0.2601 0.2196 0.2707 0.2495 

