MEME version 4

ALPHABET= ACGT

Background letter frequencies:
A 0.2500 C 0.2500 G 0.2500 T 0.2500 

MOTIF filter0 
letter-probability matrix: alength= 4 w= 16 nsites= 16 
0.2470 0.2378 0.2710 0.2442 
0.2525 0.2083 0.3327 0.2065 
0.2479 0.0968 0.4341 0.2212 
0.0018 0.4157 0.0000 0.5825 
0.0000 0.0000 0.4562 0.5438 
1.0000 0.0000 0.0000 0.0000 
0.0618 0.2581 0.3290 0.3512 
0.0184 0.0000 0.0000 0.9816 
0.1069 0.6452 0.0000 0.2479 
0.8212 0.0009 0.0000 0.1779 
0.0046 0.1429 0.1641 0.6885 
0.7023 0.1484 0.1161 0.0332 
0.1355 0.0544 0.7115 0.0986 
0.2719 0.4083 0.1336 0.1862 
0.2065 0.2839 0.2783 0.2313 
0.2903 0.2599 0.2037 0.2461 

MOTIF filter1 
letter-probability matrix: alength= 4 w= 15 nsites= 15 
0.2531 0.2453 0.2456 0.2559 
0.4158 0.1818 0.2687 0.1337 
0.2601 0.2656 0.2942 0.1801 
0.1671 0.0992 0.7092 0.0246 
0.0216 0.1997 0.4008 0.3779 
0.3399 0.0067 0.4434 0.2100 
0.1559 0.1560 0.2558 0.4323 
0.3520 0.3130 0.1766 0.1584 
0.2853 0.5237 0.1892 0.0018 
0.1939 0.2481 0.0162 0.5418 
0.4502 0.5132 0.0301 0.0065 
0.0167 0.5824 0.1234 0.2776 
0.0013 0.4516 0.3382 0.2089 
0.1547 0.3575 0.0261 0.4617 
0.1472 0.4513 0.1920 0.2094 

MOTIF filter2 
letter-probability matrix: alength= 4 w= 12 nsites= 12 
0.2699 0.2748 0.2969 0.1584 
0.1351 0.3934 0.1486 0.3229 
0.2856 0.0096 0.2533 0.4516 
0.3425 0.0663 0.0174 0.5738 
0.1362 0.8638 0.0000 0.0000 
0.0003 0.4536 0.2797 0.2664 
0.4684 0.0315 0.3374 0.1627 
0.0193 0.0888 0.3596 0.5322 
0.5305 0.2019 0.2675 0.0000 
0.1938 0.0276 0.5563 0.2224 
0.3842 0.1167 0.2508 0.2482 
0.1507 0.2405 0.2219 0.3870 

MOTIF filter3 
letter-probability matrix: alength= 4 w= 14 nsites= 14 
0.2475 0.2598 0.2531 0.2397 
0.2798 0.1126 0.5184 0.0892 
0.1951 0.0022 0.6377 0.1650 
0.2609 0.0167 0.7157 0.0067 
0.0022 0.0022 0.9900 0.0056 
0.0022 0.0468 0.9287 0.0223 
0.2999 0.4883 0.0268 0.1851 
0.0045 0.0167 0.9666 0.0123 
0.0089 0.0011 0.9900 0.0000 
0.2586 0.0022 0.7135 0.0256 
0.2564 0.1081 0.6343 0.0011 
0.1996 0.4415 0.2453 0.1137 
0.2441 0.2375 0.2887 0.2297 
0.2408 0.2687 0.2319 0.2586 

MOTIF filter4 
letter-probability matrix: alength= 4 w= 9 nsites= 9 
0.3490 0.1046 0.1742 0.3722 
0.2439 0.4008 0.1695 0.1857 
0.3173 0.2774 0.0793 0.3260 
0.0546 0.0000 0.8661 0.0793 
0.0009 0.9940 0.0043 0.0008 
0.2409 0.0000 0.1819 0.5772 
0.4715 0.0447 0.3615 0.1223 
0.2411 0.2707 0.1274 0.3608 
0.2548 0.2517 0.1349 0.3586 

MOTIF filter5 
letter-probability matrix: alength= 4 w= 13 nsites= 13 
0.2695 0.2480 0.2766 0.2059 
0.3294 0.1539 0.3339 0.1828 
0.0512 0.7726 0.1100 0.0662 
0.0373 0.5931 0.0494 0.3202 
0.4686 0.1666 0.2743 0.0905 
0.8824 0.0441 0.0505 0.0231 
0.0548 0.0710 0.0000 0.8742 
0.1285 0.2860 0.0398 0.5456 
0.2581 0.0046 0.6841 0.0532 
0.0188 0.0396 0.9262 0.0155 
0.2036 0.2936 0.1592 0.3436 
0.1481 0.3081 0.2485 0.2954 
0.2236 0.3522 0.2452 0.1790 

MOTIF filter6 
letter-probability matrix: alength= 4 w= 11 nsites= 11 
0.2476 0.2565 0.2192 0.2766 
0.3360 0.1770 0.2914 0.1956 
0.1621 0.1935 0.1881 0.4563 
0.0551 0.7396 0.0000 0.2053 
0.4389 0.0004 0.1624 0.3983 
0.7497 0.0129 0.1723 0.0651 
0.1022 0.0301 0.3541 0.5136 
0.0887 0.9006 0.0007 0.0100 
0.1402 0.2456 0.5490 0.0652 
0.2558 0.4357 0.0425 0.2660 
0.2228 0.2223 0.2704 0.2845 

MOTIF filter7 
letter-probability matrix: alength= 4 w= 16 nsites= 16 
0.2783 0.3934 0.1421 0.1861 
0.4670 0.0567 0.1362 0.3401 
0.5203 0.0389 0.1768 0.2640 
0.4585 0.0431 0.0525 0.4459 
0.1582 0.2174 0.4501 0.1743 
0.0042 0.0000 0.0000 0.9958 
0.0702 0.4755 0.4543 0.0000 
0.5093 0.4907 0.0000 0.0000 
0.0000 0.0330 0.3037 0.6633 
0.0000 0.3993 0.5584 0.0423 
0.9797 0.0000 0.0110 0.0093 
0.1286 0.4323 0.1387 0.3003 
0.3723 0.0694 0.0415 0.5169 
0.2640 0.2394 0.0711 0.4255 
0.3866 0.1345 0.1481 0.3308 
0.1717 0.1430 0.4391 0.2462 

MOTIF filter8 
letter-probability matrix: alength= 4 w= 14 nsites= 14 
0.2964 0.2934 0.2306 0.1796 
0.2071 0.2782 0.2920 0.2228 
0.2944 0.1614 0.3562 0.1879 
0.0000 0.0972 0.2095 0.6933 
0.0957 0.2311 0.5658 0.1075 
0.4539 0.5461 0.0000 0.0000 
0.0000 0.7031 0.2964 0.0005 
0.1349 0.0000 0.1781 0.6869 
0.0005 0.8808 0.0000 0.1187 
0.8140 0.1850 0.0010 0.0000 
0.0000 0.4814 0.0299 0.4887 
0.3670 0.3268 0.0834 0.2228 
0.1398 0.3086 0.1026 0.4490 
0.1590 0.1909 0.4956 0.1546 

MOTIF filter9 
letter-probability matrix: alength= 4 w= 11 nsites= 11 
0.3378 0.2131 0.2108 0.2384 
0.1352 0.1815 0.1594 0.5239 
0.4423 0.3321 0.2256 0.0000 
0.1448 0.3469 0.0000 0.5083 
0.5664 0.4328 0.0000 0.0008 
0.0071 0.5059 0.1710 0.3159 
0.2661 0.0026 0.3789 0.3525 
0.0000 0.0177 0.3720 0.6103 
0.3927 0.0000 0.3739 0.2334 
0.1776 0.3171 0.2051 0.3002 
0.2833 0.2471 0.1782 0.2914 

MOTIF filter10 
letter-probability matrix: alength= 4 w= 11 nsites= 11 
0.4687 0.1364 0.2615 0.1334 
0.2329 0.2266 0.1154 0.4252 
0.1101 0.3190 0.4985 0.0724 
0.6640 0.0616 0.1936 0.0808 
0.2585 0.2398 0.2725 0.2292 
0.0872 0.0137 0.0000 0.8991 
0.0016 0.3704 0.6280 0.0000 
0.9055 0.0010 0.0481 0.0453 
0.1029 0.1988 0.3513 0.3470 
0.0982 0.2082 0.1576 0.5360 
0.2384 0.3441 0.2561 0.1614 

MOTIF filter11 
letter-probability matrix: alength= 4 w= 14 nsites= 14 
0.2409 0.2724 0.2653 0.2214 
0.1783 0.4634 0.1840 0.1743 
0.1702 0.4936 0.0922 0.2440 
0.0380 0.4091 0.0346 0.5183 
0.0192 0.9505 0.0290 0.0013 
0.1576 0.5824 0.2406 0.0194 
0.0428 0.0154 0.7034 0.2384 
0.1310 0.4511 0.3145 0.1034 
0.6194 0.2094 0.1476 0.0236 
0.0723 0.4263 0.3222 0.1792 
0.0802 0.6901 0.0300 0.1997 
0.2483 0.2980 0.2326 0.2211 
0.2461 0.2797 0.0689 0.4053 
0.3387 0.2934 0.1135 0.2544 

MOTIF filter12 
letter-probability matrix: alength= 4 w= 12 nsites= 12 
0.2510 0.2754 0.2560 0.2175 
0.4089 0.2017 0.2510 0.1384 
0.2343 0.3275 0.3017 0.1366 
0.0109 0.9747 0.0113 0.0032 
0.9005 0.0018 0.0764 0.0213 
0.0131 0.8562 0.0163 0.1144 
0.1158 0.0077 0.8354 0.0412 
0.0235 0.0529 0.0018 0.9218 
0.0005 0.0122 0.9706 0.0167 
0.1542 0.3044 0.3193 0.2221 
0.1615 0.2533 0.1796 0.4057 
0.2284 0.2583 0.2528 0.2605 

MOTIF filter13 
letter-probability matrix: alength= 4 w= 17 nsites= 17 
0.2618 0.2632 0.2382 0.2368 
0.2590 0.2715 0.2327 0.2368 
0.0983 0.0291 0.3698 0.5028 
0.0305 0.9501 0.0000 0.0194 
0.0000 0.0000 0.0000 1.0000 
1.0000 0.0000 0.0000 0.0000 
0.3061 0.0000 0.0222 0.6717 
0.4695 0.0055 0.0180 0.5069 
0.6163 0.0000 0.0125 0.3712 
0.6801 0.0208 0.0000 0.2992 
0.0000 0.0000 0.0000 1.0000 
1.0000 0.0000 0.0000 0.0000 
0.0900 0.0000 0.9044 0.0055 
0.4806 0.4127 0.0554 0.0512 
0.2521 0.2479 0.2645 0.2355 
0.2507 0.2659 0.2479 0.2355 
0.2424 0.2548 0.2729 0.2299 

MOTIF filter14 
letter-probability matrix: alength= 4 w= 16 nsites= 16 
0.2427 0.2427 0.2519 0.2626 
0.2183 0.4046 0.1374 0.2397 
0.1374 0.1069 0.2824 0.4733 
0.0794 0.7725 0.0855 0.0626 
0.1374 0.0321 0.0321 0.7985 
0.6519 0.1298 0.2168 0.0015 
0.2122 0.0015 0.0000 0.7863 
0.4061 0.4977 0.0000 0.0962 
0.9282 0.0000 0.0092 0.0626 
0.4595 0.0046 0.4229 0.1130 
0.0000 0.4962 0.0000 0.5038 
0.9954 0.0000 0.0000 0.0046 
0.3099 0.0275 0.5786 0.0840 
0.5252 0.2305 0.0305 0.2137 
0.2992 0.1496 0.1221 0.4290 
0.2840 0.2168 0.0763 0.4229 

MOTIF filter15 
letter-probability matrix: alength= 4 w= 14 nsites= 14 
0.3214 0.2262 0.2405 0.2119 
0.3000 0.2667 0.2976 0.1357 
0.2452 0.2000 0.2714 0.2833 
0.0214 0.7381 0.2405 0.0000 
0.0619 0.9381 0.0000 0.0000 
0.0000 0.0000 0.9952 0.0048 
0.0000 0.0000 1.0000 0.0000 
0.9976 0.0024 0.0000 0.0000 
1.0000 0.0000 0.0000 0.0000 
0.0548 0.0310 0.9143 0.0000 
0.0548 0.2952 0.0214 0.6286 
0.2048 0.1024 0.6143 0.0786 
0.2476 0.2571 0.4476 0.0476 
0.2429 0.3357 0.2476 0.1738 

MOTIF filter16 
letter-probability matrix: alength= 4 w= 11 nsites= 11 
0.1512 0.3204 0.3909 0.1375 
0.2892 0.1840 0.1302 0.3967 
0.3303 0.2068 0.4223 0.0406 
0.4264 0.0544 0.0234 0.4958 
0.0000 0.7479 0.2521 0.0000 
0.3412 0.0896 0.0201 0.5490 
0.1582 0.5179 0.1038 0.2202 
0.4059 0.5312 0.0626 0.0003 
0.2669 0.3400 0.1881 0.2050 
0.0780 0.3609 0.2158 0.3452 
0.2671 0.2506 0.2505 0.2318 

MOTIF filter17 
letter-probability matrix: alength= 4 w= 18 nsites= 18 
0.1222 0.1535 0.4859 0.2384 
0.3990 0.3586 0.1030 0.1394 
0.0404 0.9333 0.0071 0.0192 
0.0515 0.8293 0.0263 0.0929 
0.6859 0.0475 0.1081 0.1586 
0.1515 0.0444 0.0899 0.7141 
0.7202 0.1162 0.1586 0.0051 
0.0000 0.0232 0.0020 0.9747 
0.6970 0.3000 0.0000 0.0030 
0.4242 0.0202 0.0010 0.5545 
0.0030 0.0040 0.9838 0.0091 
0.0000 0.3444 0.6556 0.0000 
0.4283 0.0222 0.2354 0.3141 
0.3384 0.4970 0.0636 0.1010 
0.6556 0.0121 0.0273 0.3051 
0.3343 0.2030 0.0889 0.3737 
0.2970 0.2111 0.1354 0.3566 
0.2444 0.2394 0.2808 0.2354 

MOTIF filter18 
letter-probability matrix: alength= 4 w= 19 nsites= 19 
0.2632 0.2693 0.2421 0.2254 
0.2148 0.1952 0.3359 0.2542 
0.4327 0.1679 0.1195 0.2799 
0.5113 0.0303 0.0257 0.4327 
0.4433 0.0514 0.1452 0.3601 
0.3843 0.1331 0.1770 0.3056 
0.0121 0.0635 0.0484 0.8759 
0.0000 0.0015 0.6551 0.3434 
0.0530 0.9455 0.0000 0.0015 
0.2935 0.0000 0.0000 0.7065 
0.0000 0.0000 0.9637 0.0363 
0.6309 0.3691 0.0000 0.0000 
0.4569 0.2905 0.1664 0.0862 
0.3782 0.1074 0.0530 0.4614 
0.2239 0.3298 0.0772 0.3691 
0.5371 0.0424 0.0802 0.3404 
0.1831 0.1165 0.3177 0.3828 
0.3071 0.1982 0.3374 0.1573 
0.2632 0.1982 0.2648 0.2738 

MOTIF filter19 
letter-probability matrix: alength= 4 w= 13 nsites= 13 
0.1130 0.3783 0.2457 0.2630 
0.1065 0.6043 0.1348 0.1543 
0.6304 0.0196 0.3087 0.0413 
0.0000 0.9326 0.0174 0.0500 
0.0022 0.0000 0.0000 0.9978 
0.0022 0.0000 0.0043 0.9935 
0.0000 0.9957 0.0022 0.0022 
0.0087 0.9891 0.0000 0.0022 
0.0000 0.0000 0.9326 0.0674 
0.0022 0.2630 0.6761 0.0587 
0.2848 0.2565 0.1609 0.2978 
0.1978 0.2674 0.2500 0.2848 
0.1522 0.2565 0.2696 0.3217 

MOTIF filter20 
letter-probability matrix: alength= 4 w= 14 nsites= 14 
0.1997 0.2856 0.3578 0.1569 
0.1568 0.3056 0.2320 0.3055 
0.2093 0.1862 0.3892 0.2154 
0.0006 0.5606 0.3548 0.0840 
0.3017 0.4254 0.1699 0.1030 
0.4502 0.1341 0.0494 0.3663 
0.4409 0.2717 0.1228 0.1647 
0.1206 0.2358 0.5202 0.1233 
0.0145 0.3380 0.5130 0.1346 
0.1581 0.7252 0.0107 0.1059 
0.0825 0.7349 0.1407 0.0420 
0.1801 0.3409 0.0254 0.4536 
0.0466 0.5324 0.2534 0.1675 
0.2661 0.4599 0.1252 0.1488 

MOTIF filter21 
letter-probability matrix: alength= 4 w= 12 nsites= 12 
0.2185 0.2700 0.2626 0.2490 
0.2615 0.2190 0.1219 0.3976 
0.2772 0.2406 0.1882 0.2941 
0.0025 0.3495 0.6479 0.0000 
0.0654 0.2976 0.4833 0.1536 
0.1708 0.0001 0.5998 0.2293 
0.2800 0.0157 0.3120 0.3923 
0.3471 0.0033 0.1504 0.4992 
0.0069 0.7607 0.2313 0.0011 
0.2090 0.2269 0.4096 0.1545 
0.1680 0.3189 0.2866 0.2265 
0.2875 0.2836 0.1527 0.2763 

MOTIF filter22 
letter-probability matrix: alength= 4 w= 13 nsites= 13 
0.4355 0.0060 0.2739 0.2846 
0.3353 0.1289 0.2914 0.2445 
0.0928 0.2977 0.3478 0.2618 
0.1764 0.5967 0.0075 0.2194 
0.2939 0.0277 0.5978 0.0806 
0.1104 0.4603 0.3209 0.1085 
0.2933 0.2093 0.4197 0.0777 
0.0650 0.7656 0.0176 0.1518 
0.0245 0.0182 0.8534 0.1039 
0.1745 0.0221 0.6681 0.1352 
0.2992 0.2419 0.1102 0.3487 
0.2780 0.2518 0.2491 0.2212 
0.1954 0.2519 0.3274 0.2253 

MOTIF filter23 
letter-probability matrix: alength= 4 w= 15 nsites= 15 
0.2362 0.2965 0.2711 0.1962 
0.4235 0.2202 0.1741 0.1821 
0.0367 0.2560 0.3892 0.3181 
0.0264 0.5035 0.0664 0.4038 
0.0038 0.4353 0.0000 0.5609 
0.0000 0.8960 0.0640 0.0400 
0.0612 0.9365 0.0024 0.0000 
0.1040 0.0000 0.6645 0.2315 
0.0391 0.6551 0.3059 0.0000 
0.0000 0.4960 0.3007 0.2033 
0.0000 0.5247 0.1600 0.3153 
0.2466 0.5238 0.0000 0.2296 
0.0927 0.4678 0.0800 0.3595 
0.2748 0.2348 0.3007 0.1896 
0.2579 0.2264 0.2221 0.2936 

MOTIF filter24 
letter-probability matrix: alength= 4 w= 10 nsites= 10 
0.1355 0.3032 0.1998 0.3614 
0.3049 0.1842 0.3308 0.1801 
0.5066 0.0472 0.2009 0.2453 
0.0059 0.5520 0.4378 0.0043 
0.3982 0.0118 0.2751 0.3150 
0.2893 0.0027 0.0554 0.6526 
0.0042 0.9652 0.0238 0.0068 
0.1959 0.2369 0.4012 0.1660 
0.2114 0.2943 0.0831 0.4112 
0.2299 0.1041 0.4338 0.2322 

MOTIF filter25 
letter-probability matrix: alength= 4 w= 14 nsites= 14 
0.2459 0.2536 0.2632 0.2373 
0.2838 0.2459 0.2301 0.2402 
0.4573 0.1592 0.3399 0.0436 
0.0134 0.0096 0.0086 0.9684 
0.0029 0.0034 0.1160 0.8778 
0.3221 0.0105 0.5326 0.1347 
0.0556 0.7570 0.0206 0.1668 
0.1764 0.0403 0.7430 0.0403 
0.1515 0.5815 0.0096 0.2574 
0.8778 0.1064 0.0086 0.0072 
0.9722 0.0062 0.0129 0.0086 
0.0532 0.3054 0.1735 0.4679 
0.2512 0.2603 0.2665 0.2220 
0.2570 0.2239 0.2570 0.2622 

MOTIF filter26 
letter-probability matrix: alength= 4 w= 17 nsites= 17 
0.2677 0.2668 0.2336 0.2318 
0.1899 0.1094 0.0630 0.6378 
0.1505 0.1085 0.6002 0.1409 
0.3080 0.3657 0.2178 0.1085 
0.0000 0.9265 0.0184 0.0551 
0.0035 0.9108 0.0000 0.0857 
0.5416 0.3788 0.0245 0.0551 
0.0079 0.5083 0.0000 0.4838 
0.5862 0.0000 0.3036 0.1102 
0.0000 0.3797 0.0201 0.6002 
0.5564 0.4199 0.0087 0.0149 
0.0840 0.3517 0.0035 0.5608 
0.0105 0.2940 0.6710 0.0245 
0.0061 0.2056 0.7428 0.0455 
0.1216 0.1426 0.3780 0.3578 
0.2345 0.5381 0.1050 0.1225 
0.6194 0.0805 0.1234 0.1767 

MOTIF filter27 
letter-probability matrix: alength= 4 w= 13 nsites= 13 
0.2418 0.2549 0.2254 0.2779 
0.2487 0.2157 0.3149 0.2207 
0.3735 0.2702 0.2954 0.0609 
0.0334 0.0242 0.0436 0.8988 
0.0261 0.0417 0.8293 0.1028 
0.9041 0.0295 0.0428 0.0236 
0.0951 0.4133 0.4444 0.0472 
0.0409 0.0206 0.0311 0.9074 
0.1089 0.8007 0.0534 0.0370 
0.9283 0.0258 0.0242 0.0217 
0.0834 0.3196 0.2899 0.3071 
0.1962 0.3291 0.2193 0.2554 
0.2618 0.2257 0.2407 0.2718 

MOTIF filter28 
letter-probability matrix: alength= 4 w= 15 nsites= 15 
0.2645 0.2388 0.2161 0.2806 
0.2937 0.2316 0.2388 0.2358 
0.1821 0.2400 0.1457 0.4322 
0.0149 0.0293 0.0101 0.9457 
0.0131 0.0149 0.0442 0.9278 
0.1218 0.8424 0.0125 0.0233 
0.0316 0.6854 0.0179 0.2651 
0.2549 0.2322 0.2621 0.2507 
0.2412 0.0078 0.7212 0.0299 
0.0233 0.0078 0.8663 0.1027 
0.9301 0.0448 0.0161 0.0090 
0.9833 0.0048 0.0113 0.0006 
0.4430 0.1594 0.2310 0.1666 
0.2316 0.2657 0.2376 0.2651 
0.2621 0.2430 0.2573 0.2376 

MOTIF filter29 
letter-probability matrix: alength= 4 w= 14 nsites= 14 
0.3631 0.0400 0.3653 0.2316 
0.3903 0.0633 0.1855 0.3608 
0.2569 0.1839 0.2278 0.3314 
0.1833 0.0355 0.0413 0.7399 
0.1075 0.3017 0.3583 0.2326 
0.3212 0.0697 0.6059 0.0032 
0.0419 0.6315 0.2316 0.0950 
0.0048 0.0413 0.0170 0.9370 
0.0477 0.2179 0.7047 0.0298 
0.6334 0.0000 0.2438 0.1228 
0.0003 0.1887 0.7131 0.0979 
0.1049 0.2054 0.4453 0.2444 
0.1996 0.3033 0.3599 0.1372 
0.2505 0.1276 0.4312 0.1907 

MOTIF filter30 
letter-probability matrix: alength= 4 w= 10 nsites= 10 
0.2146 0.2520 0.4080 0.1254 
0.3889 0.3094 0.1799 0.1218 
0.3059 0.0135 0.3204 0.3603 
0.0669 0.0299 0.7676 0.1356 
0.1253 0.7832 0.0059 0.0856 
0.3025 0.3335 0.0393 0.3247 
0.0424 0.1601 0.7771 0.0204 
0.3240 0.3655 0.0934 0.2171 
0.3868 0.2642 0.1916 0.1574 
0.2768 0.2117 0.1931 0.3184 

MOTIF filter31 
letter-probability matrix: alength= 4 w= 16 nsites= 16 
0.1672 0.2036 0.1289 0.5003 
0.1063 0.1141 0.5268 0.2529 
0.3094 0.4052 0.1281 0.1573 
0.0000 0.7414 0.0216 0.2370 
0.0026 0.5359 0.4615 0.0000 
0.4568 0.2000 0.0057 0.3375 
0.1680 0.1958 0.0169 0.6193 
0.7044 0.0003 0.2953 0.0000 
0.0000 0.4513 0.1083 0.4404 
0.6885 0.0039 0.2911 0.0164 
0.2049 0.1458 0.1510 0.4982 
0.1120 0.1750 0.5378 0.1753 
0.1281 0.0227 0.8143 0.0349 
0.1685 0.1951 0.3125 0.3240 
0.1945 0.4435 0.2073 0.1547 
0.4313 0.0956 0.1607 0.3125 

