MEME version 4

ALPHABET= ACGT

Background letter frequencies:
A 0.2500 C 0.2500 G 0.2500 T 0.2500 

MOTIF filter0 
letter-probability matrix: alength= 4 w= 9 nsites= 9 
0.3915 0.3617 0.1810 0.0658 
0.0144 0.2466 0.4963 0.2427 
0.5024 0.2007 0.2234 0.0735 
0.0352 0.0000 0.0862 0.8786 
0.5459 0.4463 0.0000 0.0078 
0.0659 0.1590 0.0040 0.7711 
0.2849 0.3415 0.2890 0.0846 
0.0002 0.2258 0.4431 0.3310 
0.0097 0.2760 0.3634 0.3508 

MOTIF filter1 
letter-probability matrix: alength= 4 w= 13 nsites= 13 
0.4206 0.1731 0.3801 0.0263 
0.5038 0.0854 0.3604 0.0504 
0.1599 0.5860 0.1544 0.0997 
0.0011 0.9485 0.0504 0.0000 
0.6342 0.3658 0.0000 0.0000 
0.4666 0.0033 0.5301 0.0000 
0.0000 0.0033 0.3910 0.6057 
0.5674 0.3647 0.0657 0.0022 
0.9452 0.0055 0.0493 0.0000 
0.0865 0.0416 0.8708 0.0011 
0.1687 0.2596 0.1172 0.4545 
0.2464 0.1621 0.4217 0.1698 
0.2180 0.2782 0.3461 0.1577 

MOTIF filter2 
letter-probability matrix: alength= 4 w= 16 nsites= 16 
0.2560 0.2699 0.2358 0.2383 
0.2371 0.2787 0.2446 0.2396 
0.0958 0.0567 0.3594 0.4880 
0.0139 0.9193 0.0000 0.0668 
0.0000 0.0000 0.0000 1.0000 
1.0000 0.0000 0.0000 0.0000 
0.2774 0.0000 0.0013 0.7213 
0.4729 0.0013 0.0000 0.5259 
0.5763 0.0000 0.0000 0.4237 
0.7024 0.0038 0.0000 0.2938 
0.0000 0.0013 0.0000 0.9987 
0.9962 0.0000 0.0038 0.0000 
0.0744 0.0000 0.9231 0.0025 
0.4741 0.3632 0.0454 0.1173 
0.2963 0.2131 0.2535 0.2371 
0.2509 0.2749 0.2358 0.2383 

MOTIF filter3 
letter-probability matrix: alength= 4 w= 10 nsites= 10 
0.2140 0.2959 0.2532 0.2370 
0.2910 0.2890 0.3033 0.1168 
0.2019 0.0153 0.3697 0.4131 
0.1244 0.0088 0.5535 0.3133 
0.0000 0.1519 0.0078 0.8403 
0.8299 0.0989 0.0062 0.0650 
0.0668 0.3609 0.0026 0.5697 
0.1994 0.2761 0.2968 0.2277 
0.3069 0.2155 0.2280 0.2496 
0.2454 0.2937 0.2231 0.2378 

MOTIF filter4 
letter-probability matrix: alength= 4 w= 16 nsites= 16 
0.1853 0.1365 0.0930 0.5852 
0.1040 0.1287 0.5449 0.2224 
0.3622 0.3446 0.1294 0.1638 
0.0702 0.7373 0.0858 0.1066 
0.0098 0.9025 0.0442 0.0436 
0.7035 0.0312 0.0137 0.2516 
0.0800 0.0176 0.0345 0.8680 
0.9954 0.0033 0.0013 0.0000 
0.0000 0.0026 0.0208 0.9766 
0.8388 0.0163 0.0085 0.1365 
0.2224 0.0124 0.0897 0.6756 
0.0078 0.0423 0.9467 0.0033 
0.0319 0.0936 0.8244 0.0501 
0.1053 0.1554 0.3401 0.3992 
0.2289 0.5358 0.1476 0.0878 
0.5878 0.0923 0.1281 0.1918 

MOTIF filter5 
letter-probability matrix: alength= 4 w= 9 nsites= 9 
0.2940 0.3712 0.1587 0.1762 
0.4371 0.0499 0.2657 0.2473 
0.1212 0.4240 0.4345 0.0202 
0.0984 0.0135 0.0082 0.8799 
0.0000 0.4547 0.5442 0.0011 
0.5739 0.0840 0.0228 0.3194 
0.1842 0.2033 0.1882 0.4243 
0.2660 0.3964 0.2711 0.0665 
0.5422 0.1643 0.1930 0.1005 

MOTIF filter6 
letter-probability matrix: alength= 4 w= 11 nsites= 11 
0.1159 0.3701 0.2871 0.2269 
0.4750 0.1446 0.3241 0.0563 
0.4427 0.0539 0.2682 0.2352 
0.0713 0.8865 0.0194 0.0228 
0.0004 0.8437 0.1547 0.0012 
0.1631 0.0172 0.4247 0.3950 
0.3980 0.0983 0.2823 0.2214 
0.0943 0.0003 0.3283 0.5771 
0.3054 0.1937 0.0896 0.4113 
0.1393 0.1540 0.5056 0.2011 
0.1913 0.2880 0.4312 0.0895 

MOTIF filter7 
letter-probability matrix: alength= 4 w= 12 nsites= 12 
0.0931 0.2289 0.4125 0.2655 
0.0316 0.3583 0.3844 0.2257 
0.2701 0.2012 0.3447 0.1840 
0.1321 0.0089 0.7941 0.0649 
0.3078 0.3728 0.0893 0.2301 
0.5794 0.0194 0.1232 0.2781 
0.1865 0.0016 0.0050 0.8069 
0.0453 0.3287 0.5535 0.0726 
0.0472 0.7928 0.1478 0.0122 
0.2106 0.2556 0.2467 0.2871 
0.1594 0.3418 0.3311 0.1677 
0.3346 0.2119 0.2510 0.2025 

MOTIF filter8 
letter-probability matrix: alength= 4 w= 10 nsites= 10 
0.1976 0.4422 0.1815 0.1787 
0.1379 0.4616 0.2654 0.1350 
0.2154 0.1757 0.4552 0.1537 
0.0885 0.3926 0.0012 0.5177 
0.4285 0.4615 0.1095 0.0005 
0.0000 0.1819 0.6266 0.1915 
0.5906 0.0000 0.2286 0.1808 
0.5709 0.1563 0.0559 0.2169 
0.2108 0.3139 0.4530 0.0223 
0.3948 0.1793 0.3503 0.0756 

MOTIF filter9 
letter-probability matrix: alength= 4 w= 15 nsites= 15 
0.0756 0.1598 0.5119 0.2527 
0.2652 0.3449 0.2236 0.1662 
0.1035 0.6011 0.1946 0.1009 
0.0876 0.7975 0.1137 0.0011 
0.2871 0.0004 0.0064 0.7061 
0.0389 0.1949 0.2743 0.4919 
0.9996 0.0000 0.0004 0.0000 
0.0000 0.1908 0.4790 0.3302 
0.4382 0.2535 0.0000 0.3083 
0.2127 0.4103 0.0000 0.3770 
0.3340 0.0397 0.6184 0.0079 
0.0174 0.1511 0.7193 0.1122 
0.1609 0.2278 0.2206 0.3906 
0.2731 0.4148 0.1179 0.1942 
0.4821 0.1549 0.1156 0.2474 

MOTIF filter10 
letter-probability matrix: alength= 4 w= 13 nsites= 13 
0.1494 0.3879 0.2492 0.2135 
0.2465 0.2425 0.2784 0.2325 
0.2102 0.1913 0.4888 0.1097 
0.7282 0.0078 0.1221 0.1419 
0.0000 0.1492 0.0004 0.8504 
0.0000 0.2656 0.2117 0.5227 
0.5491 0.0002 0.4502 0.0004 
0.5495 0.2073 0.2432 0.0000 
0.0386 0.0335 0.0000 0.9280 
0.0734 0.6992 0.1166 0.1108 
0.4376 0.2600 0.1855 0.1168 
0.1512 0.2270 0.4403 0.1816 
0.2614 0.2192 0.2359 0.2835 

MOTIF filter11 
letter-probability matrix: alength= 4 w= 10 nsites= 10 
0.1670 0.2520 0.2863 0.2947 
0.2221 0.1357 0.4140 0.2282 
0.2329 0.1512 0.2444 0.3715 
0.0002 0.3416 0.6577 0.0006 
0.4937 0.0053 0.1439 0.3572 
0.3286 0.0064 0.0111 0.6540 
0.1089 0.8544 0.0254 0.0113 
0.3211 0.1895 0.2147 0.2747 
0.0934 0.2643 0.3040 0.3383 
0.1518 0.2347 0.4906 0.1229 

MOTIF filter12 
letter-probability matrix: alength= 4 w= 13 nsites= 13 
0.3633 0.1652 0.1443 0.3271 
0.3388 0.1538 0.2703 0.2371 
0.3140 0.3391 0.1819 0.1649 
0.1248 0.0616 0.1794 0.6342 
0.0003 0.0499 0.6456 0.3043 
0.0635 0.9365 0.0000 0.0000 
0.2666 0.1488 0.3801 0.2045 
0.0000 0.0000 0.9281 0.0719 
0.2792 0.7197 0.0011 0.0000 
0.6629 0.1571 0.0997 0.0802 
0.1858 0.1856 0.2823 0.3463 
0.2524 0.2658 0.0507 0.4310 
0.3466 0.1025 0.2196 0.3313 

MOTIF filter13 
letter-probability matrix: alength= 4 w= 13 nsites= 13 
0.1895 0.2444 0.2826 0.2834 
0.2412 0.2017 0.3465 0.2107 
0.2839 0.2989 0.3107 0.1065 
0.0000 0.3188 0.0085 0.6726 
0.0012 0.4111 0.5799 0.0077 
1.0000 0.0000 0.0000 0.0000 
0.2725 0.1928 0.1289 0.4059 
0.0000 0.0000 0.0000 1.0000 
0.0000 0.4469 0.5531 0.0000 
0.4575 0.0008 0.5417 0.0000 
0.0728 0.4148 0.0577 0.4547 
0.1175 0.3693 0.2249 0.2883 
0.2440 0.3095 0.2895 0.1570 

MOTIF filter14 
letter-probability matrix: alength= 4 w= 15 nsites= 15 
0.2855 0.2709 0.2489 0.1947 
0.2635 0.2665 0.2372 0.2328 
0.0981 0.2196 0.4392 0.2430 
0.0000 0.6589 0.1010 0.2401 
0.0176 0.7350 0.0000 0.2474 
0.0000 1.0000 0.0000 0.0000 
0.0000 0.9971 0.0029 0.0000 
0.1376 0.0088 0.5403 0.3133 
0.0000 0.9985 0.0015 0.0000 
0.0029 0.9971 0.0000 0.0000 
0.0000 0.7438 0.0000 0.2562 
0.1288 0.7028 0.0000 0.1684 
0.0820 0.5256 0.1010 0.2914 
0.2474 0.2753 0.2372 0.2401 
0.2592 0.2489 0.2445 0.2474 

MOTIF filter15 
letter-probability matrix: alength= 4 w= 12 nsites= 12 
0.2836 0.2575 0.1771 0.2818 
0.1120 0.5856 0.1455 0.1568 
0.0712 0.4841 0.1247 0.3200 
0.7028 0.0006 0.0061 0.2905 
0.0258 0.0000 0.0017 0.9725 
0.3154 0.1302 0.0159 0.5385 
0.5200 0.0240 0.1056 0.3504 
0.9812 0.0006 0.0000 0.0182 
0.1447 0.0003 0.0174 0.8377 
0.3521 0.0833 0.5003 0.0642 
0.1163 0.1493 0.6279 0.1065 
0.2445 0.2269 0.2711 0.2575 

MOTIF filter16 
letter-probability matrix: alength= 4 w= 13 nsites= 13 
0.2426 0.2270 0.2704 0.2600 
0.2530 0.2634 0.2600 0.2236 
0.2756 0.0953 0.5477 0.0815 
0.1473 0.0000 0.7036 0.1490 
0.2114 0.0000 0.7886 0.0000 
0.0000 0.0000 0.9965 0.0035 
0.0000 0.0035 0.9913 0.0052 
0.3154 0.4922 0.0000 0.1924 
0.0000 0.0035 0.9965 0.0000 
0.0000 0.0000 1.0000 0.0000 
0.2166 0.0000 0.7747 0.0087 
0.2374 0.0693 0.6932 0.0000 
0.1993 0.4835 0.1889 0.1282 

MOTIF filter17 
letter-probability matrix: alength= 4 w= 11 nsites= 11 
0.3118 0.2619 0.2193 0.2070 
0.1783 0.2167 0.2634 0.3417 
0.2181 0.0950 0.2384 0.4485 
0.0422 0.6889 0.2636 0.0053 
0.0412 0.6050 0.3538 0.0000 
0.0501 0.0746 0.1172 0.7582 
0.2337 0.3841 0.1950 0.1872 
0.0000 0.4554 0.4607 0.0839 
0.0738 0.4204 0.3975 0.1083 
0.4117 0.2769 0.0128 0.2985 
0.2033 0.2803 0.2324 0.2840 

MOTIF filter18 
letter-probability matrix: alength= 4 w= 11 nsites= 11 
0.2345 0.3673 0.2039 0.1943 
0.2925 0.2288 0.4167 0.0620 
0.1212 0.1575 0.3928 0.3285 
0.0325 0.0233 0.7180 0.2263 
0.8631 0.0000 0.0957 0.0412 
0.0005 0.5315 0.4273 0.0407 
0.3900 0.0114 0.0176 0.5810 
0.0336 0.8308 0.0132 0.1225 
0.4207 0.2318 0.0236 0.3239 
0.0241 0.4209 0.1052 0.4498 
0.4023 0.2011 0.1754 0.2212 

MOTIF filter19 
letter-probability matrix: alength= 4 w= 14 nsites= 14 
0.2449 0.2544 0.2673 0.2334 
0.2608 0.2524 0.2409 0.2459 
0.4624 0.1588 0.3375 0.0413 
0.0100 0.0060 0.0035 0.9806 
0.0075 0.0095 0.1140 0.8691 
0.2987 0.0095 0.5595 0.1324 
0.0428 0.7785 0.0204 0.1583 
0.1588 0.0234 0.7820 0.0358 
0.1389 0.6078 0.0040 0.2494 
0.8566 0.1135 0.0149 0.0149 
0.9502 0.0119 0.0189 0.0189 
0.0398 0.3430 0.1653 0.4520 
0.2414 0.2663 0.2688 0.2235 
0.2379 0.2285 0.2763 0.2573 

MOTIF filter20 
letter-probability matrix: alength= 4 w= 15 nsites= 15 
0.2780 0.1872 0.1789 0.3559 
0.4019 0.1512 0.1570 0.2899 
0.3244 0.1785 0.2506 0.2465 
0.5318 0.0000 0.2211 0.2471 
0.3503 0.1941 0.1808 0.2748 
0.4600 0.0415 0.1284 0.3701 
0.0724 0.2793 0.0176 0.6307 
0.7703 0.0596 0.0000 0.1701 
0.0152 0.0016 0.9772 0.0059 
0.4579 0.3819 0.0006 0.1596 
0.3864 0.1740 0.0488 0.3909 
0.1270 0.1728 0.6789 0.0213 
0.2874 0.3208 0.2068 0.1850 
0.1512 0.3011 0.1853 0.3624 
0.2526 0.2956 0.2065 0.2454 

MOTIF filter21 
letter-probability matrix: alength= 4 w= 15 nsites= 15 
0.2591 0.2532 0.2221 0.2656 
0.2740 0.2357 0.2377 0.2526 
0.1786 0.2169 0.1578 0.4468 
0.0032 0.0266 0.0019 0.9682 
0.0032 0.0006 0.0331 0.9630 
0.1370 0.8104 0.0130 0.0396 
0.0416 0.6753 0.0149 0.2682 
0.2656 0.2286 0.2422 0.2636 
0.2526 0.0032 0.7019 0.0422 
0.0084 0.0091 0.8474 0.1351 
0.9558 0.0338 0.0045 0.0058 
0.9870 0.0058 0.0045 0.0026 
0.4552 0.1481 0.2292 0.1675 
0.2331 0.2701 0.2442 0.2526 
0.2558 0.2442 0.2623 0.2377 

MOTIF filter22 
letter-probability matrix: alength= 4 w= 14 nsites= 14 
0.1533 0.2068 0.3674 0.2725 
0.0243 0.4526 0.2506 0.2725 
0.0973 0.5791 0.1411 0.1825 
0.6642 0.0146 0.2798 0.0414 
0.0000 0.8954 0.0170 0.0876 
0.0000 0.0000 0.0000 1.0000 
0.0000 0.0000 0.0000 1.0000 
0.0000 0.9976 0.0024 0.0000 
0.0000 1.0000 0.0000 0.0000 
0.0000 0.0000 0.9562 0.0438 
0.0000 0.2311 0.7494 0.0195 
0.2701 0.2457 0.1825 0.3017 
0.1582 0.2652 0.2774 0.2993 
0.1946 0.2749 0.2384 0.2920 

MOTIF filter23 
letter-probability matrix: alength= 4 w= 12 nsites= 12 
0.2554 0.2788 0.2326 0.2332 
0.3121 0.2542 0.2051 0.2285 
0.4237 0.2227 0.2092 0.1444 
0.8884 0.0824 0.0263 0.0029 
0.0000 0.0637 0.0000 0.9363 
0.0018 0.5973 0.0000 0.4009 
0.6943 0.0000 0.0000 0.3057 
0.6113 0.0000 0.3887 0.0000 
0.9456 0.0000 0.0380 0.0164 
0.0766 0.1455 0.1748 0.6032 
0.2168 0.2145 0.1882 0.3805 
0.2209 0.2589 0.1502 0.3700 

MOTIF filter24 
letter-probability matrix: alength= 4 w= 15 nsites= 15 
0.2373 0.2562 0.2441 0.2623 
0.2993 0.2283 0.2184 0.2540 
0.1837 0.1988 0.1625 0.4550 
0.0227 0.0469 0.0242 0.9063 
0.0212 0.0272 0.0370 0.9146 
0.1413 0.7339 0.0514 0.0733 
0.0242 0.7906 0.0385 0.1466 
0.1935 0.3228 0.2320 0.2517 
0.1481 0.0000 0.8367 0.0151 
0.0015 0.0076 0.9410 0.0499 
0.9819 0.0098 0.0030 0.0053 
0.9796 0.0076 0.0008 0.0121 
0.4429 0.1119 0.3296 0.1156 
0.1875 0.2766 0.1761 0.3598 
0.2396 0.2086 0.3598 0.1920 

MOTIF filter25 
letter-probability matrix: alength= 4 w= 10 nsites= 10 
0.2160 0.3819 0.2308 0.1713 
0.2889 0.0714 0.3328 0.3069 
0.2831 0.1290 0.2502 0.3376 
0.0405 0.8797 0.0375 0.0423 
0.0102 0.4127 0.5771 0.0000 
0.0837 0.0727 0.7153 0.1283 
0.6849 0.0028 0.0282 0.2840 
0.2896 0.1996 0.2159 0.2950 
0.0697 0.3164 0.4828 0.1311 
0.2189 0.2914 0.2312 0.2585 

MOTIF filter26 
letter-probability matrix: alength= 4 w= 10 nsites= 10 
0.1842 0.0521 0.2425 0.5212 
0.0958 0.3347 0.4723 0.0972 
0.2937 0.5349 0.0838 0.0876 
0.0948 0.1456 0.7581 0.0015 
0.0067 0.0842 0.6290 0.2800 
0.3429 0.1505 0.3170 0.1895 
0.8553 0.0088 0.1249 0.0110 
0.0084 0.4913 0.3446 0.1557 
0.1461 0.1153 0.3356 0.4030 
0.0539 0.6101 0.2162 0.1197 

MOTIF filter27 
letter-probability matrix: alength= 4 w= 17 nsites= 17 
0.2542 0.2478 0.2554 0.2427 
0.2465 0.2861 0.2516 0.2158 
0.2299 0.2822 0.2593 0.2286 
0.0690 0.0396 0.3806 0.5109 
0.0115 0.9246 0.0000 0.0639 
0.0000 0.0013 0.0038 0.9949 
0.9860 0.0038 0.0102 0.0000 
0.2656 0.0000 0.0192 0.7152 
0.4432 0.0102 0.0026 0.5441 
0.5364 0.0051 0.0192 0.4393 
0.6756 0.0166 0.0000 0.3078 
0.0000 0.0000 0.0000 1.0000 
1.0000 0.0000 0.0000 0.0000 
0.0549 0.0000 0.9272 0.0179 
0.4368 0.4151 0.0421 0.1060 
0.2708 0.2375 0.2822 0.2095 
0.2593 0.2874 0.2222 0.2312 

MOTIF filter28 
letter-probability matrix: alength= 4 w= 12 nsites= 12 
0.5079 0.0689 0.1232 0.3001 
0.3549 0.0749 0.1660 0.4042 
0.2957 0.1400 0.2935 0.2708 
0.0005 0.0043 0.0000 0.9951 
0.0000 0.0000 1.0000 0.0000 
0.5084 0.4596 0.0033 0.0288 
0.0005 0.4314 0.2295 0.3386 
0.0000 0.0000 0.5838 0.4162 
0.5600 0.4400 0.0000 0.0000 
0.2892 0.3663 0.2485 0.0960 
0.1047 0.2963 0.1921 0.4069 
0.1991 0.3939 0.2859 0.1210 

MOTIF filter29 
letter-probability matrix: alength= 4 w= 13 nsites= 13 
0.2507 0.2959 0.0761 0.3774 
0.3465 0.2290 0.1781 0.2464 
0.3179 0.0664 0.1093 0.5064 
0.0857 0.5608 0.3523 0.0012 
0.0000 0.8953 0.0000 0.1047 
0.4612 0.4098 0.0039 0.1251 
0.7223 0.0004 0.1808 0.0966 
0.1255 0.0004 0.7609 0.1132 
0.0035 0.5662 0.3210 0.1093 
0.7343 0.0209 0.0981 0.1468 
0.3140 0.2055 0.2109 0.2696 
0.4820 0.0622 0.1375 0.3183 
0.2912 0.1170 0.2229 0.3689 

MOTIF filter30 
letter-probability matrix: alength= 4 w= 10 nsites= 10 
0.2561 0.1760 0.2659 0.3021 
0.2520 0.0176 0.4108 0.3196 
0.0644 0.4815 0.3285 0.1256 
0.0875 0.1931 0.7194 0.0000 
0.0052 0.2154 0.6931 0.0863 
0.3989 0.3033 0.2979 0.0000 
0.0000 0.3634 0.5219 0.1147 
0.2365 0.3804 0.2686 0.1146 
0.0116 0.4952 0.2602 0.2330 
0.1609 0.3271 0.2711 0.2409 

MOTIF filter31 
letter-probability matrix: alength= 4 w= 11 nsites= 11 
0.2518 0.1842 0.2949 0.2691 
0.2420 0.2026 0.4206 0.1347 
0.3360 0.1787 0.2580 0.2273 
0.1090 0.0750 0.1555 0.6604 
0.0021 0.6891 0.0000 0.3088 
0.4686 0.0000 0.5132 0.0182 
0.3426 0.2246 0.2307 0.2021 
0.0111 0.0361 0.0130 0.9399 
0.2565 0.3696 0.1384 0.2356 
0.5028 0.0638 0.1756 0.2578 
0.2376 0.2299 0.2342 0.2983 

