MEME version 4

ALPHABET= ACGT

Background letter frequencies:
A 0.2500 C 0.2500 G 0.2500 T 0.2500 

MOTIF filter0 
letter-probability matrix: alength= 4 w= 13 nsites= 13 
0.2559 0.2538 0.2237 0.2667 
0.2710 0.3032 0.2366 0.1892 
0.2624 0.2237 0.2753 0.2387 
0.0624 0.0151 0.3032 0.6194 
0.0000 0.9914 0.0000 0.0086 
0.0000 0.0000 0.0000 1.0000 
1.0000 0.0000 0.0000 0.0000 
0.2022 0.0000 0.0000 0.7978 
0.5204 0.0000 0.0000 0.4796 
0.6430 0.0000 0.0000 0.3570 
0.8387 0.0000 0.0000 0.1613 
0.0000 0.0000 0.0000 1.0000 
1.0000 0.0000 0.0000 0.0000 

MOTIF filter1 
letter-probability matrix: alength= 4 w= 15 nsites= 15 
0.2524 0.2268 0.2268 0.2939 
0.2332 0.2077 0.2939 0.2652 
0.2141 0.2748 0.2428 0.2684 
0.0000 0.8690 0.1310 0.0000 
0.0032 0.9968 0.0000 0.0000 
0.0000 0.0000 1.0000 0.0000 
0.0000 0.0000 1.0000 0.0000 
1.0000 0.0000 0.0000 0.0000 
1.0000 0.0000 0.0000 0.0000 
0.0160 0.0000 0.9840 0.0000 
0.0224 0.2971 0.0064 0.6741 
0.1949 0.0958 0.6645 0.0447 
0.2620 0.2556 0.4728 0.0096 
0.2364 0.3450 0.2396 0.1789 
0.2204 0.2939 0.2524 0.2332 

MOTIF filter2 
letter-probability matrix: alength= 4 w= 11 nsites= 11 
0.2547 0.2642 0.2601 0.2210 
0.2358 0.2951 0.2399 0.2291 
0.0202 0.0000 0.0000 0.9798 
0.0000 0.0000 0.0000 1.0000 
0.0000 0.0000 0.0000 1.0000 
0.5283 0.0000 0.4704 0.0013 
1.0000 0.0000 0.0000 0.0000 
0.0000 0.0000 0.0000 1.0000 
0.2345 0.2601 0.2668 0.2385 
0.2332 0.2547 0.2722 0.2399 
0.2035 0.2682 0.2615 0.2668 

MOTIF filter3 
letter-probability matrix: alength= 4 w= 12 nsites= 12 
0.2167 0.1667 0.3000 0.3167 
0.4333 0.0500 0.1833 0.3333 
0.0000 0.0000 0.0000 1.0000 
0.0000 0.0000 0.0000 1.0000 
0.0000 0.0000 0.0000 1.0000 
0.8833 0.0000 0.1167 0.0000 
1.0000 0.0000 0.0000 0.0000 
0.0000 0.0000 0.0000 1.0000 
0.1000 0.1333 0.0667 0.7000 
0.1833 0.3167 0.1167 0.3833 
0.2500 0.1667 0.5167 0.0667 
0.2333 0.3333 0.2500 0.1833 

MOTIF filter4 
letter-probability matrix: alength= 4 w= 14 nsites= 14 
0.5023 0.2212 0.2627 0.0138 
0.1935 0.4793 0.0645 0.2627 
0.3180 0.1797 0.1475 0.3548 
0.9447 0.0000 0.0553 0.0000 
0.0323 0.0507 0.0599 0.8571 
0.4424 0.1060 0.2258 0.2258 
0.1336 0.0000 0.1982 0.6682 
0.0184 0.3963 0.5253 0.0599 
0.0092 0.1290 0.8433 0.0184 
0.1705 0.1244 0.5346 0.1705 
0.0922 0.6866 0.0599 0.1613 
0.7558 0.1751 0.0000 0.0691 
0.0046 0.0046 0.8986 0.0922 
0.1198 0.5991 0.1060 0.1751 

MOTIF filter5 
letter-probability matrix: alength= 4 w= 20 nsites= 20 
0.2206 0.3235 0.2794 0.1765 
0.0882 0.0735 0.7941 0.0441 
0.5441 0.0441 0.0882 0.3235 
0.6765 0.0294 0.2941 0.0000 
0.1471 0.1176 0.0147 0.7206 
0.0000 0.2647 0.6765 0.0588 
0.5294 0.0000 0.0000 0.4706 
0.0882 0.4118 0.3676 0.1324 
0.1324 0.0294 0.0000 0.8382 
0.0441 0.8676 0.0882 0.0000 
0.6029 0.2941 0.0294 0.0735 
0.0000 0.0147 0.5735 0.4118 
0.6029 0.0147 0.0000 0.3824 
0.5147 0.2353 0.1324 0.1176 
0.0882 0.0147 0.3824 0.5147 
0.2353 0.0588 0.4706 0.2353 
0.4853 0.1176 0.2500 0.1471 
0.0735 0.1765 0.5441 0.2059 
0.0147 0.0000 0.7794 0.2059 
0.2794 0.2794 0.0147 0.4265 

MOTIF filter6 
letter-probability matrix: alength= 4 w= 17 nsites= 17 
0.3096 0.2050 0.2008 0.2845 
0.2971 0.2720 0.2134 0.2176 
0.2385 0.2678 0.1632 0.3305 
0.2636 0.5983 0.0209 0.1172 
0.2259 0.1799 0.0628 0.5314 
0.2803 0.1423 0.3264 0.2510 
0.7406 0.0209 0.0669 0.1715 
0.1381 0.3013 0.5439 0.0167 
0.0000 0.0000 0.0000 1.0000 
0.0042 0.9958 0.0000 0.0000 
1.0000 0.0000 0.0000 0.0000 
0.0000 0.0000 1.0000 0.0000 
0.0000 1.0000 0.0000 0.0000 
1.0000 0.0000 0.0000 0.0000 
0.4519 0.1548 0.1213 0.2720 
0.4142 0.0209 0.0000 0.5649 
0.3682 0.0335 0.0000 0.5983 

MOTIF filter7 
letter-probability matrix: alength= 4 w= 20 nsites= 20 
0.2931 0.2415 0.2356 0.2297 
0.1620 0.0707 0.0368 0.7305 
0.0250 0.0839 0.6642 0.2268 
0.4448 0.3829 0.0501 0.1222 
0.0000 1.0000 0.0000 0.0000 
0.0000 1.0000 0.0000 0.0000 
0.8675 0.0000 0.0000 0.1325 
0.0059 0.0000 0.0000 0.9941 
1.0000 0.0000 0.0000 0.0000 
0.0000 0.0000 0.0000 1.0000 
1.0000 0.0000 0.0000 0.0000 
0.1311 0.0000 0.0000 0.8689 
0.0000 0.0000 1.0000 0.0000 
0.0000 0.0000 1.0000 0.0000 
0.1031 0.0545 0.4183 0.4242 
0.2209 0.7172 0.0457 0.0162 
0.7776 0.0236 0.0412 0.1576 
0.2356 0.2695 0.2386 0.2563 
0.2121 0.2842 0.2695 0.2342 
0.2636 0.2283 0.2636 0.2445 

MOTIF filter8 
letter-probability matrix: alength= 4 w= 13 nsites= 13 
0.2515 0.2468 0.2562 0.2456 
0.2115 0.1751 0.3854 0.2280 
0.4242 0.1904 0.3772 0.0082 
0.0000 0.0000 0.0000 1.0000 
0.0000 0.0000 0.9976 0.0024 
1.0000 0.0000 0.0000 0.0000 
0.0000 0.4747 0.5253 0.0000 
0.0000 0.0000 0.0000 1.0000 
0.0000 1.0000 0.0000 0.0000 
1.0000 0.0000 0.0000 0.0000 
0.0000 0.3807 0.1833 0.4360 
0.2256 0.3666 0.1551 0.2526 
0.2585 0.2127 0.2914 0.2374 

MOTIF filter9 
letter-probability matrix: alength= 4 w= 20 nsites= 20 
0.2763 0.2500 0.2500 0.2237 
0.7105 0.1184 0.0000 0.1711 
0.0921 0.5658 0.0921 0.2500 
0.1184 0.5526 0.0132 0.3158 
0.4605 0.2237 0.2895 0.0263 
0.0263 0.9737 0.0000 0.0000 
0.0132 0.4605 0.3684 0.1579 
0.0789 0.5526 0.2632 0.1053 
0.9211 0.0263 0.0132 0.0395 
0.3684 0.1316 0.1842 0.3158 
0.2500 0.0526 0.0132 0.6842 
0.0921 0.0395 0.8684 0.0000 
0.2632 0.2632 0.3816 0.0921 
0.0000 0.2368 0.2895 0.4737 
0.0789 0.0263 0.0000 0.8947 
0.0395 0.5395 0.2105 0.2105 
0.4342 0.1316 0.2895 0.1447 
0.3684 0.1447 0.4605 0.0263 
0.0263 0.0000 0.3684 0.6053 
0.2368 0.0132 0.0000 0.7500 

MOTIF filter10 
letter-probability matrix: alength= 4 w= 15 nsites= 15 
0.2737 0.2451 0.2127 0.2685 
0.2555 0.2620 0.2309 0.2516 
0.1414 0.1907 0.1492 0.5188 
0.0000 0.0000 0.0000 1.0000 
0.0000 0.0000 0.0000 1.0000 
0.0298 0.9702 0.0000 0.0000 
0.0000 0.7951 0.0000 0.2049 
0.2529 0.2270 0.2335 0.2866 
0.2101 0.0000 0.7899 0.0000 
0.0000 0.0000 0.9818 0.0182 
1.0000 0.0000 0.0000 0.0000 
1.0000 0.0000 0.0000 0.0000 
0.5188 0.1219 0.2140 0.1453 
0.2348 0.2737 0.2477 0.2438 
0.2620 0.2348 0.2594 0.2438 

MOTIF filter11 
letter-probability matrix: alength= 4 w= 19 nsites= 19 
0.2797 0.1780 0.3093 0.2331 
0.2712 0.3983 0.2119 0.1186 
0.2203 0.0975 0.3390 0.3432 
0.0297 0.0763 0.0254 0.8686 
0.0042 0.0424 0.9364 0.0169 
0.3475 0.5339 0.0593 0.0593 
0.0000 1.0000 0.0000 0.0000 
0.0000 1.0000 0.0000 0.0000 
0.9364 0.0000 0.0000 0.0636 
0.0127 0.0000 0.0000 0.9873 
1.0000 0.0000 0.0000 0.0000 
0.0042 0.0000 0.0000 0.9958 
0.9915 0.0000 0.0000 0.0085 
0.1059 0.0042 0.0000 0.8898 
0.0000 0.0000 1.0000 0.0000 
0.0000 0.0000 1.0000 0.0000 
0.0508 0.1314 0.3644 0.4534 
0.0466 0.8729 0.0466 0.0339 
0.7203 0.0127 0.0805 0.1864 

MOTIF filter12 
letter-probability matrix: alength= 4 w= 14 nsites= 14 
0.1147 0.2107 0.4027 0.2720 
0.0000 0.8427 0.0107 0.1467 
0.0000 0.8560 0.0000 0.1440 
0.0000 1.0000 0.0000 0.0000 
0.0000 1.0000 0.0000 0.0000 
0.0960 0.0000 0.6267 0.2773 
0.0000 1.0000 0.0000 0.0000 
0.0000 1.0000 0.0000 0.0000 
0.0000 0.8053 0.0000 0.1947 
0.0560 0.8400 0.0000 0.1040 
0.0453 0.6347 0.0507 0.2693 
0.2640 0.2533 0.2373 0.2453 
0.2533 0.2640 0.2400 0.2427 
0.2533 0.3093 0.2107 0.2267 

MOTIF filter13 
letter-probability matrix: alength= 4 w= 20 nsites= 20 
0.2639 0.2569 0.2431 0.2361 
0.4653 0.1111 0.3264 0.0972 
0.1528 0.7778 0.0486 0.0208 
0.2083 0.4653 0.3056 0.0208 
0.4236 0.2778 0.1875 0.1111 
0.1458 0.6875 0.1042 0.0625 
0.0069 0.3056 0.6181 0.0694 
0.5347 0.3194 0.0694 0.0764 
0.0069 0.3333 0.5764 0.0833 
0.4931 0.0069 0.5000 0.0000 
0.0694 0.0347 0.4167 0.4792 
0.3819 0.2361 0.2361 0.1458 
0.5764 0.1389 0.0000 0.2847 
0.0972 0.6597 0.2361 0.0069 
0.1597 0.3611 0.0069 0.4722 
0.3125 0.6667 0.0139 0.0069 
0.2431 0.6667 0.0069 0.0833 
0.0278 0.2917 0.6597 0.0208 
0.2083 0.0486 0.0069 0.7361 
0.3056 0.2292 0.4653 0.0000 

MOTIF filter14 
letter-probability matrix: alength= 4 w= 15 nsites= 15 
0.0098 0.9804 0.0098 0.0000 
0.9902 0.0000 0.0000 0.0098 
0.0000 0.0000 0.0000 1.0000 
1.0000 0.0000 0.0000 0.0000 
0.0000 0.0000 0.0000 1.0000 
1.0000 0.0000 0.0000 0.0000 
0.0686 0.0392 0.0000 0.8922 
0.0000 0.0000 1.0000 0.0000 
0.0000 0.0000 1.0000 0.0000 
0.0000 0.0196 0.1961 0.7843 
0.2843 0.7059 0.0000 0.0098 
0.8627 0.0000 0.0588 0.0784 
0.1569 0.3627 0.2059 0.2745 
0.2255 0.1275 0.1961 0.4510 
0.4608 0.1176 0.2941 0.1275 

MOTIF filter15 
letter-probability matrix: alength= 4 w= 18 nsites= 18 
0.1463 0.2927 0.3659 0.1951 
0.2195 0.5610 0.1220 0.0976 
0.2439 0.1951 0.3659 0.1951 
0.0000 0.2195 0.1220 0.6585 
0.3415 0.0732 0.3171 0.2683 
0.7073 0.0000 0.2927 0.0000 
0.0488 0.0000 0.9512 0.0000 
0.0000 0.0244 0.0488 0.9268 
0.0000 0.0000 1.0000 0.0000 
0.9756 0.0000 0.0244 0.0000 
0.0000 0.9024 0.0976 0.0000 
0.0488 0.0000 0.0000 0.9512 
0.0000 0.9756 0.0000 0.0244 
1.0000 0.0000 0.0000 0.0000 
0.0488 0.0000 0.3902 0.5610 
0.4146 0.1220 0.4390 0.0244 
0.1463 0.3659 0.3171 0.1707 
0.5122 0.2439 0.0488 0.1951 

MOTIF filter16 
letter-probability matrix: alength= 4 w= 20 nsites= 20 
0.2222 0.1667 0.1667 0.4444 
0.1667 0.2222 0.3889 0.2222 
0.0000 0.4444 0.3889 0.1667 
0.1667 0.0000 0.3333 0.5000 
0.1111 0.5000 0.0000 0.3889 
0.0556 0.0000 0.7778 0.1667 
0.1111 0.8333 0.0000 0.0556 
0.0000 0.0000 0.0000 1.0000 
0.7222 0.0000 0.0000 0.2778 
0.0556 0.6667 0.0000 0.2778 
0.1111 0.0000 0.1667 0.7222 
0.0000 0.0000 1.0000 0.0000 
0.0556 0.8333 0.0000 0.1111 
0.0000 0.7778 0.0000 0.2222 
0.2222 0.1111 0.6111 0.0556 
0.3333 0.1111 0.2222 0.3333 
0.1111 0.5000 0.0000 0.3889 
0.3889 0.2222 0.2778 0.1111 
0.0000 0.2222 0.5556 0.2222 
0.8889 0.0556 0.0000 0.0556 

MOTIF filter17 
letter-probability matrix: alength= 4 w= 20 nsites= 20 
0.2778 0.2444 0.2111 0.2667 
0.0222 0.7111 0.1222 0.1444 
0.2778 0.1222 0.2111 0.3889 
0.5556 0.3000 0.1444 0.0000 
0.0222 0.0000 0.0556 0.9222 
0.0556 0.0000 0.7667 0.1778 
0.2000 0.3444 0.2556 0.2000 
0.3000 0.5111 0.1444 0.0444 
0.0000 1.0000 0.0000 0.0000 
0.4333 0.1222 0.0333 0.4111 
0.0556 0.0889 0.0111 0.8444 
0.9222 0.0778 0.0000 0.0000 
0.0222 0.0111 0.0556 0.9111 
0.5556 0.1556 0.1778 0.1111 
0.1556 0.2556 0.0667 0.5222 
0.0333 0.1556 0.7000 0.1111 
0.1667 0.2333 0.5556 0.0444 
0.0000 0.2333 0.0222 0.7444 
0.4778 0.3444 0.1778 0.0000 
1.0000 0.0000 0.0000 0.0000 

MOTIF filter18 
letter-probability matrix: alength= 4 w= 16 nsites= 16 
0.2764 0.2114 0.2602 0.2520 
0.2276 0.2642 0.2724 0.2358 
0.2033 0.2236 0.3130 0.2602 
0.2520 0.0366 0.6504 0.0610 
0.0935 0.0000 0.8699 0.0366 
0.0894 0.0000 0.9106 0.0000 
0.0000 0.0000 1.0000 0.0000 
0.0000 0.0000 1.0000 0.0000 
0.2846 0.5732 0.0000 0.1423 
0.0000 0.0000 1.0000 0.0000 
0.0000 0.0000 1.0000 0.0000 
0.1179 0.0000 0.8821 0.0000 
0.0813 0.0203 0.8984 0.0000 
0.1829 0.5772 0.1667 0.0732 
0.2886 0.1951 0.2967 0.2195 
0.2561 0.2805 0.2398 0.2236 

MOTIF filter19 
letter-probability matrix: alength= 4 w= 14 nsites= 14 
0.1787 0.1353 0.2802 0.4058 
0.1498 0.2705 0.4396 0.1401 
0.2560 0.4010 0.1353 0.2077 
0.0242 0.0193 0.0000 0.9565 
0.0000 0.0097 0.8937 0.0966 
0.5411 0.4203 0.0097 0.0290 
0.0000 1.0000 0.0000 0.0000 
0.0000 1.0000 0.0000 0.0000 
0.8068 0.0000 0.0000 0.1932 
0.0000 0.0000 0.0000 1.0000 
1.0000 0.0000 0.0000 0.0000 
0.0000 0.0000 0.0000 1.0000 
0.9952 0.0000 0.0000 0.0048 
0.0628 0.0048 0.0000 0.9324 

MOTIF filter20 
letter-probability matrix: alength= 4 w= 20 nsites= 20 
0.2144 0.2965 0.2529 0.2362 
0.2730 0.2580 0.2245 0.2446 
0.1675 0.0754 0.0184 0.7387 
0.0184 0.0536 0.6968 0.2312 
0.3551 0.4573 0.0720 0.1156 
0.0000 1.0000 0.0000 0.0000 
0.0000 1.0000 0.0000 0.0000 
0.8308 0.0000 0.0050 0.1642 
0.0184 0.0000 0.0000 0.9816 
1.0000 0.0000 0.0000 0.0000 
0.0000 0.0000 0.0000 1.0000 
0.9966 0.0000 0.0000 0.0034 
0.1240 0.0000 0.0000 0.8760 
0.0000 0.0000 1.0000 0.0000 
0.0000 0.0000 1.0000 0.0000 
0.0871 0.0335 0.4590 0.4204 
0.1776 0.7270 0.0787 0.0168 
0.8375 0.0034 0.0352 0.1240 
0.2647 0.2060 0.2596 0.2697 
0.2663 0.2144 0.2429 0.2764 

MOTIF filter21 
letter-probability matrix: alength= 4 w= 13 nsites= 13 
0.2381 0.2296 0.2534 0.2789 
0.2466 0.2585 0.2602 0.2347 
0.2177 0.2772 0.2466 0.2585 
0.5323 0.1003 0.3673 0.0000 
0.0000 0.0000 0.0000 1.0000 
0.0000 0.0000 0.0017 0.9983 
0.2823 0.0000 0.6667 0.0510 
0.0000 0.9745 0.0000 0.0255 
0.0493 0.0000 0.9507 0.0000 
0.0544 0.7211 0.0000 0.2245 
0.9983 0.0017 0.0000 0.0000 
1.0000 0.0000 0.0000 0.0000 
0.0000 0.3588 0.1054 0.5357 

MOTIF filter22 
letter-probability matrix: alength= 4 w= 10 nsites= 10 
0.1873 0.2000 0.3494 0.2633 
0.0354 0.4709 0.2557 0.2380 
0.0684 0.6177 0.1595 0.1544 
0.6937 0.0000 0.2709 0.0354 
0.0000 0.9696 0.0000 0.0304 
0.0000 0.0000 0.0000 1.0000 
0.0000 0.0000 0.0000 1.0000 
0.0000 1.0000 0.0000 0.0000 
0.0000 1.0000 0.0000 0.0000 
0.0000 0.0000 0.9899 0.0101 

MOTIF filter23 
letter-probability matrix: alength= 4 w= 15 nsites= 15 
0.2426 0.2197 0.2918 0.2459 
0.2230 0.0164 0.6852 0.0754 
0.1246 0.0000 0.8361 0.0393 
0.1869 0.0000 0.8131 0.0000 
0.0000 0.0000 1.0000 0.0000 
0.0000 0.0000 1.0000 0.0000 
0.2820 0.6000 0.0000 0.1180 
0.0000 0.0000 1.0000 0.0000 
0.0000 0.0000 1.0000 0.0000 
0.1738 0.0000 0.8262 0.0000 
0.2230 0.0131 0.7639 0.0000 
0.1180 0.6262 0.1967 0.0590 
0.3016 0.2033 0.2951 0.2000 
0.2623 0.2984 0.2164 0.2230 
0.2525 0.2393 0.2459 0.2623 

MOTIF filter24 
letter-probability matrix: alength= 4 w= 16 nsites= 16 
0.4551 0.1976 0.1796 0.1677 
0.0749 0.3952 0.0928 0.4371 
0.0749 0.3144 0.3563 0.2545 
0.4042 0.1108 0.4850 0.0000 
0.5659 0.0030 0.3802 0.0509 
0.0000 1.0000 0.0000 0.0000 
0.0000 1.0000 0.0000 0.0000 
1.0000 0.0000 0.0000 0.0000 
1.0000 0.0000 0.0000 0.0000 
0.0000 0.0000 0.0000 1.0000 
0.0030 0.8054 0.1916 0.0000 
0.8743 0.0000 0.1257 0.0000 
0.0509 0.0599 0.8862 0.0030 
0.2036 0.3263 0.2305 0.2395 
0.2605 0.1766 0.2844 0.2784 
0.2246 0.2605 0.2305 0.2844 

MOTIF filter25 
letter-probability matrix: alength= 4 w= 13 nsites= 13 
0.2453 0.2329 0.2619 0.2598 
0.2308 0.1698 0.3913 0.2081 
0.4099 0.2226 0.3654 0.0021 
0.0000 0.0000 0.0000 1.0000 
0.0000 0.0000 1.0000 0.0000 
1.0000 0.0000 0.0000 0.0000 
0.0021 0.5010 0.4969 0.0000 
0.0000 0.0000 0.0000 1.0000 
0.0000 1.0000 0.0000 0.0000 
1.0000 0.0000 0.0000 0.0000 
0.0031 0.3354 0.2516 0.4099 
0.2205 0.3571 0.1925 0.2298 
0.2547 0.2205 0.2733 0.2516 

MOTIF filter26 
letter-probability matrix: alength= 4 w= 20 nsites= 20 
0.1481 0.4815 0.1111 0.2593 
0.2963 0.0741 0.5556 0.0741 
0.4074 0.2222 0.0370 0.3333 
0.6296 0.2963 0.0370 0.0370 
0.0000 0.2222 0.2593 0.5185 
0.2222 0.4074 0.0370 0.3333 
0.1481 0.0000 0.1852 0.6667 
0.6667 0.1481 0.1481 0.0370 
0.0000 0.7778 0.0741 0.1481 
0.1852 0.3704 0.0000 0.4444 
0.0000 0.8148 0.0000 0.1852 
0.4444 0.0370 0.0370 0.4815 
0.7037 0.0370 0.1852 0.0741 
0.1481 0.1481 0.0370 0.6667 
0.0000 0.0741 0.1481 0.7778 
0.8519 0.0000 0.0370 0.1111 
1.0000 0.0000 0.0000 0.0000 
0.4074 0.1481 0.0741 0.3704 
0.0000 0.0000 0.0000 1.0000 
0.5556 0.0370 0.1852 0.2222 

MOTIF filter27 
letter-probability matrix: alength= 4 w= 16 nsites= 16 
0.2416 0.2623 0.2481 0.2481 
0.2273 0.2753 0.2571 0.2403 
0.1052 0.0506 0.3494 0.4948 
0.0143 0.8922 0.0000 0.0935 
0.0000 0.0000 0.0000 1.0000 
1.0000 0.0000 0.0000 0.0000 
0.2740 0.0000 0.0000 0.7260 
0.4481 0.0000 0.0000 0.5519 
0.5519 0.0000 0.0000 0.4481 
0.7039 0.0000 0.0000 0.2961 
0.0000 0.0000 0.0000 1.0000 
1.0000 0.0000 0.0000 0.0000 
0.0442 0.0000 0.9519 0.0039 
0.4844 0.3558 0.0403 0.1195 
0.2883 0.2247 0.2584 0.2286 
0.2519 0.2675 0.2351 0.2455 

MOTIF filter28 
letter-probability matrix: alength= 4 w= 10 nsites= 10 
0.2525 0.2387 0.2308 0.2780 
1.0000 0.0000 0.0000 0.0000 
0.0000 0.0000 0.0000 1.0000 
0.0000 0.3291 0.0000 0.6709 
1.0000 0.0000 0.0000 0.0000 
1.0000 0.0000 0.0000 0.0000 
0.7613 0.0000 0.0000 0.2387 
0.2819 0.2073 0.2652 0.2456 
0.2426 0.2603 0.2692 0.2279 
0.2456 0.2878 0.2377 0.2289 

MOTIF filter29 
letter-probability matrix: alength= 4 w= 18 nsites= 18 
0.0292 0.4891 0.3066 0.1752 
0.3723 0.0292 0.3942 0.2044 
0.0949 0.2409 0.4161 0.2482 
0.0584 0.7007 0.0073 0.2336 
0.2336 0.0803 0.0292 0.6569 
0.1679 0.6715 0.0219 0.1387 
0.5255 0.2117 0.1898 0.0730 
0.0292 0.3796 0.0000 0.5912 
0.6496 0.0730 0.1387 0.1387 
0.0146 0.0803 0.5182 0.3869 
0.1314 0.0438 0.7956 0.0292 
0.2117 0.0219 0.3139 0.4526 
0.0511 0.2117 0.7299 0.0073 
0.1679 0.5182 0.2190 0.0949 
0.0073 0.0292 0.1898 0.7737 
0.1898 0.0730 0.0511 0.6861 
0.3504 0.0219 0.5839 0.0438 
0.0438 0.3066 0.0000 0.6496 

MOTIF filter30 
letter-probability matrix: alength= 4 w= 20 nsites= 20 
0.2362 0.2111 0.2312 0.3216 
0.0302 0.3819 0.4422 0.1457 
0.9196 0.0804 0.0000 0.0000 
0.0101 0.0402 0.3367 0.6131 
0.1407 0.1859 0.4925 0.1809 
0.7487 0.0101 0.0704 0.1709 
0.5025 0.0503 0.0151 0.4322 
0.3015 0.2161 0.0503 0.4322 
0.4874 0.2211 0.2010 0.0905 
0.4322 0.4322 0.0302 0.1055 
0.5377 0.0050 0.0000 0.4573 
0.1759 0.0201 0.1005 0.7035 
0.0553 0.2513 0.0201 0.6734 
0.0603 0.4472 0.1709 0.3216 
0.1558 0.3166 0.3719 0.1558 
0.5477 0.0503 0.0352 0.3668 
0.0704 0.5377 0.3467 0.0452 
0.1307 0.1106 0.6784 0.0804 
0.0050 0.4523 0.5377 0.0050 
0.1106 0.2462 0.3116 0.3317 

MOTIF filter31 
letter-probability matrix: alength= 4 w= 19 nsites= 19 
0.2479 0.2563 0.2353 0.2605 
0.2605 0.2185 0.2437 0.2773 
0.2395 0.3109 0.2185 0.2311 
0.5504 0.0000 0.0966 0.3529 
0.7143 0.0000 0.0252 0.2605 
0.4832 0.0000 0.0042 0.5126 
0.2899 0.1807 0.1387 0.3908 
0.0000 0.0000 0.0000 1.0000 
0.0000 0.0000 1.0000 0.0000 
0.0084 0.9916 0.0000 0.0000 
0.0000 0.0000 0.0000 1.0000 
0.0000 0.0000 1.0000 0.0000 
1.0000 0.0000 0.0000 0.0000 
0.0294 0.5420 0.3193 0.1092 
0.1933 0.0966 0.0378 0.6723 
0.1681 0.3950 0.0966 0.3403 
0.5546 0.0420 0.1639 0.2395 
0.1134 0.0294 0.5840 0.2731 
0.2605 0.2605 0.2521 0.2269 

