MEME version 4

ALPHABET= ACGT

Background letter frequencies:
A 0.2500 C 0.2500 G 0.2500 T 0.2500 

MOTIF filter0 
letter-probability matrix: alength= 4 w= 20 nsites= 20 
0.2529 0.2069 0.2414 0.2989 
0.6552 0.1494 0.1264 0.0690 
0.3333 0.0690 0.4598 0.1379 
0.3103 0.5402 0.1149 0.0345 
0.0345 0.7586 0.0690 0.1379 
0.0460 0.3678 0.2184 0.3678 
0.0920 0.3678 0.2989 0.2414 
0.0230 0.3563 0.1494 0.4713 
0.1149 0.4368 0.3908 0.0575 
0.1954 0.6782 0.0575 0.0690 
0.1609 0.1724 0.0345 0.6322 
0.2529 0.0345 0.4023 0.3103 
0.3448 0.2184 0.2874 0.1494 
0.0115 0.9655 0.0115 0.0115 
0.0345 0.0000 0.7931 0.1724 
0.0115 0.0920 0.0000 0.8966 
0.2529 0.5287 0.0920 0.1264 
0.1724 0.2069 0.0000 0.6207 
0.5632 0.2529 0.1149 0.0690 
0.9195 0.0115 0.0345 0.0345 

MOTIF filter1 
letter-probability matrix: alength= 4 w= 20 nsites= 20 
0.2174 0.2174 0.3043 0.2609 
0.0000 0.1304 0.3913 0.4783 
0.0435 0.1304 0.6957 0.1304 
0.7826 0.0000 0.2174 0.0000 
0.1739 0.0435 0.6522 0.1304 
0.1739 0.0000 0.0870 0.7391 
0.1304 0.4348 0.4348 0.0000 
0.4783 0.0870 0.0000 0.4348 
0.0000 0.6957 0.0435 0.2609 
0.0435 0.0870 0.7391 0.1304 
0.0435 0.2609 0.5652 0.1304 
0.3478 0.0870 0.4348 0.1304 
0.8261 0.0000 0.1739 0.0000 
0.0870 0.6957 0.0870 0.1304 
0.0435 0.0870 0.8696 0.0000 
0.0870 0.0000 0.0435 0.8696 
0.2609 0.3043 0.0000 0.4348 
0.4783 0.2174 0.0870 0.2174 
0.0000 0.0000 1.0000 0.0000 
0.0000 0.0870 0.4348 0.4783 

MOTIF filter2 
letter-probability matrix: alength= 4 w= 14 nsites= 14 
0.1163 0.0720 0.3490 0.4626 
0.0028 0.9488 0.0000 0.0485 
0.0000 0.0000 0.0000 1.0000 
1.0000 0.0000 0.0000 0.0000 
0.2493 0.0000 0.0000 0.7507 
0.4681 0.0000 0.0000 0.5319 
0.5651 0.0000 0.0000 0.4349 
0.7175 0.0000 0.0000 0.2825 
0.0000 0.0000 0.0000 1.0000 
1.0000 0.0000 0.0000 0.0000 
0.0568 0.0000 0.9377 0.0055 
0.4889 0.3573 0.0388 0.1150 
0.2964 0.2285 0.2659 0.2091 
0.2673 0.2909 0.2064 0.2355 

MOTIF filter3 
letter-probability matrix: alength= 4 w= 20 nsites= 20 
0.2593 0.2963 0.2099 0.2346 
0.2222 0.4198 0.1728 0.1852 
0.0370 0.4938 0.0000 0.4691 
0.7901 0.0370 0.0494 0.1235 
0.2222 0.5802 0.1728 0.0247 
0.8025 0.0494 0.0988 0.0494 
0.2963 0.2099 0.0741 0.4198 
0.0617 0.5926 0.2099 0.1358 
0.2963 0.1235 0.2469 0.3333 
0.0247 0.8395 0.0741 0.0617 
0.2593 0.0123 0.1852 0.5432 
0.0000 0.0123 0.8765 0.1111 
0.0988 0.7654 0.0864 0.0494 
0.3210 0.0370 0.4198 0.2222 
0.3457 0.0494 0.0247 0.5802 
0.0741 0.0247 0.2099 0.6914 
0.0123 0.1728 0.4691 0.3457 
0.1111 0.7284 0.1605 0.0000 
0.0247 0.8889 0.0741 0.0123 
0.5679 0.2963 0.0000 0.1358 

MOTIF filter4 
letter-probability matrix: alength= 4 w= 20 nsites= 20 
0.0000 0.2000 0.6000 0.2000 
0.4000 0.4000 0.2000 0.0000 
0.8000 0.0000 0.2000 0.0000 
0.0000 0.2000 0.6000 0.2000 
0.4000 0.2000 0.4000 0.0000 
0.0000 0.0000 0.0000 1.0000 
0.0000 0.0000 0.6000 0.4000 
0.0000 0.0000 0.4000 0.6000 
0.0000 0.8000 0.0000 0.2000 
1.0000 0.0000 0.0000 0.0000 
1.0000 0.0000 0.0000 0.0000 
0.0000 1.0000 0.0000 0.0000 
0.0000 0.8000 0.2000 0.0000 
0.8000 0.0000 0.0000 0.2000 
0.0000 1.0000 0.0000 0.0000 
0.0000 0.0000 1.0000 0.0000 
0.0000 0.6000 0.0000 0.4000 
0.0000 0.0000 1.0000 0.0000 
0.2000 0.2000 0.2000 0.4000 
0.4000 0.0000 0.0000 0.6000 

MOTIF filter5 
letter-probability matrix: alength= 4 w= 19 nsites= 19 
0.4179 0.2239 0.3134 0.0448 
0.3731 0.0896 0.0448 0.4925 
0.1791 0.5821 0.2090 0.0299 
0.0149 0.0149 0.9701 0.0000 
0.0299 0.8657 0.0000 0.1045 
0.2388 0.2239 0.2239 0.3134 
0.0299 0.0149 0.7761 0.1791 
0.0000 0.6567 0.1194 0.2239 
0.2388 0.4179 0.2239 0.1194 
0.1045 0.2388 0.1940 0.4627 
0.7313 0.1343 0.0896 0.0448 
0.0597 0.0448 0.8507 0.0448 
0.3134 0.1493 0.4478 0.0896 
0.8507 0.1045 0.0000 0.0448 
0.9104 0.0149 0.0149 0.0597 
0.2537 0.0149 0.4030 0.3284 
0.4030 0.0448 0.0149 0.5373 
0.4328 0.0597 0.1493 0.3582 
0.2687 0.2985 0.3134 0.1194 

MOTIF filter6 
letter-probability matrix: alength= 4 w= 14 nsites= 14 
0.1725 0.2000 0.3333 0.2941 
0.0039 0.5098 0.2039 0.2824 
0.0314 0.7216 0.1216 0.1255 
0.7647 0.0078 0.2157 0.0118 
0.0000 0.9843 0.0000 0.0157 
0.0000 0.0000 0.0000 1.0000 
0.0000 0.0000 0.0000 1.0000 
0.0000 1.0000 0.0000 0.0000 
0.0000 1.0000 0.0000 0.0000 
0.0000 0.0000 0.9922 0.0078 
0.0000 0.1569 0.8392 0.0039 
0.2118 0.2157 0.2431 0.3294 
0.1922 0.2588 0.2745 0.2745 
0.2549 0.2196 0.2510 0.2745 

MOTIF filter7 
letter-probability matrix: alength= 4 w= 20 nsites= 20 
0.2105 0.2917 0.2697 0.2281 
0.3377 0.2785 0.2061 0.1776 
0.0351 0.0329 0.0285 0.9035 
0.0154 0.0592 0.7610 0.1645 
0.4057 0.4232 0.0724 0.0987 
0.0000 1.0000 0.0000 0.0000 
0.0000 1.0000 0.0000 0.0000 
0.8728 0.0000 0.0000 0.1272 
0.0000 0.0000 0.0000 1.0000 
1.0000 0.0000 0.0000 0.0000 
0.0000 0.0000 0.0000 1.0000 
0.9956 0.0000 0.0000 0.0044 
0.0658 0.0000 0.0000 0.9342 
0.0000 0.0000 1.0000 0.0000 
0.0000 0.0000 1.0000 0.0000 
0.0680 0.0548 0.3443 0.5329 
0.2215 0.7083 0.0570 0.0132 
0.7807 0.0066 0.0570 0.1557 
0.1930 0.3070 0.2522 0.2478 
0.1601 0.2982 0.2522 0.2895 

MOTIF filter8 
letter-probability matrix: alength= 4 w= 20 nsites= 20 
0.2381 0.2143 0.2143 0.3333 
0.7143 0.0238 0.1667 0.0952 
0.5000 0.4286 0.0476 0.0238 
0.4524 0.1429 0.2619 0.1429 
0.4524 0.2619 0.0714 0.2143 
0.1429 0.3810 0.3095 0.1667 
0.2381 0.3333 0.0714 0.3571 
0.0952 0.2619 0.4048 0.2381 
0.4286 0.2143 0.3333 0.0238 
0.1905 0.1667 0.5476 0.0952 
0.3810 0.2143 0.3095 0.0952 
0.0952 0.7143 0.1429 0.0476 
0.0000 1.0000 0.0000 0.0000 
0.3571 0.1905 0.3571 0.0952 
1.0000 0.0000 0.0000 0.0000 
0.1429 0.0714 0.1905 0.5952 
0.0000 0.0000 0.0000 1.0000 
1.0000 0.0000 0.0000 0.0000 
0.0238 0.0000 0.9762 0.0000 
0.1190 0.3095 0.1667 0.4048 

MOTIF filter9 
letter-probability matrix: alength= 4 w= 19 nsites= 19 
0.3451 0.2212 0.2832 0.1504 
0.1947 0.0177 0.3540 0.4336 
0.2212 0.3628 0.2035 0.2124 
0.0000 0.0000 0.9912 0.0088 
0.5575 0.0708 0.0088 0.3628 
0.0796 0.0442 0.3717 0.5044 
0.1150 0.0973 0.3982 0.3894 
0.0000 0.1858 0.3009 0.5133 
0.0000 0.0000 0.9735 0.0265 
0.4071 0.4159 0.0619 0.1150 
0.0000 0.8053 0.1593 0.0354 
0.0088 0.9823 0.0088 0.0000 
0.9292 0.0000 0.0442 0.0265 
0.4336 0.1150 0.0000 0.4513 
0.4248 0.2389 0.0177 0.3186 
0.1593 0.4690 0.0177 0.3540 
0.8142 0.0442 0.0265 0.1150 
0.0354 0.2035 0.3717 0.3894 
0.1327 0.1947 0.5752 0.0973 

MOTIF filter10 
letter-probability matrix: alength= 4 w= 17 nsites= 17 
0.2459 0.2262 0.2852 0.2426 
0.2393 0.3016 0.2393 0.2197 
0.2295 0.2672 0.2590 0.2443 
0.0787 0.0213 0.3787 0.5213 
0.0000 0.9836 0.0000 0.0164 
0.0000 0.0000 0.0000 1.0000 
1.0000 0.0000 0.0000 0.0000 
0.2770 0.0000 0.0000 0.7230 
0.4754 0.0000 0.0000 0.5246 
0.5738 0.0000 0.0000 0.4262 
0.7328 0.0000 0.0000 0.2672 
0.0000 0.0000 0.0000 1.0000 
1.0000 0.0000 0.0000 0.0000 
0.0295 0.0000 0.9689 0.0016 
0.4787 0.3656 0.0377 0.1180 
0.2721 0.2492 0.2557 0.2230 
0.2295 0.2525 0.2574 0.2607 

MOTIF filter11 
letter-probability matrix: alength= 4 w= 16 nsites= 16 
0.2347 0.2578 0.2538 0.2538 
0.1937 0.2824 0.2865 0.2374 
0.2851 0.2428 0.2265 0.2456 
0.1692 0.0505 0.0314 0.7490 
0.0259 0.0737 0.6712 0.2292 
0.4366 0.3929 0.0668 0.1037 
0.0000 0.9986 0.0000 0.0014 
0.0000 1.0000 0.0000 0.0000 
0.8540 0.0000 0.0000 0.1460 
0.0014 0.0000 0.0000 0.9986 
1.0000 0.0000 0.0000 0.0000 
0.0000 0.0000 0.0000 1.0000 
0.9986 0.0000 0.0000 0.0014 
0.1337 0.0014 0.0000 0.8649 
0.0014 0.0000 0.9986 0.0000 
0.0000 0.0000 1.0000 0.0000 

MOTIF filter12 
letter-probability matrix: alength= 4 w= 19 nsites= 19 
0.2971 0.1799 0.2469 0.2762 
0.2762 0.2678 0.2301 0.2259 
0.2510 0.2845 0.2008 0.2636 
0.2762 0.5858 0.0293 0.1088 
0.2427 0.1925 0.0335 0.5314 
0.2887 0.1632 0.3013 0.2469 
0.6402 0.0293 0.1046 0.2259 
0.1632 0.2971 0.5230 0.0167 
0.0000 0.0000 0.0000 1.0000 
0.0000 1.0000 0.0000 0.0000 
1.0000 0.0000 0.0000 0.0000 
0.0000 0.0000 1.0000 0.0000 
0.0000 1.0000 0.0000 0.0000 
1.0000 0.0000 0.0000 0.0000 
0.4561 0.1381 0.1130 0.2929 
0.4017 0.0293 0.0000 0.5690 
0.4100 0.0335 0.0000 0.5565 
0.2887 0.0921 0.0126 0.6067 
0.2971 0.2343 0.2552 0.2134 

MOTIF filter13 
letter-probability matrix: alength= 4 w= 18 nsites= 18 
0.1905 0.4286 0.1429 0.2381 
0.1429 0.5714 0.1905 0.0952 
0.1905 0.2857 0.2381 0.2857 
0.1429 0.0476 0.0000 0.8095 
0.0000 0.4286 0.0476 0.5238 
0.0000 0.0952 0.5714 0.3333 
0.0000 0.9524 0.0000 0.0476 
0.0476 0.4762 0.2857 0.1905 
0.7143 0.0000 0.2381 0.0476 
0.0000 1.0000 0.0000 0.0000 
0.0000 0.0000 0.0000 1.0000 
0.0000 0.0000 0.0476 0.9524 
0.0000 1.0000 0.0000 0.0000 
0.0000 1.0000 0.0000 0.0000 
0.0000 0.0000 1.0000 0.0000 
0.0000 0.0952 0.9048 0.0000 
0.0952 0.5238 0.0952 0.2857 
0.2381 0.3810 0.2381 0.1429 

MOTIF filter14 
letter-probability matrix: alength= 4 w= 16 nsites= 16 
0.2857 0.2819 0.2278 0.2046 
0.2355 0.3552 0.2239 0.1853 
0.0965 0.1660 0.4749 0.2625 
0.0000 0.8803 0.0154 0.1042 
0.0000 0.9073 0.0000 0.0927 
0.0000 1.0000 0.0000 0.0000 
0.0000 1.0000 0.0000 0.0000 
0.0965 0.0000 0.6255 0.2780 
0.0000 0.9961 0.0000 0.0039 
0.0000 1.0000 0.0000 0.0000 
0.0000 0.8764 0.0000 0.1236 
0.0502 0.9035 0.0000 0.0463 
0.0695 0.6834 0.0347 0.2124 
0.2741 0.2278 0.1892 0.3089 
0.3359 0.1969 0.2355 0.2317 
0.2780 0.3205 0.2201 0.1815 

MOTIF filter15 
letter-probability matrix: alength= 4 w= 20 nsites= 20 
0.2472 0.2292 0.2584 0.2652 
0.6854 0.1933 0.0539 0.0674 
0.1708 0.0629 0.5213 0.2449 
0.0562 0.6202 0.1753 0.1483 
0.1820 0.4157 0.2697 0.1326 
0.1888 0.3910 0.1416 0.2787 
0.0944 0.4382 0.0652 0.4022 
0.8315 0.0764 0.0112 0.0809 
0.4494 0.0562 0.1663 0.3281 
0.0404 0.0090 0.0607 0.8899 
0.8360 0.1079 0.0022 0.0539 
0.0247 0.4899 0.4449 0.0404 
0.0360 0.5213 0.2494 0.1933 
0.1730 0.3213 0.2539 0.2517 
0.5124 0.0494 0.3079 0.1303 
0.1753 0.0899 0.3843 0.3506 
0.0000 0.6809 0.2067 0.1124 
0.0225 0.3146 0.4135 0.2494 
0.0899 0.3506 0.1798 0.3798 
0.1663 0.6831 0.1011 0.0494 

MOTIF filter16 
letter-probability matrix: alength= 4 w= 15 nsites= 15 
0.2373 0.2120 0.2532 0.2975 
0.2816 0.1962 0.2911 0.2310 
0.2437 0.2405 0.2563 0.2595 
0.0032 0.8987 0.0981 0.0000 
0.0190 0.9810 0.0000 0.0000 
0.0000 0.0000 1.0000 0.0000 
0.0000 0.0000 1.0000 0.0000 
1.0000 0.0000 0.0000 0.0000 
1.0000 0.0000 0.0000 0.0000 
0.0222 0.0000 0.9778 0.0000 
0.0158 0.3291 0.0000 0.6551 
0.1930 0.0949 0.6487 0.0633 
0.2690 0.2532 0.4399 0.0380 
0.2184 0.3418 0.2690 0.1709 
0.1994 0.2690 0.2785 0.2532 

MOTIF filter17 
letter-probability matrix: alength= 4 w= 12 nsites= 12 
0.2106 0.2668 0.2712 0.2514 
0.4223 0.1896 0.2646 0.1235 
0.2348 0.3219 0.3252 0.1180 
0.0000 1.0000 0.0000 0.0000 
1.0000 0.0000 0.0000 0.0000 
0.0000 1.0000 0.0000 0.0000 
0.0000 0.0000 1.0000 0.0000 
0.0000 0.0000 0.0000 1.0000 
0.0000 0.0000 1.0000 0.0000 
0.1202 0.3043 0.3252 0.2503 
0.1499 0.2448 0.1621 0.4432 
0.2271 0.2558 0.2481 0.2690 

MOTIF filter18 
letter-probability matrix: alength= 4 w= 12 nsites= 12 
0.0941 0.4035 0.2772 0.2252 
0.3292 0.1782 0.4134 0.0792 
0.5173 0.0767 0.3490 0.0569 
0.0000 0.9975 0.0000 0.0025 
0.0000 0.7178 0.0000 0.2822 
0.6139 0.0470 0.3391 0.0000 
1.0000 0.0000 0.0000 0.0000 
0.0000 0.0000 0.0000 1.0000 
0.0025 0.4629 0.0693 0.4653 
0.4208 0.0000 0.5792 0.0000 
0.0000 0.0025 0.9975 0.0000 
0.1089 0.3391 0.1188 0.4332 

MOTIF filter19 
letter-probability matrix: alength= 4 w= 20 nsites= 20 
0.3117 0.2338 0.2078 0.2468 
0.3377 0.2338 0.3571 0.0714 
0.3312 0.3312 0.0584 0.2792 
0.4481 0.5000 0.0065 0.0455 
0.7987 0.1818 0.0000 0.0195 
0.2273 0.0195 0.4740 0.2792 
0.0325 0.3442 0.0584 0.5649 
0.2857 0.1494 0.2922 0.2727 
0.0000 0.6623 0.0065 0.3312 
0.3831 0.0325 0.3766 0.2078 
0.1753 0.4026 0.1169 0.3052 
0.2792 0.0260 0.0844 0.6104 
0.0195 0.5584 0.3896 0.0325 
0.0519 0.2532 0.4416 0.2532 
0.5260 0.0390 0.3506 0.0844 
0.1558 0.0844 0.5390 0.2208 
0.1494 0.0065 0.0000 0.8442 
0.9935 0.0000 0.0065 0.0000 
0.0065 0.0909 0.5844 0.3182 
0.0974 0.5714 0.1688 0.1623 

MOTIF filter20 
letter-probability matrix: alength= 4 w= 16 nsites= 16 
0.2402 0.2349 0.2473 0.2776 
0.2473 0.2367 0.2544 0.2616 
0.2242 0.2829 0.2367 0.2562 
0.5409 0.1032 0.3541 0.0018 
0.0000 0.0000 0.0000 1.0000 
0.0000 0.0000 0.0036 0.9964 
0.2829 0.0000 0.6708 0.0463 
0.0000 0.9626 0.0000 0.0374 
0.0374 0.0000 0.9626 0.0000 
0.0374 0.7544 0.0000 0.2082 
1.0000 0.0000 0.0000 0.0000 
1.0000 0.0000 0.0000 0.0000 
0.0018 0.3630 0.1085 0.5267 
0.2669 0.2438 0.2687 0.2206 
0.2260 0.2117 0.2633 0.2989 
0.2456 0.2491 0.2616 0.2438 

MOTIF filter21 
letter-probability matrix: alength= 4 w= 13 nsites= 13 
0.2389 0.2349 0.2646 0.2616 
0.2320 0.1698 0.3939 0.2043 
0.3939 0.2231 0.3554 0.0276 
0.0000 0.0000 0.0000 1.0000 
0.0000 0.0000 1.0000 0.0000 
1.0000 0.0000 0.0000 0.0000 
0.0010 0.5074 0.4916 0.0000 
0.0000 0.0000 0.0000 1.0000 
0.0010 0.9990 0.0000 0.0000 
1.0000 0.0000 0.0000 0.0000 
0.0138 0.3356 0.2527 0.3978 
0.2142 0.3623 0.1905 0.2330 
0.2586 0.2270 0.2655 0.2488 

MOTIF filter22 
letter-probability matrix: alength= 4 w= 20 nsites= 20 
0.2500 0.2500 0.2750 0.2250 
0.0500 0.2500 0.6500 0.0500 
0.1250 0.4000 0.2250 0.2500 
0.3250 0.3000 0.2750 0.1000 
0.0000 0.0500 0.1000 0.8500 
0.0750 0.8500 0.0250 0.0500 
0.0750 0.4250 0.4250 0.0750 
0.0000 0.1250 0.0250 0.8500 
0.6250 0.0500 0.1500 0.1750 
0.7250 0.1000 0.1500 0.0250 
0.1000 0.6250 0.1000 0.1750 
0.0500 0.1500 0.7750 0.0250 
0.0750 0.6250 0.2000 0.1000 
0.6000 0.1000 0.2250 0.0750 
0.3500 0.2250 0.4250 0.0000 
0.0750 0.1750 0.6750 0.0750 
0.0000 0.0250 0.9000 0.0750 
0.0000 0.1500 0.8500 0.0000 
0.1250 0.3500 0.4000 0.1250 
0.0000 0.5500 0.4250 0.0250 

MOTIF filter23 
letter-probability matrix: alength= 4 w= 13 nsites= 13 
0.2493 0.2493 0.2669 0.2346 
0.2229 0.2757 0.2346 0.2669 
0.4868 0.0117 0.1349 0.3666 
0.6246 0.0088 0.0381 0.3284 
0.4545 0.0029 0.0147 0.5279 
0.2903 0.1672 0.1730 0.3695 
0.0000 0.0000 0.0000 1.0000 
0.0000 0.0000 1.0000 0.0000 
0.0000 1.0000 0.0000 0.0000 
0.0000 0.0000 0.0000 1.0000 
0.0000 0.0000 1.0000 0.0000 
1.0000 0.0000 0.0000 0.0000 
0.0381 0.5073 0.2903 0.1642 

MOTIF filter24 
letter-probability matrix: alength= 4 w= 16 nsites= 16 
0.2540 0.2222 0.2487 0.2751 
0.2434 0.2275 0.2963 0.2328 
0.1799 0.2328 0.3492 0.2381 
0.2646 0.0265 0.6508 0.0582 
0.0635 0.0000 0.9259 0.0106 
0.0688 0.0000 0.9312 0.0000 
0.0000 0.0000 1.0000 0.0000 
0.0000 0.0000 1.0000 0.0000 
0.2328 0.6772 0.0000 0.0899 
0.0000 0.0000 1.0000 0.0000 
0.0000 0.0000 1.0000 0.0000 
0.0847 0.0000 0.9153 0.0000 
0.1058 0.0000 0.8942 0.0000 
0.1481 0.6138 0.1693 0.0688 
0.2910 0.1958 0.2910 0.2222 
0.2381 0.2857 0.2857 0.1905 

MOTIF filter25 
letter-probability matrix: alength= 4 w= 19 nsites= 19 
0.2437 0.2332 0.2668 0.2563 
0.2059 0.3803 0.1975 0.2164 
0.2794 0.2689 0.2059 0.2458 
0.1576 0.0861 0.0294 0.7269 
0.0189 0.0588 0.7080 0.2143 
0.4433 0.3761 0.0756 0.1050 
0.0000 1.0000 0.0000 0.0000 
0.0000 1.0000 0.0000 0.0000 
0.8697 0.0000 0.0000 0.1303 
0.0084 0.0000 0.0000 0.9916 
1.0000 0.0000 0.0000 0.0000 
0.0000 0.0000 0.0000 1.0000 
1.0000 0.0000 0.0000 0.0000 
0.1113 0.0000 0.0000 0.8887 
0.0000 0.0000 1.0000 0.0000 
0.0000 0.0000 1.0000 0.0000 
0.0483 0.0378 0.5819 0.3319 
0.1681 0.7857 0.0336 0.0126 
0.8235 0.0000 0.0357 0.1408 

MOTIF filter26 
letter-probability matrix: alength= 4 w= 20 nsites= 20 
0.2778 0.2407 0.2963 0.1852 
0.7222 0.1111 0.1667 0.0000 
0.1852 0.7593 0.0370 0.0185 
0.0185 0.4074 0.5556 0.0185 
0.5370 0.2222 0.1852 0.0556 
0.0000 0.9630 0.0370 0.0000 
0.0926 0.2037 0.6852 0.0185 
0.1667 0.0000 0.0741 0.7593 
0.0370 0.1111 0.6111 0.2407 
0.0556 0.9444 0.0000 0.0000 
0.3333 0.0926 0.1296 0.4444 
0.0556 0.0741 0.3704 0.5000 
0.0370 0.1111 0.4444 0.4074 
0.0370 0.0370 0.0185 0.9074 
0.0556 0.1667 0.2963 0.4815 
0.2037 0.5370 0.2407 0.0185 
0.2407 0.0185 0.3519 0.3889 
0.6667 0.2963 0.0000 0.0370 
0.6667 0.0556 0.0556 0.2222 
0.3889 0.0926 0.4259 0.0926 

MOTIF filter27 
letter-probability matrix: alength= 4 w= 20 nsites= 20 
0.1971 0.3358 0.2409 0.2263 
0.0146 0.5109 0.3796 0.0949 
0.0657 0.4745 0.2409 0.2190 
0.4964 0.1168 0.3577 0.0292 
0.3869 0.0219 0.5839 0.0073 
0.3504 0.1387 0.3650 0.1460 
0.6788 0.0365 0.2847 0.0000 
0.0511 0.2920 0.6131 0.0438 
0.0146 0.2993 0.0803 0.6058 
0.1606 0.2847 0.3723 0.1825 
0.2920 0.2482 0.2847 0.1752 
0.0000 0.3212 0.1971 0.4818 
0.9781 0.0146 0.0000 0.0073 
0.0219 0.1606 0.0000 0.8175 
0.6642 0.1095 0.1314 0.0949 
0.0073 0.1168 0.0000 0.8759 
0.2044 0.5109 0.2701 0.0146 
0.0146 0.7445 0.1095 0.1314 
0.1387 0.3139 0.3139 0.2336 
0.2263 0.2701 0.0730 0.4307 

MOTIF filter28 
letter-probability matrix: alength= 4 w= 20 nsites= 20 
0.4444 0.1111 0.2222 0.2222 
0.2222 0.2222 0.0000 0.5556 
0.3333 0.0000 0.4444 0.2222 
0.1111 0.4444 0.0000 0.4444 
0.0000 0.3333 0.1111 0.5556 
0.0000 0.0000 0.0000 1.0000 
0.8889 0.0000 0.0000 0.1111 
0.6667 0.0000 0.2222 0.1111 
0.0000 0.2222 0.7778 0.0000 
0.0000 0.8889 0.1111 0.0000 
1.0000 0.0000 0.0000 0.0000 
0.2222 0.3333 0.2222 0.2222 
0.0000 1.0000 0.0000 0.0000 
0.2222 0.5556 0.0000 0.2222 
0.0000 0.1111 0.1111 0.7778 
0.0000 0.8889 0.0000 0.1111 
0.0000 0.1111 0.0000 0.8889 
0.8889 0.1111 0.0000 0.0000 
0.4444 0.3333 0.0000 0.2222 
0.2222 0.1111 0.3333 0.3333 

MOTIF filter29 
letter-probability matrix: alength= 4 w= 20 nsites= 20 
0.2222 0.2778 0.1944 0.3056 
0.0417 0.0694 0.6667 0.2222 
0.2639 0.4306 0.0694 0.2361 
0.0833 0.0278 0.4861 0.4028 
0.0139 0.0139 0.9722 0.0000 
0.2083 0.0833 0.2361 0.4722 
0.1250 0.2361 0.0556 0.5833 
0.0694 0.6250 0.0417 0.2639 
0.0000 0.1528 0.6111 0.2361 
0.0000 0.0000 1.0000 0.0000 
0.5417 0.4306 0.0139 0.0139 
0.0278 0.3194 0.0972 0.5556 
0.0556 0.6111 0.0556 0.2778 
0.1250 0.7083 0.0972 0.0694 
0.3750 0.4167 0.1250 0.0833 
0.1528 0.0000 0.6806 0.1667 
0.1111 0.0417 0.7361 0.1111 
0.0833 0.3889 0.2222 0.3056 
0.5417 0.4306 0.0278 0.0000 
0.1111 0.1389 0.3611 0.3889 

MOTIF filter30 
letter-probability matrix: alength= 4 w= 12 nsites= 12 
0.2667 0.2528 0.2139 0.2667 
0.2639 0.2486 0.2403 0.2472 
0.1333 0.1903 0.1542 0.5222 
0.0000 0.0000 0.0000 1.0000 
0.0000 0.0000 0.0000 1.0000 
0.0083 0.9917 0.0000 0.0000 
0.0000 0.7889 0.0000 0.2111 
0.2500 0.2236 0.2431 0.2833 
0.1736 0.0000 0.8264 0.0000 
0.0000 0.0000 0.9750 0.0250 
1.0000 0.0000 0.0000 0.0000 
1.0000 0.0000 0.0000 0.0000 

MOTIF filter31 
letter-probability matrix: alength= 4 w= 16 nsites= 16 
0.2992 0.2047 0.2638 0.2323 
0.2480 0.2677 0.2205 0.2638 
0.0236 0.1732 0.5669 0.2362 
0.0000 0.8583 0.0157 0.1260 
0.0000 0.8268 0.0000 0.1732 
0.0000 1.0000 0.0000 0.0000 
0.0000 1.0000 0.0000 0.0000 
0.0945 0.0000 0.6496 0.2559 
0.0000 1.0000 0.0000 0.0000 
0.0000 1.0000 0.0000 0.0000 
0.0000 0.8819 0.0000 0.1181 
0.0354 0.8858 0.0000 0.0787 
0.0039 0.6693 0.0394 0.2874 
0.2559 0.2362 0.2520 0.2559 
0.2441 0.2323 0.2638 0.2598 
0.2087 0.2992 0.2205 0.2717 

