MEME version 4

ALPHABET= ACGT

Background letter frequencies:
A 0.2500 C 0.2500 G 0.2500 T 0.2500 

MOTIF filter0 
letter-probability matrix: alength= 4 w= 20 nsites= 20 
0.3529 0.2353 0.2353 0.1765 
0.7941 0.0588 0.0000 0.1471 
0.4412 0.2059 0.2059 0.1471 
0.0000 0.8824 0.0294 0.0882 
0.0882 0.0000 0.2941 0.6176 
0.5294 0.0000 0.0000 0.4706 
0.2941 0.0000 0.5588 0.1471 
0.0294 0.3824 0.5294 0.0588 
0.3824 0.0588 0.1765 0.3824 
0.2647 0.1765 0.1765 0.3824 
1.0000 0.0000 0.0000 0.0000 
0.0000 0.0294 0.3529 0.6176 
0.0882 0.7353 0.0000 0.1765 
0.1176 0.2941 0.5882 0.0000 
0.1765 0.2941 0.0588 0.4706 
0.5294 0.1765 0.1765 0.1176 
0.1765 0.0294 0.7059 0.0882 
0.0000 0.8824 0.0000 0.1176 
0.0294 0.2059 0.0588 0.7059 
0.6176 0.2941 0.0588 0.0294 

MOTIF filter1 
letter-probability matrix: alength= 4 w= 12 nsites= 12 
0.2757 0.2815 0.2229 0.2199 
0.2669 0.2669 0.2287 0.2375 
0.2229 0.2493 0.2815 0.2463 
0.0000 0.8387 0.0997 0.0616 
0.0000 0.1202 0.0000 0.8798 
0.0000 0.2023 0.7742 0.0235 
1.0000 0.0000 0.0000 0.0000 
0.0000 0.0000 0.0000 1.0000 
0.0000 0.0000 0.0000 1.0000 
0.0000 0.0000 1.0000 0.0000 
0.0000 0.0000 1.0000 0.0000 
0.0293 0.4545 0.0000 0.5161 

MOTIF filter2 
letter-probability matrix: alength= 4 w= 20 nsites= 20 
0.2045 0.2614 0.2500 0.2841 
0.6364 0.3295 0.0227 0.0114 
0.6818 0.1932 0.0682 0.0568 
0.0568 0.7614 0.1136 0.0682 
0.2841 0.0114 0.1250 0.5795 
0.0568 0.0227 0.0227 0.8977 
0.0909 0.0227 0.5227 0.3636 
0.0341 0.1250 0.6477 0.1932 
0.1705 0.3295 0.3636 0.1364 
0.2159 0.2500 0.2500 0.2841 
0.0227 0.1477 0.7045 0.1250 
0.0455 0.0568 0.4659 0.4318 
0.0682 0.0227 0.4318 0.4773 
0.3068 0.0114 0.1364 0.5455 
0.3977 0.1364 0.0227 0.4432 
0.4432 0.1136 0.0909 0.3523 
0.3295 0.0114 0.2045 0.4545 
0.5909 0.1136 0.0455 0.2500 
0.0000 0.0114 0.0000 0.9886 
0.4205 0.4659 0.1136 0.0000 

MOTIF filter3 
letter-probability matrix: alength= 4 w= 20 nsites= 20 
0.2287 0.2478 0.2537 0.2698 
0.1906 0.2669 0.2991 0.2434 
0.2742 0.2302 0.2478 0.2478 
0.1569 0.0674 0.0235 0.7522 
0.0103 0.0748 0.6833 0.2317 
0.4326 0.3754 0.0792 0.1129 
0.0000 1.0000 0.0000 0.0000 
0.0000 1.0000 0.0000 0.0000 
0.8255 0.0000 0.0000 0.1745 
0.0015 0.0000 0.0000 0.9985 
1.0000 0.0000 0.0000 0.0000 
0.0000 0.0000 0.0000 1.0000 
1.0000 0.0000 0.0000 0.0000 
0.1305 0.0000 0.0000 0.8695 
0.0000 0.0000 1.0000 0.0000 
0.0000 0.0000 1.0000 0.0000 
0.0953 0.0645 0.4472 0.3930 
0.2317 0.6716 0.0718 0.0249 
0.7581 0.0176 0.0572 0.1672 
0.2038 0.2742 0.2493 0.2727 

MOTIF filter4 
letter-probability matrix: alength= 4 w= 20 nsites= 20 
0.2071 0.2714 0.2929 0.2286 
0.2857 0.4643 0.2286 0.0214 
0.0214 0.9286 0.0000 0.0500 
0.2714 0.2786 0.2143 0.2357 
0.3143 0.4429 0.0929 0.1500 
0.0214 0.2714 0.1929 0.5143 
0.0000 0.0000 1.0000 0.0000 
0.0500 0.4214 0.0000 0.5286 
0.1357 0.0857 0.7786 0.0000 
0.1857 0.0214 0.0357 0.7571 
0.3786 0.1786 0.1286 0.3143 
0.1714 0.2786 0.0500 0.5000 
0.7786 0.0500 0.1357 0.0357 
0.3429 0.3286 0.2000 0.1286 
0.4714 0.1143 0.3143 0.1000 
0.1429 0.2857 0.0214 0.5500 
0.1071 0.8214 0.0571 0.0143 
0.1643 0.1857 0.3571 0.2929 
0.0643 0.2000 0.0714 0.6643 
0.4929 0.0857 0.0929 0.3286 

MOTIF filter5 
letter-probability matrix: alength= 4 w= 14 nsites= 14 
0.2993 0.2226 0.2445 0.2336 
0.2482 0.2956 0.2372 0.2190 
0.2336 0.2847 0.2190 0.2628 
0.1241 0.0073 0.6898 0.1788 
0.0365 0.8066 0.1241 0.0328 
0.2993 0.3759 0.2263 0.0985 
0.0365 0.0000 0.8905 0.0730 
0.0000 1.0000 0.0000 0.0000 
0.0000 1.0000 0.0000 0.0000 
1.0000 0.0000 0.0000 0.0000 
0.0000 0.0000 0.0000 1.0000 
0.0146 0.4526 0.1606 0.3723 
0.0000 0.0000 0.0000 1.0000 
0.0000 0.0000 0.0000 1.0000 

MOTIF filter6 
letter-probability matrix: alength= 4 w= 12 nsites= 12 
0.2275 0.2491 0.2708 0.2526 
0.4278 0.1991 0.2617 0.1115 
0.2241 0.3288 0.3356 0.1115 
0.0000 1.0000 0.0000 0.0000 
1.0000 0.0000 0.0000 0.0000 
0.0000 0.9989 0.0000 0.0011 
0.0000 0.0000 1.0000 0.0000 
0.0000 0.0000 0.0000 1.0000 
0.0000 0.0000 1.0000 0.0000 
0.1365 0.2981 0.3197 0.2457 
0.1229 0.2503 0.1627 0.4642 
0.2378 0.2457 0.2605 0.2560 

MOTIF filter7 
letter-probability matrix: alength= 4 w= 14 nsites= 14 
0.2108 0.2892 0.1988 0.3012 
0.2048 0.2831 0.2229 0.2892 
0.1084 0.1928 0.4940 0.2048 
0.0000 0.5904 0.1928 0.2169 
0.0301 0.8313 0.0783 0.0602 
0.7831 0.0120 0.1988 0.0060 
0.0000 1.0000 0.0000 0.0000 
0.0000 0.0000 0.0000 1.0000 
0.0000 0.0000 0.0000 1.0000 
0.0000 1.0000 0.0000 0.0000 
0.0000 1.0000 0.0000 0.0000 
0.0000 0.0000 0.9940 0.0060 
0.0000 0.1024 0.8916 0.0060 
0.2590 0.1566 0.2892 0.2952 

MOTIF filter8 
letter-probability matrix: alength= 4 w= 13 nsites= 13 
0.3206 0.5324 0.0441 0.1029 
0.2500 0.2029 0.0706 0.4765 
0.2824 0.1471 0.3235 0.2471 
0.6412 0.0471 0.1147 0.1971 
0.1882 0.3000 0.4882 0.0235 
0.0000 0.0000 0.0000 1.0000 
0.0000 1.0000 0.0000 0.0000 
1.0000 0.0000 0.0000 0.0000 
0.0000 0.0000 1.0000 0.0000 
0.0000 1.0000 0.0000 0.0000 
1.0000 0.0000 0.0000 0.0000 
0.4412 0.1588 0.1324 0.2676 
0.3853 0.0324 0.0000 0.5824 

MOTIF filter9 
letter-probability matrix: alength= 4 w= 20 nsites= 20 
0.2308 0.2708 0.2615 0.2369 
0.4154 0.1723 0.3015 0.1108 
0.0862 0.6523 0.2492 0.0123 
0.1262 0.7815 0.0369 0.0554 
0.7662 0.1415 0.0892 0.0031 
0.0123 0.0031 0.7477 0.2369 
0.4123 0.4092 0.0462 0.1323 
0.0000 0.3631 0.5138 0.1231 
0.0585 0.3385 0.5200 0.0831 
0.1169 0.5662 0.1908 0.1262 
0.2738 0.0492 0.3785 0.2985 
0.2738 0.4738 0.1908 0.0615 
0.0000 0.5108 0.3815 0.1077 
0.0400 0.0708 0.1385 0.7508 
0.4769 0.1846 0.1908 0.1477 
0.0831 0.2492 0.2615 0.4062 
0.3169 0.0369 0.1938 0.4523 
0.0185 0.0000 0.9477 0.0338 
0.3354 0.2277 0.2523 0.1846 
0.3692 0.2185 0.4062 0.0062 

MOTIF filter10 
letter-probability matrix: alength= 4 w= 14 nsites= 14 
0.0286 0.8229 0.0248 0.1238 
0.0000 0.0000 0.0000 1.0000 
1.0000 0.0000 0.0000 0.0000 
0.0400 0.0000 0.0000 0.9600 
0.2552 0.0000 0.0000 0.7448 
0.3619 0.0000 0.0000 0.6381 
0.5943 0.0000 0.0000 0.4057 
0.0000 0.0000 0.0000 1.0000 
1.0000 0.0000 0.0000 0.0000 
0.0057 0.0000 0.9733 0.0210 
0.4667 0.4057 0.0190 0.1086 
0.3505 0.1848 0.2629 0.2019 
0.2400 0.2686 0.2114 0.2800 
0.2571 0.2438 0.2667 0.2324 

MOTIF filter11 
letter-probability matrix: alength= 4 w= 13 nsites= 13 
0.0624 0.8142 0.0189 0.1045 
0.0000 0.0000 0.0000 1.0000 
1.0000 0.0000 0.0000 0.0000 
0.3237 0.0000 0.0000 0.6763 
0.5327 0.0000 0.0000 0.4673 
0.6589 0.0000 0.0000 0.3411 
0.8374 0.0000 0.0000 0.1626 
0.0000 0.0000 0.0000 1.0000 
1.0000 0.0000 0.0000 0.0000 
0.0726 0.0000 0.9274 0.0000 
0.5341 0.3237 0.0406 0.1016 
0.2642 0.2279 0.2598 0.2482 
0.2671 0.2424 0.2569 0.2337 

MOTIF filter12 
letter-probability matrix: alength= 4 w= 14 nsites= 14 
0.5000 0.2137 0.1298 0.1565 
0.0534 0.3817 0.0992 0.4656 
0.0649 0.3130 0.3817 0.2405 
0.4504 0.0573 0.4924 0.0000 
0.6069 0.0076 0.3664 0.0191 
0.0000 1.0000 0.0000 0.0000 
0.0000 1.0000 0.0000 0.0000 
1.0000 0.0000 0.0000 0.0000 
1.0000 0.0000 0.0000 0.0000 
0.0000 0.0000 0.0000 1.0000 
0.0000 0.8397 0.1603 0.0000 
0.8740 0.0000 0.1260 0.0000 
0.0420 0.0305 0.9275 0.0000 
0.2176 0.2748 0.2519 0.2557 

MOTIF filter13 
letter-probability matrix: alength= 4 w= 20 nsites= 20 
0.2920 0.2431 0.2219 0.2431 
0.1240 0.0669 0.0392 0.7700 
0.0261 0.0587 0.7341 0.1811 
0.3899 0.4470 0.0457 0.1175 
0.0000 1.0000 0.0000 0.0000 
0.0000 1.0000 0.0000 0.0000 
0.8760 0.0000 0.0016 0.1223 
0.0016 0.0000 0.0000 0.9984 
1.0000 0.0000 0.0000 0.0000 
0.0000 0.0000 0.0000 1.0000 
1.0000 0.0000 0.0000 0.0000 
0.0946 0.0016 0.0000 0.9038 
0.0000 0.0033 0.9967 0.0000 
0.0000 0.0000 1.0000 0.0000 
0.0718 0.0424 0.4062 0.4796 
0.1974 0.7015 0.0767 0.0245 
0.7749 0.0098 0.0473 0.1680 
0.2447 0.2463 0.2675 0.2414 
0.2186 0.2643 0.2626 0.2545 
0.2529 0.2251 0.2561 0.2659 

MOTIF filter14 
letter-probability matrix: alength= 4 w= 16 nsites= 16 
0.2263 0.2080 0.2810 0.2847 
0.2263 0.2117 0.2847 0.2774 
0.2190 0.2445 0.3102 0.2263 
0.2774 0.0365 0.6496 0.0365 
0.1058 0.0000 0.8540 0.0401 
0.1022 0.0000 0.8978 0.0000 
0.0000 0.0000 1.0000 0.0000 
0.0000 0.0000 1.0000 0.0000 
0.3029 0.5693 0.0000 0.1277 
0.0000 0.0000 1.0000 0.0000 
0.0000 0.0000 1.0000 0.0000 
0.1058 0.0000 0.8942 0.0000 
0.1533 0.0182 0.8285 0.0000 
0.1606 0.5803 0.1861 0.0730 
0.3139 0.2007 0.2956 0.1898 
0.2372 0.2883 0.2336 0.2409 

MOTIF filter15 
letter-probability matrix: alength= 4 w= 20 nsites= 20 
0.1702 0.3617 0.2340 0.2340 
0.1277 0.5957 0.0426 0.2340 
0.0426 0.1702 0.5745 0.2128 
0.0851 0.0638 0.7872 0.0638 
0.2979 0.1277 0.0426 0.5319 
0.6383 0.0638 0.0638 0.2340 
0.0000 0.1489 0.0213 0.8298 
0.1277 0.5319 0.2128 0.1277 
0.0213 0.0426 0.0000 0.9362 
0.1915 0.0000 0.0213 0.7872 
0.2766 0.0426 0.1915 0.4894 
0.8298 0.0000 0.1277 0.0426 
0.9362 0.0000 0.0426 0.0213 
0.0851 0.0851 0.0851 0.7447 
0.0000 0.1489 0.0213 0.8298 
0.6596 0.0213 0.0426 0.2766 
0.4894 0.0426 0.4255 0.0426 
0.6383 0.1277 0.1915 0.0426 
0.0213 0.2340 0.1489 0.5957 
0.2553 0.2340 0.0638 0.4468 

MOTIF filter16 
letter-probability matrix: alength= 4 w= 15 nsites= 15 
0.2093 0.1860 0.2791 0.3256 
0.0698 0.3256 0.3721 0.2326 
0.5349 0.3023 0.1163 0.0465 
0.3023 0.0000 0.6977 0.0000 
0.0000 0.0000 0.0000 1.0000 
1.0000 0.0000 0.0000 0.0000 
0.4186 0.0000 0.0233 0.5581 
0.1163 0.0233 0.0698 0.7907 
0.8140 0.0000 0.0233 0.1628 
0.6279 0.0000 0.0233 0.3488 
0.0233 0.0000 0.0000 0.9767 
0.8605 0.0930 0.0000 0.0465 
0.2791 0.0698 0.4186 0.2326 
0.1860 0.3953 0.1395 0.2791 
0.2558 0.0465 0.5349 0.1628 

MOTIF filter17 
letter-probability matrix: alength= 4 w= 19 nsites= 19 
0.1642 0.3134 0.1493 0.3731 
0.2836 0.0597 0.2537 0.4030 
0.3881 0.0597 0.3881 0.1642 
0.0896 0.0448 0.8507 0.0149 
0.0299 0.0000 0.0000 0.9701 
0.1493 0.0597 0.2388 0.5522 
0.4328 0.1791 0.1642 0.2239 
0.3731 0.5373 0.0149 0.0746 
0.2836 0.4776 0.0597 0.1791 
0.1343 0.5522 0.0000 0.3134 
0.8358 0.1045 0.0448 0.0149 
0.0448 0.0299 0.6119 0.3134 
0.2836 0.1045 0.0000 0.6119 
0.5075 0.0149 0.0896 0.3881 
0.3881 0.2090 0.2836 0.1194 
0.9403 0.0000 0.0000 0.0597 
0.7761 0.0000 0.1493 0.0746 
0.3433 0.5075 0.0299 0.1194 
0.0448 0.0000 0.6567 0.2985 

MOTIF filter18 
letter-probability matrix: alength= 4 w= 13 nsites= 13 
0.0747 0.4235 0.2384 0.2633 
0.0890 0.5694 0.1744 0.1673 
0.7082 0.0036 0.2633 0.0249 
0.0000 0.9822 0.0000 0.0178 
0.0000 0.0000 0.0000 1.0000 
0.0000 0.0000 0.0000 1.0000 
0.0000 1.0000 0.0000 0.0000 
0.0000 1.0000 0.0000 0.0000 
0.0000 0.0000 0.9893 0.0107 
0.0000 0.1068 0.8826 0.0107 
0.2100 0.2384 0.2313 0.3203 
0.1281 0.3060 0.2705 0.2954 
0.2847 0.1922 0.2420 0.2811 

MOTIF filter19 
letter-probability matrix: alength= 4 w= 13 nsites= 13 
0.2447 0.2355 0.2609 0.2589 
0.2305 0.1695 0.3949 0.2051 
0.4000 0.2264 0.3645 0.0091 
0.0000 0.0000 0.0000 1.0000 
0.0000 0.0000 1.0000 0.0000 
1.0000 0.0000 0.0000 0.0000 
0.0010 0.5015 0.4975 0.0000 
0.0000 0.0000 0.0000 1.0000 
0.0000 1.0000 0.0000 0.0000 
1.0000 0.0000 0.0000 0.0000 
0.0061 0.3269 0.2558 0.4112 
0.2162 0.3594 0.1919 0.2325 
0.2589 0.2254 0.2721 0.2437 

MOTIF filter20 
letter-probability matrix: alength= 4 w= 16 nsites= 16 
0.2033 0.3211 0.2317 0.2439 
0.2642 0.2480 0.2886 0.1992 
0.2439 0.2683 0.2358 0.2520 
0.5528 0.0122 0.1179 0.3171 
0.6423 0.0000 0.0244 0.3333 
0.5081 0.0000 0.0000 0.4919 
0.3252 0.1545 0.1220 0.3984 
0.0000 0.0000 0.0000 1.0000 
0.0000 0.0000 1.0000 0.0000 
0.0000 1.0000 0.0000 0.0000 
0.0000 0.0000 0.0000 1.0000 
0.0000 0.0000 1.0000 0.0000 
1.0000 0.0000 0.0000 0.0000 
0.0244 0.5854 0.2439 0.1463 
0.2276 0.0691 0.0447 0.6585 
0.1016 0.4309 0.1016 0.3659 

MOTIF filter21 
letter-probability matrix: alength= 4 w= 16 nsites= 16 
0.2717 0.2717 0.1957 0.2609 
0.1304 0.7101 0.1232 0.0362 
1.0000 0.0000 0.0000 0.0000 
1.0000 0.0000 0.0000 0.0000 
0.4420 0.0688 0.4891 0.0000 
1.0000 0.0000 0.0000 0.0000 
0.0000 0.0000 0.0000 1.0000 
0.0000 0.0000 1.0000 0.0000 
0.0000 0.0000 1.0000 0.0000 
0.0254 0.9167 0.0000 0.0580 
0.1341 0.1993 0.4130 0.2536 
0.0942 0.0507 0.8007 0.0543 
0.1341 0.7826 0.0217 0.0616 
0.2609 0.2101 0.2355 0.2935 
0.2283 0.2717 0.2971 0.2029 
0.2609 0.2464 0.2717 0.2210 

MOTIF filter22 
letter-probability matrix: alength= 4 w= 20 nsites= 20 
0.1628 0.3023 0.2791 0.2558 
0.0698 0.0233 0.2558 0.6512 
0.3488 0.1395 0.3488 0.1628 
0.3488 0.0698 0.3023 0.2791 
0.0465 0.3953 0.1395 0.4186 
0.0698 0.0930 0.0930 0.7442 
0.3488 0.1163 0.1628 0.3721 
0.0698 0.7907 0.0930 0.0465 
0.8837 0.0698 0.0465 0.0000 
0.2558 0.6512 0.0233 0.0698 
0.0930 0.5349 0.0698 0.3023 
0.0930 0.2326 0.4419 0.2326 
0.0000 0.0698 0.0465 0.8837 
0.9535 0.0000 0.0000 0.0465 
0.0465 0.0233 0.0000 0.9302 
0.2558 0.1628 0.1628 0.4186 
0.7442 0.0698 0.0930 0.0930 
0.9535 0.0233 0.0233 0.0000 
0.2791 0.0465 0.0698 0.6047 
0.0930 0.4186 0.3256 0.1628 

MOTIF filter23 
letter-probability matrix: alength= 4 w= 20 nsites= 20 
0.1744 0.3023 0.3023 0.2209 
0.6047 0.1395 0.2209 0.0349 
0.6744 0.1163 0.0814 0.1279 
0.1163 0.0698 0.0000 0.8140 
0.1279 0.4535 0.3605 0.0581 
1.0000 0.0000 0.0000 0.0000 
0.1512 0.4070 0.3023 0.1395 
0.2442 0.0814 0.2326 0.4419 
0.0930 0.3488 0.1047 0.4535 
0.3953 0.3372 0.2558 0.0116 
0.0233 0.1977 0.5814 0.1977 
0.6744 0.0116 0.1860 0.1279 
0.2442 0.4884 0.1512 0.1163 
0.0581 0.7326 0.0581 0.1512 
0.8372 0.0000 0.0000 0.1628 
0.0930 0.3140 0.4070 0.1860 
0.0116 0.9884 0.0000 0.0000 
0.4419 0.3488 0.1628 0.0465 
0.0465 0.2791 0.0930 0.5814 
0.1163 0.1977 0.0698 0.6163 

MOTIF filter24 
letter-probability matrix: alength= 4 w= 16 nsites= 16 
0.3590 0.1923 0.2724 0.1763 
0.2885 0.3269 0.1955 0.1891 
0.0513 0.2019 0.4808 0.2660 
0.0000 0.8814 0.0064 0.1122 
0.0000 0.8750 0.0000 0.1250 
0.0000 1.0000 0.0000 0.0000 
0.0000 1.0000 0.0000 0.0000 
0.0865 0.0000 0.6058 0.3077 
0.0000 1.0000 0.0000 0.0000 
0.0000 1.0000 0.0000 0.0000 
0.0000 0.8077 0.0000 0.1923 
0.0641 0.8365 0.0000 0.0994 
0.0321 0.6571 0.0160 0.2949 
0.2821 0.2372 0.2308 0.2500 
0.2949 0.2372 0.2212 0.2468 
0.2628 0.3141 0.1987 0.2244 

MOTIF filter25 
letter-probability matrix: alength= 4 w= 20 nsites= 20 
0.2000 0.4000 0.2000 0.2000 
0.0000 0.0000 0.6000 0.4000 
0.0000 0.2000 0.6000 0.2000 
0.0000 0.2000 0.8000 0.0000 
1.0000 0.0000 0.0000 0.0000 
1.0000 0.0000 0.0000 0.0000 
1.0000 0.0000 0.0000 0.0000 
0.0000 0.0000 1.0000 0.0000 
0.0000 0.2000 0.0000 0.8000 
0.0000 1.0000 0.0000 0.0000 
0.0000 0.4000 0.4000 0.2000 
0.0000 0.2000 0.0000 0.8000 
0.0000 0.8000 0.2000 0.0000 
0.6000 0.2000 0.0000 0.2000 
0.0000 0.2000 0.0000 0.8000 
0.0000 0.6000 0.0000 0.4000 
0.4000 0.6000 0.0000 0.0000 
0.6000 0.0000 0.0000 0.4000 
0.2000 0.6000 0.2000 0.0000 
1.0000 0.0000 0.0000 0.0000 

MOTIF filter26 
letter-probability matrix: alength= 4 w= 12 nsites= 12 
0.1561 0.5723 0.0983 0.1734 
0.0000 0.0000 1.0000 0.0000 
0.0000 0.0000 1.0000 0.0000 
1.0000 0.0000 0.0000 0.0000 
1.0000 0.0000 0.0000 0.0000 
0.0058 0.0000 0.9942 0.0000 
0.0347 0.2370 0.0000 0.7283 
0.1503 0.0347 0.8150 0.0000 
0.1272 0.4566 0.4162 0.0000 
0.2890 0.3699 0.1618 0.1792 
0.2543 0.2775 0.2081 0.2601 
0.1676 0.3642 0.2312 0.2370 

MOTIF filter27 
letter-probability matrix: alength= 4 w= 19 nsites= 19 
0.2778 0.1296 0.2407 0.3519 
0.0000 0.2407 0.0370 0.7222 
0.5926 0.0000 0.3889 0.0185 
0.1296 0.0556 0.0185 0.7963 
0.8519 0.0185 0.0370 0.0926 
0.3519 0.0185 0.3333 0.2963 
0.4259 0.1296 0.2963 0.1481 
0.7037 0.0370 0.2407 0.0185 
0.5556 0.0000 0.1852 0.2593 
0.0000 0.2037 0.0185 0.7778 
0.7963 0.0000 0.0556 0.1481 
0.8333 0.0185 0.0741 0.0741 
0.2037 0.7407 0.0185 0.0370 
0.4444 0.2778 0.1481 0.1296 
0.1852 0.0000 0.3519 0.4630 
0.0741 0.0926 0.0185 0.8148 
0.5556 0.2778 0.0370 0.1296 
0.4259 0.3704 0.1852 0.0185 
0.0370 0.3889 0.1481 0.4259 

MOTIF filter28 
letter-probability matrix: alength= 4 w= 14 nsites= 14 
0.2627 0.2602 0.2259 0.2513 
0.1332 0.1967 0.1624 0.5076 
0.0000 0.0000 0.0000 1.0000 
0.0000 0.0000 0.0000 1.0000 
0.0343 0.9657 0.0000 0.0000 
0.0000 0.7855 0.0000 0.2145 
0.2614 0.2272 0.2297 0.2817 
0.2030 0.0000 0.7931 0.0038 
0.0000 0.0000 0.9772 0.0228 
1.0000 0.0000 0.0000 0.0000 
1.0000 0.0000 0.0000 0.0000 
0.5152 0.1218 0.2107 0.1523 
0.2411 0.2703 0.2449 0.2437 
0.2589 0.2259 0.2640 0.2513 

MOTIF filter29 
letter-probability matrix: alength= 4 w= 20 nsites= 20 
0.2414 0.2931 0.2931 0.1724 
0.1034 0.6293 0.0086 0.2586 
0.1724 0.5345 0.2328 0.0603 
0.0948 0.7155 0.1121 0.0776 
0.1121 0.2672 0.5172 0.1034 
0.2069 0.0603 0.0431 0.6897 
0.0948 0.1379 0.7500 0.0172 
0.3103 0.6034 0.0345 0.0517 
0.2931 0.6034 0.0862 0.0172 
0.3103 0.5000 0.1552 0.0345 
0.8017 0.0086 0.0603 0.1293 
0.0172 0.1466 0.4655 0.3707 
0.5259 0.1552 0.0000 0.3190 
0.2155 0.1207 0.0690 0.5948 
0.6552 0.0517 0.0862 0.2069 
0.6897 0.0000 0.0172 0.2931 
0.6724 0.1034 0.2241 0.0000 
0.0086 0.1293 0.3879 0.4741 
0.0517 0.0690 0.1466 0.7328 
0.2931 0.0000 0.0345 0.6724 

MOTIF filter30 
letter-probability matrix: alength= 4 w= 19 nsites= 19 
0.3125 0.2500 0.1875 0.2500 
0.1875 0.1250 0.3750 0.3125 
0.5000 0.1875 0.1875 0.1250 
0.0000 0.0000 0.1250 0.8750 
0.0000 0.1250 0.1875 0.6875 
0.0000 0.9375 0.0000 0.0625 
0.0000 0.0000 0.0625 0.9375 
0.9375 0.0000 0.0625 0.0000 
0.0000 0.0625 0.0000 0.9375 
0.0000 0.0000 0.0000 1.0000 
0.0625 0.0000 0.0000 0.9375 
0.0625 0.0000 0.0625 0.8750 
0.1875 0.0000 0.0625 0.7500 
0.8750 0.0000 0.1250 0.0000 
0.0000 0.0000 0.3750 0.6250 
0.0625 0.8750 0.0000 0.0625 
0.0625 0.3750 0.3125 0.2500 
0.1250 0.5625 0.2500 0.0625 
0.4375 0.0625 0.3125 0.1875 

MOTIF filter31 
letter-probability matrix: alength= 4 w= 15 nsites= 15 
0.2500 0.2619 0.1905 0.2976 
0.2460 0.1905 0.2778 0.2857 
0.2579 0.2500 0.2500 0.2421 
0.0000 0.9127 0.0873 0.0000 
0.0000 1.0000 0.0000 0.0000 
0.0000 0.0000 1.0000 0.0000 
0.0000 0.0000 1.0000 0.0000 
1.0000 0.0000 0.0000 0.0000 
1.0000 0.0000 0.0000 0.0000 
0.0079 0.0079 0.9841 0.0000 
0.0000 0.3214 0.0079 0.6706 
0.1825 0.0754 0.7262 0.0159 
0.3016 0.1984 0.4881 0.0119 
0.2024 0.3968 0.2341 0.1667 
0.1944 0.3294 0.2857 0.1905 

