MEME version 4

ALPHABET= ACGT

Background letter frequencies:
A 0.2500 C 0.2500 G 0.2500 T 0.2500 

MOTIF filter0 
letter-probability matrix: alength= 4 w= 12 nsites= 12 
0.2835 0.2439 0.2082 0.2644 
0.2605 0.2478 0.2439 0.2478 
0.1430 0.2031 0.1456 0.5083 
0.0000 0.0000 0.0000 1.0000 
0.0000 0.0000 0.0000 1.0000 
0.0396 0.9604 0.0000 0.0000 
0.0013 0.7880 0.0000 0.2107 
0.2593 0.2248 0.2388 0.2771 
0.2095 0.0000 0.7905 0.0000 
0.0000 0.0000 0.9808 0.0192 
1.0000 0.0000 0.0000 0.0000 
1.0000 0.0000 0.0000 0.0000 

MOTIF filter1 
letter-probability matrix: alength= 4 w= 15 nsites= 15 
0.2664 0.2220 0.2645 0.2471 
0.2722 0.2954 0.2297 0.2027 
0.2625 0.2683 0.2259 0.2432 
0.0521 0.0116 0.3340 0.6023 
0.0019 0.9286 0.0000 0.0695 
0.0000 0.0000 0.0000 1.0000 
1.0000 0.0000 0.0000 0.0000 
0.1332 0.0000 0.0000 0.8668 
0.3938 0.0000 0.0000 0.6062 
0.4846 0.0000 0.0000 0.5154 
0.6737 0.0000 0.0000 0.3263 
0.0000 0.0000 0.0000 1.0000 
1.0000 0.0000 0.0000 0.0000 
0.0193 0.0000 0.9749 0.0058 
0.5232 0.3668 0.0270 0.0830 

MOTIF filter2 
letter-probability matrix: alength= 4 w= 20 nsites= 20 
0.1867 0.2133 0.2400 0.3600 
0.4933 0.2933 0.1333 0.0800 
0.0933 0.4400 0.1600 0.3067 
0.1200 0.6400 0.0800 0.1600 
0.0000 0.1333 0.8533 0.0133 
0.1867 0.0267 0.5733 0.2133 
0.8133 0.0533 0.0400 0.0933 
0.9467 0.0000 0.0133 0.0400 
0.3600 0.5733 0.0400 0.0267 
0.1467 0.0000 0.0133 0.8400 
0.0133 0.1333 0.2133 0.6400 
0.1467 0.5200 0.2667 0.0667 
0.0267 0.9067 0.0267 0.0400 
0.3600 0.0267 0.5467 0.0667 
0.2800 0.0533 0.5600 0.1067 
0.1867 0.0400 0.0933 0.6800 
0.1467 0.4000 0.0800 0.3733 
0.2667 0.2933 0.0800 0.3600 
0.5600 0.3067 0.0933 0.0400 
0.5867 0.0533 0.1600 0.2000 

MOTIF filter3 
letter-probability matrix: alength= 4 w= 18 nsites= 18 
0.2652 0.5591 0.0323 0.1434 
0.2258 0.2186 0.0645 0.4910 
0.2975 0.1577 0.2796 0.2652 
0.6308 0.0430 0.1004 0.2258 
0.1792 0.3011 0.4839 0.0358 
0.0000 0.0000 0.0000 1.0000 
0.0036 0.9964 0.0000 0.0000 
1.0000 0.0000 0.0000 0.0000 
0.0000 0.0000 0.9964 0.0036 
0.0000 1.0000 0.0000 0.0000 
1.0000 0.0000 0.0000 0.0000 
0.4767 0.1577 0.1183 0.2473 
0.4444 0.0358 0.0000 0.5197 
0.4265 0.0358 0.0000 0.5376 
0.3262 0.1004 0.0036 0.5699 
0.2832 0.2581 0.2366 0.2222 
0.2975 0.2760 0.2294 0.1971 
0.2330 0.2688 0.2545 0.2437 

MOTIF filter4 
letter-probability matrix: alength= 4 w= 14 nsites= 14 
0.1150 0.2183 0.4061 0.2606 
0.0000 0.7934 0.0211 0.1854 
0.0000 0.8662 0.0000 0.1338 
0.0000 1.0000 0.0000 0.0000 
0.0000 1.0000 0.0000 0.0000 
0.1103 0.0000 0.6033 0.2864 
0.0000 1.0000 0.0000 0.0000 
0.0000 1.0000 0.0000 0.0000 
0.0000 0.7934 0.0000 0.2066 
0.0939 0.7817 0.0000 0.1244 
0.0469 0.6526 0.0469 0.2535 
0.2629 0.2512 0.2465 0.2394 
0.2770 0.2347 0.2535 0.2347 
0.2324 0.2887 0.2465 0.2324 

MOTIF filter5 
letter-probability matrix: alength= 4 w= 20 nsites= 20 
0.1429 0.3571 0.3571 0.1429 
0.1429 0.6429 0.0000 0.2143 
0.3571 0.1429 0.0714 0.4286 
1.0000 0.0000 0.0000 0.0000 
0.0000 0.3571 0.1429 0.5000 
0.7857 0.1429 0.0000 0.0714 
1.0000 0.0000 0.0000 0.0000 
0.9286 0.0000 0.0714 0.0000 
0.9286 0.0000 0.0000 0.0714 
0.5714 0.0000 0.2857 0.1429 
0.6429 0.3571 0.0000 0.0000 
0.0000 0.0000 0.2143 0.7857 
0.5714 0.0714 0.2857 0.0714 
0.2143 0.2143 0.3571 0.2143 
0.5000 0.5000 0.0000 0.0000 
0.7857 0.2143 0.0000 0.0000 
0.8571 0.1429 0.0000 0.0000 
0.2857 0.4286 0.0000 0.2857 
0.2857 0.5714 0.0714 0.0714 
0.6429 0.0000 0.3571 0.0000 

MOTIF filter6 
letter-probability matrix: alength= 4 w= 19 nsites= 19 
0.1569 0.0792 0.0455 0.7185 
0.0176 0.0909 0.6716 0.2199 
0.4384 0.4047 0.0499 0.1070 
0.0000 1.0000 0.0000 0.0000 
0.0000 0.9985 0.0000 0.0015 
0.8138 0.0000 0.0029 0.1833 
0.0000 0.0000 0.0000 1.0000 
1.0000 0.0000 0.0000 0.0000 
0.0000 0.0000 0.0000 1.0000 
0.9971 0.0000 0.0000 0.0029 
0.1114 0.0000 0.0000 0.8886 
0.0000 0.0000 1.0000 0.0000 
0.0000 0.0000 1.0000 0.0000 
0.0909 0.0499 0.4194 0.4399 
0.2273 0.6804 0.0718 0.0205 
0.7947 0.0117 0.0543 0.1393 
0.2126 0.2757 0.2346 0.2771 
0.2199 0.2830 0.2551 0.2419 
0.2434 0.2346 0.2698 0.2522 

MOTIF filter7 
letter-probability matrix: alength= 4 w= 15 nsites= 15 
0.1980 0.2617 0.2383 0.3020 
0.1443 0.2081 0.3591 0.2886 
0.0101 0.5067 0.2081 0.2752 
0.0570 0.6544 0.1577 0.1309 
0.7349 0.0000 0.2483 0.0168 
0.0000 0.9698 0.0000 0.0302 
0.0000 0.0000 0.0000 1.0000 
0.0000 0.0000 0.0000 1.0000 
0.0000 1.0000 0.0000 0.0000 
0.0000 1.0000 0.0000 0.0000 
0.0000 0.0000 0.9966 0.0034 
0.0000 0.1611 0.8356 0.0034 
0.2315 0.2215 0.2483 0.2987 
0.2148 0.2349 0.3054 0.2450 
0.2919 0.1913 0.2483 0.2685 

MOTIF filter8 
letter-probability matrix: alength= 4 w= 16 nsites= 16 
0.2028 0.2972 0.2448 0.2552 
0.2867 0.2413 0.2483 0.2238 
0.2517 0.3007 0.2308 0.2168 
0.6049 0.0070 0.1434 0.2448 
0.5559 0.0175 0.0455 0.3811 
0.4056 0.0000 0.0210 0.5734 
0.3322 0.1888 0.1503 0.3287 
0.0000 0.0000 0.0000 1.0000 
0.0000 0.0000 1.0000 0.0000 
0.0000 1.0000 0.0000 0.0000 
0.0000 0.0000 0.0000 1.0000 
0.0000 0.0000 1.0000 0.0000 
1.0000 0.0000 0.0000 0.0000 
0.0490 0.4965 0.2972 0.1573 
0.2273 0.1329 0.0385 0.6014 
0.2063 0.3392 0.0804 0.3741 

MOTIF filter9 
letter-probability matrix: alength= 4 w= 13 nsites= 13 
0.2393 0.2393 0.2643 0.2571 
0.2643 0.2071 0.2786 0.2500 
0.2357 0.2643 0.2571 0.2429 
0.0000 0.9143 0.0857 0.0000 
0.0036 0.9964 0.0000 0.0000 
0.0000 0.0000 1.0000 0.0000 
0.0000 0.0000 1.0000 0.0000 
1.0000 0.0000 0.0000 0.0000 
1.0000 0.0000 0.0000 0.0000 
0.0000 0.0000 1.0000 0.0000 
0.0321 0.3179 0.0071 0.6429 
0.1857 0.0857 0.6893 0.0393 
0.2679 0.2357 0.4857 0.0107 

MOTIF filter10 
letter-probability matrix: alength= 4 w= 20 nsites= 20 
0.2564 0.2308 0.2821 0.2308 
0.2308 0.1282 0.0769 0.5641 
0.8974 0.0769 0.0000 0.0256 
0.2308 0.1538 0.4359 0.1795 
0.1282 0.0256 0.0256 0.8205 
0.2564 0.6667 0.0769 0.0000 
0.6667 0.0513 0.0000 0.2821 
0.0769 0.3846 0.1026 0.4359 
0.3077 0.1282 0.0513 0.5128 
0.0513 0.1538 0.6410 0.1538 
0.2051 0.4103 0.0513 0.3333 
0.0000 0.1026 0.0000 0.8974 
0.4359 0.0769 0.2821 0.2051 
0.2821 0.0000 0.0769 0.6410 
0.8974 0.0256 0.0769 0.0000 
0.3333 0.0769 0.0000 0.5897 
0.0256 0.0000 0.1538 0.8205 
0.2308 0.0000 0.6667 0.1026 
0.0256 0.3077 0.0513 0.6154 
0.6410 0.0769 0.2821 0.0000 

MOTIF filter11 
letter-probability matrix: alength= 4 w= 20 nsites= 20 
0.3226 0.1935 0.2903 0.1935 
0.2258 0.1613 0.6129 0.0000 
0.6452 0.2581 0.0645 0.0323 
0.0000 0.8710 0.1290 0.0000 
0.4194 0.1290 0.4194 0.0323 
0.0645 0.1613 0.3871 0.3871 
0.0000 0.3226 0.1935 0.4839 
0.8387 0.0323 0.0323 0.0968 
0.0323 0.1613 0.0000 0.8065 
0.4194 0.4839 0.0000 0.0968 
0.3871 0.3226 0.2581 0.0323 
0.3226 0.1290 0.2903 0.2581 
0.1613 0.3548 0.3871 0.0968 
0.0000 0.9355 0.0645 0.0000 
0.5161 0.2581 0.2258 0.0000 
0.5161 0.4516 0.0323 0.0000 
0.0000 0.4839 0.2258 0.2903 
0.1613 0.2903 0.0000 0.5484 
0.0000 0.0000 1.0000 0.0000 
0.0000 0.0000 0.0000 1.0000 

MOTIF filter12 
letter-probability matrix: alength= 4 w= 20 nsites= 20 
0.2280 0.2500 0.2560 0.2660 
0.2060 0.3120 0.2280 0.2540 
0.2600 0.3040 0.2220 0.2140 
0.0920 0.0480 0.0060 0.8540 
0.0200 0.0480 0.8020 0.1300 
0.4080 0.4380 0.0460 0.1080 
0.0000 1.0000 0.0000 0.0000 
0.0000 1.0000 0.0000 0.0000 
0.9200 0.0000 0.0000 0.0800 
0.0000 0.0000 0.0000 1.0000 
1.0000 0.0000 0.0000 0.0000 
0.0000 0.0000 0.0000 1.0000 
1.0000 0.0000 0.0000 0.0000 
0.1180 0.0020 0.0000 0.8800 
0.0000 0.0000 1.0000 0.0000 
0.0000 0.0000 0.9980 0.0020 
0.1000 0.0520 0.3320 0.5160 
0.2540 0.6220 0.1100 0.0140 
0.7000 0.0100 0.0720 0.2180 
0.2180 0.2500 0.2560 0.2760 

MOTIF filter13 
letter-probability matrix: alength= 4 w= 20 nsites= 20 
0.2000 0.3400 0.1600 0.3000 
0.6600 0.0800 0.0600 0.2000 
0.0000 0.4800 0.0000 0.5200 
0.5000 0.2800 0.1200 0.1000 
0.8200 0.0200 0.0200 0.1400 
0.0800 0.0200 0.0000 0.9000 
0.0200 0.0000 0.0000 0.9800 
0.1400 0.3600 0.0200 0.4800 
0.9000 0.0800 0.0000 0.0200 
0.9600 0.0000 0.0000 0.0400 
0.0200 0.0600 0.2800 0.6400 
0.1400 0.2800 0.1800 0.4000 
0.4000 0.1400 0.0000 0.4600 
0.5000 0.0800 0.0200 0.4000 
0.1800 0.4600 0.3000 0.0600 
0.2800 0.5200 0.1000 0.1000 
0.5200 0.0000 0.1800 0.3000 
0.3200 0.0800 0.4200 0.1800 
0.1200 0.0600 0.6200 0.2000 
0.4600 0.0600 0.3600 0.1200 

MOTIF filter14 
letter-probability matrix: alength= 4 w= 20 nsites= 20 
0.1667 0.1905 0.3095 0.3333 
0.2619 0.2381 0.2619 0.2381 
0.2857 0.0238 0.1905 0.5000 
0.0952 0.9048 0.0000 0.0000 
0.0238 0.9762 0.0000 0.0000 
1.0000 0.0000 0.0000 0.0000 
0.9524 0.0000 0.0238 0.0238 
0.0000 0.0714 0.0714 0.8571 
0.5000 0.2381 0.2619 0.0000 
1.0000 0.0000 0.0000 0.0000 
0.0000 0.4762 0.5238 0.0000 
0.1429 0.6190 0.2143 0.0238 
0.2619 0.0476 0.3333 0.3571 
0.3810 0.0238 0.2143 0.3810 
0.0476 0.1905 0.3095 0.4524 
0.1667 0.0714 0.3810 0.3810 
0.1667 0.0476 0.5238 0.2619 
0.1905 0.2619 0.1429 0.4048 
0.6429 0.0238 0.0476 0.2857 
0.3333 0.3333 0.0476 0.2857 

MOTIF filter15 
letter-probability matrix: alength= 4 w= 20 nsites= 20 
0.1930 0.2632 0.2982 0.2456 
0.4561 0.2632 0.2281 0.0526 
0.0526 0.8947 0.0526 0.0000 
0.3509 0.2456 0.2982 0.1053 
0.4035 0.5263 0.0351 0.0351 
0.7895 0.0351 0.1754 0.0000 
0.2632 0.5439 0.0526 0.1404 
0.0000 0.0000 0.9474 0.0526 
0.1754 0.1930 0.0175 0.6140 
0.0175 0.0877 0.8947 0.0000 
0.0702 0.0702 0.6491 0.2105 
0.1754 0.4386 0.0877 0.2982 
0.0000 0.8596 0.1404 0.0000 
0.3860 0.1404 0.4561 0.0175 
0.7018 0.0877 0.1228 0.0877 
0.1579 0.0526 0.3509 0.4386 
0.1579 0.7368 0.0000 0.1053 
0.5088 0.0702 0.1930 0.2281 
0.0000 0.2632 0.6491 0.0877 
0.1754 0.1579 0.5439 0.1228 

MOTIF filter16 
letter-probability matrix: alength= 4 w= 20 nsites= 20 
0.2750 0.2500 0.2500 0.2250 
0.0250 0.7625 0.0375 0.1750 
0.4375 0.2125 0.1500 0.2000 
0.0875 0.1250 0.1375 0.6500 
0.3125 0.0625 0.5500 0.0750 
0.2375 0.1500 0.3125 0.3000 
0.2000 0.1000 0.0750 0.6250 
0.0875 0.8000 0.0875 0.0250 
0.9500 0.0000 0.0125 0.0375 
0.1625 0.5000 0.1750 0.1625 
0.1000 0.3625 0.3250 0.2125 
0.0125 0.0000 0.9875 0.0000 
0.5250 0.0125 0.2625 0.2000 
0.9125 0.0625 0.0250 0.0000 
0.0875 0.4250 0.3250 0.1625 
0.6375 0.0000 0.2625 0.1000 
0.2250 0.2875 0.3250 0.1625 
0.1500 0.3750 0.0625 0.4125 
0.2000 0.4125 0.3875 0.0000 
0.7125 0.0125 0.2750 0.0000 

MOTIF filter17 
letter-probability matrix: alength= 4 w= 20 nsites= 20 
0.2885 0.1346 0.3077 0.2692 
0.1154 0.5962 0.1538 0.1346 
0.0577 0.1154 0.7885 0.0385 
0.3846 0.1154 0.3846 0.1154 
0.1538 0.1346 0.6538 0.0577 
0.0192 0.5385 0.4038 0.0385 
0.3462 0.3269 0.1154 0.2115 
0.1731 0.3462 0.3077 0.1731 
0.2308 0.5962 0.0769 0.0962 
0.1346 0.2308 0.5962 0.0385 
0.0192 0.2115 0.6346 0.1346 
0.0385 0.9038 0.0000 0.0577 
0.9808 0.0192 0.0000 0.0000 
0.0192 0.9808 0.0000 0.0000 
0.0385 0.0000 0.9423 0.0192 
0.0962 0.0769 0.0192 0.8077 
0.0000 0.0192 0.9423 0.0385 
0.2500 0.3269 0.1346 0.2885 
0.0962 0.4038 0.0000 0.5000 
0.1346 0.1154 0.3654 0.3846 

MOTIF filter18 
letter-probability matrix: alength= 4 w= 20 nsites= 20 
0.2452 0.2839 0.2516 0.2194 
0.3097 0.2194 0.2452 0.2258 
0.2065 0.2839 0.1871 0.3226 
0.5161 0.0129 0.0903 0.3806 
0.7871 0.0065 0.0000 0.2065 
0.5290 0.0000 0.0000 0.4710 
0.3548 0.1484 0.0774 0.4194 
0.0129 0.0000 0.0000 0.9871 
0.0000 0.0000 1.0000 0.0000 
0.0000 1.0000 0.0000 0.0000 
0.0000 0.0000 0.0000 1.0000 
0.0000 0.0000 1.0000 0.0000 
1.0000 0.0000 0.0000 0.0000 
0.0129 0.5871 0.2645 0.1355 
0.2194 0.0323 0.0258 0.7226 
0.0968 0.4323 0.0774 0.3935 
0.5355 0.0258 0.2000 0.2387 
0.1484 0.0000 0.6710 0.1806 
0.2387 0.2000 0.3097 0.2516 
0.3677 0.1355 0.2387 0.2581 

MOTIF filter19 
letter-probability matrix: alength= 4 w= 13 nsites= 13 
0.2877 0.0755 0.5047 0.1321 
0.0472 0.0000 0.9387 0.0142 
0.1038 0.0000 0.8962 0.0000 
0.0000 0.0000 1.0000 0.0000 
0.0000 0.0000 1.0000 0.0000 
0.2689 0.6179 0.0000 0.1132 
0.0000 0.0000 1.0000 0.0000 
0.0000 0.0000 1.0000 0.0000 
0.1038 0.0000 0.8962 0.0000 
0.0566 0.0000 0.9434 0.0000 
0.1557 0.6179 0.1698 0.0566 
0.2877 0.1981 0.2925 0.2217 
0.2642 0.3113 0.1981 0.2264 

MOTIF filter20 
letter-probability matrix: alength= 4 w= 20 nsites= 20 
0.2019 0.3286 0.2394 0.2300 
0.2394 0.1972 0.2864 0.2770 
0.0000 0.0047 0.0000 0.9953 
0.0047 0.0047 0.9765 0.0141 
0.4366 0.3803 0.0892 0.0939 
0.0000 1.0000 0.0000 0.0000 
0.0000 0.9953 0.0000 0.0047 
0.9671 0.0000 0.0000 0.0329 
0.0094 0.0000 0.0000 0.9906 
1.0000 0.0000 0.0000 0.0000 
0.0000 0.0000 0.0000 1.0000 
0.9906 0.0000 0.0000 0.0094 
0.1737 0.0000 0.0000 0.8263 
0.0000 0.0094 0.9906 0.0000 
0.0000 0.0000 1.0000 0.0000 
0.0939 0.0610 0.4038 0.4413 
0.0376 0.9202 0.0235 0.0188 
0.8075 0.0329 0.0376 0.1221 
0.2817 0.3239 0.2394 0.1549 
0.1174 0.2207 0.4319 0.2300 

MOTIF filter21 
letter-probability matrix: alength= 4 w= 18 nsites= 18 
0.0343 0.1003 0.6385 0.2269 
0.4063 0.3905 0.0686 0.1346 
0.0000 1.0000 0.0000 0.0000 
0.0000 0.9974 0.0026 0.0000 
0.8997 0.0000 0.0053 0.0950 
0.0026 0.0000 0.0000 0.9974 
1.0000 0.0000 0.0000 0.0000 
0.0000 0.0000 0.0026 0.9974 
0.9974 0.0000 0.0000 0.0026 
0.0844 0.0000 0.0000 0.9156 
0.0000 0.0000 1.0000 0.0000 
0.0000 0.0000 1.0000 0.0000 
0.0449 0.0290 0.4644 0.4617 
0.1821 0.8074 0.0000 0.0106 
0.8127 0.0106 0.0422 0.1346 
0.2797 0.2216 0.2902 0.2084 
0.2797 0.3113 0.1108 0.2982 
0.3377 0.2850 0.1398 0.2375 

MOTIF filter22 
letter-probability matrix: alength= 4 w= 18 nsites= 18 
0.2759 0.3879 0.1466 0.1897 
0.2471 0.0460 0.4483 0.2586 
0.4770 0.2011 0.2299 0.0920 
0.5776 0.3966 0.0086 0.0172 
0.3822 0.2270 0.0920 0.2989 
0.0287 0.0201 0.0115 0.9397 
0.3477 0.2787 0.2931 0.0805 
0.3678 0.3506 0.1667 0.1149 
0.0977 0.2500 0.0287 0.6236 
0.3563 0.0718 0.4511 0.1207 
0.6724 0.0172 0.2615 0.0489 
0.2989 0.3190 0.3276 0.0546 
0.0287 0.0230 0.0057 0.9425 
0.0259 0.0000 0.9655 0.0086 
0.2874 0.4339 0.1207 0.1580 
0.5374 0.1638 0.1178 0.1810 
0.3420 0.0833 0.2443 0.3305 
0.2672 0.0747 0.6293 0.0287 

MOTIF filter23 
letter-probability matrix: alength= 4 w= 16 nsites= 16 
0.2353 0.2647 0.2437 0.2563 
0.1429 0.0756 0.3277 0.4538 
0.0252 0.9664 0.0000 0.0084 
0.0000 0.0000 0.0000 1.0000 
1.0000 0.0000 0.0000 0.0000 
0.5252 0.0000 0.0000 0.4748 
0.8908 0.0000 0.0000 0.1092 
0.9622 0.0000 0.0000 0.0378 
1.0000 0.0000 0.0000 0.0000 
0.0000 0.0000 0.0000 1.0000 
1.0000 0.0000 0.0000 0.0000 
0.0546 0.0000 0.9454 0.0000 
0.5210 0.4454 0.0168 0.0168 
0.2689 0.3193 0.2227 0.1891 
0.2101 0.2983 0.2941 0.1975 
0.3067 0.2059 0.1849 0.3025 

MOTIF filter24 
letter-probability matrix: alength= 4 w= 14 nsites= 14 
0.2287 0.2287 0.2866 0.2561 
0.2652 0.2378 0.2409 0.2561 
0.1768 0.3110 0.2957 0.2165 
0.0518 0.0000 0.4299 0.5183 
0.0000 0.8872 0.0000 0.1128 
0.0000 0.0000 0.0000 1.0000 
1.0000 0.0000 0.0000 0.0000 
0.0122 0.0000 0.0000 0.9878 
0.0366 0.0000 0.0000 0.9634 
0.1555 0.0000 0.0000 0.8445 
0.4512 0.0000 0.0000 0.5488 
0.0000 0.0000 0.0000 1.0000 
1.0000 0.0000 0.0000 0.0000 
0.0000 0.0000 0.9848 0.0152 

MOTIF filter25 
letter-probability matrix: alength= 4 w= 16 nsites= 16 
0.2566 0.2204 0.2500 0.2730 
0.1908 0.2664 0.3322 0.2105 
0.2303 0.2632 0.2730 0.2336 
0.1776 0.0132 0.7993 0.0099 
0.1414 0.0000 0.7566 0.1020 
0.1809 0.0000 0.8158 0.0033 
0.0000 0.0000 1.0000 0.0000 
0.0000 0.0000 1.0000 0.0000 
0.3092 0.5164 0.0000 0.1743 
0.0000 0.0000 1.0000 0.0000 
0.0000 0.0000 1.0000 0.0000 
0.1480 0.0000 0.8487 0.0033 
0.2336 0.0461 0.7204 0.0000 
0.1941 0.5461 0.1809 0.0789 
0.2664 0.2171 0.3289 0.1875 
0.2533 0.2270 0.2895 0.2303 

MOTIF filter26 
letter-probability matrix: alength= 4 w= 11 nsites= 11 
0.2681 0.2800 0.2444 0.2074 
0.2400 0.2519 0.2178 0.2904 
0.2044 0.1644 0.4222 0.2089 
0.3659 0.1630 0.4711 0.0000 
0.0000 0.0000 0.0000 1.0000 
0.0000 0.0000 1.0000 0.0000 
1.0000 0.0000 0.0000 0.0000 
0.0015 0.4830 0.5156 0.0000 
0.0000 0.0000 0.0000 1.0000 
0.0000 1.0000 0.0000 0.0000 
1.0000 0.0000 0.0000 0.0000 

MOTIF filter27 
letter-probability matrix: alength= 4 w= 20 nsites= 20 
0.3000 0.4000 0.1000 0.2000 
0.6000 0.0000 0.1000 0.3000 
0.1000 0.2000 0.5000 0.2000 
0.0000 0.2000 0.0000 0.8000 
0.0000 1.0000 0.0000 0.0000 
0.0000 0.1000 0.3000 0.6000 
0.4000 0.5000 0.1000 0.0000 
0.0000 0.6000 0.4000 0.0000 
0.2000 0.5000 0.1000 0.2000 
0.0000 0.1000 0.3000 0.6000 
0.0000 0.2000 0.0000 0.8000 
0.4000 0.0000 0.0000 0.6000 
0.1000 0.0000 0.9000 0.0000 
0.7000 0.1000 0.0000 0.2000 
0.8000 0.0000 0.2000 0.0000 
0.3000 0.2000 0.2000 0.3000 
0.9000 0.1000 0.0000 0.0000 
0.0000 0.0000 0.0000 1.0000 
0.1000 0.0000 0.9000 0.0000 
0.1000 0.6000 0.2000 0.1000 

MOTIF filter28 
letter-probability matrix: alength= 4 w= 13 nsites= 13 
0.4779 0.1478 0.3163 0.0580 
0.0000 0.0000 0.0000 1.0000 
0.0000 0.0000 0.0041 0.9959 
0.2970 0.0000 0.6340 0.0691 
0.0000 0.9475 0.0000 0.0525 
0.0566 0.0000 0.9434 0.0000 
0.0746 0.6920 0.0000 0.2334 
0.9959 0.0041 0.0000 0.0000 
1.0000 0.0000 0.0000 0.0000 
0.0014 0.3494 0.1243 0.5249 
0.2749 0.2403 0.2776 0.2072 
0.2390 0.2058 0.2873 0.2680 
0.2334 0.2334 0.2749 0.2583 

MOTIF filter29 
letter-probability matrix: alength= 4 w= 20 nsites= 20 
0.2982 0.1930 0.3684 0.1404 
0.1053 0.0175 0.8070 0.0702 
0.0000 0.0526 0.9474 0.0000 
0.4211 0.3333 0.1053 0.1404 
0.1053 0.1930 0.7018 0.0000 
0.2456 0.4386 0.2105 0.1053 
0.2105 0.1579 0.1053 0.5263 
0.1053 0.1404 0.3158 0.4386 
0.0351 0.4561 0.2807 0.2281 
0.0175 0.7193 0.1754 0.0877 
0.0877 0.0000 0.6842 0.2281 
0.0702 0.2807 0.0175 0.6316 
0.0351 0.3684 0.5439 0.0526 
0.8596 0.0526 0.0351 0.0526 
0.0351 0.1228 0.7895 0.0526 
0.3860 0.0877 0.2456 0.2807 
0.2105 0.1579 0.0702 0.5614 
0.2982 0.2281 0.4035 0.0702 
0.0000 0.0000 0.7719 0.2281 
0.1228 0.7544 0.0702 0.0526 

MOTIF filter30 
letter-probability matrix: alength= 4 w= 20 nsites= 20 
0.2500 0.2500 0.1842 0.3158 
0.2632 0.1579 0.1316 0.4474 
0.0395 0.0658 0.1184 0.7763 
0.1184 0.5132 0.3553 0.0132 
0.1447 0.2105 0.3947 0.2500 
0.0132 0.5526 0.0000 0.4342 
0.2500 0.5132 0.0132 0.2237 
0.1579 0.4342 0.0526 0.3553 
0.8421 0.0658 0.0526 0.0395 
0.0263 0.1053 0.8684 0.0000 
0.0658 0.0526 0.0000 0.8816 
0.0658 0.0263 0.1842 0.7237 
0.1447 0.1316 0.2632 0.4605 
0.0921 0.4474 0.2895 0.1711 
0.0132 0.9605 0.0263 0.0000 
0.4079 0.0263 0.1316 0.4342 
0.2895 0.1579 0.0658 0.4868 
0.3026 0.2763 0.3553 0.0658 
0.1842 0.0526 0.0263 0.7368 
0.3421 0.3158 0.2632 0.0789 

MOTIF filter31 
letter-probability matrix: alength= 4 w= 11 nsites= 11 
0.2359 0.2328 0.2662 0.2651 
0.2338 0.1628 0.4029 0.2004 
0.4061 0.2234 0.3633 0.0073 
0.0000 0.0000 0.0000 1.0000 
0.0000 0.0000 1.0000 0.0000 
1.0000 0.0000 0.0000 0.0000 
0.0031 0.5063 0.4906 0.0000 
0.0000 0.0000 0.0000 1.0000 
0.0000 1.0000 0.0000 0.0000 
1.0000 0.0000 0.0000 0.0000 
0.0021 0.3351 0.2557 0.4071 

