MEME version 4

ALPHABET= ACGT

Background letter frequencies:
A 0.2500 C 0.2500 G 0.2500 T 0.2500 

MOTIF filter0 
letter-probability matrix: alength= 4 w= 12 nsites= 12 
0.2527 0.2593 0.2331 0.2549 
0.2433 0.2782 0.2556 0.2229 
0.2746 0.2309 0.2433 0.2513 
0.5747 0.0000 0.0000 0.4253 
0.0000 0.0000 0.0000 1.0000 
0.0000 0.0000 0.0000 1.0000 
0.9927 0.0000 0.0073 0.0000 
1.0000 0.0000 0.0000 0.0000 
0.3627 0.0000 0.0000 0.6373 
0.2673 0.2484 0.2425 0.2418 
0.2287 0.2629 0.2644 0.2440 
0.2804 0.2353 0.2374 0.2469 

MOTIF filter1 
letter-probability matrix: alength= 4 w= 14 nsites= 14 
0.3054 0.2730 0.2784 0.1432 
0.2459 0.3324 0.2189 0.2027 
0.0757 0.2027 0.4892 0.2324 
0.0000 0.7973 0.0405 0.1622 
0.0000 0.8486 0.0000 0.1514 
0.0000 1.0000 0.0000 0.0000 
0.0000 1.0000 0.0000 0.0000 
0.1189 0.0000 0.5838 0.2973 
0.0000 1.0000 0.0000 0.0000 
0.0000 1.0000 0.0000 0.0000 
0.0000 0.8081 0.0000 0.1919 
0.0459 0.8649 0.0000 0.0892 
0.0297 0.6000 0.0405 0.3297 
0.2486 0.2514 0.2189 0.2811 

MOTIF filter2 
letter-probability matrix: alength= 4 w= 14 nsites= 14 
0.2383 0.2741 0.2438 0.2438 
0.2479 0.2713 0.2259 0.2548 
0.1033 0.0441 0.3554 0.4972 
0.0096 0.9118 0.0000 0.0785 
0.0000 0.0000 0.0000 1.0000 
1.0000 0.0000 0.0000 0.0000 
0.2479 0.0000 0.0000 0.7521 
0.4408 0.0000 0.0000 0.5592 
0.5523 0.0000 0.0000 0.4477 
0.7039 0.0000 0.0000 0.2961 
0.0000 0.0000 0.0000 1.0000 
1.0000 0.0000 0.0000 0.0000 
0.0606 0.0000 0.9380 0.0014 
0.4917 0.3664 0.0262 0.1157 

MOTIF filter3 
letter-probability matrix: alength= 4 w= 20 nsites= 20 
0.2745 0.2745 0.2549 0.1961 
0.0196 0.0196 0.0000 0.9608 
0.5490 0.0784 0.1569 0.2157 
0.2549 0.2353 0.0196 0.4902 
0.2941 0.4902 0.1176 0.0980 
0.0392 0.0392 0.6471 0.2745 
0.0196 0.9020 0.0196 0.0588 
0.0392 0.0392 0.0784 0.8431 
0.7451 0.1765 0.0196 0.0588 
0.2549 0.4510 0.2941 0.0000 
0.3922 0.4118 0.0588 0.1373 
0.1765 0.4314 0.2353 0.1569 
0.0588 0.8627 0.0588 0.0196 
0.8824 0.0196 0.0784 0.0196 
0.5098 0.0588 0.1176 0.3137 
0.0784 0.5098 0.2549 0.1569 
0.2157 0.2745 0.3529 0.1569 
0.0000 0.0980 0.5490 0.3529 
0.0980 0.2941 0.3333 0.2745 
0.0392 0.9020 0.0000 0.0588 

MOTIF filter4 
letter-probability matrix: alength= 4 w= 20 nsites= 20 
0.3103 0.2759 0.1626 0.2512 
0.2414 0.3695 0.1823 0.2069 
0.1823 0.3498 0.1970 0.2709 
0.0000 0.9212 0.0296 0.0493 
0.0000 0.2118 0.0000 0.7882 
0.0000 0.2611 0.7291 0.0099 
1.0000 0.0000 0.0000 0.0000 
0.0000 0.0000 0.0000 1.0000 
0.0000 0.0000 0.0000 1.0000 
0.0000 0.0000 1.0000 0.0000 
0.0000 0.0000 1.0000 0.0000 
0.0394 0.3793 0.0000 0.5813 
0.0049 0.4778 0.1133 0.4039 
0.1675 0.5419 0.2463 0.0443 
0.4778 0.0788 0.4089 0.0345 
0.1872 0.1133 0.2808 0.4187 
0.1034 0.0936 0.2709 0.5320 
0.0049 0.3399 0.1626 0.4926 
0.1773 0.2217 0.3103 0.2906 
0.2512 0.3498 0.1724 0.2266 

MOTIF filter5 
letter-probability matrix: alength= 4 w= 16 nsites= 16 
0.2369 0.2250 0.2555 0.2826 
0.2335 0.2487 0.2673 0.2504 
0.2250 0.2741 0.2453 0.2555 
0.5245 0.1083 0.3638 0.0034 
0.0000 0.0000 0.0000 1.0000 
0.0000 0.0000 0.0118 0.9882 
0.2809 0.0000 0.6684 0.0508 
0.0000 0.9679 0.0000 0.0321 
0.0220 0.0000 0.9780 0.0000 
0.0541 0.7208 0.0000 0.2250 
0.9966 0.0034 0.0000 0.0000 
1.0000 0.0000 0.0000 0.0000 
0.0017 0.3672 0.1066 0.5245 
0.2724 0.2555 0.2927 0.1794 
0.2217 0.2183 0.2690 0.2910 
0.2521 0.2453 0.2707 0.2318 

MOTIF filter6 
letter-probability matrix: alength= 4 w= 18 nsites= 18 
0.3103 0.2069 0.2759 0.2069 
0.6552 0.0000 0.3103 0.0345 
0.4828 0.1724 0.1034 0.2414 
0.0000 1.0000 0.0000 0.0000 
0.1724 0.6897 0.1379 0.0000 
0.9310 0.0345 0.0345 0.0000 
0.9310 0.0345 0.0345 0.0000 
0.0000 0.1379 0.1034 0.7586 
0.3103 0.2759 0.0000 0.4138 
0.1379 0.1379 0.0000 0.7241 
0.0000 0.0000 0.1379 0.8621 
0.6552 0.0000 0.1034 0.2414 
0.1034 0.8621 0.0345 0.0000 
0.2759 0.2069 0.2414 0.2759 
0.0690 0.0000 0.8276 0.1034 
0.2759 0.2069 0.4828 0.0345 
0.3448 0.0345 0.1724 0.4483 
0.1724 0.2759 0.1034 0.4483 

MOTIF filter7 
letter-probability matrix: alength= 4 w= 16 nsites= 16 
0.1912 0.3971 0.1667 0.2451 
0.2206 0.3039 0.2402 0.2353 
0.2941 0.1667 0.2696 0.2696 
0.0098 0.8971 0.0490 0.0441 
0.0000 0.0539 0.0000 0.9461 
0.0000 0.2304 0.7696 0.0000 
1.0000 0.0000 0.0000 0.0000 
0.0000 0.0000 0.0000 1.0000 
0.0000 0.0000 0.0000 1.0000 
0.0000 0.0000 1.0000 0.0000 
0.0000 0.0000 1.0000 0.0000 
0.0147 0.3431 0.0049 0.6373 
0.0049 0.3235 0.1520 0.5196 
0.1569 0.3824 0.4167 0.0441 
0.5196 0.1765 0.2451 0.0588 
0.0784 0.1569 0.2255 0.5392 

MOTIF filter8 
letter-probability matrix: alength= 4 w= 17 nsites= 17 
0.3971 0.4167 0.0637 0.1225 
0.0000 1.0000 0.0000 0.0000 
0.0000 1.0000 0.0000 0.0000 
0.8480 0.0049 0.0000 0.1471 
0.0000 0.0000 0.0000 1.0000 
1.0000 0.0000 0.0000 0.0000 
0.0000 0.0000 0.0049 0.9951 
1.0000 0.0000 0.0000 0.0000 
0.0980 0.0049 0.0000 0.8971 
0.0000 0.0000 1.0000 0.0000 
0.0000 0.0000 0.9951 0.0049 
0.0637 0.0098 0.3431 0.5833 
0.0392 0.9510 0.0098 0.0000 
0.9559 0.0000 0.0245 0.0196 
0.1373 0.2451 0.2990 0.3186 
0.1422 0.1961 0.3333 0.3284 
0.1765 0.1324 0.2500 0.4412 

MOTIF filter9 
letter-probability matrix: alength= 4 w= 19 nsites= 19 
0.4510 0.3922 0.1176 0.0392 
0.3529 0.3529 0.2549 0.0392 
0.2941 0.3529 0.0196 0.3333 
0.9608 0.0196 0.0000 0.0196 
0.0000 0.0000 0.0000 1.0000 
0.3333 0.3333 0.2941 0.0392 
0.0588 0.1961 0.0196 0.7255 
0.2549 0.0784 0.3725 0.2941 
0.5294 0.1765 0.0000 0.2941 
0.0392 0.6471 0.3137 0.0000 
0.3725 0.0196 0.5882 0.0196 
0.1176 0.0392 0.7843 0.0588 
0.0000 0.8039 0.0784 0.1176 
0.6275 0.1765 0.0000 0.1961 
0.1961 0.1176 0.1569 0.5294 
0.2941 0.3137 0.3725 0.0196 
0.0588 0.3922 0.0000 0.5490 
0.3333 0.3333 0.0000 0.3333 
0.0000 0.8824 0.0392 0.0784 

MOTIF filter10 
letter-probability matrix: alength= 4 w= 13 nsites= 13 
0.2520 0.2299 0.2610 0.2570 
0.2319 0.1687 0.3926 0.2068 
0.3996 0.2269 0.3635 0.0100 
0.0000 0.0000 0.0000 1.0000 
0.0000 0.0000 1.0000 0.0000 
1.0000 0.0000 0.0000 0.0000 
0.0030 0.5050 0.4920 0.0000 
0.0000 0.0000 0.0000 1.0000 
0.0000 1.0000 0.0000 0.0000 
1.0000 0.0000 0.0000 0.0000 
0.0131 0.3333 0.2530 0.4006 
0.2189 0.3554 0.1948 0.2309 
0.2590 0.2199 0.2721 0.2490 

MOTIF filter11 
letter-probability matrix: alength= 4 w= 13 nsites= 13 
0.2465 0.2104 0.2747 0.2684 
0.2559 0.2606 0.2370 0.2465 
0.2480 0.3187 0.2151 0.2182 
0.0785 0.0016 0.4207 0.4992 
0.0031 0.9765 0.0000 0.0204 
0.0000 0.0000 0.0000 1.0000 
1.0000 0.0000 0.0000 0.0000 
0.2433 0.0000 0.0000 0.7567 
0.4647 0.0000 0.0000 0.5353 
0.5746 0.0000 0.0000 0.4254 
0.7331 0.0000 0.0000 0.2669 
0.0000 0.0000 0.0000 1.0000 
1.0000 0.0000 0.0000 0.0000 

MOTIF filter12 
letter-probability matrix: alength= 4 w= 15 nsites= 15 
0.5187 0.2103 0.1495 0.1215 
0.0514 0.4346 0.0841 0.4299 
0.0374 0.3458 0.4019 0.2150 
0.4766 0.0748 0.4486 0.0000 
0.5841 0.0093 0.3879 0.0187 
0.0000 1.0000 0.0000 0.0000 
0.0000 1.0000 0.0000 0.0000 
1.0000 0.0000 0.0000 0.0000 
1.0000 0.0000 0.0000 0.0000 
0.0000 0.0000 0.0000 1.0000 
0.0000 0.8692 0.1308 0.0000 
0.9112 0.0000 0.0888 0.0000 
0.0234 0.0421 0.9346 0.0000 
0.2056 0.2383 0.2757 0.2804 
0.2897 0.1682 0.2710 0.2710 

MOTIF filter13 
letter-probability matrix: alength= 4 w= 20 nsites= 20 
0.2209 0.2791 0.2267 0.2733 
0.0058 0.0000 0.0291 0.9651 
0.2674 0.0291 0.5988 0.1047 
0.3547 0.0698 0.5698 0.0058 
0.0872 0.0291 0.1977 0.6860 
0.0523 0.5407 0.3081 0.0988 
0.6977 0.1977 0.0465 0.0581 
0.0058 0.5988 0.2093 0.1860 
0.2674 0.2384 0.3140 0.1802 
1.0000 0.0000 0.0000 0.0000 
0.0756 0.0640 0.6686 0.1919 
0.5349 0.2500 0.1802 0.0349 
0.0640 0.0581 0.3430 0.5349 
0.2384 0.6628 0.0000 0.0988 
0.1686 0.0698 0.2500 0.5116 
0.2035 0.2442 0.3895 0.1628 
0.3663 0.0698 0.4535 0.1105 
0.4302 0.0058 0.2384 0.3256 
0.1512 0.6221 0.1802 0.0465 
0.4535 0.3023 0.0058 0.2384 

MOTIF filter14 
letter-probability matrix: alength= 4 w= 16 nsites= 16 
0.2238 0.2302 0.2762 0.2698 
0.1937 0.2762 0.2873 0.2429 
0.2476 0.3000 0.2032 0.2492 
0.1476 0.0302 0.0175 0.8048 
0.0540 0.0889 0.6698 0.1873 
0.4048 0.3365 0.0921 0.1667 
0.0000 1.0000 0.0000 0.0000 
0.0000 0.9111 0.0000 0.0889 
0.9000 0.0000 0.0000 0.1000 
0.0000 0.0000 0.0000 1.0000 
0.9429 0.0000 0.0000 0.0571 
0.0206 0.0000 0.0016 0.9778 
0.9921 0.0000 0.0000 0.0079 
0.0063 0.0000 0.0000 0.9937 
0.0905 0.0048 0.9048 0.0000 
0.0000 0.0000 1.0000 0.0000 

MOTIF filter15 
letter-probability matrix: alength= 4 w= 20 nsites= 20 
0.3077 0.2019 0.2404 0.2500 
0.3846 0.0673 0.4712 0.0769 
0.0865 0.2788 0.4712 0.1635 
0.1346 0.1731 0.0481 0.6442 
0.4423 0.0673 0.0769 0.4135 
0.2596 0.5577 0.0962 0.0865 
0.0000 0.1058 0.0673 0.8269 
0.7019 0.0673 0.2212 0.0096 
0.0865 0.1442 0.1058 0.6635 
0.0577 0.0000 0.8942 0.0481 
0.5577 0.1058 0.2885 0.0481 
0.3750 0.4423 0.0481 0.1346 
0.2981 0.0000 0.0865 0.6154 
0.0192 0.5577 0.0481 0.3750 
0.1058 0.0192 0.0865 0.7885 
0.1442 0.5288 0.0865 0.2404 
0.1058 0.3750 0.2115 0.3077 
0.2500 0.3365 0.0673 0.3462 
0.4135 0.5192 0.0481 0.0192 
0.9327 0.0385 0.0192 0.0096 

MOTIF filter16 
letter-probability matrix: alength= 4 w= 20 nsites= 20 
0.2857 0.3571 0.1429 0.2143 
0.5714 0.0000 0.2857 0.1429 
0.0000 0.9286 0.0714 0.0000 
0.0000 0.0714 0.2143 0.7143 
0.0000 0.0000 0.0000 1.0000 
0.0000 0.4286 0.2857 0.2857 
0.0714 0.4286 0.0714 0.4286 
0.0000 0.0714 0.7857 0.1429 
0.0000 0.0000 1.0000 0.0000 
0.0714 0.9286 0.0000 0.0000 
0.0000 0.0714 0.4286 0.5000 
0.2857 0.0000 0.7143 0.0000 
0.0000 0.1429 0.6429 0.2143 
0.0000 0.0714 0.2143 0.7143 
0.0000 0.3571 0.0714 0.5714 
0.5000 0.2857 0.0714 0.1429 
0.0000 0.5000 0.2857 0.2143 
0.2143 0.0714 0.1429 0.5714 
0.2857 0.0714 0.6429 0.0000 
0.0000 0.2143 0.7857 0.0000 

MOTIF filter17 
letter-probability matrix: alength= 4 w= 14 nsites= 14 
0.2510 0.2072 0.2590 0.2829 
0.2271 0.2789 0.2430 0.2510 
0.0040 0.9243 0.0717 0.0000 
0.0040 0.9960 0.0000 0.0000 
0.0000 0.0000 1.0000 0.0000 
0.0000 0.0000 1.0000 0.0000 
1.0000 0.0000 0.0000 0.0000 
1.0000 0.0000 0.0000 0.0000 
0.0199 0.0000 0.9801 0.0000 
0.0040 0.3108 0.0000 0.6853 
0.1594 0.0518 0.7490 0.0398 
0.2829 0.2231 0.4861 0.0080 
0.1833 0.4303 0.2072 0.1793 
0.2112 0.2669 0.2749 0.2470 

MOTIF filter18 
letter-probability matrix: alength= 4 w= 13 nsites= 13 
0.2274 0.2399 0.2679 0.2648 
0.2492 0.2430 0.2492 0.2586 
0.2523 0.2243 0.2897 0.2336 
0.2928 0.0436 0.6012 0.0623 
0.0872 0.0000 0.8629 0.0498 
0.1651 0.0000 0.8349 0.0000 
0.0000 0.0000 1.0000 0.0000 
0.0000 0.0000 1.0000 0.0000 
0.3364 0.5389 0.0000 0.1246 
0.0000 0.0000 1.0000 0.0000 
0.0000 0.0000 1.0000 0.0000 
0.1153 0.0000 0.8847 0.0000 
0.1558 0.0156 0.8287 0.0000 

MOTIF filter19 
letter-probability matrix: alength= 4 w= 19 nsites= 19 
0.2826 0.2899 0.2077 0.2198 
0.1860 0.2802 0.2053 0.3285 
0.2971 0.2729 0.2029 0.2271 
0.1159 0.0338 0.0290 0.8213 
0.0121 0.0700 0.7585 0.1594 
0.5628 0.3841 0.0169 0.0362 
0.0000 1.0000 0.0000 0.0000 
0.0000 1.0000 0.0000 0.0000 
0.8430 0.0000 0.0024 0.1546 
0.0048 0.0000 0.0000 0.9952 
1.0000 0.0000 0.0000 0.0000 
0.0000 0.0000 0.0000 1.0000 
1.0000 0.0000 0.0000 0.0000 
0.1280 0.0024 0.0000 0.8696 
0.0000 0.0024 0.9976 0.0000 
0.0000 0.0000 1.0000 0.0000 
0.0749 0.0676 0.3720 0.4855 
0.2077 0.7778 0.0145 0.0000 
0.7657 0.0145 0.0145 0.2053 

MOTIF filter20 
letter-probability matrix: alength= 4 w= 20 nsites= 20 
0.0000 0.7143 0.0000 0.2857 
0.0000 0.0000 0.1429 0.8571 
0.0000 0.7143 0.1429 0.1429 
0.0000 0.5714 0.4286 0.0000 
0.1429 0.1429 0.7143 0.0000 
0.2857 0.2857 0.2857 0.1429 
0.2857 0.5714 0.0000 0.1429 
0.7143 0.2857 0.0000 0.0000 
0.1429 0.0000 0.8571 0.0000 
0.2857 0.2857 0.2857 0.1429 
0.4286 0.1429 0.0000 0.4286 
0.1429 0.0000 0.8571 0.0000 
0.1429 0.8571 0.0000 0.0000 
0.0000 1.0000 0.0000 0.0000 
1.0000 0.0000 0.0000 0.0000 
0.1429 0.8571 0.0000 0.0000 
0.0000 0.7143 0.1429 0.1429 
0.0000 0.0000 0.0000 1.0000 
0.2857 0.7143 0.0000 0.0000 
0.0000 1.0000 0.0000 0.0000 

MOTIF filter21 
letter-probability matrix: alength= 4 w= 15 nsites= 15 
0.2246 0.2428 0.2464 0.2862 
0.1449 0.2029 0.3732 0.2790 
0.0181 0.4384 0.2319 0.3116 
0.0471 0.6594 0.1341 0.1594 
0.7935 0.0000 0.1993 0.0072 
0.0000 0.9891 0.0000 0.0109 
0.0000 0.0000 0.0000 1.0000 
0.0000 0.0000 0.0000 1.0000 
0.0000 1.0000 0.0000 0.0000 
0.0000 1.0000 0.0000 0.0000 
0.0000 0.0000 0.9964 0.0036 
0.0000 0.1558 0.8442 0.0000 
0.2826 0.1884 0.2210 0.3080 
0.2355 0.2355 0.2536 0.2754 
0.2428 0.2428 0.2246 0.2899 

MOTIF filter22 
letter-probability matrix: alength= 4 w= 20 nsites= 20 
0.3043 0.2391 0.2609 0.1957 
0.0000 0.0435 0.8804 0.0761 
0.0217 0.8152 0.0326 0.1304 
0.1304 0.2174 0.0326 0.6196 
0.1739 0.5652 0.2065 0.0543 
0.5109 0.0000 0.2609 0.2283 
0.2826 0.0870 0.5652 0.0652 
0.1196 0.2717 0.0000 0.6087 
0.2826 0.3261 0.1304 0.2609 
0.0000 0.0109 0.0652 0.9239 
0.2717 0.5761 0.0761 0.0761 
0.4022 0.2174 0.1630 0.2174 
0.0109 0.0543 0.2174 0.7174 
0.0870 0.0326 0.3478 0.5326 
0.7826 0.1304 0.0870 0.0000 
0.1087 0.0000 0.4022 0.4891 
0.5543 0.0543 0.1196 0.2717 
0.3261 0.0217 0.0217 0.6304 
0.6304 0.0000 0.2826 0.0870 
0.3478 0.1196 0.0652 0.4674 

MOTIF filter23 
letter-probability matrix: alength= 4 w= 18 nsites= 18 
0.2827 0.2700 0.2110 0.2363 
0.2194 0.3038 0.2278 0.2489 
0.2363 0.2700 0.2321 0.2616 
0.1097 0.0127 0.7553 0.1224 
0.0591 0.7975 0.0844 0.0591 
0.2574 0.3713 0.2616 0.1097 
0.0295 0.0000 0.8987 0.0717 
0.0000 1.0000 0.0000 0.0000 
0.0000 1.0000 0.0000 0.0000 
1.0000 0.0000 0.0000 0.0000 
0.0000 0.0000 0.0000 1.0000 
0.0042 0.4810 0.1181 0.3966 
0.0000 0.0000 0.0000 1.0000 
0.0000 0.0000 0.0000 1.0000 
0.0506 0.0928 0.7637 0.0928 
0.2869 0.2110 0.2321 0.2700 
0.2194 0.2405 0.2489 0.2911 
0.2278 0.2996 0.2321 0.2405 

MOTIF filter24 
letter-probability matrix: alength= 4 w= 11 nsites= 11 
0.2157 0.2764 0.2607 0.2472 
0.2629 0.2135 0.2112 0.3124 
0.1775 0.6157 0.1371 0.0697 
1.0000 0.0000 0.0000 0.0000 
0.9933 0.0000 0.0067 0.0000 
0.4067 0.1079 0.4607 0.0247 
1.0000 0.0000 0.0000 0.0000 
0.0000 0.0000 0.0000 1.0000 
0.0000 0.0000 1.0000 0.0000 
0.0000 0.0000 1.0000 0.0000 
0.1034 0.8270 0.0000 0.0697 

MOTIF filter25 
letter-probability matrix: alength= 4 w= 20 nsites= 20 
0.2530 0.2771 0.2771 0.1928 
0.4458 0.1325 0.0361 0.3855 
0.0000 0.0241 0.7470 0.2289 
0.4096 0.0241 0.0361 0.5301 
0.0120 0.8916 0.0602 0.0361 
0.3253 0.2651 0.1446 0.2651 
0.1325 0.6988 0.1325 0.0361 
0.7229 0.0482 0.1205 0.1084 
0.0361 0.0000 0.8795 0.0843 
0.6867 0.2530 0.0120 0.0482 
0.0602 0.2048 0.1687 0.5663 
0.4458 0.2289 0.1566 0.1687 
0.4458 0.2048 0.2530 0.0964 
0.0723 0.6145 0.2892 0.0241 
0.2289 0.2651 0.0964 0.4096 
0.0602 0.1084 0.3012 0.5301 
0.1566 0.0120 0.1084 0.7229 
0.4819 0.1205 0.1566 0.2410 
0.8554 0.0361 0.0000 0.1084 
0.0120 0.0120 0.2771 0.6988 

MOTIF filter26 
letter-probability matrix: alength= 4 w= 12 nsites= 12 
0.2334 0.2633 0.2555 0.2478 
0.4170 0.1914 0.2688 0.1228 
0.2179 0.3319 0.3308 0.1195 
0.0000 1.0000 0.0000 0.0000 
1.0000 0.0000 0.0000 0.0000 
0.0000 1.0000 0.0000 0.0000 
0.0000 0.0000 1.0000 0.0000 
0.0000 0.0000 0.0000 1.0000 
0.0000 0.0000 1.0000 0.0000 
0.1327 0.3053 0.3241 0.2378 
0.1361 0.2478 0.1549 0.4613 
0.2367 0.2588 0.2434 0.2611 

MOTIF filter27 
letter-probability matrix: alength= 4 w= 17 nsites= 17 
0.2408 0.2436 0.2620 0.2535 
0.1813 0.3059 0.2663 0.2465 
0.2762 0.2351 0.2408 0.2479 
0.1416 0.0765 0.0255 0.7564 
0.0297 0.0567 0.7068 0.2068 
0.4136 0.3810 0.0708 0.1346 
0.0000 1.0000 0.0000 0.0000 
0.0000 0.9986 0.0014 0.0000 
0.8867 0.0000 0.0000 0.1133 
0.0127 0.0000 0.0000 0.9873 
1.0000 0.0000 0.0000 0.0000 
0.0000 0.0000 0.0000 1.0000 
1.0000 0.0000 0.0000 0.0000 
0.1388 0.0000 0.0000 0.8612 
0.0000 0.0000 1.0000 0.0000 
0.0000 0.0000 1.0000 0.0000 
0.1105 0.0482 0.4122 0.4292 

MOTIF filter28 
letter-probability matrix: alength= 4 w= 20 nsites= 20 
0.2857 0.3571 0.2143 0.1429 
0.2857 0.4286 0.2143 0.0714 
0.2143 0.0714 0.0000 0.7143 
0.0000 0.6429 0.0000 0.3571 
0.0000 0.0000 0.1429 0.8571 
0.0714 0.0000 0.7143 0.2143 
0.2857 0.0000 0.0000 0.7143 
0.2143 0.0000 0.1429 0.6429 
0.7143 0.2143 0.0000 0.0714 
0.5714 0.1429 0.2857 0.0000 
0.0000 0.2857 0.5000 0.2143 
0.0714 0.0000 0.0714 0.8571 
0.2143 0.6429 0.0000 0.1429 
0.9286 0.0000 0.0714 0.0000 
0.0000 0.0000 0.0714 0.9286 
0.0000 0.2143 0.5714 0.2143 
0.9286 0.0000 0.0714 0.0000 
0.5714 0.0000 0.0000 0.4286 
0.4286 0.2857 0.0714 0.2143 
0.7143 0.0714 0.2143 0.0000 

MOTIF filter29 
letter-probability matrix: alength= 4 w= 15 nsites= 15 
0.2562 0.2577 0.2240 0.2621 
0.2723 0.2167 0.2460 0.2650 
0.1391 0.2006 0.1347 0.5256 
0.0000 0.0000 0.0000 1.0000 
0.0000 0.0000 0.0000 1.0000 
0.0161 0.9839 0.0000 0.0000 
0.0000 0.7965 0.0000 0.2035 
0.2504 0.2152 0.2621 0.2723 
0.1581 0.0000 0.8419 0.0000 
0.0000 0.0000 0.9941 0.0059 
1.0000 0.0000 0.0000 0.0000 
1.0000 0.0000 0.0000 0.0000 
0.5476 0.1186 0.2064 0.1274 
0.2401 0.2753 0.2328 0.2518 
0.2416 0.2225 0.2723 0.2635 

MOTIF filter30 
letter-probability matrix: alength= 4 w= 20 nsites= 20 
0.2333 0.1333 0.3000 0.3333 
0.5333 0.0000 0.4000 0.0667 
0.1000 0.1667 0.0333 0.7000 
0.0333 0.2667 0.6667 0.0333 
0.0000 0.4333 0.3000 0.2667 
0.3667 0.0667 0.4667 0.1000 
0.5667 0.3000 0.0333 0.1000 
0.9333 0.0333 0.0333 0.0000 
0.0333 0.0667 0.2333 0.6667 
0.1000 0.2000 0.0000 0.7000 
0.2000 0.7667 0.0333 0.0000 
0.0333 0.8333 0.1333 0.0000 
0.0667 0.3000 0.2000 0.4333 
0.0000 0.4333 0.4667 0.1000 
0.9000 0.0000 0.0000 0.1000 
0.0000 0.0000 0.1333 0.8667 
0.3667 0.5333 0.0000 0.1000 
0.0667 0.1333 0.2333 0.5667 
0.3000 0.4333 0.1000 0.1667 
0.6667 0.0333 0.1000 0.2000 

MOTIF filter31 
letter-probability matrix: alength= 4 w= 20 nsites= 20 
0.1538 0.3077 0.2308 0.3077 
0.1154 0.3846 0.5000 0.0000 
0.3077 0.0000 0.5385 0.1538 
0.0000 0.0000 0.0000 1.0000 
0.0000 0.9615 0.0385 0.0000 
0.5769 0.0000 0.1538 0.2692 
0.0000 0.3077 0.6923 0.0000 
0.0000 0.9615 0.0385 0.0000 
0.3846 0.1538 0.2308 0.2308 
0.0000 1.0000 0.0000 0.0000 
0.0000 0.3462 0.3846 0.2692 
0.0385 0.8462 0.0769 0.0385 
0.5000 0.3462 0.0385 0.1154 
0.0385 0.8462 0.0769 0.0385 
0.1154 0.3462 0.2308 0.3077 
0.0769 0.7692 0.0385 0.1154 
0.1538 0.3846 0.2692 0.1923 
0.0769 0.0000 0.4615 0.4615 
0.3462 0.1154 0.1538 0.3846 
0.2308 0.3077 0.3846 0.0769 

