MEME version 4

ALPHABET= ACGT

Background letter frequencies:
A 0.2500 C 0.2500 G 0.2500 T 0.2500 

MOTIF filter0 
letter-probability matrix: alength= 4 w= 15 nsites= 15 
0.1871 0.2140 0.1538 0.4452 
0.0366 0.3452 0.4258 0.1925 
0.0075 0.3538 0.4742 0.1645 
0.0914 0.7301 0.1742 0.0043 
0.4882 0.2860 0.2258 0.0000 
0.0011 0.5677 0.4032 0.0280 
0.0000 0.0000 0.5000 0.5000 
0.4473 0.0043 0.0000 0.5484 
0.3817 0.6183 0.0000 0.0000 
0.0011 0.6473 0.3430 0.0086 
0.0634 0.0957 0.5237 0.3172 
0.0591 0.1570 0.7527 0.0312 
0.1043 0.4495 0.3419 0.1043 
0.3129 0.3634 0.2172 0.1065 
0.1151 0.2677 0.3086 0.3086 

MOTIF filter1 
letter-probability matrix: alength= 4 w= 16 nsites= 16 
0.1908 0.1204 0.0860 0.6028 
0.0821 0.1353 0.5661 0.2166 
0.3354 0.2971 0.1446 0.2228 
0.0023 0.9906 0.0016 0.0055 
0.0008 0.7428 0.0039 0.2525 
0.8600 0.0055 0.0109 0.1235 
0.0516 0.0008 0.0031 0.9445 
0.8843 0.0031 0.0031 0.1095 
0.1204 0.0023 0.0055 0.8718 
0.9507 0.0023 0.0008 0.0461 
0.1243 0.0070 0.0023 0.8663 
0.2439 0.0102 0.7459 0.0000 
0.0023 0.0016 0.9930 0.0031 
0.2127 0.1274 0.3018 0.3581 
0.2353 0.5606 0.1400 0.0641 
0.6153 0.0758 0.1056 0.2033 

MOTIF filter2 
letter-probability matrix: alength= 4 w= 15 nsites= 15 
0.4505 0.2225 0.1593 0.1676 
0.0687 0.3599 0.1099 0.4615 
0.0797 0.3379 0.3626 0.2198 
0.4148 0.0962 0.4890 0.0000 
0.5577 0.0110 0.3791 0.0522 
0.0000 1.0000 0.0000 0.0000 
0.0000 1.0000 0.0000 0.0000 
1.0000 0.0000 0.0000 0.0000 
1.0000 0.0000 0.0000 0.0000 
0.0000 0.0000 0.0000 1.0000 
0.0247 0.7473 0.2280 0.0000 
0.8571 0.0027 0.1374 0.0027 
0.0659 0.0522 0.8764 0.0055 
0.2060 0.2912 0.2610 0.2418 
0.2775 0.1841 0.2857 0.2527 

MOTIF filter3 
letter-probability matrix: alength= 4 w= 12 nsites= 12 
0.5452 0.0724 0.1059 0.2765 
0.4780 0.0000 0.0000 0.5220 
0.2636 0.1628 0.1886 0.3850 
0.0026 0.0000 0.0000 0.9974 
0.0000 0.0000 1.0000 0.0000 
0.0413 0.9587 0.0000 0.0000 
0.0000 0.0000 0.0000 1.0000 
0.0000 0.0000 0.9922 0.0078 
1.0000 0.0000 0.0000 0.0000 
0.0388 0.4599 0.3385 0.1628 
0.1835 0.1447 0.0749 0.5969 
0.2119 0.3514 0.1370 0.2997 

MOTIF filter4 
letter-probability matrix: alength= 4 w= 15 nsites= 15 
0.1317 0.5103 0.1852 0.1728 
0.5638 0.1152 0.2428 0.0782 
0.1070 0.6173 0.1111 0.1646 
0.0988 0.0741 0.0741 0.7531 
0.0370 0.1111 0.0617 0.7901 
0.0000 0.9918 0.0082 0.0000 
0.0041 0.9959 0.0000 0.0000 
0.0000 0.0000 0.9918 0.0082 
0.0000 0.0370 0.9630 0.0000 
0.8189 0.0494 0.0864 0.0453 
0.8189 0.0494 0.0576 0.0741 
0.1893 0.1111 0.6337 0.0658 
0.1070 0.3169 0.0741 0.5021 
0.1975 0.1770 0.5391 0.0864 
0.2840 0.2428 0.3786 0.0947 

MOTIF filter5 
letter-probability matrix: alength= 4 w= 12 nsites= 12 
0.2548 0.2539 0.2548 0.2365 
0.3326 0.2250 0.2566 0.1858 
0.2369 0.2836 0.2741 0.2054 
0.0516 0.8594 0.0521 0.0369 
0.8449 0.0337 0.0706 0.0508 
0.0419 0.7436 0.0359 0.1785 
0.1594 0.0378 0.7709 0.0320 
0.0621 0.0754 0.0325 0.8300 
0.0368 0.0344 0.8621 0.0668 
0.2059 0.2777 0.2740 0.2424 
0.2035 0.2643 0.2118 0.3204 
0.2383 0.2500 0.2554 0.2564 

MOTIF filter6 
letter-probability matrix: alength= 4 w= 20 nsites= 20 
0.1538 0.3846 0.3077 0.1538 
0.0769 0.1538 0.4615 0.3077 
0.0769 0.3077 0.6154 0.0000 
0.0000 1.0000 0.0000 0.0000 
0.1538 0.3077 0.0000 0.5385 
0.1538 0.3846 0.4615 0.0000 
0.1538 0.0769 0.6923 0.0769 
0.0769 0.0769 0.8462 0.0000 
0.7692 0.0000 0.2308 0.0000 
0.3846 0.0769 0.0000 0.5385 
0.0000 0.0000 0.6154 0.3846 
0.3077 0.1538 0.0000 0.5385 
0.3077 0.0769 0.6154 0.0000 
0.0000 0.3077 0.1538 0.5385 
0.0000 0.0000 0.8462 0.1538 
0.0000 0.1538 0.8462 0.0000 
0.5385 0.3846 0.0769 0.0000 
0.0000 0.8462 0.0769 0.0769 
0.0000 0.4615 0.5385 0.0000 
0.0000 0.5385 0.3846 0.0769 

MOTIF filter7 
letter-probability matrix: alength= 4 w= 13 nsites= 13 
0.2692 0.2896 0.2538 0.1874 
0.0750 0.0153 0.7683 0.1414 
0.0068 0.9915 0.0017 0.0000 
0.0000 0.9796 0.0204 0.0000 
0.9830 0.0068 0.0034 0.0068 
0.0017 0.0085 0.0153 0.9744 
0.0017 0.4889 0.1959 0.3135 
0.0341 0.1022 0.0477 0.8160 
0.0085 0.0375 0.0000 0.9540 
0.0784 0.1090 0.6968 0.1158 
0.2845 0.1721 0.3203 0.2232 
0.2470 0.3288 0.1908 0.2334 
0.2436 0.2726 0.2436 0.2402 

MOTIF filter8 
letter-probability matrix: alength= 4 w= 16 nsites= 16 
0.2294 0.2497 0.2437 0.2772 
0.2081 0.2680 0.2701 0.2538 
0.2741 0.2487 0.2325 0.2447 
0.1827 0.0822 0.0609 0.6741 
0.0355 0.0985 0.6365 0.2294 
0.4112 0.3624 0.0832 0.1431 
0.0010 0.9838 0.0132 0.0020 
0.0041 0.9756 0.0071 0.0132 
0.8091 0.0000 0.0122 0.1787 
0.0365 0.0010 0.0041 0.9584 
0.9858 0.0041 0.0102 0.0000 
0.0000 0.0061 0.0091 0.9848 
0.9431 0.0000 0.0010 0.0558 
0.1787 0.0102 0.0041 0.8071 
0.0112 0.0142 0.9523 0.0223 
0.0102 0.0081 0.9787 0.0030 

MOTIF filter9 
letter-probability matrix: alength= 4 w= 15 nsites= 15 
0.2338 0.2405 0.2838 0.2419 
0.2270 0.2392 0.2446 0.2892 
0.5203 0.1135 0.3405 0.0257 
0.0000 0.0027 0.0014 0.9959 
0.0041 0.0000 0.0243 0.9716 
0.2649 0.0068 0.6743 0.0541 
0.0081 0.9351 0.0014 0.0554 
0.0689 0.0041 0.9257 0.0014 
0.0608 0.6932 0.0095 0.2365 
0.9878 0.0122 0.0000 0.0000 
0.9959 0.0000 0.0027 0.0014 
0.0149 0.3730 0.0689 0.5432 
0.2919 0.2446 0.2946 0.1689 
0.2311 0.2284 0.2743 0.2662 
0.2459 0.2473 0.2757 0.2311 

MOTIF filter10 
letter-probability matrix: alength= 4 w= 14 nsites= 14 
0.2480 0.2653 0.2459 0.2408 
0.2418 0.2694 0.2571 0.2316 
0.1184 0.0765 0.3418 0.4633 
0.0459 0.8378 0.0000 0.1163 
0.0000 0.0082 0.0000 0.9918 
1.0000 0.0000 0.0000 0.0000 
0.2847 0.0000 0.0082 0.7071 
0.4612 0.0000 0.0000 0.5388 
0.5500 0.0000 0.0010 0.4490 
0.6857 0.0041 0.0000 0.3102 
0.0000 0.0000 0.0000 1.0000 
0.9888 0.0000 0.0112 0.0000 
0.1163 0.0010 0.8388 0.0439 
0.4367 0.3633 0.0582 0.1418 

MOTIF filter11 
letter-probability matrix: alength= 4 w= 18 nsites= 18 
0.2981 0.1013 0.2526 0.3480 
0.0778 0.5756 0.1601 0.1865 
0.3201 0.0764 0.0617 0.5419 
0.8253 0.0176 0.0206 0.1366 
0.1395 0.0132 0.0220 0.8253 
0.2232 0.0382 0.0000 0.7386 
0.5888 0.0000 0.0000 0.4112 
0.8546 0.0000 0.0206 0.1248 
0.3524 0.0176 0.0338 0.5962 
0.4023 0.0352 0.0206 0.5419 
0.0646 0.0822 0.7739 0.0793 
0.4449 0.4523 0.0103 0.0925 
0.0587 0.0984 0.2203 0.6226 
0.1630 0.2526 0.4097 0.1747 
0.6402 0.1131 0.1615 0.0852 
0.2849 0.3025 0.1821 0.2305 
0.2320 0.1938 0.3700 0.2041 
0.2467 0.2790 0.2584 0.2159 

MOTIF filter12 
letter-probability matrix: alength= 4 w= 15 nsites= 15 
0.2632 0.2742 0.2460 0.2166 
0.2583 0.2656 0.2326 0.2436 
0.1224 0.2179 0.4076 0.2521 
0.0000 0.6120 0.1334 0.2546 
0.0257 0.6805 0.0000 0.2938 
0.0012 0.9951 0.0024 0.0012 
0.0024 0.9951 0.0000 0.0024 
0.1616 0.0024 0.5190 0.3170 
0.0061 0.9914 0.0012 0.0012 
0.0024 0.9976 0.0000 0.0000 
0.0049 0.7075 0.0000 0.2876 
0.1591 0.6524 0.0012 0.1873 
0.0991 0.5018 0.1175 0.2815 
0.2301 0.2742 0.2546 0.2411 
0.2705 0.2460 0.2399 0.2436 

MOTIF filter13 
letter-probability matrix: alength= 4 w= 17 nsites= 17 
0.2250 0.2429 0.2690 0.2631 
0.2119 0.2893 0.2738 0.2250 
0.2845 0.2464 0.2298 0.2393 
0.1607 0.0762 0.0429 0.7202 
0.0238 0.0905 0.6750 0.2107 
0.4167 0.3940 0.0738 0.1155 
0.0000 0.9917 0.0083 0.0000 
0.0000 0.9964 0.0000 0.0036 
0.8369 0.0048 0.0036 0.1548 
0.0274 0.0000 0.0000 0.9726 
0.9988 0.0012 0.0000 0.0000 
0.0000 0.0000 0.0012 0.9988 
0.9869 0.0048 0.0000 0.0083 
0.1595 0.0036 0.0000 0.8369 
0.0000 0.0071 0.9929 0.0000 
0.0000 0.0012 0.9964 0.0024 
0.1024 0.0690 0.3905 0.4381 

MOTIF filter14 
letter-probability matrix: alength= 4 w= 13 nsites= 13 
0.2414 0.2338 0.2605 0.2643 
0.2272 0.1711 0.3954 0.2063 
0.4002 0.2148 0.3508 0.0342 
0.0000 0.0000 0.0000 1.0000 
0.0000 0.0000 0.9952 0.0048 
1.0000 0.0000 0.0000 0.0000 
0.0095 0.4933 0.4971 0.0000 
0.0000 0.0000 0.0000 1.0000 
0.0029 0.9971 0.0000 0.0000 
1.0000 0.0000 0.0000 0.0000 
0.0266 0.3298 0.2490 0.3945 
0.2167 0.3612 0.1901 0.2319 
0.2538 0.2196 0.2728 0.2538 

MOTIF filter15 
letter-probability matrix: alength= 4 w= 16 nsites= 16 
0.2538 0.2284 0.2640 0.2538 
0.2411 0.2437 0.2487 0.2665 
0.2310 0.2513 0.2741 0.2437 
0.2487 0.0660 0.6193 0.0660 
0.1218 0.0000 0.7919 0.0863 
0.1904 0.0000 0.8096 0.0000 
0.0000 0.0000 1.0000 0.0000 
0.0000 0.0000 1.0000 0.0000 
0.3122 0.5533 0.0000 0.1345 
0.0000 0.0000 1.0000 0.0000 
0.0000 0.0000 1.0000 0.0000 
0.1624 0.0000 0.8376 0.0000 
0.2157 0.0228 0.7614 0.0000 
0.1904 0.5431 0.1802 0.0863 
0.2716 0.2030 0.2741 0.2513 
0.2462 0.3020 0.2132 0.2386 

MOTIF filter16 
letter-probability matrix: alength= 4 w= 16 nsites= 16 
0.2342 0.3297 0.1275 0.3086 
0.3561 0.0403 0.2934 0.3102 
0.1084 0.4787 0.1992 0.2137 
0.1450 0.0059 0.0301 0.8190 
0.2464 0.0340 0.0373 0.6822 
0.1374 0.4371 0.2970 0.1285 
0.2877 0.5362 0.0254 0.1506 
0.0205 0.1080 0.7582 0.1133 
0.0998 0.4823 0.2114 0.2065 
0.0192 0.3115 0.3175 0.3518 
0.0320 0.3432 0.3436 0.2811 
0.6274 0.0208 0.1341 0.2177 
0.5685 0.0803 0.0185 0.3327 
0.5722 0.1374 0.1867 0.1037 
0.2369 0.0714 0.2491 0.4427 
0.2607 0.1437 0.2369 0.3588 

MOTIF filter17 
letter-probability matrix: alength= 4 w= 14 nsites= 14 
0.2892 0.2246 0.2338 0.2523 
0.2831 0.2308 0.2985 0.1877 
0.2492 0.2431 0.2862 0.2215 
0.0123 0.8154 0.1723 0.0000 
0.0277 0.9723 0.0000 0.0000 
0.0000 0.0000 1.0000 0.0000 
0.0000 0.0000 1.0000 0.0000 
1.0000 0.0000 0.0000 0.0000 
1.0000 0.0000 0.0000 0.0000 
0.0308 0.0031 0.9662 0.0000 
0.0215 0.3077 0.0031 0.6677 
0.1846 0.0738 0.6862 0.0554 
0.2369 0.2523 0.4831 0.0277 
0.2215 0.3569 0.2615 0.1600 

MOTIF filter18 
letter-probability matrix: alength= 4 w= 18 nsites= 18 
0.2657 0.2418 0.2299 0.2627 
0.2597 0.2896 0.2507 0.2000 
0.2269 0.2507 0.2567 0.2657 
0.1134 0.0119 0.7045 0.1701 
0.0657 0.7463 0.1075 0.0806 
0.2925 0.3403 0.2627 0.1045 
0.0507 0.0000 0.8388 0.1104 
0.0000 1.0000 0.0000 0.0000 
0.0000 1.0000 0.0000 0.0000 
1.0000 0.0000 0.0000 0.0000 
0.0000 0.0000 0.0000 1.0000 
0.0090 0.4567 0.1343 0.4000 
0.0000 0.0149 0.0000 0.9851 
0.0000 0.0119 0.0000 0.9881 
0.0955 0.0866 0.6806 0.1373 
0.2806 0.2328 0.2418 0.2448 
0.1940 0.2716 0.2746 0.2597 
0.2269 0.2955 0.2358 0.2418 

MOTIF filter19 
letter-probability matrix: alength= 4 w= 14 nsites= 14 
0.2881 0.1638 0.3107 0.2373 
0.5989 0.0650 0.1271 0.2090 
0.1751 0.3051 0.4944 0.0254 
0.0000 0.0000 0.0000 1.0000 
0.0085 0.9915 0.0000 0.0000 
1.0000 0.0000 0.0000 0.0000 
0.0000 0.0000 0.9802 0.0198 
0.0000 1.0000 0.0000 0.0000 
0.9972 0.0000 0.0000 0.0028 
0.4209 0.1723 0.1328 0.2740 
0.4153 0.0424 0.0028 0.5395 
0.3870 0.0791 0.0028 0.5311 
0.3023 0.1243 0.0169 0.5565 
0.2825 0.2288 0.2486 0.2401 

MOTIF filter20 
letter-probability matrix: alength= 4 w= 16 nsites= 16 
0.2687 0.4636 0.0350 0.2327 
0.3160 0.2195 0.4447 0.0199 
0.2554 0.5355 0.0615 0.1476 
0.6963 0.1145 0.0028 0.1864 
0.0000 0.7502 0.1911 0.0587 
0.0000 0.0066 0.8666 0.1268 
0.2621 0.1050 0.2441 0.3888 
0.0000 0.1381 0.7096 0.1523 
0.6310 0.0615 0.1930 0.1145 
0.1779 0.1741 0.1031 0.5449 
0.1561 0.1504 0.0312 0.6623 
0.3548 0.3869 0.0918 0.1665 
0.6528 0.1400 0.1041 0.1031 
0.2337 0.2006 0.0596 0.5061 
0.2460 0.1864 0.2535 0.3141 
0.0738 0.1372 0.2233 0.5658 

MOTIF filter21 
letter-probability matrix: alength= 4 w= 14 nsites= 14 
0.2128 0.2311 0.2891 0.2671 
0.2282 0.1871 0.3514 0.2333 
0.2010 0.3294 0.2847 0.1849 
0.1167 0.7080 0.1218 0.0536 
0.1203 0.4732 0.0227 0.3837 
0.4622 0.1878 0.3500 0.0000 
0.8129 0.1174 0.0565 0.0132 
0.0000 0.0396 0.0895 0.8709 
0.0088 0.0257 0.0000 0.9655 
0.0073 0.0514 0.9406 0.0007 
0.0660 0.0227 0.7483 0.1629 
0.2751 0.2825 0.0389 0.4035 
0.1453 0.2913 0.2113 0.3522 
0.2238 0.4013 0.3067 0.0682 

MOTIF filter22 
letter-probability matrix: alength= 4 w= 13 nsites= 13 
0.4023 0.0690 0.0805 0.4483 
0.2759 0.1801 0.1264 0.4176 
0.0038 0.0000 0.0000 0.9962 
0.0000 0.0000 1.0000 0.0000 
0.0000 1.0000 0.0000 0.0000 
0.0000 0.0000 0.0000 1.0000 
0.0000 0.0000 0.9923 0.0077 
1.0000 0.0000 0.0000 0.0000 
0.0115 0.6015 0.2375 0.1494 
0.2184 0.0230 0.0115 0.7471 
0.1456 0.4138 0.0805 0.3602 
0.4828 0.0153 0.2146 0.2874 
0.1839 0.0230 0.5785 0.2146 

MOTIF filter23 
letter-probability matrix: alength= 4 w= 16 nsites= 16 
0.2857 0.3104 0.2033 0.2005 
0.2637 0.2857 0.2143 0.2363 
0.2445 0.2170 0.2720 0.2665 
0.0027 0.8242 0.0824 0.0907 
0.0000 0.1731 0.0000 0.8269 
0.0000 0.2418 0.7335 0.0247 
1.0000 0.0000 0.0000 0.0000 
0.0000 0.0000 0.0000 1.0000 
0.0000 0.0000 0.0000 1.0000 
0.0000 0.0000 1.0000 0.0000 
0.0000 0.0000 1.0000 0.0000 
0.0385 0.4011 0.0110 0.5495 
0.0055 0.4368 0.1346 0.4231 
0.1868 0.4313 0.3077 0.0742 
0.4780 0.1429 0.3159 0.0632 
0.1429 0.1621 0.2527 0.4423 

MOTIF filter24 
letter-probability matrix: alength= 4 w= 12 nsites= 12 
0.2495 0.2654 0.2404 0.2447 
0.2696 0.2617 0.2319 0.2368 
0.2629 0.2301 0.2587 0.2483 
0.6829 0.0000 0.0000 0.3171 
0.0000 0.0000 0.0000 1.0000 
0.0000 0.0414 0.0000 0.9586 
0.8996 0.0000 0.1004 0.0000 
1.0000 0.0000 0.0000 0.0000 
0.3281 0.0000 0.0000 0.6719 
0.2672 0.2428 0.2483 0.2416 
0.2325 0.2532 0.2672 0.2471 
0.2514 0.2526 0.2465 0.2495 

MOTIF filter25 
letter-probability matrix: alength= 4 w= 17 nsites= 17 
0.2239 0.2896 0.2657 0.2209 
0.2716 0.2806 0.2000 0.2478 
0.1672 0.6299 0.1373 0.0657 
0.9970 0.0000 0.0030 0.0000 
0.9851 0.0000 0.0149 0.0000 
0.4269 0.0896 0.4836 0.0000 
1.0000 0.0000 0.0000 0.0000 
0.0000 0.0000 0.0000 1.0000 
0.0000 0.0000 1.0000 0.0000 
0.0000 0.0000 1.0000 0.0000 
0.0537 0.8776 0.0000 0.0687 
0.1104 0.1821 0.4328 0.2746 
0.0776 0.0746 0.7791 0.0687 
0.1373 0.7672 0.0149 0.0806 
0.2716 0.2209 0.2239 0.2836 
0.2149 0.2418 0.3075 0.2358 
0.2776 0.2149 0.2836 0.2239 

MOTIF filter26 
letter-probability matrix: alength= 4 w= 18 nsites= 18 
0.1952 0.3185 0.2329 0.2534 
0.2226 0.2945 0.2603 0.2226 
0.2363 0.1952 0.2945 0.2740 
0.1027 0.8425 0.0445 0.0103 
0.9589 0.0411 0.0000 0.0000 
0.9966 0.0000 0.0034 0.0000 
0.4281 0.0479 0.4555 0.0685 
0.9897 0.0034 0.0034 0.0034 
0.0000 0.0000 0.0000 1.0000 
0.0000 0.0000 0.9760 0.0240 
0.0034 0.0000 0.9966 0.0000 
0.0582 0.8390 0.0034 0.0993 
0.1199 0.2158 0.4144 0.2500 
0.0788 0.0890 0.7740 0.0582 
0.1096 0.7877 0.0342 0.0685 
0.2432 0.2363 0.1986 0.3219 
0.2192 0.2534 0.3082 0.2192 
0.2534 0.2671 0.2671 0.2123 

MOTIF filter27 
letter-probability matrix: alength= 4 w= 15 nsites= 15 
0.2352 0.2742 0.2468 0.2439 
0.2439 0.2742 0.2381 0.2439 
0.5253 0.1082 0.3665 0.0000 
0.0000 0.0000 0.0000 1.0000 
0.0000 0.0000 0.0173 0.9827 
0.2929 0.0000 0.6508 0.0563 
0.0000 0.9538 0.0000 0.0462 
0.0548 0.0000 0.9452 0.0000 
0.0779 0.7071 0.0000 0.2150 
0.9812 0.0188 0.0000 0.0000 
1.0000 0.0000 0.0000 0.0000 
0.0014 0.3434 0.1429 0.5123 
0.2684 0.2540 0.2756 0.2020 
0.2266 0.2107 0.2727 0.2900 
0.2554 0.2251 0.2641 0.2554 

MOTIF filter28 
letter-probability matrix: alength= 4 w= 18 nsites= 18 
0.2210 0.2413 0.2664 0.2712 
0.2186 0.2724 0.2760 0.2330 
0.2975 0.2401 0.2198 0.2425 
0.1505 0.0633 0.0370 0.7491 
0.0418 0.0741 0.6559 0.2282 
0.4158 0.4026 0.0705 0.1111 
0.0036 0.9904 0.0024 0.0036 
0.0000 0.9976 0.0012 0.0012 
0.8112 0.0072 0.0108 0.1708 
0.0072 0.0012 0.0012 0.9904 
0.9940 0.0036 0.0012 0.0012 
0.0000 0.0000 0.0012 0.9988 
0.9904 0.0000 0.0036 0.0060 
0.1422 0.0072 0.0048 0.8459 
0.0024 0.0131 0.9833 0.0012 
0.0060 0.0060 0.9857 0.0024 
0.1051 0.0657 0.3859 0.4432 
0.2246 0.6655 0.0848 0.0251 

MOTIF filter29 
letter-probability matrix: alength= 4 w= 13 nsites= 13 
0.0945 0.4252 0.2205 0.2598 
0.0814 0.5984 0.1417 0.1785 
0.7060 0.0000 0.2703 0.0236 
0.0000 0.9580 0.0026 0.0394 
0.0000 0.0000 0.0000 1.0000 
0.0000 0.0000 0.0000 1.0000 
0.0000 1.0000 0.0000 0.0000 
0.0000 1.0000 0.0000 0.0000 
0.0000 0.0000 0.9711 0.0289 
0.0000 0.1916 0.7927 0.0157 
0.2677 0.1942 0.2283 0.3097 
0.2021 0.2441 0.2677 0.2861 
0.2782 0.2152 0.2231 0.2835 

MOTIF filter30 
letter-probability matrix: alength= 4 w= 15 nsites= 15 
0.4629 0.2049 0.1484 0.1837 
0.0601 0.3781 0.0989 0.4629 
0.0318 0.3463 0.3781 0.2438 
0.4488 0.0954 0.4558 0.0000 
0.6078 0.0035 0.3675 0.0212 
0.0000 1.0000 0.0000 0.0000 
0.0000 1.0000 0.0000 0.0000 
1.0000 0.0000 0.0000 0.0000 
1.0000 0.0000 0.0000 0.0000 
0.0000 0.0000 0.0000 1.0000 
0.0000 0.8269 0.1731 0.0000 
0.8657 0.0000 0.1343 0.0000 
0.0495 0.0565 0.8940 0.0000 
0.2191 0.2509 0.2438 0.2862 
0.2792 0.2049 0.2650 0.2509 

MOTIF filter31 
letter-probability matrix: alength= 4 w= 14 nsites= 14 
0.2527 0.2363 0.2553 0.2557 
0.2667 0.2355 0.2430 0.2549 
0.2130 0.2371 0.1909 0.3590 
0.0526 0.0833 0.0499 0.8142 
0.0440 0.0497 0.1216 0.7847 
0.2156 0.6502 0.0580 0.0762 
0.1034 0.5589 0.0233 0.3144 
0.2502 0.2366 0.2566 0.2566 
0.3032 0.0320 0.5687 0.0961 
0.0812 0.0555 0.6500 0.2134 
0.7662 0.1225 0.0564 0.0549 
0.8181 0.0617 0.0754 0.0448 
0.3700 0.1864 0.2236 0.2201 
0.2475 0.2416 0.2518 0.2591 

