MEME version 4

ALPHABET= ACGT

Background letter frequencies:
A 0.2500 C 0.2500 G 0.2500 T 0.2500 

MOTIF filter0 
letter-probability matrix: alength= 4 w= 17 nsites= 17 
0.2565 0.2634 0.2080 0.2721 
0.2565 0.6083 0.0208 0.1144 
0.3986 0.0919 0.0485 0.4610 
0.4939 0.0745 0.1438 0.2877 
0.5598 0.0277 0.0555 0.3570 
0.2374 0.1681 0.3744 0.2201 
0.0000 0.0000 0.0000 1.0000 
0.0087 0.5823 0.4090 0.0000 
0.6066 0.3934 0.0000 0.0000 
0.0000 0.0000 0.6101 0.3899 
0.0000 0.6222 0.3778 0.0000 
1.0000 0.0000 0.0000 0.0000 
0.2669 0.2860 0.1820 0.2652 
0.2981 0.0364 0.0035 0.6620 
0.3726 0.1404 0.0364 0.4506 
0.3726 0.1040 0.0745 0.4489 
0.2028 0.1334 0.3726 0.2912 

MOTIF filter1 
letter-probability matrix: alength= 4 w= 16 nsites= 16 
0.2384 0.2384 0.2575 0.2658 
0.2384 0.2959 0.2411 0.2247 
0.2986 0.2301 0.2110 0.2603 
0.1288 0.6685 0.1370 0.0658 
1.0000 0.0000 0.0000 0.0000 
0.9397 0.0000 0.0575 0.0027 
0.4274 0.0438 0.5014 0.0274 
1.0000 0.0000 0.0000 0.0000 
0.0000 0.0000 0.0000 1.0000 
0.0000 0.0000 1.0000 0.0000 
0.0000 0.0000 1.0000 0.0000 
0.0795 0.8466 0.0027 0.0712 
0.1151 0.1808 0.4164 0.2877 
0.0767 0.0986 0.7589 0.0658 
0.1315 0.7616 0.0137 0.0932 
0.2630 0.2356 0.2219 0.2795 

MOTIF filter2 
letter-probability matrix: alength= 4 w= 15 nsites= 15 
0.2887 0.2024 0.2768 0.2321 
0.2351 0.2411 0.2560 0.2679 
0.4851 0.0208 0.1399 0.3542 
0.6399 0.0119 0.0327 0.3155 
0.4851 0.0089 0.0417 0.4643 
0.3006 0.0863 0.2054 0.4077 
0.0030 0.0000 0.0060 0.9911 
0.0000 0.0000 1.0000 0.0000 
0.0387 0.9613 0.0000 0.0000 
0.0000 0.0000 0.0000 1.0000 
0.0000 0.0000 0.9732 0.0268 
1.0000 0.0000 0.0000 0.0000 
0.0387 0.5655 0.2738 0.1220 
0.1726 0.1577 0.0804 0.5893 
0.1667 0.3750 0.1369 0.3214 

MOTIF filter3 
letter-probability matrix: alength= 4 w= 16 nsites= 16 
0.2272 0.2405 0.1907 0.3416 
0.1493 0.1244 0.2239 0.5025 
0.1758 0.2355 0.2371 0.3516 
0.0033 0.8474 0.1443 0.0050 
0.0000 0.9917 0.0050 0.0033 
0.3317 0.0000 0.6468 0.0216 
0.0000 0.2405 0.5207 0.2388 
0.7396 0.0000 0.0000 0.2604 
0.4992 0.0033 0.0000 0.4975 
0.2172 0.3549 0.4245 0.0033 
0.0481 0.5605 0.0000 0.3914 
0.0498 0.0182 0.9254 0.0066 
0.0779 0.0829 0.8325 0.0066 
0.2454 0.3250 0.2222 0.2073 
0.2222 0.4312 0.1907 0.1559 
0.3765 0.1708 0.2040 0.2488 

MOTIF filter4 
letter-probability matrix: alength= 4 w= 18 nsites= 18 
0.2665 0.2395 0.2455 0.2485 
0.2695 0.2605 0.2545 0.2156 
0.2545 0.2395 0.2575 0.2485 
0.1108 0.0120 0.6976 0.1796 
0.0719 0.7246 0.1257 0.0778 
0.3054 0.3593 0.2425 0.0928 
0.0180 0.0000 0.8503 0.1317 
0.0000 1.0000 0.0000 0.0000 
0.0000 1.0000 0.0000 0.0000 
1.0000 0.0000 0.0000 0.0000 
0.0000 0.0000 0.0000 1.0000 
0.0090 0.4760 0.1048 0.4102 
0.0000 0.0449 0.0000 0.9551 
0.0000 0.0090 0.0000 0.9910 
0.0988 0.1078 0.6647 0.1287 
0.2934 0.2575 0.2186 0.2305 
0.2096 0.2874 0.2365 0.2665 
0.2455 0.2964 0.2246 0.2335 

MOTIF filter5 
letter-probability matrix: alength= 4 w= 15 nsites= 15 
0.2592 0.2298 0.2200 0.2910 
0.2616 0.2225 0.2738 0.2421 
0.2347 0.2836 0.2347 0.2469 
0.0098 0.8362 0.1540 0.0000 
0.0416 0.9584 0.0000 0.0000 
0.0000 0.0000 1.0000 0.0000 
0.0000 0.0000 1.0000 0.0000 
1.0000 0.0000 0.0000 0.0000 
1.0000 0.0000 0.0000 0.0000 
0.0416 0.0049 0.9535 0.0000 
0.0342 0.2983 0.0220 0.6455 
0.1956 0.1149 0.6284 0.0611 
0.2567 0.2665 0.4401 0.0367 
0.2274 0.3399 0.2518 0.1809 
0.2249 0.2836 0.2567 0.2347 

MOTIF filter6 
letter-probability matrix: alength= 4 w= 12 nsites= 12 
0.2272 0.2627 0.2617 0.2485 
0.3935 0.2089 0.2515 0.1460 
0.2252 0.3053 0.3195 0.1501 
0.0000 1.0000 0.0000 0.0000 
1.0000 0.0000 0.0000 0.0000 
0.0000 1.0000 0.0000 0.0000 
0.0000 0.0000 1.0000 0.0000 
0.0000 0.0000 0.0000 1.0000 
0.0000 0.0000 1.0000 0.0000 
0.1542 0.2941 0.3144 0.2373 
0.1643 0.2353 0.1775 0.4229 
0.2373 0.2556 0.2495 0.2576 

MOTIF filter7 
letter-probability matrix: alength= 4 w= 14 nsites= 14 
0.2178 0.2229 0.3351 0.2242 
0.5966 0.0619 0.1302 0.2113 
0.3724 0.1817 0.2500 0.1959 
0.1418 0.0000 0.0039 0.8544 
0.1147 0.7500 0.0000 0.1353 
0.6534 0.0000 0.0000 0.3466 
0.0000 0.0000 0.9820 0.0180 
0.0116 0.9884 0.0000 0.0000 
0.5503 0.0039 0.0000 0.4459 
0.2474 0.0361 0.5438 0.1727 
0.7165 0.0232 0.0103 0.2500 
0.1701 0.2075 0.2126 0.4098 
0.2874 0.1340 0.0412 0.5374 
0.2345 0.3389 0.1327 0.2938 

MOTIF filter8 
letter-probability matrix: alength= 4 w= 14 nsites= 14 
0.1293 0.2881 0.3191 0.2635 
0.3519 0.2046 0.3912 0.0524 
0.4386 0.1113 0.3437 0.1064 
0.0016 0.9853 0.0131 0.0000 
0.0000 0.6694 0.0000 0.3306 
0.6547 0.0295 0.3126 0.0033 
1.0000 0.0000 0.0000 0.0000 
0.0000 0.0000 0.0000 1.0000 
0.0278 0.4894 0.0295 0.4534 
0.4714 0.0000 0.5286 0.0000 
0.0196 0.0376 0.9427 0.0000 
0.1833 0.2700 0.1326 0.4141 
0.1489 0.2766 0.2275 0.3470 
0.2553 0.3502 0.2259 0.1686 

MOTIF filter9 
letter-probability matrix: alength= 4 w= 19 nsites= 19 
0.2259 0.2411 0.2652 0.2678 
0.2094 0.2843 0.2779 0.2284 
0.2919 0.2424 0.2132 0.2525 
0.1561 0.0647 0.0381 0.7411 
0.0305 0.0838 0.6777 0.2081 
0.4188 0.4048 0.0584 0.1180 
0.0013 0.9975 0.0013 0.0000 
0.0000 0.9911 0.0025 0.0063 
0.8249 0.0013 0.0089 0.1650 
0.0165 0.0000 0.0000 0.9835 
1.0000 0.0000 0.0000 0.0000 
0.0000 0.0013 0.0013 0.9975 
0.9898 0.0000 0.0000 0.0102 
0.1548 0.0013 0.0000 0.8439 
0.0025 0.0038 0.9937 0.0000 
0.0000 0.0000 1.0000 0.0000 
0.0926 0.0558 0.4099 0.4416 
0.2183 0.6739 0.0876 0.0203 
0.7538 0.0165 0.0609 0.1688 

MOTIF filter10 
letter-probability matrix: alength= 4 w= 16 nsites= 16 
0.2586 0.2243 0.2876 0.2296 
0.5277 0.0818 0.1689 0.2216 
0.1609 0.3536 0.4697 0.0158 
0.0000 0.0079 0.0000 0.9921 
0.0290 0.9710 0.0000 0.0000 
0.9842 0.0000 0.0158 0.0000 
0.0026 0.0053 0.9657 0.0264 
0.0000 1.0000 0.0000 0.0000 
1.0000 0.0000 0.0000 0.0000 
0.4565 0.2111 0.0712 0.2612 
0.3905 0.0633 0.0132 0.5330 
0.4090 0.0501 0.0000 0.5409 
0.2929 0.1187 0.0211 0.5673 
0.2955 0.2348 0.2480 0.2216 
0.2507 0.3061 0.2269 0.2164 
0.2032 0.3351 0.2507 0.2111 

MOTIF filter11 
letter-probability matrix: alength= 4 w= 16 nsites= 16 
0.4783 0.2081 0.1460 0.1677 
0.0807 0.3509 0.1211 0.4472 
0.0497 0.3509 0.3944 0.2050 
0.4410 0.1025 0.4565 0.0000 
0.5683 0.0000 0.3944 0.0373 
0.0000 1.0000 0.0000 0.0000 
0.0000 1.0000 0.0000 0.0000 
1.0000 0.0000 0.0000 0.0000 
1.0000 0.0000 0.0000 0.0000 
0.0000 0.0000 0.0000 1.0000 
0.0248 0.7919 0.1832 0.0000 
0.9006 0.0062 0.0901 0.0031 
0.0839 0.0559 0.8540 0.0062 
0.2298 0.2764 0.2733 0.2205 
0.3168 0.1894 0.2547 0.2391 
0.2391 0.2919 0.1863 0.2826 

MOTIF filter12 
letter-probability matrix: alength= 4 w= 10 nsites= 10 
0.3814 0.2630 0.2431 0.1126 
0.4932 0.3915 0.0654 0.0499 
0.4250 0.3436 0.1543 0.0771 
0.0023 0.5294 0.0382 0.4301 
0.7565 0.0016 0.1702 0.0717 
0.0125 0.6443 0.0113 0.3319 
0.1562 0.0004 0.8399 0.0035 
0.0039 0.0908 0.0425 0.8629 
0.1905 0.0043 0.7795 0.0257 
0.2470 0.1188 0.5095 0.1247 

MOTIF filter13 
letter-probability matrix: alength= 4 w= 15 nsites= 15 
0.2427 0.2583 0.2443 0.2547 
0.2612 0.2341 0.2412 0.2635 
0.2054 0.2444 0.1897 0.3605 
0.0512 0.0983 0.0446 0.8060 
0.0406 0.0628 0.1256 0.7710 
0.2132 0.6308 0.0571 0.0989 
0.0969 0.5681 0.0227 0.3123 
0.2451 0.2459 0.2634 0.2456 
0.2983 0.0296 0.5914 0.0807 
0.0612 0.0523 0.6914 0.1951 
0.7584 0.1290 0.0671 0.0455 
0.8224 0.0679 0.0804 0.0293 
0.3723 0.1863 0.2289 0.2125 
0.2423 0.2492 0.2456 0.2629 
0.2508 0.2495 0.2655 0.2342 

MOTIF filter14 
letter-probability matrix: alength= 4 w= 16 nsites= 16 
0.1915 0.1746 0.1621 0.4718 
0.1555 0.2025 0.4453 0.1966 
0.2693 0.2172 0.2098 0.3037 
0.0286 0.9120 0.0117 0.0477 
0.0081 0.4659 0.0125 0.5136 
0.9362 0.0389 0.0095 0.0154 
0.2634 0.0000 0.0000 0.7366 
0.8445 0.0000 0.0000 0.1555 
0.3580 0.0007 0.0506 0.5906 
0.9340 0.0000 0.0000 0.0660 
0.0051 0.0000 0.0000 0.9949 
0.4541 0.0000 0.5459 0.0000 
0.0286 0.0000 0.9714 0.0000 
0.3059 0.3125 0.1768 0.2047 
0.2399 0.4248 0.1908 0.1445 
0.4600 0.1365 0.2076 0.1959 

MOTIF filter15 
letter-probability matrix: alength= 4 w= 19 nsites= 19 
0.1980 0.2513 0.2881 0.2627 
0.2094 0.1777 0.3921 0.2208 
0.1345 0.2170 0.0546 0.5939 
0.0470 0.1041 0.7157 0.1332 
0.3185 0.2703 0.2576 0.1536 
0.0000 0.9949 0.0000 0.0051 
0.0000 0.9404 0.0000 0.0596 
0.9759 0.0000 0.0000 0.0241 
0.0000 0.0000 0.0000 1.0000 
0.7513 0.0749 0.0102 0.1637 
0.0000 0.0000 0.0000 1.0000 
0.7398 0.0038 0.0000 0.2563 
0.1028 0.0152 0.1193 0.7627 
0.1218 0.0228 0.8350 0.0203 
0.0178 0.0165 0.9239 0.0419 
0.1091 0.1066 0.3782 0.4061 
0.1764 0.5977 0.1510 0.0749 
0.6409 0.0723 0.1218 0.1650 
0.2195 0.2881 0.2703 0.2221 

MOTIF filter16 
letter-probability matrix: alength= 4 w= 13 nsites= 13 
0.2795 0.2923 0.2205 0.2077 
0.2923 0.2256 0.2103 0.2718 
0.2154 0.2538 0.2615 0.2692 
0.0000 0.7513 0.1103 0.1385 
0.0000 0.1385 0.0026 0.8590 
0.0000 0.2333 0.7051 0.0615 
1.0000 0.0000 0.0000 0.0000 
0.0000 0.0000 0.0000 1.0000 
0.0000 0.0000 0.0000 1.0000 
0.0000 0.0000 1.0000 0.0000 
0.0000 0.0000 1.0000 0.0000 
0.0333 0.4103 0.0000 0.5564 
0.0000 0.4513 0.1282 0.4205 

MOTIF filter17 
letter-probability matrix: alength= 4 w= 14 nsites= 14 
0.2321 0.2669 0.2597 0.2413 
0.2464 0.2607 0.2474 0.2454 
0.4939 0.1339 0.3487 0.0235 
0.0000 0.0000 0.0000 1.0000 
0.0000 0.0000 0.0450 0.9550 
0.2914 0.0000 0.6237 0.0849 
0.0072 0.9018 0.0051 0.0859 
0.0992 0.0020 0.8845 0.0143 
0.0869 0.6585 0.0000 0.2546 
0.9499 0.0501 0.0000 0.0000 
1.0000 0.0000 0.0000 0.0000 
0.0123 0.3497 0.1401 0.4980 
0.2730 0.2505 0.2720 0.2045 
0.2546 0.2106 0.2607 0.2740 

MOTIF filter18 
letter-probability matrix: alength= 4 w= 12 nsites= 12 
0.2492 0.2362 0.2725 0.2421 
0.3377 0.2460 0.3122 0.1040 
0.0666 0.0581 0.0745 0.8008 
0.0367 0.0341 0.7498 0.1794 
0.7860 0.0725 0.0938 0.0476 
0.1169 0.3844 0.4023 0.0964 
0.0420 0.0692 0.0859 0.8028 
0.1671 0.7328 0.0527 0.0474 
0.8522 0.0417 0.0568 0.0493 
0.1044 0.3010 0.2620 0.3326 
0.2199 0.3200 0.2181 0.2420 
0.2645 0.2215 0.2504 0.2636 

MOTIF filter19 
letter-probability matrix: alength= 4 w= 15 nsites= 15 
0.2545 0.2252 0.2613 0.2590 
0.2342 0.2635 0.2635 0.2387 
0.2613 0.0676 0.5923 0.0788 
0.1306 0.0000 0.7770 0.0923 
0.2050 0.0000 0.7950 0.0000 
0.0000 0.0000 1.0000 0.0000 
0.0000 0.0000 1.0000 0.0000 
0.3243 0.5270 0.0000 0.1486 
0.0000 0.0000 1.0000 0.0000 
0.0000 0.0000 1.0000 0.0000 
0.1914 0.0000 0.8086 0.0000 
0.2162 0.0293 0.7545 0.0000 
0.1892 0.5203 0.1802 0.1104 
0.2613 0.2027 0.2883 0.2477 
0.2477 0.2973 0.2005 0.2545 

MOTIF filter20 
letter-probability matrix: alength= 4 w= 13 nsites= 13 
0.2916 0.2630 0.2540 0.1914 
0.2719 0.2719 0.2254 0.2308 
0.0966 0.2004 0.4651 0.2379 
0.0000 0.7174 0.0572 0.2254 
0.0036 0.7674 0.0000 0.2290 
0.0000 1.0000 0.0000 0.0000 
0.0000 1.0000 0.0000 0.0000 
0.1252 0.0000 0.5617 0.3131 
0.0000 1.0000 0.0000 0.0000 
0.0000 1.0000 0.0000 0.0000 
0.0000 0.7674 0.0000 0.2326 
0.1109 0.7317 0.0000 0.1574 
0.0519 0.5707 0.0894 0.2880 

MOTIF filter21 
letter-probability matrix: alength= 4 w= 14 nsites= 14 
0.1587 0.1958 0.4832 0.1623 
0.1993 0.4744 0.1358 0.1905 
0.2293 0.5309 0.1517 0.0882 
0.6808 0.0000 0.3104 0.0088 
0.6155 0.3810 0.0035 0.0000 
0.2363 0.4621 0.2998 0.0018 
1.0000 0.0000 0.0000 0.0000 
0.0000 0.0000 0.0000 1.0000 
0.0000 0.1358 0.8060 0.0582 
0.0000 0.0000 0.7337 0.2663 
0.0317 0.5714 0.0000 0.3968 
0.0688 0.1235 0.6155 0.1922 
0.1235 0.1023 0.6561 0.1182 
0.1552 0.6384 0.0741 0.1323 

MOTIF filter22 
letter-probability matrix: alength= 4 w= 8 nsites= 8 
0.1739 0.2253 0.1554 0.4455 
0.0701 0.2456 0.5821 0.1022 
0.5783 0.0352 0.1911 0.1953 
0.0003 0.1805 0.7962 0.0230 
0.4727 0.0731 0.1165 0.3377 
0.0331 0.3121 0.5498 0.1051 
0.2970 0.1525 0.2014 0.3491 
0.0206 0.5302 0.3915 0.0577 

MOTIF filter23 
letter-probability matrix: alength= 4 w= 17 nsites= 17 
0.3682 0.3545 0.1211 0.1562 
0.0293 0.9004 0.0205 0.0498 
0.0039 0.9678 0.0234 0.0049 
0.7002 0.1113 0.0137 0.1748 
0.0439 0.0576 0.0000 0.8984 
0.9814 0.0088 0.0098 0.0000 
0.0029 0.0137 0.0342 0.9492 
0.9219 0.0234 0.0146 0.0400 
0.2041 0.0371 0.0049 0.7539 
0.0010 0.0352 0.9111 0.0527 
0.0244 0.0537 0.9102 0.0117 
0.1318 0.1914 0.2754 0.4014 
0.1582 0.6895 0.0791 0.0732 
0.7588 0.0518 0.0420 0.1475 
0.2412 0.2900 0.1758 0.2930 
0.2832 0.3105 0.2188 0.1875 
0.2246 0.1875 0.2412 0.3467 

MOTIF filter24 
letter-probability matrix: alength= 4 w= 18 nsites= 18 
0.1235 0.2281 0.3276 0.3208 
0.3173 0.2607 0.3379 0.0840 
0.4923 0.0189 0.2178 0.2710 
0.0858 0.7616 0.0961 0.0566 
0.1887 0.6449 0.0772 0.0892 
0.4940 0.1801 0.0789 0.2470 
0.5609 0.3053 0.1115 0.0223 
0.0103 0.0463 0.0257 0.9177 
0.0034 0.3997 0.5883 0.0086 
0.9125 0.0292 0.0480 0.0103 
0.0532 0.0463 0.3533 0.5472 
0.2813 0.1012 0.0635 0.5540 
0.0738 0.0515 0.6775 0.1973 
0.0189 0.0978 0.7736 0.1098 
0.0309 0.3276 0.0635 0.5780 
0.1321 0.3894 0.1887 0.2899 
0.2830 0.3448 0.3156 0.0566 
0.3636 0.1527 0.3448 0.1389 

MOTIF filter25 
letter-probability matrix: alength= 4 w= 13 nsites= 13 
0.2024 0.3529 0.2424 0.2024 
0.3035 0.2188 0.3365 0.1412 
0.1553 0.5106 0.2212 0.1129 
0.0000 0.5294 0.0000 0.4706 
0.0000 0.6118 0.3882 0.0000 
1.0000 0.0000 0.0000 0.0000 
0.2659 0.0000 0.0000 0.7341 
0.0000 0.0000 0.0000 1.0000 
0.0000 0.1247 0.8753 0.0000 
0.1929 0.0000 0.8071 0.0000 
0.0376 0.4518 0.1741 0.3365 
0.0188 0.4376 0.2071 0.3365 
0.2235 0.4235 0.2847 0.0682 

MOTIF filter26 
letter-probability matrix: alength= 4 w= 12 nsites= 12 
0.2402 0.2497 0.2294 0.2807 
0.4318 0.1457 0.3333 0.0891 
0.1741 0.5155 0.2294 0.0810 
0.0364 0.9636 0.0000 0.0000 
1.0000 0.0000 0.0000 0.0000 
0.0094 0.8853 0.0135 0.0918 
0.0999 0.0162 0.8745 0.0094 
0.0000 0.0000 0.0000 1.0000 
0.0000 0.0000 0.9555 0.0445 
0.0877 0.1889 0.5762 0.1471 
0.1188 0.3603 0.0688 0.4521 
0.2254 0.2740 0.2456 0.2551 

MOTIF filter27 
letter-probability matrix: alength= 4 w= 11 nsites= 11 
0.2624 0.2650 0.2310 0.2416 
0.1924 0.1212 0.3105 0.3759 
0.1547 0.5589 0.0306 0.2559 
0.0555 0.0426 0.0658 0.8362 
0.8705 0.0129 0.0226 0.0941 
0.3310 0.0140 0.0134 0.6415 
0.4177 0.0157 0.0152 0.5515 
0.5443 0.0094 0.0174 0.4288 
0.6369 0.0143 0.0086 0.3402 
0.1332 0.0289 0.0303 0.8076 
0.8302 0.0603 0.0557 0.0537 

MOTIF filter28 
letter-probability matrix: alength= 4 w= 13 nsites= 13 
0.2340 0.2694 0.2466 0.2500 
0.2420 0.2785 0.2500 0.2295 
0.0879 0.0559 0.3813 0.4749 
0.0445 0.8721 0.0000 0.0833 
0.0000 0.0000 0.0000 1.0000 
0.9977 0.0000 0.0023 0.0000 
0.2774 0.0091 0.0285 0.6849 
0.4395 0.0068 0.0000 0.5537 
0.5525 0.0046 0.0011 0.4418 
0.6621 0.0091 0.0057 0.3231 
0.0000 0.0011 0.0000 0.9989 
0.9989 0.0011 0.0000 0.0000 
0.0559 0.0000 0.9258 0.0183 

MOTIF filter29 
letter-probability matrix: alength= 4 w= 14 nsites= 14 
0.1520 0.2240 0.3573 0.2667 
0.0267 0.4613 0.2293 0.2827 
0.1013 0.5893 0.1387 0.1707 
0.6933 0.0107 0.2720 0.0240 
0.0000 0.9680 0.0000 0.0320 
0.0000 0.0000 0.0000 1.0000 
0.0000 0.0000 0.0000 1.0000 
0.0000 1.0000 0.0000 0.0000 
0.0000 1.0000 0.0000 0.0000 
0.0000 0.0000 0.9867 0.0133 
0.0000 0.1760 0.8080 0.0160 
0.2693 0.1973 0.2427 0.2907 
0.2400 0.2400 0.2507 0.2693 
0.2560 0.2240 0.2427 0.2773 

MOTIF filter30 
letter-probability matrix: alength= 4 w= 16 nsites= 16 
0.0823 0.2641 0.3330 0.3206 
0.2268 0.5329 0.0999 0.1403 
0.1916 0.4650 0.2206 0.1227 
0.0818 0.6328 0.0875 0.1978 
0.2372 0.0445 0.3625 0.3558 
0.0580 0.4909 0.2796 0.1714 
0.2377 0.4127 0.1616 0.1880 
0.0761 0.7706 0.0647 0.0886 
0.0243 0.6313 0.2139 0.1305 
0.1429 0.3278 0.2046 0.3247 
0.0274 0.6142 0.2361 0.1222 
0.6820 0.2144 0.0606 0.0430 
0.1533 0.4190 0.4272 0.0005 
0.0067 0.1165 0.7115 0.1652 
0.2315 0.0627 0.1274 0.5785 
0.0471 0.2983 0.6473 0.0073 

MOTIF filter31 
letter-probability matrix: alength= 4 w= 15 nsites= 15 
0.2216 0.2332 0.2761 0.2691 
0.2227 0.2877 0.2784 0.2111 
0.2552 0.2587 0.2436 0.2425 
0.1520 0.0835 0.0336 0.7309 
0.0267 0.0800 0.6624 0.2309 
0.4130 0.4153 0.0742 0.0974 
0.0000 0.9722 0.0278 0.0000 
0.0023 0.9930 0.0000 0.0046 
0.7947 0.0000 0.0023 0.2030 
0.0336 0.0012 0.0081 0.9571 
0.9988 0.0000 0.0012 0.0000 
0.0000 0.0046 0.0000 0.9954 
0.9872 0.0035 0.0000 0.0093 
0.1647 0.0081 0.0000 0.8271 
0.0023 0.0081 0.9826 0.0070 

