MEME version 4

ALPHABET= ACGT

Background letter frequencies:
A 0.2500 C 0.2500 G 0.2500 T 0.2500 

MOTIF filter0 
letter-probability matrix: alength= 4 w= 13 nsites= 13 
0.2246 0.2566 0.2163 0.3024 
0.0500 0.0551 0.0347 0.8603 
0.0386 0.0260 0.0674 0.8681 
0.2268 0.7039 0.0332 0.0361 
0.0732 0.5947 0.0150 0.3170 
0.2260 0.2552 0.2498 0.2690 
0.3420 0.0102 0.5746 0.0732 
0.0320 0.0335 0.7182 0.2163 
0.8506 0.0873 0.0267 0.0354 
0.8846 0.0378 0.0517 0.0260 
0.3738 0.1919 0.2467 0.1877 
0.2348 0.2539 0.2498 0.2615 
0.2328 0.2496 0.2787 0.2389 

MOTIF filter1 
letter-probability matrix: alength= 4 w= 14 nsites= 14 
0.1496 0.2178 0.3727 0.2598 
0.0210 0.4829 0.2283 0.2677 
0.0866 0.6168 0.1286 0.1680 
0.6745 0.0157 0.2651 0.0446 
0.0000 0.9554 0.0079 0.0367 
0.0000 0.0000 0.0000 1.0000 
0.0000 0.0000 0.0000 1.0000 
0.0000 1.0000 0.0000 0.0000 
0.0000 1.0000 0.0000 0.0000 
0.0000 0.0000 0.9869 0.0131 
0.0000 0.1680 0.8163 0.0157 
0.2625 0.2021 0.2415 0.2940 
0.2388 0.2467 0.2520 0.2625 
0.2415 0.2257 0.2546 0.2782 

MOTIF filter2 
letter-probability matrix: alength= 4 w= 11 nsites= 11 
0.2512 0.2676 0.2140 0.2671 
0.3386 0.0492 0.4310 0.1812 
0.0953 0.5765 0.1559 0.1723 
0.1271 0.8406 0.0124 0.0199 
0.8406 0.0218 0.1038 0.0338 
0.2264 0.5422 0.1207 0.1107 
0.1182 0.0551 0.6797 0.1470 
0.0283 0.1023 0.0010 0.8684 
0.0005 0.0397 0.9245 0.0353 
0.0591 0.1097 0.5988 0.2324 
0.4017 0.2855 0.0914 0.2214 

MOTIF filter3 
letter-probability matrix: alength= 4 w= 14 nsites= 14 
0.2725 0.2371 0.2107 0.2796 
0.0892 0.1560 0.0963 0.6586 
0.0010 0.0061 0.0041 0.9889 
0.0041 0.1712 0.0111 0.8136 
0.0638 0.9230 0.0000 0.0132 
0.0233 0.6505 0.0051 0.3212 
0.3850 0.1307 0.3313 0.1530 
0.0415 0.0010 0.9362 0.0213 
0.2077 0.0071 0.7700 0.0152 
0.9797 0.0071 0.0132 0.0000 
0.9818 0.0020 0.0081 0.0081 
0.4701 0.1094 0.2168 0.2036 
0.2573 0.2533 0.2168 0.2725 
0.2584 0.2300 0.2928 0.2188 

MOTIF filter4 
letter-probability matrix: alength= 4 w= 14 nsites= 14 
0.2484 0.2400 0.2574 0.2542 
0.2578 0.2565 0.2190 0.2668 
0.4027 0.1862 0.3373 0.0738 
0.0635 0.0427 0.0491 0.8447 
0.0234 0.0415 0.1956 0.7396 
0.3171 0.0287 0.4757 0.1786 
0.0911 0.6321 0.0724 0.2044 
0.2266 0.0733 0.6198 0.0803 
0.1986 0.4904 0.0180 0.2931 
0.7544 0.1716 0.0394 0.0347 
0.8661 0.0394 0.0534 0.0412 
0.0854 0.3092 0.1786 0.4268 
0.2378 0.2678 0.2554 0.2389 
0.2495 0.2309 0.2544 0.2653 

MOTIF filter5 
letter-probability matrix: alength= 4 w= 15 nsites= 15 
0.2887 0.1732 0.3202 0.2178 
0.5591 0.0682 0.1470 0.2257 
0.1706 0.3150 0.4856 0.0289 
0.0000 0.0000 0.0000 1.0000 
0.0446 0.9554 0.0000 0.0000 
1.0000 0.0000 0.0000 0.0000 
0.0000 0.0000 0.9843 0.0157 
0.0000 1.0000 0.0000 0.0000 
0.9921 0.0000 0.0000 0.0079 
0.4226 0.1837 0.1181 0.2756 
0.4042 0.0604 0.0079 0.5276 
0.4199 0.0656 0.0000 0.5144 
0.3412 0.1050 0.0184 0.5354 
0.2651 0.2388 0.2546 0.2415 
0.2703 0.2782 0.2310 0.2205 

MOTIF filter6 
letter-probability matrix: alength= 4 w= 15 nsites= 15 
0.2471 0.2265 0.2540 0.2723 
0.2403 0.2517 0.2632 0.2449 
0.2677 0.0595 0.5881 0.0847 
0.1327 0.0000 0.7712 0.0961 
0.1991 0.0000 0.8009 0.0000 
0.0000 0.0000 1.0000 0.0000 
0.0000 0.0000 1.0000 0.0000 
0.3272 0.5217 0.0000 0.1510 
0.0000 0.0000 1.0000 0.0000 
0.0000 0.0000 1.0000 0.0000 
0.1945 0.0000 0.8055 0.0000 
0.2288 0.0275 0.7437 0.0000 
0.1899 0.5423 0.1854 0.0824 
0.2769 0.1945 0.2792 0.2494 
0.2311 0.2998 0.2174 0.2517 

MOTIF filter7 
letter-probability matrix: alength= 4 w= 15 nsites= 15 
0.2650 0.3007 0.2160 0.2183 
0.2650 0.2584 0.2339 0.2428 
0.2383 0.2561 0.2428 0.2628 
0.0200 0.7661 0.1136 0.1002 
0.0000 0.1915 0.0022 0.8062 
0.0022 0.2517 0.7149 0.0312 
1.0000 0.0000 0.0000 0.0000 
0.0000 0.0000 0.0000 1.0000 
0.0000 0.0000 0.0000 1.0000 
0.0000 0.0000 1.0000 0.0000 
0.0000 0.0000 1.0000 0.0000 
0.0535 0.4009 0.0089 0.5367 
0.0223 0.4321 0.1381 0.4076 
0.1938 0.4009 0.3140 0.0913 
0.4477 0.1537 0.3096 0.0891 

MOTIF filter8 
letter-probability matrix: alength= 4 w= 15 nsites= 15 
0.2640 0.2388 0.2556 0.2416 
0.2640 0.2669 0.2303 0.2388 
0.4860 0.0197 0.1292 0.3652 
0.6517 0.0084 0.0281 0.3118 
0.4438 0.0000 0.0478 0.5084 
0.2865 0.1404 0.1657 0.4073 
0.0112 0.0000 0.0000 0.9888 
0.0000 0.0000 1.0000 0.0000 
0.0365 0.9635 0.0000 0.0000 
0.0000 0.0000 0.0000 1.0000 
0.0000 0.0000 0.9803 0.0197 
1.0000 0.0000 0.0000 0.0000 
0.0309 0.5225 0.2921 0.1545 
0.1994 0.1236 0.0646 0.6124 
0.1770 0.3933 0.1264 0.3034 

MOTIF filter9 
letter-probability matrix: alength= 4 w= 12 nsites= 12 
0.2475 0.2494 0.2592 0.2439 
0.2549 0.2592 0.2420 0.2439 
0.2475 0.2279 0.2549 0.2696 
0.6170 0.0000 0.0000 0.3830 
0.0000 0.0000 0.0000 1.0000 
0.0000 0.0129 0.0000 0.9871 
0.9326 0.0000 0.0674 0.0000 
1.0000 0.0000 0.0000 0.0000 
0.3873 0.0000 0.0000 0.6127 
0.2574 0.2488 0.2475 0.2463 
0.2298 0.2604 0.2574 0.2525 
0.2482 0.2580 0.2408 0.2531 

MOTIF filter10 
letter-probability matrix: alength= 4 w= 20 nsites= 20 
0.2273 0.2182 0.2818 0.2727 
0.1273 0.2909 0.2636 0.3182 
0.0909 0.0455 0.6455 0.2182 
0.3455 0.1000 0.2455 0.3091 
0.4455 0.2636 0.1182 0.1727 
0.2000 0.3091 0.3909 0.1000 
0.2636 0.1000 0.2455 0.3909 
0.4364 0.0273 0.0000 0.5364 
0.0455 0.5182 0.0727 0.3636 
0.0000 0.0818 0.0000 0.9182 
0.0000 0.0000 1.0000 0.0000 
0.2545 0.5273 0.0000 0.2182 
0.9545 0.0000 0.0455 0.0000 
0.0636 0.7545 0.0727 0.1091 
0.4909 0.1091 0.1364 0.2636 
0.4818 0.0545 0.1455 0.3182 
0.1818 0.3636 0.0273 0.4273 
0.6273 0.0273 0.0364 0.3091 
0.1636 0.5364 0.1636 0.1364 
0.1273 0.6909 0.1636 0.0182 

MOTIF filter11 
letter-probability matrix: alength= 4 w= 16 nsites= 16 
0.4149 0.2095 0.1826 0.1929 
0.0975 0.3382 0.1349 0.4295 
0.0768 0.3091 0.3755 0.2386 
0.4149 0.1432 0.4378 0.0041 
0.5560 0.0124 0.3714 0.0602 
0.0000 1.0000 0.0000 0.0000 
0.0000 1.0000 0.0000 0.0000 
1.0000 0.0000 0.0000 0.0000 
1.0000 0.0000 0.0000 0.0000 
0.0000 0.0000 0.0000 1.0000 
0.0394 0.7303 0.2282 0.0021 
0.7988 0.0021 0.1971 0.0021 
0.0892 0.1100 0.7842 0.0166 
0.2158 0.2759 0.2365 0.2718 
0.2718 0.1971 0.2656 0.2656 
0.2303 0.2780 0.2303 0.2614 

MOTIF filter12 
letter-probability matrix: alength= 4 w= 14 nsites= 14 
0.3028 0.2324 0.2148 0.2500 
0.2394 0.2324 0.2958 0.2324 
0.2218 0.2465 0.2852 0.2465 
0.0106 0.8662 0.1232 0.0000 
0.0282 0.9718 0.0000 0.0000 
0.0000 0.0000 1.0000 0.0000 
0.0000 0.0000 1.0000 0.0000 
1.0000 0.0000 0.0000 0.0000 
1.0000 0.0000 0.0000 0.0000 
0.0423 0.0070 0.9507 0.0000 
0.0317 0.2923 0.0035 0.6725 
0.1408 0.0458 0.7852 0.0282 
0.2606 0.2218 0.5141 0.0035 
0.2183 0.3908 0.2254 0.1655 

MOTIF filter13 
letter-probability matrix: alength= 4 w= 16 nsites= 16 
0.2362 0.4502 0.1384 0.1753 
0.4631 0.0314 0.0886 0.4170 
0.4834 0.0738 0.1697 0.2731 
0.5535 0.0240 0.0000 0.4225 
0.2989 0.1863 0.3100 0.2048 
0.0000 0.0000 0.0000 1.0000 
0.0000 0.4539 0.5461 0.0000 
0.5203 0.4797 0.0000 0.0000 
0.0000 0.0000 0.3985 0.6015 
0.0000 0.4631 0.5369 0.0000 
1.0000 0.0000 0.0000 0.0000 
0.2288 0.4114 0.1218 0.2380 
0.2712 0.0055 0.0074 0.7159 
0.2399 0.2472 0.0387 0.4742 
0.4428 0.0646 0.0554 0.4373 
0.2159 0.1494 0.4576 0.1771 

MOTIF filter14 
letter-probability matrix: alength= 4 w= 14 nsites= 14 
0.1427 0.1082 0.3174 0.4317 
0.0550 0.8094 0.0106 0.1250 
0.0027 0.0177 0.0000 0.9796 
0.9840 0.0035 0.0018 0.0106 
0.2872 0.0027 0.0044 0.7057 
0.4521 0.0018 0.0044 0.5417 
0.5390 0.0018 0.0044 0.4548 
0.6809 0.0027 0.0009 0.3156 
0.0062 0.0009 0.0044 0.9885 
0.9770 0.0009 0.0213 0.0009 
0.1321 0.0071 0.8067 0.0541 
0.4415 0.3449 0.0612 0.1525 
0.2713 0.2376 0.2571 0.2340 
0.2571 0.2748 0.2385 0.2296 

MOTIF filter15 
letter-probability matrix: alength= 4 w= 13 nsites= 13 
0.2550 0.2451 0.2410 0.2589 
0.2425 0.2262 0.2891 0.2422 
0.3513 0.2414 0.3049 0.1024 
0.0656 0.0826 0.0859 0.7659 
0.0727 0.0579 0.7151 0.1543 
0.7564 0.0500 0.1068 0.0868 
0.0927 0.4121 0.4180 0.0771 
0.0649 0.0931 0.0896 0.7524 
0.1394 0.7181 0.0886 0.0539 
0.8209 0.0426 0.0805 0.0560 
0.1008 0.3173 0.2436 0.3383 
0.2323 0.2909 0.2265 0.2503 
0.2522 0.2283 0.2600 0.2595 

MOTIF filter16 
letter-probability matrix: alength= 4 w= 12 nsites= 12 
0.2283 0.2648 0.2608 0.2461 
0.3907 0.2087 0.2520 0.1486 
0.2254 0.3051 0.3110 0.1585 
0.0000 1.0000 0.0000 0.0000 
1.0000 0.0000 0.0000 0.0000 
0.0000 0.9980 0.0000 0.0020 
0.0039 0.0000 0.9961 0.0000 
0.0000 0.0000 0.0000 1.0000 
0.0000 0.0000 1.0000 0.0000 
0.1634 0.2894 0.3130 0.2343 
0.1693 0.2411 0.1722 0.4173 
0.2313 0.2618 0.2490 0.2579 

MOTIF filter17 
letter-probability matrix: alength= 4 w= 15 nsites= 15 
0.3256 0.2269 0.1735 0.2740 
0.3986 0.1139 0.2269 0.2607 
0.3078 0.5338 0.0231 0.1352 
0.7900 0.0000 0.0783 0.1317 
0.7509 0.1895 0.0587 0.0009 
0.3452 0.0694 0.1326 0.4528 
0.0000 0.0338 0.0552 0.9110 
0.0498 0.0151 0.0000 0.9351 
0.1281 0.0053 0.3657 0.5009 
0.1699 0.0890 0.2811 0.4600 
0.2367 0.1050 0.1637 0.4947 
0.0525 0.0632 0.5267 0.3577 
0.2322 0.2972 0.1406 0.3301 
0.0810 0.3185 0.1468 0.4537 
0.1886 0.1121 0.1717 0.5276 

MOTIF filter18 
letter-probability matrix: alength= 4 w= 20 nsites= 20 
0.2000 0.1840 0.3040 0.3120 
0.4160 0.1840 0.3440 0.0560 
0.7040 0.0400 0.1040 0.1520 
0.3840 0.2400 0.1440 0.2320 
0.0080 0.3600 0.3200 0.3120 
0.0000 0.6080 0.2960 0.0960 
0.1440 0.6240 0.2080 0.0240 
0.1120 0.3120 0.5760 0.0000 
0.5840 0.0240 0.3920 0.0000 
0.7120 0.0080 0.0080 0.2720 
0.0720 0.0560 0.0000 0.8720 
0.0400 0.0080 0.9520 0.0000 
0.2720 0.2960 0.0000 0.4320 
0.1120 0.7440 0.1440 0.0000 
0.0400 0.2720 0.2320 0.4560 
0.0640 0.3040 0.3520 0.2800 
0.5760 0.1920 0.0000 0.2320 
0.0240 0.1840 0.7040 0.0880 
0.0960 0.6000 0.2880 0.0160 
0.1760 0.2960 0.3520 0.1760 

MOTIF filter19 
letter-probability matrix: alength= 4 w= 19 nsites= 19 
0.2315 0.2185 0.2744 0.2757 
0.2068 0.2952 0.2692 0.2289 
0.2874 0.2237 0.2484 0.2406 
0.1404 0.0767 0.0416 0.7412 
0.0260 0.0663 0.7074 0.2003 
0.4278 0.4005 0.0546 0.1170 
0.0000 0.9909 0.0091 0.0000 
0.0000 0.9987 0.0013 0.0000 
0.8557 0.0026 0.0065 0.1352 
0.0156 0.0000 0.0013 0.9831 
1.0000 0.0000 0.0000 0.0000 
0.0000 0.0000 0.0013 0.9987 
0.9909 0.0013 0.0000 0.0078 
0.1365 0.0013 0.0000 0.8622 
0.0013 0.0039 0.9948 0.0000 
0.0000 0.0052 0.9935 0.0013 
0.1196 0.0780 0.3784 0.4239 
0.2172 0.6567 0.0949 0.0312 
0.7347 0.0221 0.0611 0.1821 

MOTIF filter20 
letter-probability matrix: alength= 4 w= 18 nsites= 18 
0.2923 0.2423 0.2000 0.2654 
0.1077 0.2462 0.3115 0.3346 
0.5269 0.0692 0.0885 0.3154 
0.5731 0.0577 0.0692 0.3000 
0.5269 0.1115 0.0154 0.3462 
0.2231 0.1615 0.0654 0.5500 
0.1038 0.0654 0.0346 0.7962 
0.1692 0.0038 0.7923 0.0346 
0.0346 0.8346 0.1308 0.0000 
0.0000 0.0000 0.0000 1.0000 
0.0000 0.4000 0.6000 0.0000 
1.0000 0.0000 0.0000 0.0000 
0.0115 0.2577 0.6692 0.0615 
0.0923 0.5115 0.0038 0.3923 
0.6192 0.2038 0.0385 0.1385 
0.4115 0.2231 0.1423 0.2231 
0.2269 0.0269 0.2269 0.5192 
0.3538 0.0923 0.1192 0.4346 

MOTIF filter21 
letter-probability matrix: alength= 4 w= 15 nsites= 15 
0.2291 0.2345 0.2561 0.2803 
0.2237 0.2884 0.2561 0.2318 
0.2749 0.2210 0.2156 0.2884 
0.1536 0.6469 0.1375 0.0620 
1.0000 0.0000 0.0000 0.0000 
0.9838 0.0000 0.0162 0.0000 
0.4178 0.0728 0.4852 0.0243 
1.0000 0.0000 0.0000 0.0000 
0.0000 0.0000 0.0000 1.0000 
0.0000 0.0000 1.0000 0.0000 
0.0000 0.0000 1.0000 0.0000 
0.0647 0.8491 0.0000 0.0863 
0.1294 0.1995 0.4097 0.2615 
0.0836 0.0943 0.7628 0.0593 
0.1402 0.7574 0.0108 0.0916 

MOTIF filter22 
letter-probability matrix: alength= 4 w= 10 nsites= 10 
0.0159 0.3774 0.4847 0.1221 
0.0242 0.2889 0.2317 0.4552 
0.1274 0.2765 0.0796 0.5165 
0.1162 0.6710 0.1946 0.0183 
0.0460 0.8774 0.0719 0.0047 
0.0531 0.0265 0.7624 0.1580 
0.0324 0.5159 0.4222 0.0295 
0.2423 0.4982 0.2559 0.0035 
0.0289 0.4493 0.3945 0.1274 
0.0926 0.4676 0.3945 0.0454 

MOTIF filter23 
letter-probability matrix: alength= 4 w= 13 nsites= 13 
0.2468 0.5065 0.0779 0.1688 
0.2312 0.2312 0.0390 0.4987 
0.2753 0.1896 0.2701 0.2649 
0.7273 0.0078 0.0987 0.1662 
0.3143 0.1065 0.4156 0.1636 
0.0727 0.0000 0.0000 0.9273 
0.0805 0.8649 0.0026 0.0519 
0.7403 0.0000 0.0000 0.2597 
0.0000 0.0000 1.0000 0.0000 
0.0000 1.0000 0.0000 0.0000 
0.7481 0.0000 0.0000 0.2519 
0.2857 0.0468 0.4364 0.2312 
0.7143 0.0052 0.0052 0.2753 

MOTIF filter24 
letter-probability matrix: alength= 4 w= 18 nsites= 18 
0.2520 0.2626 0.2334 0.2520 
0.2520 0.2865 0.2520 0.2095 
0.2308 0.2520 0.2573 0.2599 
0.1141 0.0265 0.6711 0.1883 
0.0928 0.6923 0.1220 0.0928 
0.2944 0.3369 0.2520 0.1167 
0.0769 0.0000 0.8090 0.1141 
0.0000 1.0000 0.0000 0.0000 
0.0000 1.0000 0.0000 0.0000 
1.0000 0.0000 0.0000 0.0000 
0.0000 0.0000 0.0000 1.0000 
0.0080 0.4589 0.1326 0.4005 
0.0000 0.0186 0.0027 0.9788 
0.0000 0.0106 0.0000 0.9894 
0.0955 0.0955 0.6631 0.1459 
0.2891 0.2308 0.2387 0.2414 
0.2149 0.2599 0.2599 0.2653 
0.2361 0.2891 0.2361 0.2387 

MOTIF filter25 
letter-probability matrix: alength= 4 w= 18 nsites= 18 
0.0891 0.1307 0.5731 0.2072 
0.3911 0.3485 0.1133 0.1471 
0.0252 0.9051 0.0019 0.0678 
0.0174 0.9303 0.0242 0.0281 
0.8654 0.0010 0.0000 0.1336 
0.0552 0.0387 0.0077 0.8984 
0.9661 0.0126 0.0213 0.0000 
0.0000 0.0000 0.0019 0.9981 
0.7773 0.0174 0.0000 0.2052 
0.2420 0.0261 0.0077 0.7241 
0.0755 0.0833 0.8199 0.0213 
0.0397 0.0000 0.9564 0.0039 
0.1171 0.0532 0.3785 0.4511 
0.2072 0.6273 0.0803 0.0852 
0.6350 0.0503 0.1326 0.1820 
0.2217 0.2953 0.2633 0.2197 
0.1404 0.2459 0.3398 0.2740 
0.2730 0.2130 0.2875 0.2265 

MOTIF filter26 
letter-probability matrix: alength= 4 w= 11 nsites= 11 
0.2240 0.2747 0.2373 0.2640 
0.2533 0.2187 0.3013 0.2267 
0.2240 0.2693 0.2533 0.2533 
0.0027 0.8293 0.1680 0.0000 
0.0027 0.9973 0.0000 0.0000 
0.0000 0.0000 1.0000 0.0000 
0.0000 0.0000 1.0000 0.0000 
1.0000 0.0000 0.0000 0.0000 
1.0000 0.0000 0.0000 0.0000 
0.0080 0.0267 0.9653 0.0000 
0.0107 0.3333 0.0187 0.6373 

MOTIF filter27 
letter-probability matrix: alength= 4 w= 19 nsites= 19 
0.2591 0.1182 0.4182 0.2045 
0.1318 0.5909 0.1091 0.1682 
0.2864 0.2455 0.2182 0.2500 
0.0864 0.0909 0.6955 0.1273 
0.0818 0.7182 0.0591 0.1409 
0.0455 0.9364 0.0045 0.0136 
1.0000 0.0000 0.0000 0.0000 
0.5545 0.0000 0.0045 0.4409 
0.2136 0.2227 0.3773 0.1864 
0.5955 0.0000 0.0000 0.4045 
0.0000 0.0000 0.0000 1.0000 
0.0000 0.0000 0.9864 0.0136 
0.0682 0.0455 0.8409 0.0455 
0.0773 0.7182 0.0727 0.1318 
0.1500 0.2182 0.4136 0.2182 
0.1136 0.1227 0.6773 0.0864 
0.1318 0.6455 0.1227 0.1000 
0.2682 0.2727 0.2545 0.2045 
0.2045 0.2273 0.2818 0.2864 

MOTIF filter28 
letter-probability matrix: alength= 4 w= 16 nsites= 16 
0.2559 0.2722 0.2367 0.2352 
0.2426 0.2973 0.2441 0.2160 
0.0547 0.0133 0.3891 0.5429 
0.0074 0.9098 0.0000 0.0828 
0.0000 0.0000 0.0000 1.0000 
1.0000 0.0000 0.0000 0.0000 
0.1908 0.0000 0.0015 0.8077 
0.4216 0.0000 0.0000 0.5784 
0.5074 0.0000 0.0000 0.4926 
0.6612 0.0000 0.0000 0.3388 
0.0000 0.0000 0.0000 1.0000 
1.0000 0.0000 0.0000 0.0000 
0.0444 0.0000 0.9482 0.0074 
0.4482 0.3861 0.0459 0.1198 
0.2973 0.2204 0.2722 0.2101 
0.2574 0.2796 0.2278 0.2352 

MOTIF filter29 
letter-probability matrix: alength= 4 w= 20 nsites= 20 
0.2250 0.2503 0.2642 0.2604 
0.2048 0.2908 0.2743 0.2301 
0.2920 0.2314 0.2263 0.2503 
0.1479 0.0708 0.0367 0.7446 
0.0303 0.0796 0.6764 0.2137 
0.4311 0.3894 0.0657 0.1138 
0.0000 1.0000 0.0000 0.0000 
0.0000 0.9937 0.0013 0.0051 
0.8306 0.0000 0.0063 0.1631 
0.0101 0.0000 0.0000 0.9899 
1.0000 0.0000 0.0000 0.0000 
0.0000 0.0000 0.0013 0.9987 
0.9937 0.0000 0.0000 0.0063 
0.1391 0.0025 0.0000 0.8584 
0.0000 0.0051 0.9949 0.0000 
0.0000 0.0013 0.9987 0.0000 
0.1075 0.0657 0.3970 0.4298 
0.2238 0.6612 0.0898 0.0253 
0.7472 0.0291 0.0582 0.1656 
0.2225 0.2781 0.2528 0.2465 

MOTIF filter30 
letter-probability matrix: alength= 4 w= 14 nsites= 14 
0.1243 0.2139 0.4040 0.2578 
0.0000 0.7404 0.0402 0.2194 
0.0000 0.7751 0.0000 0.2249 
0.0000 1.0000 0.0000 0.0000 
0.0000 1.0000 0.0000 0.0000 
0.1280 0.0000 0.5503 0.3218 
0.0000 1.0000 0.0000 0.0000 
0.0000 1.0000 0.0000 0.0000 
0.0000 0.7569 0.0000 0.2431 
0.1024 0.7386 0.0000 0.1590 
0.0640 0.5814 0.0640 0.2907 
0.2614 0.2486 0.2413 0.2486 
0.2907 0.2230 0.2358 0.2505 
0.2358 0.2797 0.2322 0.2523 

MOTIF filter31 
letter-probability matrix: alength= 4 w= 20 nsites= 20 
0.2287 0.2364 0.2674 0.2674 
0.2222 0.2765 0.2842 0.2171 
0.2713 0.2571 0.2222 0.2494 
0.1525 0.0633 0.0336 0.7506 
0.0220 0.0840 0.6886 0.2054 
0.3941 0.4199 0.0736 0.1124 
0.0013 0.9987 0.0000 0.0000 
0.0000 0.9961 0.0013 0.0026 
0.8243 0.0000 0.0039 0.1718 
0.0168 0.0000 0.0013 0.9819 
0.9987 0.0013 0.0000 0.0000 
0.0000 0.0013 0.0013 0.9974 
0.9910 0.0000 0.0013 0.0078 
0.1382 0.0026 0.0000 0.8592 
0.0026 0.0026 0.9948 0.0000 
0.0013 0.0000 0.9974 0.0013 
0.0904 0.0698 0.3992 0.4406 
0.2080 0.6809 0.0814 0.0297 
0.7377 0.0207 0.0607 0.1809 
0.2481 0.2687 0.2390 0.2442 

