MEME version 4

ALPHABET= ACGT

Background letter frequencies:
A 0.2500 C 0.2500 G 0.2500 T 0.2500 

MOTIF filter0 
letter-probability matrix: alength= 4 w= 15 nsites= 15 
0.2534 0.2458 0.2244 0.2763 
0.1939 0.1832 0.1527 0.4702 
0.0092 0.1115 0.0977 0.7817 
0.0000 0.0015 0.0000 0.9985 
0.0000 0.4702 0.0076 0.5221 
0.0305 0.9679 0.0000 0.0015 
0.0809 0.4718 0.0366 0.4107 
0.3924 0.0015 0.5771 0.0290 
0.0000 0.0000 0.9939 0.0061 
0.5053 0.0000 0.4901 0.0046 
1.0000 0.0000 0.0000 0.0000 
0.9053 0.0305 0.0397 0.0244 
0.4595 0.1359 0.2092 0.1954 
0.2718 0.2718 0.1817 0.2748 
0.2122 0.2656 0.3069 0.2153 

MOTIF filter1 
letter-probability matrix: alength= 4 w= 16 nsites= 16 
0.4606 0.2128 0.1487 0.1778 
0.0554 0.3673 0.1224 0.4548 
0.0729 0.3149 0.3761 0.2362 
0.4461 0.0845 0.4694 0.0000 
0.5918 0.0029 0.3615 0.0437 
0.0000 1.0000 0.0000 0.0000 
0.0000 1.0000 0.0000 0.0000 
1.0000 0.0000 0.0000 0.0000 
1.0000 0.0000 0.0000 0.0000 
0.0000 0.0000 0.0000 1.0000 
0.0292 0.7784 0.1924 0.0000 
0.8484 0.0000 0.1516 0.0000 
0.0671 0.0525 0.8717 0.0087 
0.2245 0.2770 0.2507 0.2478 
0.2886 0.1749 0.2682 0.2682 
0.2303 0.2770 0.2216 0.2711 

MOTIF filter2 
letter-probability matrix: alength= 4 w= 13 nsites= 13 
0.2424 0.2332 0.2637 0.2607 
0.2332 0.1680 0.3941 0.2047 
0.4002 0.2291 0.3615 0.0092 
0.0000 0.0000 0.0000 1.0000 
0.0000 0.0000 1.0000 0.0000 
1.0000 0.0000 0.0000 0.0000 
0.0031 0.5051 0.4908 0.0010 
0.0000 0.0000 0.0000 1.0000 
0.0000 1.0000 0.0000 0.0000 
1.0000 0.0000 0.0000 0.0000 
0.0000 0.3422 0.2597 0.3982 
0.2210 0.3585 0.1904 0.2301 
0.2617 0.2200 0.2699 0.2485 

MOTIF filter3 
letter-probability matrix: alength= 4 w= 18 nsites= 18 
0.2196 0.2472 0.2647 0.2685 
0.2070 0.2823 0.2685 0.2422 
0.2911 0.2459 0.2258 0.2371 
0.1518 0.0690 0.0376 0.7415 
0.0289 0.0841 0.6775 0.2095 
0.4203 0.3965 0.0640 0.1192 
0.0000 0.9962 0.0025 0.0013 
0.0000 0.9950 0.0000 0.0050 
0.8356 0.0000 0.0025 0.1619 
0.0151 0.0000 0.0013 0.9837 
0.9987 0.0013 0.0000 0.0000 
0.0000 0.0000 0.0013 0.9987 
0.9987 0.0000 0.0000 0.0013 
0.1506 0.0025 0.0000 0.8469 
0.0013 0.0088 0.9900 0.0000 
0.0000 0.0000 1.0000 0.0000 
0.1004 0.0540 0.4028 0.4429 
0.2133 0.6700 0.0866 0.0301 

MOTIF filter4 
letter-probability matrix: alength= 4 w= 18 nsites= 18 
0.2623 0.2787 0.2230 0.2361 
0.2623 0.2852 0.2393 0.2131 
0.2426 0.2557 0.2492 0.2525 
0.1213 0.0131 0.6852 0.1803 
0.0787 0.7508 0.0984 0.0721 
0.2984 0.3410 0.2459 0.1148 
0.0230 0.0000 0.8689 0.1082 
0.0000 1.0000 0.0000 0.0000 
0.0000 1.0000 0.0000 0.0000 
1.0000 0.0000 0.0000 0.0000 
0.0000 0.0000 0.0000 1.0000 
0.0131 0.4623 0.1311 0.3934 
0.0000 0.0098 0.0000 0.9902 
0.0000 0.0000 0.0000 1.0000 
0.0754 0.0852 0.7213 0.1180 
0.2918 0.2393 0.2230 0.2459 
0.2033 0.2590 0.2820 0.2557 
0.2328 0.2885 0.2492 0.2295 

MOTIF filter5 
letter-probability matrix: alength= 4 w= 16 nsites= 16 
0.2754 0.2536 0.2355 0.2355 
0.2391 0.3225 0.2029 0.2355 
0.2572 0.2246 0.2210 0.2971 
0.0000 0.8804 0.0688 0.0507 
0.0000 0.1703 0.0000 0.8297 
0.0000 0.2246 0.7717 0.0036 
1.0000 0.0000 0.0000 0.0000 
0.0000 0.0000 0.0000 1.0000 
0.0000 0.0000 0.0000 1.0000 
0.0000 0.0000 1.0000 0.0000 
0.0000 0.0000 1.0000 0.0000 
0.0217 0.4275 0.0000 0.5507 
0.0217 0.4638 0.1304 0.3841 
0.1630 0.5072 0.2935 0.0362 
0.5471 0.1051 0.3261 0.0217 
0.1377 0.1196 0.2754 0.4674 

MOTIF filter6 
letter-probability matrix: alength= 4 w= 13 nsites= 13 
0.2783 0.3420 0.1942 0.1855 
0.2754 0.2551 0.2116 0.2580 
0.2232 0.2725 0.2406 0.2638 
0.0029 0.8145 0.1014 0.0812 
0.0000 0.1594 0.0000 0.8406 
0.0000 0.2203 0.7739 0.0058 
1.0000 0.0000 0.0000 0.0000 
0.0000 0.0000 0.0000 1.0000 
0.0000 0.0000 0.0000 1.0000 
0.0000 0.0000 1.0000 0.0000 
0.0000 0.0000 1.0000 0.0000 
0.0377 0.4000 0.0029 0.5594 
0.0000 0.4029 0.1362 0.4609 

MOTIF filter7 
letter-probability matrix: alength= 4 w= 16 nsites= 16 
0.1867 0.1289 0.0910 0.5934 
0.0976 0.1242 0.5526 0.2256 
0.2720 0.2502 0.1886 0.2891 
0.0028 0.9953 0.0000 0.0019 
0.0000 0.6095 0.0000 0.3905 
0.9735 0.0000 0.0000 0.0265 
0.0825 0.0000 0.0000 0.9175 
0.8123 0.0000 0.0000 0.1877 
0.2057 0.0000 0.0000 0.7943 
0.9137 0.0000 0.0000 0.0863 
0.0398 0.0000 0.0000 0.9602 
0.3896 0.0000 0.6104 0.0000 
0.0028 0.0000 0.9972 0.0000 
0.2521 0.1791 0.2455 0.3232 
0.2218 0.5270 0.1640 0.0872 
0.5886 0.0910 0.1251 0.1953 

MOTIF filter8 
letter-probability matrix: alength= 4 w= 16 nsites= 16 
0.2594 0.2774 0.2503 0.2129 
0.2232 0.2929 0.2439 0.2400 
0.0968 0.0387 0.3600 0.5045 
0.0103 0.9097 0.0000 0.0800 
0.0000 0.0000 0.0000 1.0000 
1.0000 0.0000 0.0000 0.0000 
0.2645 0.0000 0.0039 0.7316 
0.4606 0.0013 0.0000 0.5381 
0.5639 0.0000 0.0000 0.4361 
0.6929 0.0026 0.0000 0.3045 
0.0000 0.0000 0.0000 1.0000 
1.0000 0.0000 0.0000 0.0000 
0.0645 0.0000 0.9239 0.0116 
0.4723 0.3652 0.0452 0.1174 
0.2852 0.2232 0.2581 0.2335 
0.2413 0.2735 0.2323 0.2529 

MOTIF filter9 
letter-probability matrix: alength= 4 w= 14 nsites= 14 
0.1540 0.1932 0.3734 0.2794 
0.0209 0.4674 0.2454 0.2663 
0.0809 0.6188 0.1358 0.1645 
0.6762 0.0131 0.2794 0.0313 
0.0000 0.9504 0.0026 0.0470 
0.0000 0.0000 0.0000 1.0000 
0.0000 0.0000 0.0000 1.0000 
0.0000 1.0000 0.0000 0.0000 
0.0000 1.0000 0.0000 0.0000 
0.0000 0.0000 0.9739 0.0261 
0.0000 0.1514 0.8381 0.0104 
0.2689 0.1880 0.2533 0.2898 
0.2585 0.2298 0.2533 0.2585 
0.2559 0.2272 0.2350 0.2820 

MOTIF filter10 
letter-probability matrix: alength= 4 w= 17 nsites= 17 
0.2333 0.2367 0.2567 0.2733 
0.2433 0.2867 0.2600 0.2100 
0.3000 0.2233 0.2100 0.2667 
0.1433 0.6800 0.1267 0.0500 
1.0000 0.0000 0.0000 0.0000 
0.9833 0.0000 0.0167 0.0000 
0.4567 0.0633 0.4767 0.0033 
1.0000 0.0000 0.0000 0.0000 
0.0000 0.0000 0.0000 1.0000 
0.0000 0.0000 1.0000 0.0000 
0.0000 0.0000 1.0000 0.0000 
0.0500 0.9100 0.0000 0.0400 
0.1033 0.1900 0.4200 0.2867 
0.0733 0.0867 0.7767 0.0633 
0.1033 0.8100 0.0067 0.0800 
0.2667 0.2300 0.2000 0.3033 
0.2333 0.2367 0.3133 0.2167 

MOTIF filter11 
letter-probability matrix: alength= 4 w= 13 nsites= 13 
0.2585 0.2366 0.2358 0.2692 
0.2395 0.2283 0.2951 0.2372 
0.3292 0.2784 0.2994 0.0931 
0.0462 0.0491 0.0640 0.8406 
0.0216 0.0391 0.7424 0.1969 
0.8362 0.0500 0.0566 0.0572 
0.1175 0.3812 0.3965 0.1048 
0.0431 0.0543 0.0431 0.8594 
0.1915 0.7257 0.0438 0.0390 
0.8569 0.0443 0.0527 0.0461 
0.0932 0.2997 0.2843 0.3228 
0.2246 0.2934 0.2373 0.2447 
0.2685 0.2303 0.2532 0.2480 

MOTIF filter12 
letter-probability matrix: alength= 4 w= 10 nsites= 10 
0.2405 0.2673 0.2447 0.2475 
0.3055 0.2376 0.2037 0.2532 
0.2956 0.2362 0.2489 0.2192 
0.8784 0.0665 0.0481 0.0071 
0.0000 0.0000 0.0000 1.0000 
0.0000 0.2504 0.0000 0.7496 
0.5177 0.0000 0.0000 0.4823 
0.7921 0.0000 0.2079 0.0000 
1.0000 0.0000 0.0000 0.0000 
0.0198 0.0283 0.0410 0.9109 

MOTIF filter13 
letter-probability matrix: alength= 4 w= 12 nsites= 12 
0.2312 0.2628 0.2658 0.2401 
0.3943 0.2045 0.2549 0.1462 
0.2253 0.3103 0.3113 0.1532 
0.0000 1.0000 0.0000 0.0000 
1.0000 0.0000 0.0000 0.0000 
0.0000 0.9921 0.0000 0.0079 
0.0010 0.0000 0.9990 0.0000 
0.0000 0.0000 0.0000 1.0000 
0.0000 0.0000 1.0000 0.0000 
0.1591 0.2905 0.3162 0.2342 
0.1670 0.2401 0.1729 0.4200 
0.2322 0.2569 0.2520 0.2589 

MOTIF filter14 
letter-probability matrix: alength= 4 w= 13 nsites= 13 
0.2642 0.1614 0.4223 0.1522 
0.3481 0.2238 0.2524 0.1757 
0.4229 0.3038 0.1991 0.0742 
0.0169 0.5335 0.0039 0.4457 
0.0091 0.6207 0.3357 0.0345 
0.9271 0.0299 0.0124 0.0306 
0.5641 0.0800 0.1113 0.2446 
0.0072 0.0228 0.0013 0.9688 
0.0052 0.4268 0.5647 0.0033 
0.5485 0.0046 0.4450 0.0020 
0.1126 0.1034 0.3247 0.4593 
0.1080 0.3253 0.0950 0.4717 
0.1568 0.4977 0.2674 0.0781 

MOTIF filter15 
letter-probability matrix: alength= 4 w= 15 nsites= 15 
0.2666 0.2773 0.2417 0.2145 
0.2536 0.2678 0.2382 0.2405 
0.1244 0.2156 0.4111 0.2488 
0.0000 0.6031 0.1398 0.2571 
0.0284 0.6754 0.0000 0.2962 
0.0012 0.9964 0.0000 0.0024 
0.0012 0.9941 0.0024 0.0024 
0.1694 0.0047 0.5012 0.3246 
0.0047 0.9893 0.0012 0.0047 
0.0024 0.9976 0.0000 0.0000 
0.0047 0.7050 0.0024 0.2879 
0.1659 0.6398 0.0012 0.1931 
0.1031 0.4929 0.1220 0.2820 
0.2310 0.2749 0.2571 0.2370 
0.2701 0.2524 0.2334 0.2441 

MOTIF filter16 
letter-probability matrix: alength= 4 w= 12 nsites= 12 
0.2359 0.2658 0.2572 0.2411 
0.4233 0.1993 0.2453 0.1320 
0.2189 0.3177 0.3152 0.1482 
0.0000 1.0000 0.0000 0.0000 
0.9847 0.0000 0.0153 0.0000 
0.0000 0.9838 0.0017 0.0145 
0.0792 0.0000 0.9208 0.0000 
0.0239 0.0000 0.0000 0.9761 
0.0000 0.0000 0.9991 0.0009 
0.1567 0.2913 0.3049 0.2470 
0.1584 0.2394 0.1627 0.4395 
0.2368 0.2555 0.2496 0.2581 

MOTIF filter17 
letter-probability matrix: alength= 4 w= 12 nsites= 12 
0.2455 0.2629 0.2641 0.2275 
0.2629 0.2536 0.2387 0.2449 
0.4636 0.1535 0.3474 0.0354 
0.0031 0.0037 0.0062 0.9869 
0.0006 0.0000 0.1112 0.8881 
0.3226 0.0044 0.5544 0.1187 
0.0392 0.7843 0.0224 0.1541 
0.1510 0.0273 0.7906 0.0311 
0.1268 0.6097 0.0019 0.2617 
0.8987 0.0976 0.0006 0.0031 
0.9901 0.0044 0.0031 0.0025 
0.0311 0.3480 0.1560 0.4649 

MOTIF filter18 
letter-probability matrix: alength= 4 w= 20 nsites= 20 
0.2201 0.2458 0.2613 0.2728 
0.2124 0.2844 0.2806 0.2227 
0.2831 0.2368 0.2304 0.2497 
0.1570 0.0695 0.0360 0.7375 
0.0283 0.0798 0.6731 0.2188 
0.4183 0.3951 0.0682 0.1184 
0.0000 1.0000 0.0000 0.0000 
0.0000 0.9961 0.0026 0.0013 
0.8301 0.0000 0.0051 0.1647 
0.0064 0.0000 0.0000 0.9936 
0.9987 0.0013 0.0000 0.0000 
0.0000 0.0000 0.0013 0.9987 
0.9897 0.0000 0.0000 0.0103 
0.1248 0.0039 0.0000 0.8713 
0.0000 0.0039 0.9961 0.0000 
0.0000 0.0013 0.9974 0.0013 
0.0927 0.0734 0.4054 0.4286 
0.2227 0.6641 0.0824 0.0309 
0.7580 0.0219 0.0502 0.1699 
0.2252 0.2716 0.2510 0.2523 

MOTIF filter19 
letter-probability matrix: alength= 4 w= 14 nsites= 14 
0.2800 0.1723 0.3138 0.2338 
0.6031 0.0800 0.1292 0.1877 
0.1692 0.3138 0.4800 0.0369 
0.0000 0.0000 0.0000 1.0000 
0.0092 0.9908 0.0000 0.0000 
1.0000 0.0000 0.0000 0.0000 
0.0000 0.0000 0.9508 0.0492 
0.0000 1.0000 0.0000 0.0000 
0.9969 0.0000 0.0000 0.0031 
0.4369 0.1785 0.1323 0.2523 
0.4215 0.0585 0.0031 0.5169 
0.3908 0.0000 0.0000 0.6092 
0.3077 0.0831 0.0031 0.6062 
0.2769 0.2462 0.2400 0.2369 

MOTIF filter20 
letter-probability matrix: alength= 4 w= 15 nsites= 15 
0.0863 0.3414 0.1546 0.4177 
0.0643 0.3293 0.3574 0.2490 
0.3996 0.1606 0.4317 0.0080 
0.5100 0.0181 0.4056 0.0663 
0.0000 0.9960 0.0040 0.0000 
0.0000 0.9819 0.0000 0.0181 
0.9940 0.0020 0.0040 0.0000 
1.0000 0.0000 0.0000 0.0000 
0.0020 0.0000 0.0000 0.9980 
0.0321 0.7149 0.1968 0.0562 
0.7731 0.0040 0.2169 0.0060 
0.0522 0.1024 0.8373 0.0080 
0.2088 0.2550 0.2530 0.2831 
0.2410 0.2068 0.2771 0.2751 
0.2008 0.2992 0.2470 0.2530 

MOTIF filter21 
letter-probability matrix: alength= 4 w= 16 nsites= 16 
0.2633 0.2171 0.2206 0.2989 
0.3025 0.2420 0.2278 0.2278 
0.2206 0.3096 0.1673 0.3025 
0.2847 0.5979 0.0285 0.0890 
0.2527 0.1744 0.0605 0.5125 
0.2811 0.1388 0.3274 0.2527 
0.6690 0.0249 0.0925 0.2135 
0.1281 0.3025 0.5409 0.0285 
0.0000 0.0000 0.0000 1.0000 
0.0107 0.9893 0.0000 0.0000 
1.0000 0.0000 0.0000 0.0000 
0.0000 0.0000 1.0000 0.0000 
0.0000 1.0000 0.0000 0.0000 
1.0000 0.0000 0.0000 0.0000 
0.4520 0.1708 0.0925 0.2847 
0.3950 0.0107 0.0000 0.5943 

MOTIF filter22 
letter-probability matrix: alength= 4 w= 15 nsites= 15 
0.1184 0.2441 0.1399 0.4976 
0.5044 0.2360 0.0356 0.2239 
0.1432 0.4412 0.0827 0.3329 
0.4560 0.0000 0.1036 0.4405 
0.4270 0.1782 0.0525 0.3423 
0.4748 0.0013 0.0081 0.5158 
0.1627 0.4001 0.0330 0.4042 
0.6772 0.0054 0.0081 0.3093 
0.0296 0.0296 0.8877 0.0531 
0.0706 0.7236 0.0437 0.1621 
0.3033 0.0995 0.1096 0.4876 
0.1049 0.0276 0.7875 0.0800 
0.4721 0.1352 0.1278 0.2650 
0.1742 0.3753 0.0639 0.3867 
0.2367 0.2757 0.0262 0.4613 

MOTIF filter23 
letter-probability matrix: alength= 4 w= 18 nsites= 18 
0.2468 0.2753 0.2278 0.2500 
0.2753 0.2184 0.2690 0.2373 
0.2437 0.2848 0.2215 0.2500 
0.5285 0.0127 0.1297 0.3291 
0.6551 0.0127 0.0411 0.2911 
0.4525 0.0000 0.0253 0.5222 
0.3070 0.1551 0.1424 0.3956 
0.0063 0.0000 0.0000 0.9937 
0.0000 0.0000 1.0000 0.0000 
0.0158 0.9842 0.0000 0.0000 
0.0000 0.0000 0.0000 1.0000 
0.0000 0.0000 0.9937 0.0063 
1.0000 0.0000 0.0000 0.0000 
0.0253 0.5095 0.3165 0.1487 
0.2025 0.1139 0.0443 0.6392 
0.1930 0.3829 0.1076 0.3165 
0.5285 0.0475 0.1835 0.2405 
0.1614 0.0411 0.5411 0.2563 

MOTIF filter24 
letter-probability matrix: alength= 4 w= 14 nsites= 14 
0.2773 0.2356 0.2147 0.2724 
0.2650 0.2577 0.2344 0.2429 
0.1448 0.1939 0.1485 0.5129 
0.0000 0.0000 0.0000 1.0000 
0.0000 0.0000 0.0000 1.0000 
0.0393 0.9607 0.0000 0.0000 
0.0000 0.7975 0.0000 0.2025 
0.2503 0.2319 0.2294 0.2883 
0.2123 0.0000 0.7779 0.0098 
0.0000 0.0000 0.9546 0.0454 
0.9975 0.0025 0.0000 0.0000 
1.0000 0.0000 0.0000 0.0000 
0.5288 0.1215 0.2098 0.1399 
0.2429 0.2761 0.2368 0.2442 

MOTIF filter25 
letter-probability matrix: alength= 4 w= 15 nsites= 15 
0.2551 0.2247 0.2601 0.2601 
0.2323 0.2374 0.2551 0.2753 
0.2247 0.2399 0.2879 0.2475 
0.2576 0.0556 0.6162 0.0707 
0.1136 0.0000 0.7904 0.0960 
0.1793 0.0000 0.8207 0.0000 
0.0000 0.0000 1.0000 0.0000 
0.0000 0.0000 1.0000 0.0000 
0.3081 0.5480 0.0000 0.1439 
0.0000 0.0000 1.0000 0.0000 
0.0000 0.0000 1.0000 0.0000 
0.1641 0.0000 0.8359 0.0000 
0.2096 0.0227 0.7677 0.0000 
0.1793 0.5606 0.1742 0.0859 
0.2576 0.2172 0.2803 0.2449 

MOTIF filter26 
letter-probability matrix: alength= 4 w= 17 nsites= 17 
0.3137 0.2235 0.2157 0.2471 
0.2588 0.2784 0.2471 0.2157 
0.1961 0.2510 0.2745 0.2784 
0.1020 0.0235 0.7647 0.1098 
0.0706 0.7686 0.1020 0.0588 
0.2902 0.3725 0.2510 0.0863 
0.1176 0.0000 0.8314 0.0510 
0.0039 0.9961 0.0000 0.0000 
0.0078 0.9922 0.0000 0.0000 
1.0000 0.0000 0.0000 0.0000 
0.0000 0.0000 0.0000 1.0000 
0.0000 0.4353 0.2235 0.3412 
0.0000 0.0000 0.0431 0.9569 
0.0039 0.0196 0.0000 0.9765 
0.0275 0.0627 0.8431 0.0667 
0.2471 0.2118 0.3176 0.2235 
0.1922 0.3294 0.2078 0.2706 

MOTIF filter27 
letter-probability matrix: alength= 4 w= 16 nsites= 16 
0.2576 0.2671 0.2397 0.2355 
0.2450 0.2671 0.2513 0.2366 
0.1178 0.0715 0.3428 0.4679 
0.0410 0.8486 0.0000 0.1104 
0.0000 0.0011 0.0000 0.9989 
0.9989 0.0000 0.0000 0.0011 
0.2808 0.0011 0.0063 0.7119 
0.4595 0.0011 0.0000 0.5394 
0.5552 0.0000 0.0011 0.4437 
0.6898 0.0000 0.0000 0.3102 
0.0000 0.0000 0.0000 1.0000 
0.9937 0.0000 0.0063 0.0000 
0.1104 0.0011 0.8496 0.0389 
0.4490 0.3575 0.0526 0.1409 
0.2850 0.2271 0.2576 0.2303 
0.2387 0.2913 0.2419 0.2282 

MOTIF filter28 
letter-probability matrix: alength= 4 w= 13 nsites= 13 
0.2229 0.2620 0.2259 0.2892 
0.2620 0.1988 0.2861 0.2530 
0.2048 0.2861 0.2590 0.2500 
0.0060 0.8735 0.1205 0.0000 
0.0211 0.9789 0.0000 0.0000 
0.0000 0.0000 1.0000 0.0000 
0.0000 0.0000 1.0000 0.0000 
1.0000 0.0000 0.0000 0.0000 
1.0000 0.0000 0.0000 0.0000 
0.0241 0.0151 0.9608 0.0000 
0.0060 0.2892 0.0151 0.6898 
0.1627 0.1205 0.6687 0.0482 
0.2410 0.2861 0.4337 0.0392 

MOTIF filter29 
letter-probability matrix: alength= 4 w= 14 nsites= 14 
0.2880 0.2160 0.2360 0.2600 
0.2320 0.2440 0.3120 0.2120 
0.2360 0.2200 0.2800 0.2640 
0.0000 0.9120 0.0880 0.0000 
0.0200 0.9800 0.0000 0.0000 
0.0000 0.0000 1.0000 0.0000 
0.0000 0.0000 1.0000 0.0000 
1.0000 0.0000 0.0000 0.0000 
1.0000 0.0000 0.0000 0.0000 
0.0280 0.0000 0.9720 0.0000 
0.0320 0.3200 0.0040 0.6440 
0.1440 0.0360 0.7840 0.0360 
0.2520 0.2200 0.5240 0.0040 
0.1960 0.4040 0.2560 0.1440 

MOTIF filter30 
letter-probability matrix: alength= 4 w= 12 nsites= 12 
0.2427 0.2678 0.2299 0.2597 
0.2497 0.2435 0.2508 0.2561 
0.2210 0.2653 0.2488 0.2650 
0.6199 0.0059 0.0000 0.3742 
0.0000 0.0000 0.0000 1.0000 
0.0000 0.2536 0.0000 0.7464 
0.6888 0.0033 0.3079 0.0000 
1.0000 0.0000 0.0000 0.0000 
0.3672 0.0000 0.0306 0.6021 
0.2577 0.2563 0.2552 0.2307 
0.2455 0.2488 0.2538 0.2519 
0.2558 0.2446 0.2463 0.2533 

MOTIF filter31 
letter-probability matrix: alength= 4 w= 18 nsites= 18 
0.2280 0.2642 0.2435 0.2642 
0.2124 0.3446 0.2176 0.2254 
0.2332 0.3057 0.2176 0.2435 
0.1917 0.6788 0.0648 0.0648 
0.9793 0.0000 0.0026 0.0181 
0.9689 0.0000 0.0259 0.0052 
0.4016 0.0699 0.4637 0.0648 
1.0000 0.0000 0.0000 0.0000 
0.0000 0.0000 0.0000 1.0000 
0.0000 0.0000 1.0000 0.0000 
0.0000 0.0000 1.0000 0.0000 
0.0674 0.8290 0.0104 0.0933 
0.1425 0.2202 0.3964 0.2409 
0.1295 0.0596 0.7332 0.0777 
0.1477 0.7021 0.0466 0.1036 
0.2617 0.2461 0.2383 0.2539 
0.2202 0.2332 0.2772 0.2694 
0.2513 0.2487 0.3005 0.1995 

