MEME version 4

ALPHABET= ACGT

Background letter frequencies:
A 0.2500 C 0.2500 G 0.2500 T 0.2500 

MOTIF filter0 
letter-probability matrix: alength= 4 w= 15 nsites= 15 
0.2885 0.2564 0.2543 0.2009 
0.2650 0.2842 0.2329 0.2179 
0.0684 0.2051 0.4893 0.2372 
0.0000 0.7521 0.0363 0.2115 
0.0021 0.8056 0.0000 0.1923 
0.0000 1.0000 0.0000 0.0000 
0.0000 1.0000 0.0000 0.0000 
0.1068 0.0000 0.5962 0.2970 
0.0000 1.0000 0.0000 0.0000 
0.0000 1.0000 0.0000 0.0000 
0.0000 0.7885 0.0000 0.2115 
0.0919 0.7778 0.0000 0.1303 
0.0513 0.6090 0.0598 0.2799 
0.2671 0.2372 0.2500 0.2457 
0.2778 0.2308 0.2350 0.2564 

MOTIF filter1 
letter-probability matrix: alength= 4 w= 14 nsites= 14 
0.2431 0.2022 0.2451 0.3096 
0.0808 0.7545 0.0101 0.1546 
0.0108 0.2524 0.0155 0.7213 
0.9470 0.0170 0.0170 0.0189 
0.2424 0.0081 0.0216 0.7279 
0.5373 0.0193 0.0077 0.4356 
0.4148 0.0104 0.0186 0.5562 
0.7031 0.0166 0.0008 0.2795 
0.0313 0.0367 0.0193 0.9126 
0.7035 0.0193 0.2617 0.0155 
0.1419 0.0166 0.7708 0.0707 
0.3336 0.2911 0.1697 0.2056 
0.2250 0.3402 0.2350 0.1998 
0.3390 0.2246 0.2126 0.2238 

MOTIF filter2 
letter-probability matrix: alength= 4 w= 18 nsites= 18 
0.2276 0.2464 0.2545 0.2715 
0.2222 0.2823 0.2599 0.2357 
0.2796 0.2419 0.2384 0.2401 
0.1792 0.0959 0.0538 0.6711 
0.0529 0.1066 0.6210 0.2195 
0.3898 0.3835 0.0905 0.1362 
0.0125 0.9507 0.0251 0.0116 
0.0027 0.9597 0.0161 0.0215 
0.7590 0.0134 0.0224 0.2052 
0.0493 0.0054 0.0090 0.9364 
0.9704 0.0099 0.0170 0.0027 
0.0018 0.0116 0.0036 0.9830 
0.9480 0.0170 0.0072 0.0278 
0.2016 0.0260 0.0099 0.7625 
0.0063 0.0421 0.9391 0.0125 
0.0054 0.0224 0.9606 0.0116 
0.1299 0.0744 0.3844 0.4113 
0.2437 0.6013 0.1084 0.0466 

MOTIF filter3 
letter-probability matrix: alength= 4 w= 17 nsites= 17 
0.2936 0.2033 0.2218 0.2813 
0.2361 0.4435 0.1520 0.1684 
0.4066 0.0431 0.0965 0.4538 
0.5647 0.0370 0.0575 0.3409 
0.5688 0.0246 0.0123 0.3943 
0.2936 0.1068 0.3080 0.2916 
0.0000 0.0000 0.0000 1.0000 
0.0000 0.3183 0.6817 0.0000 
0.3840 0.6160 0.0000 0.0000 
0.0000 0.0000 0.3101 0.6899 
0.0000 0.3121 0.6879 0.0000 
1.0000 0.0000 0.0000 0.0000 
0.1889 0.4148 0.1766 0.2197 
0.2772 0.0411 0.0164 0.6653 
0.2587 0.2505 0.0637 0.4271 
0.4004 0.0821 0.0965 0.4209 
0.1704 0.0452 0.5277 0.2567 

MOTIF filter4 
letter-probability matrix: alength= 4 w= 13 nsites= 13 
0.1890 0.1805 0.4246 0.2059 
0.2272 0.4480 0.1316 0.1932 
0.2272 0.6008 0.1253 0.0467 
0.7728 0.0000 0.2272 0.0000 
0.7176 0.2781 0.0042 0.0000 
0.2611 0.4246 0.3142 0.0000 
1.0000 0.0000 0.0000 0.0000 
0.0000 0.0000 0.0000 1.0000 
0.0000 0.0764 0.8960 0.0276 
0.0000 0.0000 0.7580 0.2420 
0.0403 0.6582 0.0000 0.3015 
0.0786 0.1168 0.5669 0.2378 
0.1083 0.1125 0.7282 0.0510 

MOTIF filter5 
letter-probability matrix: alength= 4 w= 13 nsites= 13 
0.2440 0.2407 0.2560 0.2593 
0.2254 0.1763 0.3816 0.2166 
0.3994 0.2101 0.3559 0.0346 
0.0000 0.0000 0.0000 1.0000 
0.0000 0.0000 0.9444 0.0556 
1.0000 0.0000 0.0000 0.0000 
0.0290 0.4710 0.4710 0.0290 
0.0000 0.0000 0.0000 1.0000 
0.0411 0.9589 0.0000 0.0000 
1.0000 0.0000 0.0000 0.0000 
0.0314 0.3269 0.2488 0.3929 
0.2118 0.3607 0.1948 0.2327 
0.2552 0.2238 0.2770 0.2440 

MOTIF filter6 
letter-probability matrix: alength= 4 w= 12 nsites= 12 
0.2350 0.2639 0.2593 0.2419 
0.4352 0.1944 0.2650 0.1053 
0.2245 0.3137 0.3426 0.1192 
0.0000 1.0000 0.0000 0.0000 
1.0000 0.0000 0.0000 0.0000 
0.0000 1.0000 0.0000 0.0000 
0.0000 0.0000 1.0000 0.0000 
0.0000 0.0000 0.0000 1.0000 
0.0000 0.0000 1.0000 0.0000 
0.1088 0.3137 0.3495 0.2280 
0.1481 0.2326 0.1505 0.4688 
0.2500 0.2569 0.2384 0.2546 

MOTIF filter7 
letter-probability matrix: alength= 4 w= 11 nsites= 11 
0.3707 0.2098 0.2577 0.1618 
0.2303 0.3493 0.2979 0.1224 
0.0000 1.0000 0.0000 0.0000 
1.0000 0.0000 0.0000 0.0000 
0.0000 0.9152 0.0000 0.0848 
0.0591 0.0000 0.9409 0.0000 
0.0000 0.0051 0.0000 0.9949 
0.0128 0.0000 0.9872 0.0000 
0.1498 0.2988 0.2860 0.2654 
0.1558 0.2329 0.1884 0.4229 
0.2192 0.2329 0.2979 0.2500 

MOTIF filter8 
letter-probability matrix: alength= 4 w= 15 nsites= 15 
0.1681 0.1703 0.1616 0.5000 
0.1703 0.1092 0.2293 0.4913 
0.2118 0.3668 0.2424 0.1790 
0.0044 0.8100 0.1856 0.0000 
0.0000 0.9913 0.0022 0.0066 
0.1354 0.0000 0.8559 0.0087 
0.0000 0.1135 0.8799 0.0066 
0.8930 0.0000 0.0000 0.1070 
0.8734 0.0000 0.0000 0.1266 
0.0764 0.1878 0.7358 0.0000 
0.0197 0.4738 0.0153 0.4913 
0.1114 0.0742 0.7707 0.0437 
0.2424 0.1943 0.5306 0.0328 
0.1834 0.3668 0.2969 0.1528 
0.1288 0.3581 0.2336 0.2795 

MOTIF filter9 
letter-probability matrix: alength= 4 w= 18 nsites= 18 
0.2996 0.4657 0.0939 0.1408 
0.2708 0.1877 0.0758 0.4657 
0.2708 0.1733 0.3430 0.2130 
0.6245 0.0505 0.1372 0.1877 
0.1408 0.3285 0.5199 0.0108 
0.0000 0.0000 0.0000 1.0000 
0.0072 0.9928 0.0000 0.0000 
1.0000 0.0000 0.0000 0.0000 
0.0000 0.0000 0.9928 0.0072 
0.0000 1.0000 0.0000 0.0000 
0.9964 0.0000 0.0000 0.0036 
0.5126 0.1805 0.0722 0.2347 
0.4079 0.0505 0.0000 0.5415 
0.4296 0.0614 0.0000 0.5090 
0.3177 0.0469 0.0144 0.6209 
0.2310 0.2202 0.2816 0.2671 
0.2635 0.2888 0.1986 0.2491 
0.2274 0.3285 0.1913 0.2527 

MOTIF filter10 
letter-probability matrix: alength= 4 w= 11 nsites= 11 
0.2511 0.2391 0.2516 0.2581 
0.2611 0.2581 0.2288 0.2520 
0.4096 0.1903 0.3378 0.0623 
0.0325 0.0378 0.0435 0.8862 
0.0258 0.0260 0.1800 0.7682 
0.3151 0.0148 0.4916 0.1785 
0.0782 0.6422 0.0738 0.2058 
0.2358 0.0612 0.6271 0.0760 
0.1833 0.4979 0.0160 0.3028 
0.7744 0.1500 0.0297 0.0460 
0.9047 0.0293 0.0398 0.0262 

MOTIF filter11 
letter-probability matrix: alength= 4 w= 20 nsites= 20 
0.2458 0.2626 0.2385 0.2531 
0.1149 0.1419 0.5691 0.1741 
0.1185 0.2370 0.0922 0.5523 
0.3153 0.0856 0.0395 0.5596 
0.2487 0.1302 0.2341 0.3870 
0.4192 0.0658 0.2012 0.3138 
0.6020 0.0249 0.2370 0.1361 
0.1448 0.4075 0.0000 0.4477 
0.1317 0.3548 0.4309 0.0827 
0.1405 0.4901 0.1558 0.2136 
0.3146 0.1412 0.4616 0.0827 
0.1309 0.1141 0.1880 0.5669 
0.2004 0.0051 0.5347 0.2597 
0.0527 0.5091 0.1580 0.2802 
0.0651 0.5881 0.0022 0.3446 
0.6811 0.0059 0.2304 0.0827 
0.7220 0.1829 0.0344 0.0607 
0.4938 0.1287 0.1317 0.2458 
0.3936 0.0944 0.3116 0.2004 
0.6042 0.0073 0.3738 0.0146 

MOTIF filter12 
letter-probability matrix: alength= 4 w= 17 nsites= 17 
0.2377 0.2580 0.2261 0.2783 
0.2580 0.2377 0.2812 0.2232 
0.2232 0.2957 0.2290 0.2522 
0.5101 0.0145 0.1188 0.3565 
0.6638 0.0029 0.0290 0.3043 
0.4725 0.0029 0.0493 0.4754 
0.2812 0.1710 0.1536 0.3942 
0.0000 0.0000 0.0000 1.0000 
0.0000 0.0000 1.0000 0.0000 
0.0522 0.9478 0.0000 0.0000 
0.0000 0.0000 0.0000 1.0000 
0.0000 0.0000 0.9942 0.0058 
1.0000 0.0000 0.0000 0.0000 
0.0348 0.5130 0.3275 0.1246 
0.1768 0.1304 0.0406 0.6522 
0.1710 0.3971 0.1246 0.3072 
0.5217 0.0348 0.2058 0.2377 

MOTIF filter13 
letter-probability matrix: alength= 4 w= 19 nsites= 19 
0.2267 0.2442 0.2578 0.2713 
0.2180 0.2810 0.2587 0.2422 
0.2839 0.2403 0.2316 0.2442 
0.1744 0.1008 0.0630 0.6618 
0.0514 0.1066 0.6027 0.2393 
0.4089 0.3750 0.0911 0.1250 
0.0097 0.9671 0.0155 0.0078 
0.0107 0.9467 0.0174 0.0252 
0.7694 0.0368 0.0242 0.1696 
0.0862 0.0000 0.0019 0.9118 
0.9952 0.0000 0.0000 0.0048 
0.0329 0.0039 0.0407 0.9225 
0.9797 0.0000 0.0000 0.0203 
0.1570 0.0078 0.0019 0.8333 
0.0116 0.0010 0.9874 0.0000 
0.0078 0.0010 0.9913 0.0000 
0.1134 0.1202 0.3672 0.3992 
0.2151 0.6105 0.1211 0.0533 
0.6715 0.0388 0.1105 0.1793 

MOTIF filter14 
letter-probability matrix: alength= 4 w= 15 nsites= 15 
0.2823 0.2472 0.2110 0.2596 
0.2668 0.2513 0.2389 0.2430 
0.1458 0.2203 0.1613 0.4726 
0.0000 0.0000 0.0000 1.0000 
0.0000 0.0000 0.0010 0.9990 
0.0941 0.9059 0.0000 0.0000 
0.0041 0.7663 0.0000 0.2296 
0.2647 0.2285 0.2254 0.2813 
0.2451 0.0000 0.7456 0.0093 
0.0000 0.0000 0.9049 0.0951 
1.0000 0.0000 0.0000 0.0000 
1.0000 0.0000 0.0000 0.0000 
0.4891 0.1375 0.2161 0.1572 
0.2430 0.2709 0.2461 0.2399 
0.2585 0.2306 0.2544 0.2565 

MOTIF filter15 
letter-probability matrix: alength= 4 w= 16 nsites= 16 
0.2304 0.2588 0.3167 0.1941 
0.3422 0.1990 0.2147 0.2441 
0.2069 0.2176 0.1029 0.4725 
0.0294 0.0343 0.0882 0.8480 
0.0010 0.0069 0.0029 0.9892 
0.0000 0.5392 0.0157 0.4451 
0.0667 0.9275 0.0029 0.0029 
0.0853 0.3902 0.1431 0.3814 
0.2784 0.1108 0.6088 0.0020 
0.0029 0.0392 0.9363 0.0216 
0.3980 0.0471 0.5324 0.0225 
0.9265 0.0235 0.0353 0.0147 
0.8392 0.0480 0.0794 0.0333 
0.4461 0.1353 0.2245 0.1941 
0.2941 0.2206 0.2196 0.2657 
0.1657 0.2176 0.2912 0.3255 

MOTIF filter16 
letter-probability matrix: alength= 4 w= 17 nsites= 17 
0.2351 0.2300 0.1461 0.3888 
0.2503 0.3418 0.1360 0.2719 
0.2249 0.4867 0.1665 0.1220 
0.1372 0.6595 0.1055 0.0978 
0.3863 0.3787 0.2020 0.0330 
0.5044 0.0000 0.4079 0.0877 
0.0508 0.7687 0.1156 0.0648 
0.4168 0.0000 0.5769 0.0064 
0.3545 0.1372 0.0025 0.5057 
0.0394 0.7446 0.0025 0.2135 
0.0076 0.3215 0.5133 0.1576 
0.2922 0.0889 0.0496 0.5693 
0.0889 0.1207 0.4536 0.3367 
0.1576 0.1258 0.3278 0.3888 
0.0496 0.1309 0.8183 0.0013 
0.1080 0.0635 0.7116 0.1169 
0.2922 0.2897 0.2084 0.2097 

MOTIF filter17 
letter-probability matrix: alength= 4 w= 16 nsites= 16 
0.4349 0.2163 0.1628 0.1860 
0.0767 0.3581 0.1302 0.4349 
0.0930 0.3116 0.3698 0.2256 
0.4209 0.1186 0.4605 0.0000 
0.5605 0.0047 0.3930 0.0419 
0.0000 1.0000 0.0000 0.0000 
0.0000 1.0000 0.0000 0.0000 
1.0000 0.0000 0.0000 0.0000 
1.0000 0.0000 0.0000 0.0000 
0.0000 0.0000 0.0000 1.0000 
0.0326 0.7209 0.2465 0.0000 
0.8349 0.0047 0.1605 0.0000 
0.1116 0.1116 0.7605 0.0163 
0.2186 0.2721 0.2488 0.2605 
0.2930 0.1814 0.2605 0.2651 
0.2442 0.2744 0.2256 0.2558 

MOTIF filter18 
letter-probability matrix: alength= 4 w= 18 nsites= 18 
0.2468 0.2519 0.2442 0.2571 
0.2468 0.2857 0.2597 0.2078 
0.2390 0.2468 0.2519 0.2623 
0.1221 0.0182 0.6571 0.2026 
0.0987 0.6753 0.1325 0.0935 
0.2935 0.3325 0.2519 0.1221 
0.0494 0.0000 0.8182 0.1325 
0.0000 1.0000 0.0000 0.0000 
0.0000 1.0000 0.0000 0.0000 
1.0000 0.0000 0.0000 0.0000 
0.0000 0.0000 0.0000 1.0000 
0.0104 0.4623 0.1273 0.4000 
0.0000 0.0286 0.0000 0.9714 
0.0000 0.0078 0.0000 0.9922 
0.0961 0.0987 0.6623 0.1429 
0.2987 0.2390 0.2182 0.2442 
0.1974 0.2675 0.2753 0.2597 
0.2338 0.2857 0.2442 0.2364 

MOTIF filter19 
letter-probability matrix: alength= 4 w= 14 nsites= 14 
0.1298 0.2212 0.3687 0.2802 
0.0177 0.4867 0.2242 0.2714 
0.0678 0.6283 0.1386 0.1652 
0.6991 0.0088 0.2566 0.0354 
0.0000 0.9587 0.0000 0.0413 
0.0000 0.0000 0.0000 1.0000 
0.0000 0.0000 0.0000 1.0000 
0.0000 1.0000 0.0000 0.0000 
0.0000 1.0000 0.0000 0.0000 
0.0000 0.0000 0.9823 0.0177 
0.0000 0.1917 0.7876 0.0206 
0.2242 0.2212 0.2419 0.3127 
0.1652 0.2684 0.2625 0.3038 
0.2596 0.2124 0.2330 0.2950 

MOTIF filter20 
letter-probability matrix: alength= 4 w= 15 nsites= 15 
0.2455 0.2318 0.2636 0.2591 
0.2250 0.2659 0.2750 0.2341 
0.2568 0.0705 0.5886 0.0841 
0.1409 0.0000 0.7705 0.0886 
0.2023 0.0000 0.7977 0.0000 
0.0000 0.0000 1.0000 0.0000 
0.0000 0.0000 1.0000 0.0000 
0.3045 0.5455 0.0000 0.1500 
0.0000 0.0000 1.0000 0.0000 
0.0000 0.0000 1.0000 0.0000 
0.1659 0.0000 0.8341 0.0000 
0.2318 0.0341 0.7341 0.0000 
0.1909 0.5273 0.1886 0.0932 
0.2568 0.2045 0.2977 0.2409 
0.2409 0.2795 0.2136 0.2659 

MOTIF filter21 
letter-probability matrix: alength= 4 w= 11 nsites= 11 
0.2534 0.2523 0.2308 0.2635 
0.2540 0.2523 0.2365 0.2573 
0.2449 0.2393 0.2381 0.2777 
0.6208 0.0000 0.0000 0.3792 
0.0000 0.0000 0.0000 1.0000 
0.0000 0.0525 0.0000 0.9475 
0.9328 0.0000 0.0672 0.0000 
1.0000 0.0000 0.0000 0.0000 
0.3894 0.0000 0.0000 0.6106 
0.2681 0.2398 0.2477 0.2444 
0.2506 0.2455 0.2585 0.2455 

MOTIF filter22 
letter-probability matrix: alength= 4 w= 14 nsites= 14 
0.1701 0.3071 0.2656 0.2573 
0.3084 0.2282 0.3361 0.1272 
0.3430 0.1743 0.3472 0.1355 
0.0000 0.9433 0.0470 0.0097 
0.0014 0.5242 0.0083 0.4661 
0.4398 0.1065 0.4329 0.0207 
0.9986 0.0014 0.0000 0.0000 
0.0000 0.0000 0.0014 0.9986 
0.0083 0.3237 0.0387 0.6293 
0.2946 0.0000 0.7012 0.0041 
0.0000 0.0166 0.9806 0.0028 
0.1051 0.3693 0.0747 0.4509 
0.0858 0.3900 0.1812 0.3430 
0.1936 0.4053 0.2918 0.1093 

MOTIF filter23 
letter-probability matrix: alength= 4 w= 14 nsites= 14 
0.2352 0.2067 0.2945 0.2637 
0.2565 0.2613 0.2470 0.2352 
0.2898 0.1781 0.2447 0.2874 
0.1211 0.6698 0.1425 0.0665 
0.9834 0.0166 0.0000 0.0000 
0.9026 0.0000 0.0903 0.0071 
0.4323 0.0499 0.4608 0.0570 
0.9952 0.0000 0.0024 0.0024 
0.0000 0.0000 0.0000 1.0000 
0.0000 0.0000 0.9976 0.0024 
0.0000 0.0000 1.0000 0.0000 
0.0879 0.8741 0.0000 0.0380 
0.1473 0.2019 0.3705 0.2803 
0.0950 0.1211 0.7031 0.0808 

MOTIF filter24 
letter-probability matrix: alength= 4 w= 16 nsites= 16 
0.2095 0.2081 0.1907 0.3917 
0.2194 0.1293 0.4389 0.2124 
0.3624 0.2652 0.0831 0.2893 
0.0156 0.7456 0.0354 0.2034 
0.1892 0.5083 0.1571 0.1454 
0.5998 0.1288 0.0392 0.2322 
0.0189 0.1076 0.0014 0.8721 
0.7334 0.0316 0.2350 0.0000 
0.0576 0.0392 0.0024 0.9009 
0.3516 0.5342 0.0005 0.1137 
0.1907 0.1628 0.2478 0.3988 
0.0991 0.0061 0.8948 0.0000 
0.0458 0.2298 0.6064 0.1180 
0.1505 0.2440 0.4238 0.1817 
0.0571 0.5087 0.1406 0.2935 
0.4677 0.1161 0.1336 0.2827 

MOTIF filter25 
letter-probability matrix: alength= 4 w= 14 nsites= 14 
0.1860 0.2149 0.3140 0.2851 
0.0826 0.4215 0.2025 0.2934 
0.1529 0.6033 0.1033 0.1405 
0.6901 0.0413 0.2479 0.0207 
0.0248 0.8967 0.0496 0.0289 
0.0455 0.0289 0.0124 0.9132 
0.0083 0.0083 0.0496 0.9339 
0.0000 1.0000 0.0000 0.0000 
0.0000 1.0000 0.0000 0.0000 
0.0000 0.0000 0.9793 0.0207 
0.0000 0.0455 0.9545 0.0000 
0.5826 0.1446 0.1281 0.1446 
0.5331 0.1322 0.1942 0.1405 
0.1653 0.1612 0.4421 0.2314 

MOTIF filter26 
letter-probability matrix: alength= 4 w= 17 nsites= 17 
0.1754 0.0927 0.5343 0.1976 
0.1794 0.5302 0.1331 0.1573 
0.2379 0.4012 0.2500 0.1109 
0.6391 0.0121 0.3286 0.0202 
0.5161 0.4476 0.0363 0.0000 
0.2157 0.5383 0.2319 0.0141 
0.9839 0.0101 0.0060 0.0000 
0.0020 0.0020 0.0000 0.9960 
0.0020 0.2198 0.6431 0.1351 
0.0081 0.0000 0.6048 0.3871 
0.0242 0.4173 0.0081 0.5504 
0.1129 0.2198 0.5040 0.1633 
0.1250 0.1452 0.5625 0.1673 
0.0444 0.9173 0.0060 0.0323 
0.2863 0.1754 0.2863 0.2520 
0.2621 0.2399 0.3528 0.1452 
0.2036 0.2480 0.3790 0.1694 

MOTIF filter27 
letter-probability matrix: alength= 4 w= 14 nsites= 14 
0.2905 0.2171 0.2294 0.2630 
0.3028 0.2294 0.3058 0.1621 
0.2355 0.2538 0.2783 0.2324 
0.0092 0.8379 0.1529 0.0000 
0.0428 0.9572 0.0000 0.0000 
0.0000 0.0000 1.0000 0.0000 
0.0000 0.0000 1.0000 0.0000 
1.0000 0.0000 0.0000 0.0000 
1.0000 0.0000 0.0000 0.0000 
0.0245 0.0031 0.9725 0.0000 
0.0214 0.2752 0.0122 0.6911 
0.1896 0.0887 0.6728 0.0489 
0.2569 0.2752 0.4312 0.0367 
0.2110 0.3792 0.2416 0.1682 

MOTIF filter28 
letter-probability matrix: alength= 4 w= 19 nsites= 19 
0.2554 0.2431 0.2523 0.2492 
0.2185 0.2892 0.2062 0.2862 
0.2800 0.5662 0.0062 0.1477 
0.2215 0.1938 0.0738 0.5108 
0.2800 0.1723 0.3169 0.2308 
0.6492 0.0646 0.1015 0.1846 
0.1846 0.3046 0.4769 0.0338 
0.0000 0.0000 0.0000 1.0000 
0.0092 0.9908 0.0000 0.0000 
1.0000 0.0000 0.0000 0.0000 
0.0031 0.0000 0.9815 0.0154 
0.0062 0.9938 0.0000 0.0000 
1.0000 0.0000 0.0000 0.0000 
0.4462 0.1446 0.1200 0.2892 
0.4123 0.0492 0.0123 0.5262 
0.4000 0.0246 0.0308 0.5446 
0.3077 0.1600 0.0369 0.4954 
0.3169 0.2369 0.1969 0.2492 
0.2338 0.3108 0.2092 0.2462 

MOTIF filter29 
letter-probability matrix: alength= 4 w= 14 nsites= 14 
0.2642 0.2948 0.2193 0.2217 
0.2618 0.2453 0.2358 0.2571 
0.2358 0.2689 0.2241 0.2712 
0.0330 0.7406 0.1179 0.1085 
0.0000 0.1627 0.0000 0.8373 
0.0000 0.2807 0.6958 0.0236 
1.0000 0.0000 0.0000 0.0000 
0.0000 0.0000 0.0000 1.0000 
0.0000 0.0000 0.0000 1.0000 
0.0000 0.0000 1.0000 0.0000 
0.0000 0.0000 1.0000 0.0000 
0.0495 0.4033 0.0000 0.5472 
0.0024 0.4245 0.1439 0.4292 
0.1910 0.3962 0.3208 0.0920 

MOTIF filter30 
letter-probability matrix: alength= 4 w= 18 nsites= 18 
0.2662 0.2628 0.2082 0.2628 
0.2730 0.2662 0.2218 0.2389 
0.5427 0.0444 0.1160 0.2969 
0.5734 0.0341 0.1024 0.2901 
0.3959 0.0000 0.0034 0.6007 
0.2526 0.2662 0.0853 0.3959 
0.1092 0.0000 0.0000 0.8908 
0.0000 0.0000 1.0000 0.0000 
0.0000 1.0000 0.0000 0.0000 
0.0341 0.0000 0.0000 0.9659 
0.0034 0.0000 0.9795 0.0171 
0.9966 0.0000 0.0000 0.0034 
0.0239 0.4744 0.2662 0.2355 
0.1980 0.0990 0.0512 0.6519 
0.1706 0.3959 0.1160 0.3174 
0.4778 0.0683 0.1911 0.2628 
0.0887 0.0068 0.6621 0.2423 
0.2696 0.2491 0.2560 0.2253 

MOTIF filter31 
letter-probability matrix: alength= 4 w= 15 nsites= 15 
0.2551 0.2735 0.2449 0.2265 
0.2426 0.2769 0.2471 0.2334 
0.1041 0.0469 0.3513 0.4977 
0.0366 0.8593 0.0000 0.1041 
0.0000 0.0000 0.0000 1.0000 
1.0000 0.0000 0.0000 0.0000 
0.2677 0.0000 0.0080 0.7243 
0.4428 0.0000 0.0000 0.5572 
0.5423 0.0000 0.0000 0.4577 
0.6854 0.0011 0.0000 0.3135 
0.0000 0.0000 0.0000 1.0000 
1.0000 0.0000 0.0000 0.0000 
0.0938 0.0011 0.8730 0.0320 
0.4485 0.3684 0.0412 0.1419 
0.2803 0.2300 0.2609 0.2288 

