MEME version 4

ALPHABET= ACGT

Background letter frequencies:
A 0.2500 C 0.2500 G 0.2500 T 0.2500 

MOTIF filter0 
letter-probability matrix: alength= 4 w= 13 nsites= 13 
0.2881 0.1140 0.4160 0.1818 
0.2102 0.4852 0.1726 0.1321 
0.1297 0.6211 0.1292 0.1199 
0.9688 0.0005 0.0217 0.0090 
0.6471 0.0160 0.0395 0.2974 
0.2845 0.1666 0.3433 0.2056 
0.6051 0.0088 0.0794 0.3067 
0.1027 0.0307 0.0495 0.8171 
0.0397 0.0150 0.8968 0.0485 
0.1419 0.0787 0.6521 0.1274 
0.1666 0.4542 0.1524 0.2267 
0.2143 0.2355 0.2982 0.2520 
0.2022 0.2123 0.3977 0.1878 

MOTIF filter1 
letter-probability matrix: alength= 4 w= 13 nsites= 13 
0.3186 0.2391 0.2126 0.2297 
0.3104 0.2862 0.1943 0.2091 
0.2538 0.2232 0.0866 0.4364 
0.0277 0.6885 0.2774 0.0065 
0.5029 0.4859 0.0000 0.0112 
0.1496 0.0612 0.7892 0.0000 
0.0035 0.0141 0.3610 0.6213 
0.6543 0.3439 0.0000 0.0018 
0.9906 0.0000 0.0000 0.0094 
0.0960 0.0872 0.7780 0.0389 
0.0842 0.3581 0.0377 0.5200 
0.2786 0.1190 0.4835 0.1190 
0.2962 0.2627 0.3569 0.0842 

MOTIF filter2 
letter-probability matrix: alength= 4 w= 14 nsites= 14 
0.1895 0.3106 0.2309 0.2690 
0.2396 0.2301 0.3786 0.1517 
0.1292 0.3511 0.3753 0.1444 
0.0372 0.8459 0.0702 0.0467 
0.1705 0.6588 0.1126 0.0580 
0.7725 0.0690 0.0831 0.0754 
0.2843 0.0022 0.0071 0.7064 
0.1193 0.0271 0.0097 0.8439 
0.0465 0.1982 0.3213 0.4340 
0.0538 0.2940 0.3937 0.2584 
0.0736 0.1549 0.7221 0.0493 
0.1205 0.2374 0.3581 0.2839 
0.2051 0.2888 0.2916 0.2146 
0.2801 0.2740 0.2750 0.1709 

MOTIF filter3 
letter-probability matrix: alength= 4 w= 14 nsites= 14 
0.2045 0.4017 0.1699 0.2239 
0.3256 0.1250 0.4409 0.1085 
0.1602 0.0295 0.5597 0.2506 
0.3545 0.0290 0.5972 0.0193 
0.0278 0.0682 0.7080 0.1960 
0.1716 0.2000 0.6222 0.0063 
0.2335 0.5193 0.0153 0.2318 
0.0011 0.0068 0.9909 0.0011 
0.0011 0.0000 0.9949 0.0040 
0.2045 0.0000 0.7312 0.0642 
0.2369 0.1119 0.6489 0.0023 
0.3011 0.3744 0.2358 0.0886 
0.2278 0.2023 0.3420 0.2278 
0.2284 0.2324 0.3153 0.2239 

MOTIF filter4 
letter-probability matrix: alength= 4 w= 11 nsites= 11 
0.0767 0.2723 0.2043 0.4467 
0.1331 0.2532 0.4269 0.1869 
0.4740 0.3026 0.1264 0.0970 
0.0797 0.8006 0.1096 0.0102 
0.1901 0.1151 0.0045 0.6902 
0.0289 0.6985 0.1743 0.0983 
0.8699 0.0278 0.0113 0.0910 
0.0026 0.4711 0.3949 0.1313 
0.1951 0.2499 0.1502 0.4047 
0.1495 0.3888 0.1641 0.2976 
0.2514 0.2159 0.3712 0.1615 

MOTIF filter5 
letter-probability matrix: alength= 4 w= 13 nsites= 13 
0.2115 0.1135 0.1050 0.5701 
0.0735 0.1417 0.5999 0.1849 
0.3522 0.3820 0.0746 0.1913 
0.0080 0.9718 0.0192 0.0011 
0.0714 0.8652 0.0064 0.0570 
0.6377 0.0123 0.1193 0.2307 
0.0479 0.1476 0.0021 0.8023 
0.9547 0.0208 0.0133 0.0112 
0.0900 0.0527 0.0426 0.8146 
0.8295 0.0192 0.0043 0.1470 
0.2318 0.0405 0.0357 0.6921 
0.1028 0.0757 0.7219 0.0996 
0.0543 0.0714 0.8269 0.0474 

MOTIF filter6 
letter-probability matrix: alength= 4 w= 12 nsites= 12 
0.2375 0.1575 0.2675 0.3375 
0.1576 0.2213 0.3359 0.2852 
0.4371 0.2963 0.1225 0.1441 
0.1065 0.2124 0.0004 0.6807 
0.0000 0.4733 0.5096 0.0171 
0.6869 0.3075 0.0012 0.0043 
0.6782 0.0017 0.0857 0.2344 
0.1627 0.0001 0.2708 0.5665 
0.0951 0.1832 0.6501 0.0716 
0.2304 0.2194 0.3941 0.1561 
0.2995 0.2164 0.1251 0.3589 
0.1636 0.4396 0.1676 0.2292 

MOTIF filter7 
letter-probability matrix: alength= 4 w= 11 nsites= 11 
0.2122 0.3882 0.1944 0.2052 
0.2669 0.2265 0.3014 0.2052 
0.2398 0.1858 0.2467 0.3277 
0.6307 0.0468 0.3189 0.0036 
0.0083 0.2572 0.2439 0.4905 
0.5761 0.0051 0.4173 0.0014 
0.4825 0.1114 0.0011 0.4050 
0.0019 0.0591 0.9384 0.0006 
0.1162 0.1249 0.3916 0.3673 
0.1701 0.3967 0.2777 0.1554 
0.1272 0.3804 0.1255 0.3669 

MOTIF filter8 
letter-probability matrix: alength= 4 w= 13 nsites= 13 
0.1977 0.2833 0.1363 0.3827 
0.4314 0.0331 0.4284 0.1071 
0.3583 0.4528 0.0467 0.1422 
0.0438 0.0935 0.1889 0.6738 
0.0000 0.0000 0.0019 0.9981 
0.1422 0.8578 0.0000 0.0000 
0.6972 0.3028 0.0000 0.0000 
0.0010 0.0010 0.8199 0.1782 
0.0010 0.7108 0.2872 0.0010 
0.7050 0.0837 0.0438 0.1675 
0.1607 0.2249 0.2415 0.3729 
0.1811 0.1850 0.1344 0.4995 
0.2493 0.2084 0.1276 0.4148 

MOTIF filter9 
letter-probability matrix: alength= 4 w= 10 nsites= 10 
0.2320 0.2807 0.2700 0.2173 
0.3972 0.0001 0.3917 0.2110 
0.2080 0.3930 0.0646 0.3343 
0.0890 0.3480 0.0007 0.5623 
0.5916 0.1987 0.2097 0.0001 
0.0000 0.2159 0.0033 0.7808 
0.1688 0.1816 0.6283 0.0212 
0.0677 0.1719 0.1882 0.5721 
0.3988 0.0481 0.3412 0.2119 
0.3071 0.3309 0.3620 0.0000 

MOTIF filter10 
letter-probability matrix: alength= 4 w= 12 nsites= 12 
0.4026 0.1224 0.2018 0.2732 
0.2503 0.1003 0.3369 0.3125 
0.1849 0.5592 0.1540 0.1018 
0.3360 0.0004 0.1342 0.5294 
0.0006 0.3921 0.5468 0.0605 
0.0853 0.2112 0.6894 0.0141 
0.3771 0.0000 0.0424 0.5805 
0.0318 0.0000 0.9015 0.0666 
0.6340 0.0115 0.3297 0.0248 
0.0317 0.2301 0.4173 0.3210 
0.3378 0.0816 0.2075 0.3730 
0.0966 0.3584 0.3849 0.1601 

MOTIF filter11 
letter-probability matrix: alength= 4 w= 12 nsites= 12 
0.3370 0.3948 0.0951 0.1731 
0.1177 0.1194 0.1265 0.6363 
0.5430 0.2089 0.0325 0.2156 
0.2844 0.0082 0.0341 0.6734 
0.6215 0.0108 0.0052 0.3626 
0.3224 0.0011 0.0074 0.6690 
0.6333 0.0036 0.0032 0.3598 
0.2831 0.0042 0.2111 0.5016 
0.6904 0.0869 0.0558 0.1668 
0.2067 0.0749 0.3767 0.3416 
0.5099 0.2463 0.1329 0.1108 
0.2314 0.2190 0.3313 0.2182 

MOTIF filter12 
letter-probability matrix: alength= 4 w= 13 nsites= 13 
0.1912 0.2518 0.3391 0.2179 
0.1154 0.1512 0.2890 0.4444 
0.1943 0.3715 0.3109 0.1233 
0.6672 0.1340 0.1478 0.0510 
0.0028 0.7763 0.2036 0.0174 
0.1194 0.0055 0.4444 0.4308 
0.2413 0.0983 0.3588 0.3016 
0.7623 0.2255 0.0074 0.0048 
0.0608 0.6070 0.2702 0.0620 
0.0288 0.0229 0.7225 0.2258 
0.0520 0.3278 0.3905 0.2298 
0.2096 0.4690 0.1078 0.2136 
0.0508 0.3357 0.3450 0.2685 

MOTIF filter13 
letter-probability matrix: alength= 4 w= 15 nsites= 15 
0.2559 0.2541 0.2465 0.2435 
0.2766 0.2243 0.2466 0.2525 
0.2016 0.2484 0.1785 0.3715 
0.0747 0.0322 0.0112 0.8819 
0.0355 0.0286 0.0973 0.8386 
0.2055 0.6737 0.0374 0.0834 
0.0883 0.5987 0.0234 0.2896 
0.2403 0.2305 0.2784 0.2508 
0.2981 0.0346 0.5821 0.0852 
0.0717 0.0611 0.6749 0.1923 
0.7387 0.0948 0.1015 0.0650 
0.8179 0.0597 0.0653 0.0571 
0.3992 0.1777 0.2143 0.2087 
0.2514 0.2391 0.2510 0.2585 
0.2493 0.2571 0.2646 0.2290 

MOTIF filter14 
letter-probability matrix: alength= 4 w= 12 nsites= 12 
0.1505 0.0417 0.2702 0.5376 
0.5867 0.1037 0.1701 0.1396 
0.2918 0.1609 0.0663 0.4809 
0.1980 0.0224 0.7438 0.0358 
0.4141 0.2102 0.3106 0.0651 
0.5526 0.3457 0.0493 0.0524 
0.0188 0.1734 0.0005 0.8073 
0.3388 0.2590 0.3937 0.0084 
0.0946 0.0358 0.8653 0.0043 
0.2898 0.5432 0.0409 0.1261 
0.2102 0.2598 0.2672 0.2628 
0.1990 0.1901 0.3998 0.2110 

MOTIF filter15 
letter-probability matrix: alength= 4 w= 14 nsites= 14 
0.3238 0.1476 0.2539 0.2746 
0.1997 0.2917 0.2682 0.2404 
0.2603 0.2454 0.2760 0.2183 
0.4051 0.1234 0.4608 0.0107 
0.0007 0.0000 0.0000 0.9993 
0.0000 0.0000 0.4551 0.5449 
0.5963 0.0000 0.3716 0.0321 
0.0000 0.8395 0.1441 0.0164 
0.0528 0.0021 0.4836 0.4615 
0.0342 0.9023 0.0000 0.0635 
1.0000 0.0000 0.0000 0.0000 
0.5934 0.1740 0.0685 0.1641 
0.1555 0.3217 0.1198 0.4030 
0.2682 0.2111 0.2354 0.2853 

MOTIF filter16 
letter-probability matrix: alength= 4 w= 12 nsites= 12 
0.2256 0.3075 0.2005 0.2664 
0.2984 0.2784 0.1996 0.2236 
0.2637 0.1593 0.2888 0.2882 
0.2215 0.5068 0.2712 0.0004 
0.2039 0.0439 0.0915 0.6606 
0.9751 0.0246 0.0004 0.0000 
0.0012 0.3378 0.4689 0.1922 
0.4451 0.1382 0.1810 0.2358 
0.0016 0.2875 0.2031 0.5078 
0.0954 0.5537 0.0630 0.2879 
0.2912 0.2277 0.2491 0.2321 
0.2621 0.2182 0.2978 0.2220 

MOTIF filter17 
letter-probability matrix: alength= 4 w= 17 nsites= 17 
0.3151 0.2951 0.1855 0.2044 
0.0954 0.6885 0.1148 0.1013 
0.0536 0.7750 0.1125 0.0589 
0.5177 0.1125 0.1125 0.2574 
0.1054 0.1131 0.1131 0.6684 
0.7668 0.1178 0.1154 0.0000 
0.0000 0.0006 0.0000 0.9994 
0.4900 0.0000 0.1113 0.3987 
0.3999 0.0018 0.2279 0.3704 
0.0041 0.4912 0.4829 0.0218 
0.0583 0.0012 0.7468 0.1938 
0.0542 0.5024 0.1449 0.2986 
0.6531 0.3339 0.0094 0.0035 
0.7868 0.0259 0.0718 0.1154 
0.1337 0.3298 0.1631 0.3734 
0.2108 0.2656 0.2774 0.2462 
0.2538 0.2097 0.2532 0.2833 

MOTIF filter18 
letter-probability matrix: alength= 4 w= 12 nsites= 12 
0.2489 0.2496 0.2574 0.2442 
0.3254 0.2395 0.2603 0.1749 
0.2350 0.3100 0.2693 0.1857 
0.0312 0.8956 0.0301 0.0431 
0.7525 0.1355 0.0666 0.0453 
0.0669 0.7684 0.0231 0.1416 
0.1846 0.0203 0.7061 0.0891 
0.0328 0.1807 0.0159 0.7706 
0.0644 0.1586 0.7407 0.0364 
0.1592 0.3394 0.2465 0.2549 
0.2231 0.2662 0.1944 0.3163 
0.2327 0.2729 0.2456 0.2489 

MOTIF filter19 
letter-probability matrix: alength= 4 w= 13 nsites= 13 
0.1226 0.4819 0.1755 0.2201 
0.1307 0.2218 0.2275 0.4200 
0.3745 0.0952 0.4732 0.0571 
0.0636 0.7135 0.1425 0.0804 
0.1277 0.0835 0.3115 0.4773 
0.5415 0.3345 0.0125 0.1116 
0.0252 0.9446 0.0120 0.0182 
0.0434 0.4142 0.0114 0.5310 
0.4669 0.1694 0.2980 0.0656 
0.1762 0.0799 0.6657 0.0782 
0.1542 0.2814 0.1632 0.4013 
0.3646 0.1622 0.3538 0.1193 
0.1315 0.1633 0.5682 0.1370 

MOTIF filter20 
letter-probability matrix: alength= 4 w= 13 nsites= 13 
0.1384 0.3656 0.2225 0.2735 
0.1834 0.3359 0.2780 0.2027 
0.3579 0.2092 0.3626 0.0702 
0.7108 0.1143 0.1631 0.0118 
0.0002 0.1027 0.0004 0.8967 
0.0011 0.6049 0.0495 0.3445 
0.6626 0.0009 0.0282 0.3082 
0.3486 0.1153 0.5361 0.0000 
0.6940 0.0758 0.0191 0.2111 
0.0194 0.3366 0.0744 0.5696 
0.2195 0.3450 0.1052 0.3303 
0.1707 0.2746 0.3254 0.2292 
0.2578 0.2337 0.3090 0.1995 

MOTIF filter21 
letter-probability matrix: alength= 4 w= 12 nsites= 12 
0.2923 0.2099 0.2867 0.2112 
0.3205 0.2181 0.3364 0.1250 
0.2091 0.2939 0.1483 0.3488 
0.0463 0.6325 0.1828 0.1383 
0.7738 0.0778 0.0926 0.0559 
0.1599 0.3386 0.1738 0.3278 
0.0000 0.0481 0.0011 0.9507 
0.3117 0.3893 0.2990 0.0000 
0.8520 0.0096 0.0403 0.0982 
0.0436 0.2031 0.1730 0.5803 
0.2054 0.2724 0.3199 0.2023 
0.2308 0.2373 0.3174 0.2145 

MOTIF filter22 
letter-probability matrix: alength= 4 w= 11 nsites= 11 
0.3626 0.2019 0.1729 0.2626 
0.2951 0.2373 0.2932 0.1744 
0.3850 0.1438 0.2648 0.2064 
0.0478 0.7253 0.2133 0.0136 
0.0060 0.0744 0.0009 0.9187 
0.0393 0.4834 0.1709 0.3065 
0.9996 0.0000 0.0000 0.0004 
0.0003 0.2319 0.7067 0.0611 
0.1759 0.4320 0.1052 0.2869 
0.2833 0.3090 0.1852 0.2226 
0.3780 0.2008 0.2341 0.1872 

MOTIF filter23 
letter-probability matrix: alength= 4 w= 13 nsites= 13 
0.1901 0.2935 0.2794 0.2370 
0.2732 0.2045 0.3241 0.1982 
0.2706 0.2303 0.3787 0.1203 
0.0000 0.3898 0.0041 0.6061 
0.0000 0.4647 0.5135 0.0218 
1.0000 0.0000 0.0000 0.0000 
0.3042 0.0952 0.2027 0.3979 
0.0004 0.0000 0.0000 0.9996 
0.0000 0.4725 0.5275 0.0000 
0.5958 0.0000 0.4042 0.0000 
0.1203 0.4109 0.1008 0.3680 
0.1735 0.2868 0.2735 0.2661 
0.2123 0.3256 0.2894 0.1728 

MOTIF filter24 
letter-probability matrix: alength= 4 w= 11 nsites= 11 
0.0500 0.3885 0.3877 0.1737 
0.1645 0.5663 0.1815 0.0877 
0.2958 0.1903 0.2642 0.2497 
0.0052 0.9923 0.0025 0.0000 
0.0004 0.8579 0.0000 0.1417 
0.4266 0.1844 0.1432 0.2458 
0.3140 0.6860 0.0000 0.0000 
0.0082 0.6023 0.0467 0.3429 
0.1269 0.4733 0.2112 0.1886 
0.3320 0.3465 0.2966 0.0249 
0.0603 0.3749 0.4898 0.0749 

MOTIF filter25 
letter-probability matrix: alength= 4 w= 13 nsites= 13 
0.1487 0.4654 0.0795 0.3065 
0.2111 0.2134 0.0772 0.4983 
0.2724 0.0477 0.3314 0.3485 
0.7401 0.0953 0.1623 0.0023 
0.0000 0.0000 0.0068 0.9932 
0.1975 0.3224 0.0885 0.3916 
0.2679 0.0000 0.7321 0.0000 
0.0000 0.0000 0.9818 0.0182 
0.0488 0.8400 0.0079 0.1033 
0.6731 0.1180 0.0454 0.1635 
0.4064 0.2940 0.1691 0.1305 
0.4767 0.0874 0.1090 0.3269 
0.2804 0.1260 0.1487 0.4449 

MOTIF filter26 
letter-probability matrix: alength= 4 w= 12 nsites= 12 
0.1736 0.2565 0.3196 0.2503 
0.2624 0.3184 0.3134 0.1058 
0.3986 0.0474 0.3572 0.1968 
0.0191 0.0932 0.1714 0.7163 
0.1505 0.1270 0.0043 0.7182 
0.4328 0.0051 0.1277 0.4344 
0.1268 0.5511 0.0023 0.3198 
0.5544 0.0022 0.4403 0.0031 
0.5250 0.3138 0.0056 0.1555 
0.4514 0.1081 0.2326 0.2080 
0.4869 0.1730 0.3176 0.0226 
0.1224 0.3778 0.1327 0.3671 

MOTIF filter27 
letter-probability matrix: alength= 4 w= 13 nsites= 13 
0.4042 0.0808 0.1663 0.3487 
0.6212 0.0231 0.0647 0.2910 
0.4711 0.0000 0.0231 0.5058 
0.2679 0.1478 0.1940 0.3903 
0.0046 0.0000 0.0000 0.9954 
0.0000 0.0000 1.0000 0.0000 
0.0462 0.9538 0.0000 0.0000 
0.0000 0.0000 0.0185 0.9815 
0.0000 0.0000 0.9700 0.0300 
0.9977 0.0000 0.0000 0.0023 
0.0716 0.5081 0.2656 0.1547 
0.2032 0.1848 0.0785 0.5335 
0.2240 0.3141 0.1201 0.3418 

MOTIF filter28 
letter-probability matrix: alength= 4 w= 15 nsites= 15 
0.2348 0.2396 0.2943 0.2312 
0.2847 0.3003 0.2300 0.1850 
0.3958 0.1904 0.3760 0.0378 
0.1117 0.0697 0.1303 0.6883 
0.0000 0.0006 0.0120 0.9874 
0.1351 0.0000 0.8150 0.0498 
0.3634 0.5189 0.0000 0.1177 
0.0757 0.2306 0.6937 0.0000 
0.0462 0.3928 0.0000 0.5610 
0.6150 0.3844 0.0000 0.0006 
1.0000 0.0000 0.0000 0.0000 
0.0000 0.3261 0.1159 0.5580 
0.3417 0.2805 0.2408 0.1369 
0.2246 0.2186 0.2889 0.2679 
0.2799 0.2006 0.2751 0.2444 

MOTIF filter29 
letter-probability matrix: alength= 4 w= 14 nsites= 14 
0.2186 0.1126 0.3277 0.3411 
0.2063 0.0607 0.6064 0.1265 
0.5510 0.0481 0.3206 0.0803 
0.0134 0.7920 0.0806 0.1140 
0.0210 0.3165 0.0262 0.6362 
0.0489 0.2695 0.6532 0.0284 
0.6677 0.0202 0.2995 0.0126 
0.0030 0.1722 0.2413 0.5835 
0.0260 0.5261 0.2206 0.2274 
0.4119 0.0962 0.4427 0.0492 
0.1990 0.1036 0.6395 0.0579 
0.1749 0.2126 0.1998 0.4127 
0.2107 0.2318 0.2476 0.3099 
0.1828 0.3342 0.1725 0.3105 

MOTIF filter30 
letter-probability matrix: alength= 4 w= 13 nsites= 13 
0.2208 0.2988 0.2732 0.2073 
0.1741 0.3111 0.3128 0.2020 
0.0713 0.4208 0.2433 0.2646 
0.0084 0.7690 0.0342 0.1884 
0.0033 0.9472 0.0010 0.0486 
0.2624 0.5480 0.1592 0.0304 
0.0023 0.2718 0.3067 0.4192 
0.0140 0.6329 0.1113 0.2418 
0.0000 0.7318 0.0122 0.2560 
0.0636 0.5800 0.0064 0.3500 
0.1572 0.5338 0.0373 0.2717 
0.2510 0.3993 0.0697 0.2799 
0.2700 0.2064 0.2631 0.2604 

MOTIF filter31 
letter-probability matrix: alength= 4 w= 15 nsites= 15 
0.2856 0.2719 0.2031 0.2395 
0.0923 0.7044 0.0622 0.1411 
0.1092 0.5451 0.0825 0.2632 
0.6028 0.1332 0.0876 0.1764 
0.1999 0.0422 0.1216 0.6363 
0.4852 0.1427 0.3109 0.0612 
0.2025 0.1152 0.3114 0.3708 
0.3935 0.5179 0.0000 0.0886 
0.1071 0.2355 0.0000 0.6574 
0.2281 0.0040 0.7664 0.0016 
0.0894 0.0261 0.8840 0.0005 
0.0261 0.1086 0.1864 0.6788 
0.0459 0.5451 0.1506 0.2584 
0.3753 0.0934 0.1980 0.3333 
0.2086 0.1838 0.3998 0.2078 

