MEME version 4

ALPHABET= ACGT

Background letter frequencies:
A 0.2500 C 0.2500 G 0.2500 T 0.2500 

MOTIF filter0 
letter-probability matrix: alength= 4 w= 10 nsites= 10 
0.2146 0.2540 0.2662 0.2652 
0.2192 0.3635 0.3291 0.0882 
0.2758 0.2629 0.3032 0.1581 
0.0888 0.4596 0.4380 0.0136 
0.0351 0.2216 0.2698 0.4735 
0.4153 0.2836 0.1817 0.1194 
0.0032 0.9967 0.0001 0.0001 
0.0924 0.3372 0.3526 0.2178 
0.2471 0.2460 0.2514 0.2555 
0.1165 0.2844 0.3549 0.2442 

MOTIF filter1 
letter-probability matrix: alength= 4 w= 11 nsites= 11 
0.2362 0.2543 0.3644 0.1451 
0.1632 0.2124 0.4177 0.2068 
0.1931 0.1876 0.3368 0.2826 
0.1404 0.0060 0.4212 0.4324 
0.1105 0.7867 0.0098 0.0930 
0.0022 0.7272 0.2695 0.0012 
0.1179 0.3437 0.0683 0.4701 
0.3512 0.0266 0.5724 0.0498 
0.1284 0.0621 0.5381 0.2714 
0.3275 0.1975 0.2885 0.1865 
0.3362 0.2105 0.2208 0.2326 

MOTIF filter2 
letter-probability matrix: alength= 4 w= 11 nsites= 11 
0.1987 0.2757 0.2104 0.3152 
0.4274 0.2425 0.2551 0.0750 
0.1776 0.0181 0.3452 0.4591 
0.7046 0.1444 0.1510 0.0000 
0.1411 0.1319 0.1392 0.5878 
0.9151 0.0342 0.0504 0.0003 
0.0000 0.0257 0.2306 0.7437 
0.7925 0.0706 0.0826 0.0544 
0.0061 0.2034 0.4829 0.3076 
0.2675 0.3014 0.1915 0.2396 
0.3100 0.2528 0.2255 0.2117 

MOTIF filter3 
letter-probability matrix: alength= 4 w= 15 nsites= 15 
0.3000 0.2724 0.2890 0.1386 
0.1355 0.1390 0.3897 0.3357 
0.0578 0.4506 0.1668 0.3247 
0.0334 0.0320 0.3746 0.5600 
0.8738 0.0134 0.1029 0.0100 
0.0712 0.2312 0.4737 0.2239 
0.2071 0.0619 0.0977 0.6333 
0.1895 0.6852 0.0151 0.1101 
0.1434 0.8208 0.0041 0.0316 
0.0010 0.2669 0.1056 0.6264 
0.5944 0.1950 0.1338 0.0767 
0.1269 0.1118 0.6632 0.0980 
0.4768 0.2377 0.2040 0.0815 
0.3199 0.2611 0.2085 0.2105 
0.2656 0.2659 0.2405 0.2281 

MOTIF filter4 
letter-probability matrix: alength= 4 w= 17 nsites= 17 
0.2499 0.2380 0.2458 0.2663 
0.2221 0.2143 0.2012 0.3624 
0.0822 0.1006 0.0892 0.7280 
0.0605 0.0957 0.7407 0.1031 
0.1080 0.7996 0.0164 0.0761 
0.0380 0.1182 0.0155 0.8282 
0.2810 0.1857 0.4753 0.0581 
0.6699 0.0691 0.0106 0.2503 
0.1460 0.2818 0.0945 0.4777 
0.4847 0.2057 0.1591 0.1505 
0.1926 0.0270 0.0994 0.6810 
0.0978 0.3665 0.1877 0.3481 
0.6793 0.0294 0.1305 0.1607 
0.1366 0.0479 0.6221 0.1935 
0.0949 0.4720 0.1935 0.2397 
0.4025 0.1873 0.2245 0.1857 
0.2278 0.2978 0.2810 0.1935 

MOTIF filter5 
letter-probability matrix: alength= 4 w= 18 nsites= 18 
0.2160 0.2071 0.1812 0.3958 
0.0910 0.2240 0.4819 0.2030 
0.3204 0.2236 0.3802 0.0759 
0.0040 0.8608 0.0799 0.0553 
0.1361 0.8300 0.0295 0.0045 
0.5890 0.0027 0.2695 0.1388 
0.0576 0.0634 0.1098 0.7693 
0.5413 0.2142 0.2280 0.0165 
0.0009 0.0710 0.0076 0.9206 
0.7367 0.0254 0.1026 0.1352 
0.5462 0.0576 0.0656 0.3307 
0.0826 0.3713 0.4846 0.0616 
0.1098 0.0651 0.6452 0.1798 
0.0379 0.1611 0.3989 0.4021 
0.3150 0.5614 0.0571 0.0665 
0.3909 0.0812 0.2651 0.2628 
0.2267 0.2776 0.2017 0.2941 
0.1593 0.2539 0.3722 0.2146 

MOTIF filter6 
letter-probability matrix: alength= 4 w= 10 nsites= 10 
0.2654 0.3573 0.1762 0.2011 
0.2679 0.1955 0.2888 0.2479 
0.2770 0.2869 0.1284 0.3077 
0.0302 0.1892 0.7108 0.0698 
0.5853 0.0096 0.0236 0.3816 
0.0014 0.5108 0.4877 0.0002 
0.3030 0.1401 0.0051 0.5518 
0.1311 0.4702 0.1889 0.2098 
0.3168 0.0160 0.1952 0.4721 
0.1930 0.4422 0.1284 0.2365 

MOTIF filter7 
letter-probability matrix: alength= 4 w= 13 nsites= 13 
0.2646 0.2381 0.2413 0.2560 
0.2817 0.1597 0.4296 0.1290 
0.2360 0.0472 0.5088 0.2080 
0.2901 0.0348 0.6091 0.0660 
0.0350 0.0367 0.8907 0.0375 
0.0847 0.0291 0.8369 0.0493 
0.3053 0.3947 0.1001 0.1998 
0.0900 0.0523 0.8167 0.0409 
0.0525 0.0653 0.8266 0.0556 
0.2859 0.0489 0.5910 0.0742 
0.2720 0.1536 0.5478 0.0266 
0.2381 0.3599 0.2611 0.1408 
0.2356 0.2619 0.2748 0.2276 

MOTIF filter8 
letter-probability matrix: alength= 4 w= 14 nsites= 14 
0.2308 0.1498 0.3969 0.2226 
0.2471 0.3649 0.1770 0.2110 
0.1552 0.5800 0.1627 0.1021 
0.9496 0.0027 0.0477 0.0000 
0.6283 0.0300 0.0660 0.2757 
0.3057 0.1940 0.4425 0.0579 
0.8121 0.0143 0.0123 0.1613 
0.0007 0.0422 0.0082 0.9489 
0.0327 0.0422 0.8931 0.0320 
0.0585 0.0545 0.8230 0.0640 
0.1361 0.7059 0.0272 0.1307 
0.1961 0.2349 0.2893 0.2798 
0.1212 0.1579 0.5868 0.1341 
0.1756 0.5446 0.1082 0.1715 

MOTIF filter9 
letter-probability matrix: alength= 4 w= 16 nsites= 16 
0.2425 0.4436 0.1453 0.1687 
0.1978 0.5732 0.1151 0.1140 
0.3408 0.1508 0.0715 0.4369 
0.0603 0.0168 0.0123 0.9106 
0.2872 0.0827 0.1229 0.5073 
0.0235 0.5810 0.0056 0.3899 
0.2067 0.7642 0.0000 0.0291 
0.5508 0.0849 0.0782 0.2860 
0.0514 0.0022 0.9341 0.0123 
0.0022 0.2838 0.7106 0.0034 
0.8670 0.0067 0.0749 0.0514 
0.7665 0.1218 0.0425 0.0693 
0.6413 0.0581 0.0246 0.2760 
0.2961 0.1564 0.1229 0.4246 
0.2682 0.2067 0.1587 0.3665 
0.2179 0.2615 0.2592 0.2615 

MOTIF filter10 
letter-probability matrix: alength= 4 w= 14 nsites= 14 
0.1759 0.4048 0.1824 0.2368 
0.2552 0.3445 0.1316 0.2688 
0.0804 0.3879 0.3655 0.1662 
0.0174 0.9314 0.0157 0.0355 
0.2791 0.4187 0.1934 0.1088 
0.0195 0.7797 0.1165 0.0843 
0.2658 0.0278 0.5201 0.1863 
0.0222 0.1762 0.0449 0.7567 
0.3046 0.0958 0.5988 0.0009 
0.1029 0.3439 0.1774 0.3758 
0.1650 0.0852 0.7179 0.0319 
0.3805 0.1591 0.2315 0.2289 
0.1514 0.1632 0.6038 0.0816 
0.0754 0.2679 0.5308 0.1260 

MOTIF filter11 
letter-probability matrix: alength= 4 w= 13 nsites= 13 
0.2552 0.2819 0.2872 0.1756 
0.1471 0.2826 0.3593 0.2110 
0.0402 0.5161 0.1918 0.2518 
0.1131 0.5877 0.0366 0.2626 
0.0743 0.8445 0.0638 0.0173 
0.0416 0.7552 0.0818 0.1214 
0.2271 0.1779 0.3206 0.2744 
0.0799 0.7324 0.0938 0.0939 
0.0589 0.7993 0.0946 0.0472 
0.0020 0.5890 0.0925 0.3165 
0.2007 0.5322 0.0185 0.2486 
0.1419 0.4215 0.1572 0.2794 
0.2262 0.2745 0.2406 0.2587 

MOTIF filter12 
letter-probability matrix: alength= 4 w= 13 nsites= 13 
0.2336 0.3919 0.2573 0.1172 
0.2067 0.2258 0.0616 0.5058 
0.3994 0.0404 0.4207 0.1396 
0.0431 0.2648 0.0030 0.6891 
0.0354 0.0017 0.3460 0.6169 
0.8665 0.0285 0.0033 0.1017 
0.2922 0.2333 0.2103 0.2642 
0.0661 0.1761 0.0100 0.7479 
0.6761 0.2192 0.0000 0.1048 
0.5967 0.0000 0.3676 0.0357 
0.0907 0.4138 0.0498 0.4458 
0.5354 0.0625 0.1935 0.2087 
0.1025 0.2629 0.4140 0.2206 

MOTIF filter13 
letter-probability matrix: alength= 4 w= 14 nsites= 14 
0.2510 0.2501 0.2476 0.2513 
0.2568 0.2574 0.2320 0.2538 
0.3961 0.1905 0.3449 0.0685 
0.0608 0.0571 0.0541 0.8280 
0.0234 0.0238 0.1881 0.7647 
0.3180 0.0285 0.4762 0.1773 
0.1081 0.6177 0.0669 0.2074 
0.2156 0.0782 0.6076 0.0986 
0.1866 0.4948 0.0207 0.2979 
0.7320 0.1806 0.0365 0.0509 
0.8590 0.0574 0.0426 0.0409 
0.0743 0.3188 0.2021 0.4047 
0.2501 0.2633 0.2487 0.2379 
0.2506 0.2340 0.2526 0.2628 

MOTIF filter14 
letter-probability matrix: alength= 4 w= 10 nsites= 10 
0.3210 0.0748 0.2520 0.3521 
0.2623 0.3223 0.2579 0.1575 
0.4888 0.2160 0.0054 0.2898 
0.0275 0.4728 0.4725 0.0272 
0.0000 0.0063 0.0000 0.9937 
0.7654 0.0131 0.0000 0.2215 
0.0258 0.0004 0.8461 0.1278 
0.3757 0.2345 0.2508 0.1390 
0.2489 0.2037 0.3319 0.2156 
0.2690 0.2533 0.2545 0.2232 

MOTIF filter15 
letter-probability matrix: alength= 4 w= 8 nsites= 8 
0.1425 0.4714 0.3663 0.0198 
0.2506 0.0011 0.3805 0.3678 
0.0406 0.3745 0.3185 0.2664 
0.9021 0.0660 0.0219 0.0100 
0.0240 0.0332 0.5894 0.3534 
0.2841 0.3287 0.0284 0.3587 
0.2359 0.3103 0.0093 0.4445 
0.3864 0.1190 0.3066 0.1880 

MOTIF filter16 
letter-probability matrix: alength= 4 w= 16 nsites= 16 
0.1845 0.3194 0.0883 0.4077 
0.1865 0.2941 0.3512 0.1682 
0.1419 0.2068 0.2366 0.4147 
0.0347 0.9549 0.0000 0.0104 
0.0010 0.5437 0.0025 0.4529 
0.9519 0.0188 0.0203 0.0089 
0.0992 0.0069 0.1076 0.7862 
0.6458 0.1156 0.0412 0.1974 
0.1691 0.0218 0.1806 0.6285 
0.7401 0.0084 0.0025 0.2490 
0.0585 0.0630 0.1250 0.7535 
0.5898 0.0818 0.3065 0.0218 
0.0516 0.0327 0.8824 0.0332 
0.2932 0.2351 0.2535 0.2183 
0.2088 0.3839 0.2560 0.1513 
0.3462 0.1726 0.1964 0.2847 

MOTIF filter17 
letter-probability matrix: alength= 4 w= 16 nsites= 16 
0.2254 0.1457 0.2262 0.4027 
0.2642 0.1581 0.4110 0.1667 
0.3225 0.2209 0.1867 0.2699 
0.0632 0.7166 0.0384 0.1818 
0.0866 0.4554 0.0922 0.3658 
0.7290 0.1050 0.0775 0.0884 
0.3003 0.0595 0.0102 0.6300 
0.3271 0.2213 0.2962 0.1554 
0.4358 0.0787 0.0207 0.4648 
0.6364 0.0053 0.0045 0.3538 
0.0324 0.0019 0.0169 0.9488 
0.2217 0.0207 0.7569 0.0008 
0.0982 0.0034 0.8863 0.0120 
0.1438 0.3673 0.0651 0.4238 
0.0753 0.4317 0.2044 0.2887 
0.4140 0.2345 0.1998 0.1517 

MOTIF filter18 
letter-probability matrix: alength= 4 w= 13 nsites= 13 
0.2106 0.2022 0.1936 0.3936 
0.1948 0.1617 0.4734 0.1701 
0.3052 0.4341 0.2103 0.0504 
0.0748 0.0458 0.0281 0.8513 
0.0368 0.0501 0.8571 0.0560 
0.8451 0.0349 0.0792 0.0408 
0.0662 0.4190 0.4527 0.0622 
0.0461 0.0563 0.0365 0.8612 
0.0560 0.8624 0.0377 0.0439 
0.8472 0.0207 0.0581 0.0739 
0.0377 0.2195 0.4644 0.2783 
0.1524 0.5201 0.1450 0.1824 
0.4128 0.1716 0.1939 0.2217 

MOTIF filter19 
letter-probability matrix: alength= 4 w= 11 nsites= 11 
0.2163 0.2191 0.3570 0.2076 
0.6066 0.1564 0.1574 0.0796 
0.3587 0.1144 0.4344 0.0924 
0.0167 0.2422 0.0016 0.7394 
0.0092 0.3669 0.6030 0.0210 
0.9301 0.0551 0.0000 0.0147 
0.3892 0.0672 0.3744 0.1692 
0.2796 0.0713 0.0326 0.6165 
0.1135 0.2630 0.4220 0.2015 
0.3639 0.2204 0.1468 0.2689 
0.1562 0.2246 0.1299 0.4893 

MOTIF filter20 
letter-probability matrix: alength= 4 w= 12 nsites= 12 
0.1139 0.3262 0.4336 0.1264 
0.2935 0.2577 0.1976 0.2512 
0.1802 0.3081 0.0514 0.4603 
0.8599 0.0184 0.1217 0.0000 
0.1257 0.3147 0.1416 0.4180 
0.3299 0.6246 0.0364 0.0090 
0.0984 0.2894 0.0103 0.6019 
0.0044 0.0414 0.8951 0.0591 
0.0134 0.0367 0.9191 0.0308 
0.1270 0.4090 0.1220 0.3420 
0.2163 0.3137 0.2561 0.2138 
0.4821 0.1394 0.1646 0.2138 

MOTIF filter21 
letter-probability matrix: alength= 4 w= 15 nsites= 15 
0.1810 0.2275 0.3541 0.2374 
0.1414 0.3956 0.2245 0.2384 
0.2057 0.4263 0.1790 0.1889 
0.5697 0.0475 0.2987 0.0841 
0.1464 0.6597 0.1296 0.0643 
0.1790 0.0702 0.0930 0.6578 
0.0554 0.0297 0.0870 0.8279 
0.0138 0.8437 0.1405 0.0020 
0.0682 0.9288 0.0000 0.0030 
0.0376 0.0000 0.8655 0.0969 
0.0040 0.1345 0.7577 0.1039 
0.7606 0.0554 0.0465 0.1375 
0.4313 0.1009 0.1563 0.3116 
0.1108 0.0969 0.6053 0.1869 
0.1553 0.2077 0.1464 0.4906 

MOTIF filter22 
letter-probability matrix: alength= 4 w= 16 nsites= 16 
0.2815 0.1416 0.1679 0.4091 
0.2198 0.0831 0.4979 0.1992 
0.1144 0.5712 0.1358 0.1786 
0.2914 0.0329 0.1103 0.5654 
0.4263 0.1169 0.4025 0.0543 
0.6716 0.1909 0.1111 0.0263 
0.4165 0.3465 0.1778 0.0593 
0.3490 0.3556 0.0008 0.2947 
0.3564 0.0165 0.6123 0.0148 
0.0222 0.0025 0.6815 0.2938 
0.8198 0.0971 0.0206 0.0626 
0.8724 0.0132 0.0831 0.0313 
0.2502 0.0963 0.6395 0.0140 
0.0815 0.4370 0.0403 0.4412 
0.2444 0.1539 0.4757 0.1259 
0.2313 0.3185 0.3350 0.1152 

MOTIF filter23 
letter-probability matrix: alength= 4 w= 11 nsites= 11 
0.2014 0.1731 0.2314 0.3941 
0.5803 0.0906 0.2468 0.0823 
0.0751 0.3717 0.3776 0.1755 
0.1363 0.0801 0.0059 0.7776 
0.0138 0.2835 0.6963 0.0064 
0.2771 0.0088 0.6797 0.0345 
0.0923 0.1367 0.0383 0.7327 
0.0000 0.8623 0.0138 0.1239 
0.4792 0.1574 0.2870 0.0763 
0.3463 0.3308 0.1924 0.1306 
0.1308 0.2114 0.2333 0.4245 

MOTIF filter24 
letter-probability matrix: alength= 4 w= 15 nsites= 15 
0.2317 0.3577 0.2307 0.1799 
0.3979 0.1545 0.3101 0.1376 
0.0519 0.4571 0.0995 0.3915 
0.0000 0.0000 0.0000 1.0000 
0.0000 0.0011 0.0116 0.9873 
0.0519 0.9481 0.0000 0.0000 
0.0021 0.8233 0.0000 0.1746 
0.1259 0.2370 0.4931 0.1439 
0.1640 0.0603 0.7566 0.0190 
0.0032 0.0296 0.8317 0.1354 
0.7153 0.1640 0.0677 0.0529 
0.8815 0.0571 0.0116 0.0497 
0.4127 0.1947 0.2402 0.1524 
0.1820 0.3206 0.2656 0.2317 
0.2053 0.2772 0.2402 0.2772 

MOTIF filter25 
letter-probability matrix: alength= 4 w= 12 nsites= 12 
0.4309 0.0593 0.3782 0.1316 
0.2940 0.1551 0.3177 0.2332 
0.2665 0.2922 0.3176 0.1237 
0.7806 0.1330 0.0717 0.0147 
0.1001 0.7184 0.0124 0.1690 
0.3450 0.0435 0.1805 0.4309 
0.0834 0.0858 0.4759 0.3549 
0.6699 0.0153 0.1889 0.1259 
0.0000 0.4052 0.0887 0.5061 
0.3201 0.1064 0.3665 0.2069 
0.1006 0.2491 0.2796 0.3708 
0.2172 0.1754 0.3595 0.2479 

MOTIF filter26 
letter-probability matrix: alength= 4 w= 12 nsites= 12 
0.2219 0.3213 0.2275 0.2293 
0.2397 0.3538 0.2252 0.1813 
0.2268 0.2695 0.2309 0.2728 
0.6256 0.0397 0.0007 0.3340 
0.0086 0.0222 0.0007 0.9684 
0.0769 0.2801 0.0072 0.6358 
0.6263 0.0016 0.2944 0.0778 
0.9871 0.0009 0.0011 0.0109 
0.3339 0.0000 0.0217 0.6444 
0.2750 0.2312 0.2765 0.2173 
0.2099 0.2370 0.3476 0.2055 
0.2277 0.2693 0.2584 0.2446 

MOTIF filter27 
letter-probability matrix: alength= 4 w= 12 nsites= 12 
0.2574 0.2501 0.2506 0.2419 
0.3547 0.2147 0.2541 0.1765 
0.2596 0.2768 0.2592 0.2043 
0.0477 0.8747 0.0450 0.0326 
0.8598 0.0312 0.0514 0.0576 
0.0386 0.7528 0.0403 0.1683 
0.1623 0.0336 0.7220 0.0820 
0.0525 0.0593 0.0400 0.8482 
0.0697 0.0294 0.8421 0.0589 
0.2035 0.2736 0.2897 0.2333 
0.2124 0.2493 0.2056 0.3327 
0.2374 0.2594 0.2538 0.2494 

MOTIF filter28 
letter-probability matrix: alength= 4 w= 14 nsites= 14 
0.1593 0.2621 0.3317 0.2468 
0.3152 0.1842 0.3974 0.1032 
0.3347 0.1383 0.3798 0.1471 
0.0061 0.8277 0.1116 0.0546 
0.0160 0.6909 0.0245 0.2686 
0.5460 0.1192 0.1930 0.1418 
0.9721 0.0053 0.0153 0.0073 
0.0011 0.0203 0.0038 0.9748 
0.1276 0.3890 0.0810 0.4024 
0.3596 0.0294 0.5797 0.0313 
0.0837 0.0948 0.8124 0.0092 
0.1960 0.3244 0.1914 0.2881 
0.1853 0.2973 0.2079 0.3095 
0.2346 0.3298 0.2381 0.1976 

MOTIF filter29 
letter-probability matrix: alength= 4 w= 8 nsites= 8 
0.0515 0.4869 0.0687 0.3929 
0.4846 0.0069 0.1854 0.3232 
0.4174 0.0843 0.0928 0.4055 
0.0126 0.0446 0.9420 0.0009 
0.0000 0.3249 0.5129 0.1622 
0.4865 0.0087 0.2431 0.2617 
0.1351 0.6170 0.1032 0.1447 
0.2009 0.2932 0.2463 0.2597 

MOTIF filter30 
letter-probability matrix: alength= 4 w= 10 nsites= 10 
0.2476 0.2919 0.2401 0.2204 
0.2183 0.3518 0.1700 0.2598 
0.2376 0.2509 0.2476 0.2639 
0.0013 0.6686 0.3301 0.0000 
0.5367 0.0158 0.4469 0.0006 
0.3736 0.1415 0.3517 0.1332 
0.0196 0.9606 0.0009 0.0190 
0.1530 0.2212 0.4684 0.1574 
0.0886 0.1915 0.4747 0.2452 
0.1982 0.0983 0.3451 0.3584 

MOTIF filter31 
letter-probability matrix: alength= 4 w= 13 nsites= 13 
0.1591 0.4804 0.1977 0.1627 
0.2595 0.2945 0.2969 0.1490 
0.1300 0.0677 0.5986 0.2037 
0.0065 0.9305 0.0220 0.0410 
0.0048 0.8937 0.0202 0.0814 
0.7102 0.1490 0.0243 0.1164 
0.0018 0.0950 0.0065 0.8967 
0.0042 0.2880 0.0546 0.6532 
0.0000 0.3510 0.0113 0.6378 
0.0386 0.2684 0.0042 0.6888 
0.1550 0.3302 0.2031 0.3118 
0.3800 0.2209 0.1110 0.2880 
0.2138 0.1110 0.3884 0.2868 

