MEME version 4

ALPHABET= ACGT

Background letter frequencies:
A 0.2500 C 0.2500 G 0.2500 T 0.2500 

MOTIF filter0 
letter-probability matrix: alength= 4 w= 9 nsites= 9 
0.2273 0.2802 0.2680 0.2246 
0.2676 0.2356 0.3069 0.1900 
0.3815 0.0189 0.3419 0.2577 
0.0406 0.3712 0.0000 0.5882 
0.4280 0.0791 0.0000 0.4930 
0.0000 0.0036 0.9964 0.0000 
0.3860 0.2110 0.0043 0.3988 
0.3025 0.2487 0.2036 0.2452 
0.2503 0.2373 0.2214 0.2909 

MOTIF filter1 
letter-probability matrix: alength= 4 w= 16 nsites= 16 
0.2359 0.1957 0.1159 0.4525 
0.0927 0.1554 0.4848 0.2671 
0.2652 0.4278 0.1774 0.1296 
0.1527 0.6881 0.1147 0.0445 
0.0783 0.5034 0.3389 0.0794 
0.3860 0.4271 0.0912 0.0957 
0.2804 0.3184 0.0049 0.3963 
0.9662 0.0084 0.0255 0.0000 
0.0764 0.0046 0.1527 0.7663 
0.7268 0.1691 0.0019 0.1022 
0.0460 0.1767 0.0942 0.6831 
0.0034 0.0103 0.8674 0.1189 
0.0019 0.0828 0.8925 0.0228 
0.1284 0.3625 0.2219 0.2872 
0.1888 0.4176 0.2435 0.1501 
0.4324 0.0878 0.2667 0.2131 

MOTIF filter2 
letter-probability matrix: alength= 4 w= 10 nsites= 10 
0.2255 0.2273 0.2436 0.3036 
0.0291 0.0018 0.0018 0.9673 
0.0018 0.0000 0.9982 0.0000 
0.0491 0.9491 0.0000 0.0018 
0.0036 0.0073 0.0145 0.9745 
0.0036 0.0236 0.9055 0.0673 
0.9527 0.0145 0.0309 0.0018 
0.0545 0.4545 0.2236 0.2673 
0.3436 0.1855 0.1273 0.3436 
0.1727 0.1818 0.2164 0.4291 

MOTIF filter3 
letter-probability matrix: alength= 4 w= 10 nsites= 10 
0.2476 0.2295 0.1903 0.3326 
0.0665 0.5070 0.1100 0.3165 
0.2918 0.3688 0.2141 0.1253 
0.3994 0.0003 0.5300 0.0703 
0.0489 0.9463 0.0045 0.0003 
0.1933 0.0000 0.1362 0.6705 
0.1236 0.0025 0.8133 0.0606 
0.3279 0.3814 0.0051 0.2856 
0.2222 0.3778 0.0977 0.3023 
0.2060 0.3077 0.1909 0.2954 

MOTIF filter4 
letter-probability matrix: alength= 4 w= 15 nsites= 15 
0.3794 0.3121 0.1028 0.2056 
0.2375 0.0490 0.1469 0.5667 
0.2472 0.1359 0.4333 0.1836 
0.0135 0.0979 0.0624 0.8262 
0.0930 0.8678 0.0098 0.0294 
0.6463 0.0490 0.1689 0.1359 
0.1530 0.1126 0.6597 0.0747 
0.0024 0.9155 0.0282 0.0539 
0.9327 0.0428 0.0000 0.0245 
0.4211 0.1077 0.0465 0.4247 
0.5826 0.0612 0.0049 0.3513 
0.3733 0.0563 0.0049 0.5655 
0.2815 0.0881 0.0673 0.5630 
0.1799 0.2105 0.4443 0.1652 
0.2252 0.2656 0.2399 0.2693 

MOTIF filter5 
letter-probability matrix: alength= 4 w= 13 nsites= 13 
0.2485 0.2343 0.2442 0.2730 
0.2354 0.2180 0.3205 0.2261 
0.3433 0.2625 0.2919 0.1023 
0.0634 0.0436 0.0316 0.8613 
0.0393 0.0322 0.8300 0.0985 
0.8818 0.0350 0.0385 0.0447 
0.1212 0.3910 0.3975 0.0903 
0.0252 0.0380 0.0277 0.9091 
0.1058 0.8113 0.0353 0.0477 
0.8764 0.0348 0.0273 0.0615 
0.1040 0.2799 0.2900 0.3261 
0.2171 0.3687 0.1834 0.2309 
0.2876 0.2380 0.2397 0.2347 

MOTIF filter6 
letter-probability matrix: alength= 4 w= 12 nsites= 12 
0.1143 0.2461 0.3070 0.3326 
0.2876 0.3774 0.2147 0.1203 
0.1499 0.2196 0.4557 0.1748 
0.0772 0.5755 0.0074 0.3399 
0.3893 0.0192 0.0490 0.5425 
0.0022 0.2780 0.0000 0.7198 
0.5420 0.0008 0.4197 0.0375 
0.5828 0.1401 0.0764 0.2007 
0.4216 0.0166 0.5367 0.0251 
0.0258 0.2497 0.1486 0.5760 
0.0663 0.1398 0.5824 0.2116 
0.2101 0.2849 0.2578 0.2472 

MOTIF filter7 
letter-probability matrix: alength= 4 w= 10 nsites= 10 
0.2382 0.1553 0.3568 0.2496 
0.2015 0.2583 0.2391 0.3011 
0.3877 0.2602 0.2746 0.0775 
0.6070 0.0420 0.3376 0.0134 
0.0000 0.1756 0.0116 0.8127 
0.0000 0.5783 0.0000 0.4217 
0.9661 0.0002 0.0328 0.0010 
0.4438 0.1369 0.2166 0.2027 
0.1435 0.2444 0.2012 0.4109 
0.0619 0.3044 0.2271 0.4065 

MOTIF filter8 
letter-probability matrix: alength= 4 w= 16 nsites= 16 
0.2310 0.2471 0.2542 0.2676 
0.2391 0.2355 0.3043 0.2212 
0.1050 0.1461 0.3575 0.3914 
0.0282 0.8391 0.0174 0.1153 
0.0264 0.1792 0.0103 0.7842 
0.8999 0.0031 0.0027 0.0943 
0.2221 0.0000 0.0080 0.7699 
0.3065 0.0527 0.0576 0.5831 
0.5777 0.0250 0.0009 0.3963 
0.6108 0.0022 0.0000 0.3870 
0.0938 0.0134 0.1086 0.7842 
0.7310 0.0134 0.2203 0.0353 
0.1640 0.0594 0.6935 0.0831 
0.4316 0.2931 0.1126 0.1626 
0.2735 0.2207 0.2703 0.2355 
0.2882 0.2614 0.2181 0.2324 

MOTIF filter9 
letter-probability matrix: alength= 4 w= 14 nsites= 14 
0.2367 0.2721 0.2538 0.2374 
0.2740 0.2519 0.2348 0.2393 
0.4609 0.1553 0.3409 0.0429 
0.0082 0.0057 0.0013 0.9848 
0.0025 0.0019 0.0966 0.8990 
0.3277 0.0107 0.5467 0.1149 
0.0259 0.8258 0.0215 0.1269 
0.1484 0.0259 0.7980 0.0278 
0.1326 0.6054 0.0069 0.2551 
0.9034 0.0859 0.0069 0.0038 
0.9918 0.0025 0.0032 0.0025 
0.0366 0.3384 0.1604 0.4646 
0.2607 0.2595 0.2645 0.2153 
0.2506 0.2210 0.2582 0.2702 

MOTIF filter10 
letter-probability matrix: alength= 4 w= 12 nsites= 12 
0.2128 0.2863 0.2678 0.2330 
0.2274 0.2666 0.2872 0.2189 
0.2096 0.3082 0.2997 0.1826 
0.5989 0.0242 0.0000 0.3768 
0.0000 0.0000 0.0024 0.9976 
0.0000 0.1914 0.0000 0.8086 
0.7605 0.0000 0.2395 0.0000 
1.0000 0.0000 0.0000 0.0000 
0.2714 0.0000 0.0000 0.7286 
0.2233 0.2807 0.2476 0.2484 
0.2435 0.2742 0.2395 0.2427 
0.2464 0.2484 0.2460 0.2593 

MOTIF filter11 
letter-probability matrix: alength= 4 w= 12 nsites= 12 
0.2457 0.2087 0.2843 0.2613 
0.3033 0.2167 0.2481 0.2319 
0.1847 0.2882 0.1446 0.3825 
0.6756 0.1253 0.1904 0.0087 
0.1016 0.0801 0.0322 0.7861 
0.0131 0.8068 0.0603 0.1198 
0.7226 0.0027 0.1676 0.1071 
0.0898 0.2555 0.0165 0.6382 
0.2397 0.0354 0.7231 0.0018 
0.2693 0.1317 0.2184 0.3806 
0.1461 0.3442 0.1207 0.3890 
0.2302 0.2162 0.2673 0.2864 

MOTIF filter12 
letter-probability matrix: alength= 4 w= 10 nsites= 10 
0.1724 0.4926 0.0911 0.2439 
0.0917 0.4533 0.1056 0.3494 
0.3510 0.3319 0.0073 0.3098 
0.0073 0.9332 0.0100 0.0495 
0.2694 0.3949 0.0403 0.2954 
0.1184 0.2361 0.6280 0.0175 
0.0342 0.0000 0.8826 0.0832 
0.3640 0.1375 0.2077 0.2908 
0.3075 0.2376 0.2298 0.2252 
0.3671 0.1945 0.1910 0.2474 

MOTIF filter13 
letter-probability matrix: alength= 4 w= 10 nsites= 10 
0.3315 0.1361 0.4347 0.0977 
0.1895 0.2364 0.3652 0.2088 
0.1574 0.2491 0.3588 0.2347 
0.0423 0.7350 0.2227 0.0000 
0.0000 0.0011 0.0294 0.9694 
0.7723 0.2264 0.0013 0.0000 
0.0010 0.3915 0.6022 0.0053 
0.3829 0.3577 0.0697 0.1897 
0.1683 0.2715 0.2485 0.3117 
0.1260 0.3611 0.0980 0.4149 

MOTIF filter14 
letter-probability matrix: alength= 4 w= 14 nsites= 14 
0.2143 0.2847 0.2893 0.2118 
0.3157 0.2386 0.2966 0.1491 
0.3028 0.1978 0.2854 0.2140 
0.0418 0.7078 0.1188 0.1316 
0.0320 0.5320 0.0192 0.4168 
0.4720 0.1246 0.2571 0.1462 
0.9326 0.0017 0.0526 0.0130 
0.0058 0.1042 0.0233 0.8667 
0.1245 0.2431 0.1507 0.4817 
0.3814 0.0521 0.5053 0.0612 
0.1068 0.1147 0.7489 0.0297 
0.2173 0.2862 0.1799 0.3167 
0.1907 0.3117 0.1827 0.3148 
0.2587 0.3207 0.2161 0.2045 

MOTIF filter15 
letter-probability matrix: alength= 4 w= 12 nsites= 12 
0.2734 0.3564 0.1817 0.1886 
0.3028 0.1592 0.1938 0.3443 
0.1765 0.1419 0.1782 0.5035 
0.0346 0.7630 0.2024 0.0000 
0.0484 0.9516 0.0000 0.0000 
0.0000 0.0000 0.9896 0.0104 
0.0000 0.1246 0.8685 0.0069 
0.9377 0.0381 0.0035 0.0208 
0.9481 0.0190 0.0225 0.0104 
0.0467 0.0519 0.8875 0.0138 
0.0484 0.3149 0.0346 0.6021 
0.1834 0.1419 0.6021 0.0727 

MOTIF filter16 
letter-probability matrix: alength= 4 w= 15 nsites= 15 
0.2473 0.3385 0.1731 0.2411 
0.2270 0.3238 0.1728 0.2763 
0.1710 0.2757 0.2816 0.2716 
0.0179 0.5902 0.0983 0.2936 
0.0370 0.7598 0.0003 0.2030 
0.2875 0.6917 0.0117 0.0091 
0.0123 0.9372 0.0012 0.0493 
0.2461 0.0422 0.4661 0.2455 
0.0287 0.5544 0.0015 0.4154 
0.0924 0.4186 0.4852 0.0038 
0.0103 0.6063 0.0505 0.3329 
0.1511 0.6005 0.0111 0.2373 
0.0810 0.5110 0.1288 0.2793 
0.2262 0.2825 0.2532 0.2382 
0.2200 0.2898 0.2309 0.2593 

MOTIF filter17 
letter-probability matrix: alength= 4 w= 11 nsites= 11 
0.2821 0.2670 0.2343 0.2167 
0.3116 0.2384 0.2522 0.1977 
0.2782 0.2908 0.2237 0.2072 
0.6530 0.1704 0.1748 0.0019 
0.1834 0.2694 0.0000 0.5472 
0.7494 0.0029 0.1145 0.1331 
0.1451 0.2647 0.0012 0.5890 
0.2785 0.0000 0.7207 0.0008 
0.2617 0.0349 0.3293 0.3742 
0.1361 0.1736 0.3587 0.3316 
0.1321 0.3115 0.2502 0.3062 

MOTIF filter18 
letter-probability matrix: alength= 4 w= 12 nsites= 12 
0.1348 0.3386 0.2176 0.3090 
0.2041 0.3110 0.2979 0.1871 
0.4325 0.1227 0.3304 0.1144 
0.0212 0.7949 0.1767 0.0071 
0.1612 0.0296 0.4369 0.3723 
0.1096 0.7917 0.0002 0.0985 
0.3779 0.1563 0.4635 0.0024 
0.0000 0.9291 0.0089 0.0620 
0.0246 0.0056 0.7873 0.1825 
0.1745 0.1334 0.4067 0.2853 
0.2605 0.1696 0.3958 0.1741 
0.2933 0.2262 0.2577 0.2228 

MOTIF filter19 
letter-probability matrix: alength= 4 w= 15 nsites= 15 
0.1664 0.3383 0.2382 0.2571 
0.2098 0.3793 0.2240 0.1869 
0.3091 0.0426 0.5260 0.1222 
0.0678 0.7114 0.1025 0.1183 
0.2279 0.2350 0.1916 0.3454 
0.0970 0.0032 0.4558 0.4440 
0.0032 0.9961 0.0000 0.0008 
0.0000 0.9771 0.0134 0.0095 
0.5899 0.0000 0.3888 0.0213 
0.0016 0.1467 0.1625 0.6893 
0.0308 0.3927 0.1585 0.4180 
0.0095 0.1491 0.0954 0.7461 
0.0284 0.1073 0.0181 0.8462 
0.1759 0.1940 0.4251 0.2050 
0.3170 0.2248 0.2035 0.2547 

MOTIF filter20 
letter-probability matrix: alength= 4 w= 16 nsites= 16 
0.0827 0.1486 0.1575 0.6112 
0.1594 0.1142 0.5994 0.1270 
0.5482 0.1152 0.2470 0.0896 
0.0000 0.8612 0.0010 0.1378 
0.0010 0.8711 0.1280 0.0000 
0.9675 0.0000 0.0000 0.0325 
0.1467 0.0098 0.1260 0.7175 
0.7028 0.0138 0.0049 0.2785 
0.0030 0.2402 0.2628 0.4941 
0.9163 0.0236 0.0502 0.0098 
0.1732 0.1732 0.0443 0.6093 
0.0541 0.0866 0.7933 0.0659 
0.1033 0.0630 0.7835 0.0502 
0.1663 0.0787 0.4350 0.3199 
0.1329 0.5394 0.1663 0.1614 
0.5423 0.0728 0.1240 0.2608 

MOTIF filter21 
letter-probability matrix: alength= 4 w= 15 nsites= 15 
0.2327 0.2469 0.2636 0.2569 
0.2677 0.2474 0.2388 0.2460 
0.2232 0.0774 0.5795 0.1200 
0.1842 0.0267 0.6404 0.1486 
0.2304 0.0392 0.7231 0.0072 
0.0114 0.0743 0.8856 0.0287 
0.0134 0.3485 0.5909 0.0473 
0.2240 0.4144 0.0874 0.2741 
0.0417 0.2547 0.4523 0.2513 
0.0802 0.0604 0.8564 0.0031 
0.3073 0.0036 0.5591 0.1300 
0.1762 0.0534 0.7698 0.0006 
0.1598 0.3844 0.3632 0.0927 
0.1817 0.3231 0.2435 0.2516 
0.2471 0.2875 0.2190 0.2463 

MOTIF filter22 
letter-probability matrix: alength= 4 w= 13 nsites= 13 
0.2070 0.1511 0.3896 0.2523 
0.1060 0.2824 0.4301 0.1816 
0.1103 0.6035 0.2040 0.0821 
0.6436 0.0235 0.2827 0.0501 
0.0603 0.6296 0.2704 0.0396 
0.0026 0.4179 0.4600 0.1195 
0.4448 0.0000 0.0562 0.4990 
0.0415 0.7472 0.2113 0.0000 
0.0150 0.3403 0.5796 0.0650 
0.0002 0.0365 0.3379 0.6255 
0.0636 0.2599 0.5644 0.1121 
0.1613 0.2819 0.2824 0.2744 
0.1401 0.2059 0.2872 0.3668 

MOTIF filter23 
letter-probability matrix: alength= 4 w= 15 nsites= 15 
0.2600 0.2627 0.2401 0.2372 
0.1716 0.1199 0.3097 0.3988 
0.1461 0.6012 0.0381 0.2146 
0.0394 0.0649 0.0348 0.8609 
0.8649 0.0593 0.0285 0.0474 
0.3332 0.0450 0.0394 0.5823 
0.4412 0.0265 0.0397 0.4925 
0.4723 0.0142 0.0533 0.4601 
0.6068 0.0219 0.0063 0.3650 
0.0477 0.0268 0.0401 0.8854 
0.8986 0.0189 0.0629 0.0195 
0.2017 0.0305 0.6429 0.1249 
0.3793 0.3213 0.1318 0.1676 
0.2385 0.2514 0.2739 0.2362 
0.2700 0.2488 0.2670 0.2143 

MOTIF filter24 
letter-probability matrix: alength= 4 w= 14 nsites= 14 
0.2542 0.2613 0.2331 0.2514 
0.2939 0.2233 0.2382 0.2447 
0.1890 0.2538 0.1710 0.3862 
0.0506 0.0170 0.0214 0.9111 
0.0309 0.0350 0.0397 0.8945 
0.2257 0.7109 0.0319 0.0316 
0.0590 0.5989 0.0322 0.3098 
0.2511 0.2212 0.2708 0.2569 
0.2986 0.0193 0.6447 0.0373 
0.0478 0.0302 0.7676 0.1544 
0.8785 0.0652 0.0339 0.0224 
0.9460 0.0261 0.0143 0.0136 
0.4021 0.1734 0.2372 0.1873 
0.2423 0.2501 0.2324 0.2752 

MOTIF filter25 
letter-probability matrix: alength= 4 w= 12 nsites= 12 
0.1531 0.3783 0.3379 0.1306 
0.4001 0.0080 0.4285 0.1633 
0.1801 0.5518 0.2434 0.0247 
0.3037 0.5118 0.1844 0.0000 
0.8348 0.0186 0.0062 0.1404 
0.0142 0.0469 0.0000 0.9389 
0.0000 0.1390 0.8458 0.0153 
0.0040 0.0386 0.6799 0.2776 
0.0797 0.5100 0.0000 0.4103 
0.0931 0.3008 0.2925 0.3136 
0.1903 0.2255 0.4394 0.1448 
0.2466 0.3965 0.1913 0.1655 

MOTIF filter26 
letter-probability matrix: alength= 4 w= 12 nsites= 12 
0.2462 0.2132 0.3083 0.2323 
0.4653 0.1461 0.2551 0.1336 
0.3372 0.2826 0.2885 0.0917 
0.0641 0.6654 0.0072 0.2633 
0.7545 0.1966 0.0393 0.0096 
0.2872 0.5165 0.0202 0.1760 
0.0638 0.0000 0.9247 0.0116 
0.0101 0.5399 0.0002 0.4498 
0.3787 0.0000 0.6022 0.0191 
0.2810 0.4840 0.0485 0.1865 
0.1527 0.1777 0.1437 0.5259 
0.3264 0.2203 0.1744 0.2789 

MOTIF filter27 
letter-probability matrix: alength= 4 w= 13 nsites= 13 
0.1802 0.4715 0.1498 0.1985 
0.2827 0.3321 0.0980 0.2872 
0.2624 0.0590 0.4740 0.2045 
0.0725 0.5460 0.0009 0.3805 
0.3113 0.6388 0.0499 0.0000 
0.0005 0.7667 0.0979 0.1349 
0.2863 0.0002 0.4159 0.2976 
0.2604 0.0016 0.0922 0.6457 
0.3902 0.0494 0.5590 0.0015 
0.0056 0.1199 0.3698 0.5046 
0.4782 0.1655 0.1338 0.2225 
0.1325 0.5114 0.0171 0.3390 
0.2586 0.2273 0.3629 0.1513 

MOTIF filter28 
letter-probability matrix: alength= 4 w= 12 nsites= 12 
0.2822 0.2275 0.2845 0.2059 
0.3883 0.1328 0.3474 0.1314 
0.1705 0.6163 0.1654 0.0478 
0.1374 0.8626 0.0000 0.0000 
0.9871 0.0000 0.0106 0.0023 
0.2123 0.3883 0.2256 0.1737 
0.2256 0.3042 0.4481 0.0221 
0.0000 0.0000 0.0000 1.0000 
0.0083 0.0000 0.9127 0.0790 
0.2142 0.1682 0.4605 0.1572 
0.1921 0.4536 0.1236 0.2307 
0.1806 0.1820 0.3824 0.2551 

MOTIF filter29 
letter-probability matrix: alength= 4 w= 11 nsites= 11 
0.3174 0.2398 0.2136 0.2292 
0.2930 0.1776 0.2761 0.2532 
0.1707 0.3390 0.2447 0.2456 
0.3563 0.5904 0.0129 0.0403 
1.0000 0.0000 0.0000 0.0000 
0.1260 0.6629 0.2015 0.0096 
0.1576 0.0188 0.3471 0.4765 
0.0046 0.0000 0.0000 0.9954 
0.0193 0.3072 0.4250 0.2485 
0.2542 0.3168 0.3212 0.1078 
0.1667 0.3369 0.1887 0.3077 

MOTIF filter30 
letter-probability matrix: alength= 4 w= 12 nsites= 12 
0.2564 0.1984 0.2714 0.2738 
0.2858 0.2436 0.2677 0.2029 
0.2112 0.3126 0.2661 0.2101 
0.0005 0.7136 0.2859 0.0000 
0.2464 0.3076 0.0000 0.4460 
0.0226 0.5104 0.0000 0.4670 
0.5251 0.0001 0.4710 0.0038 
0.1923 0.0000 0.1858 0.6219 
0.0945 0.0050 0.7098 0.1907 
0.0210 0.3157 0.3309 0.3324 
0.2367 0.2730 0.1958 0.2945 
0.2419 0.2383 0.2763 0.2434 

MOTIF filter31 
letter-probability matrix: alength= 4 w= 16 nsites= 16 
0.1960 0.1909 0.3574 0.2558 
0.4197 0.2815 0.1374 0.1614 
0.1542 0.4753 0.2246 0.1458 
0.0999 0.6351 0.2255 0.0396 
0.3316 0.0299 0.0497 0.5887 
0.0088 0.4054 0.1627 0.4231 
0.9246 0.0350 0.0295 0.0110 
0.0013 0.2739 0.4303 0.2946 
0.2541 0.5950 0.1264 0.0244 
0.5617 0.0164 0.0004 0.4214 
0.0400 0.0514 0.8428 0.0657 
0.1867 0.0337 0.5158 0.2638 
0.1378 0.0582 0.1416 0.6625 
0.3826 0.3283 0.0822 0.2069 
0.4876 0.1424 0.0788 0.2912 
0.3085 0.1846 0.2545 0.2524 

