MEME version 4

ALPHABET= ACGT

Background letter frequencies:
A 0.2500 C 0.2500 G 0.2500 T 0.2500 

MOTIF filter0 
letter-probability matrix: alength= 4 w= 10 nsites= 10 
0.1831 0.2864 0.1186 0.4118 
0.3679 0.1085 0.0935 0.4302 
0.0367 0.4019 0.2330 0.3284 
0.8888 0.0010 0.0006 0.1096 
0.0137 0.0725 0.0014 0.9124 
0.3553 0.0798 0.0667 0.4982 
0.1248 0.1345 0.0000 0.7407 
0.3204 0.2731 0.4064 0.0001 
0.1525 0.2675 0.2479 0.3320 
0.1340 0.2374 0.3813 0.2472 

MOTIF filter1 
letter-probability matrix: alength= 4 w= 12 nsites= 12 
0.1677 0.4768 0.0668 0.2888 
0.1348 0.3722 0.2691 0.2239 
0.1391 0.3281 0.5032 0.0296 
0.0717 0.0124 0.7527 0.1631 
0.2091 0.0380 0.5752 0.1777 
0.8515 0.0214 0.0008 0.1262 
0.2625 0.5824 0.1393 0.0158 
0.1691 0.5261 0.0238 0.2811 
0.0247 0.3040 0.5762 0.0951 
0.3387 0.3497 0.0103 0.3014 
0.2389 0.1972 0.3140 0.2498 
0.2861 0.2977 0.1757 0.2405 

MOTIF filter2 
letter-probability matrix: alength= 4 w= 12 nsites= 12 
0.2459 0.2602 0.2608 0.2331 
0.3412 0.2210 0.2672 0.1707 
0.2381 0.3059 0.2790 0.1771 
0.0393 0.7704 0.1326 0.0577 
0.7874 0.0285 0.1339 0.0502 
0.0375 0.7878 0.0342 0.1405 
0.1726 0.0313 0.7710 0.0251 
0.0278 0.0819 0.0722 0.8181 
0.0943 0.0279 0.8334 0.0444 
0.1903 0.2761 0.2982 0.2354 
0.1982 0.2630 0.1961 0.3427 
0.2353 0.2495 0.2592 0.2560 

MOTIF filter3 
letter-probability matrix: alength= 4 w= 14 nsites= 14 
0.2319 0.1735 0.3076 0.2871 
0.3812 0.1052 0.3244 0.1893 
0.3349 0.1120 0.2681 0.2850 
0.0121 0.6462 0.1420 0.1998 
0.0168 0.3412 0.0195 0.6225 
0.3712 0.0515 0.5436 0.0336 
0.9690 0.0000 0.0279 0.0032 
0.0026 0.0005 0.0037 0.9932 
0.0531 0.2450 0.1272 0.5747 
0.4805 0.0526 0.4290 0.0379 
0.0505 0.0431 0.9022 0.0042 
0.1399 0.3381 0.1272 0.3948 
0.1267 0.3202 0.1987 0.3544 
0.2555 0.3349 0.2208 0.1887 

MOTIF filter4 
letter-probability matrix: alength= 4 w= 13 nsites= 13 
0.2499 0.2331 0.2411 0.2759 
0.1785 0.2153 0.2035 0.4027 
0.0030 0.3515 0.3041 0.3413 
0.7019 0.0142 0.1362 0.1477 
0.2013 0.3062 0.4925 0.0000 
0.1986 0.2864 0.3814 0.1336 
0.0875 0.0002 0.5533 0.3590 
0.0000 0.6700 0.2637 0.0663 
0.0351 0.4368 0.0338 0.4944 
0.5972 0.2007 0.2009 0.0012 
0.2198 0.2034 0.2463 0.3305 
0.2128 0.2244 0.3028 0.2600 
0.2477 0.2234 0.2691 0.2597 

MOTIF filter5 
letter-probability matrix: alength= 4 w= 13 nsites= 13 
0.2527 0.2640 0.2434 0.2399 
0.2693 0.2047 0.2748 0.2512 
0.2603 0.3678 0.2091 0.1628 
0.7331 0.0971 0.1149 0.0550 
0.6322 0.1157 0.1782 0.0739 
0.3146 0.2111 0.3739 0.1003 
0.8084 0.0491 0.1422 0.0003 
0.0270 0.0236 0.0250 0.9244 
0.0073 0.3024 0.6714 0.0189 
0.0346 0.0363 0.9195 0.0096 
0.1218 0.4969 0.0785 0.3027 
0.0861 0.2097 0.4699 0.2344 
0.1844 0.2053 0.4120 0.1983 

MOTIF filter6 
letter-probability matrix: alength= 4 w= 12 nsites= 12 
0.2185 0.2121 0.2361 0.3334 
0.2273 0.1990 0.2842 0.2895 
0.2423 0.4597 0.1906 0.1075 
0.0000 0.6619 0.1823 0.1559 
0.2226 0.0081 0.7193 0.0500 
0.0536 0.1515 0.7949 0.0000 
0.2934 0.1666 0.1880 0.3520 
0.0006 0.4003 0.2786 0.3204 
0.0074 0.1664 0.7860 0.0402 
0.2406 0.3163 0.2909 0.1521 
0.2142 0.3139 0.3173 0.1546 
0.1940 0.2563 0.2660 0.2837 

MOTIF filter7 
letter-probability matrix: alength= 4 w= 12 nsites= 12 
0.2575 0.2063 0.2395 0.2967 
0.2337 0.2095 0.3377 0.2192 
0.3400 0.2665 0.3197 0.0738 
0.0297 0.1052 0.0378 0.8273 
0.0418 0.0779 0.7429 0.1374 
0.8535 0.0579 0.0363 0.0523 
0.0947 0.4181 0.3999 0.0873 
0.0504 0.0749 0.0388 0.8359 
0.1423 0.6948 0.0665 0.0964 
0.7746 0.0574 0.0881 0.0799 
0.0748 0.3260 0.2618 0.3373 
0.2368 0.2896 0.2261 0.2474 

MOTIF filter8 
letter-probability matrix: alength= 4 w= 11 nsites= 11 
0.2821 0.3663 0.2414 0.1103 
0.2790 0.0054 0.4498 0.2658 
0.3645 0.1574 0.4660 0.0121 
0.6443 0.1296 0.1932 0.0330 
0.8784 0.0443 0.0026 0.0747 
0.0149 0.1417 0.0000 0.8434 
0.0641 0.2934 0.6329 0.0095 
0.0629 0.1023 0.7929 0.0420 
0.0466 0.7697 0.0162 0.1674 
0.2007 0.3199 0.2208 0.2586 
0.2501 0.1924 0.3800 0.1775 

MOTIF filter9 
letter-probability matrix: alength= 4 w= 13 nsites= 13 
0.2438 0.2654 0.2177 0.2731 
0.2686 0.1445 0.4901 0.0968 
0.1763 0.0560 0.6098 0.1579 
0.2833 0.0019 0.7123 0.0025 
0.1419 0.0006 0.8574 0.0000 
0.1464 0.0064 0.8434 0.0038 
0.5073 0.3004 0.0528 0.1394 
0.0522 0.0025 0.7817 0.1636 
0.0108 0.0146 0.9726 0.0019 
0.2572 0.0051 0.7288 0.0089 
0.2833 0.1910 0.5239 0.0019 
0.2330 0.4354 0.2228 0.1088 
0.2145 0.2381 0.3316 0.2158 

MOTIF filter10 
letter-probability matrix: alength= 4 w= 14 nsites= 14 
0.1894 0.4237 0.1378 0.2491 
0.2411 0.3261 0.1768 0.2560 
0.4397 0.1056 0.2135 0.2411 
0.1378 0.6808 0.0896 0.0918 
0.1470 0.1676 0.2997 0.3858 
0.0321 0.0356 0.0528 0.8794 
0.0080 0.8840 0.1079 0.0000 
0.2491 0.7497 0.0000 0.0011 
0.0011 0.0011 0.7026 0.2951 
0.0000 0.1642 0.8358 0.0000 
0.9529 0.0253 0.0011 0.0207 
0.4282 0.2939 0.0804 0.1975 
0.1722 0.1366 0.5144 0.1768 
0.1722 0.1940 0.1022 0.5316 

MOTIF filter11 
letter-probability matrix: alength= 4 w= 14 nsites= 14 
0.2548 0.2504 0.2531 0.2417 
0.1934 0.1410 0.3148 0.3508 
0.1559 0.5432 0.0857 0.2152 
0.0352 0.1292 0.0984 0.7373 
0.7386 0.0858 0.0697 0.1058 
0.3267 0.0560 0.0945 0.5228 
0.4209 0.0446 0.0541 0.4805 
0.4387 0.0373 0.0334 0.4906 
0.5314 0.0332 0.0122 0.4231 
0.1382 0.0289 0.0714 0.7615 
0.8730 0.0171 0.0772 0.0326 
0.2382 0.0331 0.5636 0.1651 
0.4015 0.2849 0.1463 0.1672 
0.2502 0.2358 0.2773 0.2367 

MOTIF filter12 
letter-probability matrix: alength= 4 w= 13 nsites= 13 
0.1234 0.0923 0.4553 0.3289 
0.2273 0.4075 0.1561 0.2091 
0.1577 0.1583 0.1572 0.5268 
0.0016 0.0000 0.2163 0.7821 
0.0973 0.8827 0.0179 0.0022 
0.0000 0.8395 0.0036 0.1569 
0.5545 0.0475 0.1278 0.2701 
0.0558 0.0195 0.3949 0.5298 
0.0014 0.1701 0.4149 0.4136 
0.1907 0.2957 0.0008 0.5128 
0.3941 0.1206 0.0442 0.4411 
0.1693 0.2561 0.4361 0.1385 
0.3023 0.2583 0.2047 0.2347 

MOTIF filter13 
letter-probability matrix: alength= 4 w= 15 nsites= 15 
0.2608 0.1627 0.2897 0.2868 
0.1540 0.2551 0.2589 0.3321 
0.2348 0.1357 0.3436 0.2859 
0.1742 0.0221 0.0597 0.7440 
0.0395 0.0000 0.0703 0.8903 
0.1001 0.8460 0.0539 0.0000 
0.0000 0.6343 0.2339 0.1319 
0.1915 0.5958 0.0385 0.1742 
0.4379 0.0000 0.5390 0.0231 
0.0000 0.0000 0.9230 0.0770 
0.7806 0.0260 0.0857 0.1078 
0.4148 0.0674 0.5149 0.0029 
0.1540 0.2233 0.4812 0.1415 
0.1039 0.4745 0.1771 0.2445 
0.1675 0.2628 0.1675 0.4023 

MOTIF filter14 
letter-probability matrix: alength= 4 w= 16 nsites= 16 
0.2605 0.2222 0.3165 0.2008 
0.2177 0.2481 0.3353 0.1989 
0.2221 0.3076 0.2419 0.2283 
0.5675 0.0130 0.2601 0.1594 
0.3617 0.2875 0.3116 0.0392 
0.3027 0.0817 0.2982 0.3175 
0.0142 0.1445 0.2674 0.5740 
0.1824 0.4428 0.3486 0.0261 
0.0078 0.5383 0.4524 0.0016 
0.0005 0.0064 0.4798 0.5133 
0.3061 0.0897 0.4420 0.1621 
0.5253 0.1062 0.2551 0.1133 
0.0049 0.2504 0.6508 0.0940 
0.0316 0.4190 0.1164 0.4330 
0.2242 0.2216 0.4467 0.1076 
0.2770 0.3334 0.2582 0.1315 

MOTIF filter15 
letter-probability matrix: alength= 4 w= 13 nsites= 13 
0.2843 0.1049 0.4803 0.1305 
0.1835 0.1922 0.1874 0.4369 
0.1847 0.3242 0.2792 0.2119 
0.1130 0.3517 0.5337 0.0015 
0.0360 0.8322 0.0006 0.1312 
0.0816 0.8134 0.0119 0.0932 
0.8650 0.0114 0.0989 0.0247 
0.0509 0.0233 0.2604 0.6654 
0.3757 0.2342 0.1185 0.2717 
0.0000 0.1946 0.1767 0.6287 
0.3107 0.1070 0.3390 0.2434 
0.1743 0.1121 0.4588 0.2548 
0.1383 0.2822 0.3737 0.2057 

MOTIF filter16 
letter-probability matrix: alength= 4 w= 10 nsites= 10 
0.2866 0.2131 0.3063 0.1940 
0.3883 0.1076 0.2562 0.2479 
0.3555 0.0049 0.3643 0.2752 
0.0515 0.6995 0.2490 0.0000 
0.1355 0.0633 0.5401 0.2611 
0.0195 0.1143 0.6797 0.1865 
0.0090 0.3687 0.0007 0.6216 
0.3865 0.1343 0.1480 0.3312 
0.1954 0.5794 0.1836 0.0416 
0.2152 0.1706 0.5019 0.1123 

MOTIF filter17 
letter-probability matrix: alength= 4 w= 16 nsites= 16 
0.2892 0.2601 0.2399 0.2108 
0.2653 0.2715 0.2606 0.2025 
0.3302 0.1983 0.2238 0.2477 
0.0976 0.1381 0.0857 0.6786 
0.0426 0.0358 0.2658 0.6558 
0.1890 0.3141 0.0763 0.4206 
0.0161 0.9512 0.0322 0.0005 
0.0187 0.8879 0.0093 0.0841 
0.3593 0.0057 0.4714 0.1636 
0.0192 0.0036 0.6900 0.2871 
0.6973 0.0166 0.2783 0.0078 
0.5950 0.0135 0.0078 0.3837 
0.7783 0.0332 0.1874 0.0010 
0.3146 0.1423 0.0727 0.4704 
0.1220 0.1526 0.6314 0.0940 
0.1480 0.2207 0.5675 0.0639 

MOTIF filter18 
letter-probability matrix: alength= 4 w= 15 nsites= 15 
0.2392 0.3907 0.1799 0.1902 
0.4940 0.1497 0.2565 0.0998 
0.0663 0.4303 0.0947 0.4088 
0.0000 0.0000 0.0000 1.0000 
0.0000 0.0000 0.0207 0.9793 
0.1274 0.8726 0.0000 0.0000 
0.0026 0.8692 0.0000 0.1282 
0.0654 0.2590 0.5396 0.1360 
0.2358 0.1170 0.6239 0.0232 
0.0095 0.0404 0.6007 0.3494 
0.7590 0.1145 0.0654 0.0611 
0.6041 0.0964 0.0301 0.2694 
0.5688 0.1084 0.1678 0.1549 
0.2435 0.2083 0.1945 0.3537 
0.2117 0.2220 0.3339 0.2324 

MOTIF filter19 
letter-probability matrix: alength= 4 w= 13 nsites= 13 
0.2497 0.4348 0.1557 0.1598 
0.2437 0.2214 0.4095 0.1254 
0.1957 0.1471 0.5885 0.0688 
0.0177 0.9793 0.0010 0.0020 
0.0000 0.5450 0.4550 0.0000 
0.2467 0.0000 0.6486 0.1047 
0.4671 0.0035 0.0056 0.5238 
0.6729 0.2027 0.0177 0.1067 
0.0106 0.0592 0.4060 0.5243 
0.1502 0.1552 0.0025 0.6921 
0.2558 0.1057 0.3706 0.2679 
0.2341 0.2351 0.4434 0.0875 
0.1557 0.2209 0.4717 0.1517 

MOTIF filter20 
letter-probability matrix: alength= 4 w= 14 nsites= 14 
0.2027 0.2916 0.2711 0.2346 
0.1990 0.3456 0.2973 0.1581 
0.5590 0.0295 0.1818 0.2297 
0.0004 0.4287 0.0049 0.5659 
0.0000 0.4300 0.0184 0.5516 
0.9783 0.0041 0.0172 0.0004 
0.7662 0.0033 0.0074 0.2232 
0.2420 0.0004 0.0004 0.7572 
0.2629 0.2719 0.3550 0.1102 
0.4046 0.1364 0.1474 0.3116 
0.1089 0.1757 0.0622 0.6532 
0.4156 0.1257 0.3571 0.1016 
0.2146 0.1323 0.5463 0.1069 
0.3374 0.2244 0.2338 0.2043 

MOTIF filter21 
letter-probability matrix: alength= 4 w= 14 nsites= 14 
0.2410 0.2754 0.2543 0.2292 
0.1477 0.2973 0.3182 0.2368 
0.0557 0.5697 0.1641 0.2106 
0.0495 0.6202 0.0446 0.2857 
0.0374 0.8077 0.1062 0.0487 
0.0759 0.7817 0.1250 0.0174 
0.1692 0.2339 0.3616 0.2353 
0.0248 0.8629 0.0694 0.0430 
0.0336 0.9210 0.0325 0.0129 
0.0841 0.6284 0.0295 0.2580 
0.1872 0.5832 0.0196 0.2099 
0.0941 0.4653 0.1396 0.3010 
0.2173 0.3356 0.2267 0.2204 
0.2458 0.2785 0.2171 0.2586 

MOTIF filter22 
letter-probability matrix: alength= 4 w= 11 nsites= 11 
0.3216 0.2159 0.2934 0.1691 
0.2550 0.1941 0.2379 0.3129 
0.2414 0.4202 0.1132 0.2252 
0.0000 0.4435 0.4937 0.0629 
0.6110 0.0342 0.0252 0.3296 
0.0524 0.2074 0.6260 0.1141 
0.5738 0.0001 0.0004 0.4257 
0.0080 0.7472 0.2414 0.0034 
0.1883 0.2978 0.3245 0.1894 
0.2107 0.5123 0.0901 0.1869 
0.2905 0.3544 0.0921 0.2631 

MOTIF filter23 
letter-probability matrix: alength= 4 w= 17 nsites= 17 
0.3203 0.1357 0.2363 0.3077 
0.3061 0.1736 0.2738 0.2465 
0.3692 0.2154 0.3590 0.0564 
0.2947 0.0205 0.6130 0.0718 
0.4517 0.2292 0.2359 0.0832 
0.2706 0.6493 0.0008 0.0793 
0.2414 0.0252 0.4876 0.2458 
0.1803 0.5641 0.0197 0.2359 
0.0047 0.0000 0.9953 0.0000 
0.1179 0.2718 0.0036 0.6067 
0.0043 0.2193 0.0548 0.7215 
0.2801 0.2047 0.4039 0.1112 
0.3838 0.1594 0.1361 0.3207 
0.0493 0.5909 0.0840 0.2757 
0.1972 0.3834 0.0903 0.3290 
0.1562 0.2765 0.2355 0.3318 
0.2193 0.2280 0.2517 0.3010 

MOTIF filter24 
letter-probability matrix: alength= 4 w= 13 nsites= 13 
0.1884 0.2376 0.3227 0.2513 
0.0984 0.3083 0.2878 0.3054 
0.1949 0.4390 0.1985 0.1675 
0.5267 0.0652 0.3664 0.0417 
0.1180 0.5860 0.2477 0.0482 
0.5098 0.0577 0.2047 0.2278 
0.3598 0.0593 0.2210 0.3598 
0.0199 0.8895 0.0825 0.0081 
0.0945 0.8810 0.0241 0.0003 
0.1434 0.0042 0.8106 0.0417 
0.0033 0.3559 0.4117 0.2291 
0.2070 0.2480 0.0952 0.4498 
0.1232 0.1793 0.2181 0.4795 

MOTIF filter25 
letter-probability matrix: alength= 4 w= 15 nsites= 15 
0.3422 0.3099 0.0582 0.2896 
0.3207 0.2201 0.1368 0.3225 
0.3538 0.0529 0.4816 0.1117 
0.0555 0.2365 0.0030 0.7050 
0.0549 0.3723 0.5727 0.0000 
0.0215 0.6091 0.0534 0.3159 
0.3087 0.0714 0.1281 0.4918 
0.0119 0.0024 0.4351 0.5506 
0.4019 0.0110 0.5870 0.0000 
0.0000 0.2281 0.5751 0.1968 
0.6205 0.0878 0.1798 0.1120 
0.2419 0.2389 0.1505 0.3688 
0.1795 0.1066 0.5417 0.1723 
0.1681 0.0442 0.6781 0.1096 
0.1956 0.1427 0.3652 0.2965 

MOTIF filter26 
letter-probability matrix: alength= 4 w= 11 nsites= 11 
0.2894 0.1647 0.2783 0.2677 
0.1360 0.1739 0.3007 0.3894 
0.2281 0.0479 0.4216 0.3025 
0.2378 0.0000 0.7155 0.0467 
0.5058 0.2486 0.0076 0.2379 
0.5904 0.2209 0.0000 0.1886 
0.0009 0.0001 0.7061 0.2930 
0.0923 0.7309 0.0001 0.1767 
0.0364 0.4240 0.3140 0.2255 
0.2606 0.2335 0.2955 0.2104 
0.3422 0.2667 0.1284 0.2626 

MOTIF filter27 
letter-probability matrix: alength= 4 w= 10 nsites= 10 
0.3092 0.1274 0.2722 0.2912 
0.2909 0.1579 0.2485 0.3027 
0.1170 0.1688 0.2498 0.4644 
0.1030 0.8174 0.0536 0.0260 
0.0002 0.0104 0.0287 0.9608 
0.9602 0.0005 0.0385 0.0007 
0.0603 0.0610 0.6561 0.2226 
0.5109 0.0567 0.1434 0.2891 
0.3636 0.1430 0.1886 0.3049 
0.3668 0.2438 0.1519 0.2375 

MOTIF filter28 
letter-probability matrix: alength= 4 w= 14 nsites= 14 
0.2726 0.2225 0.2755 0.2293 
0.4576 0.0732 0.1797 0.2895 
0.3087 0.1975 0.2826 0.2112 
0.2165 0.0024 0.0322 0.7489 
0.1652 0.5103 0.0605 0.2639 
0.5793 0.0009 0.0786 0.3411 
0.0101 0.0018 0.9418 0.0462 
0.1134 0.8638 0.0007 0.0221 
0.5534 0.0542 0.0337 0.3587 
0.2801 0.1139 0.4165 0.1895 
0.5071 0.1025 0.0185 0.3719 
0.3315 0.1792 0.1362 0.3531 
0.2920 0.1754 0.1051 0.4275 
0.2379 0.2518 0.2319 0.2784 

MOTIF filter29 
letter-probability matrix: alength= 4 w= 14 nsites= 14 
0.2470 0.2442 0.2625 0.2464 
0.2684 0.2579 0.2235 0.2503 
0.4182 0.1982 0.3286 0.0550 
0.0449 0.0268 0.0347 0.8936 
0.0331 0.0203 0.1642 0.7824 
0.3177 0.0318 0.4797 0.1709 
0.0805 0.6685 0.0477 0.2034 
0.2209 0.0471 0.6675 0.0645 
0.1757 0.5157 0.0220 0.2867 
0.7542 0.1651 0.0318 0.0489 
0.8753 0.0384 0.0478 0.0384 
0.0617 0.3153 0.1943 0.4287 
0.2418 0.2728 0.2516 0.2338 
0.2475 0.2383 0.2512 0.2630 

MOTIF filter30 
letter-probability matrix: alength= 4 w= 15 nsites= 15 
0.2766 0.1437 0.3785 0.2012 
0.2126 0.2085 0.1992 0.3798 
0.3824 0.1295 0.3496 0.1385 
0.2095 0.0227 0.6050 0.1628 
0.0978 0.3235 0.0663 0.5124 
0.0402 0.6290 0.1623 0.1685 
0.7843 0.0315 0.1741 0.0101 
0.1535 0.2505 0.1445 0.4515 
0.0155 0.2531 0.6383 0.0931 
0.7926 0.0175 0.0459 0.1440 
0.0000 0.3416 0.0506 0.6078 
0.0134 0.3416 0.5501 0.0949 
0.1540 0.1649 0.4231 0.2580 
0.1504 0.3932 0.0384 0.4180 
0.2389 0.2276 0.3883 0.1453 

MOTIF filter31 
letter-probability matrix: alength= 4 w= 13 nsites= 13 
0.2144 0.2676 0.3003 0.2178 
0.1595 0.2159 0.3115 0.3132 
0.2613 0.1174 0.2158 0.4056 
0.6485 0.0157 0.3358 0.0000 
0.2480 0.1854 0.0003 0.5662 
0.0319 0.4838 0.0200 0.4643 
0.3202 0.1555 0.1571 0.3672 
0.2693 0.0031 0.6999 0.0276 
0.5520 0.0106 0.3912 0.0462 
0.0000 0.2261 0.1068 0.6671 
0.3938 0.2504 0.1590 0.1968 
0.1100 0.4282 0.1772 0.2846 
0.1535 0.2893 0.2679 0.2892 

