MEME version 4

ALPHABET= ACGT

Background letter frequencies:
A 0.2500 C 0.2500 G 0.2500 T 0.2500 

MOTIF filter0 
letter-probability matrix: alength= 4 w= 11 nsites= 11 
0.1993 0.1697 0.3441 0.2869 
0.1384 0.4006 0.4056 0.0554 
0.1288 0.6154 0.1773 0.0786 
0.1183 0.0717 0.8056 0.0044 
0.0000 0.6004 0.2754 0.1241 
0.2224 0.0220 0.6927 0.0629 
0.2460 0.6557 0.0006 0.0977 
0.0024 0.3770 0.6192 0.0014 
0.0048 0.3178 0.1918 0.4856 
0.2140 0.1856 0.5624 0.0381 
0.3988 0.2251 0.3532 0.0230 

MOTIF filter1 
letter-probability matrix: alength= 4 w= 10 nsites= 10 
0.3064 0.0894 0.3776 0.2266 
0.2729 0.2830 0.1712 0.2729 
0.3139 0.2158 0.1391 0.3312 
0.7319 0.1578 0.1103 0.0000 
0.0000 0.0376 0.0518 0.9106 
0.3835 0.6104 0.0025 0.0037 
0.0000 0.0419 0.4729 0.4852 
0.5699 0.1569 0.1097 0.1635 
0.2958 0.1628 0.3495 0.1919 
0.3234 0.2378 0.2312 0.2077 

MOTIF filter2 
letter-probability matrix: alength= 4 w= 12 nsites= 12 
0.3001 0.1714 0.2471 0.2815 
0.2416 0.1969 0.2915 0.2700 
0.1721 0.2369 0.3386 0.2525 
0.0000 0.4356 0.5631 0.0012 
0.1659 0.0940 0.7401 0.0000 
0.4208 0.0493 0.2433 0.2865 
0.5979 0.1072 0.0284 0.2664 
0.0004 0.1636 0.6534 0.1826 
0.0098 0.1504 0.8007 0.0391 
0.2545 0.2246 0.3845 0.1364 
0.2574 0.3146 0.1840 0.2440 
0.2788 0.2706 0.1933 0.2573 

MOTIF filter3 
letter-probability matrix: alength= 4 w= 12 nsites= 12 
0.1798 0.2532 0.2823 0.2848 
0.2920 0.1839 0.2971 0.2270 
0.3485 0.2757 0.2796 0.0961 
0.0171 0.4519 0.0040 0.5270 
0.0529 0.6309 0.2540 0.0622 
0.6029 0.2014 0.1906 0.0051 
0.0278 0.3234 0.6386 0.0102 
0.0069 0.3937 0.0004 0.5990 
0.0219 0.6235 0.3448 0.0098 
0.5183 0.2694 0.2052 0.0071 
0.1191 0.3902 0.1794 0.3114 
0.1672 0.3510 0.0734 0.4085 

MOTIF filter4 
letter-probability matrix: alength= 4 w= 12 nsites= 12 
0.3061 0.1883 0.2425 0.2632 
0.3989 0.0813 0.2599 0.2599 
0.2462 0.1501 0.2939 0.3098 
0.0000 0.8404 0.0001 0.1595 
0.1033 0.0000 0.4088 0.4880 
0.5410 0.0000 0.4579 0.0011 
0.7776 0.0803 0.0990 0.0431 
0.0000 0.3742 0.0070 0.6188 
0.0000 0.6255 0.1586 0.2160 
0.3430 0.2421 0.2582 0.1566 
0.2370 0.2682 0.2475 0.2472 
0.2943 0.2599 0.1125 0.3333 

MOTIF filter5 
letter-probability matrix: alength= 4 w= 15 nsites= 15 
0.2164 0.1220 0.4046 0.2570 
0.2025 0.3539 0.2398 0.2038 
0.2864 0.2532 0.2830 0.1774 
0.2679 0.0252 0.5908 0.1161 
0.0893 0.6679 0.1551 0.0876 
0.1027 0.8830 0.0029 0.0113 
0.8109 0.0004 0.1887 0.0000 
0.3878 0.3447 0.1430 0.1245 
0.1249 0.1945 0.3606 0.3199 
0.0000 0.0419 0.0008 0.9572 
0.0029 0.0034 0.7891 0.2046 
0.0784 0.1610 0.6629 0.0977 
0.1904 0.4314 0.0646 0.3136 
0.2075 0.2281 0.2839 0.2805 
0.2369 0.2474 0.3312 0.1845 

MOTIF filter6 
letter-probability matrix: alength= 4 w= 11 nsites= 11 
0.2929 0.1134 0.3446 0.2491 
0.2268 0.0805 0.3247 0.3680 
0.2109 0.2091 0.3573 0.2227 
0.6432 0.0001 0.3567 0.0000 
0.0001 0.3929 0.3095 0.2974 
0.0017 0.5741 0.0000 0.4242 
0.2065 0.0473 0.6074 0.1389 
0.5340 0.0000 0.4632 0.0029 
0.3481 0.2304 0.2657 0.1559 
0.1787 0.2039 0.3211 0.2963 
0.2478 0.3225 0.2194 0.2103 

MOTIF filter7 
letter-probability matrix: alength= 4 w= 14 nsites= 14 
0.3911 0.2833 0.1381 0.1875 
0.1247 0.4732 0.2071 0.1949 
0.2074 0.4670 0.2979 0.0277 
0.2089 0.0021 0.1134 0.6756 
0.0048 0.0000 0.5205 0.4747 
0.3857 0.0063 0.6071 0.0009 
0.0003 0.3131 0.4818 0.2048 
0.4211 0.0098 0.0262 0.5429 
0.0688 0.6417 0.1646 0.1250 
0.4601 0.0071 0.5167 0.0161 
0.0009 0.1688 0.7185 0.1119 
0.2167 0.1336 0.4187 0.2310 
0.2274 0.3955 0.2283 0.1488 
0.4396 0.1571 0.1318 0.2714 

MOTIF filter8 
letter-probability matrix: alength= 4 w= 12 nsites= 12 
0.2764 0.1799 0.2783 0.2654 
0.2428 0.1303 0.2196 0.4073 
0.3059 0.3705 0.1216 0.2020 
0.1872 0.0340 0.1313 0.6475 
0.2836 0.1109 0.4795 0.1261 
0.6052 0.0000 0.3948 0.0000 
0.0487 0.5284 0.4148 0.0080 
0.1430 0.2262 0.0092 0.6216 
0.0000 0.2569 0.1427 0.6004 
0.2209 0.3510 0.0000 0.4281 
0.1613 0.3601 0.2617 0.2168 
0.2482 0.3866 0.2389 0.1263 

MOTIF filter9 
letter-probability matrix: alength= 4 w= 10 nsites= 10 
0.2289 0.2297 0.2479 0.2935 
0.2027 0.3344 0.3332 0.1297 
0.4936 0.1047 0.2242 0.1775 
0.0408 0.6134 0.3458 0.0000 
0.0231 0.0025 0.3714 0.6030 
0.7925 0.0000 0.0181 0.1894 
0.0114 0.5925 0.3935 0.0027 
0.2065 0.4369 0.2665 0.0901 
0.3153 0.1807 0.3290 0.1750 
0.1791 0.2839 0.3179 0.2191 

MOTIF filter10 
letter-probability matrix: alength= 4 w= 12 nsites= 12 
0.2649 0.1380 0.3059 0.2912 
0.0355 0.3008 0.1487 0.5150 
0.0990 0.2494 0.5732 0.0784 
0.2042 0.6224 0.1404 0.0330 
0.0032 0.7788 0.0966 0.1215 
0.1988 0.0000 0.5128 0.2885 
0.1409 0.5418 0.0005 0.3169 
0.1656 0.6890 0.1434 0.0019 
0.0000 0.1325 0.0666 0.8009 
0.3763 0.4742 0.1304 0.0191 
0.3644 0.1788 0.0650 0.3918 
0.2246 0.2198 0.2584 0.2973 

MOTIF filter11 
letter-probability matrix: alength= 4 w= 13 nsites= 13 
0.5040 0.0847 0.1180 0.2933 
0.4590 0.0318 0.1304 0.3788 
0.2688 0.1041 0.3694 0.2577 
0.0820 0.0425 0.3251 0.5503 
0.0055 0.0650 0.8959 0.0336 
0.1404 0.6005 0.0311 0.2279 
0.0021 0.3321 0.2570 0.4089 
0.0270 0.0000 0.9453 0.0277 
0.3296 0.0000 0.6704 0.0000 
0.0128 0.4417 0.5067 0.0387 
0.4327 0.1844 0.1674 0.2155 
0.2179 0.2605 0.2383 0.2833 
0.3884 0.0875 0.2857 0.2383 

MOTIF filter12 
letter-probability matrix: alength= 4 w= 10 nsites= 10 
0.0468 0.2706 0.3411 0.3416 
0.0410 0.4875 0.3711 0.1004 
0.0921 0.1597 0.5298 0.2184 
0.1406 0.0001 0.6162 0.2430 
0.1721 0.6193 0.1539 0.0547 
0.7690 0.0000 0.0378 0.1932 
0.1771 0.1923 0.6188 0.0118 
0.3717 0.1700 0.1089 0.3494 
0.1089 0.2513 0.4402 0.1997 
0.4100 0.3163 0.0001 0.2736 

MOTIF filter13 
letter-probability matrix: alength= 4 w= 13 nsites= 13 
0.2500 0.2438 0.2507 0.2555 
0.2536 0.2389 0.2449 0.2625 
0.2206 0.2272 0.1908 0.3614 
0.0617 0.0950 0.0163 0.8270 
0.0578 0.0513 0.1201 0.7708 
0.2385 0.6229 0.0412 0.0974 
0.1098 0.5533 0.0185 0.3183 
0.2505 0.2608 0.2246 0.2641 
0.3329 0.0424 0.5275 0.0972 
0.0605 0.0553 0.6550 0.2293 
0.7419 0.1221 0.0834 0.0525 
0.8130 0.0525 0.0693 0.0652 
0.3828 0.1824 0.2170 0.2178 

MOTIF filter14 
letter-probability matrix: alength= 4 w= 12 nsites= 12 
0.1935 0.2997 0.2934 0.2134 
0.2689 0.3295 0.2471 0.1545 
0.4405 0.2323 0.2463 0.0809 
0.0000 0.5012 0.1844 0.3145 
0.8345 0.0002 0.0236 0.1416 
0.0157 0.2046 0.0036 0.7760 
0.6726 0.1701 0.1440 0.0133 
0.0488 0.0681 0.0389 0.8442 
0.2778 0.0000 0.7222 0.0000 
0.0940 0.1351 0.5845 0.1864 
0.2286 0.1683 0.3322 0.2710 
0.2329 0.2581 0.2906 0.2183 

MOTIF filter15 
letter-probability matrix: alength= 4 w= 11 nsites= 11 
0.3728 0.0698 0.2557 0.3016 
0.2134 0.0520 0.3202 0.4144 
0.2208 0.3868 0.3905 0.0020 
0.0020 0.1146 0.8158 0.0676 
0.7483 0.1504 0.0821 0.0192 
0.0231 0.1568 0.3008 0.5193 
0.0050 0.5836 0.3792 0.0322 
0.0193 0.1474 0.6929 0.1403 
0.3522 0.2634 0.1145 0.2699 
0.2394 0.3527 0.1923 0.2156 
0.2661 0.1562 0.3127 0.2649 

MOTIF filter16 
letter-probability matrix: alength= 4 w= 15 nsites= 15 
0.2060 0.3208 0.1934 0.2797 
0.2754 0.1871 0.3288 0.2087 
0.2034 0.2107 0.3928 0.1931 
0.0952 0.6888 0.1334 0.0826 
0.1831 0.5664 0.1861 0.0644 
0.8719 0.0518 0.0362 0.0401 
0.6218 0.0226 0.0737 0.2820 
0.2930 0.0836 0.0743 0.5491 
0.0425 0.1188 0.0053 0.8334 
0.0594 0.3338 0.0017 0.6052 
0.1125 0.1098 0.6649 0.1128 
0.0697 0.0577 0.8238 0.0488 
0.1662 0.4648 0.2256 0.1433 
0.2439 0.2621 0.2097 0.2843 
0.2236 0.2498 0.3188 0.2077 

MOTIF filter17 
letter-probability matrix: alength= 4 w= 13 nsites= 13 
0.2351 0.2250 0.2985 0.2414 
0.3003 0.2337 0.3109 0.1551 
0.1288 0.1884 0.3580 0.3247 
0.1680 0.0000 0.8275 0.0045 
0.8900 0.0298 0.0798 0.0005 
0.2626 0.1840 0.5497 0.0038 
0.1450 0.0019 0.5866 0.2665 
0.0730 0.5350 0.0209 0.3712 
0.4489 0.0138 0.5373 0.0000 
0.0021 0.2161 0.7252 0.0565 
0.2330 0.5033 0.1847 0.0791 
0.2445 0.1260 0.4228 0.2067 
0.1865 0.2813 0.4003 0.1319 

MOTIF filter18 
letter-probability matrix: alength= 4 w= 13 nsites= 13 
0.2892 0.2013 0.2892 0.2204 
0.2739 0.0221 0.3338 0.3702 
0.2184 0.3175 0.3293 0.1348 
0.5517 0.0000 0.2228 0.2256 
0.0554 0.4812 0.4141 0.0493 
0.1878 0.0038 0.0071 0.8013 
0.1627 0.1311 0.3984 0.3078 
0.0235 0.5138 0.0000 0.4627 
0.1474 0.5047 0.0048 0.3430 
0.6367 0.0161 0.2934 0.0538 
0.1383 0.1780 0.3861 0.2975 
0.2806 0.3108 0.1665 0.2421 
0.2374 0.2367 0.2321 0.2938 

MOTIF filter19 
letter-probability matrix: alength= 4 w= 12 nsites= 12 
0.4489 0.2530 0.0856 0.2124 
0.2880 0.2454 0.2329 0.2338 
0.1323 0.1335 0.1137 0.6205 
0.1009 0.7126 0.0040 0.1826 
0.6279 0.0799 0.0826 0.2097 
0.0012 0.0003 0.9077 0.0908 
0.2667 0.7312 0.0003 0.0018 
0.6333 0.0189 0.0521 0.2956 
0.1176 0.0347 0.7403 0.1073 
0.3718 0.3417 0.0018 0.2847 
0.5203 0.1070 0.0646 0.3081 
0.2478 0.1335 0.1521 0.4666 

MOTIF filter20 
letter-probability matrix: alength= 4 w= 14 nsites= 14 
0.1749 0.2410 0.3131 0.2710 
0.1823 0.2088 0.3026 0.3064 
0.1614 0.2560 0.5065 0.0761 
0.1391 0.0816 0.6430 0.1363 
0.1680 0.1377 0.2757 0.4186 
0.2744 0.0033 0.5887 0.1337 
0.0396 0.0667 0.7183 0.1754 
0.0574 0.8052 0.0005 0.1368 
0.0011 0.3560 0.6427 0.0002 
0.0690 0.1366 0.5153 0.2791 
0.4745 0.0190 0.4510 0.0556 
0.3464 0.1345 0.3751 0.1440 
0.2045 0.3500 0.2830 0.1626 
0.2457 0.2738 0.2437 0.2368 

MOTIF filter21 
letter-probability matrix: alength= 4 w= 12 nsites= 12 
0.2449 0.2202 0.2484 0.2865 
0.3567 0.3058 0.2294 0.1081 
0.2412 0.0591 0.3284 0.3713 
0.1540 0.2365 0.6095 0.0000 
0.9808 0.0060 0.0131 0.0000 
0.2240 0.3503 0.2727 0.1530 
0.0000 0.0873 0.4343 0.4783 
0.0538 0.0436 0.0000 0.9026 
0.1526 0.0508 0.7895 0.0071 
0.3139 0.3344 0.1534 0.1983 
0.1586 0.1959 0.2472 0.3982 
0.2394 0.1967 0.2555 0.3084 

MOTIF filter22 
letter-probability matrix: alength= 4 w= 14 nsites= 14 
0.1091 0.1746 0.4840 0.2324 
0.3414 0.2599 0.3084 0.0903 
0.2631 0.3662 0.2356 0.1352 
0.0000 0.9180 0.0632 0.0188 
0.2379 0.4097 0.0426 0.3098 
0.3657 0.0481 0.1201 0.4661 
1.0000 0.0000 0.0000 0.0000 
0.0014 0.0142 0.0147 0.9698 
0.5101 0.1824 0.0871 0.2204 
0.3712 0.0018 0.4138 0.2131 
0.0014 0.0472 0.9514 0.0000 
0.1471 0.2090 0.4225 0.2214 
0.1402 0.1994 0.2970 0.3634 
0.2044 0.4982 0.1696 0.1279 

MOTIF filter23 
letter-probability matrix: alength= 4 w= 9 nsites= 9 
0.2283 0.3547 0.3171 0.0999 
0.4348 0.0052 0.1905 0.3695 
0.2225 0.4004 0.3294 0.0477 
0.6470 0.0000 0.0443 0.3087 
0.2098 0.2972 0.4606 0.0324 
0.0072 0.9252 0.0000 0.0676 
0.4432 0.0622 0.3215 0.1732 
0.1368 0.4716 0.0811 0.3105 
0.5606 0.0571 0.1382 0.2441 

MOTIF filter24 
letter-probability matrix: alength= 4 w= 13 nsites= 13 
0.2213 0.2991 0.2396 0.2400 
0.1954 0.1717 0.2723 0.3606 
0.2324 0.5057 0.0524 0.2095 
0.1291 0.1425 0.0309 0.6975 
0.7314 0.0381 0.0188 0.2118 
0.3283 0.0266 0.0320 0.6131 
0.4794 0.0355 0.0306 0.4545 
0.4528 0.0134 0.0498 0.4840 
0.5995 0.0468 0.0276 0.3261 
0.1182 0.0288 0.1577 0.6954 
0.6662 0.1094 0.1669 0.0575 
0.2236 0.0919 0.5398 0.1447 
0.3318 0.2999 0.1674 0.2010 

MOTIF filter25 
letter-probability matrix: alength= 4 w= 14 nsites= 14 
0.2612 0.1640 0.1584 0.4164 
0.1201 0.1721 0.4064 0.3014 
0.2034 0.3069 0.0925 0.3972 
0.0015 0.8836 0.1150 0.0000 
0.1363 0.8618 0.0004 0.0015 
0.1618 0.0158 0.7494 0.0730 
0.0088 0.1868 0.5840 0.2203 
0.9458 0.0490 0.0000 0.0052 
0.3777 0.1809 0.0000 0.4414 
0.3460 0.3364 0.2008 0.1168 
0.0836 0.3305 0.0044 0.5814 
0.1393 0.1746 0.4783 0.2078 
0.1769 0.2528 0.4871 0.0833 
0.2159 0.2244 0.3405 0.2192 

MOTIF filter26 
letter-probability matrix: alength= 4 w= 12 nsites= 12 
0.1103 0.3432 0.3018 0.2448 
0.1114 0.4400 0.2105 0.2381 
0.2586 0.3161 0.2196 0.2057 
0.0257 0.7277 0.1088 0.1378 
0.0348 0.4231 0.0694 0.4727 
0.2938 0.0378 0.1632 0.5052 
0.0344 0.8990 0.0183 0.0484 
0.0440 0.9093 0.0435 0.0032 
0.0184 0.2610 0.5806 0.1399 
0.0979 0.4275 0.2784 0.1962 
0.2017 0.3313 0.2083 0.2586 
0.2296 0.2539 0.2410 0.2755 

MOTIF filter27 
letter-probability matrix: alength= 4 w= 11 nsites= 11 
0.0121 0.4396 0.1838 0.3645 
0.0892 0.1770 0.2199 0.5138 
0.2654 0.3224 0.4107 0.0014 
0.7532 0.0516 0.1921 0.0032 
0.0001 0.1174 0.1375 0.7450 
0.0057 0.5127 0.2240 0.2577 
0.6779 0.0386 0.2582 0.0252 
0.1959 0.0391 0.7596 0.0054 
0.3050 0.1619 0.1560 0.3771 
0.2320 0.2935 0.1605 0.3141 
0.2516 0.2236 0.2174 0.3074 

MOTIF filter28 
letter-probability matrix: alength= 4 w= 14 nsites= 14 
0.2552 0.2413 0.2494 0.2541 
0.2624 0.2636 0.2220 0.2520 
0.3900 0.1992 0.3336 0.0772 
0.0520 0.0569 0.0554 0.8358 
0.0375 0.0440 0.1987 0.7198 
0.3144 0.0246 0.4602 0.2007 
0.1038 0.5794 0.0955 0.2213 
0.2262 0.0902 0.5753 0.1084 
0.1982 0.4820 0.0024 0.3174 
0.6924 0.2110 0.0400 0.0566 
0.8297 0.0606 0.0631 0.0467 
0.0885 0.3066 0.1952 0.4097 
0.2474 0.2588 0.2506 0.2432 
0.2485 0.2385 0.2505 0.2625 

MOTIF filter29 
letter-probability matrix: alength= 4 w= 13 nsites= 13 
0.1568 0.2975 0.2992 0.2465 
0.2984 0.1899 0.1886 0.3231 
0.1692 0.1875 0.4571 0.1862 
0.1128 0.6825 0.0780 0.1266 
0.0642 0.6404 0.0406 0.2549 
0.0088 0.4736 0.4721 0.0455 
0.4849 0.0218 0.4043 0.0890 
0.2318 0.0414 0.0292 0.6977 
0.6734 0.1009 0.0000 0.2257 
0.1701 0.0013 0.5654 0.2632 
0.3424 0.0351 0.4954 0.1271 
0.2237 0.2455 0.1995 0.3313 
0.0799 0.3593 0.4345 0.1262 

MOTIF filter30 
letter-probability matrix: alength= 4 w= 12 nsites= 12 
0.2823 0.2304 0.3556 0.1318 
0.4161 0.1226 0.3556 0.1057 
0.1234 0.3778 0.1435 0.3553 
0.0384 0.4198 0.4678 0.0741 
0.6687 0.0170 0.0000 0.3144 
0.1083 0.0631 0.0365 0.7921 
0.0000 0.0824 0.0060 0.9116 
0.2416 0.5046 0.2538 0.0000 
0.9037 0.0253 0.0710 0.0000 
0.2353 0.1430 0.0363 0.5854 
0.1620 0.2982 0.3681 0.1717 
0.1774 0.2883 0.2846 0.2497 

MOTIF filter31 
letter-probability matrix: alength= 4 w= 11 nsites= 11 
0.2199 0.1595 0.3585 0.2620 
0.1965 0.4033 0.1672 0.2330 
0.3618 0.3588 0.1374 0.1419 
0.3654 0.0202 0.5379 0.0765 
0.0165 0.1757 0.0391 0.7687 
0.0033 0.4871 0.5054 0.0042 
0.8319 0.0051 0.0778 0.0853 
0.1100 0.0607 0.0440 0.7852 
0.0268 0.3280 0.3037 0.3414 
0.3613 0.2834 0.3034 0.0519 
0.2407 0.2857 0.1723 0.3012 

