MEME version 4

ALPHABET= ACGT

Background letter frequencies:
A 0.2500 C 0.2500 G 0.2500 T 0.2500 

MOTIF filter0 
letter-probability matrix: alength= 4 w= 19 nsites= 19 
0.2501 0.2440 0.2525 0.2534 
0.1508 0.2690 0.2533 0.3269 
0.1141 0.5933 0.1534 0.1392 
0.1270 0.0596 0.1410 0.6724 
0.2580 0.5230 0.1754 0.0437 
0.0284 0.1974 0.4328 0.3414 
0.2596 0.1338 0.5820 0.0247 
0.2728 0.1118 0.2890 0.3264 
0.4657 0.3837 0.0866 0.0640 
0.1643 0.1200 0.5140 0.2016 
0.2234 0.0799 0.1804 0.5163 
0.4769 0.4345 0.0411 0.0475 
0.3189 0.1746 0.1824 0.3240 
0.2697 0.1622 0.4002 0.1679 
0.2244 0.2901 0.1302 0.3553 
0.1354 0.1906 0.0421 0.6319 
0.1654 0.1082 0.2740 0.4525 
0.1319 0.5064 0.1599 0.2018 
0.2543 0.1701 0.1062 0.4694 

MOTIF filter1 
letter-probability matrix: alength= 4 w= 15 nsites= 15 
0.2716 0.2041 0.2386 0.2857 
0.2716 0.2496 0.2433 0.2355 
0.1413 0.1570 0.1429 0.5589 
0.0000 0.0000 0.0000 1.0000 
0.0000 0.0000 0.0000 1.0000 
0.0251 0.9749 0.0000 0.0000 
0.0016 0.8603 0.0000 0.1381 
0.2057 0.2308 0.2590 0.3046 
0.1994 0.0000 0.7991 0.0016 
0.0000 0.0000 0.9717 0.0283 
1.0000 0.0000 0.0000 0.0000 
1.0000 0.0000 0.0000 0.0000 
0.5714 0.1083 0.1947 0.1256 
0.2370 0.3203 0.2512 0.1915 
0.2669 0.2747 0.2119 0.2465 

MOTIF filter2 
letter-probability matrix: alength= 4 w= 14 nsites= 14 
0.3070 0.3088 0.2706 0.1136 
0.1353 0.2940 0.1552 0.4154 
0.2949 0.2940 0.4111 0.0000 
0.0017 0.1336 0.0919 0.7728 
0.0416 0.9193 0.0182 0.0208 
0.0104 0.6843 0.0676 0.2376 
0.0859 0.2984 0.5195 0.0963 
0.0382 0.1665 0.7311 0.0642 
0.4128 0.1145 0.3912 0.0815 
0.8690 0.0330 0.0043 0.0937 
0.7025 0.1266 0.1526 0.0182 
0.3781 0.2489 0.2949 0.0781 
0.2220 0.3209 0.2637 0.1934 
0.1509 0.3573 0.2741 0.2177 

MOTIF filter3 
letter-probability matrix: alength= 4 w= 17 nsites= 17 
0.2569 0.2847 0.2431 0.2153 
0.2083 0.1806 0.2292 0.3819 
0.3264 0.3264 0.3472 0.0000 
0.1250 0.0417 0.0903 0.7431 
0.1944 0.6528 0.0694 0.0833 
0.0833 0.7014 0.0208 0.1944 
0.6597 0.0347 0.0000 0.3056 
0.4931 0.0069 0.4583 0.0417 
0.1736 0.2708 0.4722 0.0833 
0.9792 0.0208 0.0000 0.0000 
0.9861 0.0139 0.0000 0.0000 
0.8056 0.0139 0.1042 0.0764 
0.5833 0.0764 0.0833 0.2569 
0.7500 0.0625 0.0417 0.1458 
0.8472 0.0764 0.0764 0.0000 
0.2986 0.1319 0.2639 0.3056 
0.2986 0.3819 0.1806 0.1389 

MOTIF filter4 
letter-probability matrix: alength= 4 w= 15 nsites= 15 
0.2500 0.2196 0.2669 0.2635 
0.2027 0.3007 0.2635 0.2331 
0.2703 0.0405 0.6351 0.0541 
0.1453 0.0000 0.7905 0.0642 
0.1149 0.0000 0.8851 0.0000 
0.0000 0.0000 1.0000 0.0000 
0.0000 0.0000 1.0000 0.0000 
0.3446 0.5709 0.0000 0.0845 
0.0000 0.0000 1.0000 0.0000 
0.0000 0.0000 1.0000 0.0000 
0.1047 0.0000 0.8953 0.0000 
0.2162 0.0101 0.7736 0.0000 
0.1723 0.5743 0.1791 0.0743 
0.2872 0.1723 0.3209 0.2196 
0.2804 0.2905 0.2061 0.2230 

MOTIF filter5 
letter-probability matrix: alength= 4 w= 20 nsites= 20 
0.2343 0.2456 0.2581 0.2619 
0.1955 0.2807 0.2832 0.2406 
0.2982 0.2381 0.2130 0.2506 
0.1303 0.0664 0.0175 0.7857 
0.0263 0.0714 0.6366 0.2657 
0.4198 0.3759 0.0852 0.1190 
0.0013 0.9987 0.0000 0.0000 
0.0025 0.9749 0.0201 0.0025 
0.8333 0.0226 0.0050 0.1391 
0.0501 0.0000 0.0000 0.9499 
1.0000 0.0000 0.0000 0.0000 
0.0000 0.0088 0.0013 0.9900 
0.9837 0.0038 0.0025 0.0100 
0.1416 0.0075 0.0038 0.8471 
0.0050 0.0050 0.9900 0.0000 
0.0013 0.0100 0.9812 0.0075 
0.1103 0.0677 0.3897 0.4323 
0.2168 0.6591 0.1065 0.0175 
0.7519 0.0276 0.0489 0.1717 
0.2381 0.2556 0.2581 0.2481 

MOTIF filter6 
letter-probability matrix: alength= 4 w= 15 nsites= 15 
0.2946 0.3008 0.1907 0.2140 
0.3240 0.2977 0.2713 0.1070 
0.3535 0.0016 0.4078 0.2372 
0.3581 0.0031 0.5643 0.0744 
0.0031 0.0062 0.0000 0.9907 
0.0000 0.0047 0.9953 0.0000 
0.9550 0.0078 0.0000 0.0372 
0.0496 0.5690 0.3814 0.0000 
0.0078 0.0016 0.0016 0.9891 
0.0744 0.9147 0.0062 0.0047 
0.9953 0.0031 0.0000 0.0016 
0.0000 0.2357 0.2372 0.5271 
0.2419 0.2775 0.3132 0.1674 
0.2109 0.2527 0.2853 0.2512 
0.2915 0.2248 0.2682 0.2155 

MOTIF filter7 
letter-probability matrix: alength= 4 w= 9 nsites= 9 
0.2511 0.2576 0.2392 0.2521 
0.2681 0.2498 0.2337 0.2484 
0.2635 0.2337 0.2406 0.2621 
0.6104 0.0000 0.0000 0.3896 
0.0000 0.0000 0.0000 1.0000 
0.0000 0.0738 0.0000 0.9262 
0.7924 0.0000 0.2076 0.0000 
1.0000 0.0000 0.0000 0.0000 
0.3291 0.0000 0.0000 0.6709 

MOTIF filter8 
letter-probability matrix: alength= 4 w= 16 nsites= 16 
0.2659 0.2178 0.2405 0.2758 
0.2433 0.2617 0.2461 0.2489 
0.2504 0.2758 0.2603 0.2136 
0.0636 0.0495 0.3791 0.5078 
0.0311 0.9095 0.0000 0.0594 
0.0000 0.0000 0.0000 1.0000 
1.0000 0.0000 0.0000 0.0000 
0.2928 0.0000 0.0014 0.7058 
0.4979 0.0000 0.0000 0.5021 
0.6209 0.0000 0.0000 0.3791 
0.7595 0.0000 0.0000 0.2405 
0.0000 0.0000 0.0000 1.0000 
0.9986 0.0000 0.0000 0.0014 
0.0934 0.0000 0.8953 0.0113 
0.4257 0.4158 0.0212 0.1372 
0.2871 0.2263 0.2263 0.2603 

MOTIF filter9 
letter-probability matrix: alength= 4 w= 14 nsites= 14 
0.2297 0.2725 0.2614 0.2364 
0.2779 0.2471 0.2426 0.2324 
0.4514 0.1521 0.3608 0.0357 
0.0178 0.0094 0.0134 0.9594 
0.0071 0.0169 0.1289 0.8470 
0.3225 0.0094 0.5357 0.1325 
0.0674 0.7605 0.0326 0.1396 
0.1628 0.0326 0.7471 0.0575 
0.1378 0.5946 0.0022 0.2654 
0.8751 0.0972 0.0107 0.0169 
0.9527 0.0169 0.0223 0.0080 
0.0433 0.3426 0.1552 0.4590 
0.2444 0.2756 0.2569 0.2230 
0.2440 0.2373 0.2698 0.2489 

MOTIF filter10 
letter-probability matrix: alength= 4 w= 12 nsites= 12 
0.1598 0.1399 0.1404 0.5599 
0.0425 0.0010 0.0794 0.8771 
0.1643 0.7597 0.0225 0.0534 
0.0210 0.7208 0.0005 0.2577 
0.2522 0.3002 0.2617 0.1858 
0.1973 0.0000 0.7947 0.0080 
0.0015 0.0275 0.8771 0.0939 
0.9580 0.0415 0.0000 0.0005 
1.0000 0.0000 0.0000 0.0000 
0.4041 0.1673 0.2707 0.1578 
0.2313 0.2617 0.2198 0.2872 
0.2707 0.1933 0.3002 0.2358 

MOTIF filter11 
letter-probability matrix: alength= 4 w= 14 nsites= 14 
0.2939 0.2579 0.2685 0.1797 
0.2727 0.3002 0.1903 0.2368 
0.0613 0.2199 0.4757 0.2431 
0.0000 0.7421 0.0592 0.1987 
0.0127 0.7928 0.0000 0.1945 
0.0000 1.0000 0.0000 0.0000 
0.0000 1.0000 0.0000 0.0000 
0.0930 0.0000 0.5877 0.3192 
0.0000 1.0000 0.0000 0.0000 
0.0000 1.0000 0.0000 0.0000 
0.0000 0.7907 0.0000 0.2093 
0.0782 0.7632 0.0000 0.1586 
0.0486 0.6068 0.0571 0.2875 
0.2812 0.2389 0.2431 0.2368 

MOTIF filter12 
letter-probability matrix: alength= 4 w= 12 nsites= 12 
0.2523 0.2383 0.2682 0.2412 
0.3454 0.2553 0.3096 0.0897 
0.0782 0.0745 0.0975 0.7498 
0.0715 0.0585 0.6894 0.1806 
0.7356 0.0890 0.1126 0.0628 
0.1010 0.3898 0.4320 0.0772 
0.0410 0.0838 0.0786 0.7966 
0.1340 0.8049 0.0341 0.0269 
0.8446 0.0495 0.0661 0.0398 
0.0837 0.3377 0.2525 0.3261 
0.2167 0.3242 0.2036 0.2555 
0.2678 0.2204 0.2635 0.2484 

MOTIF filter13 
letter-probability matrix: alength= 4 w= 11 nsites= 11 
0.2297 0.2249 0.2500 0.2954 
0.2181 0.1670 0.4199 0.1950 
0.3890 0.2625 0.3436 0.0048 
0.0000 0.0000 0.0000 1.0000 
0.0000 0.0000 1.0000 0.0000 
1.0000 0.0000 0.0000 0.0000 
0.0010 0.4952 0.4952 0.0087 
0.0000 0.0000 0.0000 1.0000 
0.0068 0.9788 0.0000 0.0145 
0.9942 0.0000 0.0000 0.0058 
0.0299 0.3147 0.2732 0.3822 

MOTIF filter14 
letter-probability matrix: alength= 4 w= 16 nsites= 16 
0.2892 0.1846 0.2892 0.2369 
0.5877 0.0708 0.1231 0.2185 
0.1785 0.3169 0.4892 0.0154 
0.0000 0.0000 0.0000 1.0000 
0.0154 0.9846 0.0000 0.0000 
1.0000 0.0000 0.0000 0.0000 
0.0000 0.0000 0.9877 0.0123 
0.0000 1.0000 0.0000 0.0000 
1.0000 0.0000 0.0000 0.0000 
0.4738 0.1846 0.0769 0.2646 
0.3723 0.0554 0.0062 0.5662 
0.4338 0.0215 0.0000 0.5446 
0.3077 0.1077 0.0246 0.5600 
0.2831 0.2246 0.2554 0.2369 
0.2369 0.3046 0.2338 0.2246 
0.2092 0.3415 0.2123 0.2369 

MOTIF filter15 
letter-probability matrix: alength= 4 w= 20 nsites= 20 
0.2304 0.2409 0.2643 0.2643 
0.2047 0.2819 0.2784 0.2351 
0.2901 0.2398 0.2316 0.2386 
0.1661 0.0760 0.0444 0.7135 
0.0327 0.0912 0.6725 0.2035 
0.4047 0.4000 0.0667 0.1287 
0.0000 0.9906 0.0070 0.0023 
0.0000 0.9918 0.0000 0.0082 
0.8281 0.0000 0.0070 0.1649 
0.0140 0.0000 0.0012 0.9848 
0.9930 0.0035 0.0035 0.0000 
0.0000 0.0023 0.0012 0.9965 
0.9906 0.0000 0.0000 0.0094 
0.1591 0.0047 0.0000 0.8363 
0.0035 0.0035 0.9930 0.0000 
0.0000 0.0000 1.0000 0.0000 
0.1041 0.0725 0.3977 0.4257 
0.2152 0.6491 0.0947 0.0409 
0.7076 0.0304 0.0749 0.1871 
0.2386 0.2784 0.2339 0.2491 

MOTIF filter16 
letter-probability matrix: alength= 4 w= 12 nsites= 12 
0.2768 0.2269 0.2743 0.2219 
0.2419 0.2868 0.2145 0.2569 
0.4813 0.0224 0.1372 0.3591 
0.6259 0.0125 0.0474 0.3142 
0.4888 0.0000 0.0299 0.4813 
0.2868 0.1471 0.1820 0.3840 
0.0000 0.0000 0.0000 1.0000 
0.0000 0.0000 1.0000 0.0000 
0.0623 0.9377 0.0000 0.0000 
0.0000 0.0000 0.0000 1.0000 
0.0000 0.0000 0.9975 0.0025 
1.0000 0.0000 0.0000 0.0000 

MOTIF filter17 
letter-probability matrix: alength= 4 w= 19 nsites= 19 
0.2149 0.2288 0.2781 0.2781 
0.2023 0.2781 0.2668 0.2528 
0.2756 0.2528 0.2061 0.2655 
0.1530 0.0809 0.0594 0.7067 
0.0417 0.0872 0.6675 0.2035 
0.4020 0.3944 0.0860 0.1176 
0.0013 0.9810 0.0076 0.0101 
0.0164 0.9722 0.0063 0.0051 
0.7788 0.0088 0.0228 0.1896 
0.0228 0.0076 0.0013 0.9684 
1.0000 0.0000 0.0000 0.0000 
0.0000 0.0000 0.0000 1.0000 
0.9279 0.0000 0.0000 0.0721 
0.1264 0.0013 0.0493 0.8230 
0.0000 0.0556 0.9317 0.0126 
0.0000 0.0038 0.9949 0.0013 
0.0847 0.0746 0.3565 0.4842 
0.2731 0.6346 0.0733 0.0190 
0.8281 0.0114 0.0354 0.1252 

MOTIF filter18 
letter-probability matrix: alength= 4 w= 18 nsites= 18 
0.2550 0.5150 0.0700 0.1600 
0.2450 0.1950 0.0650 0.4950 
0.3050 0.1850 0.2800 0.2300 
0.6650 0.0300 0.0650 0.2400 
0.5200 0.1000 0.2150 0.1650 
0.1400 0.0000 0.0050 0.8550 
0.1650 0.6100 0.0300 0.1950 
0.4500 0.0000 0.0000 0.5500 
0.0000 0.0000 0.9950 0.0050 
0.0100 0.9900 0.0000 0.0000 
0.3500 0.0000 0.0000 0.6500 
0.1350 0.0100 0.7400 0.1150 
0.9500 0.0000 0.0000 0.0500 
0.0700 0.3700 0.1800 0.3800 
0.1650 0.0950 0.0100 0.7300 
0.1800 0.3050 0.1400 0.3750 
0.5350 0.0850 0.1750 0.2050 
0.0800 0.0450 0.6650 0.2100 

MOTIF filter19 
letter-probability matrix: alength= 4 w= 15 nsites= 15 
0.2751 0.2487 0.2148 0.2613 
0.2399 0.2601 0.2475 0.2525 
0.1382 0.1897 0.1294 0.5427 
0.0000 0.0000 0.0000 1.0000 
0.0000 0.0000 0.0101 0.9899 
0.0452 0.9548 0.0000 0.0000 
0.0038 0.7927 0.0000 0.2035 
0.2450 0.2148 0.2412 0.2990 
0.1960 0.0000 0.7977 0.0063 
0.0000 0.0000 0.9510 0.0490 
0.9962 0.0038 0.0000 0.0000 
1.0000 0.0000 0.0000 0.0000 
0.5415 0.1307 0.1859 0.1420 
0.2211 0.2789 0.2475 0.2525 
0.2764 0.2198 0.2676 0.2362 

MOTIF filter20 
letter-probability matrix: alength= 4 w= 20 nsites= 20 
0.1500 0.3500 0.2500 0.2500 
0.6000 0.2000 0.0500 0.1500 
0.5500 0.0500 0.3000 0.1000 
0.1500 0.3000 0.0000 0.5500 
0.0000 0.0500 0.0500 0.9000 
0.0500 0.2000 0.7500 0.0000 
0.1000 0.7000 0.0000 0.2000 
0.0000 0.0000 1.0000 0.0000 
0.0500 0.8000 0.1500 0.0000 
0.7500 0.0500 0.0000 0.2000 
0.3500 0.4000 0.2500 0.0000 
0.0000 0.0000 0.0500 0.9500 
0.1500 0.4000 0.4500 0.0000 
0.5000 0.0000 0.1000 0.4000 
0.4000 0.0000 0.4500 0.1500 
0.4000 0.4000 0.1000 0.1000 
0.1500 0.4000 0.4500 0.0000 
1.0000 0.0000 0.0000 0.0000 
0.5500 0.0000 0.3500 0.1000 
0.0500 0.1000 0.0500 0.8000 

MOTIF filter21 
letter-probability matrix: alength= 4 w= 13 nsites= 13 
0.2238 0.2457 0.2603 0.2701 
0.2506 0.2579 0.2567 0.2348 
0.2360 0.2664 0.2603 0.2372 
0.5085 0.1229 0.3564 0.0122 
0.0000 0.0000 0.0000 1.0000 
0.0000 0.0000 0.0170 0.9830 
0.2968 0.0000 0.6350 0.0681 
0.0000 0.9246 0.0000 0.0754 
0.0912 0.0012 0.9051 0.0024 
0.0730 0.6825 0.0000 0.2445 
0.9623 0.0377 0.0000 0.0000 
1.0000 0.0000 0.0000 0.0000 
0.0146 0.3601 0.1302 0.4951 

MOTIF filter22 
letter-probability matrix: alength= 4 w= 17 nsites= 17 
0.2583 0.2429 0.2512 0.2476 
0.0672 0.6993 0.1014 0.1321 
0.7205 0.0106 0.1486 0.1203 
0.2889 0.4599 0.1863 0.0649 
0.0967 0.0307 0.7288 0.1439 
0.1415 0.3314 0.0660 0.4611 
0.1851 0.2064 0.5189 0.0896 
0.2736 0.1297 0.4611 0.1356 
0.6462 0.0000 0.2936 0.0601 
0.0920 0.3384 0.0920 0.4776 
0.0047 0.7842 0.0153 0.1958 
0.3538 0.0165 0.6108 0.0189 
0.5884 0.1250 0.2441 0.0425 
0.0130 0.5578 0.0177 0.4116 
0.3432 0.2594 0.3302 0.0672 
0.5035 0.1097 0.1427 0.2441 
0.1592 0.1981 0.4540 0.1887 

MOTIF filter23 
letter-probability matrix: alength= 4 w= 15 nsites= 15 
0.2932 0.2377 0.2438 0.2253 
0.2346 0.3241 0.2531 0.1883 
0.0957 0.1420 0.5494 0.2130 
0.0000 0.8704 0.0031 0.1265 
0.0000 0.8704 0.0000 0.1296 
0.0000 1.0000 0.0000 0.0000 
0.0000 1.0000 0.0000 0.0000 
0.1235 0.0000 0.5957 0.2809 
0.0000 1.0000 0.0000 0.0000 
0.0000 1.0000 0.0000 0.0000 
0.0000 0.8025 0.0000 0.1975 
0.0988 0.8148 0.0000 0.0864 
0.0432 0.6543 0.0370 0.2654 
0.2438 0.2562 0.2531 0.2469 
0.2901 0.2284 0.2191 0.2623 

MOTIF filter24 
letter-probability matrix: alength= 4 w= 16 nsites= 16 
0.2435 0.2601 0.2549 0.2415 
0.2321 0.2746 0.2611 0.2321 
0.1233 0.0653 0.3503 0.4611 
0.0383 0.8404 0.0073 0.1140 
0.0000 0.0093 0.0031 0.9876 
0.9979 0.0010 0.0000 0.0010 
0.2674 0.0000 0.0010 0.7316 
0.4508 0.0000 0.0000 0.5492 
0.5316 0.0000 0.0010 0.4674 
0.6902 0.0031 0.0000 0.3067 
0.0010 0.0000 0.0000 0.9990 
0.9876 0.0010 0.0114 0.0000 
0.0974 0.0052 0.8497 0.0477 
0.4518 0.3565 0.0611 0.1306 
0.2777 0.2093 0.2663 0.2466 
0.2435 0.2736 0.2415 0.2415 

MOTIF filter25 
letter-probability matrix: alength= 4 w= 15 nsites= 15 
0.2268 0.1981 0.1172 0.4578 
0.1308 0.1727 0.4682 0.2284 
0.2902 0.2995 0.1655 0.2448 
0.0533 0.7973 0.0798 0.0695 
0.0095 0.6467 0.0382 0.3056 
0.6918 0.0385 0.0597 0.2101 
0.1313 0.0042 0.0809 0.7836 
0.7268 0.0273 0.0509 0.1950 
0.1806 0.0233 0.0419 0.7541 
0.8072 0.0358 0.0056 0.1515 
0.2353 0.0544 0.0188 0.6915 
0.2875 0.0602 0.6456 0.0066 
0.0719 0.0573 0.8101 0.0607 
0.2183 0.1806 0.2846 0.3164 
0.2451 0.4263 0.1814 0.1472 

MOTIF filter26 
letter-probability matrix: alength= 4 w= 17 nsites= 17 
0.2079 0.2991 0.2710 0.2220 
0.2734 0.2336 0.2710 0.2220 
0.2523 0.2757 0.2336 0.2383 
0.0748 0.0164 0.3458 0.5631 
0.0000 0.8949 0.0023 0.1028 
0.0000 0.0000 0.0000 1.0000 
1.0000 0.0000 0.0000 0.0000 
0.0397 0.0000 0.0070 0.9533 
0.1332 0.0000 0.0000 0.8668 
0.2383 0.0000 0.0000 0.7617 
0.5117 0.0047 0.0000 0.4836 
0.0000 0.0000 0.0000 1.0000 
0.9977 0.0000 0.0023 0.0000 
0.0093 0.0000 0.9486 0.0421 
0.4463 0.4252 0.0374 0.0911 
0.2827 0.2266 0.3154 0.1752 
0.2897 0.2500 0.2290 0.2313 

MOTIF filter27 
letter-probability matrix: alength= 4 w= 19 nsites= 19 
0.1176 0.0871 0.1721 0.6231 
0.2309 0.4270 0.1590 0.1830 
0.2364 0.0915 0.2636 0.4085 
0.1819 0.0153 0.6438 0.1590 
0.3028 0.0011 0.6601 0.0359 
0.0654 0.0076 0.8747 0.0523 
0.5447 0.1547 0.2244 0.0763 
0.2789 0.0763 0.5969 0.0479 
0.1536 0.1002 0.7222 0.0240 
0.3192 0.2974 0.3671 0.0163 
0.0087 0.0272 0.8725 0.0915 
0.2353 0.2473 0.4782 0.0392 
0.3181 0.3235 0.2516 0.1068 
0.1242 0.4412 0.2800 0.1547 
0.1590 0.6906 0.0741 0.0763 
0.0577 0.4619 0.2015 0.2789 
0.0163 0.4891 0.4118 0.0828 
0.2789 0.4325 0.0948 0.1939 
0.1972 0.2429 0.4074 0.1525 

MOTIF filter28 
letter-probability matrix: alength= 4 w= 16 nsites= 16 
0.2545 0.2606 0.2167 0.2682 
0.2621 0.2500 0.2182 0.2697 
0.2227 0.2121 0.1288 0.4364 
0.0197 0.0970 0.1106 0.7727 
0.0000 0.0045 0.0000 0.9955 
0.0000 0.4318 0.0106 0.5576 
0.0652 0.9348 0.0000 0.0000 
0.0667 0.4621 0.0000 0.4712 
0.4955 0.0000 0.4515 0.0530 
0.0000 0.0000 0.9879 0.0121 
0.4333 0.0136 0.5500 0.0030 
0.9985 0.0000 0.0015 0.0000 
0.9030 0.0424 0.0348 0.0197 
0.4924 0.1000 0.2045 0.2030 
0.2591 0.2500 0.1818 0.3091 
0.2333 0.2576 0.2894 0.2197 

MOTIF filter29 
letter-probability matrix: alength= 4 w= 12 nsites= 12 
0.2601 0.2772 0.2308 0.2320 
0.2943 0.1380 0.2503 0.3175 
0.1673 0.2100 0.0965 0.5263 
0.0000 0.0440 0.1819 0.7741 
0.9463 0.0159 0.0379 0.0000 
0.1465 0.0733 0.0000 0.7802 
0.3773 0.0647 0.0256 0.5324 
0.7033 0.0000 0.0000 0.2967 
0.8523 0.0757 0.0000 0.0720 
0.7131 0.0159 0.1490 0.1221 
0.0000 0.4408 0.2308 0.3284 
0.4921 0.1661 0.2894 0.0525 

MOTIF filter30 
letter-probability matrix: alength= 4 w= 15 nsites= 15 
0.2376 0.2937 0.2129 0.2558 
0.2426 0.2888 0.2310 0.2376 
0.1007 0.0512 0.3597 0.4884 
0.0215 0.9752 0.0000 0.0033 
0.0000 0.0000 0.0000 1.0000 
1.0000 0.0000 0.0000 0.0000 
0.3432 0.0000 0.0050 0.6518 
0.5710 0.0000 0.0000 0.4290 
0.6815 0.0000 0.0000 0.3185 
0.8234 0.0000 0.0000 0.1766 
0.0000 0.0000 0.0000 1.0000 
1.0000 0.0000 0.0000 0.0000 
0.0644 0.0000 0.9356 0.0000 
0.4835 0.3795 0.0429 0.0941 
0.2376 0.2508 0.2756 0.2360 

MOTIF filter31 
letter-probability matrix: alength= 4 w= 16 nsites= 16 
0.2565 0.2208 0.2468 0.2760 
0.2370 0.2435 0.2662 0.2532 
0.2305 0.2078 0.3052 0.2565 
0.2760 0.0487 0.6169 0.0584 
0.0649 0.0000 0.8896 0.0455 
0.1818 0.0000 0.8182 0.0000 
0.0000 0.0000 1.0000 0.0000 
0.0000 0.0000 1.0000 0.0000 
0.2403 0.5877 0.0000 0.1721 
0.0000 0.0000 1.0000 0.0000 
0.0000 0.0000 1.0000 0.0000 
0.1266 0.0000 0.8734 0.0000 
0.1753 0.0390 0.7857 0.0000 
0.1851 0.6169 0.1201 0.0779 
0.2695 0.2078 0.2760 0.2468 
0.2208 0.2792 0.2403 0.2597 

