MEME version 4

ALPHABET= ACGT

Background letter frequencies:
A 0.2500 C 0.2500 G 0.2500 T 0.2500 

MOTIF filter0 
letter-probability matrix: alength= 4 w= 19 nsites= 19 
0.4103 0.1952 0.1488 0.2457 
0.3389 0.3267 0.1560 0.1784 
0.0540 0.1774 0.3756 0.3930 
0.0153 0.0066 0.7217 0.2564 
0.6004 0.3491 0.0051 0.0454 
0.4235 0.0851 0.3843 0.1070 
0.0953 0.1458 0.5168 0.2421 
0.4174 0.4521 0.0999 0.0306 
0.0000 0.5438 0.2013 0.2548 
0.1570 0.2385 0.2207 0.3838 
0.0326 0.1045 0.0673 0.7956 
0.1193 0.4511 0.2824 0.1473 
0.2839 0.6172 0.0280 0.0708 
0.1595 0.4597 0.1830 0.1978 
0.2768 0.5306 0.1590 0.0336 
0.1172 0.3716 0.1483 0.3629 
0.1881 0.5535 0.1580 0.1004 
0.3736 0.4735 0.0494 0.1035 
0.2401 0.6065 0.0535 0.0999 

MOTIF filter1 
letter-probability matrix: alength= 4 w= 18 nsites= 18 
0.3375 0.3684 0.2489 0.0452 
0.3229 0.4628 0.1201 0.0942 
0.1462 0.2900 0.2050 0.3588 
0.0752 0.6224 0.0112 0.2911 
0.0963 0.7091 0.1805 0.0141 
0.0309 0.0877 0.1698 0.7115 
0.3329 0.5389 0.0513 0.0768 
0.5544 0.2391 0.0664 0.1401 
0.1948 0.2327 0.3069 0.2656 
0.1278 0.1438 0.5846 0.1438 
0.0921 0.2753 0.4721 0.1605 
0.4785 0.0751 0.1499 0.2965 
0.1093 0.1863 0.4567 0.2477 
0.4742 0.2466 0.0958 0.1833 
0.0353 0.1867 0.6476 0.1304 
0.2995 0.2065 0.1513 0.3426 
0.1805 0.3582 0.2841 0.1772 
0.1682 0.3335 0.3013 0.1970 

MOTIF filter2 
letter-probability matrix: alength= 4 w= 13 nsites= 13 
0.2615 0.2414 0.2353 0.2618 
0.2404 0.2338 0.2849 0.2410 
0.3451 0.2510 0.3153 0.0886 
0.0668 0.0679 0.0930 0.7723 
0.0790 0.0705 0.7158 0.1347 
0.7391 0.0882 0.0918 0.0809 
0.0764 0.4334 0.4260 0.0642 
0.0668 0.0874 0.1039 0.7419 
0.1239 0.7327 0.0770 0.0665 
0.7734 0.0731 0.0767 0.0769 
0.0774 0.3221 0.2712 0.3293 
0.2321 0.2961 0.2231 0.2487 
0.2545 0.2299 0.2596 0.2559 

MOTIF filter3 
letter-probability matrix: alength= 4 w= 16 nsites= 16 
0.3118 0.2065 0.1957 0.2860 
0.1742 0.2000 0.4409 0.1849 
0.0000 0.0000 0.0000 1.0000 
0.0000 0.6000 0.4000 0.0000 
0.5785 0.4215 0.0000 0.0000 
0.0000 0.0129 0.3312 0.6559 
0.0000 0.5828 0.4022 0.0151 
0.9978 0.0022 0.0000 0.0000 
0.1441 0.3613 0.2387 0.2559 
0.3505 0.0108 0.0194 0.6194 
0.3075 0.0903 0.1419 0.4602 
0.2989 0.1828 0.0839 0.4344 
0.2086 0.1097 0.6344 0.0473 
0.0753 0.3419 0.4301 0.1527 
0.1785 0.2237 0.3462 0.2516 
0.1892 0.1935 0.4473 0.1699 

MOTIF filter4 
letter-probability matrix: alength= 4 w= 16 nsites= 16 
0.2605 0.2101 0.2605 0.2689 
0.2381 0.2437 0.2325 0.2857 
0.2325 0.2717 0.2577 0.2381 
0.2717 0.0280 0.6415 0.0588 
0.1289 0.0000 0.8039 0.0672 
0.1429 0.0000 0.8571 0.0000 
0.0000 0.0000 1.0000 0.0000 
0.0000 0.0000 1.0000 0.0000 
0.3221 0.5602 0.0000 0.1176 
0.0000 0.0000 1.0000 0.0000 
0.0000 0.0000 1.0000 0.0000 
0.1541 0.0000 0.8403 0.0056 
0.2381 0.0308 0.7311 0.0000 
0.1709 0.5406 0.1821 0.1064 
0.2997 0.1933 0.2857 0.2213 
0.2381 0.3053 0.2073 0.2493 

MOTIF filter5 
letter-probability matrix: alength= 4 w= 16 nsites= 16 
0.2273 0.2082 0.1871 0.3774 
0.1882 0.2336 0.3330 0.2452 
0.1184 0.0888 0.3383 0.4545 
0.0095 0.9567 0.0000 0.0338 
0.0000 0.1755 0.0000 0.8245 
0.9979 0.0000 0.0000 0.0021 
0.2209 0.0000 0.0000 0.7791 
0.5645 0.0000 0.0000 0.4355 
0.4588 0.0011 0.0000 0.5402 
0.7622 0.0000 0.0000 0.2378 
0.0074 0.0000 0.0000 0.9926 
0.8245 0.0000 0.1755 0.0000 
0.0518 0.0000 0.9387 0.0095 
0.4123 0.3182 0.0803 0.1892 
0.2378 0.3055 0.2516 0.2051 
0.3256 0.2283 0.2156 0.2304 

MOTIF filter6 
letter-probability matrix: alength= 4 w= 19 nsites= 19 
0.3101 0.2132 0.2326 0.2442 
0.2984 0.2364 0.2558 0.2093 
0.2171 0.2984 0.1860 0.2984 
0.2636 0.6008 0.0310 0.1047 
0.2519 0.2016 0.0581 0.4884 
0.2868 0.1473 0.2752 0.2907 
0.6395 0.0426 0.1047 0.2132 
0.1473 0.3023 0.5465 0.0039 
0.0000 0.0000 0.0000 1.0000 
0.0155 0.9845 0.0000 0.0000 
1.0000 0.0000 0.0000 0.0000 
0.0000 0.0000 0.9845 0.0155 
0.0000 1.0000 0.0000 0.0000 
1.0000 0.0000 0.0000 0.0000 
0.4767 0.1899 0.0620 0.2713 
0.3760 0.0388 0.0000 0.5853 
0.3876 0.0504 0.0000 0.5620 
0.3295 0.1008 0.0155 0.5543 
0.3140 0.2364 0.2403 0.2093 

MOTIF filter7 
letter-probability matrix: alength= 4 w= 19 nsites= 19 
0.2320 0.2267 0.1973 0.3440 
0.4213 0.2800 0.0507 0.2480 
0.2773 0.0747 0.2827 0.3653 
0.4453 0.0320 0.0693 0.4533 
0.6853 0.0427 0.0533 0.2187 
0.5147 0.1680 0.0480 0.2693 
0.1973 0.0667 0.1093 0.6267 
0.2747 0.0187 0.0187 0.6880 
0.1467 0.0027 0.7973 0.0533 
0.1893 0.6693 0.0827 0.0587 
0.0000 0.0267 0.0347 0.9387 
0.0027 0.3600 0.6293 0.0080 
0.9813 0.0053 0.0133 0.0000 
0.0907 0.2693 0.5307 0.1093 
0.0667 0.5120 0.1493 0.2720 
0.5973 0.2107 0.0960 0.0960 
0.3360 0.1387 0.1787 0.3467 
0.2480 0.0053 0.5547 0.1920 
0.4747 0.0507 0.1653 0.3093 

MOTIF filter8 
letter-probability matrix: alength= 4 w= 15 nsites= 15 
0.1912 0.3479 0.1315 0.3293 
0.0823 0.3665 0.3891 0.1620 
0.2005 0.1806 0.1023 0.5166 
0.1514 0.1567 0.6680 0.0239 
0.1740 0.5976 0.2138 0.0146 
0.5405 0.0027 0.4157 0.0412 
0.0120 0.9097 0.0159 0.0624 
0.2948 0.0969 0.3453 0.2629 
0.2722 0.0226 0.1846 0.5206 
0.1023 0.0425 0.8260 0.0292 
0.0651 0.0890 0.4993 0.3466 
0.5790 0.0624 0.1315 0.2271 
0.1155 0.3851 0.3718 0.1275 
0.0146 0.0956 0.8539 0.0359 
0.1381 0.4449 0.2085 0.2085 

MOTIF filter9 
letter-probability matrix: alength= 4 w= 16 nsites= 16 
0.2222 0.2604 0.2569 0.2604 
0.2569 0.2465 0.2674 0.2292 
0.2396 0.2674 0.2361 0.2569 
0.5243 0.0069 0.1736 0.2951 
0.6528 0.0000 0.0000 0.3472 
0.4826 0.0000 0.0104 0.5069 
0.3160 0.1215 0.1458 0.4167 
0.0000 0.0000 0.0000 1.0000 
0.0000 0.0000 1.0000 0.0000 
0.0104 0.9896 0.0000 0.0000 
0.0000 0.0000 0.0000 1.0000 
0.0000 0.0000 0.9757 0.0243 
1.0000 0.0000 0.0000 0.0000 
0.0347 0.5660 0.2535 0.1458 
0.2257 0.1250 0.0625 0.5868 
0.1944 0.3924 0.0833 0.3299 

MOTIF filter10 
letter-probability matrix: alength= 4 w= 16 nsites= 16 
0.2775 0.2539 0.2618 0.2068 
0.2618 0.3037 0.2277 0.2068 
0.0838 0.1649 0.5105 0.2408 
0.0000 0.8351 0.0026 0.1623 
0.0000 0.8220 0.0000 0.1780 
0.0000 1.0000 0.0000 0.0000 
0.0000 1.0000 0.0000 0.0000 
0.0995 0.0000 0.6021 0.2984 
0.0000 1.0000 0.0000 0.0000 
0.0000 1.0000 0.0000 0.0000 
0.0000 0.7775 0.0000 0.2225 
0.0628 0.8298 0.0000 0.1073 
0.0366 0.6414 0.0471 0.2749 
0.2644 0.2225 0.2670 0.2461 
0.2775 0.2120 0.2461 0.2644 
0.2330 0.2958 0.2304 0.2408 

MOTIF filter11 
letter-probability matrix: alength= 4 w= 17 nsites= 17 
0.1971 0.5864 0.0365 0.1800 
0.1727 0.2287 0.1655 0.4331 
0.2165 0.2555 0.3382 0.1898 
0.6837 0.0511 0.1119 0.1533 
0.2190 0.0973 0.4501 0.2336 
0.1217 0.0170 0.0049 0.8564 
0.1217 0.7421 0.0024 0.1338 
0.7178 0.0000 0.0000 0.2822 
0.0000 0.0000 0.9659 0.0341 
0.0000 1.0000 0.0000 0.0000 
0.6204 0.0000 0.0000 0.3796 
0.2774 0.0170 0.5572 0.1484 
0.7275 0.0024 0.0195 0.2506 
0.2044 0.1825 0.1217 0.4915 
0.3017 0.0900 0.0292 0.5791 
0.1192 0.3601 0.2141 0.3066 
0.3723 0.2165 0.1484 0.2628 

MOTIF filter12 
letter-probability matrix: alength= 4 w= 14 nsites= 14 
0.2526 0.2810 0.2491 0.2173 
0.2446 0.2765 0.2560 0.2230 
0.1183 0.0569 0.3527 0.4721 
0.0375 0.8510 0.0000 0.1115 
0.0000 0.0000 0.0000 1.0000 
1.0000 0.0000 0.0000 0.0000 
0.2856 0.0000 0.0068 0.7076 
0.4448 0.0011 0.0000 0.5540 
0.5575 0.0000 0.0000 0.4425 
0.6974 0.0000 0.0000 0.3026 
0.0000 0.0000 0.0000 1.0000 
1.0000 0.0000 0.0000 0.0000 
0.1081 0.0000 0.8635 0.0284 
0.4585 0.3720 0.0523 0.1172 

MOTIF filter13 
letter-probability matrix: alength= 4 w= 12 nsites= 12 
0.2751 0.2469 0.1932 0.2848 
0.2702 0.2653 0.2567 0.2078 
0.1455 0.1797 0.1797 0.4951 
0.0000 0.0000 0.0000 1.0000 
0.0000 0.0000 0.0000 1.0000 
0.0318 0.9682 0.0000 0.0000 
0.0000 0.7702 0.0000 0.2298 
0.2372 0.2384 0.2421 0.2824 
0.2262 0.0000 0.7702 0.0037 
0.0000 0.0000 0.9291 0.0709 
1.0000 0.0000 0.0000 0.0000 
1.0000 0.0000 0.0000 0.0000 

MOTIF filter14 
letter-probability matrix: alength= 4 w= 16 nsites= 16 
0.2875 0.1949 0.3642 0.1534 
0.5815 0.0767 0.0799 0.2620 
0.1853 0.3482 0.4153 0.0511 
0.0000 0.0000 0.0000 1.0000 
0.0128 0.9872 0.0000 0.0000 
1.0000 0.0000 0.0000 0.0000 
0.0000 0.0000 0.9904 0.0096 
0.0000 1.0000 0.0000 0.0000 
0.9840 0.0000 0.0000 0.0160 
0.4537 0.1757 0.0927 0.2780 
0.3514 0.1310 0.0160 0.5016 
0.3355 0.0831 0.0096 0.5719 
0.3259 0.0703 0.0447 0.5591 
0.2716 0.2173 0.2236 0.2875 
0.3099 0.2684 0.1853 0.2364 
0.2460 0.2812 0.2716 0.2013 

MOTIF filter15 
letter-probability matrix: alength= 4 w= 20 nsites= 20 
0.2941 0.2346 0.2291 0.2423 
0.1619 0.0760 0.0419 0.7203 
0.0308 0.0936 0.6586 0.2170 
0.4097 0.3910 0.0716 0.1278 
0.0022 0.9934 0.0033 0.0011 
0.0000 0.9879 0.0033 0.0088 
0.8271 0.0022 0.0088 0.1619 
0.0220 0.0000 0.0011 0.9769 
0.9956 0.0022 0.0022 0.0000 
0.0000 0.0022 0.0011 0.9967 
0.9802 0.0022 0.0000 0.0176 
0.1553 0.0066 0.0033 0.8348 
0.0033 0.0099 0.9868 0.0000 
0.0011 0.0033 0.9923 0.0033 
0.1112 0.0716 0.3877 0.4295 
0.2203 0.6465 0.0947 0.0385 
0.7126 0.0319 0.0716 0.1839 
0.2434 0.2742 0.2335 0.2489 
0.2302 0.2599 0.2599 0.2500 
0.2423 0.2368 0.2665 0.2544 

MOTIF filter16 
letter-probability matrix: alength= 4 w= 15 nsites= 15 
0.2767 0.2402 0.2182 0.2649 
0.2716 0.2411 0.2428 0.2445 
0.1570 0.2173 0.1621 0.4635 
0.0008 0.0076 0.0000 0.9915 
0.0000 0.0000 0.0374 0.9626 
0.1214 0.8735 0.0025 0.0025 
0.0297 0.7207 0.0042 0.2453 
0.2564 0.2173 0.2555 0.2708 
0.2377 0.0000 0.7445 0.0178 
0.0017 0.0034 0.8871 0.1078 
0.9754 0.0246 0.0000 0.0000 
0.9966 0.0000 0.0034 0.0000 
0.4796 0.1528 0.2122 0.1553 
0.2377 0.2708 0.2394 0.2521 
0.2572 0.2334 0.2606 0.2487 

MOTIF filter17 
letter-probability matrix: alength= 4 w= 15 nsites= 15 
0.2319 0.2660 0.2277 0.2745 
0.2447 0.2468 0.1915 0.3170 
0.2447 0.1723 0.0787 0.5043 
0.0106 0.0298 0.0617 0.8979 
0.0000 0.0021 0.0000 0.9979 
0.0000 0.5064 0.0021 0.4915 
0.0447 0.9553 0.0000 0.0000 
0.0447 0.4340 0.0000 0.5213 
0.5277 0.0000 0.3979 0.0745 
0.0000 0.0000 0.9872 0.0128 
0.5298 0.0106 0.4596 0.0000 
1.0000 0.0000 0.0000 0.0000 
0.8745 0.0617 0.0511 0.0128 
0.4872 0.0872 0.2128 0.2128 
0.2894 0.2532 0.1851 0.2723 

MOTIF filter18 
letter-probability matrix: alength= 4 w= 15 nsites= 15 
0.2820 0.2557 0.2330 0.2294 
0.2843 0.2521 0.1900 0.2736 
0.1219 0.2413 0.1314 0.5054 
0.0036 0.0191 0.0000 0.9773 
0.0072 0.0000 0.0143 0.9785 
0.1350 0.8578 0.0060 0.0012 
0.0072 0.8268 0.0000 0.1661 
0.2258 0.2473 0.3154 0.2115 
0.1589 0.0000 0.8148 0.0263 
0.0000 0.0012 0.9223 0.0765 
0.9869 0.0048 0.0000 0.0084 
0.9916 0.0012 0.0036 0.0036 
0.5591 0.0812 0.2139 0.1458 
0.1804 0.2903 0.2497 0.2796 
0.2688 0.2103 0.2808 0.2401 

MOTIF filter19 
letter-probability matrix: alength= 4 w= 7 nsites= 7 
0.3171 0.1898 0.3400 0.1531 
0.3179 0.1003 0.2879 0.2939 
0.2368 0.0428 0.5517 0.1686 
0.0022 0.8293 0.1105 0.0580 
0.0838 0.2613 0.3591 0.2959 
0.2076 0.2594 0.0326 0.5003 
0.2511 0.3098 0.2493 0.1897 

MOTIF filter20 
letter-probability matrix: alength= 4 w= 9 nsites= 9 
0.0244 0.3360 0.1165 0.5231 
0.2173 0.2044 0.4730 0.1052 
0.4808 0.0349 0.2562 0.2281 
0.5367 0.0447 0.0408 0.3778 
0.2153 0.2600 0.0951 0.4295 
0.0201 0.4608 0.4683 0.0507 
0.1950 0.2398 0.5094 0.0558 
0.1214 0.3863 0.3481 0.1442 
0.3175 0.2039 0.3274 0.1513 

MOTIF filter21 
letter-probability matrix: alength= 4 w= 17 nsites= 17 
0.2315 0.2778 0.2407 0.2500 
0.2654 0.2130 0.2778 0.2438 
0.2315 0.3179 0.1914 0.2593 
0.5000 0.0309 0.0741 0.3951 
0.6790 0.0154 0.0463 0.2593 
0.4475 0.0000 0.0648 0.4877 
0.2963 0.1667 0.1883 0.3488 
0.0000 0.0000 0.0000 1.0000 
0.0000 0.0000 1.0000 0.0000 
0.0617 0.9383 0.0000 0.0000 
0.0000 0.0000 0.0000 1.0000 
0.0000 0.0000 1.0000 0.0000 
1.0000 0.0000 0.0000 0.0000 
0.0340 0.5062 0.3426 0.1173 
0.1667 0.1204 0.0432 0.6698 
0.1265 0.4198 0.1173 0.3364 
0.5525 0.0216 0.1914 0.2346 

MOTIF filter22 
letter-probability matrix: alength= 4 w= 16 nsites= 16 
0.2974 0.2623 0.2670 0.1733 
0.2600 0.2951 0.2365 0.2084 
0.0539 0.2037 0.4988 0.2436 
0.0000 0.7705 0.0749 0.1546 
0.0234 0.8009 0.0000 0.1756 
0.0000 1.0000 0.0000 0.0000 
0.0000 1.0000 0.0000 0.0000 
0.0960 0.0000 0.6276 0.2763 
0.0000 1.0000 0.0000 0.0000 
0.0000 1.0000 0.0000 0.0000 
0.0000 0.8244 0.0000 0.1756 
0.0609 0.8407 0.0023 0.0960 
0.0492 0.5925 0.0562 0.3021 
0.2482 0.2646 0.2412 0.2459 
0.2646 0.2459 0.2201 0.2693 
0.2248 0.2951 0.2576 0.2225 

MOTIF filter23 
letter-probability matrix: alength= 4 w= 11 nsites= 11 
0.2462 0.2596 0.2414 0.2529 
0.5942 0.1979 0.0059 0.2021 
0.4415 0.1454 0.2403 0.1728 
0.7000 0.1736 0.0798 0.0466 
0.3910 0.0357 0.0801 0.4932 
0.0184 0.3190 0.0374 0.6252 
0.2328 0.0608 0.5867 0.1197 
0.6949 0.0198 0.2584 0.0268 
0.2021 0.4306 0.0634 0.3039 
0.1998 0.5021 0.1912 0.1069 
0.4159 0.1465 0.3966 0.0410 

MOTIF filter24 
letter-probability matrix: alength= 4 w= 13 nsites= 13 
0.2373 0.2535 0.2674 0.2419 
0.5312 0.1169 0.3519 0.0000 
0.0000 0.0000 0.0000 1.0000 
0.0000 0.0000 0.0243 0.9757 
0.2755 0.0000 0.6343 0.0903 
0.0023 0.9086 0.0000 0.0891 
0.0868 0.0000 0.9132 0.0000 
0.0926 0.6516 0.0000 0.2558 
0.9560 0.0440 0.0000 0.0000 
1.0000 0.0000 0.0000 0.0000 
0.0127 0.3368 0.1574 0.4931 
0.2708 0.2361 0.2789 0.2141 
0.2546 0.2072 0.2685 0.2697 

MOTIF filter25 
letter-probability matrix: alength= 4 w= 12 nsites= 12 
0.3392 0.2144 0.2607 0.1858 
0.0060 0.0162 0.0105 0.9673 
0.0203 0.0216 0.1493 0.8088 
0.3341 0.0098 0.5170 0.1391 
0.0746 0.7409 0.0591 0.1254 
0.1572 0.0648 0.7069 0.0711 
0.1515 0.5837 0.0076 0.2572 
0.8218 0.1277 0.0403 0.0102 
0.9371 0.0152 0.0283 0.0194 
0.0527 0.3312 0.1680 0.4481 
0.2391 0.2661 0.2502 0.2445 
0.2293 0.2458 0.2814 0.2436 

MOTIF filter26 
letter-probability matrix: alength= 4 w= 16 nsites= 16 
0.1747 0.3179 0.2800 0.2274 
0.3011 0.2084 0.2526 0.2379 
0.2737 0.2653 0.2147 0.2463 
0.5979 0.0232 0.3789 0.0000 
0.0063 0.0000 0.0000 0.9937 
0.0000 0.0000 0.0189 0.9811 
0.2042 0.0105 0.7537 0.0316 
0.0105 0.9200 0.0000 0.0695 
0.0800 0.0000 0.9179 0.0021 
0.0295 0.6863 0.0000 0.2842 
0.9895 0.0105 0.0000 0.0000 
1.0000 0.0000 0.0000 0.0000 
0.0126 0.4295 0.0842 0.4737 
0.3158 0.2463 0.2905 0.1474 
0.1958 0.2337 0.2126 0.3579 
0.2779 0.1979 0.2484 0.2758 

MOTIF filter27 
letter-probability matrix: alength= 4 w= 16 nsites= 16 
0.2491 0.2530 0.2539 0.2439 
0.2483 0.2718 0.2361 0.2439 
0.1620 0.1102 0.3110 0.4168 
0.1041 0.6847 0.0309 0.1803 
0.0057 0.0553 0.0531 0.8859 
0.9321 0.0327 0.0287 0.0065 
0.3044 0.0183 0.0357 0.6416 
0.4569 0.0144 0.0187 0.5100 
0.4882 0.0083 0.0270 0.4765 
0.6420 0.0148 0.0070 0.3362 
0.0322 0.0296 0.0632 0.8750 
0.8593 0.0305 0.0814 0.0287 
0.1629 0.0353 0.6960 0.1058 
0.3846 0.3393 0.1037 0.1725 
0.2452 0.2587 0.2696 0.2265 
0.2661 0.2522 0.2483 0.2334 

MOTIF filter28 
letter-probability matrix: alength= 4 w= 20 nsites= 20 
0.3793 0.2069 0.1724 0.2414 
0.1034 0.5172 0.0000 0.3793 
0.3103 0.0690 0.2414 0.3793 
0.0000 0.2414 0.6897 0.0690 
0.0345 0.2759 0.6552 0.0345 
0.3103 0.1724 0.3793 0.1379 
0.0000 0.8276 0.1034 0.0690 
0.9310 0.0345 0.0000 0.0345 
0.5517 0.2069 0.2414 0.0000 
0.2759 0.1379 0.2759 0.3103 
0.0345 0.0690 0.2759 0.6207 
0.0000 0.9310 0.0000 0.0690 
0.0000 0.1724 0.3103 0.5172 
0.0000 0.2069 0.7586 0.0345 
0.0000 0.0000 0.7586 0.2414 
0.1034 0.3103 0.0000 0.5862 
0.1724 0.4483 0.3448 0.0345 
0.6897 0.0000 0.3103 0.0000 
0.0690 0.7931 0.0000 0.1379 
0.3448 0.3793 0.2759 0.0000 

MOTIF filter29 
letter-probability matrix: alength= 4 w= 17 nsites= 17 
0.2489 0.2553 0.2424 0.2535 
0.4041 0.3404 0.0486 0.2069 
0.5677 0.0939 0.2889 0.0495 
0.3229 0.0139 0.0745 0.5887 
0.0943 0.2460 0.0868 0.5729 
0.2235 0.3217 0.2456 0.2092 
0.5569 0.1544 0.1934 0.0952 
0.1632 0.3673 0.3223 0.1472 
0.2731 0.1293 0.0663 0.5313 
0.1796 0.2607 0.2318 0.3279 
0.1053 0.0724 0.4905 0.3317 
0.3551 0.1995 0.3423 0.1031 
0.3130 0.0252 0.4616 0.2001 
0.1109 0.1977 0.0605 0.6309 
0.1137 0.4777 0.1388 0.2698 
0.1584 0.1014 0.3195 0.4207 
0.2805 0.0654 0.3358 0.3184 

MOTIF filter30 
letter-probability matrix: alength= 4 w= 14 nsites= 14 
0.2360 0.2212 0.2950 0.2478 
0.2419 0.0678 0.6254 0.0649 
0.1209 0.0000 0.8230 0.0560 
0.1917 0.0000 0.8083 0.0000 
0.0000 0.0000 1.0000 0.0000 
0.0000 0.0000 1.0000 0.0000 
0.2861 0.5782 0.0000 0.1357 
0.0000 0.0000 1.0000 0.0000 
0.0000 0.0000 1.0000 0.0000 
0.1504 0.0000 0.8496 0.0000 
0.1740 0.0206 0.8053 0.0000 
0.1976 0.6077 0.1445 0.0501 
0.2596 0.1976 0.3009 0.2419 
0.2507 0.2714 0.2242 0.2537 

MOTIF filter31 
letter-probability matrix: alength= 4 w= 19 nsites= 19 
0.1779 0.1203 0.0802 0.6216 
0.0584 0.1160 0.6120 0.2136 
0.3949 0.3749 0.0950 0.1351 
0.0113 0.9425 0.0314 0.0148 
0.0113 0.9407 0.0227 0.0253 
0.7690 0.0105 0.0262 0.1944 
0.0427 0.0035 0.0061 0.9477 
0.9721 0.0113 0.0105 0.0061 
0.0052 0.0087 0.0105 0.9756 
0.9538 0.0070 0.0009 0.0384 
0.2040 0.0122 0.0087 0.7751 
0.0192 0.0305 0.9407 0.0096 
0.0209 0.0131 0.9459 0.0201 
0.1369 0.0863 0.3723 0.4045 
0.2337 0.6051 0.1099 0.0514 
0.6609 0.0410 0.0924 0.2058 
0.2371 0.2729 0.2398 0.2502 
0.2345 0.2668 0.2659 0.2328 
0.2537 0.2293 0.2685 0.2485 

