MEME version 4

ALPHABET= ACGT

Background letter frequencies:
A 0.2500 C 0.2500 G 0.2500 T 0.2500 

MOTIF filter0 
letter-probability matrix: alength= 4 w= 19 nsites= 19 
0.3191 0.0638 0.5106 0.1064 
0.1489 0.4468 0.0638 0.3404 
0.0851 0.1915 0.5957 0.1277 
0.0426 0.2979 0.6383 0.0213 
0.4894 0.0851 0.1702 0.2553 
0.0638 0.9149 0.0213 0.0000 
0.3191 0.2766 0.3404 0.0638 
0.2128 0.0851 0.1702 0.5319 
0.2766 0.1915 0.3830 0.1489 
0.0000 0.0000 0.2340 0.7660 
0.0426 0.5532 0.0638 0.3404 
0.7872 0.0000 0.1277 0.0851 
0.1064 0.7660 0.1064 0.0213 
0.2340 0.1277 0.0213 0.6170 
0.3404 0.0000 0.5106 0.1489 
0.0213 0.1915 0.7872 0.0000 
0.9149 0.0426 0.0000 0.0426 
0.1064 0.1489 0.0638 0.6809 
0.0000 0.0851 0.9149 0.0000 

MOTIF filter1 
letter-probability matrix: alength= 4 w= 13 nsites= 13 
0.2521 0.2572 0.2434 0.2473 
0.3865 0.2747 0.1583 0.1804 
0.2217 0.1221 0.6407 0.0156 
0.2238 0.1306 0.2105 0.4352 
0.1270 0.1495 0.0750 0.6485 
0.1681 0.3706 0.1744 0.2869 
0.0248 0.0959 0.5588 0.3205 
0.4323 0.1592 0.0978 0.3106 
0.2257 0.0685 0.3347 0.3711 
0.5410 0.0419 0.0214 0.3957 
0.2319 0.1758 0.2676 0.3246 
0.2293 0.5719 0.1362 0.0626 
0.5153 0.1116 0.1941 0.1790 

MOTIF filter2 
letter-probability matrix: alength= 4 w= 14 nsites= 14 
0.2021 0.2872 0.2766 0.2340 
0.2128 0.2500 0.3670 0.1702 
0.2128 0.3245 0.2553 0.2074 
0.0638 0.1117 0.8191 0.0053 
0.2553 0.0160 0.6064 0.1223 
0.1489 0.0106 0.8404 0.0000 
0.0000 0.0053 0.9947 0.0000 
0.0053 0.0053 0.9894 0.0000 
0.5053 0.4202 0.0000 0.0745 
0.0000 0.0000 0.9840 0.0160 
0.0160 0.0000 0.9787 0.0053 
0.2660 0.0000 0.7021 0.0319 
0.2074 0.0053 0.7872 0.0000 
0.0904 0.4468 0.2181 0.2447 

MOTIF filter3 
letter-probability matrix: alength= 4 w= 15 nsites= 15 
0.2678 0.2494 0.2150 0.2678 
0.2703 0.2555 0.2334 0.2408 
0.1425 0.2027 0.1511 0.5037 
0.0000 0.0000 0.0000 1.0000 
0.0000 0.0000 0.0000 1.0000 
0.0430 0.9570 0.0000 0.0000 
0.0000 0.7924 0.0000 0.2076 
0.2518 0.2273 0.2396 0.2813 
0.2138 0.0000 0.7862 0.0000 
0.0000 0.0000 0.9582 0.0418 
1.0000 0.0000 0.0000 0.0000 
1.0000 0.0000 0.0000 0.0000 
0.5098 0.1327 0.2101 0.1474 
0.2359 0.2850 0.2432 0.2359 
0.2580 0.2408 0.2592 0.2420 

MOTIF filter4 
letter-probability matrix: alength= 4 w= 17 nsites= 17 
0.2993 0.2143 0.2177 0.2687 
0.3061 0.2381 0.3027 0.1531 
0.2245 0.3367 0.1871 0.2517 
0.2823 0.5748 0.0272 0.1156 
0.2245 0.2143 0.0680 0.4932 
0.2857 0.1531 0.3299 0.2313 
0.6599 0.0544 0.0986 0.1871 
0.1701 0.2789 0.5306 0.0204 
0.0000 0.0000 0.0000 1.0000 
0.0034 0.9966 0.0000 0.0000 
1.0000 0.0000 0.0000 0.0000 
0.0000 0.0000 0.9422 0.0578 
0.0000 1.0000 0.0000 0.0000 
1.0000 0.0000 0.0000 0.0000 
0.4422 0.1156 0.1565 0.2857 
0.4150 0.0204 0.0000 0.5646 
0.3946 0.0306 0.0068 0.5680 

MOTIF filter5 
letter-probability matrix: alength= 4 w= 16 nsites= 16 
0.2469 0.2733 0.2360 0.2438 
0.2640 0.2873 0.2888 0.1599 
0.0854 0.0171 0.2671 0.6304 
0.0481 0.8913 0.0000 0.0606 
0.0093 0.0047 0.0078 0.9783 
0.9969 0.0000 0.0000 0.0031 
0.2748 0.0000 0.0109 0.7143 
0.5031 0.0047 0.0016 0.4907 
0.6863 0.0000 0.0016 0.3121 
0.7764 0.0000 0.0000 0.2236 
0.0031 0.0000 0.0000 0.9969 
0.9829 0.0000 0.0124 0.0047 
0.1304 0.0016 0.8602 0.0078 
0.4472 0.3898 0.0326 0.1304 
0.2407 0.2298 0.2531 0.2764 
0.2624 0.2919 0.2174 0.2283 

MOTIF filter6 
letter-probability matrix: alength= 4 w= 11 nsites= 11 
0.2419 0.2439 0.2785 0.2358 
0.8374 0.1016 0.0508 0.0102 
0.0000 0.0000 0.0000 1.0000 
0.0000 0.1545 0.0000 0.8455 
0.4309 0.0000 0.0000 0.5691 
0.8049 0.0000 0.1951 0.0000 
1.0000 0.0000 0.0000 0.0000 
0.0000 0.0041 0.0102 0.9858 
0.2053 0.2500 0.2012 0.3435 
0.3232 0.1992 0.2297 0.2480 
0.2053 0.2317 0.3130 0.2500 

MOTIF filter7 
letter-probability matrix: alength= 4 w= 20 nsites= 20 
0.2351 0.2640 0.2736 0.2274 
0.0925 0.6879 0.1387 0.0809 
0.0347 0.1484 0.4066 0.4104 
0.4123 0.2909 0.2524 0.0443 
0.3237 0.4316 0.0308 0.2139 
0.8805 0.1098 0.0096 0.0000 
0.6667 0.2254 0.0732 0.0347 
0.0000 0.0886 0.1426 0.7688 
0.0347 0.1329 0.1696 0.6628 
0.3680 0.3892 0.1329 0.1098 
0.0000 0.5800 0.3410 0.0790 
0.2428 0.0694 0.5530 0.1349 
0.0308 0.3237 0.5877 0.0578 
0.1985 0.6301 0.1522 0.0193 
0.2775 0.4644 0.2235 0.0347 
0.5934 0.0443 0.2543 0.1079 
0.1618 0.1850 0.2601 0.3931 
0.1638 0.1985 0.4277 0.2100 
0.1445 0.5376 0.0000 0.3179 
0.0886 0.0925 0.5010 0.3179 

MOTIF filter8 
letter-probability matrix: alength= 4 w= 16 nsites= 16 
0.2360 0.2846 0.2360 0.2434 
0.6217 0.0000 0.0562 0.3221 
0.6255 0.0150 0.0487 0.3109 
0.4607 0.0000 0.0225 0.5169 
0.2884 0.1873 0.1311 0.3933 
0.0075 0.0000 0.0000 0.9925 
0.0000 0.0000 1.0000 0.0000 
0.0300 0.9700 0.0000 0.0000 
0.0000 0.0000 0.0000 1.0000 
0.0000 0.0000 0.9888 0.0112 
0.9963 0.0000 0.0037 0.0000 
0.0187 0.5206 0.3408 0.1199 
0.1985 0.0787 0.0524 0.6704 
0.1910 0.3933 0.0787 0.3371 
0.5056 0.0375 0.1948 0.2622 
0.1273 0.0562 0.5655 0.2509 

MOTIF filter9 
letter-probability matrix: alength= 4 w= 14 nsites= 14 
0.1534 0.1090 0.3156 0.4220 
0.0506 0.8230 0.0122 0.1142 
0.0000 0.0218 0.0044 0.9738 
0.9869 0.0061 0.0017 0.0052 
0.3226 0.0017 0.0096 0.6661 
0.4568 0.0044 0.0026 0.5362 
0.5684 0.0009 0.0044 0.4263 
0.6800 0.0113 0.0044 0.3043 
0.0000 0.0139 0.0035 0.9826 
0.9704 0.0113 0.0113 0.0070 
0.1386 0.0078 0.8143 0.0392 
0.4481 0.3514 0.0602 0.1404 
0.2877 0.2214 0.2589 0.2319 
0.2528 0.2772 0.2319 0.2380 

MOTIF filter10 
letter-probability matrix: alength= 4 w= 15 nsites= 15 
0.4029 0.0623 0.1758 0.3590 
0.6960 0.0037 0.0256 0.2747 
0.4286 0.0000 0.0147 0.5568 
0.2747 0.1355 0.1465 0.4432 
0.0037 0.0000 0.0000 0.9963 
0.0000 0.0000 1.0000 0.0000 
0.0037 0.9963 0.0000 0.0000 
0.0000 0.0000 0.0000 1.0000 
0.0000 0.0000 1.0000 0.0000 
1.0000 0.0000 0.0000 0.0000 
0.0403 0.4945 0.2857 0.1795 
0.1868 0.1319 0.0403 0.6410 
0.1502 0.4066 0.1355 0.3077 
0.5421 0.0659 0.1502 0.2418 
0.1612 0.0256 0.5824 0.2308 

MOTIF filter11 
letter-probability matrix: alength= 4 w= 16 nsites= 16 
0.2436 0.2367 0.2401 0.2796 
0.2453 0.2470 0.2676 0.2401 
0.2316 0.2521 0.2521 0.2642 
0.5403 0.1029 0.3551 0.0017 
0.0000 0.0000 0.0000 1.0000 
0.0000 0.0000 0.0223 0.9777 
0.2967 0.0000 0.6569 0.0463 
0.0000 0.9880 0.0000 0.0120 
0.0549 0.0000 0.9451 0.0000 
0.0429 0.7547 0.0000 0.2024 
0.9966 0.0034 0.0000 0.0000 
1.0000 0.0000 0.0000 0.0000 
0.0034 0.3345 0.1081 0.5540 
0.2762 0.2744 0.2607 0.1887 
0.2230 0.2110 0.2624 0.3036 
0.2384 0.2487 0.2779 0.2350 

MOTIF filter12 
letter-probability matrix: alength= 4 w= 18 nsites= 18 
0.0417 0.1004 0.6400 0.2179 
0.4071 0.3857 0.0801 0.1271 
0.0021 0.9861 0.0107 0.0011 
0.0000 0.9861 0.0064 0.0075 
0.8216 0.0021 0.0096 0.1667 
0.0256 0.0000 0.0021 0.9722 
0.9925 0.0043 0.0032 0.0000 
0.0000 0.0043 0.0011 0.9947 
0.9840 0.0032 0.0000 0.0128 
0.1677 0.0064 0.0011 0.8248 
0.0053 0.0139 0.9797 0.0011 
0.0032 0.0064 0.9882 0.0021 
0.1100 0.0705 0.3868 0.4327 
0.2297 0.6314 0.0972 0.0417 
0.6955 0.0395 0.0780 0.1870 
0.2447 0.2724 0.2361 0.2468 
0.2308 0.2607 0.2596 0.2489 
0.2404 0.2318 0.2735 0.2543 

MOTIF filter13 
letter-probability matrix: alength= 4 w= 20 nsites= 20 
0.2625 0.2484 0.2656 0.2234 
0.1141 0.7781 0.0703 0.0375 
0.2453 0.0641 0.5297 0.1609 
0.3953 0.0469 0.3625 0.1953 
0.7297 0.1406 0.1234 0.0063 
0.1063 0.0297 0.1172 0.7469 
0.0125 0.5000 0.2609 0.2266 
0.1000 0.5500 0.0781 0.2719 
0.0250 0.3891 0.2391 0.3469 
0.5891 0.1688 0.2375 0.0047 
0.2250 0.0875 0.2359 0.4516 
0.0266 0.3328 0.1844 0.4563 
0.5984 0.2844 0.0156 0.1016 
0.4859 0.2672 0.2375 0.0094 
0.0203 0.1578 0.3812 0.4406 
0.2844 0.5063 0.1469 0.0625 
0.4453 0.0719 0.2016 0.2812 
0.2219 0.6797 0.0625 0.0359 
0.1250 0.0734 0.5656 0.2359 
0.1703 0.0406 0.1484 0.6406 

MOTIF filter14 
letter-probability matrix: alength= 4 w= 13 nsites= 13 
0.2459 0.2459 0.2533 0.2548 
0.2194 0.1832 0.3818 0.2157 
0.3840 0.2371 0.3442 0.0347 
0.0007 0.0000 0.0007 0.9985 
0.0000 0.0022 0.9276 0.0702 
0.9970 0.0007 0.0022 0.0000 
0.0355 0.4586 0.4660 0.0399 
0.0007 0.0000 0.0030 0.9963 
0.0620 0.9357 0.0015 0.0007 
0.9978 0.0007 0.0007 0.0007 
0.0295 0.3154 0.2703 0.3848 
0.2024 0.3730 0.2016 0.2230 
0.2629 0.2186 0.2696 0.2489 

MOTIF filter15 
letter-probability matrix: alength= 4 w= 16 nsites= 16 
0.2600 0.2231 0.2456 0.2713 
0.2600 0.2327 0.2183 0.2889 
0.1846 0.2135 0.1380 0.4639 
0.0193 0.0770 0.0979 0.8058 
0.0000 0.0000 0.0000 1.0000 
0.0000 0.4350 0.0064 0.5586 
0.0305 0.9695 0.0000 0.0000 
0.0578 0.5377 0.0000 0.4045 
0.4510 0.0000 0.4703 0.0787 
0.0000 0.0000 0.9968 0.0032 
0.4398 0.0064 0.5490 0.0048 
1.0000 0.0000 0.0000 0.0000 
0.8989 0.0449 0.0482 0.0080 
0.4896 0.1075 0.1974 0.2055 
0.2456 0.2552 0.2327 0.2665 
0.2199 0.2376 0.3162 0.2263 

MOTIF filter16 
letter-probability matrix: alength= 4 w= 19 nsites= 19 
0.1925 0.3262 0.0008 0.4805 
0.2330 0.3606 0.0061 0.4003 
0.1719 0.5821 0.1711 0.0749 
0.0443 0.6455 0.1551 0.1551 
0.2490 0.2185 0.4156 0.1169 
0.0909 0.8869 0.0031 0.0191 
0.2330 0.2788 0.4813 0.0069 
0.0000 0.7426 0.0940 0.1635 
0.1986 0.2353 0.1291 0.4370 
0.0390 0.3384 0.1444 0.4782 
0.2987 0.2223 0.2383 0.2406 
0.1268 0.1704 0.1642 0.5386 
0.1940 0.3896 0.3736 0.0428 
0.2804 0.1123 0.5768 0.0306 
0.0321 0.1291 0.6791 0.1597 
0.4851 0.2681 0.1574 0.0894 
0.0115 0.4217 0.4927 0.0741 
0.1154 0.1199 0.3231 0.4416 
0.0749 0.2047 0.4072 0.3132 

MOTIF filter17 
letter-probability matrix: alength= 4 w= 16 nsites= 16 
0.2701 0.2605 0.1994 0.2701 
0.1897 0.2154 0.2926 0.3023 
0.2379 0.2444 0.2926 0.2251 
0.2540 0.0547 0.6270 0.0643 
0.1061 0.0000 0.8650 0.0289 
0.1961 0.0000 0.8039 0.0000 
0.0000 0.0000 1.0000 0.0000 
0.0000 0.0000 1.0000 0.0000 
0.2508 0.6334 0.0000 0.1158 
0.0000 0.0000 1.0000 0.0000 
0.0000 0.0000 1.0000 0.0000 
0.1350 0.0000 0.8650 0.0000 
0.2251 0.0193 0.7556 0.0000 
0.1865 0.5949 0.1543 0.0643 
0.2701 0.1897 0.2958 0.2444 
0.2412 0.3087 0.2347 0.2154 

MOTIF filter18 
letter-probability matrix: alength= 4 w= 20 nsites= 20 
0.2083 0.2876 0.2702 0.2339 
0.2863 0.2527 0.2258 0.2352 
0.1465 0.0551 0.0228 0.7755 
0.0188 0.0430 0.7285 0.2097 
0.4032 0.4005 0.0726 0.1237 
0.0000 1.0000 0.0000 0.0000 
0.0000 0.9946 0.0013 0.0040 
0.8387 0.0000 0.0054 0.1559 
0.0134 0.0000 0.0000 0.9866 
1.0000 0.0000 0.0000 0.0000 
0.0000 0.0013 0.0013 0.9973 
0.9892 0.0000 0.0000 0.0108 
0.1358 0.0027 0.0000 0.8616 
0.0027 0.0054 0.9919 0.0000 
0.0000 0.0013 0.9973 0.0013 
0.1035 0.0726 0.3817 0.4422 
0.2151 0.6667 0.0874 0.0309 
0.7567 0.0228 0.0605 0.1599 
0.2285 0.2836 0.2406 0.2473 
0.2191 0.2594 0.2608 0.2608 

MOTIF filter19 
letter-probability matrix: alength= 4 w= 15 nsites= 15 
0.1150 0.0660 0.3528 0.4663 
0.0031 0.9663 0.0000 0.0307 
0.0000 0.0000 0.0000 1.0000 
1.0000 0.0000 0.0000 0.0000 
0.2607 0.0000 0.0000 0.7393 
0.4617 0.0000 0.0000 0.5383 
0.5567 0.0000 0.0000 0.4433 
0.7224 0.0000 0.0000 0.2776 
0.0000 0.0000 0.0000 1.0000 
1.0000 0.0000 0.0000 0.0000 
0.0644 0.0000 0.9248 0.0107 
0.5307 0.3681 0.0322 0.0690 
0.3083 0.2025 0.2469 0.2423 
0.2807 0.2362 0.2454 0.2377 
0.2393 0.2362 0.3113 0.2132 

MOTIF filter20 
letter-probability matrix: alength= 4 w= 14 nsites= 14 
0.2494 0.2544 0.2368 0.2594 
0.2141 0.2544 0.2846 0.2469 
0.3073 0.0529 0.5491 0.0907 
0.1537 0.0000 0.7481 0.0982 
0.1537 0.0000 0.8463 0.0000 
0.0000 0.0000 1.0000 0.0000 
0.0000 0.0000 1.0000 0.0000 
0.3048 0.5441 0.0000 0.1511 
0.0000 0.0000 1.0000 0.0000 
0.0000 0.0000 1.0000 0.0000 
0.1940 0.0000 0.8010 0.0050 
0.2040 0.0076 0.7884 0.0000 
0.2166 0.5416 0.1864 0.0554 
0.2569 0.2091 0.2922 0.2418 

MOTIF filter21 
letter-probability matrix: alength= 4 w= 20 nsites= 20 
0.2463 0.2141 0.2591 0.2805 
0.0707 0.3383 0.3683 0.2227 
0.2398 0.2869 0.4111 0.0621 
0.3597 0.0000 0.0728 0.5675 
0.3726 0.1178 0.4133 0.0964 
0.8137 0.0171 0.1028 0.0664 
0.4647 0.1627 0.1734 0.1991 
0.1049 0.6017 0.0278 0.2655 
0.0300 0.8501 0.1199 0.0000 
0.4304 0.5225 0.0236 0.0236 
0.0300 0.1285 0.3619 0.4797 
0.0000 0.0321 0.6039 0.3640 
0.0600 0.1863 0.3919 0.3619 
0.3876 0.0493 0.1199 0.4433 
0.1949 0.1713 0.2505 0.3833 
0.3533 0.1306 0.0471 0.4690 
0.0236 0.1263 0.7302 0.1199 
0.0964 0.1092 0.0921 0.7024 
0.1927 0.3383 0.4261 0.0428 
0.2891 0.0343 0.5375 0.1392 

MOTIF filter22 
letter-probability matrix: alength= 4 w= 15 nsites= 15 
0.2955 0.1558 0.2825 0.2662 
0.5974 0.0519 0.1234 0.2273 
0.1656 0.3377 0.4708 0.0260 
0.0000 0.0000 0.0000 1.0000 
0.0227 0.9773 0.0000 0.0000 
1.0000 0.0000 0.0000 0.0000 
0.0000 0.0000 0.9935 0.0065 
0.0000 1.0000 0.0000 0.0000 
0.9935 0.0000 0.0000 0.0065 
0.4481 0.1883 0.0974 0.2662 
0.4188 0.0487 0.0097 0.5227 
0.3799 0.0844 0.0000 0.5357 
0.3247 0.0649 0.0000 0.6104 
0.2792 0.2240 0.2435 0.2532 
0.2857 0.2727 0.2143 0.2273 

MOTIF filter23 
letter-probability matrix: alength= 4 w= 18 nsites= 18 
0.0541 0.1082 0.6192 0.2184 
0.3918 0.3878 0.0862 0.1343 
0.0060 0.9830 0.0070 0.0040 
0.0000 0.9790 0.0030 0.0180 
0.8066 0.0050 0.0180 0.1703 
0.0391 0.0000 0.0020 0.9589 
0.9850 0.0070 0.0050 0.0030 
0.0010 0.0030 0.0030 0.9930 
0.9629 0.0050 0.0000 0.0321 
0.1593 0.0080 0.0110 0.8216 
0.0090 0.0220 0.9689 0.0000 
0.0060 0.0130 0.9729 0.0080 
0.1222 0.0842 0.3808 0.4128 
0.2325 0.6182 0.1042 0.0451 
0.6974 0.0381 0.0741 0.1904 
0.2495 0.2695 0.2385 0.2425 
0.2295 0.2625 0.2535 0.2545 
0.2485 0.2405 0.2565 0.2545 

MOTIF filter24 
letter-probability matrix: alength= 4 w= 12 nsites= 12 
0.2532 0.2672 0.2230 0.2565 
0.2485 0.2766 0.2304 0.2445 
0.2304 0.2284 0.2565 0.2847 
0.7475 0.0000 0.0000 0.2525 
0.0000 0.0000 0.0000 1.0000 
0.0000 0.1058 0.0000 0.8942 
0.9317 0.0000 0.0683 0.0000 
1.0000 0.0000 0.0000 0.0000 
0.2867 0.0000 0.0000 0.7133 
0.2867 0.2451 0.2773 0.1909 
0.2284 0.2425 0.2746 0.2545 
0.2539 0.2532 0.2311 0.2619 

MOTIF filter25 
letter-probability matrix: alength= 4 w= 17 nsites= 17 
0.2372 0.2500 0.2692 0.2436 
0.2628 0.2564 0.2788 0.2019 
0.2340 0.2660 0.2564 0.2436 
0.0417 0.0064 0.4038 0.5481 
0.0000 0.8910 0.0032 0.1058 
0.0000 0.0000 0.0000 1.0000 
1.0000 0.0000 0.0000 0.0000 
0.0096 0.0000 0.0064 0.9840 
0.0128 0.0000 0.0000 0.9872 
0.0481 0.0000 0.0000 0.9519 
0.3365 0.0032 0.0000 0.6603 
0.0064 0.0000 0.0000 0.9936 
0.9840 0.0000 0.0160 0.0000 
0.0128 0.0000 0.9263 0.0609 
0.4167 0.4071 0.0417 0.1346 
0.2821 0.2468 0.3173 0.1538 
0.2788 0.2756 0.1891 0.2564 

MOTIF filter26 
letter-probability matrix: alength= 4 w= 13 nsites= 13 
0.1505 0.2191 0.3911 0.2392 
0.0000 0.6344 0.1237 0.2419 
0.0228 0.7056 0.0000 0.2715 
0.0013 0.9973 0.0013 0.0000 
0.0000 1.0000 0.0000 0.0000 
0.1492 0.0013 0.5269 0.3226 
0.0000 1.0000 0.0000 0.0000 
0.0027 0.9973 0.0000 0.0000 
0.0000 0.7231 0.0000 0.2769 
0.1425 0.6707 0.0000 0.1868 
0.0968 0.5013 0.1075 0.2944 
0.2218 0.2728 0.2675 0.2379 
0.2540 0.2540 0.2366 0.2554 

MOTIF filter27 
letter-probability matrix: alength= 4 w= 13 nsites= 13 
0.2395 0.2384 0.2402 0.2819 
0.2413 0.2014 0.3356 0.2217 
0.3637 0.2861 0.3028 0.0473 
0.0306 0.0302 0.0335 0.9057 
0.0228 0.0224 0.8552 0.0996 
0.9199 0.0249 0.0253 0.0299 
0.0562 0.4498 0.4587 0.0352 
0.0228 0.0249 0.0203 0.9320 
0.0918 0.8694 0.0238 0.0149 
0.9164 0.0260 0.0299 0.0278 
0.0395 0.3199 0.2932 0.3473 
0.2068 0.3310 0.2214 0.2409 
0.2772 0.2335 0.2438 0.2456 

MOTIF filter28 
letter-probability matrix: alength= 4 w= 16 nsites= 16 
0.2826 0.2319 0.2802 0.2053 
0.2705 0.2947 0.2319 0.2029 
0.0507 0.1739 0.5290 0.2464 
0.0000 0.7729 0.0411 0.1860 
0.0000 0.8647 0.0000 0.1353 
0.0000 1.0000 0.0000 0.0000 
0.0000 1.0000 0.0000 0.0000 
0.0990 0.0000 0.6184 0.2826 
0.0000 1.0000 0.0000 0.0000 
0.0000 1.0000 0.0000 0.0000 
0.0000 0.7947 0.0000 0.2053 
0.0821 0.7899 0.0000 0.1280 
0.0362 0.6135 0.0870 0.2633 
0.2778 0.2343 0.2367 0.2512 
0.2923 0.2246 0.2343 0.2488 
0.2464 0.2802 0.2367 0.2367 

MOTIF filter29 
letter-probability matrix: alength= 4 w= 15 nsites= 15 
0.2451 0.2758 0.2312 0.2479 
0.0279 0.0139 0.4791 0.4791 
0.0195 0.9554 0.0000 0.0251 
0.0000 0.0279 0.0000 0.9721 
1.0000 0.0000 0.0000 0.0000 
0.3705 0.0306 0.0056 0.5933 
0.7577 0.0000 0.0000 0.2423 
0.8942 0.0084 0.0000 0.0975 
0.8886 0.0028 0.0000 0.1086 
0.0000 0.0000 0.0000 1.0000 
0.9554 0.0000 0.0000 0.0446 
0.1253 0.0000 0.8691 0.0056 
0.3900 0.3760 0.0808 0.1532 
0.1532 0.2340 0.3538 0.2591 
0.2368 0.2368 0.2201 0.3064 

MOTIF filter30 
letter-probability matrix: alength= 4 w= 17 nsites= 17 
0.2381 0.1472 0.3030 0.3117 
0.2251 0.2857 0.2251 0.2641 
0.2468 0.2121 0.2727 0.2684 
0.2987 0.0563 0.5758 0.0693 
0.0909 0.0000 0.8485 0.0606 
0.1126 0.0000 0.8874 0.0000 
0.0000 0.0000 1.0000 0.0000 
0.0000 0.0000 1.0000 0.0000 
0.2771 0.6190 0.0000 0.1039 
0.0000 0.0000 1.0000 0.0000 
0.0000 0.0000 1.0000 0.0000 
0.0866 0.0000 0.9134 0.0000 
0.1126 0.0693 0.8182 0.0000 
0.1558 0.6883 0.1082 0.0476 
0.2944 0.2468 0.2987 0.1602 
0.2078 0.3074 0.2165 0.2684 
0.2338 0.1861 0.2987 0.2814 

MOTIF filter31 
letter-probability matrix: alength= 4 w= 14 nsites= 14 
0.2292 0.2524 0.2647 0.2538 
0.5266 0.1050 0.3629 0.0055 
0.0000 0.0000 0.0000 1.0000 
0.0000 0.0000 0.0136 0.9864 
0.2715 0.0000 0.6644 0.0641 
0.0000 0.9400 0.0000 0.0600 
0.0587 0.0014 0.9372 0.0027 
0.0696 0.6780 0.0000 0.2524 
0.9754 0.0246 0.0000 0.0000 
1.0000 0.0000 0.0000 0.0000 
0.0123 0.3411 0.1296 0.5171 
0.2769 0.2415 0.2715 0.2101 
0.2265 0.2156 0.2838 0.2742 
0.2510 0.2265 0.2674 0.2551 

