MEME version 4

ALPHABET= ACGT

Background letter frequencies:
A 0.2500 C 0.2500 G 0.2500 T 0.2500 

MOTIF filter0 
letter-probability matrix: alength= 4 w= 20 nsites= 20 
0.2870 0.2364 0.2301 0.2465 
0.1517 0.0784 0.0379 0.7320 
0.0228 0.0796 0.6814 0.2162 
0.4185 0.3982 0.0695 0.1138 
0.0000 1.0000 0.0000 0.0000 
0.0000 0.9937 0.0000 0.0063 
0.8382 0.0000 0.0025 0.1593 
0.0177 0.0000 0.0000 0.9823 
1.0000 0.0000 0.0000 0.0000 
0.0000 0.0000 0.0000 1.0000 
0.9924 0.0000 0.0000 0.0076 
0.1479 0.0025 0.0000 0.8496 
0.0025 0.0025 0.9949 0.0000 
0.0000 0.0000 1.0000 0.0000 
0.1037 0.0569 0.3944 0.4450 
0.2099 0.6726 0.0898 0.0278 
0.7535 0.0240 0.0619 0.1606 
0.2326 0.2870 0.2364 0.2440 
0.2137 0.2592 0.2743 0.2528 
0.2427 0.2389 0.2743 0.2440 

MOTIF filter1 
letter-probability matrix: alength= 4 w= 13 nsites= 13 
0.3000 0.2469 0.2594 0.1937 
0.2688 0.2094 0.2438 0.2781 
0.2313 0.2281 0.2094 0.3313 
0.1844 0.1594 0.0219 0.6344 
0.0000 0.0000 0.0000 1.0000 
0.0000 0.0000 0.0000 1.0000 
0.0000 1.0000 0.0000 0.0000 
0.0000 1.0000 0.0000 0.0000 
0.0344 0.4313 0.0000 0.5344 
0.4094 0.0000 0.5750 0.0156 
0.0000 0.0000 0.9125 0.0875 
0.9812 0.0188 0.0000 0.0000 
1.0000 0.0000 0.0000 0.0000 

MOTIF filter2 
letter-probability matrix: alength= 4 w= 20 nsites= 20 
0.2457 0.2618 0.2508 0.2417 
0.3981 0.4442 0.1074 0.0503 
0.0150 0.4885 0.3913 0.1052 
0.2338 0.2115 0.1445 0.4102 
0.3234 0.1001 0.1719 0.4046 
0.2265 0.2610 0.3899 0.1227 
0.0684 0.5881 0.2118 0.1318 
0.2870 0.2234 0.4049 0.0848 
0.1518 0.3056 0.1852 0.3574 
0.3475 0.2256 0.0732 0.3537 
0.4286 0.1091 0.4385 0.0237 
0.0506 0.4198 0.2228 0.3068 
0.3265 0.0062 0.6593 0.0079 
0.0529 0.2378 0.0871 0.6223 
0.4439 0.2807 0.0000 0.2754 
0.0404 0.4312 0.3116 0.2169 
0.0065 0.6616 0.0616 0.2703 
0.0715 0.3254 0.3506 0.2525 
0.3220 0.3005 0.1518 0.2256 
0.0599 0.2960 0.6265 0.0175 

MOTIF filter3 
letter-probability matrix: alength= 4 w= 16 nsites= 16 
0.2128 0.2376 0.2589 0.2908 
0.2092 0.2447 0.2660 0.2801 
0.1950 0.2624 0.2872 0.2553 
0.2340 0.0390 0.6773 0.0496 
0.1241 0.0000 0.7979 0.0780 
0.1206 0.0000 0.8794 0.0000 
0.0000 0.0000 1.0000 0.0000 
0.0000 0.0000 1.0000 0.0000 
0.3050 0.5851 0.0000 0.1099 
0.0000 0.0000 1.0000 0.0000 
0.0000 0.0000 1.0000 0.0000 
0.1028 0.0000 0.8936 0.0035 
0.1560 0.0106 0.8333 0.0000 
0.1702 0.5957 0.1809 0.0532 
0.3121 0.1879 0.2872 0.2128 
0.2411 0.2872 0.2376 0.2340 

MOTIF filter4 
letter-probability matrix: alength= 4 w= 18 nsites= 18 
0.3114 0.5329 0.0277 0.1280 
0.2076 0.2007 0.0692 0.5225 
0.2837 0.1488 0.3322 0.2353 
0.6574 0.0346 0.1246 0.1834 
0.1419 0.3045 0.5156 0.0381 
0.0000 0.0000 0.0000 1.0000 
0.0104 0.9896 0.0000 0.0000 
1.0000 0.0000 0.0000 0.0000 
0.0000 0.0000 0.9481 0.0519 
0.0000 1.0000 0.0000 0.0000 
0.9965 0.0000 0.0000 0.0035 
0.4360 0.1661 0.1453 0.2526 
0.4464 0.0519 0.0069 0.4948 
0.3702 0.0208 0.0000 0.6090 
0.3114 0.0865 0.0000 0.6021 
0.2699 0.2318 0.2630 0.2353 
0.2630 0.2803 0.2249 0.2318 
0.2180 0.2837 0.2768 0.2215 

MOTIF filter5 
letter-probability matrix: alength= 4 w= 13 nsites= 13 
0.2707 0.2538 0.2180 0.2575 
0.2538 0.2387 0.2180 0.2895 
0.1090 0.1466 0.1485 0.5959 
0.0000 0.0000 0.0000 1.0000 
0.0000 0.0000 0.0019 0.9981 
0.0150 0.9850 0.0000 0.0000 
0.0075 0.7594 0.0000 0.2331 
0.2970 0.1823 0.2538 0.2669 
0.1109 0.0000 0.8891 0.0000 
0.0000 0.0000 0.9831 0.0169 
1.0000 0.0000 0.0000 0.0000 
1.0000 0.0000 0.0000 0.0000 
0.6541 0.0602 0.1748 0.1109 

MOTIF filter6 
letter-probability matrix: alength= 4 w= 17 nsites= 17 
0.2282 0.2845 0.2761 0.2113 
0.2648 0.2592 0.2056 0.2704 
0.1606 0.6592 0.1183 0.0620 
1.0000 0.0000 0.0000 0.0000 
0.9859 0.0000 0.0141 0.0000 
0.4310 0.0761 0.4761 0.0169 
1.0000 0.0000 0.0000 0.0000 
0.0000 0.0000 0.0000 1.0000 
0.0000 0.0000 1.0000 0.0000 
0.0000 0.0000 1.0000 0.0000 
0.0507 0.8704 0.0000 0.0789 
0.1183 0.2085 0.4085 0.2648 
0.0845 0.0761 0.7690 0.0704 
0.1465 0.7493 0.0225 0.0817 
0.2563 0.2423 0.2085 0.2930 
0.2423 0.2338 0.2958 0.2282 
0.2563 0.2310 0.2817 0.2310 

MOTIF filter7 
letter-probability matrix: alength= 4 w= 14 nsites= 14 
0.1117 0.4406 0.2507 0.1970 
0.1354 0.3386 0.2243 0.3017 
0.2814 0.1029 0.3791 0.2366 
0.0000 0.6851 0.1882 0.1266 
0.5629 0.0273 0.1179 0.2920 
0.6966 0.0449 0.0466 0.2120 
0.5259 0.0211 0.1821 0.2709 
0.9217 0.0475 0.0308 0.0000 
0.0035 0.1293 0.3685 0.4987 
0.1706 0.1249 0.7036 0.0009 
0.0317 0.0088 0.8909 0.0686 
0.2339 0.5866 0.1434 0.0361 
0.0642 0.3826 0.3298 0.2234 
0.1161 0.2788 0.5699 0.0352 

MOTIF filter8 
letter-probability matrix: alength= 4 w= 13 nsites= 13 
0.3025 0.5287 0.0414 0.1274 
0.2803 0.1624 0.0573 0.5000 
0.2898 0.1656 0.2994 0.2452 
0.6401 0.0510 0.0987 0.2102 
0.1529 0.3025 0.5350 0.0096 
0.0000 0.0000 0.0000 1.0000 
0.0096 0.9904 0.0000 0.0000 
1.0000 0.0000 0.0000 0.0000 
0.0000 0.0000 1.0000 0.0000 
0.0000 1.0000 0.0000 0.0000 
1.0000 0.0000 0.0000 0.0000 
0.4427 0.1656 0.1178 0.2739 
0.4172 0.0096 0.0000 0.5732 

MOTIF filter9 
letter-probability matrix: alength= 4 w= 17 nsites= 17 
0.2706 0.2412 0.2294 0.2588 
0.2353 0.2971 0.2441 0.2235 
0.2294 0.2412 0.2441 0.2853 
0.1176 0.0147 0.6882 0.1794 
0.0794 0.7147 0.1147 0.0912 
0.2853 0.3441 0.2618 0.1088 
0.0441 0.0000 0.8618 0.0941 
0.0000 1.0000 0.0000 0.0000 
0.0000 1.0000 0.0000 0.0000 
1.0000 0.0000 0.0000 0.0000 
0.0000 0.0000 0.0000 1.0000 
0.0118 0.4618 0.1500 0.3765 
0.0000 0.0147 0.0000 0.9853 
0.0000 0.0088 0.0000 0.9912 
0.0882 0.0853 0.6941 0.1324 
0.2824 0.2176 0.2500 0.2500 
0.2176 0.2647 0.2647 0.2529 

MOTIF filter10 
letter-probability matrix: alength= 4 w= 15 nsites= 15 
0.2420 0.2561 0.2650 0.2369 
0.2331 0.2408 0.2739 0.2522 
0.5083 0.1134 0.3541 0.0242 
0.0000 0.0000 0.0000 1.0000 
0.0000 0.0000 0.0318 0.9682 
0.3096 0.0000 0.6153 0.0752 
0.0000 0.9452 0.0000 0.0548 
0.0764 0.0000 0.9236 0.0000 
0.0713 0.6955 0.0000 0.2331 
0.9783 0.0217 0.0000 0.0000 
1.0000 0.0000 0.0000 0.0000 
0.0076 0.3732 0.1108 0.5083 
0.2777 0.2420 0.2701 0.2102 
0.2306 0.2217 0.2713 0.2764 
0.2637 0.2204 0.2828 0.2331 

MOTIF filter11 
letter-probability matrix: alength= 4 w= 16 nsites= 16 
0.2160 0.5040 0.1040 0.1760 
0.2560 0.3360 0.3040 0.1040 
0.4240 0.0480 0.3040 0.2240 
0.0080 0.8480 0.0160 0.1280 
0.0000 0.2480 0.0000 0.7520 
0.1040 0.0720 0.8240 0.0000 
0.9840 0.0000 0.0160 0.0000 
0.0000 0.0000 0.0000 1.0000 
0.0000 0.0640 0.0000 0.9360 
0.0080 0.0000 0.9920 0.0000 
0.0240 0.0000 0.9760 0.0000 
0.0080 0.3520 0.0240 0.6160 
0.0000 0.5920 0.0560 0.3520 
0.0800 0.5040 0.3680 0.0480 
0.5760 0.1120 0.2320 0.0800 
0.3280 0.0880 0.1120 0.4720 

MOTIF filter12 
letter-probability matrix: alength= 4 w= 20 nsites= 20 
0.2466 0.2601 0.2466 0.2466 
0.2960 0.2152 0.2197 0.2691 
0.2556 0.2735 0.2422 0.2287 
0.5157 0.0090 0.1166 0.3587 
0.7354 0.0045 0.0269 0.2332 
0.4753 0.0000 0.0179 0.5067 
0.2601 0.1659 0.1166 0.4574 
0.0045 0.0000 0.0000 0.9955 
0.0000 0.0000 1.0000 0.0000 
0.0090 0.9910 0.0000 0.0000 
0.0000 0.0000 0.0000 1.0000 
0.0000 0.0000 0.9910 0.0090 
1.0000 0.0000 0.0000 0.0000 
0.0224 0.5336 0.3094 0.1345 
0.1614 0.1256 0.0314 0.6816 
0.1839 0.3498 0.1031 0.3632 
0.6054 0.0314 0.1390 0.2242 
0.0852 0.0135 0.6592 0.2422 
0.2915 0.2691 0.2242 0.2152 
0.2466 0.2018 0.2780 0.2735 

MOTIF filter13 
letter-probability matrix: alength= 4 w= 12 nsites= 12 
0.3514 0.2429 0.2532 0.1525 
0.2403 0.2610 0.2377 0.2610 
0.0698 0.1628 0.5349 0.2326 
0.0000 0.7933 0.0465 0.1602 
0.0000 0.8062 0.0000 0.1938 
0.0000 1.0000 0.0000 0.0000 
0.0000 1.0000 0.0000 0.0000 
0.1344 0.0000 0.5891 0.2765 
0.0000 1.0000 0.0000 0.0000 
0.0000 1.0000 0.0000 0.0000 
0.0000 0.7984 0.0000 0.2016 
0.1240 0.8140 0.0000 0.0620 

MOTIF filter14 
letter-probability matrix: alength= 4 w= 16 nsites= 16 
0.2124 0.2974 0.2451 0.2451 
0.2190 0.2647 0.3007 0.2157 
0.2320 0.3072 0.2222 0.2386 
0.5523 0.0163 0.1078 0.3235 
0.6340 0.0131 0.0621 0.2908 
0.5033 0.0000 0.0196 0.4771 
0.3203 0.1242 0.1471 0.4085 
0.0000 0.0000 0.0000 1.0000 
0.0000 0.0000 1.0000 0.0000 
0.0556 0.9444 0.0000 0.0000 
0.0000 0.0000 0.0000 1.0000 
0.0000 0.0000 0.9967 0.0033 
1.0000 0.0000 0.0000 0.0000 
0.0327 0.5000 0.3137 0.1536 
0.1797 0.0817 0.0359 0.7026 
0.1569 0.4346 0.0915 0.3170 

MOTIF filter15 
letter-probability matrix: alength= 4 w= 12 nsites= 12 
0.2315 0.2625 0.2605 0.2455 
0.3862 0.2136 0.2555 0.1447 
0.2275 0.3024 0.3154 0.1547 
0.0000 1.0000 0.0000 0.0000 
1.0000 0.0000 0.0000 0.0000 
0.0000 1.0000 0.0000 0.0000 
0.0000 0.0000 1.0000 0.0000 
0.0000 0.0000 0.0000 1.0000 
0.0000 0.0000 1.0000 0.0000 
0.1657 0.2864 0.3194 0.2285 
0.1677 0.2395 0.1776 0.4152 
0.2325 0.2545 0.2505 0.2625 

MOTIF filter16 
letter-probability matrix: alength= 4 w= 14 nsites= 14 
0.2662 0.2526 0.2030 0.2782 
0.2602 0.2376 0.2376 0.2647 
0.2602 0.0737 0.4647 0.2015 
0.3835 0.0932 0.5218 0.0015 
0.0000 0.0000 0.0000 1.0000 
0.0000 0.0000 1.0000 0.0000 
1.0000 0.0000 0.0000 0.0000 
0.0060 0.5188 0.4752 0.0000 
0.0000 0.0000 0.0000 1.0000 
0.0015 0.9985 0.0000 0.0000 
1.0000 0.0000 0.0000 0.0000 
0.0000 0.2632 0.2842 0.4526 
0.2556 0.3338 0.2511 0.1594 
0.1985 0.2060 0.3068 0.2887 

MOTIF filter17 
letter-probability matrix: alength= 4 w= 18 nsites= 18 
0.2258 0.2384 0.2532 0.2826 
0.2143 0.2784 0.2710 0.2363 
0.2826 0.2374 0.2321 0.2479 
0.1702 0.0788 0.0525 0.6985 
0.0431 0.0966 0.6450 0.2153 
0.4055 0.3845 0.0882 0.1218 
0.0053 0.9800 0.0126 0.0021 
0.0011 0.9821 0.0063 0.0105 
0.8025 0.0053 0.0105 0.1817 
0.0315 0.0000 0.0032 0.9653 
0.9884 0.0032 0.0084 0.0000 
0.0000 0.0032 0.0011 0.9958 
0.9706 0.0032 0.0000 0.0263 
0.1712 0.0063 0.0032 0.8193 
0.0053 0.0126 0.9811 0.0011 
0.0021 0.0084 0.9832 0.0063 
0.1166 0.0756 0.3845 0.4233 
0.2269 0.6345 0.1008 0.0378 

MOTIF filter18 
letter-probability matrix: alength= 4 w= 17 nsites= 17 
0.2572 0.2524 0.2307 0.2596 
0.2508 0.1736 0.1085 0.4670 
0.6013 0.1318 0.1752 0.0916 
0.0177 0.0579 0.4124 0.5121 
0.2018 0.2781 0.2540 0.2661 
0.1728 0.2098 0.4116 0.2058 
0.1109 0.0836 0.0000 0.8055 
0.2733 0.2556 0.4614 0.0096 
0.0514 0.5330 0.1479 0.2677 
0.1029 0.1182 0.6270 0.1519 
0.3457 0.4598 0.1688 0.0257 
0.5539 0.0000 0.4293 0.0169 
0.4220 0.0105 0.5161 0.0514 
0.0796 0.5201 0.0000 0.4003 
0.4405 0.1825 0.2757 0.1013 
0.0185 0.1463 0.0185 0.8167 
0.4783 0.2412 0.0105 0.2701 

MOTIF filter19 
letter-probability matrix: alength= 4 w= 14 nsites= 14 
0.2230 0.2747 0.2529 0.2493 
0.2502 0.2684 0.2493 0.2321 
0.5023 0.1333 0.3454 0.0190 
0.0000 0.0000 0.0000 1.0000 
0.0000 0.0000 0.0544 0.9456 
0.3001 0.0009 0.6102 0.0888 
0.0145 0.8631 0.0127 0.1097 
0.1061 0.0082 0.8722 0.0136 
0.1043 0.6446 0.0000 0.2511 
0.9284 0.0716 0.0000 0.0000 
1.0000 0.0000 0.0000 0.0000 
0.0209 0.3327 0.1578 0.4887 
0.2656 0.2484 0.2602 0.2257 
0.2557 0.2103 0.2557 0.2783 

MOTIF filter20 
letter-probability matrix: alength= 4 w= 20 nsites= 20 
0.2846 0.2398 0.2319 0.2437 
0.1528 0.0672 0.0356 0.7444 
0.0250 0.0791 0.6864 0.2095 
0.4203 0.3926 0.0659 0.1212 
0.0000 1.0000 0.0000 0.0000 
0.0000 0.9934 0.0013 0.0053 
0.8419 0.0013 0.0040 0.1528 
0.0119 0.0000 0.0000 0.9881 
1.0000 0.0000 0.0000 0.0000 
0.0000 0.0000 0.0013 0.9987 
0.9895 0.0013 0.0000 0.0092 
0.1199 0.0026 0.0000 0.8775 
0.0000 0.0026 0.9974 0.0000 
0.0000 0.0000 0.9987 0.0013 
0.0962 0.0725 0.4163 0.4150 
0.2253 0.6719 0.0738 0.0290 
0.7734 0.0158 0.0501 0.1607 
0.2332 0.2833 0.2345 0.2490 
0.2240 0.2635 0.2477 0.2648 
0.2477 0.2424 0.2714 0.2385 

MOTIF filter21 
letter-probability matrix: alength= 4 w= 14 nsites= 14 
0.3321 0.2463 0.2313 0.1903 
0.3022 0.2799 0.2313 0.1866 
0.0821 0.1045 0.6194 0.1940 
0.0000 0.8657 0.0112 0.1231 
0.0000 0.8881 0.0000 0.1119 
0.0000 1.0000 0.0000 0.0000 
0.0000 1.0000 0.0000 0.0000 
0.1269 0.0000 0.5336 0.3396 
0.0000 1.0000 0.0000 0.0000 
0.0000 1.0000 0.0000 0.0000 
0.0000 0.8284 0.0000 0.1716 
0.0896 0.8284 0.0000 0.0821 
0.0187 0.7052 0.0187 0.2575 
0.2537 0.2313 0.2425 0.2724 

MOTIF filter22 
letter-probability matrix: alength= 4 w= 14 nsites= 14 
0.2506 0.2222 0.2481 0.2791 
0.2455 0.2429 0.2403 0.2713 
0.2326 0.2687 0.2765 0.2222 
0.3049 0.0465 0.5969 0.0517 
0.0930 0.0000 0.8450 0.0620 
0.1757 0.0000 0.8243 0.0000 
0.0000 0.0000 1.0000 0.0000 
0.0000 0.0000 1.0000 0.0000 
0.3282 0.5245 0.0000 0.1473 
0.0000 0.0000 1.0000 0.0000 
0.0000 0.0000 1.0000 0.0000 
0.2274 0.0000 0.7726 0.0000 
0.2171 0.0336 0.7494 0.0000 
0.2171 0.5349 0.1266 0.1214 

MOTIF filter23 
letter-probability matrix: alength= 4 w= 17 nsites= 17 
0.2382 0.2556 0.1935 0.3127 
0.2730 0.2035 0.2109 0.3127 
0.3251 0.2630 0.2804 0.1315 
0.1414 0.1315 0.0744 0.6526 
0.0000 0.0000 0.0000 1.0000 
0.0000 0.0000 0.0000 1.0000 
0.0223 0.9777 0.0000 0.0000 
0.0025 0.9057 0.0000 0.0918 
0.2308 0.2159 0.2134 0.3400 
0.1836 0.0000 0.8139 0.0025 
0.0000 0.0000 0.9950 0.0050 
1.0000 0.0000 0.0000 0.0000 
1.0000 0.0000 0.0000 0.0000 
0.6352 0.1092 0.1787 0.0769 
0.2208 0.2754 0.3127 0.1911 
0.2829 0.2854 0.2184 0.2134 
0.2655 0.2432 0.1911 0.3002 

MOTIF filter24 
letter-probability matrix: alength= 4 w= 14 nsites= 14 
0.1213 0.0748 0.3444 0.4596 
0.0123 0.9069 0.0000 0.0809 
0.0000 0.0000 0.0000 1.0000 
1.0000 0.0000 0.0000 0.0000 
0.2586 0.0000 0.0012 0.7402 
0.4534 0.0000 0.0000 0.5466 
0.5417 0.0000 0.0000 0.4583 
0.7096 0.0000 0.0000 0.2904 
0.0000 0.0000 0.0000 1.0000 
1.0000 0.0000 0.0000 0.0000 
0.0833 0.0000 0.9007 0.0159 
0.4902 0.3431 0.0502 0.1164 
0.2917 0.2304 0.2475 0.2304 
0.2574 0.2696 0.2353 0.2377 

MOTIF filter25 
letter-probability matrix: alength= 4 w= 11 nsites= 11 
0.3964 0.2301 0.3368 0.0366 
0.0000 0.0000 0.0000 1.0000 
0.0000 0.0000 1.0000 0.0000 
1.0000 0.0000 0.0000 0.0000 
0.0010 0.4895 0.5094 0.0000 
0.0000 0.0000 0.0000 1.0000 
0.0000 1.0000 0.0000 0.0000 
1.0000 0.0000 0.0000 0.0000 
0.0105 0.3452 0.2259 0.4184 
0.2040 0.3703 0.1810 0.2448 
0.2552 0.2280 0.2730 0.2437 

MOTIF filter26 
letter-probability matrix: alength= 4 w= 12 nsites= 12 
0.2284 0.1768 0.3799 0.2149 
0.4061 0.2284 0.3384 0.0271 
0.0000 0.0000 0.0000 1.0000 
0.0000 0.0000 0.9433 0.0567 
0.9992 0.0000 0.0008 0.0000 
0.0186 0.4695 0.4848 0.0271 
0.0000 0.0000 0.0000 1.0000 
0.0152 0.9848 0.0000 0.0000 
1.0000 0.0000 0.0000 0.0000 
0.0321 0.3206 0.2513 0.3959 
0.2098 0.3849 0.1684 0.2369 
0.2690 0.2166 0.2631 0.2513 

MOTIF filter27 
letter-probability matrix: alength= 4 w= 20 nsites= 20 
0.2363 0.2601 0.2649 0.2387 
0.2053 0.0668 0.4368 0.2912 
0.0453 0.2005 0.6587 0.0955 
0.3103 0.0143 0.5179 0.1575 
0.2148 0.2792 0.4845 0.0215 
0.1169 0.3317 0.2434 0.3079 
0.1718 0.7852 0.0239 0.0191 
0.1862 0.0024 0.6778 0.1337 
0.0621 0.1217 0.7780 0.0382 
0.4940 0.1575 0.2554 0.0931 
0.0716 0.3055 0.4893 0.1337 
0.0263 0.2315 0.1169 0.6253 
0.0907 0.5919 0.0095 0.3079 
0.0430 0.3484 0.2649 0.3437 
0.2243 0.5489 0.2148 0.0119 
0.2029 0.6253 0.1265 0.0453 
0.1074 0.2936 0.4678 0.1313 
0.0501 0.4893 0.2649 0.1957 
0.0907 0.8425 0.0310 0.0358 
0.0621 0.6826 0.2053 0.0501 

MOTIF filter28 
letter-probability matrix: alength= 4 w= 15 nsites= 15 
0.2118 0.2612 0.2071 0.3200 
0.2047 0.3294 0.2541 0.2118 
0.2565 0.1906 0.1624 0.3906 
0.0212 0.0235 0.1600 0.7953 
0.0000 0.0000 0.0000 1.0000 
0.0000 0.2682 0.0024 0.7294 
0.1059 0.8871 0.0000 0.0071 
0.0565 0.4918 0.0000 0.4518 
0.4376 0.0000 0.5224 0.0400 
0.0000 0.0000 1.0000 0.0000 
0.2941 0.0071 0.6682 0.0306 
1.0000 0.0000 0.0000 0.0000 
0.9788 0.0071 0.0141 0.0000 
0.4753 0.0329 0.2729 0.2188 
0.2635 0.2471 0.2212 0.2682 

MOTIF filter29 
letter-probability matrix: alength= 4 w= 15 nsites= 15 
0.2745 0.2304 0.1912 0.3039 
0.2206 0.2500 0.2892 0.2402 
0.0858 0.2819 0.2157 0.4167 
0.0000 0.0074 0.0000 0.9926 
0.0000 0.0000 0.0098 0.9902 
0.0833 0.9167 0.0000 0.0000 
0.0074 0.6201 0.0000 0.3725 
0.4485 0.0074 0.4461 0.0980 
0.0172 0.0000 0.9828 0.0000 
0.0000 0.0000 0.9975 0.0025 
1.0000 0.0000 0.0000 0.0000 
1.0000 0.0000 0.0000 0.0000 
0.6005 0.0760 0.1176 0.2059 
0.2132 0.2672 0.2304 0.2892 
0.2230 0.1961 0.3284 0.2525 

MOTIF filter30 
letter-probability matrix: alength= 4 w= 15 nsites= 15 
0.3141 0.2310 0.2816 0.1733 
0.3032 0.3285 0.1949 0.1733 
0.0903 0.1697 0.4765 0.2635 
0.0000 0.8773 0.0181 0.1047 
0.0036 0.8412 0.0000 0.1552 
0.0000 1.0000 0.0000 0.0000 
0.0000 1.0000 0.0000 0.0000 
0.0794 0.0000 0.6679 0.2527 
0.0000 1.0000 0.0000 0.0000 
0.0000 1.0000 0.0000 0.0000 
0.0000 0.8592 0.0000 0.1408 
0.0253 0.8556 0.0000 0.1191 
0.0108 0.6534 0.0397 0.2960 
0.2455 0.2527 0.2527 0.2491 
0.2780 0.2274 0.1805 0.3141 

MOTIF filter31 
letter-probability matrix: alength= 4 w= 16 nsites= 16 
0.2485 0.2520 0.2511 0.2485 
0.2511 0.2714 0.2485 0.2290 
0.1220 0.0707 0.3395 0.4677 
0.0522 0.8064 0.0080 0.1335 
0.0009 0.0230 0.0018 0.9744 
0.9956 0.0009 0.0018 0.0018 
0.2882 0.0018 0.0133 0.6967 
0.4677 0.0071 0.0000 0.5252 
0.5323 0.0009 0.0044 0.4624 
0.6702 0.0053 0.0000 0.3245 
0.0053 0.0062 0.0027 0.9859 
0.9691 0.0035 0.0203 0.0071 
0.1229 0.0071 0.8126 0.0575 
0.4235 0.3634 0.0628 0.1503 
0.2697 0.2281 0.2661 0.2361 
0.2546 0.2812 0.2352 0.2290 

