MEME version 4

ALPHABET= ACGT

Background letter frequencies:
A 0.2500 C 0.2500 G 0.2500 T 0.2500 

MOTIF filter0 
letter-probability matrix: alength= 4 w= 16 nsites= 16 
0.2074 0.2961 0.2465 0.2500 
0.2465 0.2305 0.2784 0.2447 
0.2535 0.2677 0.2163 0.2624 
0.5053 0.1294 0.3599 0.0053 
0.0000 0.0000 0.0000 1.0000 
0.0000 0.0000 0.0053 0.9947 
0.3067 0.0000 0.6418 0.0514 
0.0035 0.9876 0.0000 0.0089 
0.0550 0.0000 0.9397 0.0053 
0.0337 0.7855 0.0000 0.1809 
0.9699 0.0301 0.0000 0.0000 
1.0000 0.0000 0.0000 0.0000 
0.0000 0.3741 0.1259 0.5000 
0.2411 0.2926 0.2589 0.2074 
0.2199 0.2287 0.2500 0.3014 
0.3085 0.1862 0.2837 0.2216 

MOTIF filter1 
letter-probability matrix: alength= 4 w= 19 nsites= 19 
0.2120 0.3120 0.2320 0.2440 
0.2520 0.2320 0.2520 0.2640 
0.2680 0.2880 0.2040 0.2400 
0.5360 0.0080 0.1320 0.3240 
0.6840 0.0120 0.0520 0.2520 
0.4560 0.0000 0.0200 0.5240 
0.3120 0.1480 0.1400 0.4000 
0.0120 0.0000 0.0000 0.9880 
0.0000 0.0000 1.0000 0.0000 
0.0160 0.9840 0.0000 0.0000 
0.0000 0.0000 0.0000 1.0000 
0.0000 0.0000 0.9920 0.0080 
1.0000 0.0000 0.0000 0.0000 
0.0240 0.5160 0.3040 0.1560 
0.1920 0.0800 0.0240 0.7040 
0.1720 0.4120 0.0840 0.3320 
0.5840 0.0280 0.1520 0.2360 
0.1080 0.0200 0.6440 0.2280 
0.2760 0.2600 0.2720 0.1920 

MOTIF filter2 
letter-probability matrix: alength= 4 w= 13 nsites= 13 
0.0748 0.4422 0.2245 0.2585 
0.1054 0.6701 0.1293 0.0952 
0.7415 0.0000 0.2415 0.0170 
0.0000 0.9830 0.0068 0.0102 
0.0000 0.0000 0.0000 1.0000 
0.0000 0.0000 0.0000 1.0000 
0.0000 1.0000 0.0000 0.0000 
0.0000 1.0000 0.0000 0.0000 
0.0000 0.0000 0.9932 0.0068 
0.0000 0.1327 0.8537 0.0136 
0.2415 0.2041 0.2143 0.3401 
0.2143 0.2483 0.2517 0.2857 
0.2313 0.2313 0.2721 0.2653 

MOTIF filter3 
letter-probability matrix: alength= 4 w= 18 nsites= 18 
0.2993 0.4605 0.0954 0.1447 
0.2467 0.1546 0.0230 0.5757 
0.2763 0.1612 0.3289 0.2336 
0.6842 0.0197 0.0987 0.1974 
0.1513 0.2993 0.5362 0.0132 
0.0000 0.0000 0.0000 1.0000 
0.0132 0.9868 0.0000 0.0000 
1.0000 0.0000 0.0000 0.0000 
0.0000 0.0000 0.9934 0.0066 
0.0000 1.0000 0.0000 0.0000 
0.9934 0.0000 0.0000 0.0066 
0.4211 0.1513 0.1579 0.2697 
0.4342 0.0625 0.0099 0.4934 
0.3421 0.0822 0.0197 0.5559 
0.2895 0.1053 0.0329 0.5724 
0.2697 0.1974 0.2632 0.2697 
0.2862 0.2533 0.2336 0.2270 
0.2368 0.2961 0.2368 0.2303 

MOTIF filter4 
letter-probability matrix: alength= 4 w= 20 nsites= 20 
0.2500 0.2500 0.2500 0.2500 
0.2500 0.2500 0.2500 0.2500 
0.2500 0.2500 0.2500 0.2500 
0.2500 0.2500 0.2500 0.2500 
0.2500 0.2500 0.2500 0.2500 
0.2500 0.2500 0.2500 0.2500 
0.2500 0.2500 0.2500 0.2500 
0.2500 0.2500 0.2500 0.2500 
0.2500 0.2500 0.2500 0.2500 
0.2500 0.2500 0.2500 0.2500 
0.2500 0.2500 0.2500 0.2500 
0.2500 0.2500 0.2500 0.2500 
0.2500 0.2500 0.2500 0.2500 
0.2500 0.2500 0.2500 0.2500 
0.2500 0.2500 0.2500 0.2500 
0.2500 0.2500 0.2500 0.2500 
0.2500 0.2500 0.2500 0.2500 
0.2500 0.2500 0.2500 0.2500 
0.2500 0.2500 0.2500 0.2500 
0.2500 0.2500 0.2500 0.2500 

MOTIF filter5 
letter-probability matrix: alength= 4 w= 15 nsites= 15 
0.2333 0.2577 0.2626 0.2463 
0.2577 0.2545 0.2382 0.2496 
0.2398 0.2675 0.2757 0.2170 
0.0669 0.0179 0.3622 0.5530 
0.0049 0.9445 0.0000 0.0506 
0.0000 0.0000 0.0000 1.0000 
1.0000 0.0000 0.0000 0.0000 
0.2055 0.0000 0.0000 0.7945 
0.4339 0.0000 0.0000 0.5661 
0.5106 0.0000 0.0000 0.4894 
0.7145 0.0000 0.0000 0.2855 
0.0000 0.0000 0.0000 1.0000 
1.0000 0.0000 0.0000 0.0000 
0.0147 0.0000 0.9804 0.0049 
0.4470 0.3850 0.0489 0.1191 

MOTIF filter6 
letter-probability matrix: alength= 4 w= 14 nsites= 14 
0.2133 0.2607 0.2607 0.2654 
0.5995 0.0213 0.3791 0.0000 
0.0000 0.0000 0.0000 1.0000 
0.0000 0.0000 0.0047 0.9953 
0.1540 0.0000 0.8294 0.0166 
0.0000 0.9336 0.0024 0.0640 
0.0450 0.0000 0.9550 0.0000 
0.0474 0.6706 0.0000 0.2820 
0.9976 0.0024 0.0000 0.0000 
1.0000 0.0000 0.0000 0.0000 
0.0142 0.3033 0.0972 0.5853 
0.3389 0.1896 0.2559 0.2156 
0.2251 0.1872 0.2796 0.3081 
0.1896 0.2867 0.2322 0.2915 

MOTIF filter7 
letter-probability matrix: alength= 4 w= 16 nsites= 16 
0.2689 0.2517 0.2384 0.2411 
0.0053 0.2570 0.4026 0.3351 
0.0570 0.3245 0.0106 0.6079 
0.2238 0.3921 0.3841 0.0000 
0.1735 0.0000 0.3894 0.4371 
0.4940 0.1139 0.3629 0.0291 
0.0331 0.3603 0.6066 0.0000 
0.0079 0.0411 0.7325 0.2185 
0.3907 0.0371 0.5709 0.0013 
0.8305 0.1205 0.0040 0.0450 
0.6079 0.1073 0.0132 0.2715 
0.3669 0.0702 0.5086 0.0543 
0.0053 0.5563 0.1788 0.2596 
0.2636 0.1245 0.4371 0.1748 
0.2742 0.2556 0.2649 0.2053 
0.1695 0.3298 0.4119 0.0887 

MOTIF filter8 
letter-probability matrix: alength= 4 w= 17 nsites= 17 
0.2273 0.2492 0.2523 0.2711 
0.2106 0.2805 0.2753 0.2336 
0.2878 0.2409 0.2336 0.2377 
0.1773 0.0772 0.0521 0.6934 
0.0375 0.1064 0.6319 0.2242 
0.4077 0.3848 0.0803 0.1272 
0.0031 0.9812 0.0115 0.0042 
0.0010 0.9802 0.0052 0.0136 
0.8123 0.0063 0.0115 0.1700 
0.0282 0.0000 0.0031 0.9687 
0.9844 0.0052 0.0094 0.0010 
0.0000 0.0052 0.0010 0.9937 
0.9771 0.0021 0.0010 0.0198 
0.1721 0.0125 0.0052 0.8102 
0.0104 0.0240 0.9656 0.0000 
0.0010 0.0063 0.9896 0.0031 
0.1178 0.0740 0.3858 0.4223 

MOTIF filter9 
letter-probability matrix: alength= 4 w= 20 nsites= 20 
0.2318 0.2432 0.2667 0.2583 
0.3844 0.3219 0.2776 0.0161 
0.0620 0.3958 0.1844 0.3578 
0.4313 0.0583 0.4688 0.0417 
0.0354 0.2135 0.3443 0.4068 
0.5031 0.1990 0.1089 0.1891 
0.3161 0.4802 0.1708 0.0328 
0.2182 0.1776 0.2516 0.3526 
0.3078 0.0099 0.2911 0.3911 
0.3250 0.0151 0.5047 0.1552 
0.3281 0.0802 0.3583 0.2333 
0.2401 0.3516 0.1312 0.2771 
0.4010 0.0516 0.4844 0.0630 
0.0047 0.0568 0.4240 0.5146 
0.1937 0.4812 0.0484 0.2766 
0.0099 0.1297 0.2547 0.6057 
0.0057 0.3812 0.0224 0.5906 
0.0458 0.6625 0.1792 0.1125 
0.0469 0.6990 0.1437 0.1104 
0.4880 0.1474 0.3339 0.0307 

MOTIF filter10 
letter-probability matrix: alength= 4 w= 15 nsites= 15 
0.2634 0.2546 0.2131 0.2690 
0.2634 0.2442 0.2426 0.2498 
0.1596 0.2211 0.1612 0.4581 
0.0008 0.0120 0.0024 0.9848 
0.0016 0.0000 0.0303 0.9681 
0.1253 0.8468 0.0088 0.0192 
0.0223 0.7366 0.0000 0.2410 
0.2458 0.2434 0.2346 0.2761 
0.2426 0.0000 0.7334 0.0239 
0.0000 0.0024 0.8867 0.1109 
0.9641 0.0359 0.0000 0.0000 
0.9864 0.0088 0.0048 0.0000 
0.4661 0.1397 0.2314 0.1628 
0.2474 0.2634 0.2370 0.2522 
0.2642 0.2187 0.2642 0.2530 

MOTIF filter11 
letter-probability matrix: alength= 4 w= 15 nsites= 15 
0.2507 0.2451 0.2282 0.2761 
0.2563 0.2197 0.2789 0.2451 
0.2310 0.2704 0.2451 0.2535 
0.0028 0.8620 0.1352 0.0000 
0.0310 0.9690 0.0000 0.0000 
0.0000 0.0000 1.0000 0.0000 
0.0000 0.0000 1.0000 0.0000 
1.0000 0.0000 0.0000 0.0000 
1.0000 0.0000 0.0000 0.0000 
0.0394 0.0056 0.9549 0.0000 
0.0225 0.2986 0.0113 0.6676 
0.1775 0.0986 0.6704 0.0535 
0.2592 0.2423 0.4761 0.0225 
0.2197 0.3521 0.2592 0.1690 
0.2113 0.2958 0.2592 0.2338 

MOTIF filter12 
letter-probability matrix: alength= 4 w= 14 nsites= 14 
0.2466 0.2489 0.2738 0.2308 
0.2647 0.0656 0.5995 0.0701 
0.1357 0.0000 0.7783 0.0860 
0.1606 0.0000 0.8394 0.0000 
0.0000 0.0000 1.0000 0.0000 
0.0000 0.0000 1.0000 0.0000 
0.2964 0.5475 0.0000 0.1561 
0.0000 0.0000 1.0000 0.0000 
0.0000 0.0000 1.0000 0.0000 
0.1833 0.0000 0.8167 0.0000 
0.2353 0.0679 0.6968 0.0000 
0.1900 0.5068 0.1810 0.1222 
0.2828 0.2081 0.2805 0.2285 
0.2534 0.2828 0.2059 0.2579 

MOTIF filter13 
letter-probability matrix: alength= 4 w= 14 nsites= 14 
0.2453 0.2642 0.2595 0.2310 
0.2832 0.1044 0.5222 0.0902 
0.1835 0.0000 0.6503 0.1661 
0.2484 0.0000 0.7516 0.0000 
0.0000 0.0000 1.0000 0.0000 
0.0000 0.0000 0.9984 0.0016 
0.3307 0.4778 0.0000 0.1915 
0.0016 0.0000 0.9968 0.0016 
0.0000 0.0000 1.0000 0.0000 
0.2405 0.0000 0.7389 0.0206 
0.2595 0.0744 0.6661 0.0000 
0.2104 0.4604 0.2089 0.1203 
0.2500 0.2199 0.2959 0.2342 
0.2595 0.2832 0.2009 0.2563 

MOTIF filter14 
letter-probability matrix: alength= 4 w= 15 nsites= 15 
0.3132 0.2171 0.2954 0.1744 
0.2918 0.3594 0.1922 0.1566 
0.0605 0.1566 0.5196 0.2633 
0.0000 0.8434 0.0320 0.1246 
0.0036 0.8541 0.0000 0.1423 
0.0000 1.0000 0.0000 0.0000 
0.0000 1.0000 0.0000 0.0000 
0.0747 0.0000 0.6797 0.2456 
0.0000 1.0000 0.0000 0.0000 
0.0000 1.0000 0.0000 0.0000 
0.0000 0.8612 0.0000 0.1388 
0.0391 0.9004 0.0000 0.0605 
0.0320 0.6370 0.0356 0.2954 
0.2420 0.2313 0.2562 0.2705 
0.2420 0.2562 0.1993 0.3025 

MOTIF filter15 
letter-probability matrix: alength= 4 w= 12 nsites= 12 
0.2568 0.2683 0.2448 0.2301 
0.4215 0.1914 0.2541 0.1330 
0.2317 0.3277 0.3206 0.1200 
0.0224 0.9662 0.0115 0.0000 
0.9509 0.0000 0.0474 0.0016 
0.0055 0.8806 0.0049 0.1091 
0.0889 0.0005 0.9084 0.0022 
0.0420 0.0856 0.0005 0.8719 
0.0000 0.0033 0.9755 0.0213 
0.1614 0.3113 0.2944 0.2328 
0.1647 0.2650 0.1510 0.4193 
0.2606 0.2481 0.2617 0.2296 

MOTIF filter16 
letter-probability matrix: alength= 4 w= 17 nsites= 17 
0.2703 0.2471 0.2405 0.2421 
0.2438 0.2753 0.2504 0.2305 
0.2504 0.2985 0.2189 0.2322 
0.0796 0.0199 0.3864 0.5141 
0.0000 0.9337 0.0000 0.0663 
0.0000 0.0000 0.0000 1.0000 
1.0000 0.0000 0.0000 0.0000 
0.1526 0.0000 0.0000 0.8474 
0.3516 0.0000 0.0000 0.6484 
0.4693 0.0000 0.0000 0.5307 
0.6517 0.0017 0.0000 0.3466 
0.0000 0.0000 0.0000 1.0000 
1.0000 0.0000 0.0000 0.0000 
0.0332 0.0000 0.9436 0.0232 
0.5058 0.3748 0.0332 0.0862 
0.3018 0.2156 0.2604 0.2222 
0.2703 0.2106 0.2438 0.2753 

MOTIF filter17 
letter-probability matrix: alength= 4 w= 20 nsites= 20 
0.2105 0.2875 0.2710 0.2311 
0.2834 0.2421 0.2160 0.2586 
0.1389 0.0688 0.0399 0.7524 
0.0234 0.0688 0.7001 0.2077 
0.3989 0.4195 0.0660 0.1155 
0.0014 0.9986 0.0000 0.0000 
0.0000 0.9931 0.0014 0.0055 
0.8432 0.0000 0.0041 0.1527 
0.0206 0.0000 0.0014 0.9780 
1.0000 0.0000 0.0000 0.0000 
0.0000 0.0014 0.0014 0.9972 
0.9890 0.0000 0.0000 0.0110 
0.1265 0.0028 0.0000 0.8707 
0.0000 0.0014 0.9986 0.0000 
0.0000 0.0014 0.9959 0.0028 
0.0963 0.0743 0.3975 0.4319 
0.2050 0.6946 0.0757 0.0248 
0.8074 0.0110 0.0303 0.1513 
0.2421 0.2820 0.2325 0.2435 
0.2105 0.2613 0.2655 0.2627 

MOTIF filter18 
letter-probability matrix: alength= 4 w= 13 nsites= 13 
0.2441 0.2380 0.2393 0.2786 
0.2169 0.1864 0.3790 0.2176 
0.3851 0.2393 0.3451 0.0305 
0.0075 0.0000 0.0163 0.9763 
0.0000 0.0014 0.9281 0.0705 
0.9905 0.0014 0.0075 0.0007 
0.0298 0.4481 0.4841 0.0380 
0.0163 0.0075 0.0088 0.9675 
0.0624 0.9268 0.0047 0.0061 
0.9925 0.0000 0.0075 0.0000 
0.0285 0.3234 0.2583 0.3898 
0.2014 0.3695 0.1919 0.2373 
0.2651 0.2197 0.2658 0.2495 

MOTIF filter19 
letter-probability matrix: alength= 4 w= 14 nsites= 14 
0.2443 0.2541 0.2541 0.2475 
0.4973 0.1429 0.3293 0.0305 
0.0000 0.0000 0.0000 1.0000 
0.0000 0.0000 0.0567 0.9433 
0.3086 0.0000 0.6194 0.0720 
0.0065 0.9106 0.0033 0.0796 
0.0916 0.0011 0.9051 0.0022 
0.0872 0.6696 0.0000 0.2432 
0.9684 0.0316 0.0000 0.0000 
1.0000 0.0000 0.0000 0.0000 
0.0109 0.3544 0.1210 0.5136 
0.2595 0.2443 0.2933 0.2028 
0.2475 0.2148 0.2704 0.2672 
0.2475 0.2203 0.2857 0.2465 

MOTIF filter20 
letter-probability matrix: alength= 4 w= 12 nsites= 12 
0.2290 0.2591 0.2653 0.2466 
0.4062 0.2000 0.2601 0.1337 
0.2280 0.3088 0.3192 0.1440 
0.0000 1.0000 0.0000 0.0000 
1.0000 0.0000 0.0000 0.0000 
0.0000 1.0000 0.0000 0.0000 
0.0010 0.0000 0.9990 0.0000 
0.0000 0.0000 0.0000 1.0000 
0.0000 0.0000 1.0000 0.0000 
0.1430 0.2964 0.3264 0.2342 
0.1492 0.2477 0.1710 0.4321 
0.2321 0.2591 0.2456 0.2632 

MOTIF filter21 
letter-probability matrix: alength= 4 w= 14 nsites= 14 
0.2364 0.2519 0.2701 0.2416 
0.0701 0.2208 0.2078 0.5013 
0.0000 0.0078 0.0000 0.9922 
0.0000 0.0000 0.0130 0.9870 
0.0883 0.9117 0.0000 0.0000 
0.0519 0.5325 0.0000 0.4156 
0.4519 0.0000 0.4987 0.0494 
0.0000 0.0000 1.0000 0.0000 
0.0156 0.0026 0.9818 0.0000 
1.0000 0.0000 0.0000 0.0000 
1.0000 0.0000 0.0000 0.0000 
0.6182 0.0519 0.1506 0.1792 
0.2286 0.2779 0.2208 0.2727 
0.2753 0.1766 0.3429 0.2052 

MOTIF filter22 
letter-probability matrix: alength= 4 w= 18 nsites= 18 
0.2270 0.2386 0.2654 0.2689 
0.2154 0.2782 0.2736 0.2328 
0.2945 0.2352 0.2270 0.2433 
0.1583 0.0733 0.0407 0.7276 
0.0326 0.0861 0.6659 0.2154 
0.4168 0.3935 0.0733 0.1164 
0.0023 0.9942 0.0035 0.0000 
0.0000 0.9942 0.0000 0.0058 
0.8335 0.0023 0.0070 0.1572 
0.0221 0.0000 0.0012 0.9767 
0.9965 0.0012 0.0023 0.0000 
0.0000 0.0000 0.0012 0.9988 
0.9849 0.0023 0.0000 0.0128 
0.1513 0.0035 0.0000 0.8452 
0.0023 0.0070 0.9907 0.0000 
0.0012 0.0012 0.9953 0.0023 
0.1083 0.0664 0.3865 0.4389 
0.2224 0.6542 0.0896 0.0338 

MOTIF filter23 
letter-probability matrix: alength= 4 w= 14 nsites= 14 
0.2659 0.2632 0.2200 0.2510 
0.1174 0.2146 0.1444 0.5236 
0.0000 0.0000 0.0000 1.0000 
0.0000 0.0000 0.0135 0.9865 
0.0580 0.9406 0.0013 0.0000 
0.0027 0.8394 0.0000 0.1579 
0.2213 0.2537 0.2618 0.2632 
0.1808 0.0000 0.8192 0.0000 
0.0000 0.0000 0.9784 0.0216 
0.9987 0.0013 0.0000 0.0000 
0.9987 0.0000 0.0013 0.0000 
0.5169 0.1147 0.2267 0.1417 
0.2119 0.2807 0.2578 0.2497 
0.2591 0.2497 0.2497 0.2416 

MOTIF filter24 
letter-probability matrix: alength= 4 w= 13 nsites= 13 
0.3219 0.2432 0.2500 0.1849 
0.2363 0.3014 0.2397 0.2226 
0.0856 0.1575 0.5856 0.1712 
0.0000 0.8596 0.0000 0.1404 
0.0000 0.9007 0.0000 0.0993 
0.0000 1.0000 0.0000 0.0000 
0.0000 1.0000 0.0000 0.0000 
0.1267 0.0000 0.5685 0.3048 
0.0000 1.0000 0.0000 0.0000 
0.0000 1.0000 0.0000 0.0000 
0.0000 0.8390 0.0000 0.1610 
0.1130 0.8185 0.0000 0.0685 
0.0514 0.6815 0.0479 0.2192 

MOTIF filter25 
letter-probability matrix: alength= 4 w= 16 nsites= 16 
0.2270 0.2454 0.2147 0.3129 
0.2117 0.2577 0.2485 0.2822 
0.1534 0.1687 0.4018 0.2761 
0.0000 0.5184 0.2117 0.2699 
0.0552 0.6227 0.1319 0.1902 
0.7025 0.0153 0.2607 0.0215 
0.0000 0.9540 0.0031 0.0429 
0.0000 0.0000 0.0000 1.0000 
0.0000 0.0000 0.0000 1.0000 
0.0000 1.0000 0.0000 0.0000 
0.0000 1.0000 0.0000 0.0000 
0.0000 0.0000 0.9877 0.0123 
0.0000 0.1411 0.8558 0.0031 
0.2945 0.1963 0.2607 0.2485 
0.2730 0.2055 0.2485 0.2730 
0.2607 0.2209 0.2178 0.3006 

MOTIF filter26 
letter-probability matrix: alength= 4 w= 19 nsites= 19 
0.2132 0.2751 0.2985 0.2132 
0.0213 0.3014 0.4144 0.2630 
0.3433 0.4087 0.0505 0.1976 
0.0114 0.6411 0.1059 0.2416 
0.2182 0.2210 0.2040 0.3568 
0.0014 0.6070 0.3568 0.0348 
0.0235 0.2587 0.4385 0.2793 
0.0000 0.1876 0.3149 0.4975 
0.0156 0.8053 0.0519 0.1272 
0.0561 0.2985 0.4819 0.1635 
0.1151 0.4641 0.0014 0.4193 
0.4428 0.3355 0.2203 0.0014 
0.1919 0.1891 0.5252 0.0938 
0.3255 0.1692 0.4847 0.0206 
0.0441 0.2431 0.4435 0.2694 
0.0000 0.4222 0.3945 0.1834 
0.2388 0.1500 0.4421 0.1692 
0.0156 0.0291 0.5586 0.3966 
0.3994 0.0050 0.3838 0.2118 

MOTIF filter27 
letter-probability matrix: alength= 4 w= 13 nsites= 13 
0.2472 0.2494 0.2654 0.2380 
0.2380 0.1595 0.3838 0.2187 
0.4260 0.1674 0.4032 0.0034 
0.0000 0.0000 0.0000 1.0000 
0.0000 0.0000 1.0000 0.0000 
1.0000 0.0000 0.0000 0.0000 
0.0000 0.5011 0.4989 0.0000 
0.0000 0.0000 0.0000 1.0000 
0.0000 1.0000 0.0000 0.0000 
1.0000 0.0000 0.0000 0.0000 
0.0000 0.3554 0.2221 0.4226 
0.2244 0.3497 0.2005 0.2255 
0.2358 0.2198 0.2904 0.2540 

MOTIF filter28 
letter-probability matrix: alength= 4 w= 14 nsites= 14 
0.1988 0.2853 0.4265 0.0893 
0.0000 0.0000 0.0000 1.0000 
0.0000 1.0000 0.0000 0.0000 
1.0000 0.0000 0.0000 0.0000 
0.0000 0.0000 0.9827 0.0173 
0.0000 1.0000 0.0000 0.0000 
1.0000 0.0000 0.0000 0.0000 
0.4323 0.1816 0.1210 0.2651 
0.4207 0.0259 0.0000 0.5533 
0.4265 0.0346 0.0000 0.5389 
0.3285 0.1124 0.0058 0.5533 
0.2911 0.2363 0.2277 0.2450 
0.2622 0.3055 0.2190 0.2133 
0.2017 0.2968 0.2680 0.2334 

MOTIF filter29 
letter-probability matrix: alength= 4 w= 14 nsites= 14 
0.2484 0.2702 0.2391 0.2422 
0.2609 0.2391 0.2609 0.2391 
0.2267 0.2826 0.2329 0.2578 
0.5342 0.0124 0.1180 0.3354 
0.6553 0.0155 0.0124 0.3168 
0.4596 0.0000 0.0155 0.5248 
0.2764 0.1863 0.1460 0.3913 
0.0000 0.0000 0.0000 1.0000 
0.0000 0.0000 1.0000 0.0000 
0.0217 0.9783 0.0000 0.0000 
0.0000 0.0000 0.0000 1.0000 
0.0000 0.0000 0.9969 0.0031 
1.0000 0.0000 0.0000 0.0000 
0.0342 0.5373 0.2857 0.1429 

MOTIF filter30 
letter-probability matrix: alength= 4 w= 15 nsites= 15 
0.2705 0.2150 0.2319 0.2826 
0.2850 0.2198 0.2101 0.2850 
0.1836 0.1522 0.0556 0.6087 
0.0000 0.0000 0.0000 1.0000 
0.0000 0.0000 0.0000 1.0000 
0.0072 0.9928 0.0000 0.0000 
0.0000 1.0000 0.0000 0.0000 
0.1425 0.3768 0.0000 0.4807 
0.4034 0.0000 0.5700 0.0266 
0.0000 0.0000 0.9179 0.0821 
0.9903 0.0097 0.0000 0.0000 
1.0000 0.0000 0.0000 0.0000 
0.5145 0.1763 0.2271 0.0821 
0.2464 0.2778 0.2464 0.2295 
0.2778 0.2488 0.2053 0.2681 

MOTIF filter31 
letter-probability matrix: alength= 4 w= 14 nsites= 14 
0.1534 0.1073 0.3129 0.4264 
0.0585 0.8121 0.0115 0.1179 
0.0000 0.0328 0.0027 0.9645 
0.9867 0.0115 0.0000 0.0018 
0.3174 0.0000 0.0115 0.6711 
0.4539 0.0080 0.0018 0.5363 
0.5807 0.0035 0.0035 0.4122 
0.7083 0.0035 0.0009 0.2872 
0.0009 0.0044 0.0062 0.9885 
0.9566 0.0089 0.0177 0.0168 
0.1560 0.0089 0.8209 0.0142 
0.4424 0.3493 0.0523 0.1560 
0.2713 0.2438 0.2500 0.2349 
0.2447 0.2801 0.2420 0.2332 

