MEME version 4

ALPHABET= ACGT

Background letter frequencies:
A 0.2500 C 0.2500 G 0.2500 T 0.2500 

MOTIF filter0 
letter-probability matrix: alength= 4 w= 13 nsites= 13 
0.2450 0.2370 0.2580 0.2600 
0.2290 0.1720 0.3930 0.2060 
0.4010 0.2240 0.3540 0.0210 
0.0000 0.0000 0.0000 1.0000 
0.0000 0.0000 1.0000 0.0000 
1.0000 0.0000 0.0000 0.0000 
0.0010 0.5010 0.4980 0.0000 
0.0000 0.0000 0.0000 1.0000 
0.0000 1.0000 0.0000 0.0000 
1.0000 0.0000 0.0000 0.0000 
0.0090 0.3310 0.2550 0.4050 
0.2150 0.3640 0.1870 0.2340 
0.2580 0.2260 0.2680 0.2480 

MOTIF filter1 
letter-probability matrix: alength= 4 w= 14 nsites= 14 
0.1800 0.2360 0.3260 0.2579 
0.0243 0.4696 0.2433 0.2628 
0.0876 0.6058 0.1387 0.1679 
0.6618 0.0073 0.2993 0.0316 
0.0000 0.9416 0.0073 0.0511 
0.0000 0.0000 0.0000 1.0000 
0.0000 0.0000 0.0000 1.0000 
0.0000 1.0000 0.0000 0.0000 
0.0000 1.0000 0.0000 0.0000 
0.0000 0.0000 0.9586 0.0414 
0.0000 0.1679 0.8200 0.0122 
0.2676 0.1898 0.2603 0.2822 
0.2652 0.2384 0.2433 0.2530 
0.2725 0.2214 0.2360 0.2701 

MOTIF filter2 
letter-probability matrix: alength= 4 w= 16 nsites= 16 
0.2187 0.2435 0.2600 0.2779 
0.2160 0.2724 0.2957 0.2160 
0.3122 0.2393 0.2132 0.2352 
0.1403 0.0468 0.0330 0.7799 
0.0344 0.0688 0.6781 0.2187 
0.4085 0.4127 0.0646 0.1142 
0.0000 1.0000 0.0000 0.0000 
0.0000 1.0000 0.0000 0.0000 
0.8322 0.0000 0.0055 0.1623 
0.0014 0.0000 0.0000 0.9986 
0.9986 0.0000 0.0014 0.0000 
0.0000 0.0000 0.0000 1.0000 
0.9945 0.0000 0.0000 0.0055 
0.1073 0.0000 0.0000 0.8927 
0.0028 0.0069 0.9904 0.0000 
0.0000 0.0000 0.9986 0.0014 

MOTIF filter3 
letter-probability matrix: alength= 4 w= 16 nsites= 16 
0.4762 0.1845 0.1577 0.1815 
0.0595 0.3839 0.1131 0.4435 
0.0655 0.3274 0.3958 0.2113 
0.4315 0.1161 0.4494 0.0030 
0.5893 0.0000 0.3810 0.0298 
0.0000 1.0000 0.0000 0.0000 
0.0000 1.0000 0.0000 0.0000 
1.0000 0.0000 0.0000 0.0000 
1.0000 0.0000 0.0000 0.0000 
0.0000 0.0000 0.0000 1.0000 
0.0030 0.7917 0.2054 0.0000 
0.8095 0.0030 0.1875 0.0000 
0.0655 0.0387 0.8869 0.0089 
0.2024 0.2500 0.2589 0.2887 
0.2589 0.1845 0.2857 0.2708 
0.2262 0.2619 0.2351 0.2768 

MOTIF filter4 
letter-probability matrix: alength= 4 w= 12 nsites= 12 
0.3701 0.2873 0.3181 0.0245 
0.0494 0.0899 0.5124 0.3483 
0.2500 0.1390 0.4043 0.2066 
0.1020 0.1680 0.0547 0.6753 
0.2198 0.2097 0.5004 0.0702 
0.4008 0.1269 0.0928 0.3794 
0.3153 0.2677 0.1680 0.2490 
0.3271 0.5547 0.0204 0.0977 
0.0701 0.5455 0.3704 0.0140 
0.1228 0.0689 0.4415 0.3668 
0.3350 0.2311 0.2992 0.1347 
0.3265 0.1534 0.4164 0.1038 

MOTIF filter5 
letter-probability matrix: alength= 4 w= 20 nsites= 20 
0.2205 0.2497 0.2616 0.2683 
0.2178 0.2829 0.2669 0.2324 
0.2762 0.2364 0.2284 0.2590 
0.1527 0.0744 0.0332 0.7397 
0.0266 0.0837 0.6760 0.2138 
0.4077 0.3997 0.0691 0.1235 
0.0000 1.0000 0.0000 0.0000 
0.0000 0.9947 0.0027 0.0027 
0.8380 0.0000 0.0053 0.1567 
0.0186 0.0000 0.0000 0.9814 
1.0000 0.0000 0.0000 0.0000 
0.0000 0.0000 0.0013 0.9987 
0.9907 0.0000 0.0000 0.0093 
0.1434 0.0027 0.0000 0.8539 
0.0000 0.0027 0.9973 0.0000 
0.0000 0.0013 0.9960 0.0027 
0.0903 0.0744 0.4024 0.4329 
0.2125 0.6813 0.0770 0.0292 
0.7928 0.0133 0.0252 0.1687 
0.2351 0.2842 0.2390 0.2417 

MOTIF filter6 
letter-probability matrix: alength= 4 w= 16 nsites= 16 
0.3300 0.2508 0.2541 0.1650 
0.2706 0.2970 0.2277 0.2046 
0.0594 0.1353 0.5743 0.2310 
0.0000 0.7954 0.0297 0.1749 
0.0000 0.8647 0.0000 0.1353 
0.0000 1.0000 0.0000 0.0000 
0.0000 1.0000 0.0000 0.0000 
0.0990 0.0000 0.6172 0.2838 
0.0000 1.0000 0.0000 0.0000 
0.0000 1.0000 0.0000 0.0000 
0.0000 0.8086 0.0000 0.1914 
0.0561 0.8746 0.0000 0.0693 
0.0264 0.6766 0.0132 0.2838 
0.2376 0.2442 0.2838 0.2343 
0.3069 0.2178 0.2244 0.2508 
0.2211 0.3102 0.2409 0.2277 

MOTIF filter7 
letter-probability matrix: alength= 4 w= 13 nsites= 13 
0.2585 0.2376 0.2193 0.2846 
0.2637 0.2089 0.2820 0.2454 
0.2245 0.2533 0.2689 0.2533 
0.0026 0.8616 0.1358 0.0000 
0.0444 0.9556 0.0000 0.0000 
0.0000 0.0000 1.0000 0.0000 
0.0000 0.0000 1.0000 0.0000 
1.0000 0.0000 0.0000 0.0000 
1.0000 0.0000 0.0000 0.0000 
0.0522 0.0183 0.9295 0.0000 
0.0392 0.2977 0.0104 0.6527 
0.1828 0.0992 0.6710 0.0470 
0.2689 0.2533 0.4517 0.0261 

MOTIF filter8 
letter-probability matrix: alength= 4 w= 12 nsites= 12 
0.2478 0.2258 0.2622 0.2641 
0.2316 0.1646 0.3981 0.2057 
0.3914 0.2249 0.3550 0.0287 
0.0000 0.0000 0.0000 1.0000 
0.0000 0.0000 0.9866 0.0134 
1.0000 0.0000 0.0000 0.0000 
0.0067 0.4976 0.4938 0.0019 
0.0000 0.0000 0.0000 1.0000 
0.0067 0.9933 0.0000 0.0000 
1.0000 0.0000 0.0000 0.0000 
0.0201 0.3359 0.2469 0.3971 
0.2077 0.3665 0.1780 0.2478 

MOTIF filter9 
letter-probability matrix: alength= 4 w= 17 nsites= 17 
0.2575 0.2500 0.2525 0.2400 
0.2475 0.2700 0.2350 0.2475 
0.4800 0.0225 0.1500 0.3475 
0.6150 0.0200 0.0425 0.3225 
0.4500 0.0000 0.0250 0.5250 
0.2950 0.1725 0.1575 0.3750 
0.0100 0.0000 0.0000 0.9900 
0.0000 0.0000 1.0000 0.0000 
0.0475 0.9525 0.0000 0.0000 
0.0000 0.0000 0.0000 1.0000 
0.0000 0.0000 0.9850 0.0150 
1.0000 0.0000 0.0000 0.0000 
0.0350 0.4900 0.3125 0.1625 
0.1900 0.1300 0.0500 0.6300 
0.1875 0.3775 0.1200 0.3150 
0.4825 0.0650 0.1950 0.2575 
0.1625 0.0850 0.4825 0.2700 

MOTIF filter10 
letter-probability matrix: alength= 4 w= 17 nsites= 17 
0.2420 0.2462 0.2573 0.2545 
0.2766 0.2462 0.2462 0.2310 
0.2365 0.2766 0.2503 0.2365 
0.0954 0.0263 0.3762 0.5021 
0.0028 0.9267 0.0000 0.0705 
0.0000 0.0000 0.0000 1.0000 
1.0000 0.0000 0.0000 0.0000 
0.2324 0.0000 0.0041 0.7635 
0.4357 0.0000 0.0000 0.5643 
0.5311 0.0000 0.0000 0.4689 
0.6874 0.0028 0.0000 0.3098 
0.0000 0.0014 0.0000 0.9986 
1.0000 0.0000 0.0000 0.0000 
0.0539 0.0000 0.9253 0.0207 
0.4938 0.3610 0.0443 0.1010 
0.2891 0.2213 0.2725 0.2172 
0.2517 0.2573 0.2296 0.2614 

MOTIF filter11 
letter-probability matrix: alength= 4 w= 16 nsites= 16 
0.3015 0.1508 0.3166 0.2312 
0.1508 0.3869 0.2362 0.2261 
0.0402 0.4322 0.3417 0.1859 
0.0050 0.9749 0.0000 0.0201 
0.0201 0.8643 0.0000 0.1156 
0.0000 0.9849 0.0151 0.0000 
0.0000 0.7387 0.1809 0.0804 
0.0653 0.4322 0.3367 0.1658 
0.0000 0.9598 0.0402 0.0000 
0.0000 0.9749 0.0000 0.0251 
0.0201 0.9296 0.0000 0.0503 
0.0452 0.7588 0.0000 0.1960 
0.0101 0.8141 0.0251 0.1508 
0.2261 0.2663 0.1407 0.3668 
0.2714 0.4472 0.2161 0.0653 
0.3467 0.2462 0.1307 0.2764 

MOTIF filter12 
letter-probability matrix: alength= 4 w= 15 nsites= 15 
0.2397 0.1910 0.2772 0.2921 
0.2322 0.3034 0.2434 0.2210 
0.1760 0.4569 0.1573 0.2097 
0.0899 0.8277 0.0824 0.0000 
0.0000 1.0000 0.0000 0.0000 
0.0000 0.0000 0.9064 0.0936 
0.0000 0.0000 0.8277 0.1723 
0.8989 0.1011 0.0000 0.0000 
0.8839 0.1161 0.0000 0.0000 
0.0000 0.0000 1.0000 0.0000 
0.0000 0.2697 0.1199 0.6105 
0.1086 0.1236 0.7528 0.0150 
0.2060 0.2547 0.4869 0.0524 
0.2921 0.4794 0.1648 0.0637 
0.2434 0.1648 0.1948 0.3970 

MOTIF filter13 
letter-probability matrix: alength= 4 w= 12 nsites= 12 
0.2117 0.2737 0.2655 0.2491 
0.4374 0.1825 0.2538 0.1263 
0.2386 0.3298 0.3263 0.1053 
0.0000 1.0000 0.0000 0.0000 
1.0000 0.0000 0.0000 0.0000 
0.0000 0.9977 0.0000 0.0023 
0.0000 0.0000 1.0000 0.0000 
0.0000 0.0000 0.0000 1.0000 
0.0000 0.0000 1.0000 0.0000 
0.1251 0.2924 0.3392 0.2433 
0.1135 0.2550 0.1556 0.4760 
0.2351 0.2421 0.2573 0.2655 

MOTIF filter14 
letter-probability matrix: alength= 4 w= 15 nsites= 15 
0.2584 0.2280 0.2584 0.2553 
0.2219 0.2340 0.2766 0.2675 
0.2553 0.0608 0.6322 0.0517 
0.0851 0.0000 0.8419 0.0729 
0.1824 0.0000 0.8176 0.0000 
0.0000 0.0000 1.0000 0.0000 
0.0000 0.0000 1.0000 0.0000 
0.2796 0.5593 0.0000 0.1611 
0.0000 0.0000 1.0000 0.0000 
0.0000 0.0000 1.0000 0.0000 
0.1216 0.0000 0.8784 0.0000 
0.1824 0.0213 0.7964 0.0000 
0.2006 0.5805 0.1672 0.0517 
0.2766 0.1976 0.2766 0.2492 
0.2280 0.2948 0.2340 0.2432 

MOTIF filter15 
letter-probability matrix: alength= 4 w= 12 nsites= 12 
0.2678 0.1801 0.3246 0.2275 
0.6043 0.0687 0.1185 0.2085 
0.1777 0.3057 0.4834 0.0332 
0.0000 0.0000 0.0000 1.0000 
0.0166 0.9834 0.0000 0.0000 
1.0000 0.0000 0.0000 0.0000 
0.0000 0.0000 0.9573 0.0427 
0.0000 1.0000 0.0000 0.0000 
0.9905 0.0000 0.0000 0.0095 
0.4218 0.1635 0.1445 0.2701 
0.4052 0.0545 0.0095 0.5308 
0.3744 0.0806 0.0166 0.5284 

MOTIF filter16 
letter-probability matrix: alength= 4 w= 20 nsites= 20 
0.2703 0.2973 0.1351 0.2973 
0.0270 0.1081 0.8378 0.0270 
0.5135 0.1622 0.0541 0.2703 
0.4054 0.4054 0.0811 0.1081 
0.2162 0.0000 0.2162 0.5676 
0.0270 0.2432 0.0270 0.7027 
0.6486 0.2162 0.0541 0.0811 
0.1892 0.7027 0.0811 0.0270 
0.1351 0.2432 0.4595 0.1622 
0.7568 0.0541 0.1081 0.0811 
0.1892 0.6757 0.1351 0.0000 
0.0000 0.0270 0.9189 0.0541 
0.0811 0.2162 0.2973 0.4054 
0.3243 0.1622 0.4865 0.0270 
0.0000 0.0000 0.0000 1.0000 
0.2703 0.0811 0.0270 0.6216 
0.1081 0.2973 0.5405 0.0541 
0.0541 0.7838 0.0270 0.1351 
0.0270 0.5405 0.4324 0.0000 
0.3784 0.5946 0.0270 0.0000 

MOTIF filter17 
letter-probability matrix: alength= 4 w= 15 nsites= 15 
0.3057 0.2286 0.2743 0.1914 
0.2914 0.3143 0.2171 0.1771 
0.0829 0.1800 0.5086 0.2286 
0.0000 0.8486 0.0114 0.1400 
0.0000 0.8314 0.0000 0.1686 
0.0000 1.0000 0.0000 0.0000 
0.0000 1.0000 0.0000 0.0000 
0.0857 0.0000 0.6429 0.2714 
0.0000 1.0000 0.0000 0.0000 
0.0000 1.0000 0.0000 0.0000 
0.0000 0.8057 0.0000 0.1943 
0.0686 0.8657 0.0000 0.0657 
0.0429 0.6114 0.0543 0.2914 
0.2829 0.2229 0.2514 0.2429 
0.2686 0.2457 0.2286 0.2571 

MOTIF filter18 
letter-probability matrix: alength= 4 w= 14 nsites= 14 
0.2295 0.2295 0.2918 0.2493 
0.2521 0.0340 0.6317 0.0822 
0.1445 0.0000 0.8187 0.0368 
0.1275 0.0000 0.8725 0.0000 
0.0000 0.0000 1.0000 0.0000 
0.0000 0.0000 1.0000 0.0000 
0.2861 0.5921 0.0000 0.1218 
0.0000 0.0000 1.0000 0.0000 
0.0000 0.0000 1.0000 0.0000 
0.1756 0.0000 0.8187 0.0057 
0.2181 0.0312 0.7507 0.0000 
0.1530 0.5694 0.1785 0.0992 
0.2776 0.1841 0.2918 0.2465 
0.2323 0.3116 0.1983 0.2578 

MOTIF filter19 
letter-probability matrix: alength= 4 w= 15 nsites= 15 
0.2651 0.2919 0.2248 0.2181 
0.2315 0.2349 0.2550 0.2785 
0.0034 0.8792 0.0503 0.0671 
0.0000 0.1678 0.0000 0.8322 
0.0000 0.2248 0.7483 0.0268 
1.0000 0.0000 0.0000 0.0000 
0.0000 0.0000 0.0000 1.0000 
0.0000 0.0000 0.0000 1.0000 
0.0000 0.0000 1.0000 0.0000 
0.0000 0.0000 1.0000 0.0000 
0.0369 0.3758 0.0067 0.5805 
0.0067 0.4161 0.1107 0.4664 
0.2215 0.3993 0.3087 0.0705 
0.4631 0.1510 0.3456 0.0403 
0.1644 0.1409 0.2886 0.4060 

MOTIF filter20 
letter-probability matrix: alength= 4 w= 18 nsites= 18 
0.2252 0.2453 0.2616 0.2679 
0.2088 0.2780 0.2742 0.2390 
0.2994 0.2453 0.2164 0.2390 
0.1547 0.0780 0.0403 0.7270 
0.0302 0.0881 0.6667 0.2151 
0.4151 0.3962 0.0629 0.1258 
0.0000 1.0000 0.0000 0.0000 
0.0000 0.9899 0.0013 0.0088 
0.8390 0.0000 0.0025 0.1585 
0.0214 0.0000 0.0000 0.9786 
1.0000 0.0000 0.0000 0.0000 
0.0000 0.0000 0.0000 1.0000 
1.0000 0.0000 0.0000 0.0000 
0.1484 0.0025 0.0000 0.8491 
0.0025 0.0063 0.9912 0.0000 
0.0000 0.0013 0.9987 0.0000 
0.1094 0.0503 0.3950 0.4453 
0.2201 0.6767 0.0780 0.0252 

MOTIF filter21 
letter-probability matrix: alength= 4 w= 15 nsites= 15 
0.2716 0.2448 0.2119 0.2716 
0.2754 0.2364 0.2448 0.2433 
0.1660 0.2219 0.1546 0.4575 
0.0015 0.0115 0.0008 0.9862 
0.0008 0.0000 0.0337 0.9656 
0.1285 0.8569 0.0031 0.0115 
0.0321 0.7077 0.0023 0.2578 
0.2540 0.2334 0.2525 0.2601 
0.2441 0.0000 0.7269 0.0291 
0.0084 0.0084 0.8653 0.1178 
0.9587 0.0390 0.0023 0.0000 
0.9885 0.0046 0.0069 0.0000 
0.4728 0.1423 0.2242 0.1607 
0.2318 0.2655 0.2464 0.2563 
0.2609 0.2364 0.2548 0.2479 

MOTIF filter22 
letter-probability matrix: alength= 4 w= 14 nsites= 14 
0.2356 0.2544 0.2431 0.2669 
0.2393 0.2669 0.2619 0.2318 
0.2356 0.2544 0.2544 0.2556 
0.5000 0.1228 0.3647 0.0125 
0.0000 0.0000 0.0000 1.0000 
0.0000 0.0000 0.0213 0.9787 
0.2895 0.0000 0.6366 0.0739 
0.0038 0.9236 0.0013 0.0714 
0.0852 0.0013 0.9123 0.0013 
0.0689 0.6892 0.0000 0.2419 
0.9787 0.0213 0.0000 0.0000 
1.0000 0.0000 0.0000 0.0000 
0.0075 0.3534 0.1241 0.5150 
0.2782 0.2481 0.2682 0.2055 

MOTIF filter23 
letter-probability matrix: alength= 4 w= 16 nsites= 16 
0.2156 0.2884 0.2520 0.2439 
0.2372 0.2978 0.2399 0.2251 
0.1011 0.0701 0.3625 0.4663 
0.0108 0.9474 0.0000 0.0418 
0.0000 0.0013 0.0000 0.9987 
1.0000 0.0000 0.0000 0.0000 
0.2898 0.0000 0.0000 0.7102 
0.4933 0.0013 0.0000 0.5054 
0.5916 0.0000 0.0000 0.4084 
0.7480 0.0000 0.0000 0.2520 
0.0013 0.0000 0.0000 0.9987 
1.0000 0.0000 0.0000 0.0000 
0.0849 0.0000 0.9016 0.0135 
0.4609 0.3531 0.0485 0.1375 
0.2655 0.2210 0.2507 0.2628 
0.2642 0.2709 0.2520 0.2129 

MOTIF filter24 
letter-probability matrix: alength= 4 w= 12 nsites= 12 
0.3849 0.0215 0.2429 0.3507 
0.4923 0.1044 0.1058 0.2975 
0.2308 0.2764 0.3067 0.1860 
0.0092 0.2529 0.1048 0.6331 
0.2138 0.2846 0.4743 0.0272 
0.3434 0.5889 0.0444 0.0233 
0.0025 0.0342 0.3904 0.5729 
0.0094 0.3663 0.5879 0.0364 
0.8856 0.0947 0.0023 0.0174 
0.1269 0.2662 0.4459 0.1610 
0.1170 0.2873 0.2112 0.3845 
0.4293 0.0880 0.0606 0.4221 

MOTIF filter25 
letter-probability matrix: alength= 4 w= 16 nsites= 16 
0.2614 0.2625 0.2404 0.2357 
0.2439 0.2707 0.2485 0.2369 
0.1167 0.0572 0.3442 0.4819 
0.0408 0.8670 0.0000 0.0922 
0.0000 0.0012 0.0000 0.9988 
1.0000 0.0000 0.0000 0.0000 
0.2695 0.0000 0.0035 0.7270 
0.4749 0.0000 0.0000 0.5251 
0.5648 0.0000 0.0000 0.4352 
0.7153 0.0000 0.0000 0.2847 
0.0000 0.0000 0.0000 1.0000 
0.9977 0.0000 0.0023 0.0000 
0.0863 0.0000 0.9032 0.0105 
0.4562 0.3652 0.0502 0.1284 
0.2812 0.2287 0.2579 0.2322 
0.2474 0.2800 0.2345 0.2380 

MOTIF filter26 
letter-probability matrix: alength= 4 w= 15 nsites= 15 
0.2143 0.4451 0.1593 0.1813 
0.2225 0.3654 0.3132 0.0989 
0.3462 0.0000 0.2335 0.4203 
0.1374 0.0027 0.8297 0.0302 
0.2582 0.0000 0.0000 0.7418 
0.0000 0.1264 0.8736 0.0000 
0.6951 0.0000 0.0000 0.3049 
0.0137 0.8214 0.1648 0.0000 
0.3874 0.0000 0.0000 0.6126 
0.0824 0.9038 0.0000 0.0137 
0.8901 0.1044 0.0000 0.0055 
0.0275 0.0385 0.5247 0.4093 
0.2830 0.2390 0.4148 0.0632 
0.0687 0.2143 0.3874 0.3297 
0.2967 0.2665 0.2115 0.2253 

MOTIF filter27 
letter-probability matrix: alength= 4 w= 11 nsites= 11 
0.2434 0.2400 0.2640 0.2526 
0.4354 0.1783 0.2846 0.1017 
0.2217 0.3326 0.3303 0.1154 
0.0000 1.0000 0.0000 0.0000 
1.0000 0.0000 0.0000 0.0000 
0.0000 1.0000 0.0000 0.0000 
0.0046 0.0000 0.9954 0.0000 
0.0000 0.0000 0.0000 1.0000 
0.0000 0.0000 1.0000 0.0000 
0.1337 0.3131 0.3257 0.2274 
0.1371 0.2309 0.1726 0.4594 

MOTIF filter28 
letter-probability matrix: alength= 4 w= 16 nsites= 16 
0.3989 0.2268 0.1803 0.1940 
0.0847 0.3661 0.1093 0.4399 
0.0519 0.3197 0.3607 0.2678 
0.4454 0.1148 0.4399 0.0000 
0.5984 0.0137 0.3415 0.0464 
0.0000 1.0000 0.0000 0.0000 
0.0000 1.0000 0.0000 0.0000 
1.0000 0.0000 0.0000 0.0000 
1.0000 0.0000 0.0000 0.0000 
0.0000 0.0000 0.0000 1.0000 
0.0328 0.7705 0.1967 0.0000 
0.8689 0.0000 0.1311 0.0000 
0.0464 0.0929 0.8579 0.0027 
0.2268 0.2650 0.2377 0.2705 
0.2678 0.2186 0.2896 0.2240 
0.2514 0.2923 0.1940 0.2623 

MOTIF filter29 
letter-probability matrix: alength= 4 w= 16 nsites= 16 
0.2833 0.2209 0.2476 0.2482 
0.3431 0.0117 0.2690 0.3762 
0.0422 0.0812 0.0097 0.8668 
0.2242 0.3229 0.1449 0.3080 
0.6485 0.0598 0.2300 0.0617 
0.1391 0.0188 0.1767 0.6654 
0.2781 0.0949 0.2021 0.4250 
0.1917 0.0377 0.3801 0.3905 
0.2969 0.2346 0.0721 0.3964 
0.0279 0.1105 0.4925 0.3691 
0.2404 0.4301 0.0000 0.3294 
0.6277 0.0065 0.3652 0.0006 
0.4314 0.5166 0.0136 0.0383 
0.3418 0.3281 0.2346 0.0955 
0.4639 0.1644 0.0884 0.2833 
0.4789 0.1209 0.1442 0.2560 

MOTIF filter30 
letter-probability matrix: alength= 4 w= 12 nsites= 12 
0.2531 0.2575 0.2444 0.2450 
0.2537 0.2537 0.2213 0.2712 
0.2537 0.2456 0.2338 0.2668 
0.6278 0.0000 0.0000 0.3722 
0.0000 0.0000 0.0000 1.0000 
0.0000 0.0168 0.0000 0.9832 
0.9426 0.0000 0.0574 0.0000 
1.0000 0.0000 0.0000 0.0000 
0.3834 0.0000 0.0000 0.6166 
0.2625 0.2400 0.2431 0.2544 
0.2500 0.2431 0.2575 0.2494 
0.2581 0.2662 0.2288 0.2469 

MOTIF filter31 
letter-probability matrix: alength= 4 w= 15 nsites= 15 
0.2857 0.3247 0.1916 0.1981 
0.2662 0.2760 0.2175 0.2403 
0.2565 0.2143 0.2760 0.2532 
0.0000 0.8734 0.0617 0.0649 
0.0000 0.1786 0.0032 0.8182 
0.0000 0.2305 0.7565 0.0130 
1.0000 0.0000 0.0000 0.0000 
0.0000 0.0000 0.0000 1.0000 
0.0000 0.0000 0.0000 1.0000 
0.0000 0.0000 1.0000 0.0000 
0.0000 0.0000 1.0000 0.0000 
0.0422 0.4058 0.0000 0.5519 
0.0097 0.4545 0.1396 0.3961 
0.1591 0.4805 0.3312 0.0292 
0.5130 0.1299 0.2857 0.0714 

