MEME version 4

ALPHABET= ACGT

Background letter frequencies:
A 0.2500 C 0.2500 G 0.2500 T 0.2500 

MOTIF filter0 
letter-probability matrix: alength= 4 w= 10 nsites= 10 
0.2592 0.2738 0.2397 0.2272 
0.2557 0.2662 0.2300 0.2481 
0.1869 0.2391 0.2724 0.3016 
0.7283 0.0000 0.0000 0.2717 
0.0000 0.0000 0.0000 1.0000 
0.0000 0.0549 0.0000 0.9451 
0.8756 0.0000 0.1244 0.0000 
1.0000 0.0000 0.0000 0.0000 
0.2502 0.0000 0.0000 0.7498 
0.2940 0.2509 0.2745 0.1807 

MOTIF filter1 
letter-probability matrix: alength= 4 w= 17 nsites= 17 
0.2201 0.2276 0.2649 0.2873 
0.2425 0.2724 0.2910 0.1940 
0.1828 0.0522 0.6007 0.1642 
0.1007 0.6828 0.1007 0.1157 
0.2313 0.3396 0.2724 0.1567 
0.0373 0.0410 0.8246 0.0970 
0.0075 0.9664 0.0112 0.0149 
0.0112 0.9813 0.0037 0.0037 
1.0000 0.0000 0.0000 0.0000 
0.2463 0.0000 0.0000 0.7537 
0.1082 0.3433 0.2761 0.2724 
0.2948 0.0000 0.0000 0.7052 
0.0000 0.0037 0.0000 0.9963 
0.0000 0.0336 0.9590 0.0075 
0.1791 0.1119 0.5410 0.1679 
0.1642 0.5336 0.1567 0.1455 
0.1866 0.2799 0.3209 0.2127 

MOTIF filter2 
letter-probability matrix: alength= 4 w= 13 nsites= 13 
0.2179 0.1918 0.1557 0.4346 
0.1768 0.1719 0.4545 0.1968 
0.2067 0.1158 0.2727 0.4047 
0.0100 0.9888 0.0000 0.0012 
0.0000 0.3462 0.0000 0.6538 
0.9975 0.0025 0.0000 0.0000 
0.2391 0.0000 0.0000 0.7609 
0.7696 0.0000 0.0000 0.2304 
0.4633 0.0000 0.0012 0.5355 
0.9465 0.0000 0.0000 0.0535 
0.0000 0.0000 0.0000 1.0000 
0.6588 0.0000 0.3412 0.0000 
0.0399 0.0000 0.9601 0.0000 

MOTIF filter3 
letter-probability matrix: alength= 4 w= 19 nsites= 19 
0.2694 0.3639 0.1551 0.2116 
0.4584 0.2447 0.2348 0.0621 
0.0501 0.4563 0.3724 0.1213 
0.0783 0.7560 0.0261 0.1396 
0.0825 0.4584 0.1982 0.2609 
0.4006 0.1834 0.2419 0.1742 
0.0494 0.2920 0.1728 0.4859 
0.6142 0.2934 0.0832 0.0092 
0.0000 0.0825 0.0663 0.8512 
0.6417 0.0783 0.1763 0.1037 
0.2052 0.0832 0.0571 0.6544 
0.7116 0.1629 0.1037 0.0219 
0.0804 0.3096 0.4929 0.1171 
0.1016 0.1911 0.4598 0.2475 
0.3089 0.4612 0.1636 0.0663 
0.0056 0.2066 0.3018 0.4859 
0.5684 0.1481 0.1319 0.1516 
0.0134 0.5522 0.1594 0.2750 
0.1516 0.1798 0.3251 0.3434 

MOTIF filter4 
letter-probability matrix: alength= 4 w= 15 nsites= 15 
0.1588 0.3562 0.1888 0.2961 
0.0601 0.2232 0.4206 0.2961 
0.0215 0.5064 0.2146 0.2575 
0.0687 0.7725 0.1030 0.0558 
0.7082 0.0086 0.2661 0.0172 
0.0000 0.9442 0.0300 0.0258 
0.0000 0.0000 0.0000 1.0000 
0.0000 0.0000 0.0000 1.0000 
0.0043 0.9914 0.0000 0.0043 
0.0000 1.0000 0.0000 0.0000 
0.0000 0.0000 0.9828 0.0172 
0.0000 0.1717 0.8069 0.0215 
0.2790 0.1974 0.2661 0.2575 
0.2103 0.2961 0.1888 0.3047 
0.2318 0.2446 0.2661 0.2575 

MOTIF filter5 
letter-probability matrix: alength= 4 w= 19 nsites= 19 
0.2424 0.2904 0.2121 0.2551 
0.2689 0.0404 0.0429 0.6477 
0.3131 0.0303 0.0568 0.5997 
0.2285 0.0000 0.0227 0.7487 
0.1351 0.0126 0.0088 0.8434 
0.4230 0.2184 0.0366 0.3220 
0.7475 0.0417 0.0758 0.1351 
0.1881 0.0404 0.1301 0.6414 
0.4104 0.1742 0.2967 0.1187 
0.0354 0.2727 0.2955 0.3965 
0.4962 0.4609 0.0240 0.0189 
0.0126 0.1275 0.6843 0.1755 
0.1957 0.5177 0.1894 0.0972 
0.2361 0.2702 0.0934 0.4003 
0.2980 0.2879 0.1414 0.2727 
0.5189 0.0379 0.4003 0.0429 
0.3649 0.2121 0.3990 0.0240 
0.4015 0.3333 0.2033 0.0619 
0.2083 0.1402 0.2967 0.3548 

MOTIF filter6 
letter-probability matrix: alength= 4 w= 15 nsites= 15 
0.2130 0.2347 0.3032 0.2491 
0.1697 0.1588 0.3791 0.2924 
0.0036 0.5018 0.2383 0.2563 
0.0253 0.7184 0.1083 0.1480 
0.7581 0.0000 0.2419 0.0000 
0.0000 0.9242 0.0036 0.0722 
0.0000 0.0000 0.0000 1.0000 
0.0000 0.0000 0.0000 1.0000 
0.0000 1.0000 0.0000 0.0000 
0.0000 1.0000 0.0000 0.0000 
0.0000 0.0000 0.9856 0.0144 
0.0000 0.1444 0.8556 0.0000 
0.2491 0.2166 0.2310 0.3032 
0.2383 0.2274 0.2635 0.2708 
0.2347 0.1949 0.2419 0.3285 

MOTIF filter7 
letter-probability matrix: alength= 4 w= 13 nsites= 13 
0.2908 0.2530 0.2570 0.1992 
0.2729 0.2769 0.2191 0.2311 
0.0857 0.1992 0.4701 0.2450 
0.0000 0.7530 0.0398 0.2072 
0.0020 0.7908 0.0000 0.2072 
0.0000 1.0000 0.0000 0.0000 
0.0000 1.0000 0.0000 0.0000 
0.1155 0.0000 0.5876 0.2968 
0.0000 1.0000 0.0000 0.0000 
0.0000 1.0000 0.0000 0.0000 
0.0000 0.7829 0.0000 0.2171 
0.1036 0.7590 0.0000 0.1375 
0.0458 0.5857 0.0817 0.2869 

MOTIF filter8 
letter-probability matrix: alength= 4 w= 17 nsites= 17 
0.2604 0.2382 0.2438 0.2576 
0.2604 0.2742 0.2576 0.2078 
0.2299 0.2382 0.2521 0.2798 
0.1108 0.0139 0.6898 0.1856 
0.0831 0.7036 0.1219 0.0914 
0.2964 0.3407 0.2576 0.1053 
0.0554 0.0000 0.8255 0.1191 
0.0000 1.0000 0.0000 0.0000 
0.0000 1.0000 0.0000 0.0000 
1.0000 0.0000 0.0000 0.0000 
0.0000 0.0000 0.0000 1.0000 
0.0055 0.4543 0.1357 0.4044 
0.0000 0.0194 0.0000 0.9806 
0.0000 0.0111 0.0000 0.9889 
0.1053 0.0970 0.6537 0.1440 
0.2936 0.2327 0.2216 0.2521 
0.2161 0.2576 0.2604 0.2659 

MOTIF filter9 
letter-probability matrix: alength= 4 w= 16 nsites= 16 
0.2232 0.2760 0.2323 0.2685 
0.2594 0.2398 0.2549 0.2459 
0.2443 0.2549 0.2443 0.2564 
0.4992 0.1086 0.3831 0.0090 
0.0000 0.0000 0.0000 1.0000 
0.0000 0.0000 0.0332 0.9668 
0.2670 0.0000 0.6848 0.0483 
0.0045 0.9382 0.0000 0.0573 
0.0679 0.0060 0.9261 0.0000 
0.0452 0.7074 0.0000 0.2474 
1.0000 0.0000 0.0000 0.0000 
1.0000 0.0000 0.0000 0.0000 
0.0075 0.3861 0.0860 0.5204 
0.2730 0.2549 0.2836 0.1885 
0.2428 0.2232 0.2519 0.2821 
0.2398 0.2443 0.2609 0.2549 

MOTIF filter10 
letter-probability matrix: alength= 4 w= 15 nsites= 15 
0.2550 0.2521 0.2550 0.2379 
0.2650 0.2550 0.2621 0.2179 
0.2322 0.2892 0.2536 0.2251 
0.0826 0.0299 0.3875 0.5000 
0.0043 0.8946 0.0000 0.1011 
0.0000 0.0000 0.0000 1.0000 
1.0000 0.0000 0.0000 0.0000 
0.2080 0.0000 0.0028 0.7892 
0.3917 0.0000 0.0000 0.6083 
0.5000 0.0000 0.0000 0.5000 
0.6595 0.0000 0.0000 0.3405 
0.0000 0.0000 0.0000 1.0000 
1.0000 0.0000 0.0000 0.0000 
0.0456 0.0000 0.9302 0.0242 
0.4900 0.3732 0.0342 0.1026 

MOTIF filter11 
letter-probability matrix: alength= 4 w= 15 nsites= 15 
0.2321 0.2351 0.2321 0.3006 
0.2589 0.2202 0.3036 0.2173 
0.2321 0.2589 0.2500 0.2589 
0.0030 0.8571 0.1399 0.0000 
0.0179 0.9821 0.0000 0.0000 
0.0000 0.0000 1.0000 0.0000 
0.0000 0.0000 1.0000 0.0000 
1.0000 0.0000 0.0000 0.0000 
1.0000 0.0000 0.0000 0.0000 
0.0238 0.0089 0.9673 0.0000 
0.0268 0.3065 0.0060 0.6607 
0.2024 0.1042 0.6458 0.0476 
0.2470 0.2768 0.4554 0.0208 
0.1935 0.3869 0.2530 0.1667 
0.2262 0.2768 0.2411 0.2560 

MOTIF filter12 
letter-probability matrix: alength= 4 w= 20 nsites= 20 
0.2876 0.2371 0.2335 0.2419 
0.1480 0.0927 0.0385 0.7208 
0.0325 0.0890 0.6679 0.2106 
0.4200 0.3742 0.0927 0.1131 
0.0000 0.9988 0.0012 0.0000 
0.0000 0.9988 0.0000 0.0012 
0.8520 0.0000 0.0012 0.1468 
0.0060 0.0000 0.0000 0.9940 
0.9807 0.0144 0.0012 0.0036 
0.0000 0.0000 0.0000 1.0000 
0.9687 0.0012 0.0000 0.0301 
0.1576 0.0024 0.0072 0.8327 
0.0072 0.0108 0.9795 0.0024 
0.0012 0.0024 0.9916 0.0048 
0.1023 0.0662 0.3851 0.4465 
0.2286 0.6582 0.0782 0.0349 
0.7413 0.0277 0.0662 0.1649 
0.2094 0.2852 0.2479 0.2575 
0.2310 0.2696 0.2503 0.2491 
0.2383 0.2323 0.2671 0.2623 

MOTIF filter13 
letter-probability matrix: alength= 4 w= 15 nsites= 15 
0.2569 0.2812 0.2188 0.2431 
0.2639 0.2118 0.2882 0.2361 
0.2118 0.2257 0.3090 0.2535 
0.0035 0.8958 0.1007 0.0000 
0.0278 0.9722 0.0000 0.0000 
0.0000 0.0000 1.0000 0.0000 
0.0000 0.0000 1.0000 0.0000 
1.0000 0.0000 0.0000 0.0000 
1.0000 0.0000 0.0000 0.0000 
0.0417 0.0139 0.9444 0.0000 
0.0139 0.2812 0.0139 0.6910 
0.1181 0.0694 0.7674 0.0451 
0.2569 0.2500 0.4826 0.0104 
0.2396 0.3681 0.2118 0.1806 
0.1771 0.3229 0.2778 0.2222 

MOTIF filter14 
letter-probability matrix: alength= 4 w= 13 nsites= 13 
0.2450 0.2290 0.2620 0.2640 
0.2310 0.1670 0.3970 0.2050 
0.3980 0.2270 0.3620 0.0130 
0.0000 0.0000 0.0000 1.0000 
0.0000 0.0000 1.0000 0.0000 
1.0000 0.0000 0.0000 0.0000 
0.0000 0.5020 0.4980 0.0000 
0.0000 0.0000 0.0000 1.0000 
0.0010 0.9990 0.0000 0.0000 
1.0000 0.0000 0.0000 0.0000 
0.0140 0.3270 0.2550 0.4040 
0.2200 0.3600 0.1860 0.2340 
0.2620 0.2160 0.2740 0.2480 

MOTIF filter15 
letter-probability matrix: alength= 4 w= 15 nsites= 15 
0.2490 0.2686 0.2431 0.2392 
0.1902 0.2510 0.2471 0.3118 
0.5784 0.0471 0.3706 0.0039 
0.0000 0.0020 0.0000 0.9980 
0.0020 0.0020 0.0118 0.9843 
0.2176 0.0078 0.7216 0.0529 
0.0000 0.9412 0.0020 0.0569 
0.0235 0.0000 0.9765 0.0000 
0.0706 0.6745 0.0000 0.2549 
0.9686 0.0314 0.0000 0.0000 
0.9980 0.0020 0.0000 0.0000 
0.0039 0.2216 0.1196 0.6549 
0.3157 0.2275 0.2314 0.2255 
0.2118 0.2196 0.3078 0.2608 
0.2725 0.2333 0.2686 0.2255 

MOTIF filter16 
letter-probability matrix: alength= 4 w= 16 nsites= 16 
0.2400 0.2618 0.2073 0.2909 
0.1382 0.6200 0.1727 0.0691 
0.9291 0.0000 0.0527 0.0182 
0.8000 0.0745 0.0745 0.0509 
0.4018 0.1382 0.4055 0.0545 
0.8309 0.0564 0.1127 0.0000 
0.0018 0.1364 0.0127 0.8491 
0.0764 0.0600 0.8636 0.0000 
0.0091 0.0000 0.9891 0.0018 
0.2691 0.6200 0.0055 0.1055 
0.3109 0.1927 0.2527 0.2436 
0.0055 0.0436 0.9018 0.0491 
0.0436 0.8655 0.0018 0.0891 
0.2436 0.2545 0.2891 0.2127 
0.2036 0.2818 0.3400 0.1745 
0.2382 0.2436 0.2691 0.2491 

MOTIF filter17 
letter-probability matrix: alength= 4 w= 13 nsites= 13 
0.2450 0.1775 0.3692 0.2083 
0.4521 0.1728 0.3751 0.0000 
0.0000 0.0000 0.0000 1.0000 
0.0000 0.0000 1.0000 0.0000 
1.0000 0.0000 0.0000 0.0000 
0.0000 0.4970 0.5030 0.0000 
0.0000 0.0000 0.0000 1.0000 
0.0000 1.0000 0.0000 0.0000 
1.0000 0.0000 0.0000 0.0000 
0.0000 0.3799 0.1787 0.4414 
0.2201 0.3751 0.1586 0.2462 
0.2391 0.2213 0.2876 0.2521 
0.2521 0.2497 0.2615 0.2367 

MOTIF filter18 
letter-probability matrix: alength= 4 w= 11 nsites= 11 
0.5901 0.0814 0.2326 0.0959 
0.0000 0.9913 0.0000 0.0087 
0.0000 0.0000 0.0000 1.0000 
0.0000 0.0000 0.0000 1.0000 
0.0000 1.0000 0.0000 0.0000 
0.0000 1.0000 0.0000 0.0000 
0.0000 0.0000 0.9884 0.0116 
0.0000 0.0756 0.9244 0.0000 
0.3052 0.2064 0.2006 0.2878 
0.2355 0.2471 0.2703 0.2471 
0.2674 0.2297 0.2442 0.2587 

MOTIF filter19 
letter-probability matrix: alength= 4 w= 16 nsites= 16 
0.2485 0.2757 0.2331 0.2426 
0.2462 0.2675 0.2497 0.2367 
0.1030 0.0615 0.3456 0.4899 
0.0249 0.8817 0.0000 0.0935 
0.0000 0.0000 0.0000 1.0000 
1.0000 0.0000 0.0000 0.0000 
0.2639 0.0000 0.0000 0.7361 
0.4533 0.0000 0.0000 0.5467 
0.5527 0.0000 0.0000 0.4473 
0.6959 0.0000 0.0000 0.3041 
0.0000 0.0000 0.0000 1.0000 
1.0000 0.0000 0.0000 0.0000 
0.0781 0.0000 0.8959 0.0260 
0.4604 0.3586 0.0485 0.1325 
0.2769 0.2296 0.2639 0.2296 
0.2497 0.2722 0.2355 0.2426 

MOTIF filter20 
letter-probability matrix: alength= 4 w= 10 nsites= 10 
0.2702 0.2197 0.2386 0.2715 
0.2841 0.2020 0.2134 0.3005 
0.2664 0.2588 0.2399 0.2348 
0.8750 0.0934 0.0316 0.0000 
0.0000 0.0000 0.0000 1.0000 
0.0000 0.2323 0.0000 0.7677 
0.5366 0.0000 0.0000 0.4634 
0.7980 0.0000 0.2020 0.0000 
1.0000 0.0000 0.0000 0.0000 
0.0354 0.0631 0.0581 0.8434 

MOTIF filter21 
letter-probability matrix: alength= 4 w= 20 nsites= 20 
0.2200 0.2825 0.2738 0.2237 
0.2850 0.2425 0.2250 0.2475 
0.1538 0.0750 0.0375 0.7337 
0.0288 0.0887 0.6637 0.2188 
0.4025 0.4112 0.0637 0.1225 
0.0012 0.9937 0.0037 0.0012 
0.0000 0.9900 0.0025 0.0075 
0.8288 0.0000 0.0088 0.1625 
0.0225 0.0000 0.0000 0.9775 
1.0000 0.0000 0.0000 0.0000 
0.0000 0.0025 0.0012 0.9962 
0.9887 0.0000 0.0000 0.0113 
0.1575 0.0025 0.0000 0.8400 
0.0012 0.0012 0.9975 0.0000 
0.0000 0.0000 0.9975 0.0025 
0.0962 0.0637 0.4025 0.4375 
0.2163 0.6775 0.0825 0.0237 
0.7650 0.0050 0.0538 0.1762 
0.2475 0.2850 0.2288 0.2387 
0.2175 0.2637 0.2625 0.2562 

MOTIF filter22 
letter-probability matrix: alength= 4 w= 13 nsites= 13 
0.2508 0.2403 0.2507 0.2583 
0.2693 0.1613 0.4003 0.1691 
0.2681 0.0216 0.4880 0.2223 
0.3478 0.0540 0.5591 0.0391 
0.0263 0.0748 0.8239 0.0750 
0.0664 0.1036 0.7542 0.0758 
0.3267 0.4255 0.0014 0.2463 
0.0759 0.0757 0.7774 0.0710 
0.0902 0.0657 0.7632 0.0810 
0.3224 0.0231 0.5507 0.1037 
0.3064 0.1785 0.4949 0.0202 
0.2363 0.3398 0.2533 0.1705 
0.2428 0.2573 0.2631 0.2368 

MOTIF filter23 
letter-probability matrix: alength= 4 w= 16 nsites= 16 
0.2285 0.2361 0.2677 0.2677 
0.2083 0.2904 0.2816 0.2197 
0.3005 0.2336 0.2222 0.2437 
0.1641 0.0657 0.0354 0.7348 
0.0303 0.0795 0.6679 0.2222 
0.4318 0.3902 0.0669 0.1111 
0.0000 0.9962 0.0038 0.0000 
0.0000 0.9987 0.0000 0.0013 
0.8258 0.0025 0.0076 0.1641 
0.0076 0.0000 0.0000 0.9924 
1.0000 0.0000 0.0000 0.0000 
0.0000 0.0000 0.0000 1.0000 
1.0000 0.0000 0.0000 0.0000 
0.1452 0.0013 0.0000 0.8535 
0.0013 0.0038 0.9949 0.0000 
0.0000 0.0000 1.0000 0.0000 

MOTIF filter24 
letter-probability matrix: alength= 4 w= 20 nsites= 20 
0.0000 0.0000 0.0000 1.0000 
0.0000 0.0000 1.0000 0.0000 
0.0000 0.0000 1.0000 0.0000 
0.0000 1.0000 0.0000 0.0000 
0.0000 1.0000 0.0000 0.0000 
0.0000 1.0000 0.0000 0.0000 
0.0000 0.0000 0.0000 1.0000 
0.0000 0.0000 1.0000 0.0000 
0.0000 0.0000 1.0000 0.0000 
0.0000 1.0000 0.0000 0.0000 
0.0000 0.0000 0.0000 1.0000 
0.0000 1.0000 0.0000 0.0000 
0.0000 0.0000 0.0000 1.0000 
0.0000 1.0000 0.0000 0.0000 
1.0000 0.0000 0.0000 0.0000 
0.0000 0.0000 1.0000 0.0000 
0.0000 1.0000 0.0000 0.0000 
0.0000 0.0000 1.0000 0.0000 
0.0000 0.0000 1.0000 0.0000 
0.0000 0.0000 1.0000 0.0000 

MOTIF filter25 
letter-probability matrix: alength= 4 w= 12 nsites= 12 
0.2329 0.2831 0.2580 0.2260 
0.2717 0.2123 0.2215 0.2945 
0.1849 0.5890 0.1370 0.0890 
1.0000 0.0000 0.0000 0.0000 
0.9909 0.0000 0.0091 0.0000 
0.4201 0.1027 0.4658 0.0114 
1.0000 0.0000 0.0000 0.0000 
0.0000 0.0000 0.0000 1.0000 
0.0000 0.0000 1.0000 0.0000 
0.0000 0.0000 1.0000 0.0000 
0.0594 0.8425 0.0000 0.0982 
0.1301 0.2123 0.3904 0.2671 

MOTIF filter26 
letter-probability matrix: alength= 4 w= 20 nsites= 20 
0.2372 0.2730 0.2423 0.2474 
0.0333 0.5043 0.1706 0.2918 
0.1493 0.7235 0.0666 0.0606 
0.1945 0.5478 0.1135 0.1442 
0.0188 0.2474 0.3422 0.3916 
0.0512 0.6365 0.0188 0.2935 
0.0265 0.6613 0.0418 0.2705 
0.0068 0.3174 0.1647 0.5111 
0.1621 0.3814 0.0171 0.4394 
0.5666 0.2133 0.1527 0.0674 
0.1203 0.1007 0.7466 0.0324 
0.1007 0.0853 0.7159 0.0981 
0.0990 0.3012 0.4684 0.1314 
0.2969 0.0879 0.4514 0.1638 
0.1792 0.0538 0.3831 0.3840 
0.2440 0.1843 0.5009 0.0708 
0.1433 0.0759 0.7090 0.0717 
0.2150 0.1578 0.5051 0.1220 
0.4377 0.0887 0.3336 0.1399 
0.1570 0.1775 0.4343 0.2312 

MOTIF filter27 
letter-probability matrix: alength= 4 w= 15 nsites= 15 
0.2718 0.1920 0.2868 0.2494 
0.6060 0.0698 0.1197 0.2045 
0.1895 0.3167 0.4389 0.0549 
0.0000 0.0000 0.0000 1.0000 
0.0100 0.9900 0.0000 0.0000 
1.0000 0.0000 0.0000 0.0000 
0.0000 0.0000 0.9726 0.0274 
0.0000 1.0000 0.0000 0.0000 
1.0000 0.0000 0.0000 0.0000 
0.4289 0.1721 0.1372 0.2618 
0.4289 0.0424 0.0050 0.5237 
0.3815 0.0748 0.0100 0.5337 
0.3092 0.1172 0.0299 0.5436 
0.2793 0.2344 0.2244 0.2618 
0.2668 0.2768 0.2369 0.2195 

MOTIF filter28 
letter-probability matrix: alength= 4 w= 17 nsites= 17 
0.2640 0.2487 0.2487 0.2386 
0.2437 0.2741 0.2386 0.2437 
0.4898 0.0178 0.1447 0.3477 
0.6142 0.0228 0.0431 0.3198 
0.4543 0.0025 0.0305 0.5127 
0.3020 0.1675 0.1447 0.3858 
0.0102 0.0000 0.0000 0.9898 
0.0000 0.0000 1.0000 0.0000 
0.0508 0.9492 0.0000 0.0000 
0.0000 0.0000 0.0000 1.0000 
0.0000 0.0000 0.9848 0.0152 
1.0000 0.0000 0.0000 0.0000 
0.0381 0.4822 0.3173 0.1624 
0.1878 0.1345 0.0508 0.6269 
0.1904 0.3858 0.1193 0.3046 
0.4949 0.0635 0.1904 0.2513 
0.1675 0.0711 0.4848 0.2766 

MOTIF filter29 
letter-probability matrix: alength= 4 w= 16 nsites= 16 
0.2293 0.2614 0.2597 0.2496 
0.2361 0.2563 0.2530 0.2546 
0.2293 0.2664 0.2513 0.2530 
0.5464 0.1231 0.3305 0.0000 
0.0000 0.0000 0.0000 1.0000 
0.0000 0.0000 0.0051 0.9949 
0.2816 0.0000 0.6695 0.0489 
0.0000 0.9916 0.0000 0.0084 
0.0438 0.0000 0.9562 0.0000 
0.0573 0.7184 0.0000 0.2243 
0.9831 0.0169 0.0000 0.0000 
1.0000 0.0000 0.0000 0.0000 
0.0000 0.3305 0.1535 0.5160 
0.2664 0.2563 0.2884 0.1889 
0.2108 0.1973 0.2749 0.3170 
0.2917 0.2344 0.2462 0.2277 

MOTIF filter30 
letter-probability matrix: alength= 4 w= 16 nsites= 16 
0.2868 0.2244 0.2357 0.2531 
0.2643 0.2219 0.2406 0.2731 
0.2419 0.2032 0.1658 0.3890 
0.0436 0.1172 0.1085 0.7307 
0.0000 0.0012 0.0000 0.9988 
0.0000 0.3653 0.0075 0.6272 
0.0399 0.9601 0.0000 0.0000 
0.0586 0.5561 0.0012 0.3840 
0.4227 0.0237 0.4464 0.1072 
0.0000 0.0000 0.9900 0.0100 
0.3716 0.0062 0.6072 0.0150 
1.0000 0.0000 0.0000 0.0000 
0.9264 0.0187 0.0474 0.0075 
0.4651 0.1085 0.2244 0.2020 
0.2581 0.2706 0.2120 0.2594 
0.2294 0.2469 0.2893 0.2344 

MOTIF filter31 
letter-probability matrix: alength= 4 w= 14 nsites= 14 
0.2641 0.2411 0.2357 0.2591 
0.2160 0.2573 0.1868 0.3399 
0.0473 0.0714 0.0389 0.8424 
0.0330 0.0260 0.1178 0.8232 
0.2535 0.6743 0.0321 0.0402 
0.0947 0.5692 0.0176 0.3186 
0.2372 0.2397 0.2522 0.2709 
0.3379 0.0147 0.5595 0.0878 
0.0298 0.0432 0.6870 0.2401 
0.8037 0.1366 0.0226 0.0371 
0.8464 0.0498 0.0687 0.0351 
0.3487 0.1988 0.2325 0.2200 
0.2300 0.2487 0.2542 0.2671 
0.2521 0.2522 0.2569 0.2388 

