MEME version 4

ALPHABET= ACGT

Background letter frequencies:
A 0.2500 C 0.2500 G 0.2500 T 0.2500 

MOTIF filter0 
letter-probability matrix: alength= 4 w= 13 nsites= 13 
0.2467 0.2364 0.2590 0.2580 
0.2312 0.1686 0.3957 0.2045 
0.3977 0.2271 0.3679 0.0072 
0.0000 0.0000 0.0000 1.0000 
0.0000 0.0000 1.0000 0.0000 
1.0000 0.0000 0.0000 0.0000 
0.0000 0.5046 0.4954 0.0000 
0.0000 0.0000 0.0000 1.0000 
0.0000 1.0000 0.0000 0.0000 
1.0000 0.0000 0.0000 0.0000 
0.0051 0.3350 0.2539 0.4060 
0.2179 0.3566 0.1860 0.2395 
0.2580 0.2179 0.2765 0.2477 

MOTIF filter1 
letter-probability matrix: alength= 4 w= 15 nsites= 15 
0.2628 0.2417 0.2054 0.2900 
0.2659 0.2266 0.2598 0.2477 
0.2175 0.2719 0.2659 0.2447 
0.0030 0.8882 0.1088 0.0000 
0.0302 0.9698 0.0000 0.0000 
0.0000 0.0000 1.0000 0.0000 
0.0000 0.0000 1.0000 0.0000 
1.0000 0.0000 0.0000 0.0000 
1.0000 0.0000 0.0000 0.0000 
0.0453 0.0060 0.9486 0.0000 
0.0242 0.3142 0.0060 0.6556 
0.1631 0.0876 0.6979 0.0514 
0.2628 0.2508 0.4683 0.0181 
0.2054 0.3716 0.2598 0.1631 
0.1964 0.3142 0.2538 0.2356 

MOTIF filter2 
letter-probability matrix: alength= 4 w= 20 nsites= 20 
0.2448 0.2585 0.2440 0.2528 
0.0153 0.1139 0.4577 0.4130 
0.2118 0.5443 0.2025 0.0415 
0.0044 0.4553 0.3144 0.2258 
0.3937 0.0572 0.5060 0.0431 
0.0036 0.3808 0.3981 0.2174 
0.0089 0.4283 0.1638 0.3990 
0.1735 0.5072 0.2009 0.1184 
0.0600 0.2065 0.0246 0.7089 
0.3104 0.2927 0.3430 0.0539 
0.5608 0.0346 0.3213 0.0833 
0.5028 0.1699 0.2754 0.0519 
0.0475 0.3635 0.5789 0.0101 
0.1075 0.3213 0.5012 0.0700 
0.2258 0.2782 0.3321 0.1638 
0.2283 0.3225 0.2009 0.2484 
0.0966 0.2097 0.4211 0.2725 
0.0990 0.6622 0.0620 0.1767 
0.0894 0.3386 0.4851 0.0870 
0.1280 0.4231 0.2629 0.1860 

MOTIF filter3 
letter-probability matrix: alength= 4 w= 15 nsites= 15 
0.2519 0.2562 0.2170 0.2749 
0.2728 0.2460 0.2524 0.2288 
0.1785 0.2487 0.1543 0.4185 
0.0177 0.0332 0.0070 0.9421 
0.0182 0.0000 0.0541 0.9277 
0.1608 0.8114 0.0188 0.0091 
0.0439 0.6779 0.0150 0.2631 
0.2546 0.2471 0.2454 0.2529 
0.2696 0.0091 0.6827 0.0386 
0.0027 0.0182 0.8532 0.1259 
0.9255 0.0520 0.0038 0.0188 
0.9421 0.0209 0.0209 0.0161 
0.4191 0.1720 0.2401 0.1688 
0.2326 0.2653 0.2385 0.2637 
0.2572 0.2262 0.2738 0.2428 

MOTIF filter4 
letter-probability matrix: alength= 4 w= 16 nsites= 16 
0.2741 0.2576 0.2424 0.2259 
0.2190 0.2810 0.2603 0.2397 
0.1088 0.0262 0.3512 0.5138 
0.0220 0.9063 0.0069 0.0647 
0.0000 0.0000 0.0000 1.0000 
0.9986 0.0014 0.0000 0.0000 
0.2590 0.0000 0.0028 0.7383 
0.4959 0.0000 0.0000 0.5041 
0.5592 0.0000 0.0000 0.4408 
0.7314 0.0028 0.0000 0.2658 
0.0000 0.0000 0.0000 1.0000 
1.0000 0.0000 0.0000 0.0000 
0.0537 0.0000 0.9298 0.0165 
0.4904 0.3843 0.0399 0.0854 
0.2879 0.2259 0.2534 0.2328 
0.2534 0.2342 0.2452 0.2672 

MOTIF filter5 
letter-probability matrix: alength= 4 w= 12 nsites= 12 
0.2537 0.2567 0.2520 0.2376 
0.3342 0.2149 0.2714 0.1794 
0.2508 0.2947 0.2674 0.1870 
0.1000 0.7960 0.0510 0.0530 
0.7752 0.0422 0.1130 0.0695 
0.0363 0.6765 0.0340 0.2531 
0.2263 0.0414 0.6896 0.0427 
0.0946 0.1222 0.0328 0.7505 
0.0438 0.0569 0.8090 0.0902 
0.1955 0.2730 0.2869 0.2445 
0.1925 0.2768 0.1934 0.3373 
0.2451 0.2526 0.2449 0.2574 

MOTIF filter6 
letter-probability matrix: alength= 4 w= 16 nsites= 16 
0.2950 0.2500 0.2575 0.1975 
0.2750 0.2925 0.2250 0.2075 
0.0600 0.1975 0.5025 0.2400 
0.0000 0.8125 0.0200 0.1675 
0.0000 0.8225 0.0000 0.1775 
0.0000 1.0000 0.0000 0.0000 
0.0000 1.0000 0.0000 0.0000 
0.0950 0.0000 0.6025 0.3025 
0.0000 1.0000 0.0000 0.0000 
0.0000 1.0000 0.0000 0.0000 
0.0000 0.7950 0.0000 0.2050 
0.0700 0.8325 0.0000 0.0975 
0.0475 0.6350 0.0500 0.2675 
0.2525 0.2450 0.2550 0.2475 
0.2925 0.2250 0.2400 0.2425 
0.2200 0.2950 0.2400 0.2450 

MOTIF filter7 
letter-probability matrix: alength= 4 w= 12 nsites= 12 
0.4529 0.2251 0.1545 0.1675 
0.0550 0.3796 0.1178 0.4476 
0.0707 0.3482 0.3403 0.2408 
0.4215 0.1178 0.4607 0.0000 
0.5707 0.0052 0.3848 0.0393 
0.0000 1.0000 0.0000 0.0000 
0.0000 1.0000 0.0000 0.0000 
1.0000 0.0000 0.0000 0.0000 
1.0000 0.0000 0.0000 0.0000 
0.0000 0.0000 0.0000 1.0000 
0.0131 0.7251 0.2618 0.0000 
0.8560 0.0026 0.1414 0.0000 

MOTIF filter8 
letter-probability matrix: alength= 4 w= 19 nsites= 19 
0.2222 0.2391 0.2681 0.2705 
0.2089 0.2862 0.2790 0.2258 
0.2850 0.2403 0.2234 0.2512 
0.1546 0.0725 0.0399 0.7331 
0.0302 0.0833 0.6715 0.2150 
0.4191 0.3986 0.0676 0.1147 
0.0012 0.9976 0.0012 0.0000 
0.0000 0.9915 0.0024 0.0060 
0.8309 0.0000 0.0072 0.1618 
0.0193 0.0000 0.0000 0.9807 
1.0000 0.0000 0.0000 0.0000 
0.0000 0.0000 0.0012 0.9988 
0.9891 0.0000 0.0000 0.0109 
0.1522 0.0024 0.0000 0.8454 
0.0036 0.0048 0.9915 0.0000 
0.0000 0.0000 0.9976 0.0024 
0.1075 0.0700 0.3913 0.4312 
0.2258 0.6594 0.0857 0.0290 
0.7367 0.0229 0.0664 0.1739 

MOTIF filter9 
letter-probability matrix: alength= 4 w= 13 nsites= 13 
0.0782 0.4422 0.2177 0.2619 
0.0510 0.6803 0.1497 0.1190 
0.7211 0.0000 0.2551 0.0238 
0.0000 0.9864 0.0000 0.0136 
0.0000 0.0000 0.0000 1.0000 
0.0000 0.0000 0.0000 1.0000 
0.0000 1.0000 0.0000 0.0000 
0.0000 1.0000 0.0000 0.0000 
0.0000 0.0000 0.9830 0.0170 
0.0000 0.1293 0.8605 0.0102 
0.2313 0.2279 0.2415 0.2993 
0.2007 0.2483 0.2653 0.2857 
0.3095 0.2177 0.2075 0.2653 

MOTIF filter10 
letter-probability matrix: alength= 4 w= 18 nsites= 18 
0.2486 0.2572 0.2283 0.2659 
0.2514 0.3150 0.2486 0.1850 
0.2428 0.2225 0.2601 0.2746 
0.1156 0.0376 0.6705 0.1763 
0.0723 0.6936 0.1127 0.1214 
0.2717 0.3584 0.2341 0.1358 
0.0636 0.0000 0.8121 0.1243 
0.0000 1.0000 0.0000 0.0000 
0.0000 1.0000 0.0000 0.0000 
1.0000 0.0000 0.0000 0.0000 
0.0000 0.0000 0.0000 1.0000 
0.0058 0.4653 0.1850 0.3439 
0.0000 0.0202 0.0000 0.9798 
0.0000 0.0029 0.0000 0.9971 
0.0723 0.0636 0.7197 0.1445 
0.3035 0.2370 0.1965 0.2630 
0.1908 0.3006 0.2514 0.2572 
0.2254 0.2803 0.2659 0.2283 

MOTIF filter11 
letter-probability matrix: alength= 4 w= 15 nsites= 15 
0.3134 0.2886 0.2139 0.1841 
0.3234 0.2139 0.2239 0.2388 
0.1095 0.3035 0.3881 0.1990 
0.0597 0.0100 0.7711 0.1592 
0.0547 0.8109 0.1045 0.0299 
0.3134 0.2736 0.3582 0.0547 
0.0149 0.0000 0.8756 0.1095 
0.0000 0.9950 0.0000 0.0050 
0.0000 1.0000 0.0000 0.0000 
0.9900 0.0000 0.0000 0.0100 
0.0050 0.0000 0.0000 0.9950 
0.0050 0.3632 0.1443 0.4876 
0.0000 0.0149 0.0050 0.9801 
0.0050 0.0398 0.0050 0.9502 
0.0498 0.1393 0.7164 0.0945 

MOTIF filter12 
letter-probability matrix: alength= 4 w= 13 nsites= 13 
0.1645 0.3461 0.2355 0.2539 
0.0842 0.1579 0.4961 0.2618 
0.2000 0.2592 0.2184 0.3224 
0.0000 0.7237 0.0211 0.2553 
0.6882 0.2276 0.0000 0.0842 
0.5553 0.0053 0.1434 0.2961 
0.4289 0.1250 0.4276 0.0184 
0.8500 0.1105 0.0395 0.0000 
0.0000 0.2500 0.1776 0.5724 
0.0000 0.0000 1.0000 0.0000 
0.0118 0.0000 0.9145 0.0737 
0.0421 0.6355 0.1632 0.1592 
0.0776 0.2553 0.5553 0.1118 

MOTIF filter13 
letter-probability matrix: alength= 4 w= 19 nsites= 19 
0.2274 0.2437 0.2612 0.2677 
0.2111 0.2818 0.2731 0.2339 
0.2905 0.2394 0.2296 0.2405 
0.1676 0.0740 0.0457 0.7127 
0.0359 0.0914 0.6485 0.2242 
0.4102 0.3874 0.0762 0.1262 
0.0022 0.9880 0.0076 0.0022 
0.0000 0.9859 0.0022 0.0120 
0.8194 0.0044 0.0120 0.1643 
0.0250 0.0000 0.0011 0.9739 
0.9946 0.0033 0.0022 0.0000 
0.0000 0.0022 0.0011 0.9967 
0.9771 0.0022 0.0000 0.0207 
0.1589 0.0065 0.0022 0.8324 
0.0054 0.0131 0.9815 0.0000 
0.0000 0.0033 0.9935 0.0033 
0.1110 0.0729 0.3808 0.4353 
0.2285 0.6355 0.0947 0.0413 
0.7040 0.0359 0.0783 0.1817 

MOTIF filter14 
letter-probability matrix: alength= 4 w= 14 nsites= 14 
0.2377 0.2564 0.2588 0.2471 
0.5234 0.1218 0.3443 0.0105 
0.0000 0.0000 0.0000 1.0000 
0.0000 0.0000 0.0269 0.9731 
0.2857 0.0000 0.6405 0.0738 
0.0070 0.9122 0.0023 0.0785 
0.0808 0.0023 0.9157 0.0012 
0.0890 0.6686 0.0000 0.2424 
0.9649 0.0351 0.0000 0.0000 
1.0000 0.0000 0.0000 0.0000 
0.0117 0.3419 0.1335 0.5129 
0.2646 0.2529 0.2799 0.2026 
0.2459 0.2155 0.2646 0.2740 
0.2564 0.2131 0.2775 0.2529 

MOTIF filter15 
letter-probability matrix: alength= 4 w= 14 nsites= 14 
0.2587 0.5552 0.0410 0.1451 
0.2397 0.1798 0.0631 0.5174 
0.3060 0.1672 0.2934 0.2334 
0.6341 0.0726 0.0820 0.2114 
0.1893 0.2808 0.5016 0.0284 
0.0000 0.0000 0.0000 1.0000 
0.0000 1.0000 0.0000 0.0000 
1.0000 0.0000 0.0000 0.0000 
0.0000 0.0000 0.9779 0.0221 
0.0000 1.0000 0.0000 0.0000 
1.0000 0.0000 0.0000 0.0000 
0.4132 0.1356 0.1640 0.2871 
0.4038 0.0284 0.0158 0.5521 
0.3849 0.0347 0.0032 0.5773 

MOTIF filter16 
letter-probability matrix: alength= 4 w= 14 nsites= 14 
0.2598 0.3034 0.2161 0.2207 
0.2782 0.2414 0.2322 0.2483 
0.2437 0.2598 0.2253 0.2713 
0.0276 0.7195 0.1264 0.1264 
0.0000 0.1747 0.0000 0.8253 
0.0000 0.2851 0.6713 0.0437 
1.0000 0.0000 0.0000 0.0000 
0.0000 0.0000 0.0000 1.0000 
0.0000 0.0000 0.0000 1.0000 
0.0000 0.0000 1.0000 0.0000 
0.0000 0.0000 1.0000 0.0000 
0.0322 0.4115 0.0000 0.5563 
0.0000 0.4414 0.1310 0.4276 
0.1885 0.3839 0.3310 0.0966 

MOTIF filter17 
letter-probability matrix: alength= 4 w= 16 nsites= 16 
0.2514 0.2740 0.2334 0.2413 
0.2345 0.2751 0.2492 0.2413 
0.1184 0.0676 0.3450 0.4690 
0.0451 0.8602 0.0000 0.0947 
0.0000 0.0034 0.0000 0.9966 
1.0000 0.0000 0.0000 0.0000 
0.3010 0.0000 0.0000 0.6990 
0.4915 0.0034 0.0000 0.5051 
0.5761 0.0000 0.0000 0.4239 
0.7057 0.0000 0.0000 0.2943 
0.0000 0.0011 0.0000 0.9989 
0.9955 0.0000 0.0045 0.0000 
0.1082 0.0000 0.8873 0.0045 
0.4577 0.3585 0.0451 0.1387 
0.2796 0.2322 0.2525 0.2356 
0.2514 0.2762 0.2334 0.2390 

MOTIF filter18 
letter-probability matrix: alength= 4 w= 17 nsites= 17 
0.2751 0.2367 0.2633 0.2249 
0.2249 0.2988 0.2308 0.2456 
0.5089 0.0118 0.1420 0.3373 
0.6361 0.0089 0.0503 0.3047 
0.4645 0.0000 0.0296 0.5059 
0.2959 0.1509 0.1509 0.4024 
0.0030 0.0000 0.0000 0.9970 
0.0000 0.0000 1.0000 0.0000 
0.0207 0.9793 0.0000 0.0000 
0.0000 0.0000 0.0000 1.0000 
0.0000 0.0000 0.9941 0.0059 
1.0000 0.0000 0.0000 0.0000 
0.0296 0.4882 0.3225 0.1598 
0.1982 0.1272 0.0414 0.6331 
0.1834 0.3846 0.1213 0.3107 
0.5118 0.0621 0.1923 0.2337 
0.1686 0.0562 0.5178 0.2574 

MOTIF filter19 
letter-probability matrix: alength= 4 w= 14 nsites= 14 
0.1722 0.1821 0.3940 0.2517 
0.0099 0.5033 0.2053 0.2815 
0.1093 0.6126 0.1093 0.1689 
0.7185 0.0199 0.2417 0.0199 
0.0000 0.9603 0.0099 0.0298 
0.0000 0.0000 0.0000 1.0000 
0.0000 0.0000 0.0000 1.0000 
0.0000 1.0000 0.0000 0.0000 
0.0000 1.0000 0.0000 0.0000 
0.0000 0.0000 0.9801 0.0199 
0.0000 0.1060 0.8940 0.0000 
0.3709 0.1358 0.2351 0.2583 
0.3543 0.1788 0.2252 0.2417 
0.2450 0.2119 0.2815 0.2616 

MOTIF filter20 
letter-probability matrix: alength= 4 w= 14 nsites= 14 
0.2549 0.2437 0.2437 0.2577 
0.2409 0.2353 0.2577 0.2661 
0.2213 0.2465 0.2997 0.2325 
0.2577 0.0420 0.6331 0.0672 
0.1232 0.0000 0.8067 0.0700 
0.1737 0.0000 0.8263 0.0000 
0.0000 0.0000 1.0000 0.0000 
0.0000 0.0000 1.0000 0.0000 
0.3025 0.5742 0.0000 0.1232 
0.0000 0.0000 1.0000 0.0000 
0.0000 0.0000 1.0000 0.0000 
0.1485 0.0000 0.8515 0.0000 
0.1933 0.0112 0.7955 0.0000 
0.1793 0.5714 0.1681 0.0812 

MOTIF filter21 
letter-probability matrix: alength= 4 w= 15 nsites= 15 
0.2204 0.2364 0.2460 0.2971 
0.2556 0.2843 0.2716 0.1885 
0.2780 0.2173 0.2109 0.2939 
0.1725 0.6773 0.1182 0.0319 
1.0000 0.0000 0.0000 0.0000 
0.9840 0.0000 0.0160 0.0000 
0.4345 0.0575 0.4856 0.0224 
1.0000 0.0000 0.0000 0.0000 
0.0000 0.0000 0.0000 1.0000 
0.0000 0.0000 1.0000 0.0000 
0.0000 0.0000 1.0000 0.0000 
0.0607 0.8914 0.0032 0.0447 
0.1118 0.1661 0.4409 0.2812 
0.0607 0.0831 0.7955 0.0607 
0.0990 0.7987 0.0224 0.0799 

MOTIF filter22 
letter-probability matrix: alength= 4 w= 18 nsites= 18 
0.2422 0.2284 0.2872 0.2422 
0.1938 0.3010 0.2872 0.2180 
0.2526 0.2768 0.2249 0.2457 
0.1488 0.7093 0.0692 0.0727 
0.9931 0.0000 0.0069 0.0000 
0.9862 0.0000 0.0138 0.0000 
0.4291 0.0900 0.4567 0.0242 
1.0000 0.0000 0.0000 0.0000 
0.0000 0.0000 0.0000 1.0000 
0.0000 0.0000 1.0000 0.0000 
0.0000 0.0000 1.0000 0.0000 
0.0381 0.8858 0.0000 0.0761 
0.1073 0.2180 0.4325 0.2422 
0.0554 0.0588 0.8304 0.0554 
0.1142 0.8028 0.0104 0.0727 
0.2837 0.1869 0.2318 0.2976 
0.1869 0.2595 0.3218 0.2318 
0.2561 0.2388 0.3010 0.2042 

MOTIF filter23 
letter-probability matrix: alength= 4 w= 17 nsites= 17 
0.2402 0.2793 0.2324 0.2480 
0.2539 0.2539 0.2422 0.2500 
0.2559 0.2910 0.2480 0.2051 
0.0430 0.0430 0.3672 0.5469 
0.0000 0.9316 0.0000 0.0684 
0.0000 0.0000 0.0000 1.0000 
1.0000 0.0000 0.0000 0.0000 
0.0527 0.0000 0.0000 0.9473 
0.2324 0.0000 0.0000 0.7676 
0.3379 0.0000 0.0000 0.6621 
0.5703 0.0020 0.0000 0.4277 
0.0000 0.0000 0.0000 1.0000 
0.9961 0.0000 0.0039 0.0000 
0.0195 0.0000 0.9453 0.0352 
0.4043 0.4023 0.0508 0.1426 
0.2832 0.2031 0.3066 0.2070 
0.2734 0.2715 0.2383 0.2168 

MOTIF filter24 
letter-probability matrix: alength= 4 w= 20 nsites= 20 
0.0000 0.8000 0.0000 0.2000 
0.2000 0.0000 0.8000 0.0000 
0.0000 0.0000 1.0000 0.0000 
0.0000 0.0000 0.2000 0.8000 
0.0000 0.8000 0.0000 0.2000 
0.0000 0.0000 0.6000 0.4000 
0.0000 0.2000 0.8000 0.0000 
0.0000 0.0000 0.2000 0.8000 
0.0000 1.0000 0.0000 0.0000 
1.0000 0.0000 0.0000 0.0000 
0.0000 0.2000 0.8000 0.0000 
0.4000 0.0000 0.2000 0.4000 
0.0000 0.0000 0.2000 0.8000 
0.2000 0.0000 0.8000 0.0000 
0.6000 0.0000 0.4000 0.0000 
0.0000 0.4000 0.0000 0.6000 
0.0000 0.8000 0.0000 0.2000 
0.0000 0.2000 0.2000 0.6000 
0.4000 0.2000 0.4000 0.0000 
0.0000 0.6000 0.4000 0.0000 

MOTIF filter25 
letter-probability matrix: alength= 4 w= 16 nsites= 16 
0.2246 0.2470 0.2431 0.2853 
0.2008 0.2774 0.2682 0.2536 
0.2655 0.2444 0.2351 0.2550 
0.1255 0.0727 0.0291 0.7728 
0.0291 0.0766 0.7028 0.1915 
0.4333 0.3844 0.0793 0.1030 
0.0013 0.9974 0.0013 0.0000 
0.0000 0.9960 0.0000 0.0040 
0.8785 0.0000 0.0040 0.1176 
0.0159 0.0000 0.0013 0.9828 
0.9974 0.0013 0.0013 0.0000 
0.0000 0.0000 0.0013 0.9987 
0.9868 0.0000 0.0000 0.0132 
0.1281 0.0040 0.0000 0.8679 
0.0026 0.0079 0.9894 0.0000 
0.0000 0.0026 0.9934 0.0040 

MOTIF filter26 
letter-probability matrix: alength= 4 w= 13 nsites= 13 
0.2424 0.2498 0.2558 0.2521 
0.2200 0.1797 0.3796 0.2207 
0.3922 0.2327 0.3445 0.0306 
0.0000 0.0000 0.0007 0.9993 
0.0007 0.0000 0.9314 0.0679 
0.9903 0.0000 0.0097 0.0000 
0.0321 0.4623 0.4676 0.0380 
0.0000 0.0000 0.0030 0.9970 
0.0619 0.9381 0.0000 0.0000 
0.9993 0.0000 0.0007 0.0000 
0.0298 0.3169 0.2655 0.3878 
0.2013 0.3684 0.2051 0.2252 
0.2617 0.2222 0.2699 0.2461 

MOTIF filter27 
letter-probability matrix: alength= 4 w= 14 nsites= 14 
0.1766 0.2881 0.2825 0.2528 
0.2844 0.2509 0.3643 0.1004 
0.3420 0.1487 0.3699 0.1394 
0.0000 0.9796 0.0204 0.0000 
0.0000 0.5465 0.0000 0.4535 
0.4312 0.0836 0.4814 0.0037 
1.0000 0.0000 0.0000 0.0000 
0.0000 0.0000 0.0000 1.0000 
0.0019 0.3401 0.0279 0.6301 
0.2695 0.0000 0.7305 0.0000 
0.0000 0.0000 1.0000 0.0000 
0.0948 0.3383 0.1283 0.4387 
0.0558 0.3439 0.2342 0.3662 
0.2119 0.3848 0.3086 0.0948 

MOTIF filter28 
letter-probability matrix: alength= 4 w= 12 nsites= 12 
0.2933 0.1905 0.2520 0.2641 
0.1754 0.3589 0.2994 0.1663 
0.1835 0.2470 0.2540 0.3155 
0.0615 0.5040 0.3931 0.0413 
0.0464 0.8831 0.0494 0.0212 
0.0020 0.1200 0.8347 0.0433 
0.0010 0.0837 0.8720 0.0433 
0.9355 0.0020 0.0484 0.0141 
0.9284 0.0272 0.0091 0.0353 
0.0161 0.2460 0.7288 0.0091 
0.1825 0.3014 0.0071 0.5091 
0.2409 0.1552 0.5202 0.0837 

MOTIF filter29 
letter-probability matrix: alength= 4 w= 15 nsites= 15 
0.2708 0.2668 0.2213 0.2411 
0.2470 0.2273 0.2490 0.2767 
0.1957 0.1779 0.1423 0.4842 
0.0079 0.0455 0.1008 0.8458 
0.0000 0.0000 0.0000 1.0000 
0.0000 0.4387 0.0059 0.5553 
0.0415 0.9585 0.0000 0.0000 
0.0455 0.5079 0.0000 0.4466 
0.4012 0.0000 0.5514 0.0474 
0.0000 0.0000 0.9980 0.0020 
0.4565 0.0020 0.5356 0.0059 
1.0000 0.0000 0.0000 0.0000 
0.9387 0.0138 0.0356 0.0119 
0.4802 0.1146 0.1957 0.2095 
0.2372 0.2905 0.2174 0.2549 

MOTIF filter30 
letter-probability matrix: alength= 4 w= 16 nsites= 16 
0.2660 0.2709 0.2020 0.2611 
0.1330 0.0000 0.7586 0.1084 
0.0788 0.7438 0.1182 0.0591 
0.2906 0.3990 0.2217 0.0887 
0.0394 0.0000 0.9310 0.0296 
0.0000 1.0000 0.0000 0.0000 
0.0000 1.0000 0.0000 0.0000 
1.0000 0.0000 0.0000 0.0000 
0.0000 0.0000 0.0000 1.0000 
0.0049 0.5222 0.0887 0.3842 
0.0000 0.0049 0.0000 0.9951 
0.0000 0.0049 0.0000 0.9951 
0.0443 0.0837 0.8030 0.0690 
0.2611 0.1872 0.3202 0.2315 
0.2118 0.2217 0.2512 0.3153 
0.2611 0.2956 0.2217 0.2217 

MOTIF filter31 
letter-probability matrix: alength= 4 w= 18 nsites= 18 
0.2953 0.2215 0.2215 0.2617 
0.2785 0.2617 0.2416 0.2181 
0.2483 0.2785 0.2013 0.2718 
0.2785 0.5805 0.0201 0.1208 
0.2450 0.1879 0.0772 0.4899 
0.2919 0.1611 0.2886 0.2584 
0.5872 0.0470 0.1309 0.2349 
0.1510 0.3121 0.5134 0.0235 
0.0000 0.0000 0.0000 1.0000 
0.0235 0.9765 0.0000 0.0000 
1.0000 0.0000 0.0000 0.0000 
0.0000 0.0000 1.0000 0.0000 
0.0000 1.0000 0.0000 0.0000 
0.9899 0.0000 0.0000 0.0101 
0.4631 0.1745 0.0940 0.2685 
0.4295 0.0470 0.0000 0.5235 
0.3591 0.0839 0.0000 0.5570 
0.3322 0.0839 0.0000 0.5839 

