MEME version 4

ALPHABET= ACGT

Background letter frequencies:
A 0.2500 C 0.2500 G 0.2500 T 0.2500 

MOTIF filter0 
letter-probability matrix: alength= 4 w= 16 nsites= 16 
0.2412 0.2912 0.2353 0.2324 
0.2529 0.2265 0.2765 0.2441 
0.2206 0.2765 0.2294 0.2735 
0.4941 0.0029 0.1265 0.3765 
0.6676 0.0029 0.0294 0.3000 
0.4235 0.0000 0.0176 0.5588 
0.2706 0.1588 0.1824 0.3882 
0.0000 0.0000 0.0000 1.0000 
0.0000 0.0000 1.0000 0.0000 
0.0441 0.9559 0.0000 0.0000 
0.0000 0.0000 0.0000 1.0000 
0.0000 0.0000 0.9941 0.0059 
1.0000 0.0000 0.0000 0.0000 
0.0324 0.5059 0.2941 0.1676 
0.2088 0.1853 0.0500 0.5559 
0.1912 0.3382 0.1441 0.3265 

MOTIF filter1 
letter-probability matrix: alength= 4 w= 15 nsites= 15 
0.1922 0.2801 0.2443 0.2834 
0.0945 0.2052 0.4235 0.2769 
0.0130 0.5049 0.2182 0.2638 
0.0782 0.6645 0.1466 0.1107 
0.6938 0.0130 0.2704 0.0228 
0.0000 0.9414 0.0195 0.0391 
0.0000 0.0000 0.0000 1.0000 
0.0033 0.0000 0.0000 0.9967 
0.0000 0.9967 0.0000 0.0033 
0.0000 0.9967 0.0033 0.0000 
0.0000 0.0000 0.9479 0.0521 
0.0098 0.1694 0.8078 0.0130 
0.1726 0.2052 0.2769 0.3453 
0.1173 0.3029 0.2834 0.2964 
0.2866 0.2313 0.2117 0.2704 

MOTIF filter2 
letter-probability matrix: alength= 4 w= 13 nsites= 13 
0.0981 0.6741 0.1804 0.0475 
0.0063 0.9937 0.0000 0.0000 
0.0000 0.0000 0.9652 0.0348 
0.0000 0.0000 0.9842 0.0158 
0.9905 0.0095 0.0000 0.0000 
0.9589 0.0411 0.0000 0.0000 
0.0601 0.0000 0.9399 0.0000 
0.0000 0.3513 0.0063 0.6424 
0.1994 0.0886 0.6899 0.0222 
0.2468 0.2057 0.5411 0.0063 
0.2880 0.3576 0.2563 0.0981 
0.2310 0.2690 0.2120 0.2880 
0.2595 0.2943 0.1835 0.2627 

MOTIF filter3 
letter-probability matrix: alength= 4 w= 16 nsites= 16 
0.0732 0.4654 0.2785 0.1829 
0.4512 0.2805 0.0528 0.2154 
0.1077 0.4045 0.1850 0.3028 
0.0569 0.0325 0.0894 0.8211 
0.2724 0.0793 0.3110 0.3374 
0.1728 0.6646 0.0772 0.0854 
0.0793 0.1606 0.3679 0.3923 
0.6037 0.1646 0.0467 0.1850 
0.2541 0.3476 0.3374 0.0610 
0.3963 0.1463 0.2967 0.1606 
0.5020 0.4024 0.0772 0.0183 
0.7358 0.1443 0.0163 0.1037 
0.0407 0.7093 0.0528 0.1972 
0.0122 0.0488 0.8963 0.0427 
0.0000 0.0752 0.0000 0.9248 
0.4675 0.0142 0.4553 0.0630 

MOTIF filter4 
letter-probability matrix: alength= 4 w= 20 nsites= 20 
0.2905 0.2373 0.2306 0.2417 
0.1619 0.0732 0.0432 0.7217 
0.0322 0.0909 0.6574 0.2195 
0.4091 0.3925 0.0721 0.1264 
0.0022 0.9945 0.0022 0.0011 
0.0000 0.9911 0.0022 0.0067 
0.8282 0.0022 0.0100 0.1596 
0.0233 0.0000 0.0011 0.9756 
0.9945 0.0033 0.0022 0.0000 
0.0000 0.0022 0.0011 0.9967 
0.9823 0.0011 0.0000 0.0166 
0.1563 0.0055 0.0022 0.8359 
0.0033 0.0100 0.9867 0.0000 
0.0011 0.0011 0.9945 0.0033 
0.1098 0.0698 0.3869 0.4335 
0.2239 0.6441 0.0953 0.0366 
0.7151 0.0322 0.0721 0.1807 
0.2417 0.2727 0.2373 0.2483 
0.2328 0.2605 0.2583 0.2483 
0.2417 0.2384 0.2672 0.2528 

MOTIF filter5 
letter-probability matrix: alength= 4 w= 14 nsites= 14 
0.2504 0.2170 0.2698 0.2627 
0.2100 0.2654 0.2566 0.2680 
0.1134 0.1406 0.1037 0.6424 
0.1098 0.0984 0.1344 0.6573 
0.1178 0.0914 0.0712 0.7197 
0.2873 0.0993 0.3761 0.2373 
0.9938 0.0035 0.0026 0.0000 
0.0000 0.0018 0.0000 0.9982 
0.0861 0.3409 0.0387 0.5343 
0.8348 0.0185 0.0343 0.1125 
0.7390 0.0422 0.1450 0.0738 
0.6722 0.0975 0.1204 0.1098 
0.2320 0.2364 0.2329 0.2988 
0.3366 0.2179 0.1880 0.2575 

MOTIF filter6 
letter-probability matrix: alength= 4 w= 15 nsites= 15 
0.2765 0.2235 0.2206 0.2794 
0.2824 0.2265 0.3059 0.1853 
0.2382 0.2559 0.2735 0.2324 
0.0088 0.8559 0.1353 0.0000 
0.0441 0.9559 0.0000 0.0000 
0.0000 0.0000 1.0000 0.0000 
0.0000 0.0000 1.0000 0.0000 
1.0000 0.0000 0.0000 0.0000 
1.0000 0.0000 0.0000 0.0000 
0.0265 0.0206 0.9529 0.0000 
0.0265 0.2912 0.0029 0.6794 
0.1765 0.0941 0.6735 0.0559 
0.2618 0.2647 0.4441 0.0294 
0.2118 0.3647 0.2618 0.1618 
0.2059 0.2941 0.2647 0.2353 

MOTIF filter7 
letter-probability matrix: alength= 4 w= 14 nsites= 14 
0.1763 0.1908 0.3642 0.2688 
0.0145 0.4769 0.2428 0.2659 
0.0809 0.6214 0.1272 0.1705 
0.6965 0.0087 0.2630 0.0318 
0.0000 0.9682 0.0000 0.0318 
0.0000 0.0000 0.0000 1.0000 
0.0000 0.0000 0.0000 1.0000 
0.0000 1.0000 0.0000 0.0000 
0.0000 1.0000 0.0000 0.0000 
0.0000 0.0000 0.9855 0.0145 
0.0000 0.1618 0.8266 0.0116 
0.2601 0.2052 0.2457 0.2890 
0.2428 0.2341 0.2486 0.2746 
0.2572 0.2139 0.2341 0.2948 

MOTIF filter8 
letter-probability matrix: alength= 4 w= 11 nsites= 11 
0.1388 0.4862 0.1740 0.2010 
0.2362 0.1415 0.2344 0.3879 
0.1307 0.1842 0.2163 0.4688 
0.8960 0.0811 0.0144 0.0084 
0.2632 0.0078 0.1923 0.5367 
0.0000 0.5412 0.1734 0.2855 
0.8450 0.0562 0.0745 0.0243 
0.6493 0.0312 0.2746 0.0448 
0.3690 0.0968 0.1526 0.3816 
0.1097 0.2034 0.4576 0.2293 
0.2785 0.2025 0.4050 0.1139 

MOTIF filter9 
letter-probability matrix: alength= 4 w= 16 nsites= 16 
0.4656 0.2281 0.1406 0.1656 
0.0562 0.3500 0.1125 0.4812 
0.0750 0.3344 0.3500 0.2406 
0.4313 0.0938 0.4750 0.0000 
0.5875 0.0031 0.3688 0.0406 
0.0000 1.0000 0.0000 0.0000 
0.0000 1.0000 0.0000 0.0000 
1.0000 0.0000 0.0000 0.0000 
1.0000 0.0000 0.0000 0.0000 
0.0000 0.0000 0.0000 1.0000 
0.0219 0.7781 0.2000 0.0000 
0.8906 0.0031 0.1063 0.0000 
0.0781 0.0688 0.8344 0.0188 
0.2250 0.2656 0.2594 0.2500 
0.2906 0.1906 0.2719 0.2469 
0.2156 0.2969 0.2250 0.2625 

MOTIF filter10 
letter-probability matrix: alength= 4 w= 9 nsites= 9 
0.0399 0.0749 0.4033 0.4820 
0.1883 0.1445 0.6098 0.0574 
0.5526 0.0591 0.0707 0.3176 
0.1099 0.2317 0.6508 0.0077 
0.2871 0.1272 0.3727 0.2130 
0.0379 0.3575 0.5720 0.0325 
0.3623 0.1037 0.3911 0.1429 
0.0420 0.4923 0.2421 0.2236 
0.3130 0.2220 0.2130 0.2520 

MOTIF filter11 
letter-probability matrix: alength= 4 w= 17 nsites= 17 
0.4055 0.3835 0.0813 0.1297 
0.0000 0.9934 0.0044 0.0022 
0.0000 0.9879 0.0033 0.0088 
0.8286 0.0011 0.0088 0.1615 
0.0242 0.0000 0.0011 0.9747 
0.9956 0.0000 0.0033 0.0011 
0.0000 0.0022 0.0022 0.9956 
0.9802 0.0033 0.0000 0.0165 
0.1582 0.0055 0.0022 0.8341 
0.0033 0.0088 0.9879 0.0000 
0.0000 0.0066 0.9901 0.0033 
0.1132 0.0692 0.3912 0.4264 
0.2253 0.6418 0.0978 0.0352 
0.7132 0.0352 0.0692 0.1824 
0.2451 0.2758 0.2363 0.2429 
0.2341 0.2648 0.2549 0.2462 
0.2473 0.2385 0.2670 0.2473 

MOTIF filter12 
letter-probability matrix: alength= 4 w= 15 nsites= 15 
0.2754 0.1811 0.3027 0.2407 
0.5906 0.0670 0.1266 0.2159 
0.1811 0.3052 0.4715 0.0422 
0.0000 0.0000 0.0000 1.0000 
0.0199 0.9801 0.0000 0.0000 
1.0000 0.0000 0.0000 0.0000 
0.0000 0.0000 0.9628 0.0372 
0.0000 1.0000 0.0000 0.0000 
0.9926 0.0000 0.0000 0.0074 
0.4318 0.1687 0.1365 0.2630 
0.4293 0.0471 0.0074 0.5161 
0.3896 0.0720 0.0099 0.5285 
0.3102 0.1241 0.0273 0.5385 
0.2754 0.2382 0.2457 0.2407 
0.2730 0.2779 0.2308 0.2184 

MOTIF filter13 
letter-probability matrix: alength= 4 w= 20 nsites= 20 
0.0000 0.1667 0.3333 0.5000 
0.5000 0.0000 0.5000 0.0000 
0.3333 0.6667 0.0000 0.0000 
0.0000 0.0000 0.1667 0.8333 
0.0000 0.0000 0.1667 0.8333 
0.8333 0.0000 0.0000 0.1667 
0.5000 0.1667 0.3333 0.0000 
0.0000 0.5000 0.0000 0.5000 
0.0000 1.0000 0.0000 0.0000 
0.6667 0.0000 0.3333 0.0000 
0.0000 0.1667 0.8333 0.0000 
0.0000 1.0000 0.0000 0.0000 
1.0000 0.0000 0.0000 0.0000 
0.0000 0.0000 0.0000 1.0000 
0.1667 0.3333 0.0000 0.5000 
0.1667 0.0000 0.0000 0.8333 
0.1667 0.0000 0.0000 0.8333 
0.1667 0.0000 0.6667 0.1667 
0.5000 0.3333 0.0000 0.1667 
0.6667 0.1667 0.1667 0.0000 

MOTIF filter14 
letter-probability matrix: alength= 4 w= 14 nsites= 14 
0.4756 0.1556 0.2444 0.1244 
0.0933 0.5911 0.1422 0.1733 
0.1289 0.0933 0.1467 0.6311 
0.1022 0.1111 0.0889 0.6978 
0.0000 0.9867 0.0133 0.0000 
0.0044 0.9956 0.0000 0.0000 
0.0000 0.0000 1.0000 0.0000 
0.0000 0.0356 0.9644 0.0000 
0.8933 0.0311 0.0444 0.0311 
0.8889 0.0178 0.0444 0.0489 
0.0978 0.0978 0.7378 0.0667 
0.0622 0.2711 0.0889 0.5778 
0.1867 0.1022 0.6356 0.0756 
0.2578 0.2400 0.4222 0.0800 

MOTIF filter15 
letter-probability matrix: alength= 4 w= 14 nsites= 14 
0.2436 0.2235 0.2951 0.2378 
0.2407 0.0258 0.6648 0.0688 
0.1089 0.0000 0.8281 0.0630 
0.1461 0.0000 0.8539 0.0000 
0.0000 0.0000 1.0000 0.0000 
0.0000 0.0000 1.0000 0.0000 
0.2665 0.5960 0.0000 0.1375 
0.0000 0.0000 1.0000 0.0000 
0.0000 0.0000 1.0000 0.0000 
0.1948 0.0000 0.8052 0.0000 
0.1834 0.0573 0.7593 0.0000 
0.1805 0.5587 0.1662 0.0946 
0.2751 0.2178 0.2808 0.2264 
0.2321 0.3238 0.2063 0.2378 

MOTIF filter16 
letter-probability matrix: alength= 4 w= 10 nsites= 10 
0.2475 0.2607 0.2567 0.2350 
0.3500 0.2180 0.2577 0.1743 
0.2423 0.3034 0.2699 0.1845 
0.0994 0.7694 0.0885 0.0428 
0.7680 0.0322 0.1433 0.0565 
0.0667 0.6761 0.0356 0.2217 
0.2135 0.0576 0.6699 0.0591 
0.0902 0.1439 0.0405 0.7254 
0.0730 0.0459 0.7771 0.1040 
0.1840 0.2721 0.2885 0.2554 

MOTIF filter17 
letter-probability matrix: alength= 4 w= 14 nsites= 14 
0.1096 0.2215 0.4072 0.2617 
0.0000 0.7494 0.0403 0.2103 
0.0112 0.8389 0.0000 0.1499 
0.0000 1.0000 0.0000 0.0000 
0.0000 1.0000 0.0000 0.0000 
0.1096 0.0045 0.5817 0.3043 
0.0000 1.0000 0.0000 0.0000 
0.0000 1.0000 0.0000 0.0000 
0.0000 0.8031 0.0000 0.1969 
0.0649 0.8322 0.0000 0.1029 
0.0515 0.6242 0.0626 0.2617 
0.2550 0.2640 0.2304 0.2506 
0.2774 0.2573 0.2349 0.2304 
0.2416 0.3065 0.2461 0.2058 

MOTIF filter18 
letter-probability matrix: alength= 4 w= 13 nsites= 13 
0.2481 0.2274 0.2532 0.2713 
0.0078 0.7829 0.0930 0.1163 
0.0103 0.1525 0.0026 0.8346 
0.0000 0.2274 0.7132 0.0594 
1.0000 0.0000 0.0000 0.0000 
0.0000 0.0000 0.0000 1.0000 
0.0000 0.0000 0.0000 1.0000 
0.0000 0.0000 1.0000 0.0000 
0.0000 0.0000 1.0000 0.0000 
0.0465 0.4031 0.0078 0.5426 
0.0129 0.4419 0.1421 0.4031 
0.2041 0.4264 0.3127 0.0568 
0.4419 0.1447 0.3385 0.0749 

MOTIF filter19 
letter-probability matrix: alength= 4 w= 14 nsites= 14 
0.2459 0.2318 0.2353 0.2870 
0.2365 0.2535 0.2743 0.2357 
0.2152 0.1396 0.2899 0.3553 
0.1370 0.6327 0.0395 0.1907 
0.0166 0.1690 0.0587 0.7557 
0.8667 0.0288 0.0519 0.0527 
0.3081 0.0272 0.0599 0.6047 
0.4732 0.0382 0.0331 0.4556 
0.4499 0.0176 0.0399 0.4926 
0.6261 0.0388 0.0082 0.3269 
0.0717 0.0489 0.0803 0.7991 
0.7199 0.0437 0.1881 0.0484 
0.1917 0.0444 0.6429 0.1210 
0.3416 0.2987 0.1584 0.2013 

MOTIF filter20 
letter-probability matrix: alength= 4 w= 16 nsites= 16 
0.2327 0.2207 0.2477 0.2988 
0.2492 0.2628 0.2523 0.2357 
0.2057 0.2763 0.2402 0.2778 
0.4985 0.1231 0.3739 0.0045 
0.0000 0.0000 0.0000 1.0000 
0.0000 0.0000 0.0210 0.9790 
0.2868 0.0000 0.6471 0.0661 
0.0015 0.9625 0.0015 0.0345 
0.0661 0.0000 0.9339 0.0000 
0.0556 0.7222 0.0000 0.2222 
0.9850 0.0150 0.0000 0.0000 
1.0000 0.0000 0.0000 0.0000 
0.0030 0.3709 0.1051 0.5210 
0.2673 0.2628 0.2583 0.2117 
0.2282 0.1982 0.2583 0.3153 
0.2718 0.2282 0.2477 0.2523 

MOTIF filter21 
letter-probability matrix: alength= 4 w= 14 nsites= 14 
0.2614 0.2392 0.2398 0.2597 
0.2079 0.2393 0.1955 0.3573 
0.0704 0.1029 0.0579 0.7687 
0.0415 0.0498 0.1348 0.7739 
0.2167 0.6394 0.0568 0.0871 
0.1004 0.5502 0.0217 0.3277 
0.2485 0.2469 0.2498 0.2547 
0.3165 0.0227 0.5661 0.0948 
0.0704 0.0564 0.6617 0.2114 
0.7422 0.1340 0.0612 0.0626 
0.8062 0.0715 0.0840 0.0382 
0.3625 0.1848 0.2301 0.2226 
0.2428 0.2484 0.2483 0.2604 
0.2561 0.2453 0.2565 0.2421 

MOTIF filter22 
letter-probability matrix: alength= 4 w= 15 nsites= 15 
0.2560 0.2199 0.2590 0.2651 
0.2139 0.2560 0.2831 0.2470 
0.2620 0.0572 0.6355 0.0452 
0.1205 0.0000 0.8133 0.0663 
0.1777 0.0000 0.8223 0.0000 
0.0000 0.0000 1.0000 0.0000 
0.0000 0.0000 1.0000 0.0000 
0.3163 0.5542 0.0000 0.1295 
0.0000 0.0000 1.0000 0.0000 
0.0000 0.0000 1.0000 0.0000 
0.1145 0.0000 0.8855 0.0000 
0.1898 0.0151 0.7952 0.0000 
0.1837 0.5783 0.1627 0.0753 
0.2651 0.1928 0.2982 0.2440 
0.2470 0.2831 0.2229 0.2470 

MOTIF filter23 
letter-probability matrix: alength= 4 w= 14 nsites= 14 
0.2468 0.2491 0.2614 0.2427 
0.2766 0.2458 0.2453 0.2324 
0.4417 0.1818 0.3284 0.0480 
0.0225 0.0314 0.0427 0.9034 
0.0157 0.0200 0.1517 0.8126 
0.3211 0.0260 0.4893 0.1636 
0.0693 0.6708 0.0521 0.2078 
0.1896 0.0594 0.6923 0.0587 
0.1755 0.5191 0.0121 0.2933 
0.8033 0.1413 0.0273 0.0281 
0.9320 0.0250 0.0210 0.0220 
0.0657 0.3024 0.1889 0.4430 
0.2528 0.2700 0.2609 0.2162 
0.2458 0.2346 0.2827 0.2369 

MOTIF filter24 
letter-probability matrix: alength= 4 w= 14 nsites= 14 
0.2367 0.0721 0.5172 0.1740 
0.3417 0.3119 0.0298 0.3166 
0.0956 0.6034 0.0690 0.2320 
0.9091 0.0705 0.0172 0.0031 
0.1395 0.3480 0.0752 0.4373 
0.0016 0.0094 0.5439 0.4451 
0.5862 0.0141 0.0000 0.3997 
0.0157 0.0925 0.8762 0.0157 
0.1473 0.0878 0.3966 0.3683 
0.0580 0.5784 0.0000 0.3636 
0.8621 0.0611 0.0110 0.0658 
0.0893 0.2994 0.1787 0.4326 
0.3699 0.1082 0.1724 0.3495 
0.1097 0.2915 0.2806 0.3182 

MOTIF filter25 
letter-probability matrix: alength= 4 w= 14 nsites= 14 
0.2393 0.2485 0.2485 0.2638 
0.0123 0.8221 0.0767 0.0890 
0.0000 0.1933 0.0000 0.8067 
0.0000 0.2669 0.7331 0.0000 
1.0000 0.0000 0.0000 0.0000 
0.0000 0.0000 0.0000 1.0000 
0.0000 0.0000 0.0000 1.0000 
0.0000 0.0000 1.0000 0.0000 
0.0000 0.0000 1.0000 0.0000 
0.0307 0.4202 0.0031 0.5460 
0.0000 0.4571 0.1380 0.4049 
0.1503 0.4448 0.3282 0.0767 
0.5061 0.1411 0.2853 0.0675 
0.1380 0.1564 0.2515 0.4540 

MOTIF filter26 
letter-probability matrix: alength= 4 w= 14 nsites= 14 
0.1103 0.2130 0.4185 0.2581 
0.0000 0.8346 0.0150 0.1504 
0.0000 0.8346 0.0000 0.1654 
0.0000 1.0000 0.0000 0.0000 
0.0000 1.0000 0.0000 0.0000 
0.0852 0.0000 0.6266 0.2882 
0.0000 1.0000 0.0000 0.0000 
0.0000 1.0000 0.0000 0.0000 
0.0000 0.8020 0.0000 0.1980 
0.0752 0.8195 0.0000 0.1053 
0.0426 0.6241 0.0501 0.2832 
0.2632 0.2306 0.2607 0.2456 
0.2732 0.2381 0.2481 0.2406 
0.2331 0.2907 0.2406 0.2356 

MOTIF filter27 
letter-probability matrix: alength= 4 w= 14 nsites= 14 
0.1497 0.3415 0.2884 0.2204 
0.3741 0.1850 0.3415 0.0993 
0.3850 0.0816 0.4367 0.0966 
0.0163 0.9469 0.0313 0.0054 
0.0000 0.6626 0.0000 0.3374 
0.6435 0.0816 0.2599 0.0150 
1.0000 0.0000 0.0000 0.0000 
0.0000 0.0000 0.0000 1.0000 
0.0027 0.4014 0.1184 0.4776 
0.4014 0.0054 0.5932 0.0000 
0.0299 0.0122 0.9469 0.0109 
0.1265 0.3184 0.1442 0.4109 
0.1619 0.3075 0.2082 0.3224 
0.2680 0.3265 0.2449 0.1605 

MOTIF filter28 
letter-probability matrix: alength= 4 w= 16 nsites= 16 
0.4093 0.2073 0.1891 0.1943 
0.0881 0.3472 0.1036 0.4611 
0.0596 0.3212 0.3860 0.2332 
0.4378 0.0907 0.4715 0.0000 
0.5725 0.0052 0.3575 0.0648 
0.0000 1.0000 0.0000 0.0000 
0.0000 0.9948 0.0052 0.0000 
1.0000 0.0000 0.0000 0.0000 
0.9974 0.0026 0.0000 0.0000 
0.0000 0.0000 0.0000 1.0000 
0.0363 0.7642 0.1995 0.0000 
0.8497 0.0026 0.1451 0.0026 
0.0725 0.0881 0.8368 0.0026 
0.2202 0.2772 0.2617 0.2409 
0.2642 0.1839 0.3161 0.2358 
0.2539 0.2642 0.2254 0.2565 

MOTIF filter29 
letter-probability matrix: alength= 4 w= 12 nsites= 12 
0.2457 0.2846 0.2485 0.2212 
0.2491 0.2771 0.2608 0.2130 
0.2485 0.2505 0.2532 0.2478 
0.6143 0.0000 0.0000 0.3857 
0.0000 0.0000 0.0000 1.0000 
0.0000 0.0184 0.0000 0.9816 
0.9201 0.0000 0.0799 0.0000 
1.0000 0.0000 0.0000 0.0000 
0.3140 0.0000 0.0000 0.6860 
0.2485 0.2430 0.2703 0.2382 
0.1870 0.2997 0.2683 0.2451 
0.2280 0.2553 0.2560 0.2608 

MOTIF filter30 
letter-probability matrix: alength= 4 w= 12 nsites= 12 
0.2510 0.2353 0.2367 0.2769 
0.2350 0.2215 0.3127 0.2308 
0.3342 0.2471 0.3206 0.0982 
0.0485 0.0786 0.0714 0.8016 
0.0304 0.0569 0.7553 0.1574 
0.7786 0.0485 0.0942 0.0787 
0.0958 0.4260 0.3988 0.0793 
0.0669 0.0746 0.1189 0.7396 
0.1405 0.6993 0.0887 0.0715 
0.7930 0.0703 0.0722 0.0645 
0.1010 0.3200 0.2459 0.3331 
0.2325 0.3022 0.2239 0.2414 

MOTIF filter31 
letter-probability matrix: alength= 4 w= 17 nsites= 17 
0.3065 0.2291 0.2322 0.2322 
0.2693 0.2817 0.2167 0.2322 
0.4985 0.0495 0.1455 0.3065 
0.6099 0.0279 0.0650 0.2972 
0.4923 0.0000 0.0372 0.4706 
0.3189 0.1703 0.1269 0.3839 
0.0093 0.0000 0.0000 0.9907 
0.0000 0.0000 1.0000 0.0000 
0.0155 0.9845 0.0000 0.0000 
0.0000 0.0000 0.0000 1.0000 
0.0000 0.0000 0.9814 0.0186 
1.0000 0.0000 0.0000 0.0000 
0.0310 0.4892 0.3344 0.1455 
0.2136 0.0433 0.0588 0.6842 
0.1858 0.3901 0.0836 0.3406 
0.4489 0.0495 0.2446 0.2570 
0.1579 0.0248 0.5511 0.2663 

