MEME version 4

ALPHABET= ACGT

Background letter frequencies:
A 0.2500 C 0.2500 G 0.2500 T 0.2500 

MOTIF filter0 
letter-probability matrix: alength= 4 w= 12 nsites= 12 
0.2623 0.2640 0.2360 0.2377 
0.2664 0.2549 0.2105 0.2681 
0.2607 0.2352 0.2171 0.2870 
1.0000 0.0000 0.0000 0.0000 
0.0000 0.0000 0.0000 1.0000 
0.0000 0.2747 0.0000 0.7253 
1.0000 0.0000 0.0000 0.0000 
1.0000 0.0000 0.0000 0.0000 
0.6069 0.0000 0.0000 0.3931 
0.2730 0.2237 0.2352 0.2681 
0.2418 0.2344 0.2747 0.2492 
0.2319 0.2755 0.2319 0.2607 

MOTIF filter1 
letter-probability matrix: alength= 4 w= 13 nsites= 13 
0.4172 0.2185 0.1788 0.1854 
0.0949 0.3422 0.1302 0.4327 
0.0773 0.3091 0.3753 0.2384 
0.4216 0.1413 0.4349 0.0022 
0.5563 0.0088 0.3775 0.0574 
0.0000 1.0000 0.0000 0.0000 
0.0000 1.0000 0.0000 0.0000 
1.0000 0.0000 0.0000 0.0000 
1.0000 0.0000 0.0000 0.0000 
0.0000 0.0000 0.0000 1.0000 
0.0397 0.7395 0.2208 0.0000 
0.8079 0.0022 0.1898 0.0000 
0.0751 0.0993 0.8102 0.0155 

MOTIF filter2 
letter-probability matrix: alength= 4 w= 14 nsites= 14 
0.2377 0.2591 0.2614 0.2419 
0.2640 0.2610 0.2297 0.2453 
0.4406 0.1620 0.3569 0.0405 
0.0199 0.0115 0.0306 0.9381 
0.0126 0.0157 0.1230 0.8487 
0.3049 0.0218 0.5308 0.1425 
0.0592 0.7352 0.0344 0.1712 
0.1674 0.0470 0.7402 0.0455 
0.1490 0.5724 0.0096 0.2690 
0.8502 0.1211 0.0107 0.0180 
0.9534 0.0176 0.0203 0.0088 
0.0520 0.3210 0.1635 0.4635 
0.2446 0.2778 0.2583 0.2193 
0.2419 0.2342 0.2637 0.2602 

MOTIF filter3 
letter-probability matrix: alength= 4 w= 16 nsites= 16 
0.2493 0.2111 0.2551 0.2845 
0.2375 0.2375 0.2405 0.2845 
0.2317 0.2463 0.2698 0.2522 
0.2610 0.0323 0.6334 0.0733 
0.1349 0.0000 0.8006 0.0645 
0.1554 0.0000 0.8446 0.0000 
0.0000 0.0000 1.0000 0.0000 
0.0000 0.0000 1.0000 0.0000 
0.2991 0.6100 0.0000 0.0909 
0.0000 0.0000 1.0000 0.0000 
0.0000 0.0000 1.0000 0.0000 
0.1525 0.0000 0.8446 0.0029 
0.1935 0.0323 0.7742 0.0000 
0.1378 0.5894 0.1818 0.0909 
0.2727 0.1935 0.3021 0.2317 
0.2287 0.3255 0.2053 0.2405 

MOTIF filter4 
letter-probability matrix: alength= 4 w= 20 nsites= 20 
0.2136 0.2885 0.2687 0.2291 
0.2942 0.2419 0.2150 0.2489 
0.1429 0.0736 0.0424 0.7412 
0.0240 0.0877 0.6846 0.2037 
0.4088 0.4229 0.0566 0.1117 
0.0014 0.9972 0.0000 0.0014 
0.0000 0.9943 0.0014 0.0042 
0.8614 0.0000 0.0028 0.1358 
0.0170 0.0000 0.0000 0.9830 
1.0000 0.0000 0.0000 0.0000 
0.0000 0.0000 0.0014 0.9986 
0.9915 0.0000 0.0000 0.0085 
0.1542 0.0028 0.0000 0.8430 
0.0000 0.0042 0.9958 0.0000 
0.0000 0.0000 0.9986 0.0014 
0.0736 0.0495 0.4229 0.4540 
0.2037 0.7157 0.0636 0.0170 
0.7963 0.0127 0.0297 0.1612 
0.2405 0.2843 0.2291 0.2461 
0.2192 0.2588 0.2716 0.2504 

MOTIF filter5 
letter-probability matrix: alength= 4 w= 15 nsites= 15 
0.2477 0.2422 0.2473 0.2628 
0.2711 0.2366 0.2418 0.2505 
0.2097 0.2451 0.1798 0.3654 
0.0476 0.0599 0.0312 0.8613 
0.0319 0.0317 0.0882 0.8482 
0.2235 0.6865 0.0376 0.0524 
0.0784 0.5839 0.0173 0.3204 
0.2403 0.2418 0.2608 0.2571 
0.3100 0.0164 0.6077 0.0660 
0.0389 0.0400 0.7204 0.2007 
0.8386 0.0965 0.0354 0.0295 
0.8711 0.0417 0.0607 0.0264 
0.3735 0.1883 0.2320 0.2062 
0.2377 0.2479 0.2499 0.2645 
0.2519 0.2471 0.2680 0.2331 

MOTIF filter6 
letter-probability matrix: alength= 4 w= 14 nsites= 14 
0.1222 0.4189 0.2689 0.1900 
0.2811 0.3744 0.0889 0.2556 
0.1389 0.3522 0.4022 0.1067 
0.0089 0.9311 0.0256 0.0344 
0.3900 0.4144 0.1456 0.0500 
0.3978 0.2167 0.0144 0.3711 
0.9356 0.0244 0.0400 0.0000 
0.0011 0.1489 0.1056 0.7444 
0.4411 0.0100 0.1433 0.4056 
0.0211 0.0122 0.2233 0.7433 
0.0189 0.0478 0.9333 0.0000 
0.1633 0.1244 0.5778 0.1344 
0.0600 0.0978 0.3167 0.5256 
0.3478 0.3378 0.1889 0.1256 

MOTIF filter7 
letter-probability matrix: alength= 4 w= 15 nsites= 15 
0.2524 0.2591 0.2447 0.2438 
0.2419 0.2677 0.2543 0.2361 
0.1243 0.0774 0.3403 0.4579 
0.0526 0.8184 0.0010 0.1281 
0.0010 0.0124 0.0010 0.9857 
0.9981 0.0000 0.0010 0.0010 
0.2916 0.0010 0.0105 0.6969 
0.4503 0.0038 0.0000 0.5459 
0.5535 0.0000 0.0010 0.4455 
0.6816 0.0038 0.0000 0.3145 
0.0029 0.0010 0.0000 0.9962 
0.9837 0.0010 0.0124 0.0029 
0.1233 0.0029 0.8174 0.0564 
0.4331 0.3614 0.0583 0.1472 
0.2706 0.2352 0.2581 0.2361 

MOTIF filter8 
letter-probability matrix: alength= 4 w= 16 nsites= 16 
0.2292 0.2372 0.2648 0.2688 
0.1818 0.2925 0.2859 0.2398 
0.2833 0.2503 0.2187 0.2477 
0.1436 0.0698 0.0382 0.7484 
0.0250 0.0725 0.6891 0.2134 
0.4335 0.3847 0.0698 0.1120 
0.0000 0.9987 0.0013 0.0000 
0.0000 0.9987 0.0000 0.0013 
0.8498 0.0000 0.0053 0.1449 
0.0132 0.0000 0.0000 0.9868 
1.0000 0.0000 0.0000 0.0000 
0.0000 0.0000 0.0000 1.0000 
1.0000 0.0000 0.0000 0.0000 
0.1370 0.0013 0.0000 0.8617 
0.0000 0.0013 0.9987 0.0000 
0.0000 0.0000 1.0000 0.0000 

MOTIF filter9 
letter-probability matrix: alength= 4 w= 14 nsites= 14 
0.2465 0.2617 0.2547 0.2371 
0.2477 0.2465 0.2629 0.2430 
0.2359 0.1432 0.4085 0.2124 
0.4519 0.1362 0.4120 0.0000 
0.0000 0.0000 0.0000 1.0000 
0.0000 0.0000 1.0000 0.0000 
1.0000 0.0000 0.0000 0.0000 
0.0000 0.5023 0.4977 0.0000 
0.0000 0.0000 0.0000 1.0000 
0.0000 1.0000 0.0000 0.0000 
1.0000 0.0000 0.0000 0.0000 
0.0000 0.3322 0.2289 0.4390 
0.2136 0.3615 0.2054 0.2195 
0.2300 0.2230 0.2899 0.2570 

MOTIF filter10 
letter-probability matrix: alength= 4 w= 13 nsites= 13 
0.0670 0.6863 0.1153 0.1314 
0.0000 0.1716 0.0080 0.8204 
0.0027 0.2601 0.7051 0.0322 
1.0000 0.0000 0.0000 0.0000 
0.0000 0.0000 0.0000 1.0000 
0.0000 0.0000 0.0000 1.0000 
0.0000 0.0000 1.0000 0.0000 
0.0000 0.0000 1.0000 0.0000 
0.0697 0.3861 0.0080 0.5362 
0.0000 0.4504 0.1153 0.4343 
0.1850 0.4450 0.3217 0.0483 
0.5121 0.1340 0.3029 0.0509 
0.1475 0.1662 0.2708 0.4155 

MOTIF filter11 
letter-probability matrix: alength= 4 w= 13 nsites= 13 
0.1596 0.5248 0.1294 0.1862 
0.2713 0.3085 0.2500 0.1702 
0.1507 0.1028 0.6082 0.1383 
0.0816 0.7110 0.0957 0.1117 
0.0248 0.9557 0.0106 0.0089 
1.0000 0.0000 0.0000 0.0000 
0.5053 0.0000 0.0000 0.4947 
0.1986 0.3050 0.3138 0.1826 
0.4947 0.0018 0.0000 0.5035 
0.0000 0.0018 0.0000 0.9982 
0.0053 0.0177 0.9504 0.0266 
0.1365 0.0851 0.6773 0.1011 
0.1117 0.5993 0.1099 0.1791 

MOTIF filter12 
letter-probability matrix: alength= 4 w= 15 nsites= 15 
0.2171 0.2632 0.2664 0.2533 
0.3355 0.2368 0.2566 0.1711 
0.2796 0.3224 0.2138 0.1842 
0.0526 0.1316 0.6184 0.1974 
0.0000 0.8520 0.0099 0.1382 
0.0000 0.8224 0.0000 0.1776 
0.0000 1.0000 0.0000 0.0000 
0.0000 1.0000 0.0000 0.0000 
0.0921 0.0000 0.5921 0.3158 
0.0000 1.0000 0.0000 0.0000 
0.0000 1.0000 0.0000 0.0000 
0.0000 0.7796 0.0000 0.2204 
0.0822 0.8553 0.0000 0.0625 
0.0625 0.6842 0.0230 0.2303 
0.2533 0.1974 0.2961 0.2533 

MOTIF filter13 
letter-probability matrix: alength= 4 w= 15 nsites= 15 
0.2763 0.2105 0.2336 0.2796 
0.2632 0.2171 0.3191 0.2007 
0.2237 0.2599 0.2730 0.2434 
0.0066 0.8520 0.1414 0.0000 
0.0263 0.9737 0.0000 0.0000 
0.0000 0.0000 1.0000 0.0000 
0.0000 0.0000 1.0000 0.0000 
1.0000 0.0000 0.0000 0.0000 
1.0000 0.0000 0.0000 0.0000 
0.0263 0.0033 0.9704 0.0000 
0.0164 0.2993 0.0033 0.6809 
0.1776 0.0691 0.7072 0.0461 
0.2336 0.2566 0.4836 0.0263 
0.2171 0.3783 0.2434 0.1612 
0.2007 0.3125 0.2434 0.2434 

MOTIF filter14 
letter-probability matrix: alength= 4 w= 12 nsites= 12 
0.2447 0.2708 0.2273 0.2571 
0.2509 0.2596 0.2658 0.2236 
0.2596 0.2646 0.2360 0.2398 
0.0050 0.0000 0.0000 0.9950 
0.0000 0.0000 0.0000 1.0000 
0.0000 0.0000 0.0000 1.0000 
0.5516 0.0000 0.4484 0.0000 
1.0000 0.0000 0.0000 0.0000 
0.0000 0.0000 0.0000 1.0000 
0.2248 0.2683 0.2522 0.2547 
0.2547 0.2497 0.2509 0.2447 
0.2422 0.2398 0.2671 0.2509 

MOTIF filter15 
letter-probability matrix: alength= 4 w= 13 nsites= 13 
0.2462 0.2290 0.2604 0.2644 
0.2340 0.1682 0.3941 0.2036 
0.4032 0.2270 0.3607 0.0091 
0.0000 0.0000 0.0000 1.0000 
0.0000 0.0000 0.9949 0.0051 
1.0000 0.0000 0.0000 0.0000 
0.0000 0.5025 0.4975 0.0000 
0.0000 0.0000 0.0000 1.0000 
0.0000 1.0000 0.0000 0.0000 
1.0000 0.0000 0.0000 0.0000 
0.0041 0.3323 0.2553 0.4083 
0.2158 0.3637 0.1895 0.2310 
0.2614 0.2219 0.2715 0.2452 

MOTIF filter16 
letter-probability matrix: alength= 4 w= 10 nsites= 10 
0.1917 0.5099 0.1379 0.1605 
0.2616 0.4320 0.2087 0.0977 
0.5982 0.1364 0.0567 0.2087 
0.5689 0.0118 0.2644 0.1549 
0.0392 0.3763 0.2299 0.3546 
0.8796 0.0269 0.0911 0.0024 
0.1110 0.1110 0.0382 0.7398 
0.5345 0.2738 0.0000 0.1917 
0.0788 0.6374 0.1874 0.0963 
0.0652 0.4736 0.1860 0.2753 

MOTIF filter17 
letter-probability matrix: alength= 4 w= 20 nsites= 20 
0.1515 0.2727 0.3030 0.2727 
0.3030 0.4242 0.0909 0.1818 
0.0000 0.3030 0.5152 0.1818 
0.0606 0.0000 0.5152 0.4242 
0.3333 0.2424 0.3030 0.1212 
0.8182 0.0909 0.0000 0.0909 
0.0000 0.4545 0.0303 0.5152 
0.3333 0.2121 0.4545 0.0000 
0.2121 0.1515 0.0000 0.6364 
0.0000 0.4242 0.1212 0.4545 
0.2424 0.6061 0.0909 0.0606 
0.0000 0.0000 0.9697 0.0303 
0.3333 0.0303 0.5758 0.0606 
0.1515 0.2727 0.0606 0.5152 
0.0909 0.6667 0.1212 0.1212 
0.0606 0.1212 0.5758 0.2424 
0.0303 0.9697 0.0000 0.0000 
0.3636 0.3030 0.2121 0.1212 
0.0000 0.9394 0.0000 0.0606 
0.0606 0.0000 0.9394 0.0000 

MOTIF filter18 
letter-probability matrix: alength= 4 w= 15 nsites= 15 
0.2629 0.1657 0.3286 0.2429 
0.6000 0.0629 0.1343 0.2029 
0.1686 0.3143 0.4857 0.0314 
0.0000 0.0000 0.0000 1.0000 
0.0114 0.9886 0.0000 0.0000 
1.0000 0.0000 0.0000 0.0000 
0.0000 0.0000 0.9943 0.0057 
0.0000 1.0000 0.0000 0.0000 
0.9886 0.0000 0.0000 0.0114 
0.4457 0.1629 0.1286 0.2629 
0.4343 0.0514 0.0057 0.5086 
0.4171 0.0657 0.0000 0.5171 
0.3171 0.1257 0.0171 0.5400 
0.2743 0.2400 0.2457 0.2400 
0.2714 0.2943 0.2114 0.2229 

MOTIF filter19 
letter-probability matrix: alength= 4 w= 12 nsites= 12 
0.2299 0.2617 0.2647 0.2438 
0.3900 0.2080 0.2557 0.1463 
0.2259 0.3075 0.3134 0.1532 
0.0000 1.0000 0.0000 0.0000 
1.0000 0.0000 0.0000 0.0000 
0.0000 1.0000 0.0000 0.0000 
0.0000 0.0000 1.0000 0.0000 
0.0000 0.0000 0.0000 1.0000 
0.0000 0.0000 1.0000 0.0000 
0.1612 0.2925 0.3144 0.2318 
0.1692 0.2438 0.1692 0.4179 
0.2328 0.2597 0.2458 0.2617 

MOTIF filter20 
letter-probability matrix: alength= 4 w= 15 nsites= 15 
0.1612 0.4396 0.1685 0.2308 
0.2051 0.1795 0.1941 0.4212 
0.1538 0.1905 0.1868 0.4689 
0.0000 0.9817 0.0183 0.0000 
0.0110 0.9890 0.0000 0.0000 
0.0000 0.0000 1.0000 0.0000 
0.0000 0.0037 0.9963 0.0000 
0.9670 0.0073 0.0256 0.0000 
0.9634 0.0147 0.0073 0.0147 
0.0256 0.0696 0.8791 0.0256 
0.0513 0.3516 0.0256 0.5714 
0.1648 0.0842 0.6850 0.0659 
0.2821 0.2198 0.4396 0.0586 
0.2418 0.3297 0.2674 0.1612 
0.2418 0.2418 0.3297 0.1868 

MOTIF filter21 
letter-probability matrix: alength= 4 w= 15 nsites= 15 
0.2270 0.2199 0.2943 0.2589 
0.2589 0.0426 0.6596 0.0390 
0.0816 0.0000 0.8688 0.0496 
0.1560 0.0000 0.8440 0.0000 
0.0000 0.0000 1.0000 0.0000 
0.0000 0.0000 1.0000 0.0000 
0.2730 0.5638 0.0000 0.1631 
0.0000 0.0000 1.0000 0.0000 
0.0000 0.0000 1.0000 0.0000 
0.1348 0.0000 0.8652 0.0000 
0.1596 0.0106 0.8298 0.0000 
0.2163 0.6064 0.1383 0.0390 
0.2943 0.2092 0.2660 0.2305 
0.2340 0.2943 0.2340 0.2376 
0.2766 0.2340 0.2340 0.2553 

MOTIF filter22 
letter-probability matrix: alength= 4 w= 17 nsites= 17 
0.2654 0.2675 0.2123 0.2548 
0.2654 0.4034 0.1592 0.1720 
0.5499 0.0042 0.0510 0.3949 
0.5435 0.0531 0.0722 0.3312 
0.5732 0.0000 0.0064 0.4204 
0.2803 0.1847 0.3227 0.2123 
0.0000 0.0000 0.0000 1.0000 
0.0000 0.4055 0.5945 0.0000 
0.4628 0.5372 0.0000 0.0000 
0.0000 0.0000 0.3694 0.6306 
0.0000 0.3843 0.6157 0.0000 
1.0000 0.0000 0.0000 0.0000 
0.1699 0.3843 0.2781 0.1677 
0.2505 0.0297 0.0149 0.7049 
0.2059 0.2824 0.0297 0.4820 
0.4140 0.0679 0.0616 0.4565 
0.2166 0.1019 0.4310 0.2505 

MOTIF filter23 
letter-probability matrix: alength= 4 w= 20 nsites= 20 
0.2667 0.2296 0.2593 0.2444 
0.1907 0.3093 0.5000 0.0000 
0.1426 0.0370 0.4296 0.3907 
0.2222 0.6037 0.0407 0.1333 
0.1111 0.3574 0.2926 0.2389 
0.3500 0.3611 0.2037 0.0852 
0.4463 0.0130 0.4037 0.1370 
0.0741 0.1222 0.0481 0.7556 
0.3093 0.3259 0.3130 0.0519 
0.5722 0.1944 0.1463 0.0870 
0.0648 0.2704 0.0667 0.5981 
0.2685 0.0111 0.2815 0.4389 
0.2167 0.1870 0.1537 0.4426 
0.5093 0.0370 0.3648 0.0889 
0.0056 0.4370 0.1130 0.4444 
0.1630 0.4185 0.3667 0.0519 
0.8944 0.0074 0.0037 0.0944 
0.0222 0.8759 0.0185 0.0833 
0.0630 0.0241 0.3704 0.5426 
0.0130 0.2981 0.3241 0.3648 

MOTIF filter24 
letter-probability matrix: alength= 4 w= 12 nsites= 12 
0.2782 0.3058 0.2180 0.1980 
0.2882 0.2481 0.2231 0.2406 
0.2506 0.2406 0.2632 0.2456 
0.0000 0.8571 0.0852 0.0576 
0.0000 0.1779 0.0000 0.8221 
0.0000 0.2306 0.7343 0.0351 
1.0000 0.0000 0.0000 0.0000 
0.0000 0.0000 0.0000 1.0000 
0.0000 0.0000 0.0000 1.0000 
0.0000 0.0000 1.0000 0.0000 
0.0000 0.0000 1.0000 0.0000 
0.0501 0.4236 0.0025 0.5238 

MOTIF filter25 
letter-probability matrix: alength= 4 w= 11 nsites= 11 
0.3737 0.2567 0.2876 0.0820 
0.0000 0.0000 0.0000 1.0000 
0.0040 0.0175 0.9073 0.0712 
0.9866 0.0000 0.0027 0.0108 
0.0336 0.3723 0.5901 0.0040 
0.0134 0.0094 0.0134 0.9637 
0.0269 0.9570 0.0000 0.0161 
0.9745 0.0148 0.0067 0.0040 
0.0739 0.3293 0.2796 0.3172 
0.1815 0.3777 0.1277 0.3132 
0.2500 0.1142 0.3239 0.3118 

MOTIF filter26 
letter-probability matrix: alength= 4 w= 16 nsites= 16 
0.2294 0.2414 0.2560 0.2732 
0.2069 0.2838 0.2812 0.2281 
0.2812 0.2493 0.2281 0.2414 
0.1499 0.0637 0.0252 0.7613 
0.0279 0.0623 0.6817 0.2281 
0.4271 0.3740 0.0769 0.1220 
0.0000 1.0000 0.0000 0.0000 
0.0000 0.9960 0.0000 0.0040 
0.8395 0.0000 0.0000 0.1605 
0.0080 0.0000 0.0000 0.9920 
1.0000 0.0000 0.0000 0.0000 
0.0000 0.0000 0.0000 1.0000 
0.9960 0.0000 0.0000 0.0040 
0.1260 0.0000 0.0000 0.8740 
0.0027 0.0027 0.9947 0.0000 
0.0000 0.0013 0.9973 0.0013 

MOTIF filter27 
letter-probability matrix: alength= 4 w= 13 nsites= 13 
0.1504 0.2058 0.3668 0.2770 
0.0237 0.4828 0.2296 0.2639 
0.0765 0.6227 0.1504 0.1504 
0.6966 0.0132 0.2639 0.0264 
0.0000 0.9525 0.0053 0.0422 
0.0000 0.0000 0.0000 1.0000 
0.0000 0.0000 0.0000 1.0000 
0.0000 1.0000 0.0000 0.0000 
0.0000 1.0000 0.0000 0.0000 
0.0000 0.0000 0.9736 0.0264 
0.0000 0.1583 0.8285 0.0132 
0.2480 0.2137 0.2348 0.3034 
0.2375 0.2348 0.2639 0.2639 

MOTIF filter28 
letter-probability matrix: alength= 4 w= 16 nsites= 16 
0.1691 0.3945 0.3642 0.0723 
0.1055 0.0910 0.3092 0.4942 
0.5173 0.2355 0.1243 0.1228 
0.8786 0.0029 0.0332 0.0853 
0.4422 0.3829 0.1676 0.0072 
0.3887 0.0000 0.4263 0.1850 
0.2442 0.0000 0.1676 0.5882 
0.0014 0.6329 0.0000 0.3656 
0.3483 0.3020 0.0217 0.3280 
0.1171 0.3902 0.1763 0.3165 
0.0275 0.0520 0.8627 0.0578 
0.0246 0.0376 0.6243 0.3136 
0.0954 0.3526 0.1734 0.3786 
0.3425 0.1156 0.4827 0.0592 
0.3844 0.2991 0.0477 0.2688 
0.5535 0.0072 0.2399 0.1994 

MOTIF filter29 
letter-probability matrix: alength= 4 w= 15 nsites= 15 
0.4206 0.0696 0.1616 0.3482 
0.6435 0.0139 0.0501 0.2925 
0.4540 0.0000 0.0223 0.5237 
0.2841 0.1504 0.1560 0.4095 
0.0139 0.0000 0.0000 0.9861 
0.0000 0.0000 1.0000 0.0000 
0.0167 0.9833 0.0000 0.0000 
0.0000 0.0000 0.0000 1.0000 
0.0000 0.0000 0.9805 0.0195 
1.0000 0.0000 0.0000 0.0000 
0.0251 0.5125 0.3036 0.1588 
0.1950 0.1198 0.0474 0.6379 
0.1894 0.3844 0.1337 0.2925 
0.5042 0.0501 0.2117 0.2340 
0.1643 0.0529 0.5209 0.2618 

MOTIF filter30 
letter-probability matrix: alength= 4 w= 14 nsites= 14 
0.1039 0.2079 0.4242 0.2640 
0.0000 0.8146 0.0169 0.1685 
0.0000 0.8736 0.0000 0.1264 
0.0000 1.0000 0.0000 0.0000 
0.0000 1.0000 0.0000 0.0000 
0.1067 0.0000 0.6404 0.2528 
0.0000 1.0000 0.0000 0.0000 
0.0000 1.0000 0.0000 0.0000 
0.0000 0.8511 0.0000 0.1489 
0.0478 0.8483 0.0000 0.1039 
0.0281 0.6292 0.0618 0.2809 
0.2556 0.2556 0.2275 0.2612 
0.2921 0.2247 0.2416 0.2416 
0.2107 0.3287 0.2444 0.2163 

MOTIF filter31 
letter-probability matrix: alength= 4 w= 13 nsites= 13 
0.2696 0.2518 0.2518 0.2268 
0.4750 0.1000 0.3089 0.1161 
0.1411 0.4964 0.3179 0.0446 
0.1411 0.7589 0.0000 0.1000 
0.4518 0.3536 0.1714 0.0232 
0.1857 0.0571 0.0714 0.6857 
0.6714 0.0214 0.2411 0.0661 
0.9946 0.0000 0.0054 0.0000 
0.0000 0.1964 0.1679 0.6357 
0.0018 0.0357 0.1107 0.8518 
0.4375 0.1089 0.3321 0.1214 
0.1929 0.0196 0.5661 0.2214 
0.3036 0.2750 0.1554 0.2661 

