MEME version 4

ALPHABET= ACGT

Background letter frequencies:
A 0.2500 C 0.2500 G 0.2500 T 0.2500 

MOTIF filter0 
letter-probability matrix: alength= 4 w= 12 nsites= 12 
0.2417 0.1750 0.3716 0.2116 
0.2919 0.1686 0.1423 0.3972 
0.2131 0.3897 0.3972 0.0000 
0.0115 0.6132 0.0006 0.3747 
0.5712 0.2631 0.0011 0.1645 
0.2976 0.0008 0.0531 0.6485 
0.3475 0.0045 0.6371 0.0108 
0.0000 0.3264 0.5499 0.1237 
0.7137 0.0160 0.0938 0.1765 
0.2374 0.3656 0.1380 0.2591 
0.3561 0.1284 0.2617 0.2539 
0.2767 0.0661 0.4326 0.2246 

MOTIF filter1 
letter-probability matrix: alength= 4 w= 11 nsites= 11 
0.2543 0.2793 0.3103 0.1561 
0.3366 0.1573 0.3379 0.1682 
0.0807 0.2653 0.2667 0.3872 
0.2643 0.0014 0.1045 0.6297 
0.0940 0.8973 0.0000 0.0087 
0.2881 0.0381 0.4403 0.2335 
0.2164 0.5457 0.0047 0.2332 
0.0134 0.0006 0.8574 0.1286 
0.2808 0.2242 0.0012 0.4938 
0.1799 0.3008 0.4790 0.0404 
0.1927 0.4531 0.1636 0.1906 

MOTIF filter2 
letter-probability matrix: alength= 4 w= 10 nsites= 10 
0.2771 0.0530 0.4922 0.1777 
0.1797 0.3624 0.3062 0.1518 
0.0100 0.4577 0.3748 0.1575 
0.0116 0.1495 0.5262 0.3127 
0.0195 0.9245 0.0000 0.0561 
0.4910 0.0001 0.1568 0.3521 
0.0701 0.2240 0.6992 0.0067 
0.1206 0.4175 0.4047 0.0572 
0.2379 0.2466 0.4211 0.0944 
0.2584 0.4937 0.0289 0.2190 

MOTIF filter3 
letter-probability matrix: alength= 4 w= 15 nsites= 15 
0.2382 0.2589 0.2447 0.2582 
0.2757 0.2289 0.2362 0.2592 
0.1924 0.2472 0.1788 0.3816 
0.0472 0.0326 0.0242 0.8960 
0.0491 0.0800 0.0935 0.7775 
0.2238 0.6524 0.0380 0.0858 
0.0774 0.5874 0.0285 0.3067 
0.2517 0.2398 0.2669 0.2417 
0.3093 0.0491 0.5745 0.0671 
0.1162 0.0532 0.6339 0.1968 
0.7627 0.0808 0.1021 0.0543 
0.8802 0.0325 0.0442 0.0432 
0.4016 0.1673 0.2309 0.2001 
0.2541 0.2314 0.2395 0.2750 
0.2567 0.2463 0.2664 0.2305 

MOTIF filter4 
letter-probability matrix: alength= 4 w= 13 nsites= 13 
0.4694 0.1484 0.2327 0.1494 
0.3300 0.4092 0.0883 0.1725 
0.1354 0.1123 0.1695 0.5827 
0.1464 0.0441 0.0672 0.7422 
0.0231 0.7743 0.2006 0.0020 
0.4373 0.5627 0.0000 0.0000 
0.0000 0.0000 0.5527 0.4473 
0.0000 0.1976 0.8024 0.0000 
0.9719 0.0120 0.0000 0.0160 
0.7372 0.1083 0.0652 0.0893 
0.2457 0.0863 0.5637 0.1043 
0.1063 0.2608 0.0943 0.5386 
0.2638 0.1224 0.4052 0.2086 

MOTIF filter5 
letter-probability matrix: alength= 4 w= 13 nsites= 13 
0.2425 0.0906 0.4364 0.2305 
0.2765 0.0028 0.5097 0.2110 
0.2616 0.2958 0.2474 0.1953 
0.0107 0.2008 0.7737 0.0147 
0.6435 0.0800 0.0573 0.2192 
0.4382 0.4476 0.0142 0.1001 
0.4293 0.1880 0.0158 0.3669 
0.3824 0.4314 0.0751 0.1111 
0.2170 0.2949 0.0916 0.3965 
0.0000 0.3151 0.6665 0.0184 
0.2161 0.0467 0.2408 0.4965 
0.1324 0.5638 0.0714 0.2324 
0.3084 0.2182 0.2838 0.1896 

MOTIF filter6 
letter-probability matrix: alength= 4 w= 14 nsites= 14 
0.2403 0.2495 0.2496 0.2606 
0.2514 0.1522 0.4503 0.1462 
0.2318 0.0454 0.5325 0.1904 
0.2963 0.0838 0.5904 0.0295 
0.0710 0.0892 0.7906 0.0492 
0.0182 0.1490 0.7618 0.0710 
0.2938 0.3598 0.1425 0.2040 
0.1164 0.0520 0.7284 0.1033 
0.0830 0.0669 0.8447 0.0054 
0.3074 0.0314 0.5778 0.0834 
0.3143 0.1428 0.5306 0.0123 
0.2164 0.3360 0.3116 0.1359 
0.2278 0.2720 0.2773 0.2229 
0.2356 0.2434 0.2867 0.2343 

MOTIF filter7 
letter-probability matrix: alength= 4 w= 14 nsites= 14 
0.1932 0.2631 0.3138 0.2299 
0.3238 0.2097 0.3376 0.1288 
0.3088 0.2024 0.3080 0.1807 
0.0482 0.7286 0.1344 0.0887 
0.0336 0.5877 0.0328 0.3459 
0.4586 0.1678 0.2909 0.0827 
0.9080 0.0509 0.0286 0.0125 
0.0324 0.0251 0.0252 0.9173 
0.0984 0.3691 0.2087 0.3237 
0.4582 0.0402 0.4628 0.0388 
0.0886 0.1085 0.7774 0.0255 
0.1842 0.3358 0.1853 0.2947 
0.2080 0.3229 0.1923 0.2767 
0.2557 0.3109 0.2204 0.2130 

MOTIF filter8 
letter-probability matrix: alength= 4 w= 13 nsites= 13 
0.2330 0.2819 0.2547 0.2303 
0.1349 0.3158 0.3165 0.2329 
0.0452 0.5227 0.1577 0.2744 
0.0384 0.5913 0.0921 0.2783 
0.0524 0.8743 0.0553 0.0180 
0.0108 0.9072 0.0316 0.0504 
0.1899 0.2217 0.3308 0.2577 
0.0182 0.7572 0.0941 0.1305 
0.0066 0.8203 0.0919 0.0812 
0.0182 0.6074 0.0458 0.3286 
0.1684 0.5411 0.0292 0.2613 
0.1191 0.4393 0.1647 0.2770 
0.2305 0.2808 0.2433 0.2454 

MOTIF filter9 
letter-probability matrix: alength= 4 w= 16 nsites= 16 
0.2901 0.3777 0.1855 0.1467 
0.3856 0.1107 0.1158 0.3879 
0.3766 0.0866 0.1951 0.3418 
0.5627 0.0051 0.1107 0.3215 
0.2844 0.2395 0.2726 0.2035 
0.0107 0.0253 0.0242 0.9399 
0.0815 0.5363 0.3789 0.0034 
0.4351 0.5143 0.0506 0.0000 
0.0000 0.0090 0.4266 0.5644 
0.0000 0.3401 0.6183 0.0416 
0.9753 0.0022 0.0174 0.0051 
0.0483 0.4154 0.3952 0.1411 
0.2181 0.1388 0.0270 0.6161 
0.3125 0.2395 0.0748 0.3732 
0.4132 0.1321 0.1017 0.3530 
0.1596 0.1180 0.3794 0.3429 

MOTIF filter10 
letter-probability matrix: alength= 4 w= 9 nsites= 9 
0.1753 0.3684 0.4308 0.0255 
0.2918 0.3168 0.3060 0.0854 
0.0558 0.1993 0.2705 0.4744 
0.0000 0.4387 0.5613 0.0000 
0.0000 0.0010 0.9316 0.0674 
0.6292 0.3274 0.0184 0.0251 
0.2625 0.2798 0.2386 0.2192 
0.2436 0.3267 0.1793 0.2503 
0.2440 0.2509 0.2220 0.2831 

MOTIF filter11 
letter-probability matrix: alength= 4 w= 15 nsites= 15 
0.0206 0.1269 0.4803 0.3722 
0.3392 0.2813 0.3509 0.0287 
0.0181 0.5488 0.1813 0.2518 
0.0208 0.4938 0.4848 0.0006 
0.3652 0.0002 0.1641 0.4705 
0.0719 0.1469 0.4381 0.3432 
0.4730 0.2998 0.2273 0.0000 
0.0000 0.0226 0.2314 0.7459 
0.3409 0.4379 0.2146 0.0066 
0.3903 0.1870 0.0189 0.4038 
0.0056 0.3421 0.5926 0.0596 
0.1061 0.1851 0.6637 0.0451 
0.2210 0.1570 0.2840 0.3380 
0.2653 0.3897 0.2590 0.0860 
0.5172 0.1462 0.1203 0.2162 

MOTIF filter12 
letter-probability matrix: alength= 4 w= 12 nsites= 12 
0.0869 0.5272 0.1917 0.1942 
0.0892 0.6241 0.1577 0.1290 
0.5991 0.0828 0.2226 0.0956 
0.0103 0.5216 0.0532 0.4149 
0.2839 0.0047 0.0789 0.6325 
0.0270 0.0081 0.0346 0.9303 
0.6252 0.3274 0.0092 0.0382 
0.3728 0.2104 0.0006 0.4163 
0.0878 0.0070 0.8807 0.0245 
0.0000 0.3806 0.4171 0.2023 
0.0424 0.2388 0.3335 0.3853 
0.0867 0.4046 0.3179 0.1909 

MOTIF filter13 
letter-probability matrix: alength= 4 w= 11 nsites= 11 
0.2616 0.2489 0.2475 0.2420 
0.2546 0.2411 0.2537 0.2505 
0.2522 0.2344 0.2633 0.2501 
0.5172 0.0762 0.0369 0.3696 
0.0683 0.0509 0.0628 0.8180 
0.0881 0.1732 0.0402 0.6985 
0.6576 0.0060 0.2663 0.0702 
0.8370 0.0271 0.0920 0.0439 
0.3441 0.0490 0.0749 0.5320 
0.2526 0.2372 0.2463 0.2638 
0.2459 0.2499 0.2666 0.2375 

MOTIF filter14 
letter-probability matrix: alength= 4 w= 12 nsites= 12 
0.2881 0.2791 0.1703 0.2625 
0.2995 0.1109 0.1736 0.4160 
0.2967 0.0563 0.3316 0.3153 
0.3772 0.1277 0.4917 0.0034 
0.1959 0.4108 0.2509 0.1424 
0.1019 0.0014 0.1528 0.7439 
0.0160 0.3161 0.3263 0.3416 
0.8812 0.0000 0.0000 0.1188 
0.0001 0.1984 0.7288 0.0727 
0.1764 0.5086 0.1349 0.1801 
0.1706 0.4261 0.2277 0.1756 
0.3238 0.2334 0.1638 0.2790 

MOTIF filter15 
letter-probability matrix: alength= 4 w= 13 nsites= 13 
0.2219 0.2365 0.2561 0.2854 
0.2003 0.1945 0.3689 0.2363 
0.3708 0.2376 0.3484 0.0431 
0.0776 0.1183 0.0660 0.7380 
0.0332 0.0492 0.7458 0.1719 
0.8679 0.0321 0.1000 0.0000 
0.0699 0.3733 0.3252 0.2316 
0.0075 0.0008 0.1699 0.8218 
0.3117 0.6828 0.0000 0.0055 
0.7311 0.1611 0.1044 0.0033 
0.1003 0.2440 0.1431 0.5126 
0.3766 0.4885 0.1000 0.0348 
0.3957 0.0428 0.2885 0.2730 

MOTIF filter16 
letter-probability matrix: alength= 4 w= 15 nsites= 15 
0.1370 0.1278 0.4264 0.3088 
0.2096 0.3661 0.1902 0.2342 
0.2689 0.3609 0.2198 0.1503 
0.1718 0.0736 0.6339 0.1207 
0.0266 0.7975 0.0501 0.1258 
0.4274 0.5706 0.0020 0.0000 
0.9867 0.0000 0.0133 0.0000 
0.2924 0.0153 0.2597 0.4325 
0.5746 0.1411 0.0266 0.2577 
0.0000 0.0143 0.0000 0.9857 
0.0020 0.0020 0.5429 0.4530 
0.0716 0.0992 0.7822 0.0470 
0.2260 0.5971 0.0440 0.1329 
0.1687 0.1544 0.3650 0.3119 
0.1810 0.1943 0.4611 0.1636 

MOTIF filter17 
letter-probability matrix: alength= 4 w= 12 nsites= 12 
0.2539 0.2550 0.2572 0.2339 
0.3290 0.2201 0.2727 0.1783 
0.2373 0.3001 0.2666 0.1960 
0.0673 0.8525 0.0244 0.0558 
0.8643 0.0362 0.0520 0.0475 
0.0481 0.7094 0.0524 0.1901 
0.2015 0.0357 0.7276 0.0353 
0.0515 0.0617 0.0322 0.8547 
0.0465 0.0354 0.8402 0.0779 
0.2000 0.2630 0.3119 0.2251 
0.2062 0.2749 0.1975 0.3214 
0.2393 0.2513 0.2481 0.2613 

MOTIF filter18 
letter-probability matrix: alength= 4 w= 12 nsites= 12 
0.2368 0.2608 0.2432 0.2592 
0.1953 0.4439 0.2175 0.1434 
0.5393 0.0379 0.3400 0.0828 
0.0227 0.8426 0.0901 0.0446 
0.2343 0.1688 0.2302 0.3667 
0.1357 0.0112 0.3514 0.5017 
0.0960 0.7614 0.1080 0.0346 
0.0476 0.8195 0.1120 0.0209 
0.0983 0.0008 0.8701 0.0308 
0.0166 0.2806 0.3142 0.3886 
0.1800 0.2964 0.0721 0.4515 
0.0392 0.2401 0.2908 0.4298 

MOTIF filter19 
letter-probability matrix: alength= 4 w= 12 nsites= 12 
0.2965 0.3242 0.3755 0.0038 
0.1368 0.2323 0.3075 0.3235 
0.0026 0.2482 0.2379 0.5114 
0.4366 0.5427 0.0071 0.0136 
0.0336 0.2983 0.6682 0.0000 
0.0003 0.0000 0.3596 0.6401 
0.4563 0.1041 0.2840 0.1556 
0.5238 0.1207 0.3387 0.0168 
0.0326 0.1917 0.6634 0.1123 
0.0496 0.4008 0.0774 0.4722 
0.2517 0.2164 0.3724 0.1595 
0.3205 0.3246 0.2299 0.1250 

MOTIF filter20 
letter-probability matrix: alength= 4 w= 13 nsites= 13 
0.1706 0.3296 0.2320 0.2678 
0.2455 0.2618 0.3240 0.1686 
0.3954 0.0942 0.3553 0.1552 
0.0331 0.3094 0.0183 0.6392 
0.0005 0.4326 0.5285 0.0384 
0.8801 0.0358 0.0026 0.0814 
0.2234 0.2268 0.3747 0.1751 
0.0000 0.0000 0.0199 0.9801 
0.0387 0.5657 0.3956 0.0000 
0.8268 0.0214 0.1432 0.0086 
0.1237 0.3502 0.0752 0.4509 
0.2080 0.1946 0.2683 0.3291 
0.2157 0.2280 0.3315 0.2248 

MOTIF filter21 
letter-probability matrix: alength= 4 w= 12 nsites= 12 
0.3286 0.3088 0.2131 0.1495 
0.2884 0.0439 0.4867 0.1810 
0.2569 0.5263 0.0618 0.1550 
0.0766 0.6609 0.2458 0.0167 
0.9914 0.0025 0.0062 0.0000 
0.1309 0.0000 0.0439 0.8252 
0.0321 0.2415 0.6671 0.0593 
0.6943 0.0062 0.1742 0.1254 
0.0408 0.3626 0.0006 0.5960 
0.1513 0.1470 0.5571 0.1445 
0.1421 0.1155 0.6053 0.1371 
0.2273 0.5145 0.0970 0.1612 

MOTIF filter22 
letter-probability matrix: alength= 4 w= 16 nsites= 16 
0.2231 0.2444 0.2376 0.2949 
0.2454 0.2328 0.2706 0.2512 
0.1600 0.0941 0.3152 0.4306 
0.0485 0.8351 0.0145 0.1018 
0.0184 0.1096 0.0301 0.8419 
0.9205 0.0572 0.0087 0.0136 
0.4219 0.0000 0.0107 0.5674 
0.5839 0.0068 0.0223 0.3870 
0.5490 0.0320 0.0931 0.3259 
0.8157 0.0000 0.0000 0.1843 
0.0048 0.0048 0.0194 0.9709 
0.7003 0.0000 0.2997 0.0000 
0.0145 0.0000 0.9855 0.0000 
0.3113 0.5490 0.0660 0.0737 
0.2105 0.3337 0.2764 0.1794 
0.2105 0.2367 0.3356 0.2173 

MOTIF filter23 
letter-probability matrix: alength= 4 w= 16 nsites= 16 
0.2563 0.1276 0.2077 0.4083 
0.1570 0.0822 0.5438 0.2170 
0.2635 0.2313 0.1076 0.3976 
0.0279 0.6993 0.2646 0.0082 
0.1144 0.8202 0.0586 0.0068 
0.2646 0.0154 0.5674 0.1527 
0.0568 0.0919 0.4987 0.3525 
0.9399 0.0111 0.0458 0.0032 
0.1984 0.1466 0.0497 0.6053 
0.3868 0.0762 0.1298 0.4072 
0.0972 0.0322 0.1316 0.7390 
0.0854 0.0622 0.7276 0.1248 
0.0783 0.1652 0.7000 0.0565 
0.1248 0.2159 0.4319 0.2274 
0.2875 0.4541 0.1595 0.0990 
0.4616 0.0640 0.2270 0.2474 

MOTIF filter24 
letter-probability matrix: alength= 4 w= 12 nsites= 12 
0.2150 0.2095 0.4140 0.1615 
0.3884 0.1633 0.2539 0.1944 
0.2159 0.3646 0.3801 0.0393 
0.0000 0.0059 0.0000 0.9941 
0.0078 0.1317 0.8454 0.0151 
0.9602 0.0005 0.0192 0.0201 
0.0133 0.4442 0.4392 0.1034 
0.0247 0.0197 0.0970 0.8586 
0.0467 0.8188 0.0586 0.0759 
0.8660 0.0567 0.0444 0.0329 
0.1002 0.3019 0.2548 0.3431 
0.2077 0.3298 0.2187 0.2438 

MOTIF filter25 
letter-probability matrix: alength= 4 w= 15 nsites= 15 
0.2436 0.2401 0.2366 0.2797 
0.2976 0.2567 0.2448 0.2009 
0.1529 0.1205 0.3232 0.4034 
0.0895 0.7000 0.0232 0.1874 
0.1539 0.0950 0.0205 0.7306 
0.8003 0.0316 0.0550 0.1131 
0.2928 0.0497 0.0369 0.6206 
0.4295 0.0548 0.0131 0.5026 
0.4061 0.0283 0.1059 0.4597 
0.5688 0.0390 0.0070 0.3852 
0.0767 0.0575 0.0287 0.8371 
0.7556 0.0544 0.0934 0.0967 
0.2066 0.0499 0.6126 0.1309 
0.3817 0.2904 0.1480 0.1800 
0.2395 0.2358 0.2832 0.2415 

MOTIF filter26 
letter-probability matrix: alength= 4 w= 13 nsites= 13 
0.2336 0.2690 0.3197 0.1777 
0.3608 0.1073 0.3228 0.2091 
0.4865 0.2297 0.2109 0.0729 
0.1622 0.0000 0.0120 0.8259 
0.0864 0.4255 0.3883 0.0997 
0.7295 0.0000 0.0048 0.2657 
0.0071 0.2019 0.7876 0.0033 
0.0079 0.5984 0.0000 0.3937 
0.0867 0.5612 0.0003 0.3519 
0.6288 0.0043 0.2621 0.1048 
0.3730 0.0630 0.1754 0.3886 
0.1818 0.4375 0.1005 0.2802 
0.2802 0.2376 0.1096 0.3725 

MOTIF filter27 
letter-probability matrix: alength= 4 w= 12 nsites= 12 
0.2077 0.3038 0.2364 0.2521 
0.3561 0.0325 0.4020 0.2095 
0.2343 0.2581 0.0951 0.4125 
0.3031 0.6086 0.0229 0.0654 
0.0009 0.4808 0.0000 0.5183 
0.6406 0.2993 0.0214 0.0387 
0.0109 0.0510 0.2619 0.6762 
0.1689 0.0010 0.8301 0.0000 
0.1705 0.0000 0.5400 0.2895 
0.3648 0.2618 0.2444 0.1290 
0.2664 0.2999 0.0872 0.3465 
0.2685 0.2399 0.2636 0.2280 

MOTIF filter28 
letter-probability matrix: alength= 4 w= 10 nsites= 10 
0.4679 0.0132 0.1743 0.3446 
0.0008 0.2789 0.3360 0.3843 
0.1223 0.2944 0.5005 0.0828 
0.1151 0.4126 0.0002 0.4722 
0.3085 0.0010 0.0000 0.6905 
0.0058 0.0000 0.9417 0.0525 
0.2728 0.1813 0.5418 0.0041 
0.2270 0.3368 0.0097 0.4264 
0.0155 0.3168 0.2565 0.4113 
0.3087 0.3047 0.2695 0.1171 

MOTIF filter29 
letter-probability matrix: alength= 4 w= 14 nsites= 14 
0.2604 0.2341 0.2533 0.2521 
0.2618 0.2590 0.2209 0.2583 
0.4049 0.1987 0.3272 0.0692 
0.0299 0.0395 0.0382 0.8924 
0.0325 0.0444 0.1909 0.7322 
0.3233 0.0200 0.4687 0.1880 
0.1056 0.5965 0.0735 0.2245 
0.2393 0.0678 0.6084 0.0846 
0.1892 0.4779 0.0193 0.3136 
0.7347 0.1780 0.0444 0.0429 
0.8679 0.0511 0.0392 0.0418 
0.0826 0.3130 0.1908 0.4136 
0.2484 0.2552 0.2552 0.2413 
0.2413 0.2363 0.2520 0.2705 

MOTIF filter30 
letter-probability matrix: alength= 4 w= 12 nsites= 12 
0.2382 0.3066 0.2383 0.2169 
0.2585 0.2944 0.2593 0.1878 
0.1034 0.3561 0.3247 0.2158 
0.0137 0.9380 0.0107 0.0376 
0.5437 0.0070 0.4379 0.0113 
0.3943 0.2621 0.3427 0.0009 
0.3732 0.1380 0.3585 0.1303 
0.3656 0.0070 0.0077 0.6196 
0.0004 0.3463 0.6449 0.0084 
0.3942 0.2446 0.0001 0.3611 
0.1980 0.2105 0.3397 0.2518 
0.2700 0.2535 0.2148 0.2617 

MOTIF filter31 
letter-probability matrix: alength= 4 w= 13 nsites= 13 
0.2143 0.4950 0.1873 0.1035 
0.1484 0.5241 0.2238 0.1038 
0.3727 0.0649 0.1029 0.4594 
0.2024 0.0134 0.0733 0.7109 
0.4860 0.1036 0.0838 0.3266 
0.1764 0.0411 0.3985 0.3841 
0.8396 0.0110 0.0185 0.1309 
0.5453 0.0252 0.0487 0.3808 
0.0298 0.2150 0.6310 0.1242 
0.0222 0.0719 0.8917 0.0141 
0.0738 0.3166 0.1410 0.4685 
0.1993 0.3600 0.2357 0.2050 
0.3245 0.2006 0.1831 0.2919 

