MEME version 4

ALPHABET= ACGT

Background letter frequencies:
A 0.2500 C 0.2500 G 0.2500 T 0.2500 

MOTIF filter0 
letter-probability matrix: alength= 4 w= 16 nsites= 16 
0.2867 0.1885 0.1819 0.3429 
0.2415 0.1830 0.4487 0.1268 
0.5821 0.2723 0.0706 0.0750 
0.0254 0.2503 0.0992 0.6251 
0.0463 0.4465 0.1885 0.3186 
0.2073 0.0882 0.7045 0.0000 
0.1014 0.0529 0.8357 0.0099 
0.0055 0.7674 0.0055 0.2216 
0.0011 0.8908 0.0882 0.0198 
0.8346 0.1533 0.0066 0.0055 
0.5623 0.0408 0.2878 0.1092 
0.0187 0.2756 0.0485 0.6571 
0.0728 0.6450 0.1003 0.1819 
0.4520 0.0750 0.1544 0.3186 
0.2128 0.2062 0.4465 0.1345 
0.2370 0.2426 0.1830 0.3374 

MOTIF filter1 
letter-probability matrix: alength= 4 w= 15 nsites= 15 
0.3317 0.2806 0.1370 0.2507 
0.2476 0.1710 0.1227 0.4587 
0.0785 0.3012 0.4828 0.1376 
0.5701 0.0978 0.3082 0.0239 
0.2730 0.2883 0.0589 0.3798 
0.5391 0.0205 0.0693 0.3710 
0.2998 0.3677 0.3294 0.0031 
0.0160 0.3546 0.6274 0.0020 
0.8182 0.0926 0.0519 0.0374 
0.6098 0.0583 0.2534 0.0785 
0.0499 0.2474 0.2783 0.4245 
0.0667 0.4646 0.4642 0.0045 
0.4814 0.2681 0.1350 0.1155 
0.1671 0.1718 0.4260 0.2350 
0.1297 0.2415 0.4231 0.2057 

MOTIF filter2 
letter-probability matrix: alength= 4 w= 13 nsites= 13 
0.2574 0.2433 0.2467 0.2526 
0.2447 0.1974 0.3532 0.2047 
0.4025 0.2169 0.3239 0.0567 
0.0547 0.0479 0.0767 0.8207 
0.0137 0.0132 0.7235 0.2496 
0.9174 0.0010 0.0645 0.0171 
0.0757 0.4314 0.3415 0.1514 
0.0034 0.0005 0.0738 0.9223 
0.1505 0.8261 0.0000 0.0234 
0.6121 0.2912 0.0850 0.0117 
0.1016 0.1910 0.1158 0.5916 
0.3214 0.3190 0.3024 0.0572 
0.2487 0.0420 0.3810 0.3283 

MOTIF filter3 
letter-probability matrix: alength= 4 w= 10 nsites= 10 
0.1972 0.2975 0.1882 0.3171 
0.1876 0.4036 0.1815 0.2273 
0.4184 0.0037 0.4075 0.1704 
0.0534 0.8251 0.0166 0.1049 
0.3353 0.0309 0.0237 0.6101 
0.0213 0.0000 0.8979 0.0808 
0.0606 0.9202 0.0186 0.0006 
0.2825 0.3372 0.1031 0.2772 
0.3214 0.0882 0.3492 0.2412 
0.1982 0.2700 0.1579 0.3740 

MOTIF filter4 
letter-probability matrix: alength= 4 w= 11 nsites= 11 
0.1663 0.2680 0.2582 0.3074 
0.1981 0.1589 0.3316 0.3114 
0.3806 0.1288 0.3434 0.1471 
0.0007 0.6643 0.2304 0.1046 
0.0082 0.0000 0.0036 0.9882 
0.5407 0.1358 0.3233 0.0002 
0.4625 0.1431 0.2415 0.1529 
0.0047 0.0745 0.2049 0.7159 
0.2895 0.1345 0.2161 0.3599 
0.3589 0.1579 0.2442 0.2390 
0.2870 0.2240 0.1661 0.3228 

MOTIF filter5 
letter-probability matrix: alength= 4 w= 13 nsites= 13 
0.2522 0.2486 0.2495 0.2497 
0.2679 0.2368 0.2371 0.2582 
0.2027 0.2371 0.1948 0.3655 
0.0566 0.0824 0.0401 0.8209 
0.0540 0.0382 0.1085 0.7994 
0.2271 0.6323 0.0458 0.0948 
0.1046 0.5803 0.0219 0.2932 
0.2426 0.2542 0.2635 0.2396 
0.2939 0.0367 0.5774 0.0919 
0.0571 0.0559 0.6609 0.2261 
0.7389 0.1156 0.0717 0.0737 
0.8396 0.0528 0.0597 0.0479 
0.3822 0.1889 0.2237 0.2052 

MOTIF filter6 
letter-probability matrix: alength= 4 w= 14 nsites= 14 
0.0803 0.1795 0.3333 0.4068 
0.4182 0.1659 0.2333 0.1826 
0.4606 0.2841 0.2417 0.0136 
0.0023 0.7788 0.2189 0.0000 
0.1977 0.4909 0.0068 0.3045 
0.6841 0.0621 0.0053 0.2485 
0.9780 0.0152 0.0068 0.0000 
0.0250 0.0061 0.0409 0.9280 
0.4765 0.3053 0.2098 0.0083 
0.6826 0.0076 0.1705 0.1394 
0.0386 0.1364 0.7485 0.0765 
0.1508 0.1636 0.5402 0.1455 
0.2364 0.1394 0.3477 0.2765 
0.1970 0.4879 0.1856 0.1295 

MOTIF filter7 
letter-probability matrix: alength= 4 w= 11 nsites= 11 
0.2456 0.2678 0.2470 0.2397 
0.3498 0.2297 0.2472 0.1733 
0.2552 0.2905 0.2632 0.1911 
0.0568 0.8570 0.0336 0.0526 
0.7975 0.0447 0.0708 0.0870 
0.0321 0.7235 0.0335 0.2109 
0.2298 0.0265 0.7090 0.0348 
0.0708 0.0825 0.0307 0.8160 
0.0674 0.0445 0.8088 0.0794 
0.2033 0.2676 0.3030 0.2261 
0.1982 0.2637 0.1940 0.3442 

MOTIF filter8 
letter-probability matrix: alength= 4 w= 13 nsites= 13 
0.4166 0.4404 0.0136 0.1294 
0.0277 0.5292 0.1821 0.2610 
0.2558 0.0952 0.1163 0.5327 
0.0604 0.1806 0.0087 0.7504 
0.4198 0.0000 0.5435 0.0366 
0.4802 0.2853 0.1022 0.1324 
0.1947 0.3488 0.4359 0.0205 
0.0252 0.0455 0.1898 0.7395 
0.0747 0.6408 0.0948 0.1898 
0.7192 0.0846 0.0549 0.1413 
0.0547 0.4713 0.2073 0.2667 
0.2076 0.2964 0.1680 0.3281 
0.1663 0.2771 0.2269 0.3298 

MOTIF filter9 
letter-probability matrix: alength= 4 w= 13 nsites= 13 
0.1612 0.1420 0.5230 0.1738 
0.5332 0.1142 0.2216 0.1311 
0.2209 0.3078 0.4416 0.0298 
0.0373 0.0096 0.0254 0.9276 
0.0095 0.3957 0.5686 0.0262 
0.9598 0.0009 0.0285 0.0107 
0.0493 0.4123 0.3530 0.1854 
0.0858 0.1376 0.0682 0.7084 
0.1572 0.6459 0.1082 0.0887 
0.7001 0.1171 0.0873 0.0956 
0.1578 0.3009 0.2161 0.3252 
0.2396 0.2827 0.2354 0.2423 
0.2503 0.2274 0.2536 0.2687 

MOTIF filter10 
letter-probability matrix: alength= 4 w= 14 nsites= 14 
0.2607 0.2520 0.2466 0.2407 
0.2675 0.2607 0.2194 0.2524 
0.3766 0.2036 0.3522 0.0676 
0.0756 0.0602 0.0582 0.8060 
0.0345 0.0274 0.1823 0.7559 
0.3181 0.0383 0.4263 0.2174 
0.0923 0.6314 0.0254 0.2509 
0.2573 0.0219 0.6413 0.0795 
0.2034 0.4499 0.0305 0.3163 
0.7262 0.1773 0.0609 0.0356 
0.8457 0.0401 0.0566 0.0576 
0.0838 0.3333 0.2124 0.3706 
0.2501 0.2535 0.2489 0.2476 
0.2288 0.2446 0.2706 0.2560 

MOTIF filter11 
letter-probability matrix: alength= 4 w= 14 nsites= 14 
0.2429 0.2516 0.2563 0.2492 
0.2667 0.2536 0.2409 0.2388 
0.4571 0.1639 0.3231 0.0558 
0.0134 0.0229 0.0226 0.9412 
0.0178 0.0143 0.1544 0.8135 
0.2964 0.0196 0.5643 0.1197 
0.0754 0.6570 0.1087 0.1589 
0.1752 0.1467 0.6228 0.0552 
0.1571 0.5705 0.0062 0.2661 
0.8248 0.1342 0.0178 0.0232 
0.9650 0.0146 0.0146 0.0059 
0.0647 0.2783 0.1592 0.4978 
0.2483 0.2783 0.2560 0.2174 
0.2810 0.2153 0.2456 0.2581 

MOTIF filter12 
letter-probability matrix: alength= 4 w= 13 nsites= 13 
0.1714 0.5408 0.1307 0.1571 
0.1297 0.4135 0.1158 0.3411 
0.3628 0.0784 0.3640 0.1949 
0.1311 0.1907 0.0436 0.6346 
0.1812 0.7844 0.0141 0.0203 
0.0014 0.3783 0.0161 0.6042 
0.7407 0.0644 0.1191 0.0758 
0.1235 0.1712 0.0674 0.6378 
0.4195 0.0420 0.5231 0.0155 
0.0539 0.0509 0.6502 0.2450 
0.5388 0.0758 0.2381 0.1474 
0.1370 0.2882 0.0774 0.4974 
0.4843 0.0642 0.3296 0.1219 

MOTIF filter13 
letter-probability matrix: alength= 4 w= 13 nsites= 13 
0.0870 0.3941 0.1921 0.3268 
0.1045 0.5701 0.2048 0.1206 
0.1150 0.1304 0.3590 0.3955 
0.1297 0.8499 0.0049 0.0154 
0.0912 0.6480 0.0007 0.2602 
0.9593 0.0007 0.0021 0.0379 
0.2952 0.0056 0.0119 0.6872 
0.5316 0.0799 0.0119 0.3766 
0.0098 0.0470 0.0007 0.9425 
0.4446 0.0000 0.2342 0.3212 
0.0624 0.0323 0.6269 0.2784 
0.3079 0.2440 0.2812 0.1669 
0.1522 0.1024 0.6143 0.1311 

MOTIF filter14 
letter-probability matrix: alength= 4 w= 12 nsites= 12 
0.2684 0.2108 0.2723 0.2486 
0.0076 0.4588 0.3703 0.1634 
0.4934 0.1667 0.1634 0.1766 
0.0000 0.3946 0.5613 0.0441 
0.5155 0.0000 0.4426 0.0418 
0.3368 0.1476 0.1835 0.3321 
0.1981 0.1557 0.5546 0.0916 
0.1969 0.2460 0.3891 0.1680 
0.0165 0.0924 0.5423 0.3488 
0.1646 0.2719 0.4848 0.0787 
0.2113 0.1725 0.5177 0.0984 
0.1979 0.3739 0.2597 0.1685 

MOTIF filter15 
letter-probability matrix: alength= 4 w= 13 nsites= 13 
0.2533 0.2381 0.2400 0.2686 
0.0114 0.7314 0.1295 0.1276 
0.0000 0.2400 0.0114 0.7486 
0.0095 0.2819 0.6476 0.0610 
0.9829 0.0019 0.0038 0.0114 
0.0019 0.0019 0.0000 0.9962 
0.0076 0.0000 0.0019 0.9905 
0.0000 0.0019 0.9524 0.0457 
0.0095 0.0000 0.9867 0.0038 
0.0819 0.3486 0.0362 0.5333 
0.0171 0.3238 0.2457 0.4133 
0.1352 0.3276 0.4248 0.1124 
0.3752 0.1486 0.2952 0.1810 

MOTIF filter16 
letter-probability matrix: alength= 4 w= 14 nsites= 14 
0.2218 0.1738 0.3402 0.2642 
0.2304 0.3493 0.2030 0.2173 
0.2064 0.4008 0.2373 0.1555 
0.6507 0.0069 0.2419 0.1006 
0.3145 0.6204 0.0446 0.0206 
0.2264 0.5111 0.2567 0.0057 
0.8982 0.0080 0.0932 0.0006 
0.0086 0.0560 0.0252 0.9102 
0.0000 0.1069 0.8616 0.0314 
0.0206 0.0177 0.8159 0.1458 
0.0703 0.6284 0.0006 0.3007 
0.1744 0.2682 0.3619 0.1955 
0.2081 0.1527 0.4917 0.1475 
0.2007 0.4848 0.1172 0.1973 

MOTIF filter17 
letter-probability matrix: alength= 4 w= 10 nsites= 10 
0.2106 0.3970 0.1544 0.2380 
0.2110 0.1764 0.1333 0.4793 
0.1814 0.1709 0.1159 0.5317 
0.0396 0.7749 0.1714 0.0141 
0.0677 0.9033 0.0124 0.0167 
0.0113 0.0165 0.8687 0.1034 
0.0240 0.1747 0.7282 0.0731 
0.6102 0.1116 0.1080 0.1702 
0.6514 0.1110 0.1034 0.1342 
0.2031 0.1319 0.5348 0.1303 

MOTIF filter18 
letter-probability matrix: alength= 4 w= 12 nsites= 12 
0.3948 0.1377 0.2012 0.2664 
0.4440 0.1033 0.0943 0.3585 
0.2555 0.1783 0.2838 0.2824 
0.0513 0.0241 0.0096 0.9150 
0.1422 0.4414 0.3845 0.0319 
0.5590 0.4115 0.0250 0.0044 
0.0212 0.0466 0.3940 0.5382 
0.0031 0.4221 0.4300 0.1448 
0.9715 0.0009 0.0086 0.0190 
0.2344 0.3657 0.1651 0.2348 
0.3477 0.1479 0.1160 0.3885 
0.2795 0.2598 0.1177 0.3430 

MOTIF filter19 
letter-probability matrix: alength= 4 w= 12 nsites= 12 
0.1941 0.3676 0.1886 0.2497 
0.2161 0.3745 0.2758 0.1337 
0.2629 0.2478 0.3118 0.1775 
0.5460 0.0262 0.0213 0.4065 
0.0001 0.1727 0.0003 0.8269 
0.0078 0.3408 0.0298 0.6216 
0.6618 0.0052 0.3167 0.0162 
0.9095 0.0194 0.0695 0.0016 
0.3655 0.0201 0.0662 0.5481 
0.1307 0.3082 0.3545 0.2066 
0.2196 0.3088 0.2990 0.1726 
0.1975 0.2753 0.3200 0.2071 

MOTIF filter20 
letter-probability matrix: alength= 4 w= 14 nsites= 14 
0.2356 0.2427 0.2648 0.2570 
0.2514 0.1481 0.4612 0.1393 
0.2196 0.0218 0.5728 0.1857 
0.2448 0.0545 0.6704 0.0303 
0.0630 0.0920 0.7757 0.0693 
0.0336 0.2042 0.6743 0.0878 
0.2317 0.4034 0.1943 0.1707 
0.0628 0.1473 0.7257 0.0642 
0.0404 0.0273 0.8809 0.0515 
0.2488 0.0185 0.6997 0.0330 
0.2434 0.1228 0.6042 0.0297 
0.2464 0.3138 0.3211 0.1187 
0.2527 0.2601 0.2945 0.1926 
0.2253 0.2366 0.3151 0.2229 

MOTIF filter21 
letter-probability matrix: alength= 4 w= 13 nsites= 13 
0.2921 0.2514 0.2736 0.1830 
0.2644 0.1299 0.2789 0.3269 
0.0647 0.6298 0.1408 0.1647 
0.0012 0.8464 0.0637 0.0887 
0.2494 0.4420 0.2464 0.0622 
0.3237 0.3678 0.0074 0.3011 
0.1610 0.3266 0.0049 0.5075 
0.0128 0.6894 0.2747 0.0230 
0.3235 0.1867 0.4898 0.0000 
0.0339 0.2929 0.6604 0.0128 
0.2892 0.2316 0.1298 0.3494 
0.2553 0.2846 0.2470 0.2132 
0.2753 0.2405 0.2496 0.2346 

MOTIF filter22 
letter-probability matrix: alength= 4 w= 12 nsites= 12 
0.1494 0.2718 0.2485 0.3302 
0.2206 0.3348 0.4259 0.0187 
0.3573 0.0044 0.4510 0.1872 
0.1350 0.7227 0.0009 0.1415 
0.0000 0.6656 0.0269 0.3075 
0.3450 0.1175 0.0248 0.5127 
0.2133 0.3191 0.4664 0.0011 
0.0277 0.0171 0.1746 0.7806 
0.1263 0.1203 0.6499 0.1036 
0.3027 0.1547 0.4917 0.0509 
0.2488 0.2220 0.3017 0.2275 
0.2609 0.2712 0.2440 0.2240 

MOTIF filter23 
letter-probability matrix: alength= 4 w= 14 nsites= 14 
0.2386 0.2584 0.2744 0.2287 
0.2614 0.2835 0.2180 0.2370 
0.1128 0.0785 0.4314 0.3773 
0.0854 0.7424 0.0267 0.1456 
0.0000 0.0343 0.0373 0.9284 
0.7271 0.2729 0.0000 0.0000 
0.2157 0.0160 0.2767 0.4916 
0.3255 0.1593 0.0000 0.5152 
0.3704 0.3377 0.0053 0.2866 
0.5625 0.1684 0.0198 0.2492 
0.0000 0.0244 0.0091 0.9665 
0.9604 0.0000 0.0389 0.0008 
0.0983 0.0000 0.8529 0.0488 
0.4268 0.4375 0.0899 0.0457 

MOTIF filter24 
letter-probability matrix: alength= 4 w= 14 nsites= 14 
0.1738 0.2204 0.3312 0.2745 
0.3467 0.3890 0.1548 0.1095 
0.2593 0.1686 0.0929 0.4792 
0.0824 0.1017 0.6656 0.1503 
0.4246 0.2234 0.1866 0.1653 
0.1278 0.3219 0.4654 0.0849 
0.0028 0.0083 0.6703 0.3186 
0.2603 0.6919 0.0028 0.0451 
0.4872 0.0008 0.2956 0.2164 
0.0030 0.0140 0.9096 0.0734 
0.4178 0.5659 0.0095 0.0068 
0.3672 0.0912 0.4276 0.1140 
0.2059 0.1761 0.3853 0.2327 
0.2114 0.2475 0.2350 0.3061 

MOTIF filter25 
letter-probability matrix: alength= 4 w= 10 nsites= 10 
0.2354 0.2190 0.2876 0.2579 
0.2296 0.2875 0.2314 0.2515 
0.3902 0.1434 0.2319 0.2345 
0.0001 0.6851 0.3101 0.0047 
0.0000 0.1183 0.3219 0.5598 
0.5596 0.0196 0.0019 0.4190 
0.0393 0.4900 0.4640 0.0067 
0.0666 0.2783 0.4871 0.1680 
0.1202 0.0305 0.4619 0.3875 
0.4288 0.1884 0.3447 0.0381 

MOTIF filter26 
letter-probability matrix: alength= 4 w= 12 nsites= 12 
0.2475 0.2182 0.2956 0.2387 
0.2022 0.3004 0.2157 0.2817 
0.0998 0.1702 0.5445 0.1854 
0.0068 0.5963 0.3096 0.0874 
0.4244 0.0088 0.0000 0.5668 
0.0203 0.0815 0.8499 0.0482 
0.5336 0.1247 0.0014 0.3403 
0.0494 0.2849 0.6613 0.0044 
0.0083 0.5869 0.1538 0.2510 
0.3068 0.3482 0.1770 0.1680 
0.3370 0.3007 0.2063 0.1561 
0.2462 0.2216 0.3391 0.1932 

MOTIF filter27 
letter-probability matrix: alength= 4 w= 11 nsites= 11 
0.1292 0.2580 0.2085 0.4043 
0.5065 0.2077 0.1796 0.1061 
0.1709 0.1809 0.3039 0.3443 
0.0322 0.6910 0.2721 0.0047 
0.4440 0.1311 0.0347 0.3901 
0.0102 0.0296 0.9191 0.0411 
0.3309 0.2710 0.1764 0.2217 
0.1156 0.2475 0.0414 0.5955 
0.3667 0.5859 0.0023 0.0451 
0.3612 0.2626 0.1017 0.2745 
0.3901 0.2895 0.3046 0.0158 

MOTIF filter28 
letter-probability matrix: alength= 4 w= 10 nsites= 10 
0.3253 0.4845 0.0619 0.1282 
0.3916 0.1106 0.2878 0.2100 
0.1654 0.0363 0.5600 0.2383 
0.0438 0.9288 0.0009 0.0264 
0.0017 0.2978 0.0000 0.7005 
0.3793 0.0013 0.6031 0.0162 
0.0593 0.0115 0.8454 0.0838 
0.1977 0.5155 0.1246 0.1622 
0.1966 0.2419 0.1290 0.4326 
0.0793 0.1669 0.4728 0.2810 

MOTIF filter29 
letter-probability matrix: alength= 4 w= 11 nsites= 11 
0.1556 0.2909 0.3222 0.2314 
0.0349 0.4892 0.1932 0.2827 
0.0976 0.5340 0.0381 0.3304 
0.0872 0.7997 0.0958 0.0173 
0.0010 0.7902 0.1624 0.0464 
0.1880 0.1584 0.3816 0.2720 
0.1063 0.6986 0.1459 0.0493 
0.0852 0.7415 0.1082 0.0651 
0.0444 0.5487 0.0993 0.3075 
0.2029 0.4997 0.0619 0.2355 
0.1508 0.4091 0.1703 0.2697 

MOTIF filter30 
letter-probability matrix: alength= 4 w= 14 nsites= 14 
0.3560 0.1850 0.2506 0.2084 
0.3148 0.3110 0.1827 0.1916 
0.1176 0.0300 0.4319 0.4206 
0.0398 0.8581 0.0005 0.1016 
0.2482 0.0028 0.0023 0.7466 
0.2496 0.0005 0.7499 0.0000 
0.0674 0.8037 0.0000 0.1288 
0.3700 0.0534 0.1738 0.4028 
0.4150 0.0108 0.3635 0.2108 
0.5246 0.0946 0.1077 0.2731 
0.0412 0.0529 0.1822 0.7237 
0.6136 0.1082 0.0623 0.2159 
0.2066 0.1621 0.5724 0.0590 
0.3939 0.3255 0.1288 0.1518 

MOTIF filter31 
letter-probability matrix: alength= 4 w= 14 nsites= 14 
0.1891 0.1754 0.1156 0.5199 
0.1220 0.1770 0.5066 0.1943 
0.2838 0.2806 0.2152 0.2204 
0.0096 0.8880 0.0775 0.0249 
0.0141 0.7431 0.0193 0.2236 
0.7130 0.0530 0.0325 0.2015 
0.0951 0.0064 0.0205 0.8780 
0.7282 0.0586 0.0582 0.1550 
0.0759 0.0715 0.1590 0.6937 
0.8318 0.0161 0.0169 0.1353 
0.1750 0.0261 0.0329 0.7660 
0.2196 0.0482 0.7242 0.0080 
0.0241 0.0181 0.9342 0.0237 
0.1979 0.1843 0.2878 0.3300 

