MEME version 4

ALPHABET= ACGT

Background letter frequencies:
A 0.2500 C 0.2500 G 0.2500 T 0.2500 

MOTIF filter0 
letter-probability matrix: alength= 4 w= 12 nsites= 12 
0.2350 0.2935 0.2359 0.2355 
0.1613 0.3276 0.1915 0.3197 
0.2854 0.1865 0.2015 0.3266 
0.0927 0.6236 0.0321 0.2515 
0.2754 0.2630 0.2482 0.2134 
0.1030 0.0001 0.8153 0.0816 
0.0491 0.9145 0.0102 0.0262 
0.1539 0.6224 0.0321 0.1916 
0.1261 0.0258 0.6753 0.1728 
0.3704 0.3074 0.0214 0.3008 
0.2354 0.3028 0.2796 0.1821 
0.2566 0.2130 0.2027 0.3277 

MOTIF filter1 
letter-probability matrix: alength= 4 w= 15 nsites= 15 
0.2978 0.1887 0.2087 0.3048 
0.2823 0.1784 0.1576 0.3818 
0.0649 0.0519 0.0355 0.8476 
0.0242 0.0208 0.8173 0.1377 
0.1212 0.8234 0.0190 0.0364 
0.0061 0.0026 0.0329 0.9584 
0.2563 0.0087 0.7169 0.0182 
0.7974 0.0199 0.0485 0.1342 
0.2736 0.3212 0.1732 0.2320 
0.3437 0.1957 0.1481 0.3126 
0.3143 0.1177 0.2260 0.3420 
0.0805 0.0338 0.2883 0.5974 
0.4641 0.0996 0.1810 0.2554 
0.2234 0.0589 0.4632 0.2545 
0.1333 0.3048 0.3195 0.2424 

MOTIF filter2 
letter-probability matrix: alength= 4 w= 16 nsites= 16 
0.2110 0.2469 0.1186 0.4235 
0.1398 0.0912 0.4047 0.3643 
0.3352 0.4330 0.0904 0.1415 
0.0049 0.3782 0.0531 0.5638 
0.2355 0.6607 0.0237 0.0801 
0.2326 0.0045 0.0102 0.7527 
0.3377 0.0474 0.0560 0.5589 
0.6844 0.1239 0.0221 0.1697 
0.2629 0.0572 0.0773 0.6026 
0.7895 0.0029 0.0123 0.1954 
0.7020 0.0348 0.0012 0.2621 
0.1030 0.0196 0.6186 0.2588 
0.5135 0.0454 0.4362 0.0049 
0.1529 0.0989 0.5646 0.1836 
0.2858 0.5413 0.1018 0.0711 
0.4268 0.1680 0.1460 0.2592 

MOTIF filter3 
letter-probability matrix: alength= 4 w= 13 nsites= 13 
0.1143 0.4782 0.3544 0.0530 
0.0488 0.5524 0.2450 0.1537 
0.4774 0.1203 0.1923 0.2100 
0.0979 0.0023 0.0834 0.8164 
0.3881 0.6014 0.0008 0.0096 
0.0009 0.5159 0.0112 0.4720 
0.6447 0.0096 0.2344 0.1112 
0.0703 0.0061 0.3794 0.5442 
0.2355 0.3110 0.2372 0.2162 
0.0016 0.1184 0.4603 0.4197 
0.1747 0.1245 0.1626 0.5383 
0.2103 0.2895 0.3402 0.1599 
0.4071 0.1713 0.2120 0.2096 

MOTIF filter4 
letter-probability matrix: alength= 4 w= 14 nsites= 14 
0.2470 0.2513 0.2525 0.2492 
0.2671 0.2627 0.2187 0.2515 
0.3854 0.2056 0.3303 0.0787 
0.0421 0.0596 0.0548 0.8435 
0.0345 0.0427 0.1942 0.7286 
0.3061 0.0368 0.4582 0.1988 
0.0938 0.5973 0.0796 0.2294 
0.2383 0.0915 0.5819 0.0883 
0.1922 0.4949 0.0117 0.3013 
0.7009 0.1929 0.0479 0.0583 
0.8475 0.0554 0.0458 0.0513 
0.0765 0.3190 0.1923 0.4122 
0.2468 0.2708 0.2398 0.2426 
0.2477 0.2378 0.2500 0.2644 

MOTIF filter5 
letter-probability matrix: alength= 4 w= 16 nsites= 16 
0.1954 0.1964 0.1555 0.4526 
0.1386 0.1565 0.5204 0.1844 
0.2822 0.5643 0.0818 0.0718 
0.1007 0.0887 0.0140 0.7966 
0.0917 0.0638 0.6710 0.1735 
0.8375 0.0339 0.0379 0.0907 
0.0718 0.4337 0.4307 0.0638 
0.0160 0.0449 0.0179 0.9212 
0.0588 0.8993 0.0100 0.0319 
0.9372 0.0110 0.0299 0.0219 
0.0329 0.0837 0.6820 0.2014 
0.0947 0.7797 0.0538 0.0718 
0.6760 0.0708 0.1326 0.1206 
0.3330 0.2243 0.1685 0.2742 
0.3908 0.1256 0.1037 0.3799 
0.3170 0.1386 0.1246 0.4197 

MOTIF filter6 
letter-probability matrix: alength= 4 w= 12 nsites= 12 
0.2530 0.2599 0.2473 0.2398 
0.3702 0.2250 0.2296 0.1753 
0.2231 0.3168 0.2576 0.2025 
0.0729 0.8483 0.0323 0.0466 
0.8185 0.0514 0.0733 0.0567 
0.0355 0.7360 0.0423 0.1862 
0.1842 0.0618 0.7248 0.0292 
0.0469 0.0955 0.0263 0.8313 
0.0496 0.0596 0.7817 0.1091 
0.1927 0.3038 0.2778 0.2258 
0.1828 0.2621 0.1751 0.3800 
0.2409 0.2591 0.2328 0.2673 

MOTIF filter7 
letter-probability matrix: alength= 4 w= 13 nsites= 13 
0.2485 0.2413 0.2571 0.2531 
0.2305 0.4519 0.1771 0.1405 
0.7528 0.1121 0.0637 0.0714 
0.6683 0.1821 0.1044 0.0452 
0.5224 0.0895 0.2860 0.1021 
0.8373 0.1085 0.0041 0.0502 
0.0267 0.0253 0.0077 0.9404 
0.0167 0.0081 0.7655 0.2097 
0.0036 0.2743 0.7103 0.0117 
0.1351 0.7632 0.0380 0.0637 
0.4171 0.0908 0.2815 0.2106 
0.0886 0.1685 0.4478 0.2951 
0.2354 0.5228 0.1238 0.1179 

MOTIF filter8 
letter-probability matrix: alength= 4 w= 15 nsites= 15 
0.3711 0.4435 0.0405 0.1448 
0.3105 0.1362 0.1145 0.4388 
0.1956 0.1460 0.6037 0.0547 
0.4620 0.4262 0.0185 0.0933 
0.1161 0.1299 0.2593 0.4947 
0.5407 0.1303 0.2562 0.0728 
0.1086 0.0283 0.1039 0.7591 
0.1389 0.6108 0.0677 0.1826 
0.7151 0.0354 0.0846 0.1649 
0.0823 0.0079 0.7186 0.1913 
0.0457 0.7434 0.0516 0.1594 
0.7159 0.1137 0.0374 0.1330 
0.2818 0.1755 0.3235 0.2192 
0.3298 0.2168 0.0952 0.3581 
0.3593 0.1531 0.1393 0.3483 

MOTIF filter9 
letter-probability matrix: alength= 4 w= 9 nsites= 9 
0.2726 0.3278 0.3952 0.0045 
0.2401 0.2291 0.0216 0.5091 
0.2840 0.3504 0.0196 0.3460 
0.4899 0.0000 0.0547 0.4554 
0.0065 0.5225 0.4669 0.0042 
0.3953 0.0000 0.6047 0.0000 
0.0668 0.1801 0.2815 0.4715 
0.2492 0.2617 0.2327 0.2563 
0.2470 0.2584 0.2347 0.2599 

MOTIF filter10 
letter-probability matrix: alength= 4 w= 13 nsites= 13 
0.1622 0.2844 0.3044 0.2491 
0.2579 0.2937 0.3197 0.1287 
0.2732 0.3025 0.3290 0.0953 
0.0172 0.3025 0.0980 0.5822 
0.0000 0.6352 0.3439 0.0209 
0.9833 0.0112 0.0033 0.0023 
0.4387 0.0214 0.0855 0.4545 
0.0000 0.0019 0.0005 0.9977 
0.0056 0.3020 0.6924 0.0000 
0.4958 0.0641 0.4391 0.0009 
0.1580 0.5009 0.1269 0.2142 
0.0534 0.3546 0.3127 0.2793 
0.2416 0.3792 0.2203 0.1589 

MOTIF filter11 
letter-probability matrix: alength= 4 w= 12 nsites= 12 
0.0399 0.3492 0.3055 0.3053 
0.1463 0.4282 0.2371 0.1885 
0.5379 0.0842 0.3228 0.0551 
0.0002 0.8160 0.1765 0.0073 
0.1073 0.1294 0.3426 0.4207 
0.3335 0.0009 0.0827 0.5829 
0.3305 0.3983 0.2708 0.0004 
0.1671 0.5580 0.2468 0.0281 
0.0000 0.0006 0.8987 0.1007 
0.0021 0.4863 0.3201 0.1915 
0.3488 0.2958 0.0728 0.2826 
0.0625 0.2682 0.3093 0.3601 

MOTIF filter12 
letter-probability matrix: alength= 4 w= 15 nsites= 15 
0.2393 0.2546 0.2467 0.2593 
0.3418 0.2492 0.2145 0.1945 
0.3083 0.1354 0.3531 0.2032 
0.0239 0.6264 0.0886 0.2610 
0.0721 0.6395 0.0608 0.2275 
0.2128 0.0180 0.5974 0.1719 
0.6390 0.1401 0.2206 0.0002 
0.0229 0.3937 0.1027 0.4807 
0.2689 0.2677 0.0121 0.4514 
0.4019 0.0000 0.4354 0.1628 
0.1352 0.0746 0.7705 0.0197 
0.0032 0.1047 0.0071 0.8850 
0.1706 0.4117 0.0249 0.3928 
0.2881 0.2623 0.3275 0.1221 
0.3667 0.2876 0.2288 0.1170 

MOTIF filter13 
letter-probability matrix: alength= 4 w= 15 nsites= 15 
0.2333 0.2644 0.2378 0.2644 
0.2674 0.2313 0.2432 0.2581 
0.1792 0.2626 0.1712 0.3870 
0.0552 0.0294 0.0132 0.9021 
0.0335 0.0403 0.0686 0.8576 
0.2473 0.6312 0.0263 0.0952 
0.1062 0.5734 0.0187 0.3016 
0.2542 0.2123 0.2856 0.2480 
0.3181 0.0634 0.5509 0.0676 
0.0966 0.0623 0.6431 0.1979 
0.7333 0.0975 0.0975 0.0717 
0.8226 0.0541 0.0633 0.0600 
0.3901 0.1902 0.2165 0.2032 
0.2504 0.2381 0.2447 0.2668 
0.2591 0.2558 0.2495 0.2356 

MOTIF filter14 
letter-probability matrix: alength= 4 w= 13 nsites= 13 
0.2078 0.2943 0.2791 0.2189 
0.1245 0.3113 0.3260 0.2382 
0.0076 0.5030 0.1923 0.2971 
0.0879 0.5943 0.0112 0.3066 
0.0884 0.8235 0.0720 0.0161 
0.0527 0.7211 0.1428 0.0834 
0.1767 0.2060 0.3649 0.2524 
0.1051 0.7147 0.0982 0.0820 
0.0720 0.8291 0.0390 0.0600 
0.0115 0.6120 0.0651 0.3113 
0.2064 0.5209 0.0472 0.2255 
0.1484 0.4214 0.1622 0.2680 
0.2300 0.2845 0.2361 0.2494 

MOTIF filter15 
letter-probability matrix: alength= 4 w= 16 nsites= 16 
0.2819 0.1334 0.1258 0.4589 
0.1613 0.1442 0.4562 0.2383 
0.2377 0.2800 0.1289 0.3534 
0.1171 0.4798 0.3901 0.0130 
0.0727 0.4919 0.4228 0.0126 
0.2635 0.0010 0.6260 0.1095 
0.0095 0.0019 0.7964 0.1923 
0.6526 0.0178 0.1795 0.1501 
0.0667 0.0960 0.1057 0.7315 
0.4325 0.4329 0.0529 0.0818 
0.4608 0.1394 0.0066 0.3932 
0.0791 0.2218 0.4760 0.2230 
0.0770 0.2414 0.6140 0.0675 
0.3160 0.1489 0.2850 0.2501 
0.2689 0.4164 0.1126 0.2022 
0.3994 0.1574 0.1617 0.2815 

MOTIF filter16 
letter-probability matrix: alength= 4 w= 10 nsites= 10 
0.2384 0.1540 0.2655 0.3421 
0.1631 0.5972 0.1597 0.0800 
0.0870 0.1134 0.2711 0.5285 
0.7919 0.0110 0.0618 0.1353 
0.1318 0.3200 0.0130 0.5352 
0.2180 0.7153 0.0437 0.0230 
0.0040 0.0006 0.9479 0.0475 
0.4024 0.1769 0.1563 0.2644 
0.1305 0.2227 0.0507 0.5961 
0.2743 0.1785 0.3327 0.2145 

MOTIF filter17 
letter-probability matrix: alength= 4 w= 10 nsites= 10 
0.3476 0.2058 0.2561 0.1906 
0.4062 0.0823 0.2316 0.2799 
0.1738 0.0463 0.4396 0.3403 
0.2694 0.1963 0.5342 0.0001 
0.0871 0.3058 0.3379 0.2692 
0.0219 0.1355 0.7912 0.0514 
0.0004 0.0138 0.4344 0.5514 
0.4206 0.2691 0.0153 0.2950 
0.1120 0.2860 0.5514 0.0507 
0.3443 0.2051 0.4258 0.0248 

MOTIF filter18 
letter-probability matrix: alength= 4 w= 16 nsites= 16 
0.1453 0.2195 0.2300 0.4053 
0.2068 0.1895 0.5163 0.0874 
0.3042 0.1247 0.3326 0.2384 
0.0053 0.9621 0.0100 0.0226 
0.0000 0.7505 0.0000 0.2495 
0.9763 0.0226 0.0000 0.0011 
0.3253 0.0000 0.0026 0.6721 
0.5032 0.0168 0.0011 0.4789 
0.1805 0.2111 0.0268 0.5816 
0.6816 0.0037 0.0063 0.3084 
0.0337 0.0305 0.2442 0.6916 
0.4395 0.0300 0.5168 0.0137 
0.0984 0.0547 0.7895 0.0574 
0.2768 0.2305 0.2163 0.2763 
0.2168 0.4300 0.2074 0.1458 
0.4579 0.1779 0.1716 0.1926 

MOTIF filter19 
letter-probability matrix: alength= 4 w= 14 nsites= 14 
0.3275 0.1819 0.2750 0.2156 
0.3022 0.3028 0.2453 0.1497 
0.1610 0.2864 0.1481 0.4044 
0.3894 0.0887 0.4918 0.0301 
0.0480 0.1570 0.2162 0.5788 
0.0777 0.0021 0.6573 0.2629 
0.7599 0.0318 0.0257 0.1826 
0.1419 0.3610 0.3981 0.0989 
0.1379 0.1040 0.0002 0.7580 
0.2725 0.7203 0.0004 0.0068 
0.7242 0.0015 0.2689 0.0054 
0.0546 0.4098 0.0660 0.4696 
0.3061 0.1080 0.3859 0.2000 
0.0924 0.3107 0.3418 0.2552 

MOTIF filter20 
letter-probability matrix: alength= 4 w= 12 nsites= 12 
0.2570 0.2435 0.2407 0.2588 
0.2553 0.2357 0.2654 0.2436 
0.2600 0.2199 0.2844 0.2357 
0.5893 0.0605 0.0536 0.2966 
0.0465 0.0936 0.0599 0.8001 
0.0718 0.2423 0.0000 0.6859 
0.5905 0.0390 0.3014 0.0691 
0.8083 0.0534 0.0830 0.0553 
0.3005 0.0423 0.0688 0.5883 
0.2483 0.2539 0.2507 0.2470 
0.2582 0.2565 0.2567 0.2286 
0.2497 0.2450 0.2462 0.2591 

MOTIF filter21 
letter-probability matrix: alength= 4 w= 12 nsites= 12 
0.2204 0.2568 0.2596 0.2632 
0.2380 0.2348 0.2487 0.2786 
0.2266 0.2370 0.1778 0.3585 
0.0573 0.5774 0.2911 0.0742 
0.2375 0.7235 0.0177 0.0213 
0.0003 0.0985 0.8241 0.0771 
0.0576 0.0267 0.7303 0.1854 
0.7818 0.0875 0.0612 0.0695 
0.8217 0.0632 0.0258 0.0893 
0.1857 0.1462 0.6119 0.0562 
0.1388 0.3088 0.0866 0.4658 
0.2316 0.1864 0.4230 0.1589 

MOTIF filter22 
letter-probability matrix: alength= 4 w= 12 nsites= 12 
0.1272 0.1318 0.3956 0.3453 
0.2840 0.3397 0.2714 0.1049 
0.2196 0.4088 0.2510 0.1205 
0.0293 0.8732 0.0761 0.0215 
0.6256 0.2471 0.0026 0.1246 
0.0143 0.8558 0.0013 0.1285 
0.4591 0.0124 0.5272 0.0013 
0.0022 0.0022 0.0293 0.9664 
0.2734 0.0336 0.5964 0.0967 
0.1812 0.2202 0.2315 0.3670 
0.1307 0.1654 0.2914 0.4125 
0.1691 0.2432 0.4292 0.1585 

MOTIF filter23 
letter-probability matrix: alength= 4 w= 12 nsites= 12 
0.2573 0.2645 0.2221 0.2561 
0.1773 0.2097 0.3685 0.2445 
0.1377 0.2206 0.3896 0.2522 
0.1339 0.2155 0.6157 0.0350 
0.2800 0.0459 0.4050 0.2691 
0.0996 0.1450 0.1979 0.5574 
0.3037 0.5478 0.0006 0.1480 
0.0149 0.7112 0.2725 0.0014 
0.0184 0.0003 0.8900 0.0913 
0.3181 0.0125 0.3049 0.3645 
0.3122 0.0913 0.3154 0.2810 
0.2724 0.2951 0.3780 0.0545 

MOTIF filter24 
letter-probability matrix: alength= 4 w= 13 nsites= 13 
0.2577 0.2306 0.2407 0.2709 
0.2476 0.2249 0.2977 0.2298 
0.3217 0.2610 0.3208 0.0964 
0.0742 0.0613 0.1065 0.7581 
0.0527 0.0772 0.7155 0.1546 
0.7795 0.0428 0.1279 0.0497 
0.0989 0.4043 0.4218 0.0750 
0.0652 0.0772 0.0776 0.7800 
0.1371 0.7072 0.1185 0.0372 
0.7937 0.0429 0.0748 0.0886 
0.0885 0.3134 0.2826 0.3155 
0.2169 0.2737 0.2464 0.2629 
0.2384 0.2371 0.2575 0.2670 

MOTIF filter25 
letter-probability matrix: alength= 4 w= 14 nsites= 14 
0.1293 0.1205 0.4031 0.3471 
0.0625 0.4885 0.2154 0.2337 
0.0763 0.0545 0.3306 0.5387 
0.7738 0.0786 0.1250 0.0226 
0.1707 0.1365 0.4061 0.2866 
0.1416 0.0392 0.6245 0.1948 
0.3667 0.3697 0.0321 0.2314 
0.2490 0.4069 0.2457 0.0984 
0.0015 0.0193 0.0389 0.9403 
0.8906 0.0572 0.0108 0.0414 
0.1423 0.0680 0.6990 0.0906 
0.4172 0.3697 0.1162 0.0969 
0.2385 0.2849 0.1975 0.2791 
0.2646 0.3055 0.1913 0.2387 

MOTIF filter26 
letter-probability matrix: alength= 4 w= 12 nsites= 12 
0.1969 0.3000 0.2413 0.2618 
0.2563 0.2828 0.2297 0.2312 
0.4046 0.1718 0.2828 0.1408 
0.1364 0.3588 0.0068 0.4981 
0.0690 0.0082 0.4066 0.5163 
0.1391 0.2849 0.0000 0.5761 
0.6334 0.0005 0.3661 0.0000 
0.5455 0.2639 0.0001 0.1904 
0.4207 0.0669 0.4835 0.0289 
0.2623 0.2474 0.3188 0.1715 
0.1944 0.2142 0.2770 0.3144 
0.2342 0.2617 0.2908 0.2133 

MOTIF filter27 
letter-probability matrix: alength= 4 w= 12 nsites= 12 
0.2174 0.2784 0.1915 0.3128 
0.2308 0.1585 0.3400 0.2707 
0.3611 0.1112 0.4578 0.0699 
0.5796 0.0000 0.4060 0.0144 
0.0022 0.5463 0.4356 0.0160 
0.3423 0.0000 0.0141 0.6436 
0.2311 0.6132 0.0415 0.1142 
0.1544 0.1954 0.0013 0.6488 
0.0489 0.3773 0.0280 0.5458 
0.2731 0.2720 0.1893 0.2656 
0.2576 0.2616 0.2393 0.2415 
0.2900 0.2484 0.2019 0.2597 

MOTIF filter28 
letter-probability matrix: alength= 4 w= 15 nsites= 15 
0.2354 0.2427 0.2615 0.2605 
0.1331 0.2559 0.3429 0.2681 
0.3084 0.1037 0.4213 0.1666 
0.2521 0.0243 0.5937 0.1299 
0.0540 0.5585 0.3875 0.0000 
0.0000 0.3190 0.4035 0.2775 
0.2407 0.0243 0.7132 0.0218 
0.8286 0.1362 0.0190 0.0162 
0.0738 0.0548 0.4055 0.4659 
0.0540 0.3261 0.4570 0.1628 
0.3439 0.0099 0.6183 0.0279 
0.0550 0.0596 0.8833 0.0020 
0.2318 0.4093 0.1514 0.2075 
0.2257 0.2004 0.2739 0.3000 
0.1306 0.3551 0.2389 0.2754 

MOTIF filter29 
letter-probability matrix: alength= 4 w= 13 nsites= 13 
0.2099 0.1757 0.3664 0.2481 
0.2487 0.2957 0.2697 0.1859 
0.1857 0.4279 0.3307 0.0558 
0.4792 0.0002 0.4439 0.0768 
0.4028 0.2794 0.3138 0.0041 
0.2610 0.3067 0.4322 0.0002 
0.7926 0.0000 0.2074 0.0000 
0.0002 0.1877 0.0000 0.8121 
0.0000 0.1572 0.7823 0.0604 
0.0753 0.0039 0.6414 0.2794 
0.0807 0.4134 0.1465 0.3595 
0.1136 0.1584 0.5271 0.2009 
0.2097 0.3013 0.3504 0.1387 

MOTIF filter30 
letter-probability matrix: alength= 4 w= 11 nsites= 11 
0.1447 0.4643 0.1983 0.1927 
0.2420 0.1347 0.5384 0.0849 
0.0825 0.3785 0.0648 0.4742 
0.6428 0.0002 0.3569 0.0001 
0.0779 0.6354 0.0028 0.2840 
0.1254 0.1896 0.5881 0.0969 
0.1515 0.0382 0.0392 0.7711 
0.0062 0.1361 0.8577 0.0000 
0.1634 0.1956 0.3332 0.3078 
0.1466 0.1898 0.2714 0.3922 
0.2937 0.3114 0.1834 0.2115 

MOTIF filter31 
letter-probability matrix: alength= 4 w= 10 nsites= 10 
0.3374 0.0070 0.3844 0.2712 
0.0615 0.3655 0.3178 0.2552 
0.5039 0.2340 0.2381 0.0240 
0.0011 0.0034 0.2704 0.7252 
0.1803 0.1669 0.1367 0.5161 
0.3720 0.1888 0.3934 0.0458 
0.8584 0.1196 0.0000 0.0219 
0.0774 0.2103 0.3473 0.3650 
0.1892 0.2013 0.3245 0.2850 
0.1879 0.3265 0.0030 0.4825 

