MEME version 4

ALPHABET= ACGT

Background letter frequencies:
A 0.2500 C 0.2500 G 0.2500 T 0.2500 

MOTIF filter0 
letter-probability matrix: alength= 4 w= 14 nsites= 14 
0.2359 0.2251 0.2461 0.2929 
0.2190 0.2740 0.3607 0.1463 
0.2331 0.0085 0.4333 0.3251 
0.6285 0.0000 0.3715 0.0000 
0.1506 0.0000 0.5703 0.2791 
0.1836 0.0020 0.6587 0.1557 
0.4799 0.2913 0.0004 0.2284 
0.2251 0.0006 0.6939 0.0804 
0.0000 0.0033 0.4783 0.5184 
0.5056 0.0004 0.4838 0.0102 
0.3639 0.0360 0.5970 0.0031 
0.3075 0.3593 0.2615 0.0718 
0.2402 0.2339 0.2638 0.2620 
0.2125 0.2371 0.3047 0.2457 

MOTIF filter1 
letter-probability matrix: alength= 4 w= 10 nsites= 10 
0.2330 0.2579 0.2362 0.2730 
0.1459 0.3202 0.1643 0.3696 
0.3031 0.2125 0.1536 0.3307 
0.2085 0.5271 0.2612 0.0033 
0.0000 0.5259 0.0000 0.4741 
0.3509 0.4055 0.0618 0.1818 
0.0000 0.2887 0.7113 0.0000 
0.4559 0.2031 0.0004 0.3406 
0.1766 0.1503 0.6096 0.0635 
0.0954 0.3842 0.3617 0.1587 

MOTIF filter2 
letter-probability matrix: alength= 4 w= 12 nsites= 12 
0.1569 0.4312 0.2731 0.1388 
0.1601 0.4267 0.2777 0.1355 
0.0622 0.1880 0.4974 0.2524 
0.0124 0.8029 0.1618 0.0230 
0.0037 0.9279 0.0650 0.0033 
0.2133 0.0622 0.6587 0.0658 
0.0242 0.3980 0.1974 0.3805 
0.0422 0.4009 0.2565 0.3004 
0.0007 0.5350 0.2621 0.2022 
0.0898 0.3617 0.3042 0.2444 
0.1954 0.5037 0.1381 0.1628 
0.2691 0.4144 0.0370 0.2796 

MOTIF filter3 
letter-probability matrix: alength= 4 w= 14 nsites= 14 
0.2386 0.2480 0.2386 0.2749 
0.2655 0.2817 0.2898 0.1629 
0.1146 0.1402 0.4275 0.3178 
0.0279 0.8429 0.0289 0.1003 
0.0127 0.5050 0.0055 0.4768 
0.7673 0.0587 0.1545 0.0195 
0.1415 0.0490 0.0610 0.7485 
0.1474 0.7287 0.0062 0.1178 
0.1009 0.3859 0.1905 0.3226 
0.6793 0.0211 0.0191 0.2804 
0.0630 0.0286 0.0893 0.8192 
0.4680 0.1159 0.2639 0.1522 
0.1006 0.0867 0.5232 0.2895 
0.4025 0.2363 0.1538 0.2074 

MOTIF filter4 
letter-probability matrix: alength= 4 w= 14 nsites= 14 
0.2233 0.2749 0.2489 0.2529 
0.2433 0.3260 0.2332 0.1974 
0.2740 0.1091 0.4850 0.1319 
0.0933 0.6815 0.1247 0.1005 
0.3393 0.6257 0.0088 0.0263 
0.7500 0.1190 0.1281 0.0029 
0.3968 0.1596 0.1752 0.2685 
0.3128 0.1959 0.1895 0.3018 
0.0053 0.0116 0.0392 0.9438 
0.0072 0.0149 0.6409 0.3370 
0.0744 0.0470 0.8532 0.0253 
0.1339 0.4838 0.1240 0.2584 
0.2291 0.2011 0.3045 0.2654 
0.1879 0.2473 0.3631 0.2016 

MOTIF filter5 
letter-probability matrix: alength= 4 w= 12 nsites= 12 
0.2437 0.1923 0.2446 0.3194 
0.0614 0.2969 0.3930 0.2487 
0.2190 0.2612 0.3670 0.1529 
0.0409 0.3264 0.5925 0.0402 
0.1201 0.7717 0.0002 0.1080 
0.5710 0.0004 0.0057 0.4230 
0.1489 0.5915 0.0534 0.2061 
0.1218 0.3121 0.0927 0.4733 
0.0110 0.5461 0.4429 0.0000 
0.2867 0.3250 0.1161 0.2723 
0.2793 0.2761 0.2641 0.1806 
0.2922 0.2845 0.1554 0.2679 

MOTIF filter6 
letter-probability matrix: alength= 4 w= 15 nsites= 15 
0.3723 0.0940 0.1290 0.4047 
0.3669 0.0391 0.2992 0.2948 
0.3262 0.3856 0.0575 0.2306 
0.1420 0.0229 0.0299 0.8053 
0.2786 0.0092 0.7017 0.0105 
0.4082 0.4142 0.0343 0.1433 
0.1595 0.0670 0.0562 0.7173 
0.3431 0.0670 0.4028 0.1871 
0.4031 0.0362 0.1509 0.4098 
0.0365 0.5016 0.0708 0.3910 
0.6487 0.1372 0.1055 0.1086 
0.1153 0.0140 0.6842 0.1865 
0.1172 0.5699 0.1029 0.2100 
0.4317 0.1134 0.2382 0.2166 
0.2471 0.1255 0.2964 0.3310 

MOTIF filter7 
letter-probability matrix: alength= 4 w= 13 nsites= 13 
0.2909 0.3369 0.2314 0.1408 
0.2964 0.2615 0.2081 0.2340 
0.2581 0.3338 0.2136 0.1945 
0.1403 0.0016 0.5631 0.2950 
0.0153 0.3286 0.0305 0.6257 
0.7382 0.0000 0.2618 0.0000 
0.2675 0.3984 0.0073 0.3268 
0.1618 0.0494 0.3761 0.4127 
0.0098 0.1412 0.0007 0.8483 
0.2159 0.1863 0.5783 0.0196 
0.1974 0.3079 0.2643 0.2304 
0.2164 0.2023 0.2478 0.3335 
0.2405 0.2541 0.1810 0.3244 

MOTIF filter8 
letter-probability matrix: alength= 4 w= 9 nsites= 9 
0.3679 0.2127 0.1691 0.2502 
0.1152 0.3236 0.4239 0.1373 
0.2319 0.2534 0.2364 0.2783 
0.9412 0.0000 0.0008 0.0580 
0.0002 0.9213 0.0785 0.0000 
0.0681 0.0000 0.7881 0.1438 
0.2133 0.0761 0.3790 0.3315 
0.0325 0.2389 0.3698 0.3588 
0.2416 0.3002 0.1353 0.3230 

MOTIF filter9 
letter-probability matrix: alength= 4 w= 9 nsites= 9 
0.2368 0.0003 0.4404 0.3224 
0.0453 0.1362 0.4169 0.4017 
0.2166 0.2151 0.5557 0.0126 
0.0000 0.0629 0.6545 0.2825 
0.1262 0.5133 0.0000 0.3605 
0.0030 0.0071 0.9666 0.0233 
0.0202 0.2290 0.4088 0.3419 
0.1675 0.1769 0.4716 0.1840 
0.0850 0.2937 0.4946 0.1268 

MOTIF filter10 
letter-probability matrix: alength= 4 w= 15 nsites= 15 
0.2454 0.2548 0.2469 0.2530 
0.2677 0.2343 0.2380 0.2601 
0.1989 0.2467 0.1880 0.3664 
0.0724 0.0350 0.0421 0.8504 
0.0360 0.0544 0.1023 0.8074 
0.2360 0.6628 0.0311 0.0700 
0.0834 0.5813 0.0219 0.3133 
0.2348 0.2270 0.2851 0.2531 
0.3040 0.0169 0.6062 0.0729 
0.0852 0.0265 0.6592 0.2291 
0.7825 0.1021 0.0616 0.0537 
0.8601 0.0297 0.0378 0.0724 
0.3858 0.1902 0.2168 0.2072 
0.2464 0.2467 0.2428 0.2641 
0.2559 0.2375 0.2735 0.2331 

MOTIF filter11 
letter-probability matrix: alength= 4 w= 12 nsites= 12 
0.3397 0.2289 0.3031 0.1283 
0.2676 0.3957 0.2273 0.1094 
0.2773 0.1346 0.2385 0.3496 
0.2966 0.0009 0.1166 0.5859 
0.3491 0.3866 0.1457 0.1187 
0.0495 0.9505 0.0000 0.0000 
0.0000 0.0000 0.9939 0.0061 
0.0687 0.0255 0.5975 0.3084 
0.6490 0.1176 0.0005 0.2329 
0.2963 0.2577 0.1697 0.2762 
0.1755 0.2548 0.3033 0.2664 
0.1850 0.3037 0.1802 0.3312 

MOTIF filter12 
letter-probability matrix: alength= 4 w= 13 nsites= 13 
0.2567 0.2465 0.2476 0.2492 
0.2551 0.2387 0.2767 0.2294 
0.3479 0.2283 0.3292 0.0946 
0.0562 0.1151 0.0787 0.7500 
0.0593 0.1423 0.6425 0.1559 
0.7913 0.0514 0.0970 0.0603 
0.0975 0.4279 0.3985 0.0760 
0.0350 0.0292 0.0633 0.8725 
0.1023 0.7241 0.1520 0.0216 
0.7915 0.0856 0.0539 0.0690 
0.0740 0.3476 0.2524 0.3260 
0.2309 0.2980 0.2164 0.2547 
0.2307 0.2503 0.2670 0.2520 

MOTIF filter13 
letter-probability matrix: alength= 4 w= 10 nsites= 10 
0.2920 0.1723 0.2449 0.2908 
0.4307 0.1194 0.3859 0.0639 
0.3944 0.0281 0.2788 0.2987 
0.2331 0.6176 0.0001 0.1493 
0.2020 0.0001 0.5616 0.2364 
0.1414 0.6589 0.0000 0.1998 
0.0772 0.0000 0.8687 0.0541 
0.2358 0.2156 0.0191 0.5295 
0.1054 0.2225 0.1605 0.5115 
0.3463 0.2365 0.2596 0.1575 

MOTIF filter14 
letter-probability matrix: alength= 4 w= 12 nsites= 12 
0.2008 0.3219 0.2338 0.2435 
0.2123 0.2812 0.2188 0.2877 
0.2529 0.2710 0.3046 0.1715 
0.7358 0.0001 0.0098 0.2544 
0.0000 0.1977 0.0001 0.8022 
0.0001 0.4102 0.0000 0.5897 
0.5273 0.0016 0.4710 0.0001 
0.7656 0.0003 0.2342 0.0000 
0.2182 0.0206 0.0334 0.7278 
0.1685 0.3068 0.2871 0.2376 
0.2777 0.2464 0.2863 0.1896 
0.2282 0.2521 0.3091 0.2106 

MOTIF filter15 
letter-probability matrix: alength= 4 w= 15 nsites= 15 
0.2631 0.2582 0.1932 0.2855 
0.2409 0.1831 0.2840 0.2921 
0.2967 0.0927 0.4016 0.2090 
0.0664 0.5579 0.3400 0.0357 
0.2759 0.1566 0.3447 0.2228 
0.0233 0.0938 0.8220 0.0609 
0.1604 0.7819 0.0127 0.0450 
0.1617 0.3341 0.2979 0.2064 
0.1869 0.0460 0.5766 0.1905 
0.5407 0.1071 0.0869 0.2653 
0.4460 0.0820 0.3224 0.1496 
0.0362 0.0882 0.8215 0.0542 
0.1084 0.1998 0.3302 0.3617 
0.2395 0.1034 0.5129 0.1442 
0.2201 0.2410 0.3336 0.2053 

MOTIF filter16 
letter-probability matrix: alength= 4 w= 11 nsites= 11 
0.2337 0.2254 0.2697 0.2712 
0.3568 0.1526 0.2270 0.2635 
0.2598 0.1573 0.1348 0.4480 
0.7220 0.0877 0.1520 0.0383 
0.6997 0.1383 0.1615 0.0005 
0.1754 0.2003 0.5514 0.0730 
0.0000 0.1068 0.0040 0.8892 
0.7292 0.0823 0.0000 0.1885 
0.3797 0.1891 0.3447 0.0864 
0.3029 0.2800 0.0960 0.3210 
0.2747 0.2602 0.2968 0.1683 

MOTIF filter17 
letter-probability matrix: alength= 4 w= 13 nsites= 13 
0.2290 0.3821 0.2562 0.1327 
0.0571 0.4275 0.0920 0.4234 
0.0530 0.4805 0.3740 0.0924 
0.9256 0.0202 0.0539 0.0002 
0.3791 0.0920 0.1728 0.3561 
0.2583 0.2578 0.0399 0.4440 
0.0001 0.3138 0.6836 0.0025 
0.4661 0.0110 0.4043 0.1185 
0.2538 0.2827 0.1101 0.3534 
0.0083 0.2582 0.0364 0.6970 
0.1749 0.3944 0.2792 0.1516 
0.5195 0.1322 0.2859 0.0625 
0.2074 0.2300 0.2591 0.3036 

MOTIF filter18 
letter-probability matrix: alength= 4 w= 16 nsites= 16 
0.2233 0.2591 0.2584 0.2591 
0.1852 0.3809 0.2226 0.2114 
0.4010 0.1046 0.3010 0.1934 
0.0724 0.7692 0.0553 0.1031 
0.1904 0.0814 0.0822 0.6460 
0.5273 0.0971 0.0344 0.3413 
0.0217 0.8954 0.0597 0.0232 
0.1777 0.6214 0.0022 0.1987 
0.1688 0.0000 0.6938 0.1374 
0.0829 0.1800 0.6804 0.0568 
0.1800 0.0471 0.0232 0.7498 
0.7707 0.0993 0.0456 0.0844 
0.0978 0.0799 0.7259 0.0963 
0.1882 0.3973 0.0583 0.3562 
0.1830 0.2704 0.3697 0.1770 
0.2928 0.2816 0.2636 0.1621 

MOTIF filter19 
letter-probability matrix: alength= 4 w= 13 nsites= 13 
0.1690 0.1888 0.1637 0.4785 
0.1725 0.1193 0.5363 0.1718 
0.2890 0.4495 0.2047 0.0568 
0.0466 0.0127 0.0353 0.9054 
0.0296 0.0258 0.8596 0.0850 
0.8776 0.0325 0.0547 0.0353 
0.0628 0.4901 0.3980 0.0490 
0.0381 0.0586 0.0286 0.8747 
0.0607 0.8525 0.0208 0.0660 
0.8507 0.0201 0.0459 0.0833 
0.0656 0.2364 0.3733 0.3246 
0.1941 0.4203 0.1796 0.2061 
0.3645 0.1768 0.2195 0.2392 

MOTIF filter20 
letter-probability matrix: alength= 4 w= 12 nsites= 12 
0.3190 0.1079 0.4646 0.1085 
0.4199 0.1658 0.3651 0.0491 
0.3405 0.3680 0.2274 0.0642 
0.0281 0.7712 0.1859 0.0148 
0.7893 0.1207 0.0716 0.0184 
0.0004 0.0714 0.2952 0.6330 
0.2366 0.0537 0.7096 0.0000 
0.0000 0.1037 0.3439 0.5524 
0.7339 0.1201 0.0648 0.0812 
0.0405 0.1793 0.3377 0.4426 
0.1512 0.2346 0.3896 0.2246 
0.3034 0.1205 0.5230 0.0531 

MOTIF filter21 
letter-probability matrix: alength= 4 w= 14 nsites= 14 
0.2522 0.2526 0.2489 0.2463 
0.2604 0.2607 0.2292 0.2497 
0.3884 0.1938 0.3391 0.0786 
0.0571 0.0654 0.0620 0.8154 
0.0351 0.0331 0.1965 0.7353 
0.3134 0.0282 0.4746 0.1837 
0.0860 0.6103 0.0920 0.2117 
0.2154 0.0894 0.6264 0.0688 
0.1856 0.4899 0.0211 0.3034 
0.7090 0.2043 0.0426 0.0441 
0.8407 0.0523 0.0737 0.0332 
0.0724 0.3181 0.1984 0.4111 
0.2387 0.2628 0.2574 0.2412 
0.2463 0.2397 0.2472 0.2668 

MOTIF filter22 
letter-probability matrix: alength= 4 w= 11 nsites= 11 
0.2495 0.2197 0.2808 0.2499 
0.1649 0.3500 0.2794 0.2057 
0.4543 0.3130 0.2240 0.0088 
0.2098 0.2142 0.0000 0.5760 
0.0000 0.6943 0.3047 0.0010 
0.6528 0.0192 0.0477 0.2803 
0.2447 0.3957 0.0668 0.2928 
0.0066 0.5198 0.3647 0.1089 
0.2095 0.1892 0.3257 0.2756 
0.0025 0.4101 0.1898 0.3976 
0.2176 0.2557 0.2433 0.2834 

MOTIF filter23 
letter-probability matrix: alength= 4 w= 13 nsites= 13 
0.2598 0.1499 0.3238 0.2664 
0.2049 0.4181 0.1750 0.2021 
0.1711 0.5144 0.1050 0.2094 
0.9763 0.0000 0.0129 0.0108 
0.6953 0.0010 0.0609 0.2428 
0.2751 0.2056 0.2943 0.2250 
0.7023 0.0052 0.0010 0.2915 
0.0007 0.0477 0.0038 0.9478 
0.1165 0.0515 0.7398 0.0922 
0.1200 0.0348 0.7555 0.0897 
0.1551 0.5304 0.1332 0.1812 
0.2167 0.2195 0.3123 0.2515 
0.1910 0.1743 0.4967 0.1381 

MOTIF filter24 
letter-probability matrix: alength= 4 w= 12 nsites= 12 
0.4116 0.3248 0.0918 0.1718 
0.2585 0.0799 0.1531 0.5085 
0.3673 0.2007 0.3282 0.1037 
0.0119 0.0391 0.0102 0.9388 
0.2619 0.6871 0.0425 0.0085 
0.8605 0.0153 0.0323 0.0918 
0.0119 0.0136 0.9167 0.0578 
0.0051 0.8571 0.1344 0.0034 
0.9031 0.0153 0.0255 0.0561 
0.4235 0.2024 0.1259 0.2483 
0.4558 0.0374 0.0153 0.4915 
0.3690 0.0901 0.0374 0.5034 

MOTIF filter25 
letter-probability matrix: alength= 4 w= 18 nsites= 18 
0.1128 0.0976 0.1995 0.5901 
0.0194 0.1995 0.5252 0.2559 
0.3087 0.5167 0.0782 0.0964 
0.0061 0.9782 0.0073 0.0085 
0.0097 0.7726 0.0376 0.1801 
0.4494 0.0922 0.2717 0.1868 
0.1140 0.3711 0.0030 0.5118 
0.4294 0.4882 0.0752 0.0073 
0.0018 0.4263 0.0127 0.5591 
0.4645 0.5015 0.0000 0.0340 
0.2304 0.2511 0.0097 0.5088 
0.0346 0.2777 0.6386 0.0491 
0.0212 0.1819 0.7574 0.0394 
0.1110 0.1783 0.3566 0.3542 
0.2790 0.6010 0.0528 0.0673 
0.6107 0.0776 0.0995 0.2122 
0.1880 0.2765 0.2395 0.2959 
0.2450 0.2098 0.3111 0.2341 

MOTIF filter26 
letter-probability matrix: alength= 4 w= 13 nsites= 13 
0.3852 0.1087 0.4797 0.0264 
0.0925 0.5361 0.0962 0.2752 
0.3911 0.1374 0.4585 0.0130 
0.0049 0.4881 0.0262 0.4808 
0.0369 0.0845 0.8601 0.0186 
0.3514 0.1067 0.0386 0.5033 
0.0116 0.1102 0.8483 0.0298 
0.2501 0.1543 0.3423 0.2533 
0.2227 0.3089 0.1711 0.2974 
0.5986 0.0814 0.2670 0.0530 
0.2401 0.3180 0.1435 0.2984 
0.2804 0.1585 0.3489 0.2122 
0.1530 0.2640 0.3614 0.2216 

MOTIF filter27 
letter-probability matrix: alength= 4 w= 15 nsites= 15 
0.2614 0.1037 0.0516 0.5833 
0.1391 0.1361 0.4323 0.2926 
0.2218 0.2302 0.2338 0.3141 
0.0606 0.3501 0.5815 0.0078 
0.0120 0.9814 0.0066 0.0000 
0.2350 0.3201 0.0030 0.4418 
0.2638 0.0024 0.3975 0.3363 
0.9952 0.0036 0.0012 0.0000 
0.0072 0.0659 0.0618 0.8651 
0.5528 0.1900 0.1043 0.1529 
0.2638 0.0324 0.2608 0.4430 
0.0635 0.0504 0.8004 0.0857 
0.1697 0.0863 0.5821 0.1619 
0.2056 0.1457 0.3303 0.3183 
0.1379 0.4652 0.2338 0.1631 

MOTIF filter28 
letter-probability matrix: alength= 4 w= 10 nsites= 10 
0.2252 0.2666 0.2117 0.2965 
0.3309 0.3054 0.2462 0.1175 
0.2616 0.2125 0.0217 0.5042 
0.0489 0.4275 0.0000 0.5237 
0.3902 0.0004 0.4649 0.1445 
0.1189 0.0262 0.0000 0.8549 
0.5082 0.0120 0.4320 0.0478 
0.1952 0.2091 0.3383 0.2574 
0.2146 0.2604 0.1897 0.3353 
0.2455 0.2300 0.2967 0.2279 

MOTIF filter29 
letter-probability matrix: alength= 4 w= 11 nsites= 11 
0.3804 0.1831 0.2334 0.2031 
0.1837 0.3157 0.3176 0.1831 
0.0637 0.3791 0.1014 0.4559 
0.0019 0.6390 0.0000 0.3591 
0.5488 0.4490 0.0022 0.0000 
0.0000 1.0000 0.0000 0.0000 
0.0495 0.0000 0.8169 0.1336 
0.0000 0.4225 0.0478 0.5297 
0.0957 0.3627 0.5092 0.0325 
0.0489 0.4578 0.1604 0.3329 
0.2159 0.4447 0.0399 0.2995 

MOTIF filter30 
letter-probability matrix: alength= 4 w= 10 nsites= 10 
0.1886 0.2689 0.2541 0.2884 
0.4319 0.1191 0.2835 0.1654 
0.2534 0.5692 0.1456 0.0318 
0.0000 0.5532 0.3750 0.0717 
0.4619 0.0310 0.0653 0.4417 
0.2817 0.0328 0.6855 0.0000 
0.0022 0.0354 0.7752 0.1873 
0.1055 0.2989 0.1356 0.4600 
0.3400 0.1472 0.4174 0.0954 
0.2005 0.1870 0.5393 0.0732 

MOTIF filter31 
letter-probability matrix: alength= 4 w= 13 nsites= 13 
0.2783 0.2331 0.2700 0.2185 
0.2488 0.1676 0.3013 0.2823 
0.0840 0.4054 0.1993 0.3113 
0.7254 0.1279 0.0545 0.0921 
0.1898 0.3626 0.1927 0.2550 
0.0595 0.6556 0.2746 0.0103 
0.5871 0.0001 0.0002 0.4126 
0.0005 0.3613 0.5732 0.0650 
0.4136 0.2147 0.1907 0.1810 
0.1033 0.0136 0.0059 0.8772 
0.3236 0.2192 0.3136 0.1436 
0.2900 0.3581 0.1884 0.1634 
0.2416 0.2531 0.2697 0.2356 

