MEME version 4

ALPHABET= ACGT

Background letter frequencies:
A 0.2500 C 0.2500 G 0.2500 T 0.2500 

MOTIF filter0 
letter-probability matrix: alength= 4 w= 13 nsites= 13 
0.2752 0.0993 0.0846 0.5409 
0.0694 0.0708 0.3983 0.4615 
0.2548 0.1578 0.0841 0.5033 
0.0589 0.7947 0.0162 0.1302 
0.0936 0.5228 0.0580 0.3256 
0.5841 0.0879 0.0413 0.2866 
0.3531 0.0029 0.1150 0.5290 
0.5556 0.0081 0.4263 0.0100 
0.3451 0.0894 0.1122 0.4534 
0.9943 0.0019 0.0010 0.0029 
0.3940 0.0394 0.0252 0.5413 
0.1098 0.0594 0.8080 0.0228 
0.0166 0.0646 0.9064 0.0124 

MOTIF filter1 
letter-probability matrix: alength= 4 w= 15 nsites= 15 
0.0851 0.1867 0.2946 0.4337 
0.1098 0.6279 0.1632 0.0990 
0.1765 0.1137 0.1505 0.5594 
0.8527 0.0362 0.0667 0.0444 
0.0832 0.5219 0.0832 0.3117 
0.3530 0.2883 0.0044 0.3543 
0.5029 0.0933 0.1397 0.2641 
0.7600 0.0521 0.0368 0.1511 
0.0000 0.0203 0.0368 0.9429 
0.6940 0.0622 0.0254 0.2184 
0.0984 0.0044 0.8756 0.0216 
0.1581 0.1092 0.7029 0.0298 
0.1016 0.3714 0.1898 0.3371 
0.1137 0.3581 0.2324 0.2959 
0.2089 0.3492 0.2565 0.1854 

MOTIF filter2 
letter-probability matrix: alength= 4 w= 13 nsites= 13 
0.2487 0.1837 0.4076 0.1599 
0.2959 0.3854 0.2149 0.1037 
0.1893 0.2747 0.2788 0.2572 
0.0789 0.8285 0.0492 0.0434 
0.2698 0.3246 0.1934 0.2122 
0.2028 0.2651 0.2091 0.3229 
0.9236 0.0045 0.0719 0.0000 
0.0000 0.1144 0.0000 0.8856 
0.2997 0.4231 0.0933 0.1839 
0.4490 0.0220 0.4521 0.0769 
0.0357 0.0187 0.9141 0.0315 
0.1864 0.3651 0.2314 0.2170 
0.2156 0.2705 0.1920 0.3219 

MOTIF filter3 
letter-probability matrix: alength= 4 w= 15 nsites= 15 
0.4173 0.1477 0.1628 0.2722 
0.2928 0.1270 0.2354 0.3448 
0.3201 0.3387 0.2087 0.1326 
0.1270 0.0721 0.0287 0.7722 
0.0943 0.0822 0.7712 0.0524 
0.3669 0.5635 0.0096 0.0600 
0.0741 0.0675 0.2026 0.6557 
0.0086 0.0005 0.4854 0.5055 
0.4088 0.5872 0.0000 0.0040 
0.7288 0.1557 0.0660 0.0494 
0.1285 0.0186 0.5156 0.3372 
0.0439 0.7893 0.0832 0.0837 
0.6568 0.0479 0.1517 0.1436 
0.2147 0.1618 0.3639 0.2596 
0.3014 0.2354 0.1628 0.3004 

MOTIF filter4 
letter-probability matrix: alength= 4 w= 12 nsites= 12 
0.1453 0.3032 0.3272 0.2242 
0.0161 0.5016 0.1918 0.2905 
0.0718 0.5773 0.0700 0.2809 
0.0595 0.8299 0.0744 0.0362 
0.0402 0.7481 0.1159 0.0958 
0.1752 0.2049 0.3173 0.3026 
0.0071 0.7429 0.0881 0.1620 
0.0235 0.8371 0.0364 0.1030 
0.0044 0.5843 0.0691 0.3422 
0.2175 0.5339 0.0238 0.2248 
0.1588 0.4244 0.1435 0.2734 
0.2360 0.2612 0.2509 0.2519 

MOTIF filter5 
letter-probability matrix: alength= 4 w= 11 nsites= 11 
0.2535 0.2804 0.2600 0.2061 
0.2571 0.2374 0.2644 0.2410 
0.5142 0.1850 0.1549 0.1459 
0.1270 0.0714 0.0108 0.7908 
0.0607 0.2799 0.0163 0.6431 
0.4912 0.0255 0.0338 0.4494 
0.7574 0.0075 0.1762 0.0589 
0.7078 0.0089 0.0472 0.2361 
0.1535 0.1390 0.1862 0.5213 
0.2378 0.2462 0.2439 0.2722 
0.2233 0.2493 0.2769 0.2505 

MOTIF filter6 
letter-probability matrix: alength= 4 w= 12 nsites= 12 
0.3434 0.0552 0.2893 0.3121 
0.2025 0.0778 0.5459 0.1738 
0.2681 0.2310 0.3428 0.1581 
0.0066 0.7933 0.1999 0.0001 
0.0072 0.9054 0.0006 0.0868 
0.6064 0.0892 0.1059 0.1984 
0.0958 0.0145 0.3905 0.4992 
0.5203 0.0128 0.3620 0.1050 
0.0000 0.3427 0.1418 0.5155 
0.5750 0.0407 0.1134 0.2709 
0.1366 0.1561 0.2966 0.4107 
0.1853 0.1446 0.5518 0.1183 

MOTIF filter7 
letter-probability matrix: alength= 4 w= 16 nsites= 16 
0.2810 0.2229 0.2466 0.2495 
0.2588 0.2796 0.2201 0.2416 
0.1247 0.0444 0.4014 0.4294 
0.0043 0.7247 0.0000 0.2710 
0.0000 0.0222 0.0201 0.9577 
0.8022 0.1964 0.0014 0.0000 
0.1964 0.0581 0.0007 0.7448 
0.2953 0.0853 0.3391 0.2803 
0.5907 0.0000 0.0846 0.3247 
0.3649 0.0774 0.3849 0.1728 
0.1914 0.0000 0.0000 0.8086 
0.8315 0.1656 0.0029 0.0000 
0.2803 0.0129 0.6817 0.0251 
0.3283 0.3663 0.1362 0.1692 
0.1563 0.3835 0.2695 0.1907 
0.3362 0.2151 0.2366 0.2122 

MOTIF filter8 
letter-probability matrix: alength= 4 w= 13 nsites= 13 
0.3048 0.1016 0.1150 0.4787 
0.1924 0.0731 0.2305 0.5040 
0.1204 0.1500 0.1218 0.6079 
0.0065 0.8099 0.1810 0.0026 
0.1019 0.7982 0.0043 0.0956 
0.3566 0.0009 0.4533 0.1892 
0.1451 0.0464 0.6375 0.1710 
0.7991 0.0065 0.1084 0.0859 
0.3315 0.1429 0.0538 0.4718 
0.4069 0.0689 0.2462 0.2780 
0.1229 0.1448 0.0020 0.7302 
0.1531 0.0968 0.4607 0.2894 
0.1224 0.1568 0.6167 0.1042 

MOTIF filter9 
letter-probability matrix: alength= 4 w= 14 nsites= 14 
0.1651 0.2801 0.2297 0.3251 
0.0636 0.3879 0.2392 0.3093 
0.1808 0.0438 0.1622 0.6132 
0.1297 0.0150 0.2396 0.6158 
0.1855 0.8130 0.0015 0.0000 
0.0007 0.7611 0.0000 0.2381 
0.4971 0.0789 0.1494 0.2747 
0.2666 0.0000 0.7327 0.0007 
0.0007 0.0044 0.8243 0.1706 
0.3755 0.4591 0.0639 0.1015 
0.7699 0.1172 0.0636 0.0493 
0.2757 0.2323 0.4076 0.0844 
0.3594 0.1779 0.2564 0.2064 
0.2600 0.1808 0.2195 0.3397 

MOTIF filter10 
letter-probability matrix: alength= 4 w= 13 nsites= 13 
0.2669 0.2148 0.2792 0.2392 
0.2842 0.2462 0.3594 0.1101 
0.3660 0.1951 0.2890 0.1499 
0.0873 0.0748 0.0770 0.7608 
0.0000 0.8008 0.0352 0.1640 
0.6003 0.0011 0.3978 0.0008 
0.4346 0.3184 0.2416 0.0054 
0.0041 0.1815 0.0703 0.7441 
0.1456 0.2525 0.2061 0.3957 
0.5841 0.0369 0.3328 0.0462 
0.1218 0.3488 0.2261 0.3033 
0.1931 0.1863 0.2263 0.3943 
0.2048 0.2859 0.2312 0.2781 

MOTIF filter11 
letter-probability matrix: alength= 4 w= 12 nsites= 12 
0.3119 0.1538 0.3034 0.2309 
0.1306 0.5182 0.2442 0.1070 
0.1098 0.3205 0.1914 0.3783 
0.4797 0.0005 0.5121 0.0077 
0.8570 0.0227 0.1203 0.0000 
0.0002 0.5034 0.2104 0.2860 
0.0137 0.3590 0.1741 0.4532 
0.0449 0.6247 0.0958 0.2347 
0.6155 0.0107 0.3570 0.0168 
0.3031 0.2244 0.1452 0.3273 
0.2564 0.1902 0.2536 0.2998 
0.2881 0.2623 0.1879 0.2617 

MOTIF filter12 
letter-probability matrix: alength= 4 w= 10 nsites= 10 
0.1401 0.4856 0.2151 0.1592 
0.4590 0.1217 0.3281 0.0913 
0.0706 0.5779 0.1217 0.2298 
0.0000 0.0005 0.0000 0.9995 
0.0000 0.0000 0.0005 0.9995 
0.0695 0.9245 0.0060 0.0000 
0.3172 0.5741 0.0000 0.1086 
0.1010 0.0972 0.5046 0.2971 
0.1092 0.1271 0.4508 0.3129 
0.0141 0.1554 0.4041 0.4264 

MOTIF filter13 
letter-probability matrix: alength= 4 w= 11 nsites= 11 
0.2402 0.1515 0.3997 0.2087 
0.1441 0.5247 0.1539 0.1773 
0.1418 0.6353 0.1033 0.1195 
0.9250 0.0537 0.0206 0.0008 
0.5017 0.0251 0.0399 0.4333 
0.2383 0.2658 0.2407 0.2552 
0.4692 0.0404 0.0215 0.4689 
0.0039 0.0575 0.0231 0.9155 
0.1321 0.1069 0.6056 0.1554 
0.1897 0.1366 0.5088 0.1649 
0.1753 0.4081 0.1862 0.2305 

MOTIF filter14 
letter-probability matrix: alength= 4 w= 12 nsites= 12 
0.2416 0.2576 0.2498 0.2509 
0.3193 0.2218 0.2723 0.1865 
0.2504 0.3095 0.2861 0.1540 
0.1022 0.8035 0.0604 0.0339 
0.7275 0.1116 0.0732 0.0877 
0.0172 0.7193 0.0253 0.2381 
0.2287 0.0196 0.7303 0.0214 
0.0654 0.1171 0.0269 0.7907 
0.1007 0.0528 0.7367 0.1099 
0.1949 0.2735 0.2702 0.2614 
0.2036 0.2806 0.2001 0.3158 
0.2488 0.2439 0.2489 0.2584 

MOTIF filter15 
letter-probability matrix: alength= 4 w= 16 nsites= 16 
0.2165 0.3084 0.2253 0.2498 
0.1996 0.2379 0.2997 0.2628 
0.1246 0.6050 0.1379 0.1325 
0.1187 0.2100 0.0285 0.6428 
0.3998 0.1009 0.4497 0.0496 
0.3583 0.3513 0.0716 0.2188 
0.2123 0.4263 0.0133 0.3482 
0.2078 0.3586 0.3177 0.1159 
0.5450 0.0031 0.0048 0.4471 
0.0158 0.3549 0.0028 0.6264 
0.9380 0.0051 0.0121 0.0448 
0.0245 0.0070 0.6352 0.3332 
0.4347 0.5078 0.0054 0.0522 
0.5097 0.0795 0.0961 0.3146 
0.2168 0.1985 0.4206 0.1641 
0.2701 0.1063 0.3538 0.2698 

MOTIF filter16 
letter-probability matrix: alength= 4 w= 14 nsites= 14 
0.1921 0.3050 0.2782 0.2247 
0.1963 0.3578 0.2370 0.2089 
0.2993 0.1806 0.3697 0.1504 
0.1907 0.6548 0.1334 0.0211 
0.4137 0.1297 0.3229 0.1338 
0.1789 0.0152 0.3461 0.4598 
0.0438 0.8852 0.0062 0.0648 
0.0536 0.6934 0.2037 0.0493 
0.1748 0.0001 0.7314 0.0937 
0.2787 0.0297 0.1590 0.5326 
0.5242 0.0930 0.0092 0.3735 
0.1054 0.1764 0.3671 0.3512 
0.1614 0.2548 0.3402 0.2436 
0.1995 0.2908 0.2420 0.2677 

MOTIF filter17 
letter-probability matrix: alength= 4 w= 12 nsites= 12 
0.1906 0.2296 0.2436 0.3362 
0.2090 0.2642 0.2745 0.2523 
0.2675 0.2290 0.3595 0.1440 
0.0257 0.3170 0.0774 0.5799 
0.0000 0.7206 0.2485 0.0309 
0.8443 0.0322 0.0374 0.0861 
0.3416 0.0138 0.0476 0.5969 
0.0384 0.0081 0.0119 0.9415 
0.0206 0.1597 0.8197 0.0000 
0.3045 0.1012 0.5441 0.0501 
0.1578 0.3476 0.0736 0.4210 
0.0966 0.3565 0.2306 0.3162 

MOTIF filter18 
letter-probability matrix: alength= 4 w= 13 nsites= 13 
0.2759 0.2199 0.2580 0.2462 
0.2362 0.2554 0.2803 0.2280 
0.3301 0.2239 0.3384 0.1076 
0.0602 0.0772 0.0781 0.7846 
0.0459 0.0519 0.7527 0.1494 
0.7747 0.0511 0.0594 0.1148 
0.1013 0.4224 0.3878 0.0885 
0.1182 0.0679 0.0260 0.7879 
0.1371 0.7675 0.0590 0.0365 
0.7899 0.0977 0.0469 0.0655 
0.0880 0.3337 0.2460 0.3323 
0.2465 0.2779 0.2232 0.2524 
0.2452 0.2324 0.2624 0.2600 

MOTIF filter19 
letter-probability matrix: alength= 4 w= 12 nsites= 12 
0.2605 0.2373 0.2546 0.2475 
0.2560 0.1284 0.4316 0.1840 
0.2180 0.1014 0.4949 0.1857 
0.2854 0.1341 0.5748 0.0057 
0.1048 0.0587 0.8361 0.0003 
0.0747 0.1158 0.8073 0.0022 
0.3085 0.3228 0.1713 0.1974 
0.0835 0.0673 0.7535 0.0956 
0.0445 0.0842 0.8185 0.0528 
0.2643 0.0901 0.5604 0.0852 
0.2827 0.1723 0.5084 0.0367 
0.2256 0.3245 0.3028 0.1471 

MOTIF filter20 
letter-probability matrix: alength= 4 w= 15 nsites= 15 
0.1694 0.2633 0.2807 0.2867 
0.1910 0.1853 0.1910 0.4327 
0.1914 0.1038 0.6247 0.0801 
0.2870 0.5748 0.0060 0.1322 
0.1318 0.0819 0.0383 0.7481 
0.1743 0.1024 0.4993 0.2240 
0.4876 0.0011 0.4401 0.0712 
0.0872 0.4575 0.3451 0.1102 
0.0082 0.0301 0.0046 0.9571 
0.0159 0.3437 0.5960 0.0443 
0.6428 0.0050 0.2615 0.0907 
0.0461 0.2232 0.6099 0.1208 
0.0542 0.5028 0.0645 0.3785 
0.3140 0.3466 0.1772 0.1623 
0.3735 0.1850 0.1814 0.2601 

MOTIF filter21 
letter-probability matrix: alength= 4 w= 14 nsites= 14 
0.2475 0.2791 0.3181 0.1553 
0.1971 0.2144 0.2594 0.3291 
0.2707 0.2748 0.1312 0.3233 
0.0961 0.1179 0.1171 0.6689 
0.3541 0.0305 0.2750 0.3404 
0.2491 0.0748 0.2473 0.4288 
0.3183 0.4794 0.0279 0.1743 
0.0624 0.2261 0.0063 0.7052 
0.9445 0.0144 0.0208 0.0204 
0.0020 0.0049 0.1368 0.8563 
0.6010 0.0456 0.2919 0.0615 
0.1596 0.1287 0.4394 0.2723 
0.5403 0.1938 0.1046 0.1613 
0.1994 0.2370 0.2155 0.3482 

MOTIF filter22 
letter-probability matrix: alength= 4 w= 10 nsites= 10 
0.3156 0.0837 0.4457 0.1550 
0.3526 0.3351 0.2533 0.0591 
0.3599 0.1024 0.0668 0.4710 
0.6212 0.2389 0.1399 0.0000 
0.0021 0.0889 0.2508 0.6582 
0.6408 0.1978 0.1485 0.0128 
0.0000 0.0776 0.2576 0.6649 
0.5777 0.1786 0.0965 0.1472 
0.0099 0.3722 0.2678 0.3501 
0.2065 0.3228 0.2339 0.2368 

MOTIF filter23 
letter-probability matrix: alength= 4 w= 14 nsites= 14 
0.2537 0.2460 0.2562 0.2442 
0.2647 0.2594 0.2254 0.2504 
0.3942 0.1993 0.3413 0.0653 
0.0320 0.0507 0.0488 0.8685 
0.0262 0.0349 0.1897 0.7492 
0.3014 0.0397 0.4843 0.1746 
0.0844 0.6390 0.0740 0.2026 
0.2109 0.0827 0.6462 0.0602 
0.1844 0.5041 0.0283 0.2832 
0.7228 0.1954 0.0280 0.0538 
0.8605 0.0412 0.0470 0.0513 
0.0776 0.3186 0.1967 0.4071 
0.2427 0.2655 0.2571 0.2347 
0.2286 0.2428 0.2556 0.2730 

MOTIF filter24 
letter-probability matrix: alength= 4 w= 11 nsites= 11 
0.0537 0.2957 0.1814 0.4693 
0.1514 0.5957 0.1219 0.1310 
0.1695 0.5643 0.0328 0.2333 
0.0926 0.3394 0.5341 0.0339 
0.0381 0.0030 0.9263 0.0325 
0.1868 0.0039 0.7234 0.0858 
0.5799 0.1321 0.2553 0.0327 
0.7871 0.0833 0.1203 0.0093 
0.1768 0.3740 0.2575 0.1917 
0.1109 0.4856 0.1795 0.2240 
0.3459 0.3445 0.1290 0.1806 

MOTIF filter25 
letter-probability matrix: alength= 4 w= 17 nsites= 17 
0.3570 0.1804 0.2165 0.2462 
0.2809 0.1916 0.1807 0.3467 
0.3270 0.2138 0.2925 0.1667 
0.2295 0.0886 0.0535 0.6284 
0.1807 0.1275 0.4483 0.2434 
0.1684 0.5786 0.1105 0.1425 
0.1766 0.0938 0.0201 0.7095 
0.0488 0.0113 0.7474 0.1926 
0.5152 0.3399 0.1374 0.0075 
0.0010 0.2458 0.0491 0.7041 
0.1984 0.4599 0.2659 0.0757 
0.7105 0.0385 0.0907 0.1602 
0.0109 0.1217 0.6856 0.1817 
0.1517 0.5268 0.2049 0.1166 
0.6638 0.0314 0.1592 0.1456 
0.2813 0.2230 0.1585 0.3372 
0.3392 0.1129 0.1916 0.3563 

MOTIF filter26 
letter-probability matrix: alength= 4 w= 15 nsites= 15 
0.2324 0.2043 0.2860 0.2773 
0.2606 0.3198 0.2270 0.1927 
0.2101 0.2194 0.1247 0.4458 
0.6617 0.0728 0.2420 0.0234 
0.1388 0.0413 0.0422 0.7777 
0.2234 0.1639 0.3009 0.3117 
0.5174 0.2114 0.0305 0.2406 
0.3277 0.0417 0.3379 0.2927 
0.0015 0.0154 0.0407 0.9424 
0.2659 0.4266 0.2963 0.0112 
0.6727 0.0879 0.1561 0.0833 
0.0414 0.3863 0.0402 0.5321 
0.2381 0.3242 0.2963 0.1414 
0.2006 0.2987 0.2392 0.2615 
0.1799 0.2211 0.3144 0.2847 

MOTIF filter27 
letter-probability matrix: alength= 4 w= 13 nsites= 13 
0.1572 0.1466 0.1316 0.5646 
0.1040 0.1877 0.3481 0.3602 
0.1998 0.4886 0.2075 0.1040 
0.0873 0.6368 0.2448 0.0310 
0.0119 0.6416 0.3031 0.0434 
0.1368 0.2059 0.5969 0.0603 
0.1615 0.0019 0.4505 0.3862 
0.8737 0.0064 0.1199 0.0000 
0.7599 0.0146 0.0013 0.2242 
0.6337 0.1477 0.1673 0.0513 
0.2467 0.2096 0.0738 0.4698 
0.0617 0.0932 0.7478 0.0974 
0.1649 0.1210 0.6302 0.0839 

MOTIF filter28 
letter-probability matrix: alength= 4 w= 10 nsites= 10 
0.2297 0.3007 0.2783 0.1914 
0.2305 0.1113 0.4580 0.2002 
0.2965 0.0062 0.2223 0.4750 
0.0082 0.3036 0.6882 0.0000 
0.3108 0.0211 0.0923 0.5757 
0.0304 0.3119 0.5880 0.0697 
0.1773 0.0000 0.0002 0.8224 
0.1882 0.5480 0.1318 0.1320 
0.3146 0.4623 0.1137 0.1094 
0.1889 0.3809 0.3064 0.1237 

MOTIF filter29 
letter-probability matrix: alength= 4 w= 13 nsites= 13 
0.0839 0.5692 0.1107 0.2362 
0.1679 0.0701 0.2186 0.5434 
0.2897 0.2445 0.0664 0.3994 
0.0037 0.9428 0.0498 0.0037 
0.0231 0.9705 0.0000 0.0065 
0.1605 0.0046 0.7768 0.0581 
0.0000 0.1024 0.6541 0.2435 
0.8109 0.0932 0.0406 0.0554 
0.3579 0.0821 0.0756 0.4843 
0.2804 0.0720 0.5600 0.0876 
0.0618 0.2214 0.1245 0.5923 
0.1042 0.1411 0.6817 0.0729 
0.1910 0.1928 0.5424 0.0738 

MOTIF filter30 
letter-probability matrix: alength= 4 w= 11 nsites= 11 
0.1843 0.0746 0.3068 0.4343 
0.1619 0.0966 0.4768 0.2647 
0.4272 0.3880 0.0057 0.1791 
0.0296 0.5265 0.4432 0.0007 
0.0183 0.0386 0.3108 0.6323 
0.4130 0.4170 0.0449 0.1251 
0.7521 0.0488 0.0341 0.1650 
0.0080 0.0620 0.7713 0.1586 
0.1087 0.3651 0.0992 0.4270 
0.2986 0.1473 0.4253 0.1289 
0.2634 0.3585 0.1831 0.1950 

MOTIF filter31 
letter-probability matrix: alength= 4 w= 13 nsites= 13 
0.2470 0.2280 0.3095 0.2155 
0.2840 0.4058 0.2506 0.0597 
0.1600 0.2627 0.2995 0.2779 
0.0372 0.5201 0.3611 0.0816 
0.3270 0.3149 0.2872 0.0709 
0.2042 0.1002 0.2939 0.4017 
0.0376 0.7142 0.2291 0.0191 
0.1693 0.0954 0.4043 0.3310 
0.2225 0.5591 0.0451 0.1732 
0.0478 0.4218 0.5071 0.0233 
0.2917 0.1788 0.3204 0.2091 
0.2097 0.3305 0.1744 0.2854 
0.0040 0.3862 0.3416 0.2682 

