MEME version 4

ALPHABET= ACGT

Background letter frequencies:
A 0.2500 C 0.2500 G 0.2500 T 0.2500 

MOTIF filter0 
letter-probability matrix: alength= 4 w= 14 nsites= 14 
0.2119 0.2322 0.2714 0.2845 
0.2119 0.2772 0.2743 0.2366 
0.2772 0.2467 0.2250 0.2511 
0.1219 0.0508 0.0247 0.8026 
0.0102 0.0566 0.7402 0.1930 
0.4180 0.4078 0.0871 0.0871 
0.0000 0.9985 0.0015 0.0000 
0.0000 1.0000 0.0000 0.0000 
0.8273 0.0000 0.0015 0.1713 
0.0073 0.0000 0.0000 0.9927 
1.0000 0.0000 0.0000 0.0000 
0.0000 0.0000 0.0000 1.0000 
0.9927 0.0000 0.0000 0.0073 
0.1045 0.0015 0.0000 0.8940 

MOTIF filter1 
letter-probability matrix: alength= 4 w= 16 nsites= 16 
0.2446 0.2337 0.2554 0.2663 
0.2418 0.2391 0.2527 0.2663 
0.2255 0.2391 0.2826 0.2527 
0.2527 0.0489 0.6304 0.0679 
0.1250 0.0000 0.7989 0.0761 
0.1739 0.0000 0.8261 0.0000 
0.0000 0.0000 1.0000 0.0000 
0.0000 0.0000 1.0000 0.0000 
0.3098 0.5625 0.0000 0.1277 
0.0000 0.0000 1.0000 0.0000 
0.0000 0.0000 1.0000 0.0000 
0.1603 0.0000 0.8397 0.0000 
0.2038 0.0163 0.7799 0.0000 
0.1739 0.5788 0.1739 0.0734 
0.2609 0.2011 0.2853 0.2527 
0.2473 0.3071 0.2147 0.2310 

MOTIF filter2 
letter-probability matrix: alength= 4 w= 16 nsites= 16 
0.1541 0.3513 0.3513 0.1434 
0.3226 0.2401 0.2043 0.2330 
0.1720 0.2294 0.3441 0.2545 
0.0000 0.0573 0.3656 0.5771 
0.0251 0.7204 0.0143 0.2401 
0.0000 0.0108 0.0108 0.9785 
0.8781 0.0179 0.0000 0.1039 
0.0108 0.0000 0.0108 0.9785 
0.0000 0.0072 0.0036 0.9892 
0.0036 0.0000 0.0036 0.9928 
0.2581 0.0036 0.0108 0.7276 
0.0143 0.0000 0.1147 0.8710 
0.9176 0.0000 0.0466 0.0358 
0.0036 0.0000 0.7993 0.1971 
0.3835 0.3513 0.1004 0.1649 
0.3190 0.3226 0.2724 0.0860 

MOTIF filter3 
letter-probability matrix: alength= 4 w= 10 nsites= 10 
0.2540 0.2369 0.2240 0.2851 
0.9518 0.0000 0.0000 0.0482 
0.0000 0.0000 0.0000 1.0000 
0.0000 0.0825 0.0000 0.9175 
1.0000 0.0000 0.0000 0.0000 
1.0000 0.0000 0.0000 0.0000 
0.4169 0.0000 0.0000 0.5831 
0.2905 0.2283 0.2412 0.2401 
0.2047 0.2562 0.3119 0.2272 
0.2690 0.2637 0.2004 0.2669 

MOTIF filter4 
letter-probability matrix: alength= 4 w= 18 nsites= 18 
0.2955 0.2591 0.1943 0.2510 
0.2632 0.2915 0.2470 0.1984 
0.2267 0.2672 0.2348 0.2713 
0.1093 0.0000 0.7530 0.1377 
0.0526 0.8178 0.0931 0.0364 
0.2834 0.3563 0.2672 0.0931 
0.0405 0.0000 0.9150 0.0445 
0.0000 1.0000 0.0000 0.0000 
0.0000 1.0000 0.0000 0.0000 
1.0000 0.0000 0.0000 0.0000 
0.0000 0.0000 0.0000 1.0000 
0.0081 0.4777 0.1377 0.3765 
0.0000 0.0202 0.0000 0.9798 
0.0000 0.0202 0.0000 0.9798 
0.0607 0.0891 0.7571 0.0931 
0.2713 0.1943 0.2672 0.2672 
0.1984 0.2753 0.2591 0.2672 
0.2308 0.2794 0.2632 0.2267 

MOTIF filter5 
letter-probability matrix: alength= 4 w= 18 nsites= 18 
0.2185 0.2152 0.2881 0.2781 
0.2219 0.2947 0.2583 0.2252 
0.2848 0.2649 0.2185 0.2318 
0.1523 0.6821 0.1093 0.0563 
0.9967 0.0000 0.0033 0.0000 
0.9868 0.0000 0.0132 0.0000 
0.4205 0.0795 0.4735 0.0265 
1.0000 0.0000 0.0000 0.0000 
0.0000 0.0000 0.0000 1.0000 
0.0000 0.0000 1.0000 0.0000 
0.0000 0.0000 1.0000 0.0000 
0.0364 0.8841 0.0000 0.0795 
0.1225 0.1656 0.4338 0.2781 
0.0629 0.0695 0.8278 0.0397 
0.0993 0.7914 0.0099 0.0993 
0.2914 0.2152 0.2152 0.2781 
0.2119 0.2351 0.3079 0.2450 
0.2715 0.2318 0.2848 0.2119 

MOTIF filter6 
letter-probability matrix: alength= 4 w= 20 nsites= 20 
0.2135 0.2800 0.2736 0.2328 
0.2886 0.2371 0.2350 0.2393 
0.1652 0.0826 0.0461 0.7060 
0.0322 0.0966 0.6524 0.2189 
0.4056 0.3927 0.0751 0.1266 
0.0021 0.9861 0.0097 0.0021 
0.0000 0.9861 0.0032 0.0107 
0.8230 0.0032 0.0129 0.1609 
0.0236 0.0000 0.0032 0.9732 
0.9903 0.0054 0.0021 0.0021 
0.0000 0.0021 0.0021 0.9957 
0.9764 0.0032 0.0000 0.0204 
0.1652 0.0064 0.0032 0.8251 
0.0032 0.0129 0.9839 0.0000 
0.0011 0.0043 0.9914 0.0032 
0.1116 0.0719 0.3873 0.4292 
0.2264 0.6416 0.0955 0.0365 
0.7060 0.0343 0.0762 0.1835 
0.2425 0.2747 0.2371 0.2457 
0.2328 0.2597 0.2607 0.2468 

MOTIF filter7 
letter-probability matrix: alength= 4 w= 16 nsites= 16 
0.2650 0.2663 0.2425 0.2262 
0.2375 0.2725 0.2575 0.2325 
0.1100 0.0487 0.3413 0.5000 
0.0113 0.9075 0.0000 0.0812 
0.0000 0.0000 0.0000 1.0000 
1.0000 0.0000 0.0000 0.0000 
0.2512 0.0000 0.0000 0.7487 
0.4525 0.0000 0.0000 0.5475 
0.5437 0.0000 0.0000 0.4563 
0.6913 0.0000 0.0000 0.3088 
0.0000 0.0000 0.0000 1.0000 
1.0000 0.0000 0.0000 0.0000 
0.0688 0.0000 0.9087 0.0225 
0.4750 0.3613 0.0437 0.1200 
0.2975 0.2212 0.2562 0.2250 
0.2612 0.2688 0.2313 0.2387 

MOTIF filter8 
letter-probability matrix: alength= 4 w= 11 nsites= 11 
0.2503 0.2603 0.2628 0.2265 
0.2541 0.2628 0.2416 0.2416 
0.0000 0.0000 0.0000 1.0000 
0.0000 0.0000 0.0000 1.0000 
0.0000 0.0000 0.0000 1.0000 
0.5569 0.0000 0.4431 0.0000 
1.0000 0.0000 0.0000 0.0000 
0.0000 0.0000 0.0000 1.0000 
0.2303 0.2653 0.2578 0.2466 
0.2578 0.2478 0.2553 0.2390 
0.2353 0.2428 0.2703 0.2516 

MOTIF filter9 
letter-probability matrix: alength= 4 w= 20 nsites= 20 
0.2854 0.2462 0.2505 0.2179 
0.0349 0.6100 0.1786 0.1765 
0.2941 0.4161 0.0065 0.2832 
0.2658 0.7298 0.0000 0.0044 
0.5817 0.1111 0.1242 0.1830 
0.0000 0.1547 0.2941 0.5512 
0.2244 0.4205 0.2092 0.1460 
0.0632 0.0131 0.6950 0.2288 
0.1525 0.1852 0.6623 0.0000 
0.2026 0.0893 0.6362 0.0719 
0.0000 0.4009 0.4619 0.1373 
0.1939 0.0719 0.4357 0.2985 
0.2222 0.1307 0.4641 0.1830 
0.1329 0.2004 0.6536 0.0131 
0.0131 0.0044 0.8148 0.1678 
0.6492 0.0000 0.3420 0.0087 
0.1503 0.1046 0.5359 0.2092 
0.1808 0.3704 0.3813 0.0675 
0.0980 0.3987 0.4793 0.0240 
0.1830 0.2331 0.2680 0.3159 

MOTIF filter10 
letter-probability matrix: alength= 4 w= 14 nsites= 14 
0.1253 0.3055 0.3099 0.2593 
0.3275 0.2044 0.4154 0.0527 
0.4264 0.0857 0.4000 0.0879 
0.0000 0.9978 0.0022 0.0000 
0.0000 0.6989 0.0000 0.3011 
0.6264 0.0286 0.3385 0.0066 
1.0000 0.0000 0.0000 0.0000 
0.0000 0.0000 0.0000 1.0000 
0.0022 0.4725 0.0813 0.4440 
0.4264 0.0000 0.5736 0.0000 
0.0000 0.0110 0.9890 0.0000 
0.0901 0.3648 0.1055 0.4396 
0.1121 0.3231 0.2066 0.3582 
0.2286 0.3714 0.2462 0.1538 

MOTIF filter11 
letter-probability matrix: alength= 4 w= 14 nsites= 14 
0.1916 0.2515 0.2665 0.2904 
0.1377 0.1916 0.3802 0.2904 
0.0030 0.5030 0.2395 0.2545 
0.0509 0.6647 0.1497 0.1347 
0.7126 0.0150 0.2455 0.0269 
0.0000 0.9581 0.0030 0.0389 
0.0000 0.0000 0.0000 1.0000 
0.0000 0.0000 0.0000 1.0000 
0.0000 1.0000 0.0000 0.0000 
0.0000 1.0000 0.0000 0.0000 
0.0000 0.0000 0.9760 0.0240 
0.0000 0.1677 0.8174 0.0150 
0.2186 0.2126 0.2545 0.3144 
0.1976 0.2545 0.2695 0.2784 

MOTIF filter12 
letter-probability matrix: alength= 4 w= 16 nsites= 16 
0.4521 0.2000 0.1507 0.1973 
0.0712 0.3534 0.1123 0.4630 
0.0603 0.3370 0.3753 0.2274 
0.4493 0.1068 0.4438 0.0000 
0.5890 0.0027 0.3726 0.0356 
0.0000 1.0000 0.0000 0.0000 
0.0000 1.0000 0.0000 0.0000 
1.0000 0.0000 0.0000 0.0000 
1.0000 0.0000 0.0000 0.0000 
0.0000 0.0000 0.0000 1.0000 
0.0164 0.7589 0.2247 0.0000 
0.8712 0.0000 0.1288 0.0000 
0.0877 0.0685 0.8274 0.0164 
0.2274 0.2575 0.2521 0.2630 
0.2795 0.2055 0.2767 0.2384 
0.2329 0.2849 0.2274 0.2548 

MOTIF filter13 
letter-probability matrix: alength= 4 w= 19 nsites= 19 
0.0952 0.1794 0.4387 0.2867 
0.0952 0.3042 0.5153 0.0853 
0.1816 0.0952 0.1499 0.5733 
0.0678 0.6400 0.0066 0.2856 
0.1915 0.1007 0.3042 0.4037 
0.3818 0.0810 0.3479 0.1893 
0.2691 0.3359 0.2724 0.1225 
0.4792 0.0580 0.3512 0.1116 
0.2823 0.2735 0.3709 0.0733 
0.0996 0.3271 0.0306 0.5427 
0.2462 0.4869 0.1018 0.1652 
0.5700 0.1357 0.1225 0.1718 
0.1411 0.3118 0.4912 0.0558 
0.4431 0.3895 0.1236 0.0438 
0.1269 0.5088 0.3545 0.0098 
0.0055 0.0252 0.0000 0.9694 
0.7670 0.1794 0.0470 0.0066 
0.0219 0.4059 0.5558 0.0164 
0.3545 0.3381 0.2418 0.0656 

MOTIF filter14 
letter-probability matrix: alength= 4 w= 18 nsites= 18 
0.2353 0.2824 0.2235 0.2588 
0.2676 0.2324 0.2618 0.2382 
0.2441 0.2794 0.2235 0.2529 
0.5088 0.0118 0.1324 0.3471 
0.6441 0.0118 0.0441 0.3000 
0.4441 0.0000 0.0235 0.5324 
0.2882 0.1529 0.1676 0.3912 
0.0088 0.0000 0.0000 0.9912 
0.0000 0.0000 1.0000 0.0000 
0.0206 0.9794 0.0000 0.0000 
0.0000 0.0000 0.0000 1.0000 
0.0000 0.0000 0.9912 0.0088 
1.0000 0.0000 0.0000 0.0000 
0.0265 0.5059 0.3088 0.1588 
0.2000 0.1235 0.0441 0.6324 
0.1971 0.3824 0.1176 0.3029 
0.5206 0.0500 0.1853 0.2441 
0.1647 0.0471 0.5294 0.2588 

MOTIF filter15 
letter-probability matrix: alength= 4 w= 13 nsites= 13 
0.2578 0.2387 0.2334 0.2700 
0.2659 0.2383 0.2467 0.2491 
0.2038 0.2578 0.1683 0.3700 
0.0261 0.0443 0.0247 0.9049 
0.0157 0.0321 0.0561 0.8962 
0.1666 0.7725 0.0258 0.0352 
0.0620 0.6167 0.0077 0.3136 
0.2537 0.2317 0.2530 0.2617 
0.3070 0.0070 0.6314 0.0547 
0.0380 0.0247 0.7739 0.1634 
0.8735 0.0843 0.0226 0.0195 
0.9108 0.0348 0.0380 0.0164 
0.3962 0.1808 0.2293 0.1937 

MOTIF filter16 
letter-probability matrix: alength= 4 w= 12 nsites= 12 
0.2221 0.2726 0.2667 0.2385 
0.4301 0.1774 0.2350 0.1575 
0.2421 0.2632 0.3572 0.1375 
0.0000 1.0000 0.0000 0.0000 
0.9976 0.0000 0.0024 0.0000 
0.0000 0.9624 0.0000 0.0376 
0.0024 0.0000 0.9976 0.0000 
0.0000 0.0000 0.0000 1.0000 
0.0000 0.0000 1.0000 0.0000 
0.1763 0.2738 0.3467 0.2033 
0.1445 0.2139 0.1622 0.4794 
0.2808 0.2186 0.2468 0.2538 

MOTIF filter17 
letter-probability matrix: alength= 4 w= 15 nsites= 15 
0.2722 0.2152 0.2215 0.2911 
0.2722 0.2278 0.3006 0.1994 
0.2310 0.2690 0.2722 0.2278 
0.0095 0.8481 0.1424 0.0000 
0.0380 0.9620 0.0000 0.0000 
0.0000 0.0000 1.0000 0.0000 
0.0000 0.0000 1.0000 0.0000 
1.0000 0.0000 0.0000 0.0000 
1.0000 0.0000 0.0000 0.0000 
0.0190 0.0000 0.9810 0.0000 
0.0190 0.2943 0.0063 0.6804 
0.1709 0.0728 0.7057 0.0506 
0.2500 0.2658 0.4652 0.0190 
0.2120 0.3829 0.2373 0.1677 
0.2057 0.2975 0.2595 0.2373 

MOTIF filter18 
letter-probability matrix: alength= 4 w= 15 nsites= 15 
0.2117 0.3739 0.1937 0.2207 
0.5360 0.1396 0.2432 0.0811 
0.0901 0.6306 0.1441 0.1351 
0.1036 0.0766 0.0766 0.7432 
0.0450 0.0946 0.0901 0.7703 
0.0000 0.9910 0.0090 0.0000 
0.0000 1.0000 0.0000 0.0000 
0.0000 0.0000 0.9955 0.0045 
0.0000 0.0180 0.9820 0.0000 
0.8243 0.0450 0.0856 0.0450 
0.8423 0.0541 0.0495 0.0541 
0.1216 0.1081 0.6802 0.0901 
0.0721 0.2883 0.0946 0.5450 
0.2387 0.1036 0.5586 0.0991 
0.2793 0.2252 0.4054 0.0901 

MOTIF filter19 
letter-probability matrix: alength= 4 w= 16 nsites= 16 
0.2715 0.3091 0.2043 0.2151 
0.2581 0.2688 0.2258 0.2473 
0.2500 0.2581 0.2285 0.2634 
0.0108 0.7849 0.0968 0.1075 
0.0000 0.1505 0.0000 0.8495 
0.0000 0.2446 0.7419 0.0134 
1.0000 0.0000 0.0000 0.0000 
0.0000 0.0000 0.0000 1.0000 
0.0000 0.0000 0.0000 1.0000 
0.0000 0.0000 1.0000 0.0000 
0.0000 0.0000 1.0000 0.0000 
0.0403 0.4113 0.0027 0.5457 
0.0054 0.4382 0.1398 0.4167 
0.1694 0.4328 0.3253 0.0726 
0.4866 0.1478 0.3011 0.0645 
0.1532 0.1559 0.2581 0.4328 

MOTIF filter20 
letter-probability matrix: alength= 4 w= 12 nsites= 12 
0.2215 0.2900 0.2900 0.1986 
0.5616 0.1096 0.2329 0.0959 
0.2329 0.2991 0.4132 0.0548 
0.0000 1.0000 0.0000 0.0000 
1.0000 0.0000 0.0000 0.0000 
0.0000 1.0000 0.0000 0.0000 
0.0000 0.0000 1.0000 0.0000 
0.0000 0.0000 0.0000 1.0000 
0.0000 0.0000 1.0000 0.0000 
0.0457 0.3813 0.3562 0.2169 
0.0959 0.2055 0.1279 0.5708 
0.2260 0.3128 0.1804 0.2808 

MOTIF filter21 
letter-probability matrix: alength= 4 w= 12 nsites= 12 
0.2526 0.2397 0.2312 0.2765 
0.2355 0.2238 0.3078 0.2328 
0.3507 0.2340 0.3119 0.1034 
0.0430 0.0404 0.0618 0.8548 
0.0282 0.0370 0.7706 0.1641 
0.8560 0.0478 0.0552 0.0409 
0.1254 0.3959 0.4045 0.0742 
0.0363 0.0549 0.0509 0.8579 
0.1531 0.7770 0.0332 0.0366 
0.8754 0.0391 0.0437 0.0418 
0.0974 0.3187 0.2595 0.3245 
0.2281 0.3114 0.2228 0.2376 

MOTIF filter22 
letter-probability matrix: alength= 4 w= 16 nsites= 16 
0.2945 0.5364 0.0437 0.1254 
0.2362 0.1837 0.0729 0.5073 
0.2886 0.1545 0.3178 0.2391 
0.6239 0.0525 0.1137 0.2099 
0.1778 0.3003 0.4927 0.0292 
0.0000 0.0000 0.0000 1.0000 
0.0117 0.9883 0.0000 0.0000 
1.0000 0.0000 0.0000 0.0000 
0.0000 0.0000 0.9796 0.0204 
0.0000 1.0000 0.0000 0.0000 
0.9942 0.0000 0.0000 0.0058 
0.4344 0.1691 0.1341 0.2624 
0.4111 0.0408 0.0029 0.5452 
0.3878 0.0729 0.0029 0.5364 
0.3032 0.1166 0.0175 0.5627 
0.2828 0.2187 0.2566 0.2420 

MOTIF filter23 
letter-probability matrix: alength= 4 w= 12 nsites= 12 
0.2533 0.2794 0.2298 0.2376 
0.2846 0.2154 0.2193 0.2807 
0.2715 0.2650 0.2258 0.2376 
1.0000 0.0000 0.0000 0.0000 
0.0000 0.0000 0.0000 1.0000 
0.0000 0.4034 0.0000 0.5966 
1.0000 0.0000 0.0000 0.0000 
1.0000 0.0000 0.0000 0.0000 
0.9974 0.0000 0.0026 0.0000 
0.2637 0.2180 0.2232 0.2950 
0.2520 0.2363 0.2219 0.2898 
0.2219 0.2768 0.2546 0.2467 

MOTIF filter24 
letter-probability matrix: alength= 4 w= 12 nsites= 12 
0.2430 0.2528 0.2641 0.2401 
0.2637 0.2623 0.2299 0.2441 
0.4387 0.1666 0.3525 0.0422 
0.0138 0.0120 0.0211 0.9531 
0.0080 0.0124 0.1317 0.8479 
0.3252 0.0105 0.5191 0.1451 
0.0669 0.7144 0.0451 0.1735 
0.1775 0.0538 0.7184 0.0502 
0.1528 0.5642 0.0062 0.2768 
0.8327 0.1313 0.0149 0.0211 
0.9447 0.0196 0.0193 0.0164 
0.0513 0.3372 0.1702 0.4413 

MOTIF filter25 
letter-probability matrix: alength= 4 w= 16 nsites= 16 
0.2562 0.2646 0.2406 0.2385 
0.2406 0.2750 0.2458 0.2385 
0.1219 0.0729 0.3375 0.4677 
0.0521 0.8479 0.0000 0.1000 
0.0000 0.0135 0.0000 0.9865 
1.0000 0.0000 0.0000 0.0000 
0.2896 0.0000 0.0031 0.7073 
0.4760 0.0031 0.0000 0.5208 
0.5781 0.0000 0.0010 0.4208 
0.7021 0.0021 0.0000 0.2958 
0.0021 0.0021 0.0000 0.9958 
0.9927 0.0010 0.0063 0.0000 
0.1229 0.0031 0.8521 0.0219 
0.4490 0.3552 0.0542 0.1417 
0.2812 0.2271 0.2573 0.2344 
0.2448 0.2823 0.2385 0.2344 

MOTIF filter26 
letter-probability matrix: alength= 4 w= 20 nsites= 20 
0.2889 0.2349 0.2312 0.2450 
0.1570 0.0741 0.0389 0.7299 
0.0251 0.0779 0.6784 0.2186 
0.4146 0.4020 0.0628 0.1206 
0.0000 0.9975 0.0025 0.0000 
0.0000 0.9937 0.0000 0.0063 
0.8329 0.0000 0.0050 0.1621 
0.0188 0.0000 0.0000 0.9812 
1.0000 0.0000 0.0000 0.0000 
0.0000 0.0013 0.0013 0.9975 
0.9899 0.0000 0.0000 0.0101 
0.1445 0.0025 0.0000 0.8530 
0.0000 0.0013 0.9987 0.0000 
0.0000 0.0000 1.0000 0.0000 
0.1030 0.0691 0.4020 0.4259 
0.2198 0.6822 0.0729 0.0251 
0.7487 0.0226 0.0565 0.1721 
0.2425 0.2802 0.2349 0.2425 
0.2148 0.2651 0.2613 0.2588 
0.2437 0.2337 0.2814 0.2412 

MOTIF filter27 
letter-probability matrix: alength= 4 w= 12 nsites= 12 
0.3401 0.2185 0.2455 0.1959 
0.2883 0.2658 0.2658 0.1802 
0.2680 0.2050 0.2230 0.3041 
0.5653 0.1036 0.2950 0.0360 
0.1982 0.4212 0.2973 0.0833 
0.0000 1.0000 0.0000 0.0000 
1.0000 0.0000 0.0000 0.0000 
0.0000 1.0000 0.0000 0.0000 
0.0113 0.0000 0.9887 0.0000 
0.0000 0.0000 0.0000 1.0000 
0.0000 0.0000 1.0000 0.0000 
0.0450 0.3694 0.3243 0.2613 

MOTIF filter28 
letter-probability matrix: alength= 4 w= 14 nsites= 14 
0.1136 0.5909 0.1676 0.1278 
0.2926 0.3580 0.2330 0.1165 
0.0398 0.0000 0.8580 0.1023 
0.0000 1.0000 0.0000 0.0000 
0.0000 1.0000 0.0000 0.0000 
1.0000 0.0000 0.0000 0.0000 
0.0000 0.0000 0.0000 1.0000 
0.0199 0.4631 0.1562 0.3608 
0.0000 0.0000 0.0000 1.0000 
0.0000 0.0000 0.0000 1.0000 
0.0739 0.0568 0.7273 0.1420 
0.3097 0.2386 0.2443 0.2074 
0.1989 0.3040 0.2557 0.2415 
0.2330 0.2812 0.2330 0.2528 

MOTIF filter29 
letter-probability matrix: alength= 4 w= 14 nsites= 14 
0.1152 0.2182 0.4121 0.2545 
0.0000 0.7475 0.0384 0.2141 
0.0000 0.8121 0.0000 0.1879 
0.0000 1.0000 0.0000 0.0000 
0.0000 1.0000 0.0000 0.0000 
0.1172 0.0000 0.5778 0.3051 
0.0000 1.0000 0.0000 0.0000 
0.0000 1.0000 0.0000 0.0000 
0.0000 0.7798 0.0000 0.2202 
0.0889 0.7737 0.0000 0.1374 
0.0444 0.6061 0.0626 0.2869 
0.2646 0.2444 0.2404 0.2505 
0.2889 0.2424 0.2444 0.2242 
0.2323 0.2889 0.2364 0.2424 

MOTIF filter30 
letter-probability matrix: alength= 4 w= 12 nsites= 12 
0.2347 0.2474 0.2537 0.2643 
0.5370 0.1564 0.2389 0.0677 
0.1670 0.4101 0.3446 0.0782 
0.0000 1.0000 0.0000 0.0000 
1.0000 0.0000 0.0000 0.0000 
0.0000 0.9937 0.0000 0.0063 
0.0000 0.0000 1.0000 0.0000 
0.0000 0.0042 0.0000 0.9958 
0.0000 0.0000 1.0000 0.0000 
0.1290 0.3235 0.3573 0.1903 
0.0655 0.2939 0.0782 0.5624 
0.2389 0.1797 0.3171 0.2643 

MOTIF filter31 
letter-probability matrix: alength= 4 w= 16 nsites= 16 
0.2650 0.2721 0.2049 0.2580 
0.1343 0.7314 0.0954 0.0389 
1.0000 0.0000 0.0000 0.0000 
0.9823 0.0035 0.0141 0.0000 
0.4205 0.0671 0.5124 0.0000 
1.0000 0.0000 0.0000 0.0000 
0.0000 0.0000 0.0000 1.0000 
0.0000 0.0000 1.0000 0.0000 
0.0000 0.0000 1.0000 0.0000 
0.0495 0.8940 0.0000 0.0565 
0.1060 0.2049 0.4488 0.2403 
0.0742 0.0601 0.7915 0.0742 
0.1272 0.7915 0.0212 0.0601 
0.2261 0.2261 0.2332 0.3145 
0.2297 0.2509 0.3110 0.2085 
0.2650 0.2509 0.2792 0.2049 

