MEME version 4

ALPHABET= ACGT

Background letter frequencies:
A 0.2500 C 0.2500 G 0.2500 T 0.2500 

MOTIF filter0 
letter-probability matrix: alength= 4 w= 12 nsites= 12 
0.2491 0.2678 0.2444 0.2386 
0.2901 0.2246 0.2211 0.2643 
0.2854 0.2491 0.2175 0.2480 
1.0000 0.0000 0.0000 0.0000 
0.0000 0.0000 0.0000 1.0000 
0.0000 0.4058 0.0000 0.5942 
1.0000 0.0000 0.0000 0.0000 
1.0000 0.0000 0.0000 0.0000 
0.9345 0.0000 0.0000 0.0655 
0.2503 0.2211 0.2246 0.3041 
0.2456 0.2480 0.2398 0.2667 
0.2269 0.2690 0.2386 0.2655 

MOTIF filter1 
letter-probability matrix: alength= 4 w= 16 nsites= 16 
0.2585 0.2756 0.2341 0.2317 
0.2415 0.2768 0.2451 0.2366 
0.1012 0.0354 0.3549 0.5085 
0.0256 0.8878 0.0000 0.0866 
0.0000 0.0000 0.0000 1.0000 
1.0000 0.0000 0.0000 0.0000 
0.2524 0.0000 0.0049 0.7427 
0.4476 0.0000 0.0000 0.5524 
0.5500 0.0000 0.0000 0.4500 
0.6854 0.0012 0.0000 0.3134 
0.0000 0.0000 0.0000 1.0000 
0.9988 0.0000 0.0012 0.0000 
0.0756 0.0000 0.8951 0.0293 
0.4512 0.3720 0.0402 0.1366 
0.2780 0.2183 0.2683 0.2354 
0.2488 0.2805 0.2280 0.2427 

MOTIF filter2 
letter-probability matrix: alength= 4 w= 12 nsites= 12 
0.2383 0.2658 0.2569 0.2390 
0.4432 0.1930 0.2361 0.1277 
0.2279 0.3296 0.3073 0.1351 
0.0141 0.9859 0.0000 0.0000 
0.9755 0.0000 0.0238 0.0007 
0.0000 0.9280 0.0000 0.0720 
0.0772 0.0000 0.9228 0.0000 
0.0082 0.0490 0.0000 0.9428 
0.0000 0.0000 0.9993 0.0007 
0.1514 0.2962 0.3140 0.2383 
0.1500 0.2546 0.1589 0.4365 
0.2405 0.2628 0.2509 0.2457 

MOTIF filter3 
letter-probability matrix: alength= 4 w= 14 nsites= 14 
0.1597 0.1186 0.3051 0.4166 
0.0553 0.7960 0.0111 0.1375 
0.0032 0.0253 0.0055 0.9660 
0.9802 0.0047 0.0040 0.0111 
0.2893 0.0063 0.0142 0.6901 
0.4340 0.0095 0.0063 0.5502 
0.5320 0.0032 0.0095 0.4553 
0.6688 0.0095 0.0008 0.3209 
0.0111 0.0126 0.0063 0.9700 
0.9628 0.0079 0.0166 0.0126 
0.1447 0.0071 0.7960 0.0522 
0.4277 0.3621 0.0617 0.1486 
0.2688 0.2379 0.2617 0.2316 
0.2569 0.2711 0.2364 0.2356 

MOTIF filter4 
letter-probability matrix: alength= 4 w= 12 nsites= 12 
0.2361 0.2881 0.2107 0.2651 
0.2567 0.2470 0.2736 0.2228 
0.2688 0.2627 0.2421 0.2264 
0.0557 0.0000 0.0000 0.9443 
0.0000 0.0000 0.0000 1.0000 
0.0000 0.0000 0.0000 1.0000 
0.5884 0.0000 0.4116 0.0000 
1.0000 0.0000 0.0000 0.0000 
0.0000 0.0000 0.0000 1.0000 
0.2143 0.2639 0.2639 0.2579 
0.2579 0.2494 0.2446 0.2482 
0.2288 0.2288 0.2712 0.2712 

MOTIF filter5 
letter-probability matrix: alength= 4 w= 18 nsites= 18 
0.2966 0.5382 0.0336 0.1315 
0.2263 0.1835 0.0734 0.5168 
0.2722 0.1560 0.3303 0.2416 
0.6239 0.0459 0.1223 0.2080 
0.1621 0.3303 0.4832 0.0245 
0.0000 0.0000 0.0000 1.0000 
0.0092 0.9908 0.0000 0.0000 
1.0000 0.0000 0.0000 0.0000 
0.0000 0.0000 1.0000 0.0000 
0.0000 1.0000 0.0000 0.0000 
0.9939 0.0000 0.0000 0.0061 
0.4465 0.1529 0.1315 0.2691 
0.4220 0.0550 0.0122 0.5107 
0.3914 0.0765 0.0000 0.5321 
0.2997 0.1131 0.0183 0.5688 
0.2783 0.2324 0.2416 0.2477 
0.2813 0.2813 0.2080 0.2294 
0.2232 0.3028 0.2385 0.2355 

MOTIF filter6 
letter-probability matrix: alength= 4 w= 18 nsites= 18 
0.2208 0.2413 0.2670 0.2709 
0.2080 0.2824 0.2760 0.2336 
0.2940 0.2439 0.2246 0.2375 
0.1476 0.0693 0.0372 0.7458 
0.0308 0.0809 0.6791 0.2092 
0.4211 0.3928 0.0680 0.1181 
0.0000 0.9987 0.0000 0.0013 
0.0000 0.9974 0.0000 0.0026 
0.8395 0.0000 0.0051 0.1553 
0.0167 0.0000 0.0000 0.9833 
1.0000 0.0000 0.0000 0.0000 
0.0000 0.0000 0.0013 0.9987 
0.9949 0.0000 0.0000 0.0051 
0.1361 0.0026 0.0000 0.8614 
0.0013 0.0064 0.9923 0.0000 
0.0000 0.0000 1.0000 0.0000 
0.0937 0.0539 0.4018 0.4506 
0.2157 0.6778 0.0847 0.0218 

MOTIF filter7 
letter-probability matrix: alength= 4 w= 20 nsites= 20 
0.2729 0.2271 0.2125 0.2875 
0.4469 0.3974 0.0641 0.0916 
0.6868 0.2143 0.0000 0.0989 
0.0201 0.1355 0.0183 0.8260 
0.5806 0.1813 0.0934 0.1447 
0.2198 0.0623 0.6667 0.0513 
0.3590 0.3736 0.2436 0.0238 
0.2729 0.2161 0.4487 0.0623 
0.2637 0.1355 0.0952 0.5055 
0.6447 0.0183 0.1722 0.1648 
0.1465 0.5110 0.1941 0.1484 
0.0256 0.3516 0.5330 0.0897 
0.0256 0.4780 0.4927 0.0037 
0.1758 0.0879 0.0000 0.7363 
0.3242 0.1282 0.0952 0.4524 
0.0311 0.1868 0.5018 0.2802 
0.4725 0.2729 0.1117 0.1429 
0.4322 0.0678 0.2802 0.2198 
0.2143 0.2857 0.0549 0.4451 
0.6612 0.0018 0.0678 0.2692 

MOTIF filter8 
letter-probability matrix: alength= 4 w= 18 nsites= 18 
0.2454 0.2669 0.2393 0.2485 
0.2699 0.2301 0.2485 0.2515 
0.2454 0.2730 0.2454 0.2362 
0.5276 0.0123 0.1319 0.3282 
0.6534 0.0123 0.0368 0.2975 
0.4387 0.0000 0.0307 0.5307 
0.3037 0.1534 0.1442 0.3988 
0.0092 0.0000 0.0000 0.9908 
0.0000 0.0000 1.0000 0.0000 
0.0123 0.9877 0.0000 0.0000 
0.0000 0.0000 0.0000 1.0000 
0.0000 0.0000 0.9908 0.0092 
1.0000 0.0000 0.0000 0.0000 
0.0245 0.5000 0.3282 0.1472 
0.1994 0.1319 0.0429 0.6258 
0.1933 0.3773 0.1227 0.3067 
0.5123 0.0521 0.2025 0.2331 
0.1411 0.0583 0.5429 0.2577 

MOTIF filter9 
letter-probability matrix: alength= 4 w= 15 nsites= 15 
0.2606 0.2493 0.2197 0.2704 
0.2507 0.2732 0.2282 0.2479 
0.1155 0.2042 0.1437 0.5366 
0.0000 0.0000 0.0000 1.0000 
0.0000 0.0000 0.0042 0.9958 
0.0394 0.9606 0.0000 0.0000 
0.0113 0.7803 0.0000 0.2085 
0.2690 0.1901 0.2873 0.2535 
0.1366 0.0000 0.8634 0.0000 
0.0000 0.0000 0.9845 0.0155 
1.0000 0.0000 0.0000 0.0000 
1.0000 0.0000 0.0000 0.0000 
0.5732 0.0930 0.1817 0.1521 
0.2254 0.2789 0.2479 0.2479 
0.2746 0.2394 0.2563 0.2296 

MOTIF filter10 
letter-probability matrix: alength= 4 w= 15 nsites= 15 
0.2459 0.2754 0.2459 0.2328 
0.3180 0.2590 0.2492 0.1738 
0.2361 0.3475 0.2164 0.2000 
0.0000 0.1541 0.6131 0.2328 
0.0000 0.8033 0.0262 0.1705 
0.0000 0.8426 0.0000 0.1574 
0.0000 1.0000 0.0000 0.0000 
0.0000 1.0000 0.0000 0.0000 
0.1279 0.0000 0.5738 0.2984 
0.0000 1.0000 0.0000 0.0000 
0.0000 1.0000 0.0000 0.0000 
0.0000 0.7967 0.0000 0.2033 
0.0754 0.8689 0.0000 0.0557 
0.0426 0.6623 0.0393 0.2557 
0.2328 0.2393 0.2754 0.2525 

MOTIF filter11 
letter-probability matrix: alength= 4 w= 14 nsites= 14 
0.2466 0.2384 0.2164 0.2986 
0.2575 0.2164 0.2822 0.2438 
0.2301 0.2603 0.2575 0.2521 
0.0137 0.8575 0.1288 0.0000 
0.0247 0.9753 0.0000 0.0000 
0.0000 0.0000 1.0000 0.0000 
0.0000 0.0000 1.0000 0.0000 
1.0000 0.0000 0.0000 0.0000 
1.0000 0.0000 0.0000 0.0000 
0.0466 0.0082 0.9452 0.0000 
0.0301 0.2932 0.0110 0.6658 
0.1808 0.0904 0.6740 0.0548 
0.2548 0.2548 0.4603 0.0301 
0.2219 0.3562 0.2466 0.1753 

MOTIF filter12 
letter-probability matrix: alength= 4 w= 19 nsites= 19 
0.2657 0.2573 0.2134 0.2636 
0.2803 0.4435 0.1213 0.1548 
0.4331 0.0439 0.0649 0.4582 
0.5084 0.0628 0.1527 0.2762 
0.6234 0.0146 0.0230 0.3389 
0.1987 0.2113 0.3787 0.2113 
0.0000 0.0000 0.0000 1.0000 
0.0000 0.5314 0.4686 0.0000 
0.5753 0.4247 0.0000 0.0000 
0.0000 0.0000 0.4163 0.5837 
0.0000 0.5230 0.4770 0.0000 
1.0000 0.0000 0.0000 0.0000 
0.1967 0.3787 0.2259 0.1987 
0.3054 0.0126 0.0000 0.6820 
0.3159 0.1695 0.0377 0.4770 
0.4121 0.0481 0.0209 0.5188 
0.2197 0.1004 0.4623 0.2176 
0.2301 0.2950 0.2866 0.1883 
0.2782 0.2197 0.2134 0.2887 

MOTIF filter13 
letter-probability matrix: alength= 4 w= 14 nsites= 14 
0.2353 0.2297 0.2885 0.2465 
0.2465 0.0476 0.6415 0.0644 
0.1232 0.0000 0.8151 0.0616 
0.1541 0.0000 0.8459 0.0000 
0.0000 0.0000 1.0000 0.0000 
0.0000 0.0000 1.0000 0.0000 
0.2969 0.5658 0.0000 0.1373 
0.0000 0.0000 1.0000 0.0000 
0.0000 0.0000 1.0000 0.0000 
0.1597 0.0000 0.8403 0.0000 
0.1989 0.0252 0.7759 0.0000 
0.1709 0.5770 0.1793 0.0728 
0.2689 0.2017 0.2829 0.2465 
0.2409 0.2941 0.2129 0.2521 

MOTIF filter14 
letter-probability matrix: alength= 4 w= 14 nsites= 14 
0.2617 0.2305 0.2188 0.2891 
0.2461 0.2500 0.2168 0.2871 
0.1562 0.1680 0.0723 0.6035 
0.0000 0.0000 0.0000 1.0000 
0.0000 0.0000 0.0000 1.0000 
0.0000 1.0000 0.0000 0.0000 
0.0000 0.9590 0.0000 0.0410 
0.1758 0.3125 0.1230 0.3887 
0.2773 0.0000 0.7129 0.0098 
0.0000 0.0000 0.9746 0.0254 
1.0000 0.0000 0.0000 0.0000 
1.0000 0.0000 0.0000 0.0000 
0.5547 0.1348 0.2012 0.1094 
0.2559 0.2676 0.2656 0.2109 

MOTIF filter15 
letter-probability matrix: alength= 4 w= 16 nsites= 16 
0.2272 0.2472 0.2609 0.2647 
0.2072 0.2809 0.2797 0.2322 
0.2909 0.2409 0.2222 0.2459 
0.1586 0.0687 0.0400 0.7328 
0.0312 0.0824 0.6654 0.2210 
0.4245 0.3870 0.0712 0.1174 
0.0000 1.0000 0.0000 0.0000 
0.0000 0.9938 0.0000 0.0062 
0.8340 0.0000 0.0050 0.1610 
0.0050 0.0000 0.0000 0.9950 
1.0000 0.0000 0.0000 0.0000 
0.0000 0.0000 0.0012 0.9988 
1.0000 0.0000 0.0000 0.0000 
0.1498 0.0012 0.0000 0.8489 
0.0012 0.0037 0.9950 0.0000 
0.0000 0.0000 0.9988 0.0012 

MOTIF filter16 
letter-probability matrix: alength= 4 w= 14 nsites= 14 
0.1522 0.2021 0.3753 0.2703 
0.0236 0.4803 0.2415 0.2546 
0.0866 0.6168 0.1312 0.1654 
0.6798 0.0184 0.2730 0.0289 
0.0000 0.9475 0.0079 0.0446 
0.0000 0.0000 0.0000 1.0000 
0.0000 0.0000 0.0000 1.0000 
0.0000 1.0000 0.0000 0.0000 
0.0000 1.0000 0.0000 0.0000 
0.0000 0.0000 0.9843 0.0157 
0.0000 0.1391 0.8478 0.0131 
0.2625 0.1969 0.2520 0.2887 
0.2730 0.2283 0.2467 0.2520 
0.2703 0.2231 0.2362 0.2703 

MOTIF filter17 
letter-probability matrix: alength= 4 w= 17 nsites= 17 
0.2477 0.2198 0.2817 0.2508 
0.2167 0.2817 0.2755 0.2260 
0.2601 0.2477 0.2477 0.2446 
0.5139 0.1827 0.3003 0.0031 
0.4706 0.2198 0.1486 0.1610 
0.4149 0.1981 0.1858 0.2012 
0.0619 0.3529 0.1238 0.4613 
0.0650 0.2879 0.3684 0.2786 
0.3808 0.1424 0.4768 0.0000 
0.5666 0.0031 0.3901 0.0402 
0.0000 1.0000 0.0000 0.0000 
0.0000 1.0000 0.0000 0.0000 
1.0000 0.0000 0.0000 0.0000 
1.0000 0.0000 0.0000 0.0000 
0.0000 0.0000 0.0000 1.0000 
0.0155 0.8080 0.1765 0.0000 
0.8854 0.0000 0.1146 0.0000 

MOTIF filter18 
letter-probability matrix: alength= 4 w= 13 nsites= 13 
0.2507 0.2369 0.2460 0.2664 
0.2465 0.2171 0.3230 0.2134 
0.3486 0.2333 0.2974 0.1207 
0.0338 0.0263 0.0383 0.9016 
0.0275 0.0359 0.8141 0.1225 
0.8660 0.0322 0.0648 0.0371 
0.0984 0.4277 0.4310 0.0430 
0.0340 0.0434 0.0493 0.8732 
0.0998 0.8444 0.0230 0.0329 
0.8876 0.0380 0.0451 0.0293 
0.0991 0.3129 0.2695 0.3185 
0.2134 0.3237 0.2254 0.2376 
0.2648 0.2270 0.2519 0.2563 

MOTIF filter19 
letter-probability matrix: alength= 4 w= 15 nsites= 15 
0.1826 0.5719 0.1587 0.0868 
0.9940 0.0000 0.0060 0.0000 
0.9820 0.0000 0.0180 0.0000 
0.4222 0.0868 0.4790 0.0120 
1.0000 0.0000 0.0000 0.0000 
0.0000 0.0000 0.0000 1.0000 
0.0000 0.0000 1.0000 0.0000 
0.0000 0.0000 1.0000 0.0000 
0.0569 0.8683 0.0000 0.0749 
0.1407 0.1647 0.4371 0.2575 
0.0569 0.0599 0.8204 0.0629 
0.1138 0.7874 0.0269 0.0719 
0.2545 0.2156 0.2156 0.3144 
0.2246 0.2395 0.2904 0.2455 
0.2754 0.2305 0.2605 0.2335 

MOTIF filter20 
letter-probability matrix: alength= 4 w= 13 nsites= 13 
0.1267 0.2205 0.4062 0.2465 
0.0000 0.7014 0.0712 0.2274 
0.0069 0.7604 0.0000 0.2326 
0.0000 1.0000 0.0000 0.0000 
0.0000 1.0000 0.0000 0.0000 
0.1198 0.0000 0.5521 0.3281 
0.0000 1.0000 0.0000 0.0000 
0.0000 1.0000 0.0000 0.0000 
0.0000 0.7674 0.0000 0.2326 
0.0938 0.7361 0.0000 0.1701 
0.0503 0.5660 0.0851 0.2986 
0.2483 0.2674 0.2378 0.2465 
0.2760 0.2465 0.2274 0.2500 

MOTIF filter21 
letter-probability matrix: alength= 4 w= 20 nsites= 20 
0.2308 0.2632 0.2571 0.2490 
0.2146 0.0202 0.4190 0.3462 
0.4858 0.1154 0.0101 0.3887 
0.0607 0.4372 0.0506 0.4514 
0.2267 0.4899 0.2834 0.0000 
0.2935 0.0688 0.1154 0.5223 
0.1336 0.3968 0.3866 0.0830 
0.0000 0.0587 0.4555 0.4858 
0.0972 0.0688 0.8340 0.0000 
0.0000 0.1215 0.3259 0.5526 
0.1923 0.6923 0.0162 0.0992 
0.1761 0.3482 0.0870 0.3887 
0.2672 0.4615 0.0567 0.2146 
0.4393 0.0223 0.3725 0.1660 
0.4656 0.1579 0.2308 0.1457 
0.6680 0.0972 0.0364 0.1984 
0.2368 0.0688 0.1781 0.5162 
0.3421 0.0283 0.5547 0.0749 
0.3988 0.0020 0.4656 0.1336 
0.0223 0.5850 0.0040 0.3887 

MOTIF filter22 
letter-probability matrix: alength= 4 w= 18 nsites= 18 
0.2315 0.2483 0.2584 0.2617 
0.2282 0.3020 0.2685 0.2013 
0.2785 0.2617 0.2215 0.2383 
0.1376 0.7785 0.0570 0.0268 
0.9966 0.0000 0.0034 0.0000 
0.9866 0.0000 0.0134 0.0000 
0.4161 0.0638 0.5000 0.0201 
1.0000 0.0000 0.0000 0.0000 
0.0000 0.0000 0.0000 1.0000 
0.0000 0.0000 1.0000 0.0000 
0.0000 0.0000 1.0000 0.0000 
0.0503 0.8658 0.0000 0.0839 
0.1007 0.1980 0.4430 0.2584 
0.0839 0.0872 0.7685 0.0604 
0.1309 0.7752 0.0168 0.0772 
0.2752 0.2215 0.2215 0.2819 
0.2248 0.2584 0.3020 0.2148 
0.2617 0.2383 0.2852 0.2148 

MOTIF filter23 
letter-probability matrix: alength= 4 w= 11 nsites= 11 
0.2727 0.3074 0.2035 0.2165 
0.2771 0.2035 0.2446 0.2749 
0.0758 0.2749 0.2100 0.4394 
0.0000 0.0087 0.0000 0.9913 
0.0000 0.0000 0.0195 0.9805 
0.0779 0.9221 0.0000 0.0000 
0.0130 0.5368 0.0000 0.4502 
0.4264 0.0000 0.4740 0.0996 
0.0000 0.0000 1.0000 0.0000 
0.0022 0.0000 0.9935 0.0043 
1.0000 0.0000 0.0000 0.0000 

MOTIF filter24 
letter-probability matrix: alength= 4 w= 14 nsites= 14 
0.2158 0.3421 0.2053 0.2368 
0.3105 0.3053 0.2105 0.1737 
0.3842 0.2316 0.2368 0.1474 
0.0684 0.7789 0.0895 0.0632 
0.0000 0.5842 0.0000 0.4158 
0.0000 0.4737 0.5263 0.0000 
1.0000 0.0000 0.0000 0.0000 
0.1842 0.0000 0.0000 0.8158 
0.0000 0.0000 0.0000 1.0000 
0.0000 0.0474 0.9526 0.0000 
0.0526 0.0000 0.9474 0.0000 
0.0263 0.3211 0.2211 0.4316 
0.0263 0.4632 0.1579 0.3526 
0.1579 0.4105 0.3737 0.0579 

MOTIF filter25 
letter-probability matrix: alength= 4 w= 18 nsites= 18 
0.2675 0.2432 0.2188 0.2705 
0.2553 0.2857 0.2523 0.2067 
0.2340 0.2462 0.2553 0.2644 
0.1155 0.0122 0.7052 0.1672 
0.0699 0.7234 0.1094 0.0973 
0.2918 0.3374 0.2644 0.1064 
0.0486 0.0000 0.8511 0.1003 
0.0000 1.0000 0.0000 0.0000 
0.0000 1.0000 0.0000 0.0000 
1.0000 0.0000 0.0000 0.0000 
0.0000 0.0000 0.0000 1.0000 
0.0061 0.4620 0.1368 0.3951 
0.0000 0.0152 0.0000 0.9848 
0.0000 0.0091 0.0000 0.9909 
0.0821 0.0821 0.7143 0.1216 
0.2857 0.2188 0.2462 0.2492 
0.1945 0.2705 0.2675 0.2675 
0.2219 0.2888 0.2462 0.2432 

MOTIF filter26 
letter-probability matrix: alength= 4 w= 12 nsites= 12 
0.2331 0.2556 0.2628 0.2485 
0.3978 0.2106 0.2556 0.1360 
0.2280 0.3037 0.3180 0.1503 
0.0000 1.0000 0.0000 0.0000 
1.0000 0.0000 0.0000 0.0000 
0.0000 1.0000 0.0000 0.0000 
0.0000 0.0000 1.0000 0.0000 
0.0000 0.0000 0.0000 1.0000 
0.0000 0.0000 1.0000 0.0000 
0.1534 0.2965 0.3211 0.2290 
0.1626 0.2423 0.1718 0.4233 
0.2352 0.2505 0.2515 0.2628 

MOTIF filter27 
letter-probability matrix: alength= 4 w= 14 nsites= 14 
0.2542 0.2510 0.2514 0.2434 
0.2651 0.2559 0.2259 0.2531 
0.4056 0.1877 0.3439 0.0628 
0.0355 0.0292 0.0368 0.8986 
0.0273 0.0249 0.1663 0.7815 
0.3166 0.0229 0.4918 0.1687 
0.0923 0.6360 0.0730 0.1986 
0.2116 0.0699 0.6434 0.0751 
0.1832 0.5110 0.0097 0.2962 
0.7692 0.1721 0.0258 0.0329 
0.9008 0.0336 0.0405 0.0251 
0.0814 0.3209 0.1830 0.4147 
0.2404 0.2605 0.2601 0.2389 
0.2507 0.2369 0.2514 0.2611 

MOTIF filter28 
letter-probability matrix: alength= 4 w= 16 nsites= 16 
0.4608 0.2289 0.1355 0.1747 
0.0693 0.3614 0.1145 0.4548 
0.0633 0.3404 0.3675 0.2289 
0.4819 0.0813 0.4337 0.0030 
0.6114 0.0060 0.3373 0.0452 
0.0000 1.0000 0.0000 0.0000 
0.0000 1.0000 0.0000 0.0000 
1.0000 0.0000 0.0000 0.0000 
1.0000 0.0000 0.0000 0.0000 
0.0000 0.0000 0.0000 1.0000 
0.0181 0.7711 0.2108 0.0000 
0.8554 0.0000 0.1446 0.0000 
0.0512 0.0422 0.9066 0.0000 
0.2199 0.2801 0.2530 0.2470 
0.2801 0.1928 0.2982 0.2289 
0.2289 0.2681 0.2199 0.2831 

MOTIF filter29 
letter-probability matrix: alength= 4 w= 13 nsites= 13 
0.0581 0.6839 0.1194 0.1387 
0.0000 0.1129 0.0000 0.8871 
0.0000 0.2161 0.7774 0.0065 
1.0000 0.0000 0.0000 0.0000 
0.0000 0.0000 0.0000 1.0000 
0.0000 0.0000 0.0000 1.0000 
0.0000 0.0000 1.0000 0.0000 
0.0000 0.0000 1.0000 0.0000 
0.0710 0.3839 0.0000 0.5452 
0.0097 0.4258 0.1129 0.4516 
0.1774 0.4581 0.2935 0.0710 
0.5355 0.1419 0.2484 0.0742 
0.1258 0.1677 0.2323 0.4742 

MOTIF filter30 
letter-probability matrix: alength= 4 w= 20 nsites= 20 
0.2500 0.2500 0.2500 0.2500 
0.2500 0.2500 0.2500 0.2500 
0.2500 0.2500 0.2500 0.2500 
0.2500 0.2500 0.2500 0.2500 
0.2500 0.2500 0.2500 0.2500 
0.2500 0.2500 0.2500 0.2500 
0.2500 0.2500 0.2500 0.2500 
0.2500 0.2500 0.2500 0.2500 
0.2500 0.2500 0.2500 0.2500 
0.2500 0.2500 0.2500 0.2500 
0.2500 0.2500 0.2500 0.2500 
0.2500 0.2500 0.2500 0.2500 
0.2500 0.2500 0.2500 0.2500 
0.2500 0.2500 0.2500 0.2500 
0.2500 0.2500 0.2500 0.2500 
0.2500 0.2500 0.2500 0.2500 
0.2500 0.2500 0.2500 0.2500 
0.2500 0.2500 0.2500 0.2500 
0.2500 0.2500 0.2500 0.2500 
0.2500 0.2500 0.2500 0.2500 

MOTIF filter31 
letter-probability matrix: alength= 4 w= 15 nsites= 15 
0.2975 0.2816 0.2089 0.2120 
0.2690 0.2785 0.2089 0.2437 
0.1994 0.2468 0.2753 0.2785 
0.0000 0.9241 0.0443 0.0316 
0.0000 0.1930 0.0000 0.8070 
0.0063 0.2310 0.7247 0.0380 
1.0000 0.0000 0.0000 0.0000 
0.0000 0.0000 0.0000 1.0000 
0.0000 0.0000 0.0000 1.0000 
0.0000 0.0000 1.0000 0.0000 
0.0000 0.0000 1.0000 0.0000 
0.0222 0.4177 0.0000 0.5601 
0.0158 0.4399 0.1361 0.4082 
0.1994 0.4177 0.3228 0.0601 
0.4715 0.1487 0.3323 0.0475 

