MEME version 4

ALPHABET= ACGT

Background letter frequencies:
A 0.2500 C 0.2500 G 0.2500 T 0.2500 

MOTIF filter0 
letter-probability matrix: alength= 4 w= 13 nsites= 13 
0.2766 0.1125 0.5046 0.1064 
0.1155 0.0000 0.8359 0.0486 
0.1672 0.0000 0.8328 0.0000 
0.0000 0.0000 1.0000 0.0000 
0.0000 0.0000 1.0000 0.0000 
0.3009 0.5897 0.0000 0.1094 
0.0000 0.0000 1.0000 0.0000 
0.0000 0.0000 1.0000 0.0000 
0.1216 0.0000 0.8784 0.0000 
0.1611 0.0304 0.8085 0.0000 
0.2097 0.5957 0.1307 0.0638 
0.2584 0.1945 0.3070 0.2401 
0.2462 0.2827 0.1854 0.2857 

MOTIF filter1 
letter-probability matrix: alength= 4 w= 17 nsites= 17 
0.2361 0.2812 0.2465 0.2361 
0.2483 0.2743 0.2500 0.2274 
0.2465 0.2917 0.2049 0.2569 
0.0799 0.0260 0.3837 0.5104 
0.0000 0.9219 0.0000 0.0781 
0.0000 0.0000 0.0000 1.0000 
1.0000 0.0000 0.0000 0.0000 
0.1198 0.0000 0.0000 0.8802 
0.3073 0.0000 0.0000 0.6927 
0.4392 0.0000 0.0000 0.5608 
0.6337 0.0000 0.0000 0.3663 
0.0000 0.0000 0.0000 1.0000 
1.0000 0.0000 0.0000 0.0000 
0.0260 0.0000 0.9549 0.0191 
0.4931 0.3819 0.0295 0.0955 
0.2865 0.2135 0.2674 0.2326 
0.2743 0.2431 0.2326 0.2500 

MOTIF filter2 
letter-probability matrix: alength= 4 w= 16 nsites= 16 
0.2512 0.2626 0.2483 0.2379 
0.2360 0.2740 0.2483 0.2417 
0.1180 0.0828 0.3330 0.4662 
0.0466 0.8259 0.0029 0.1246 
0.0010 0.0095 0.0010 0.9886 
0.9962 0.0019 0.0000 0.0019 
0.2854 0.0010 0.0105 0.7031 
0.4472 0.0048 0.0029 0.5452 
0.5614 0.0000 0.0019 0.4367 
0.6794 0.0057 0.0000 0.3149 
0.0029 0.0010 0.0000 0.9962 
0.9810 0.0010 0.0181 0.0000 
0.1246 0.0029 0.8211 0.0514 
0.4329 0.3492 0.0552 0.1627 
0.2797 0.2331 0.2559 0.2312 
0.2426 0.2902 0.2341 0.2331 

MOTIF filter3 
letter-probability matrix: alength= 4 w= 16 nsites= 16 
0.2368 0.2763 0.2336 0.2533 
0.5329 0.0099 0.1250 0.3322 
0.6645 0.0099 0.0395 0.2862 
0.4474 0.0000 0.0230 0.5296 
0.2862 0.1480 0.1447 0.4211 
0.0099 0.0000 0.0000 0.9901 
0.0000 0.0000 1.0000 0.0000 
0.0197 0.9803 0.0000 0.0000 
0.0000 0.0000 0.0000 1.0000 
0.0000 0.0000 0.9934 0.0066 
1.0000 0.0000 0.0000 0.0000 
0.0263 0.5132 0.3092 0.1513 
0.1941 0.1118 0.0395 0.6546 
0.1875 0.3783 0.1217 0.3125 
0.5526 0.0493 0.1711 0.2270 
0.1579 0.0329 0.5559 0.2533 

MOTIF filter4 
letter-probability matrix: alength= 4 w= 18 nsites= 18 
0.0327 0.0945 0.6537 0.2191 
0.4131 0.4131 0.0579 0.1159 
0.0000 1.0000 0.0000 0.0000 
0.0000 0.9975 0.0000 0.0025 
0.8413 0.0000 0.0050 0.1537 
0.0126 0.0000 0.0000 0.9874 
0.9987 0.0000 0.0013 0.0000 
0.0000 0.0000 0.0013 0.9987 
0.9899 0.0000 0.0000 0.0101 
0.1448 0.0000 0.0000 0.8552 
0.0000 0.0013 0.9987 0.0000 
0.0000 0.0000 1.0000 0.0000 
0.0995 0.0655 0.4055 0.4295 
0.2280 0.6612 0.0856 0.0252 
0.7506 0.0202 0.0554 0.1738 
0.2393 0.2720 0.2393 0.2494 
0.2254 0.2582 0.2594 0.2569 
0.2494 0.2305 0.2771 0.2431 

MOTIF filter5 
letter-probability matrix: alength= 4 w= 11 nsites= 11 
0.5060 0.1988 0.1325 0.1627 
0.0331 0.3825 0.0873 0.4970 
0.0361 0.3343 0.3524 0.2771 
0.4428 0.0693 0.4880 0.0000 
0.5723 0.0000 0.3886 0.0392 
0.0000 1.0000 0.0000 0.0000 
0.0000 1.0000 0.0000 0.0000 
1.0000 0.0000 0.0000 0.0000 
0.9970 0.0000 0.0030 0.0000 
0.0000 0.0000 0.0000 1.0000 
0.0030 0.8193 0.1777 0.0000 

MOTIF filter6 
letter-probability matrix: alength= 4 w= 13 nsites= 13 
0.2469 0.2418 0.2569 0.2544 
0.2166 0.2947 0.2695 0.2191 
0.2645 0.2620 0.1990 0.2746 
0.1662 0.6650 0.1159 0.0529 
1.0000 0.0000 0.0000 0.0000 
0.9874 0.0000 0.0126 0.0000 
0.4232 0.0730 0.4887 0.0151 
1.0000 0.0000 0.0000 0.0000 
0.0000 0.0000 0.0000 1.0000 
0.0000 0.0000 1.0000 0.0000 
0.0000 0.0000 1.0000 0.0000 
0.0453 0.8741 0.0000 0.0806 
0.1310 0.2191 0.3829 0.2670 

MOTIF filter7 
letter-probability matrix: alength= 4 w= 16 nsites= 16 
0.3075 0.2241 0.3190 0.1494 
0.2586 0.3046 0.2299 0.2069 
0.0661 0.2098 0.5144 0.2098 
0.0000 0.8161 0.0374 0.1466 
0.0029 0.8420 0.0000 0.1552 
0.0000 1.0000 0.0000 0.0000 
0.0000 1.0000 0.0000 0.0000 
0.0891 0.0000 0.6552 0.2557 
0.0000 1.0000 0.0000 0.0000 
0.0000 1.0000 0.0000 0.0000 
0.0000 0.8247 0.0000 0.1753 
0.0345 0.9052 0.0000 0.0603 
0.0690 0.5891 0.0718 0.2701 
0.2701 0.2126 0.2701 0.2471 
0.2500 0.2644 0.2270 0.2586 
0.2385 0.3132 0.2241 0.2241 

MOTIF filter8 
letter-probability matrix: alength= 4 w= 18 nsites= 18 
0.2479 0.2217 0.2562 0.2742 
0.2906 0.2693 0.2151 0.2250 
0.2381 0.2627 0.2890 0.2102 
0.0969 0.0328 0.3284 0.5419 
0.0213 0.9557 0.0000 0.0230 
0.0000 0.0016 0.0000 0.9984 
1.0000 0.0000 0.0000 0.0000 
0.2972 0.0000 0.0033 0.6995 
0.5369 0.0000 0.0000 0.4631 
0.6371 0.0000 0.0000 0.3629 
0.7931 0.0000 0.0000 0.2069 
0.0000 0.0000 0.0000 1.0000 
1.0000 0.0000 0.0000 0.0000 
0.0411 0.0000 0.9589 0.0000 
0.5008 0.3842 0.0312 0.0837 
0.2709 0.2233 0.2759 0.2299 
0.2775 0.2299 0.2315 0.2611 
0.2644 0.2709 0.2348 0.2299 

MOTIF filter9 
letter-probability matrix: alength= 4 w= 15 nsites= 15 
0.2465 0.2396 0.2500 0.2639 
0.2153 0.2431 0.2500 0.2917 
0.2222 0.2535 0.2743 0.2500 
0.2361 0.0104 0.7361 0.0174 
0.1285 0.0000 0.8090 0.0625 
0.1632 0.0000 0.8368 0.0000 
0.0000 0.0000 1.0000 0.0000 
0.0000 0.0000 1.0000 0.0000 
0.2847 0.5729 0.0000 0.1424 
0.0000 0.0000 1.0000 0.0000 
0.0000 0.0000 1.0000 0.0000 
0.1562 0.0000 0.8368 0.0069 
0.1701 0.0174 0.8125 0.0000 
0.1493 0.6007 0.1944 0.0556 
0.2917 0.2014 0.3021 0.2049 

MOTIF filter10 
letter-probability matrix: alength= 4 w= 17 nsites= 17 
0.3958 0.3797 0.0926 0.1319 
0.0030 0.9789 0.0151 0.0030 
0.0020 0.9748 0.0091 0.0141 
0.8066 0.0040 0.0161 0.1732 
0.0332 0.0000 0.0020 0.9648 
0.9879 0.0070 0.0030 0.0020 
0.0000 0.0040 0.0040 0.9919 
0.9708 0.0050 0.0000 0.0242 
0.1722 0.0081 0.0030 0.8167 
0.0101 0.0161 0.9738 0.0000 
0.0060 0.0111 0.9758 0.0070 
0.1158 0.0816 0.3817 0.4209 
0.2256 0.6224 0.1098 0.0423 
0.6898 0.0443 0.0816 0.1843 
0.2457 0.2719 0.2356 0.2467 
0.2346 0.2618 0.2598 0.2437 
0.2477 0.2336 0.2649 0.2538 

MOTIF filter11 
letter-probability matrix: alength= 4 w= 18 nsites= 18 
0.2824 0.5449 0.0432 0.1296 
0.2292 0.1894 0.0764 0.5050 
0.2658 0.1728 0.3422 0.2193 
0.6279 0.0631 0.1196 0.1894 
0.1827 0.3156 0.4651 0.0365 
0.0000 0.0000 0.0000 1.0000 
0.0100 0.9900 0.0000 0.0000 
1.0000 0.0000 0.0000 0.0000 
0.0000 0.0000 0.9701 0.0299 
0.0000 1.0000 0.0000 0.0000 
0.9934 0.0000 0.0000 0.0066 
0.4452 0.1429 0.1528 0.2591 
0.4086 0.0698 0.0199 0.5017 
0.3887 0.0066 0.0000 0.6047 
0.3156 0.0698 0.0000 0.6146 
0.2558 0.2425 0.2691 0.2326 
0.2724 0.2890 0.1960 0.2425 
0.2193 0.3056 0.2558 0.2193 

MOTIF filter12 
letter-probability matrix: alength= 4 w= 11 nsites= 11 
0.3852 0.2099 0.2542 0.1507 
0.2256 0.3044 0.3084 0.1616 
0.0000 1.0000 0.0000 0.0000 
1.0000 0.0000 0.0000 0.0000 
0.0000 1.0000 0.0000 0.0000 
0.0000 0.0000 1.0000 0.0000 
0.0000 0.0000 0.0000 1.0000 
0.0000 0.0000 1.0000 0.0000 
0.1675 0.2906 0.3113 0.2305 
0.1764 0.2414 0.1704 0.4118 
0.2325 0.2562 0.2473 0.2640 

MOTIF filter13 
letter-probability matrix: alength= 4 w= 16 nsites= 16 
0.2804 0.2162 0.2196 0.2838 
0.2872 0.2399 0.2331 0.2399 
0.2196 0.3041 0.1723 0.3041 
0.2973 0.5642 0.0338 0.1047 
0.2568 0.1588 0.0676 0.5169 
0.2872 0.1486 0.3041 0.2601 
0.6689 0.0169 0.0980 0.2162 
0.1453 0.3041 0.5304 0.0203 
0.0000 0.0000 0.0000 1.0000 
0.0034 0.9966 0.0000 0.0000 
1.0000 0.0000 0.0000 0.0000 
0.0000 0.0000 0.9966 0.0034 
0.0000 1.0000 0.0000 0.0000 
1.0000 0.0000 0.0000 0.0000 
0.4426 0.1824 0.0946 0.2804 
0.4054 0.0203 0.0000 0.5743 

MOTIF filter14 
letter-probability matrix: alength= 4 w= 12 nsites= 12 
0.2422 0.2720 0.2248 0.2609 
0.2497 0.2584 0.2671 0.2248 
0.2596 0.2596 0.2335 0.2472 
0.0062 0.0000 0.0000 0.9938 
0.0000 0.0000 0.0000 1.0000 
0.0000 0.0000 0.0000 1.0000 
0.5503 0.0000 0.4497 0.0000 
1.0000 0.0000 0.0000 0.0000 
0.0000 0.0000 0.0000 1.0000 
0.2236 0.2671 0.2484 0.2609 
0.2534 0.2522 0.2534 0.2410 
0.2460 0.2410 0.2646 0.2484 

MOTIF filter15 
letter-probability matrix: alength= 4 w= 13 nsites= 13 
0.2471 0.2376 0.2619 0.2534 
0.2376 0.1679 0.3865 0.2080 
0.4097 0.2101 0.3728 0.0074 
0.0000 0.0000 0.0000 1.0000 
0.0000 0.0000 1.0000 0.0000 
1.0000 0.0000 0.0000 0.0000 
0.0000 0.4995 0.5005 0.0000 
0.0000 0.0000 0.0000 1.0000 
0.0000 1.0000 0.0000 0.0000 
1.0000 0.0000 0.0000 0.0000 
0.0000 0.3464 0.2386 0.4150 
0.2133 0.3601 0.1869 0.2397 
0.2577 0.2165 0.2777 0.2482 

MOTIF filter16 
letter-probability matrix: alength= 4 w= 12 nsites= 12 
0.2611 0.2524 0.2302 0.2563 
0.2805 0.2524 0.2099 0.2573 
0.2524 0.2234 0.2263 0.2979 
1.0000 0.0000 0.0000 0.0000 
0.0000 0.0000 0.0000 1.0000 
0.0000 0.1402 0.0000 0.8598 
1.0000 0.0000 0.0000 0.0000 
1.0000 0.0000 0.0000 0.0000 
0.5300 0.0000 0.0000 0.4700 
0.3046 0.2253 0.2389 0.2311 
0.2331 0.2350 0.2834 0.2485 
0.2456 0.2718 0.2195 0.2631 

MOTIF filter17 
letter-probability matrix: alength= 4 w= 14 nsites= 14 
0.1783 0.2133 0.3601 0.2483 
0.0524 0.4790 0.1993 0.2692 
0.1119 0.6399 0.0909 0.1573 
0.6748 0.0280 0.2832 0.0140 
0.0000 0.9371 0.0140 0.0490 
0.0000 0.0000 0.0000 1.0000 
0.0035 0.0000 0.0000 0.9965 
0.0000 1.0000 0.0000 0.0000 
0.0000 1.0000 0.0000 0.0000 
0.0000 0.0000 1.0000 0.0000 
0.0000 0.0699 0.9301 0.0000 
0.3951 0.1294 0.2203 0.2552 
0.3811 0.1573 0.2308 0.2308 
0.2133 0.2028 0.3252 0.2587 

MOTIF filter18 
letter-probability matrix: alength= 4 w= 15 nsites= 15 
0.4205 0.2264 0.1860 0.1671 
0.0943 0.3315 0.1240 0.4501 
0.0755 0.3046 0.3693 0.2507 
0.4313 0.1213 0.4447 0.0027 
0.5849 0.0108 0.3612 0.0431 
0.0000 1.0000 0.0000 0.0000 
0.0000 1.0000 0.0000 0.0000 
1.0000 0.0000 0.0000 0.0000 
1.0000 0.0000 0.0000 0.0000 
0.0000 0.0000 0.0000 1.0000 
0.0431 0.7385 0.2183 0.0000 
0.8625 0.0000 0.1375 0.0000 
0.0377 0.0404 0.9218 0.0000 
0.2102 0.2830 0.2426 0.2642 
0.2803 0.1995 0.2830 0.2372 

MOTIF filter19 
letter-probability matrix: alength= 4 w= 14 nsites= 14 
0.2550 0.2011 0.2691 0.2748 
0.2380 0.2663 0.2550 0.2408 
0.0028 0.8782 0.1190 0.0000 
0.0227 0.9773 0.0000 0.0000 
0.0000 0.0000 1.0000 0.0000 
0.0000 0.0000 1.0000 0.0000 
1.0000 0.0000 0.0000 0.0000 
1.0000 0.0000 0.0000 0.0000 
0.0425 0.0057 0.9518 0.0000 
0.0283 0.2946 0.0170 0.6601 
0.1700 0.0963 0.6827 0.0510 
0.2606 0.2521 0.4646 0.0227 
0.2125 0.3683 0.2465 0.1728 
0.2068 0.2975 0.2550 0.2408 

MOTIF filter20 
letter-probability matrix: alength= 4 w= 16 nsites= 16 
0.3035 0.2236 0.2460 0.2268 
0.2907 0.3067 0.2173 0.1853 
0.0607 0.1150 0.5942 0.2300 
0.0000 0.8530 0.0000 0.1470 
0.0000 0.8403 0.0000 0.1597 
0.0000 1.0000 0.0000 0.0000 
0.0000 1.0000 0.0000 0.0000 
0.1086 0.0000 0.5847 0.3067 
0.0000 1.0000 0.0000 0.0000 
0.0000 1.0000 0.0000 0.0000 
0.0000 0.7891 0.0000 0.2109 
0.0767 0.8211 0.0000 0.1022 
0.0160 0.6933 0.0224 0.2684 
0.2620 0.2300 0.2428 0.2652 
0.3291 0.1981 0.2236 0.2492 
0.2300 0.2843 0.2492 0.2364 

MOTIF filter21 
letter-probability matrix: alength= 4 w= 11 nsites= 11 
0.2369 0.2596 0.2624 0.2411 
0.5064 0.1489 0.2794 0.0652 
0.1915 0.3603 0.3433 0.1050 
0.0000 1.0000 0.0000 0.0000 
1.0000 0.0000 0.0000 0.0000 
0.0000 1.0000 0.0000 0.0000 
0.0000 0.0000 1.0000 0.0000 
0.0000 0.0000 0.0000 1.0000 
0.0000 0.0000 1.0000 0.0000 
0.0766 0.3050 0.3504 0.2681 
0.1220 0.2326 0.1418 0.5035 

MOTIF filter22 
letter-probability matrix: alength= 4 w= 13 nsites= 13 
0.2686 0.2365 0.2175 0.2774 
0.2642 0.2555 0.2292 0.2511 
0.1387 0.1971 0.1022 0.5620 
0.0000 0.0000 0.0000 1.0000 
0.0000 0.0000 0.0000 1.0000 
0.0146 0.9854 0.0000 0.0000 
0.0000 0.8642 0.0000 0.1358 
0.2423 0.2496 0.2000 0.3080 
0.2263 0.0000 0.7664 0.0073 
0.0000 0.0000 0.9708 0.0292 
0.9985 0.0015 0.0000 0.0000 
1.0000 0.0000 0.0000 0.0000 
0.5460 0.1197 0.1971 0.1372 

MOTIF filter23 
letter-probability matrix: alength= 4 w= 20 nsites= 20 
0.2574 0.2647 0.2426 0.2353 
0.1765 0.2647 0.2206 0.3382 
0.0147 0.4632 0.2721 0.2500 
0.0000 0.8676 0.0000 0.1324 
0.0147 0.8824 0.0074 0.0956 
0.0000 0.9706 0.0000 0.0294 
0.0441 0.7647 0.1250 0.0662 
0.0074 0.4044 0.5221 0.0662 
0.0147 0.9853 0.0000 0.0000 
0.0000 0.9412 0.0000 0.0588 
0.0000 0.9412 0.0000 0.0588 
0.0074 0.8971 0.0000 0.0956 
0.0074 0.6250 0.1176 0.2500 
0.3382 0.2868 0.2132 0.1618 
0.1397 0.3088 0.3235 0.2279 
0.0956 0.1912 0.3309 0.3824 
0.1324 0.2941 0.2353 0.3382 
0.3603 0.1103 0.1691 0.3603 
0.2279 0.5956 0.1544 0.0221 
0.3971 0.0662 0.3015 0.2353 

MOTIF filter24 
letter-probability matrix: alength= 4 w= 13 nsites= 13 
0.0576 0.6909 0.1000 0.1515 
0.0000 0.1242 0.0000 0.8758 
0.0000 0.2333 0.7636 0.0030 
1.0000 0.0000 0.0000 0.0000 
0.0000 0.0000 0.0000 1.0000 
0.0000 0.0000 0.0000 1.0000 
0.0000 0.0000 1.0000 0.0000 
0.0000 0.0000 1.0000 0.0000 
0.0515 0.4152 0.0000 0.5333 
0.0000 0.4273 0.1364 0.4364 
0.1636 0.4394 0.3364 0.0606 
0.5091 0.1333 0.2667 0.0909 
0.1424 0.1636 0.2515 0.4424 

MOTIF filter25 
letter-probability matrix: alength= 4 w= 17 nsites= 17 
0.3056 0.2188 0.2222 0.2535 
0.2153 0.3194 0.2292 0.2361 
0.2604 0.2292 0.2500 0.2604 
0.1319 0.0278 0.7118 0.1285 
0.0764 0.7292 0.0799 0.1146 
0.2882 0.3750 0.2396 0.0972 
0.0521 0.0000 0.8611 0.0868 
0.0000 1.0000 0.0000 0.0000 
0.0000 1.0000 0.0000 0.0000 
1.0000 0.0000 0.0000 0.0000 
0.0000 0.0000 0.0000 1.0000 
0.0035 0.4861 0.1667 0.3438 
0.0000 0.0035 0.0000 0.9965 
0.0000 0.0069 0.0000 0.9931 
0.0521 0.0903 0.7500 0.1076 
0.2743 0.2153 0.2431 0.2674 
0.2153 0.2708 0.2465 0.2674 

MOTIF filter26 
letter-probability matrix: alength= 4 w= 15 nsites= 15 
0.2793 0.3093 0.1952 0.2162 
0.2703 0.2883 0.2192 0.2222 
0.2492 0.2192 0.2703 0.2613 
0.0000 0.9309 0.0480 0.0210 
0.0000 0.1892 0.0120 0.7988 
0.0060 0.2342 0.7207 0.0390 
1.0000 0.0000 0.0000 0.0000 
0.0000 0.0000 0.0000 1.0000 
0.0000 0.0000 0.0000 1.0000 
0.0000 0.0000 1.0000 0.0000 
0.0000 0.0000 1.0000 0.0000 
0.0420 0.3934 0.0120 0.5526 
0.0120 0.4354 0.1261 0.4264 
0.1982 0.4324 0.3063 0.0631 
0.4655 0.1441 0.3393 0.0511 

MOTIF filter27 
letter-probability matrix: alength= 4 w= 18 nsites= 18 
0.2709 0.2510 0.2231 0.2550 
0.2869 0.2669 0.2390 0.2072 
0.2112 0.2948 0.2390 0.2550 
0.1116 0.0000 0.7251 0.1633 
0.0717 0.8127 0.0996 0.0159 
0.2948 0.3187 0.2709 0.1155 
0.0239 0.0000 0.9243 0.0518 
0.0000 1.0000 0.0000 0.0000 
0.0000 1.0000 0.0000 0.0000 
1.0000 0.0000 0.0000 0.0000 
0.0000 0.0000 0.0000 1.0000 
0.0040 0.4821 0.1155 0.3984 
0.0000 0.0239 0.0080 0.9681 
0.0000 0.0080 0.0000 0.9920 
0.0757 0.0717 0.7729 0.0797 
0.2590 0.2271 0.2709 0.2430 
0.2032 0.2829 0.2430 0.2709 
0.2430 0.2948 0.2510 0.2112 

MOTIF filter28 
letter-probability matrix: alength= 4 w= 10 nsites= 10 
0.2395 0.2453 0.2380 0.2772 
0.2202 0.1815 0.3839 0.2144 
0.4147 0.2045 0.3577 0.0230 
0.0005 0.0204 0.0267 0.9524 
0.0105 0.0037 0.9236 0.0622 
0.9325 0.0167 0.0450 0.0058 
0.0293 0.4555 0.4812 0.0340 
0.0235 0.0173 0.0162 0.9430 
0.0649 0.9001 0.0267 0.0084 
0.9592 0.0084 0.0115 0.0209 

MOTIF filter29 
letter-probability matrix: alength= 4 w= 14 nsites= 14 
0.2524 0.2433 0.2550 0.2492 
0.2618 0.2609 0.2261 0.2512 
0.4038 0.1957 0.3348 0.0658 
0.0347 0.0379 0.0539 0.8735 
0.0285 0.0156 0.1932 0.7627 
0.3143 0.0233 0.4812 0.1813 
0.0956 0.6183 0.0768 0.2093 
0.2171 0.0835 0.6192 0.0802 
0.1917 0.5012 0.0098 0.2973 
0.7489 0.1874 0.0278 0.0358 
0.8836 0.0378 0.0467 0.0320 
0.0803 0.3170 0.1961 0.4065 
0.2456 0.2619 0.2549 0.2376 
0.2460 0.2342 0.2528 0.2670 

MOTIF filter30 
letter-probability matrix: alength= 4 w= 13 nsites= 13 
0.2741 0.2411 0.2124 0.2724 
0.2716 0.2479 0.2377 0.2428 
0.1624 0.2191 0.1574 0.4611 
0.0034 0.0203 0.0042 0.9721 
0.0000 0.0017 0.0372 0.9611 
0.1168 0.8773 0.0059 0.0000 
0.0296 0.7242 0.0008 0.2453 
0.2665 0.2166 0.2657 0.2513 
0.2157 0.0000 0.7657 0.0186 
0.0127 0.0068 0.8790 0.1015 
0.9924 0.0076 0.0000 0.0000 
0.9941 0.0042 0.0017 0.0000 
0.4898 0.1320 0.2234 0.1548 

MOTIF filter31 
letter-probability matrix: alength= 4 w= 15 nsites= 15 
0.2007 0.2688 0.2724 0.2581 
0.1505 0.1792 0.3871 0.2832 
0.0036 0.5197 0.2151 0.2616 
0.0645 0.6631 0.1541 0.1183 
0.7706 0.0036 0.2151 0.0108 
0.0000 0.9892 0.0000 0.0108 
0.0000 0.0000 0.0000 1.0000 
0.0000 0.0000 0.0000 1.0000 
0.0000 1.0000 0.0000 0.0000 
0.0000 1.0000 0.0000 0.0000 
0.0000 0.0000 0.9749 0.0251 
0.0000 0.1613 0.8351 0.0036 
0.2079 0.2186 0.2760 0.2975 
0.1971 0.2509 0.2760 0.2760 
0.2903 0.2151 0.2043 0.2903 

