MEME version 4

ALPHABET= ACGT

Background letter frequencies:
A 0.2500 C 0.2500 G 0.2500 T 0.2500 

MOTIF filter0 
letter-probability matrix: alength= 4 w= 18 nsites= 18 
0.2399 0.2773 0.2212 0.2617 
0.2741 0.2274 0.2648 0.2336 
0.2430 0.2835 0.2212 0.2523 
0.5234 0.0093 0.1308 0.3364 
0.6511 0.0125 0.0374 0.2991 
0.4486 0.0000 0.0218 0.5296 
0.2928 0.1558 0.1589 0.3925 
0.0093 0.0000 0.0000 0.9907 
0.0000 0.0000 1.0000 0.0000 
0.0187 0.9813 0.0000 0.0000 
0.0000 0.0000 0.0000 1.0000 
0.0000 0.0000 0.9938 0.0062 
1.0000 0.0000 0.0000 0.0000 
0.0249 0.5202 0.3022 0.1526 
0.2025 0.1153 0.0374 0.6449 
0.1931 0.3832 0.1153 0.3084 
0.5358 0.0467 0.1776 0.2399 
0.1526 0.0436 0.5421 0.2617 

MOTIF filter1 
letter-probability matrix: alength= 4 w= 15 nsites= 15 
0.2114 0.2236 0.2724 0.2927 
0.2033 0.3049 0.2724 0.2195 
0.2927 0.2073 0.2154 0.2846 
0.1504 0.6911 0.1341 0.0244 
1.0000 0.0000 0.0000 0.0000 
0.9919 0.0000 0.0081 0.0000 
0.4797 0.0407 0.4797 0.0000 
1.0000 0.0000 0.0000 0.0000 
0.0000 0.0000 0.0000 1.0000 
0.0000 0.0000 1.0000 0.0000 
0.0000 0.0000 1.0000 0.0000 
0.0244 0.9553 0.0000 0.0203 
0.1057 0.1748 0.4512 0.2683 
0.0650 0.0691 0.8008 0.0650 
0.0772 0.8577 0.0081 0.0569 

MOTIF filter2 
letter-probability matrix: alength= 4 w= 12 nsites= 12 
0.2563 0.2632 0.2554 0.2251 
0.2300 0.2593 0.2661 0.2446 
0.1277 0.0663 0.3431 0.4630 
0.0429 0.8168 0.0039 0.1365 
0.0000 0.0058 0.0000 0.9942 
1.0000 0.0000 0.0000 0.0000 
0.2690 0.0000 0.0068 0.7242 
0.4405 0.0000 0.0010 0.5585 
0.5448 0.0000 0.0010 0.4542 
0.6774 0.0058 0.0000 0.3168 
0.0107 0.0019 0.0019 0.9854 
0.9912 0.0000 0.0088 0.0000 

MOTIF filter3 
letter-probability matrix: alength= 4 w= 11 nsites= 11 
0.2288 0.2351 0.2539 0.2821 
0.1317 0.2257 0.4075 0.2351 
0.0533 0.4671 0.2571 0.2226 
0.0408 0.6803 0.1442 0.1348 
0.6803 0.0125 0.3041 0.0031 
0.0000 0.9718 0.0000 0.0282 
0.0000 0.0000 0.0000 1.0000 
0.0000 0.0000 0.0000 1.0000 
0.0000 1.0000 0.0000 0.0000 
0.0000 1.0000 0.0000 0.0000 
0.0000 0.0000 1.0000 0.0000 

MOTIF filter4 
letter-probability matrix: alength= 4 w= 20 nsites= 20 
0.2160 0.2797 0.2721 0.2322 
0.2883 0.2419 0.2300 0.2397 
0.1663 0.0767 0.0475 0.7095 
0.0313 0.0950 0.6544 0.2192 
0.4082 0.3877 0.0756 0.1285 
0.0022 0.9903 0.0043 0.0032 
0.0000 0.9870 0.0032 0.0097 
0.8207 0.0022 0.0108 0.1663 
0.0238 0.0000 0.0032 0.9730 
0.9924 0.0043 0.0032 0.0000 
0.0000 0.0022 0.0011 0.9968 
0.9752 0.0032 0.0000 0.0216 
0.1620 0.0054 0.0022 0.8305 
0.0054 0.0140 0.9806 0.0000 
0.0011 0.0032 0.9924 0.0032 
0.1134 0.0756 0.3844 0.4266 
0.2235 0.6436 0.0961 0.0367 
0.7041 0.0378 0.0756 0.1825 
0.2419 0.2721 0.2387 0.2473 
0.2322 0.2603 0.2603 0.2473 

MOTIF filter5 
letter-probability matrix: alength= 4 w= 14 nsites= 14 
0.4418 0.2222 0.1561 0.1799 
0.0741 0.3677 0.1085 0.4497 
0.0688 0.3280 0.3651 0.2381 
0.4339 0.1164 0.4497 0.0000 
0.5873 0.0053 0.3624 0.0450 
0.0000 1.0000 0.0000 0.0000 
0.0000 1.0000 0.0000 0.0000 
1.0000 0.0000 0.0000 0.0000 
1.0000 0.0000 0.0000 0.0000 
0.0000 0.0000 0.0000 1.0000 
0.0238 0.7751 0.2011 0.0000 
0.8280 0.0026 0.1693 0.0000 
0.0582 0.0688 0.8651 0.0079 
0.2037 0.2910 0.2328 0.2725 

MOTIF filter6 
letter-probability matrix: alength= 4 w= 13 nsites= 13 
0.2405 0.2363 0.2669 0.2563 
0.2342 0.1688 0.3924 0.2046 
0.4135 0.2120 0.3703 0.0042 
0.0000 0.0000 0.0000 1.0000 
0.0000 0.0000 1.0000 0.0000 
1.0000 0.0000 0.0000 0.0000 
0.0000 0.5011 0.4989 0.0000 
0.0000 0.0000 0.0000 1.0000 
0.0000 1.0000 0.0000 0.0000 
1.0000 0.0000 0.0000 0.0000 
0.0011 0.3397 0.2395 0.4198 
0.2120 0.3586 0.1951 0.2342 
0.2447 0.2215 0.2785 0.2553 

MOTIF filter7 
letter-probability matrix: alength= 4 w= 16 nsites= 16 
0.2452 0.2662 0.2294 0.2592 
0.2627 0.2434 0.2277 0.2662 
0.2137 0.2277 0.1541 0.4046 
0.0245 0.0841 0.0858 0.8056 
0.0000 0.0000 0.0000 1.0000 
0.0000 0.3468 0.0088 0.6445 
0.0245 0.9755 0.0000 0.0000 
0.0420 0.6060 0.0000 0.3520 
0.3748 0.0123 0.4816 0.1313 
0.0000 0.0000 1.0000 0.0000 
0.3555 0.0070 0.6252 0.0123 
1.0000 0.0000 0.0000 0.0000 
0.9895 0.0035 0.0070 0.0000 
0.4956 0.1156 0.1979 0.1909 
0.2452 0.2977 0.1996 0.2574 
0.2224 0.2680 0.2995 0.2102 

MOTIF filter8 
letter-probability matrix: alength= 4 w= 15 nsites= 15 
0.2802 0.3111 0.2057 0.2031 
0.2596 0.2725 0.2262 0.2416 
0.2365 0.2416 0.2571 0.2648 
0.0051 0.8226 0.0848 0.0874 
0.0000 0.1902 0.0000 0.8098 
0.0000 0.2545 0.7198 0.0257 
1.0000 0.0000 0.0000 0.0000 
0.0000 0.0000 0.0000 1.0000 
0.0000 0.0000 0.0000 1.0000 
0.0000 0.0000 1.0000 0.0000 
0.0000 0.0000 1.0000 0.0000 
0.0437 0.3959 0.0103 0.5501 
0.0129 0.4370 0.1440 0.4062 
0.1877 0.4293 0.3085 0.0746 
0.4627 0.1388 0.3239 0.0746 

MOTIF filter9 
letter-probability matrix: alength= 4 w= 13 nsites= 13 
0.2742 0.1505 0.1739 0.4013 
0.0000 0.0401 0.1137 0.8462 
0.3278 0.6488 0.0234 0.0000 
0.1371 0.0134 0.0870 0.7625 
0.4783 0.0201 0.4916 0.0100 
0.0201 0.0167 0.8462 0.1171 
0.0033 0.0702 0.8963 0.0301 
0.8060 0.0468 0.0669 0.0803 
0.9498 0.0000 0.0033 0.0468 
0.6957 0.0301 0.1906 0.0836 
0.2107 0.1405 0.2609 0.3880 
0.3177 0.2040 0.1572 0.3211 
0.1706 0.3445 0.1472 0.3378 

MOTIF filter10 
letter-probability matrix: alength= 4 w= 16 nsites= 16 
0.2451 0.2549 0.2315 0.2685 
0.2352 0.2697 0.2574 0.2377 
0.2340 0.2537 0.2599 0.2525 
0.5197 0.1170 0.3534 0.0099 
0.0000 0.0000 0.0000 1.0000 
0.0000 0.0000 0.0308 0.9692 
0.2894 0.0000 0.6441 0.0665 
0.0049 0.9261 0.0000 0.0690 
0.0813 0.0000 0.9187 0.0000 
0.0776 0.6773 0.0000 0.2451 
0.9741 0.0259 0.0000 0.0000 
1.0000 0.0000 0.0000 0.0000 
0.0062 0.3448 0.1355 0.5135 
0.2759 0.2463 0.2734 0.2044 
0.2463 0.2131 0.2611 0.2796 
0.2574 0.2254 0.2648 0.2525 

MOTIF filter11 
letter-probability matrix: alength= 4 w= 18 nsites= 18 
0.2348 0.2580 0.2493 0.2580 
0.2319 0.2986 0.2696 0.2000 
0.2551 0.2870 0.2058 0.2522 
0.1391 0.7188 0.0725 0.0696 
0.9942 0.0000 0.0058 0.0000 
0.9884 0.0000 0.0116 0.0000 
0.3942 0.0899 0.4870 0.0290 
1.0000 0.0000 0.0000 0.0000 
0.0000 0.0000 0.0000 1.0000 
0.0000 0.0000 1.0000 0.0000 
0.0000 0.0000 1.0000 0.0000 
0.0609 0.8406 0.0000 0.0986 
0.1072 0.2232 0.4203 0.2493 
0.0754 0.0899 0.7652 0.0696 
0.1536 0.7391 0.0174 0.0899 
0.2667 0.2174 0.2232 0.2928 
0.2232 0.2493 0.3043 0.2232 
0.2435 0.2406 0.2928 0.2232 

MOTIF filter12 
letter-probability matrix: alength= 4 w= 13 nsites= 13 
0.2581 0.3306 0.2581 0.1532 
0.0040 0.0000 0.9516 0.0444 
0.0000 1.0000 0.0000 0.0000 
0.0000 1.0000 0.0000 0.0000 
1.0000 0.0000 0.0000 0.0000 
0.0000 0.0000 0.0000 1.0000 
0.0121 0.4637 0.1653 0.3589 
0.0000 0.0000 0.0000 1.0000 
0.0000 0.0000 0.0000 1.0000 
0.0161 0.0282 0.8548 0.1008 
0.2944 0.2097 0.2379 0.2581 
0.2218 0.3185 0.2460 0.2137 
0.2016 0.2823 0.2661 0.2500 

MOTIF filter13 
letter-probability matrix: alength= 4 w= 17 nsites= 17 
0.2582 0.2704 0.2444 0.2270 
0.2340 0.2860 0.2357 0.2444 
0.0641 0.0260 0.3570 0.5529 
0.0000 0.9463 0.0000 0.0537 
0.0000 0.0000 0.0000 1.0000 
1.0000 0.0000 0.0000 0.0000 
0.1525 0.0000 0.0017 0.8458 
0.3432 0.0000 0.0000 0.6568 
0.4523 0.0000 0.0000 0.5477 
0.6360 0.0000 0.0000 0.3640 
0.0000 0.0000 0.0000 1.0000 
1.0000 0.0000 0.0000 0.0000 
0.0139 0.0000 0.9792 0.0069 
0.4783 0.4073 0.0312 0.0832 
0.3085 0.2288 0.2530 0.2097 
0.2669 0.2270 0.2392 0.2669 
0.2409 0.2530 0.2704 0.2357 

MOTIF filter14 
letter-probability matrix: alength= 4 w= 15 nsites= 15 
0.2514 0.2320 0.2182 0.2983 
0.2459 0.2210 0.2790 0.2541 
0.2210 0.2790 0.2514 0.2486 
0.0000 0.8785 0.1215 0.0000 
0.0304 0.9696 0.0000 0.0000 
0.0000 0.0000 1.0000 0.0000 
0.0000 0.0000 1.0000 0.0000 
1.0000 0.0000 0.0000 0.0000 
1.0000 0.0000 0.0000 0.0000 
0.0525 0.0055 0.9420 0.0000 
0.0304 0.2956 0.0110 0.6630 
0.1851 0.0939 0.6685 0.0525 
0.2624 0.2541 0.4586 0.0249 
0.2155 0.3564 0.2541 0.1740 
0.2099 0.2956 0.2624 0.2320 

MOTIF filter15 
letter-probability matrix: alength= 4 w= 12 nsites= 12 
0.1223 0.0489 0.6667 0.1621 
0.0000 1.0000 0.0000 0.0000 
0.0000 1.0000 0.0000 0.0000 
1.0000 0.0000 0.0000 0.0000 
0.0000 0.0000 0.0000 1.0000 
0.0061 0.4862 0.1284 0.3792 
0.0000 0.0428 0.0061 0.9511 
0.0000 0.0031 0.0000 0.9969 
0.0581 0.0917 0.7829 0.0673 
0.3058 0.2630 0.2508 0.1804 
0.1621 0.2416 0.2722 0.3242 
0.2630 0.3058 0.2080 0.2232 

MOTIF filter16 
letter-probability matrix: alength= 4 w= 13 nsites= 13 
0.1554 0.2119 0.3277 0.3051 
0.0254 0.4689 0.2175 0.2881 
0.0876 0.6271 0.1328 0.1525 
0.6893 0.0198 0.2542 0.0367 
0.0000 0.9435 0.0085 0.0480 
0.0000 0.0000 0.0000 1.0000 
0.0000 0.0000 0.0000 1.0000 
0.0000 1.0000 0.0000 0.0000 
0.0000 1.0000 0.0000 0.0000 
0.0000 0.0000 0.9915 0.0085 
0.0000 0.0960 0.9040 0.0000 
0.2514 0.2006 0.2571 0.2910 
0.2655 0.2147 0.2655 0.2542 

MOTIF filter17 
letter-probability matrix: alength= 4 w= 12 nsites= 12 
0.2781 0.2362 0.2161 0.2697 
0.2655 0.2404 0.2521 0.2420 
0.1767 0.2270 0.1533 0.4430 
0.0000 0.0142 0.0000 0.9858 
0.0000 0.0000 0.0209 0.9791 
0.1323 0.8652 0.0025 0.0000 
0.0243 0.7328 0.0000 0.2429 
0.2487 0.2328 0.2487 0.2697 
0.2596 0.0000 0.7119 0.0285 
0.0000 0.0008 0.8819 0.1173 
0.9573 0.0427 0.0000 0.0000 
0.9975 0.0000 0.0025 0.0000 

MOTIF filter18 
letter-probability matrix: alength= 4 w= 14 nsites= 14 
0.2776 0.2122 0.2245 0.2857 
0.2735 0.2857 0.2408 0.2000 
0.2204 0.2857 0.2449 0.2490 
0.0653 0.0041 0.8041 0.1265 
0.0531 0.8204 0.1061 0.0204 
0.2898 0.3878 0.2449 0.0776 
0.0571 0.0000 0.8735 0.0694 
0.0000 1.0000 0.0000 0.0000 
0.0000 1.0000 0.0000 0.0000 
1.0000 0.0000 0.0000 0.0000 
0.0000 0.0000 0.0000 1.0000 
0.0122 0.4898 0.1143 0.3837 
0.0000 0.0204 0.0000 0.9796 
0.0000 0.0163 0.0000 0.9837 

MOTIF filter19 
letter-probability matrix: alength= 4 w= 12 nsites= 12 
0.2328 0.2309 0.2756 0.2607 
0.3184 0.3706 0.1899 0.1210 
0.8883 0.0223 0.0000 0.0894 
0.0689 0.0242 0.0410 0.8659 
0.0093 0.0652 0.0000 0.9255 
0.6127 0.0019 0.0857 0.2998 
0.9013 0.0186 0.0540 0.0261 
0.6369 0.0000 0.0521 0.3110 
0.0335 0.1657 0.1825 0.6182 
0.3147 0.1993 0.1899 0.2961 
0.5754 0.0838 0.1732 0.1676 
0.0689 0.1136 0.3166 0.5009 

MOTIF filter20 
letter-probability matrix: alength= 4 w= 12 nsites= 12 
0.2325 0.2579 0.2649 0.2448 
0.4161 0.2002 0.2465 0.1372 
0.2290 0.3156 0.3068 0.1486 
0.0000 1.0000 0.0000 0.0000 
1.0000 0.0000 0.0000 0.0000 
0.0000 0.9580 0.0000 0.0420 
0.0629 0.0000 0.9371 0.0000 
0.0000 0.0035 0.0000 0.9965 
0.0000 0.0000 1.0000 0.0000 
0.1573 0.2972 0.3094 0.2360 
0.1670 0.2386 0.1617 0.4327 
0.2343 0.2579 0.2535 0.2544 

MOTIF filter21 
letter-probability matrix: alength= 4 w= 12 nsites= 12 
0.2477 0.2386 0.2608 0.2529 
0.2203 0.1669 0.3924 0.2203 
0.3898 0.2386 0.3703 0.0013 
0.0000 0.0000 0.0000 1.0000 
0.0000 0.0000 0.9961 0.0039 
1.0000 0.0000 0.0000 0.0000 
0.0052 0.4694 0.4993 0.0261 
0.0000 0.0000 0.0000 1.0000 
0.0052 0.9948 0.0000 0.0000 
1.0000 0.0000 0.0000 0.0000 
0.0339 0.3207 0.2555 0.3898 
0.2190 0.3768 0.1747 0.2295 

MOTIF filter22 
letter-probability matrix: alength= 4 w= 17 nsites= 17 
0.2518 0.2786 0.2125 0.2571 
0.2500 0.2946 0.2250 0.2304 
0.1071 0.0554 0.3411 0.4964 
0.0304 0.9429 0.0000 0.0268 
0.0000 0.0000 0.0000 1.0000 
1.0000 0.0000 0.0000 0.0000 
0.3732 0.0000 0.0000 0.6268 
0.6214 0.0000 0.0000 0.3786 
0.7571 0.0000 0.0000 0.2429 
0.9071 0.0000 0.0000 0.0929 
0.0000 0.0000 0.0000 1.0000 
1.0000 0.0000 0.0000 0.0000 
0.0750 0.0000 0.9250 0.0000 
0.5304 0.3571 0.0214 0.0911 
0.2607 0.2321 0.2536 0.2536 
0.2554 0.2589 0.2429 0.2429 
0.2696 0.2589 0.2429 0.2286 

MOTIF filter23 
letter-probability matrix: alength= 4 w= 11 nsites= 11 
0.1366 0.2795 0.2236 0.3602 
0.1429 0.3789 0.1925 0.2857 
0.1429 0.1615 0.4720 0.2236 
0.0000 0.5528 0.2236 0.2236 
0.0373 0.7391 0.1429 0.0807 
0.8571 0.0062 0.1366 0.0000 
0.0000 0.9938 0.0000 0.0062 
0.0000 0.0000 0.0062 0.9938 
0.0000 0.0000 0.0000 1.0000 
0.0000 1.0000 0.0000 0.0000 
0.0000 1.0000 0.0000 0.0000 

MOTIF filter24 
letter-probability matrix: alength= 4 w= 13 nsites= 13 
0.2132 0.2403 0.2984 0.2481 
0.2442 0.2364 0.2326 0.2868 
0.2132 0.2829 0.2907 0.2132 
0.2171 0.0233 0.7287 0.0310 
0.1318 0.0000 0.8488 0.0194 
0.1240 0.0000 0.8760 0.0000 
0.0000 0.0000 1.0000 0.0000 
0.0000 0.0000 1.0000 0.0000 
0.3450 0.5543 0.0000 0.1008 
0.0000 0.0000 1.0000 0.0000 
0.0000 0.0000 1.0000 0.0000 
0.0969 0.0000 0.8992 0.0039 
0.1860 0.0039 0.8101 0.0000 

MOTIF filter25 
letter-probability matrix: alength= 4 w= 16 nsites= 16 
0.2918 0.2394 0.2668 0.2020 
0.2743 0.2993 0.2269 0.1995 
0.0698 0.1995 0.4963 0.2344 
0.0000 0.8130 0.0249 0.1621 
0.0000 0.8279 0.0000 0.1721 
0.0000 1.0000 0.0000 0.0000 
0.0000 1.0000 0.0000 0.0000 
0.0973 0.0000 0.6060 0.2968 
0.0000 1.0000 0.0000 0.0000 
0.0000 1.0000 0.0000 0.0000 
0.0000 0.7980 0.0000 0.2020 
0.0648 0.8279 0.0000 0.1072 
0.0449 0.6384 0.0524 0.2643 
0.2469 0.2544 0.2469 0.2519 
0.2818 0.2369 0.2369 0.2444 
0.2219 0.3017 0.2394 0.2369 

MOTIF filter26 
letter-probability matrix: alength= 4 w= 17 nsites= 17 
0.2823 0.5526 0.0390 0.1261 
0.2432 0.1892 0.0751 0.4925 
0.2823 0.1562 0.3123 0.2492 
0.6216 0.0480 0.1111 0.2192 
0.1712 0.3123 0.4865 0.0300 
0.0000 0.0000 0.0000 1.0000 
0.0090 0.9910 0.0000 0.0000 
1.0000 0.0000 0.0000 0.0000 
0.0000 0.0000 0.9760 0.0240 
0.0000 1.0000 0.0000 0.0000 
0.9970 0.0000 0.0000 0.0030 
0.4444 0.1712 0.1261 0.2583 
0.4174 0.0420 0.0000 0.5405 
0.4054 0.0691 0.0000 0.5255 
0.3123 0.1141 0.0150 0.5586 
0.2823 0.2192 0.2492 0.2492 
0.2823 0.2643 0.2342 0.2192 

MOTIF filter27 
letter-probability matrix: alength= 4 w= 20 nsites= 20 
0.2875 0.2396 0.2320 0.2409 
0.1526 0.0794 0.0240 0.7440 
0.0202 0.0794 0.6923 0.2081 
0.4237 0.3972 0.0731 0.1059 
0.0000 0.9987 0.0013 0.0000 
0.0000 0.9962 0.0000 0.0038 
0.8449 0.0000 0.0025 0.1526 
0.0202 0.0000 0.0000 0.9798 
1.0000 0.0000 0.0000 0.0000 
0.0000 0.0000 0.0000 1.0000 
0.9937 0.0000 0.0000 0.0063 
0.1589 0.0025 0.0000 0.8386 
0.0025 0.0025 0.9950 0.0000 
0.0000 0.0013 0.9962 0.0025 
0.0984 0.0668 0.3846 0.4502 
0.2207 0.6545 0.0933 0.0315 
0.7427 0.0277 0.0605 0.1690 
0.2409 0.2787 0.2308 0.2497 
0.2245 0.2573 0.2686 0.2497 
0.2421 0.2358 0.2711 0.2509 

MOTIF filter28 
letter-probability matrix: alength= 4 w= 11 nsites= 11 
0.2455 0.2336 0.2478 0.2731 
0.2216 0.1701 0.3925 0.2157 
0.4112 0.2067 0.3485 0.0336 
0.0037 0.0000 0.0045 0.9918 
0.0007 0.0045 0.9388 0.0560 
0.9858 0.0015 0.0104 0.0022 
0.0291 0.4724 0.4776 0.0209 
0.0075 0.0045 0.0022 0.9858 
0.0515 0.9351 0.0037 0.0097 
0.9918 0.0007 0.0075 0.0000 
0.0269 0.3336 0.2478 0.3918 

MOTIF filter29 
letter-probability matrix: alength= 4 w= 19 nsites= 19 
0.2233 0.2301 0.2712 0.2753 
0.2027 0.2904 0.2822 0.2247 
0.2836 0.2438 0.2219 0.2507 
0.1507 0.0699 0.0425 0.7370 
0.0274 0.0781 0.6795 0.2151 
0.4274 0.3959 0.0562 0.1205 
0.0000 1.0000 0.0000 0.0000 
0.0000 0.9986 0.0000 0.0014 
0.8342 0.0000 0.0096 0.1562 
0.0082 0.0000 0.0000 0.9918 
1.0000 0.0000 0.0000 0.0000 
0.0000 0.0000 0.0014 0.9986 
0.9945 0.0000 0.0000 0.0055 
0.1082 0.0014 0.0000 0.8904 
0.0000 0.0027 0.9973 0.0000 
0.0000 0.0000 1.0000 0.0000 
0.1000 0.0658 0.4164 0.4178 
0.2233 0.6863 0.0685 0.0219 
0.7685 0.0274 0.0562 0.1479 

MOTIF filter30 
letter-probability matrix: alength= 4 w= 14 nsites= 14 
0.2722 0.2627 0.2057 0.2595 
0.2184 0.2247 0.2816 0.2753 
0.2342 0.2152 0.3070 0.2437 
0.2785 0.0316 0.6234 0.0665 
0.0823 0.0000 0.8386 0.0791 
0.1899 0.0000 0.8101 0.0000 
0.0000 0.0000 1.0000 0.0000 
0.0000 0.0000 1.0000 0.0000 
0.2468 0.5949 0.0000 0.1582 
0.0000 0.0000 1.0000 0.0000 
0.0000 0.0000 1.0000 0.0000 
0.1646 0.0000 0.8354 0.0000 
0.1867 0.0253 0.7880 0.0000 
0.1835 0.6551 0.1392 0.0222 

MOTIF filter31 
letter-probability matrix: alength= 4 w= 12 nsites= 12 
0.2526 0.2681 0.2383 0.2409 
0.2778 0.2584 0.2202 0.2435 
0.2448 0.2377 0.2468 0.2707 
0.6496 0.0000 0.0000 0.3504 
0.0000 0.0000 0.0000 1.0000 
0.0000 0.0272 0.0000 0.9728 
0.9534 0.0000 0.0466 0.0000 
1.0000 0.0000 0.0000 0.0000 
0.3614 0.0000 0.0000 0.6386 
0.2889 0.2358 0.2403 0.2351 
0.2422 0.2468 0.2623 0.2487 
0.2519 0.2526 0.2306 0.2649 

