MEME version 4

ALPHABET= ACGT

Background letter frequencies:
A 0.2500 C 0.2500 G 0.2500 T 0.2500 

MOTIF filter0 
letter-probability matrix: alength= 4 w= 12 nsites= 12 
0.2304 0.2978 0.2132 0.2586 
0.2561 0.2402 0.2770 0.2267 
0.2598 0.2659 0.2512 0.2230 
0.0625 0.0000 0.0000 0.9375 
0.0000 0.0000 0.0000 1.0000 
0.0000 0.0000 0.0000 1.0000 
0.6005 0.0000 0.3995 0.0000 
1.0000 0.0000 0.0000 0.0000 
0.0000 0.0000 0.0000 1.0000 
0.2230 0.2733 0.2623 0.2414 
0.2647 0.2414 0.2500 0.2439 
0.2316 0.2304 0.2782 0.2598 

MOTIF filter1 
letter-probability matrix: alength= 4 w= 12 nsites= 12 
0.2540 0.2724 0.2345 0.2391 
0.2839 0.2241 0.2184 0.2736 
0.2793 0.2540 0.2276 0.2391 
1.0000 0.0000 0.0000 0.0000 
0.0000 0.0000 0.0000 1.0000 
0.0000 0.4138 0.0000 0.5862 
1.0000 0.0000 0.0000 0.0000 
1.0000 0.0000 0.0000 0.0000 
0.9379 0.0000 0.0000 0.0621 
0.2563 0.2322 0.2276 0.2839 
0.2471 0.2425 0.2345 0.2759 
0.2172 0.2621 0.2609 0.2598 

MOTIF filter2 
letter-probability matrix: alength= 4 w= 14 nsites= 14 
0.1228 0.2000 0.3789 0.2982 
0.0386 0.5193 0.1895 0.2526 
0.0772 0.6316 0.1509 0.1404 
0.7825 0.0140 0.2000 0.0035 
0.0000 0.9965 0.0000 0.0035 
0.0000 0.0000 0.0000 1.0000 
0.0000 0.0000 0.0000 1.0000 
0.0000 1.0000 0.0000 0.0000 
0.0000 1.0000 0.0000 0.0000 
0.0000 0.0000 0.9895 0.0105 
0.0000 0.1228 0.8632 0.0140 
0.2807 0.2070 0.2596 0.2526 
0.2667 0.2526 0.2386 0.2421 
0.2421 0.2421 0.2386 0.2772 

MOTIF filter3 
letter-probability matrix: alength= 4 w= 14 nsites= 14 
0.2218 0.2179 0.3035 0.2568 
0.2257 0.0545 0.6498 0.0700 
0.0467 0.0000 0.9261 0.0272 
0.1556 0.0000 0.8444 0.0000 
0.0000 0.0000 1.0000 0.0000 
0.0000 0.0000 1.0000 0.0000 
0.2257 0.6187 0.0000 0.1556 
0.0000 0.0000 1.0000 0.0000 
0.0000 0.0000 1.0000 0.0000 
0.1712 0.0000 0.8288 0.0000 
0.1440 0.0156 0.8405 0.0000 
0.2101 0.6148 0.1206 0.0545 
0.3074 0.2062 0.2879 0.1984 
0.2218 0.2763 0.2296 0.2724 

MOTIF filter4 
letter-probability matrix: alength= 4 w= 19 nsites= 19 
0.1620 0.0804 0.0489 0.7087 
0.0304 0.0935 0.6587 0.2174 
0.4098 0.3870 0.0772 0.1261 
0.0011 0.9924 0.0043 0.0022 
0.0011 0.9891 0.0022 0.0076 
0.8261 0.0022 0.0076 0.1641 
0.0228 0.0000 0.0022 0.9750 
0.9924 0.0054 0.0022 0.0000 
0.0000 0.0022 0.0011 0.9967 
0.9772 0.0043 0.0000 0.0185 
0.1598 0.0054 0.0043 0.8304 
0.0043 0.0109 0.9848 0.0000 
0.0011 0.0054 0.9902 0.0033 
0.1120 0.0739 0.3848 0.4293 
0.2228 0.6413 0.0989 0.0370 
0.7076 0.0359 0.0739 0.1826 
0.2424 0.2696 0.2391 0.2489 
0.2348 0.2598 0.2598 0.2457 
0.2424 0.2402 0.2663 0.2511 

MOTIF filter5 
letter-probability matrix: alength= 4 w= 17 nsites= 17 
0.2105 0.2481 0.2707 0.2707 
0.2068 0.3195 0.2669 0.2068 
0.2632 0.2744 0.2105 0.2519 
0.1692 0.6692 0.1090 0.0526 
1.0000 0.0000 0.0000 0.0000 
0.9962 0.0000 0.0038 0.0000 
0.4398 0.0789 0.4812 0.0000 
1.0000 0.0000 0.0000 0.0000 
0.0000 0.0000 0.0000 1.0000 
0.0000 0.0000 1.0000 0.0000 
0.0000 0.0000 1.0000 0.0000 
0.0414 0.9436 0.0000 0.0150 
0.0902 0.1805 0.4361 0.2932 
0.0789 0.0489 0.8045 0.0677 
0.0940 0.8271 0.0113 0.0677 
0.2707 0.2143 0.2218 0.2932 
0.2180 0.2331 0.3008 0.2481 

MOTIF filter6 
letter-probability matrix: alength= 4 w= 18 nsites= 18 
0.2783 0.2551 0.2232 0.2435 
0.2696 0.2986 0.2406 0.1913 
0.2348 0.2348 0.2580 0.2725 
0.1188 0.0232 0.6841 0.1739 
0.0725 0.7159 0.1014 0.1101 
0.2870 0.3391 0.2667 0.1072 
0.0580 0.0000 0.8493 0.0928 
0.0000 1.0000 0.0000 0.0000 
0.0000 1.0000 0.0000 0.0000 
1.0000 0.0000 0.0000 0.0000 
0.0000 0.0000 0.0000 1.0000 
0.0116 0.4696 0.1478 0.3710 
0.0000 0.0290 0.0000 0.9710 
0.0000 0.0116 0.0000 0.9884 
0.0783 0.0783 0.7217 0.1217 
0.2725 0.2232 0.2464 0.2580 
0.2087 0.2667 0.2551 0.2696 
0.2406 0.2870 0.2406 0.2319 

MOTIF filter7 
letter-probability matrix: alength= 4 w= 11 nsites= 11 
0.3847 0.2305 0.3277 0.0570 
0.0000 0.0000 0.0000 1.0000 
0.0000 0.0000 0.9279 0.0721 
1.0000 0.0000 0.0000 0.0000 
0.0101 0.4736 0.4761 0.0402 
0.0000 0.0000 0.0000 1.0000 
0.0000 1.0000 0.0000 0.0000 
1.0000 0.0000 0.0000 0.0000 
0.0293 0.3269 0.2548 0.3889 
0.2154 0.3806 0.1769 0.2272 
0.2766 0.2213 0.2607 0.2414 

MOTIF filter8 
letter-probability matrix: alength= 4 w= 15 nsites= 15 
0.2617 0.2109 0.2188 0.3086 
0.2578 0.2305 0.2695 0.2422 
0.2266 0.2695 0.2812 0.2227 
0.0000 0.8711 0.1289 0.0000 
0.0000 1.0000 0.0000 0.0000 
0.0000 0.0000 1.0000 0.0000 
0.0000 0.0000 1.0000 0.0000 
1.0000 0.0000 0.0000 0.0000 
1.0000 0.0000 0.0000 0.0000 
0.0352 0.0117 0.9531 0.0000 
0.0195 0.2422 0.0000 0.7383 
0.1367 0.0469 0.7852 0.0312 
0.3086 0.1953 0.4844 0.0117 
0.1914 0.3594 0.2617 0.1875 
0.2266 0.2734 0.2852 0.2148 

MOTIF filter9 
letter-probability matrix: alength= 4 w= 16 nsites= 16 
0.4377 0.2088 0.1751 0.1785 
0.0741 0.3805 0.1111 0.4343 
0.0774 0.2896 0.3872 0.2458 
0.4175 0.1077 0.4747 0.0000 
0.5724 0.0067 0.3906 0.0303 
0.0000 1.0000 0.0000 0.0000 
0.0000 1.0000 0.0000 0.0000 
1.0000 0.0000 0.0000 0.0000 
1.0000 0.0000 0.0000 0.0000 
0.0000 0.0000 0.0000 1.0000 
0.0034 0.8148 0.1818 0.0000 
0.8653 0.0034 0.1313 0.0000 
0.0370 0.0741 0.8855 0.0034 
0.2391 0.2391 0.2458 0.2761 
0.2391 0.2054 0.2492 0.3064 
0.2290 0.2828 0.2088 0.2795 

MOTIF filter10 
letter-probability matrix: alength= 4 w= 16 nsites= 16 
0.2450 0.2450 0.2616 0.2483 
0.2517 0.2914 0.2550 0.2020 
0.2914 0.2351 0.2053 0.2682 
0.1126 0.7483 0.0993 0.0397 
1.0000 0.0000 0.0000 0.0000 
0.9834 0.0000 0.0166 0.0000 
0.4371 0.0497 0.4934 0.0199 
1.0000 0.0000 0.0000 0.0000 
0.0000 0.0000 0.0000 1.0000 
0.0000 0.0000 1.0000 0.0000 
0.0000 0.0000 1.0000 0.0000 
0.0397 0.8775 0.0000 0.0828 
0.1026 0.1954 0.4536 0.2483 
0.0563 0.1026 0.7815 0.0596 
0.1225 0.7616 0.0298 0.0861 
0.2815 0.2185 0.1854 0.3146 

MOTIF filter11 
letter-probability matrix: alength= 4 w= 12 nsites= 12 
0.3026 0.2333 0.2872 0.1769 
0.2744 0.3026 0.2308 0.1923 
0.0897 0.1897 0.4897 0.2308 
0.0000 0.8179 0.0308 0.1513 
0.0000 0.8487 0.0000 0.1513 
0.0000 1.0000 0.0000 0.0000 
0.0000 1.0000 0.0000 0.0000 
0.0872 0.0000 0.6154 0.2974 
0.0000 1.0000 0.0000 0.0000 
0.0000 1.0000 0.0000 0.0000 
0.0000 0.8487 0.0000 0.1513 
0.0872 0.8256 0.0000 0.0872 

MOTIF filter12 
letter-probability matrix: alength= 4 w= 15 nsites= 15 
0.2735 0.2367 0.2122 0.2776 
0.2449 0.2776 0.2653 0.2122 
0.2082 0.2857 0.2531 0.2531 
0.0939 0.0041 0.7265 0.1755 
0.0898 0.7673 0.1224 0.0204 
0.2653 0.3755 0.2490 0.1102 
0.0327 0.0000 0.8980 0.0694 
0.0000 1.0000 0.0000 0.0000 
0.0000 1.0000 0.0000 0.0000 
1.0000 0.0000 0.0000 0.0000 
0.0000 0.0000 0.0000 1.0000 
0.0041 0.4653 0.1429 0.3878 
0.0000 0.0000 0.0000 1.0000 
0.0000 0.0000 0.0000 1.0000 
0.0571 0.0735 0.7878 0.0816 

MOTIF filter13 
letter-probability matrix: alength= 4 w= 15 nsites= 15 
0.2707 0.2365 0.2203 0.2725 
0.2716 0.2401 0.2500 0.2383 
0.1583 0.2158 0.1457 0.4802 
0.0009 0.0000 0.0000 0.9991 
0.0000 0.0000 0.0099 0.9901 
0.0917 0.8921 0.0018 0.0144 
0.0153 0.7698 0.0000 0.2149 
0.2509 0.2365 0.2293 0.2833 
0.2473 0.0000 0.7275 0.0252 
0.0000 0.0063 0.8948 0.0989 
0.9559 0.0432 0.0009 0.0000 
0.9892 0.0054 0.0054 0.0000 
0.4802 0.1511 0.2167 0.1520 
0.2428 0.2599 0.2410 0.2563 
0.2644 0.2329 0.2509 0.2518 

MOTIF filter14 
letter-probability matrix: alength= 4 w= 15 nsites= 15 
0.2085 0.2423 0.2789 0.2704 
0.1606 0.1915 0.3690 0.2789 
0.0056 0.4732 0.2535 0.2676 
0.0930 0.6423 0.1042 0.1606 
0.6732 0.0085 0.2704 0.0479 
0.0000 0.9380 0.0056 0.0563 
0.0000 0.0000 0.0000 1.0000 
0.0000 0.0000 0.0000 1.0000 
0.0000 1.0000 0.0000 0.0000 
0.0000 1.0000 0.0000 0.0000 
0.0000 0.0000 0.9831 0.0169 
0.0000 0.1408 0.8592 0.0000 
0.2592 0.1775 0.2648 0.2986 
0.2761 0.2169 0.2451 0.2620 
0.2873 0.2028 0.2282 0.2817 

MOTIF filter15 
letter-probability matrix: alength= 4 w= 16 nsites= 16 
0.2961 0.2434 0.2632 0.1974 
0.2664 0.3125 0.2237 0.1974 
0.0691 0.1612 0.5428 0.2270 
0.0000 0.8191 0.0099 0.1711 
0.0000 0.8651 0.0000 0.1349 
0.0000 1.0000 0.0000 0.0000 
0.0000 1.0000 0.0000 0.0000 
0.1151 0.0000 0.6151 0.2697 
0.0000 1.0000 0.0000 0.0000 
0.0000 1.0000 0.0000 0.0000 
0.0000 0.7928 0.0000 0.2072 
0.0559 0.8586 0.0000 0.0855 
0.0066 0.7467 0.0066 0.2401 
0.2566 0.2599 0.2368 0.2467 
0.2928 0.2270 0.2368 0.2434 
0.2138 0.3224 0.2401 0.2237 

MOTIF filter16 
letter-probability matrix: alength= 4 w= 16 nsites= 16 
0.5068 0.1803 0.1293 0.1837 
0.0408 0.3605 0.1156 0.4830 
0.0408 0.3435 0.3844 0.2313 
0.4660 0.0782 0.4558 0.0000 
0.6156 0.0000 0.3469 0.0374 
0.0000 1.0000 0.0000 0.0000 
0.0000 1.0000 0.0000 0.0000 
1.0000 0.0000 0.0000 0.0000 
1.0000 0.0000 0.0000 0.0000 
0.0000 0.0000 0.0000 1.0000 
0.0034 0.7993 0.1973 0.0000 
0.8435 0.0000 0.1565 0.0000 
0.0578 0.0442 0.8946 0.0034 
0.1769 0.3163 0.2551 0.2517 
0.2721 0.2075 0.3061 0.2143 
0.2585 0.2755 0.2177 0.2483 

MOTIF filter17 
letter-probability matrix: alength= 4 w= 16 nsites= 16 
0.2674 0.3256 0.1977 0.2093 
0.2674 0.3101 0.2171 0.2054 
0.2403 0.2403 0.2519 0.2674 
0.0000 0.9070 0.0659 0.0271 
0.0000 0.1395 0.0078 0.8527 
0.0000 0.2326 0.7674 0.0000 
1.0000 0.0000 0.0000 0.0000 
0.0000 0.0000 0.0000 1.0000 
0.0000 0.0000 0.0000 1.0000 
0.0000 0.0000 1.0000 0.0000 
0.0000 0.0000 1.0000 0.0000 
0.0233 0.4302 0.0000 0.5465 
0.0155 0.4574 0.0969 0.4302 
0.1473 0.4690 0.3256 0.0581 
0.5078 0.1318 0.3023 0.0581 
0.1473 0.1395 0.2713 0.4419 

MOTIF filter18 
letter-probability matrix: alength= 4 w= 17 nsites= 17 
0.2525 0.5657 0.0303 0.1515 
0.2458 0.1987 0.0539 0.5017 
0.3165 0.1515 0.2997 0.2323 
0.6397 0.0539 0.1044 0.2020 
0.1414 0.3333 0.4882 0.0370 
0.0000 0.0000 0.0000 1.0000 
0.0067 0.9933 0.0000 0.0000 
1.0000 0.0000 0.0000 0.0000 
0.0000 0.0000 0.9966 0.0034 
0.0000 1.0000 0.0000 0.0000 
0.9933 0.0000 0.0000 0.0067 
0.4646 0.1650 0.1347 0.2357 
0.4512 0.0471 0.0168 0.4848 
0.3838 0.0505 0.0034 0.5623 
0.2828 0.1010 0.0269 0.5892 
0.2727 0.2559 0.1953 0.2761 
0.2963 0.2896 0.2088 0.2054 

MOTIF filter19 
letter-probability matrix: alength= 4 w= 14 nsites= 14 
0.2288 0.2676 0.2629 0.2407 
0.2605 0.2621 0.2375 0.2399 
0.4885 0.1457 0.3413 0.0245 
0.0024 0.0000 0.0008 0.9968 
0.0000 0.0000 0.0831 0.9169 
0.3167 0.0040 0.5780 0.1013 
0.0269 0.8464 0.0127 0.1140 
0.1203 0.0158 0.8448 0.0190 
0.1045 0.6366 0.0000 0.2589 
0.9192 0.0800 0.0000 0.0008 
0.9976 0.0000 0.0024 0.0000 
0.0238 0.3381 0.1584 0.4798 
0.2549 0.2534 0.2724 0.2193 
0.2470 0.2177 0.2597 0.2755 

MOTIF filter20 
letter-probability matrix: alength= 4 w= 15 nsites= 15 
0.2508 0.2475 0.2244 0.2772 
0.2376 0.2178 0.2739 0.2706 
0.2079 0.2475 0.2673 0.2772 
0.0033 0.9307 0.0660 0.0000 
0.0495 0.9505 0.0000 0.0000 
0.0000 0.0000 1.0000 0.0000 
0.0000 0.0000 1.0000 0.0000 
1.0000 0.0000 0.0000 0.0000 
1.0000 0.0000 0.0000 0.0000 
0.0264 0.0033 0.9703 0.0000 
0.0066 0.3267 0.0231 0.6436 
0.1683 0.1089 0.6964 0.0264 
0.2475 0.2871 0.4488 0.0165 
0.2310 0.3828 0.2343 0.1518 
0.1848 0.3036 0.2508 0.2607 

MOTIF filter21 
letter-probability matrix: alength= 4 w= 16 nsites= 16 
0.2803 0.5492 0.0379 0.1326 
0.2614 0.1477 0.0758 0.5152 
0.2841 0.1515 0.3106 0.2538 
0.6780 0.0455 0.0720 0.2045 
0.1667 0.2917 0.5265 0.0152 
0.0000 0.0000 0.0000 1.0000 
0.0038 0.9962 0.0000 0.0000 
1.0000 0.0000 0.0000 0.0000 
0.0000 0.0000 0.9848 0.0152 
0.0000 1.0000 0.0000 0.0000 
1.0000 0.0000 0.0000 0.0000 
0.4432 0.1667 0.1136 0.2765 
0.4015 0.0189 0.0000 0.5795 
0.3826 0.0530 0.0000 0.5644 
0.3447 0.0947 0.0114 0.5492 
0.2765 0.2235 0.2689 0.2311 

MOTIF filter22 
letter-probability matrix: alength= 4 w= 16 nsites= 16 
0.2551 0.2347 0.2551 0.2551 
0.2313 0.2449 0.2279 0.2959 
0.1973 0.2789 0.2551 0.2687 
0.2789 0.0408 0.6259 0.0544 
0.1463 0.0000 0.7755 0.0782 
0.1497 0.0000 0.8503 0.0000 
0.0000 0.0000 1.0000 0.0000 
0.0000 0.0000 1.0000 0.0000 
0.3401 0.5646 0.0000 0.0952 
0.0000 0.0000 1.0000 0.0000 
0.0000 0.0000 1.0000 0.0000 
0.0714 0.0000 0.9286 0.0000 
0.2143 0.0068 0.7789 0.0000 
0.1599 0.6020 0.1701 0.0680 
0.2483 0.2075 0.2925 0.2517 
0.2823 0.3095 0.1939 0.2143 

MOTIF filter23 
letter-probability matrix: alength= 4 w= 14 nsites= 14 
0.2424 0.2641 0.2511 0.2424 
0.2468 0.2446 0.2662 0.2424 
0.2403 0.1602 0.3842 0.2154 
0.4307 0.1753 0.3939 0.0000 
0.0000 0.0000 0.0000 1.0000 
0.0000 0.0000 1.0000 0.0000 
1.0000 0.0000 0.0000 0.0000 
0.0054 0.4892 0.5054 0.0000 
0.0000 0.0000 0.0000 1.0000 
0.0011 0.9989 0.0000 0.0000 
1.0000 0.0000 0.0000 0.0000 
0.0152 0.3366 0.2273 0.4210 
0.2186 0.3593 0.1948 0.2273 
0.2381 0.2165 0.2868 0.2587 

MOTIF filter24 
letter-probability matrix: alength= 4 w= 14 nsites= 14 
0.2518 0.2710 0.2297 0.2474 
0.1134 0.2062 0.1532 0.5272 
0.0000 0.0000 0.0000 1.0000 
0.0000 0.0000 0.0044 0.9956 
0.0324 0.9676 0.0000 0.0000 
0.0074 0.7673 0.0000 0.2253 
0.2842 0.1767 0.2946 0.2445 
0.1090 0.0000 0.8910 0.0000 
0.0000 0.0000 0.9838 0.0162 
1.0000 0.0000 0.0000 0.0000 
1.0000 0.0000 0.0000 0.0000 
0.5714 0.0869 0.1782 0.1635 
0.2283 0.2872 0.2459 0.2386 
0.2607 0.2474 0.2563 0.2356 

MOTIF filter25 
letter-probability matrix: alength= 4 w= 18 nsites= 18 
0.0309 0.0926 0.6510 0.2255 
0.4013 0.4107 0.0644 0.1235 
0.0000 0.9960 0.0027 0.0013 
0.0000 0.9960 0.0013 0.0027 
0.8617 0.0000 0.0027 0.1356 
0.0161 0.0000 0.0000 0.9839 
1.0000 0.0000 0.0000 0.0000 
0.0000 0.0000 0.0000 1.0000 
0.9852 0.0000 0.0000 0.0148 
0.1530 0.0000 0.0000 0.8470 
0.0000 0.0027 0.9973 0.0000 
0.0000 0.0000 1.0000 0.0000 
0.0926 0.0537 0.4242 0.4295 
0.2201 0.6859 0.0685 0.0255 
0.7651 0.0054 0.0564 0.1732 
0.2671 0.2899 0.2013 0.2416 
0.2054 0.2685 0.2738 0.2523 
0.2550 0.2242 0.2899 0.2309 

MOTIF filter26 
letter-probability matrix: alength= 4 w= 13 nsites= 13 
0.2561 0.2345 0.2615 0.2480 
0.2345 0.2857 0.2237 0.2561 
0.4960 0.0323 0.1213 0.3504 
0.6469 0.0108 0.0377 0.3046 
0.4501 0.0000 0.0162 0.5337 
0.2668 0.1752 0.1617 0.3962 
0.0000 0.0000 0.0000 1.0000 
0.0000 0.0000 1.0000 0.0000 
0.0270 0.9730 0.0000 0.0000 
0.0000 0.0000 0.0000 1.0000 
0.0000 0.0000 0.9919 0.0081 
1.0000 0.0000 0.0000 0.0000 
0.0404 0.4933 0.3127 0.1536 

MOTIF filter27 
letter-probability matrix: alength= 4 w= 20 nsites= 20 
0.2279 0.2450 0.2593 0.2678 
0.1937 0.2977 0.2806 0.2279 
0.2792 0.2664 0.2194 0.2350 
0.1182 0.0598 0.0171 0.8048 
0.0228 0.0513 0.7293 0.1966 
0.4160 0.3917 0.0726 0.1197 
0.0000 1.0000 0.0000 0.0000 
0.0000 0.9972 0.0000 0.0028 
0.8390 0.0000 0.0043 0.1567 
0.0171 0.0000 0.0000 0.9829 
1.0000 0.0000 0.0000 0.0000 
0.0000 0.0000 0.0014 0.9986 
0.9957 0.0000 0.0000 0.0043 
0.1254 0.0028 0.0000 0.8718 
0.0014 0.0043 0.9943 0.0000 
0.0000 0.0014 0.9972 0.0014 
0.0983 0.0655 0.3960 0.4402 
0.1980 0.6838 0.0912 0.0271 
0.7578 0.0256 0.0584 0.1581 
0.2137 0.2949 0.2379 0.2536 

MOTIF filter28 
letter-probability matrix: alength= 4 w= 15 nsites= 15 
0.2830 0.3132 0.2088 0.1951 
0.2637 0.2527 0.2335 0.2500 
0.2308 0.2445 0.2582 0.2665 
0.0055 0.8242 0.0769 0.0934 
0.0000 0.1896 0.0000 0.8104 
0.0000 0.2115 0.7720 0.0165 
1.0000 0.0000 0.0000 0.0000 
0.0000 0.0000 0.0000 1.0000 
0.0000 0.0000 0.0000 1.0000 
0.0000 0.0000 1.0000 0.0000 
0.0000 0.0000 1.0000 0.0000 
0.0549 0.3736 0.0055 0.5659 
0.0000 0.3984 0.1456 0.4560 
0.2005 0.4176 0.3077 0.0742 
0.4698 0.1484 0.3077 0.0742 

MOTIF filter29 
letter-probability matrix: alength= 4 w= 13 nsites= 13 
0.2474 0.2749 0.2408 0.2369 
0.2330 0.2853 0.2526 0.2291 
0.1008 0.0393 0.3573 0.5026 
0.0209 0.8887 0.0000 0.0903 
0.0000 0.0000 0.0000 1.0000 
1.0000 0.0000 0.0000 0.0000 
0.2304 0.0000 0.0000 0.7696 
0.4463 0.0000 0.0000 0.5537 
0.5458 0.0000 0.0000 0.4542 
0.6924 0.0000 0.0000 0.3076 
0.0000 0.0000 0.0000 1.0000 
1.0000 0.0000 0.0000 0.0000 
0.0563 0.0000 0.9372 0.0065 

MOTIF filter30 
letter-probability matrix: alength= 4 w= 16 nsites= 16 
0.2513 0.2607 0.2492 0.2388 
0.2377 0.2722 0.2513 0.2388 
0.1168 0.0751 0.3389 0.4692 
0.0355 0.8592 0.0021 0.1032 
0.0000 0.0083 0.0000 0.9917 
0.9990 0.0000 0.0010 0.0000 
0.2795 0.0000 0.0073 0.7132 
0.4588 0.0010 0.0000 0.5401 
0.5547 0.0000 0.0010 0.4442 
0.6882 0.0052 0.0000 0.3066 
0.0031 0.0010 0.0000 0.9958 
0.9896 0.0000 0.0094 0.0010 
0.1095 0.0010 0.8498 0.0396 
0.4567 0.3650 0.0480 0.1303 
0.2826 0.2263 0.2638 0.2273 
0.2419 0.2805 0.2398 0.2377 

MOTIF filter31 
letter-probability matrix: alength= 4 w= 12 nsites= 12 
0.2398 0.2581 0.2623 0.2398 
0.4261 0.2030 0.2398 0.1312 
0.2247 0.3158 0.3158 0.1437 
0.0000 1.0000 0.0000 0.0000 
0.9933 0.0000 0.0067 0.0000 
0.0000 0.9449 0.0000 0.0551 
0.0810 0.0000 0.9190 0.0000 
0.0000 0.0084 0.0000 0.9916 
0.0000 0.0000 1.0000 0.0000 
0.1554 0.2949 0.3091 0.2406 
0.1646 0.2364 0.1646 0.4344 
0.2314 0.2607 0.2540 0.2540 

