MEME version 4

ALPHABET= ACGT

Background letter frequencies:
A 0.2500 C 0.2500 G 0.2500 T 0.2500 

MOTIF filter0 
letter-probability matrix: alength= 4 w= 20 nsites= 20 
0.2588 0.2544 0.2500 0.2368 
0.2675 0.2500 0.2500 0.2325 
0.2544 0.2851 0.2237 0.2368 
0.5307 0.0000 0.1009 0.3684 
0.7368 0.0000 0.0175 0.2456 
0.4342 0.0000 0.0044 0.5614 
0.2851 0.1228 0.1535 0.4386 
0.0000 0.0000 0.0000 1.0000 
0.0000 0.0000 1.0000 0.0000 
0.0088 0.9912 0.0000 0.0000 
0.0000 0.0000 0.0000 1.0000 
0.0000 0.0000 1.0000 0.0000 
1.0000 0.0000 0.0000 0.0000 
0.0307 0.5614 0.2588 0.1491 
0.1711 0.1360 0.0351 0.6579 
0.1842 0.3596 0.1228 0.3333 
0.5789 0.0395 0.1404 0.2412 
0.1228 0.0263 0.6096 0.2412 
0.2763 0.2763 0.2368 0.2105 
0.2193 0.2149 0.2939 0.2719 

MOTIF filter1 
letter-probability matrix: alength= 4 w= 12 nsites= 12 
0.2481 0.2512 0.2611 0.2395 
0.2642 0.2729 0.2271 0.2358 
0.2587 0.2296 0.2420 0.2698 
0.6498 0.0000 0.0000 0.3502 
0.0000 0.0000 0.0000 1.0000 
0.0000 0.0347 0.0000 0.9653 
0.9295 0.0000 0.0705 0.0000 
1.0000 0.0000 0.0000 0.0000 
0.3564 0.0000 0.0000 0.6436 
0.2741 0.2240 0.2481 0.2537 
0.2339 0.2537 0.2679 0.2444 
0.2661 0.2469 0.2271 0.2599 

MOTIF filter2 
letter-probability matrix: alength= 4 w= 13 nsites= 13 
0.2530 0.2407 0.2362 0.2701 
0.2451 0.2273 0.2908 0.2368 
0.3351 0.2664 0.3033 0.0952 
0.0452 0.0503 0.0527 0.8519 
0.0311 0.0382 0.7352 0.1954 
0.8504 0.0504 0.0582 0.0411 
0.1218 0.3933 0.3967 0.0882 
0.0353 0.0524 0.0513 0.8611 
0.1858 0.7372 0.0393 0.0378 
0.8603 0.0504 0.0474 0.0418 
0.0910 0.3088 0.2805 0.3196 
0.2255 0.3009 0.2316 0.2420 
0.2657 0.2300 0.2521 0.2523 

MOTIF filter3 
letter-probability matrix: alength= 4 w= 15 nsites= 15 
0.2756 0.2756 0.2467 0.2021 
0.2585 0.2690 0.2349 0.2375 
0.1168 0.2205 0.4160 0.2467 
0.0000 0.6220 0.1286 0.2493 
0.0210 0.6942 0.0000 0.2848 
0.0013 0.9987 0.0000 0.0000 
0.0013 0.9987 0.0000 0.0000 
0.1535 0.0000 0.5302 0.3163 
0.0026 0.9961 0.0013 0.0000 
0.0026 0.9974 0.0000 0.0000 
0.0000 0.7178 0.0000 0.2822 
0.1483 0.6654 0.0000 0.1864 
0.0919 0.5052 0.1155 0.2874 
0.2402 0.2664 0.2546 0.2388 
0.2638 0.2507 0.2375 0.2480 

MOTIF filter4 
letter-probability matrix: alength= 4 w= 20 nsites= 20 
0.0000 0.0000 1.0000 0.0000 
0.0000 0.5000 0.5000 0.0000 
0.0000 0.5000 0.5000 0.0000 
0.0000 0.5000 0.5000 0.0000 
0.0000 0.5000 0.5000 0.0000 
1.0000 0.0000 0.0000 0.0000 
0.5000 0.0000 0.0000 0.5000 
0.0000 0.0000 1.0000 0.0000 
0.0000 1.0000 0.0000 0.0000 
0.0000 0.0000 1.0000 0.0000 
0.5000 0.0000 0.0000 0.5000 
0.0000 0.0000 0.0000 1.0000 
0.0000 0.5000 0.5000 0.0000 
0.5000 0.0000 0.5000 0.0000 
0.5000 0.0000 0.5000 0.0000 
0.5000 0.0000 0.5000 0.0000 
0.0000 0.0000 0.0000 1.0000 
0.5000 0.0000 0.5000 0.0000 
0.0000 0.0000 1.0000 0.0000 
0.0000 0.0000 1.0000 0.0000 

MOTIF filter5 
letter-probability matrix: alength= 4 w= 15 nsites= 15 
0.1807 0.3775 0.2129 0.2289 
0.1606 0.4739 0.1928 0.1727 
0.5060 0.1044 0.2410 0.1486 
0.0843 0.6667 0.1285 0.1205 
0.1325 0.0723 0.1044 0.6908 
0.0522 0.1004 0.0763 0.7711 
0.0000 0.9719 0.0281 0.0000 
0.0040 0.9960 0.0000 0.0000 
0.0000 0.0000 1.0000 0.0000 
0.0000 0.0321 0.9679 0.0000 
0.8153 0.0321 0.0522 0.1004 
0.7912 0.0723 0.0442 0.0924 
0.0924 0.1205 0.7108 0.0763 
0.0803 0.2851 0.0924 0.5422 
0.2329 0.1165 0.5783 0.0723 

MOTIF filter6 
letter-probability matrix: alength= 4 w= 20 nsites= 20 
0.2231 0.2789 0.2665 0.2314 
0.2893 0.2407 0.2366 0.2335 
0.1705 0.0868 0.0496 0.6932 
0.0351 0.0992 0.6415 0.2242 
0.4029 0.3864 0.0806 0.1302 
0.0031 0.9835 0.0103 0.0031 
0.0010 0.9835 0.0041 0.0114 
0.8079 0.0072 0.0145 0.1705 
0.0248 0.0000 0.0031 0.9721 
0.9855 0.0052 0.0052 0.0041 
0.0000 0.0031 0.0010 0.9959 
0.9690 0.0052 0.0000 0.0258 
0.1694 0.0083 0.0041 0.8182 
0.0114 0.0165 0.9721 0.0000 
0.0021 0.0083 0.9855 0.0041 
0.1209 0.0764 0.3812 0.4215 
0.2273 0.6302 0.1002 0.0424 
0.6911 0.0393 0.0837 0.1860 
0.2386 0.2738 0.2366 0.2510 
0.2283 0.2593 0.2676 0.2448 

MOTIF filter7 
letter-probability matrix: alength= 4 w= 13 nsites= 13 
0.2249 0.2507 0.2534 0.2710 
0.2358 0.2547 0.2683 0.2412 
0.2331 0.2575 0.2453 0.2642 
0.4973 0.1152 0.3699 0.0176 
0.0000 0.0000 0.0000 1.0000 
0.0000 0.0000 0.0230 0.9770 
0.2967 0.0000 0.6409 0.0623 
0.0027 0.9377 0.0000 0.0596 
0.0813 0.0027 0.9133 0.0027 
0.0610 0.7127 0.0000 0.2263 
0.9797 0.0203 0.0000 0.0000 
1.0000 0.0000 0.0000 0.0000 
0.0000 0.3686 0.0921 0.5393 

MOTIF filter8 
letter-probability matrix: alength= 4 w= 13 nsites= 13 
0.1479 0.2010 0.1647 0.4864 
0.0000 0.0000 0.0000 1.0000 
0.0000 0.0000 0.0013 0.9987 
0.0272 0.9728 0.0000 0.0000 
0.0117 0.7756 0.0000 0.2127 
0.2581 0.2062 0.2594 0.2763 
0.1907 0.0000 0.8093 0.0000 
0.0000 0.0000 0.9857 0.0143 
1.0000 0.0000 0.0000 0.0000 
1.0000 0.0000 0.0000 0.0000 
0.5279 0.1206 0.1984 0.1530 
0.2335 0.2776 0.2451 0.2438 
0.2659 0.2322 0.2555 0.2464 

MOTIF filter9 
letter-probability matrix: alength= 4 w= 16 nsites= 16 
0.2569 0.1910 0.3056 0.2465 
0.6910 0.0347 0.0903 0.1840 
0.1701 0.3333 0.4757 0.0208 
0.0000 0.0000 0.0000 1.0000 
0.0069 0.9931 0.0000 0.0000 
1.0000 0.0000 0.0000 0.0000 
0.0000 0.0000 0.9931 0.0069 
0.0000 1.0000 0.0000 0.0000 
1.0000 0.0000 0.0000 0.0000 
0.4375 0.1597 0.1285 0.2743 
0.4549 0.0521 0.0104 0.4826 
0.3924 0.0347 0.0000 0.5729 
0.2951 0.0694 0.0000 0.6354 
0.2708 0.2326 0.2431 0.2535 
0.2778 0.2500 0.2361 0.2361 
0.2118 0.3299 0.2326 0.2257 

MOTIF filter10 
letter-probability matrix: alength= 4 w= 17 nsites= 17 
0.2629 0.2168 0.2737 0.2466 
0.2547 0.2846 0.2276 0.2331 
0.4986 0.0298 0.1382 0.3333 
0.6260 0.0190 0.0488 0.3062 
0.4580 0.0000 0.0488 0.4932 
0.3035 0.1734 0.1409 0.3821 
0.0081 0.0000 0.0000 0.9919 
0.0000 0.0000 1.0000 0.0000 
0.0407 0.9593 0.0000 0.0000 
0.0000 0.0000 0.0000 1.0000 
0.0000 0.0000 0.9810 0.0190 
1.0000 0.0000 0.0000 0.0000 
0.0298 0.4878 0.3333 0.1491 
0.2005 0.1030 0.0434 0.6531 
0.1843 0.3767 0.1084 0.3306 
0.4770 0.0569 0.2114 0.2547 
0.1572 0.0569 0.5041 0.2818 

MOTIF filter11 
letter-probability matrix: alength= 4 w= 16 nsites= 16 
0.2530 0.2619 0.2506 0.2345 
0.2546 0.2691 0.2425 0.2337 
0.1257 0.0806 0.3392 0.4545 
0.0620 0.7824 0.0129 0.1426 
0.0024 0.0153 0.0097 0.9726 
0.9871 0.0040 0.0048 0.0040 
0.2973 0.0097 0.0113 0.6817 
0.4255 0.0056 0.0040 0.5649 
0.5367 0.0024 0.0048 0.4561 
0.6616 0.0105 0.0000 0.3280 
0.0193 0.0064 0.0177 0.9565 
0.9670 0.0056 0.0193 0.0081 
0.1338 0.0089 0.7857 0.0717 
0.4351 0.3610 0.0629 0.1410 
0.2611 0.2377 0.2691 0.2321 
0.2562 0.2764 0.2337 0.2337 

MOTIF filter12 
letter-probability matrix: alength= 4 w= 12 nsites= 12 
0.2632 0.2281 0.2398 0.2690 
0.2690 0.2281 0.3041 0.1988 
0.2281 0.2632 0.2661 0.2427 
0.0058 0.8596 0.1345 0.0000 
0.0292 0.9708 0.0000 0.0000 
0.0000 0.0000 1.0000 0.0000 
0.0000 0.0000 1.0000 0.0000 
1.0000 0.0000 0.0000 0.0000 
1.0000 0.0000 0.0000 0.0000 
0.0380 0.0029 0.9591 0.0000 
0.0234 0.2865 0.0058 0.6842 
0.1842 0.0731 0.6813 0.0614 

MOTIF filter13 
letter-probability matrix: alength= 4 w= 16 nsites= 16 
0.2914 0.3113 0.2053 0.1921 
0.2881 0.2318 0.2318 0.2483 
0.2517 0.2649 0.2086 0.2748 
0.0033 0.8113 0.0762 0.1093 
0.0000 0.1093 0.0000 0.8907 
0.0000 0.2450 0.7285 0.0265 
1.0000 0.0000 0.0000 0.0000 
0.0000 0.0000 0.0000 1.0000 
0.0000 0.0000 0.0000 1.0000 
0.0000 0.0000 1.0000 0.0000 
0.0000 0.0000 1.0000 0.0000 
0.0397 0.4007 0.0000 0.5596 
0.0066 0.4338 0.1093 0.4503 
0.1954 0.4503 0.2748 0.0795 
0.4868 0.1490 0.2947 0.0695 
0.1556 0.1689 0.2583 0.4172 

MOTIF filter14 
letter-probability matrix: alength= 4 w= 16 nsites= 16 
0.4672 0.2355 0.1506 0.1467 
0.0734 0.3629 0.0965 0.4672 
0.0579 0.3359 0.3861 0.2201 
0.4440 0.0618 0.4865 0.0077 
0.5714 0.0000 0.3861 0.0425 
0.0000 1.0000 0.0000 0.0000 
0.0000 1.0000 0.0000 0.0000 
1.0000 0.0000 0.0000 0.0000 
1.0000 0.0000 0.0000 0.0000 
0.0000 0.0000 0.0000 1.0000 
0.0000 0.7606 0.2394 0.0000 
0.8610 0.0000 0.1390 0.0000 
0.0579 0.0116 0.9266 0.0039 
0.1236 0.3629 0.2587 0.2548 
0.3436 0.2124 0.2432 0.2008 
0.1892 0.3127 0.2355 0.2625 

MOTIF filter15 
letter-probability matrix: alength= 4 w= 18 nsites= 18 
0.2083 0.3611 0.1806 0.2500 
0.2685 0.3009 0.2361 0.1944 
0.2269 0.1620 0.4028 0.2083 
0.0324 0.9491 0.0139 0.0046 
0.8657 0.1343 0.0000 0.0000 
1.0000 0.0000 0.0000 0.0000 
0.3796 0.0324 0.3981 0.1898 
0.9398 0.0278 0.0139 0.0185 
0.0000 0.0000 0.0000 1.0000 
0.0000 0.0000 0.9028 0.0972 
0.0000 0.0000 1.0000 0.0000 
0.0787 0.8657 0.0139 0.0417 
0.1343 0.2407 0.4120 0.2130 
0.0926 0.0972 0.7593 0.0509 
0.1019 0.7824 0.0463 0.0694 
0.3102 0.1991 0.1991 0.2917 
0.1898 0.3009 0.2778 0.2315 
0.2361 0.2639 0.3194 0.1806 

MOTIF filter16 
letter-probability matrix: alength= 4 w= 13 nsites= 13 
0.2856 0.2364 0.2086 0.2695 
0.2759 0.2513 0.2342 0.2385 
0.1444 0.2043 0.1519 0.4995 
0.0000 0.0000 0.0000 1.0000 
0.0000 0.0000 0.0021 0.9979 
0.0749 0.9251 0.0000 0.0000 
0.0032 0.7765 0.0000 0.2203 
0.2481 0.2342 0.2353 0.2824 
0.2278 0.0000 0.7583 0.0139 
0.0000 0.0011 0.9080 0.0909 
0.9936 0.0064 0.0000 0.0000 
0.9968 0.0032 0.0000 0.0000 
0.5037 0.1305 0.2193 0.1465 

MOTIF filter17 
letter-probability matrix: alength= 4 w= 12 nsites= 12 
0.2468 0.2500 0.2500 0.2532 
0.2597 0.2532 0.2371 0.2500 
0.2435 0.2710 0.2339 0.2516 
0.5452 0.1032 0.3516 0.0000 
0.0000 0.0000 0.0000 1.0000 
0.0000 0.0000 0.0065 0.9935 
0.2613 0.0000 0.6871 0.0516 
0.0000 0.9661 0.0000 0.0339 
0.0339 0.0000 0.9661 0.0000 
0.0548 0.7048 0.0000 0.2403 
0.9968 0.0032 0.0000 0.0000 
1.0000 0.0000 0.0000 0.0000 

MOTIF filter18 
letter-probability matrix: alength= 4 w= 15 nsites= 15 
0.2395 0.2545 0.2636 0.2425 
0.0693 0.0090 0.3810 0.5407 
0.0136 0.9111 0.0000 0.0753 
0.0015 0.0030 0.0015 0.9940 
1.0000 0.0000 0.0000 0.0000 
0.2651 0.0045 0.0136 0.7169 
0.4548 0.0015 0.0030 0.5407 
0.5904 0.0000 0.0000 0.4096 
0.7093 0.0105 0.0000 0.2801 
0.0000 0.0015 0.0000 0.9985 
0.9910 0.0015 0.0000 0.0075 
0.0512 0.0030 0.9367 0.0090 
0.4428 0.4217 0.0467 0.0889 
0.2892 0.1777 0.2620 0.2711 
0.2440 0.2892 0.2184 0.2485 

MOTIF filter19 
letter-probability matrix: alength= 4 w= 19 nsites= 19 
0.2260 0.2286 0.2753 0.2701 
0.1987 0.2883 0.2779 0.2351 
0.2818 0.2455 0.2273 0.2455 
0.1364 0.0714 0.0377 0.7545 
0.0260 0.0766 0.6909 0.2065 
0.4234 0.4000 0.0623 0.1143 
0.0000 0.9987 0.0013 0.0000 
0.0000 0.9987 0.0000 0.0013 
0.8377 0.0000 0.0039 0.1584 
0.0169 0.0000 0.0000 0.9831 
1.0000 0.0000 0.0000 0.0000 
0.0000 0.0000 0.0013 0.9987 
0.9948 0.0000 0.0000 0.0052 
0.1481 0.0013 0.0000 0.8506 
0.0013 0.0052 0.9935 0.0000 
0.0000 0.0000 1.0000 0.0000 
0.1000 0.0662 0.3974 0.4364 
0.2065 0.6753 0.0896 0.0286 
0.7506 0.0221 0.0584 0.1688 

MOTIF filter20 
letter-probability matrix: alength= 4 w= 17 nsites= 17 
0.3127 0.2182 0.2145 0.2545 
0.2982 0.2509 0.2509 0.2000 
0.2618 0.2764 0.1818 0.2800 
0.2291 0.6582 0.0073 0.1055 
0.2400 0.2000 0.0364 0.5236 
0.3236 0.1418 0.2873 0.2473 
0.6109 0.0545 0.0945 0.2400 
0.1745 0.2655 0.5345 0.0255 
0.0000 0.0000 0.0000 1.0000 
0.0073 0.9927 0.0000 0.0000 
1.0000 0.0000 0.0000 0.0000 
0.0000 0.0000 0.9782 0.0218 
0.0000 1.0000 0.0000 0.0000 
0.9927 0.0000 0.0000 0.0073 
0.4400 0.1564 0.1273 0.2764 
0.3782 0.0218 0.0000 0.6000 
0.3782 0.0582 0.0036 0.5600 

MOTIF filter21 
letter-probability matrix: alength= 4 w= 13 nsites= 13 
0.2332 0.3755 0.1739 0.2174 
0.2451 0.3004 0.2530 0.2016 
0.2451 0.2016 0.3676 0.1858 
0.0158 0.9368 0.0474 0.0000 
0.0000 0.1818 0.0000 0.8182 
0.0237 0.1502 0.7984 0.0277 
1.0000 0.0000 0.0000 0.0000 
0.0000 0.0000 0.0000 1.0000 
0.0000 0.0040 0.0000 0.9960 
0.0040 0.0000 0.9960 0.0000 
0.0000 0.0000 1.0000 0.0000 
0.0514 0.3992 0.0079 0.5415 
0.0119 0.3874 0.1462 0.4545 

MOTIF filter22 
letter-probability matrix: alength= 4 w= 14 nsites= 14 
0.2485 0.2396 0.2515 0.2604 
0.2367 0.2337 0.2633 0.2663 
0.2189 0.2367 0.3018 0.2426 
0.2515 0.0414 0.6450 0.0621 
0.1183 0.0000 0.8166 0.0651 
0.1627 0.0000 0.8373 0.0000 
0.0000 0.0000 1.0000 0.0000 
0.0000 0.0000 1.0000 0.0000 
0.3047 0.5740 0.0000 0.1213 
0.0000 0.0000 1.0000 0.0000 
0.0000 0.0000 1.0000 0.0000 
0.1450 0.0000 0.8550 0.0000 
0.1834 0.0118 0.8047 0.0000 
0.1657 0.5888 0.1716 0.0740 

MOTIF filter23 
letter-probability matrix: alength= 4 w= 15 nsites= 15 
0.3954 0.1961 0.1830 0.2255 
0.0784 0.3856 0.1144 0.4216 
0.0752 0.2810 0.4020 0.2418 
0.3987 0.1046 0.4967 0.0000 
0.5686 0.0098 0.3856 0.0359 
0.0000 1.0000 0.0000 0.0000 
0.0000 1.0000 0.0000 0.0000 
1.0000 0.0000 0.0000 0.0000 
1.0000 0.0000 0.0000 0.0000 
0.0000 0.0000 0.0000 1.0000 
0.0196 0.8203 0.1601 0.0000 
0.8856 0.0000 0.1144 0.0000 
0.0621 0.0948 0.8366 0.0065 
0.2549 0.1993 0.2810 0.2647 
0.2190 0.2026 0.2745 0.3039 

MOTIF filter24 
letter-probability matrix: alength= 4 w= 15 nsites= 15 
0.5064 0.1795 0.1603 0.1538 
0.0513 0.3686 0.0833 0.4968 
0.0192 0.3494 0.3718 0.2596 
0.4615 0.1090 0.4295 0.0000 
0.6154 0.0032 0.3462 0.0353 
0.0000 1.0000 0.0000 0.0000 
0.0000 1.0000 0.0000 0.0000 
1.0000 0.0000 0.0000 0.0000 
1.0000 0.0000 0.0000 0.0000 
0.0000 0.0000 0.0000 1.0000 
0.0769 0.7500 0.1731 0.0000 
0.8013 0.0000 0.1955 0.0032 
0.0353 0.0705 0.8910 0.0032 
0.2147 0.2660 0.2179 0.3013 
0.2724 0.1474 0.3045 0.2756 

MOTIF filter25 
letter-probability matrix: alength= 4 w= 18 nsites= 18 
0.2699 0.2423 0.2178 0.2699 
0.2577 0.2853 0.2485 0.2086 
0.2331 0.2485 0.2515 0.2669 
0.1166 0.0092 0.7086 0.1656 
0.0736 0.7301 0.1104 0.0859 
0.2853 0.3466 0.2607 0.1074 
0.0368 0.0000 0.8681 0.0951 
0.0000 1.0000 0.0000 0.0000 
0.0000 1.0000 0.0000 0.0000 
1.0000 0.0000 0.0000 0.0000 
0.0000 0.0000 0.0000 1.0000 
0.0061 0.4663 0.1380 0.3896 
0.0000 0.0184 0.0000 0.9816 
0.0000 0.0123 0.0000 0.9877 
0.0828 0.0859 0.7025 0.1288 
0.2761 0.2239 0.2485 0.2515 
0.2055 0.2730 0.2607 0.2607 
0.2301 0.2914 0.2362 0.2423 

MOTIF filter26 
letter-probability matrix: alength= 4 w= 12 nsites= 12 
0.2299 0.2617 0.2607 0.2478 
0.3891 0.2129 0.2517 0.1463 
0.2249 0.3025 0.3144 0.1582 
0.0000 1.0000 0.0000 0.0000 
1.0000 0.0000 0.0000 0.0000 
0.0000 1.0000 0.0000 0.0000 
0.0010 0.0000 0.9990 0.0000 
0.0000 0.0000 0.0000 1.0000 
0.0000 0.0000 1.0000 0.0000 
0.1632 0.2896 0.3184 0.2289 
0.1682 0.2398 0.1781 0.4139 
0.2328 0.2567 0.2488 0.2617 

MOTIF filter27 
letter-probability matrix: alength= 4 w= 14 nsites= 14 
0.1429 0.1895 0.3703 0.2974 
0.0146 0.4898 0.2216 0.2741 
0.0700 0.6327 0.1370 0.1603 
0.7172 0.0117 0.2507 0.0204 
0.0000 0.9679 0.0000 0.0321 
0.0000 0.0000 0.0000 1.0000 
0.0000 0.0000 0.0000 1.0000 
0.0000 1.0000 0.0000 0.0000 
0.0000 1.0000 0.0000 0.0000 
0.0000 0.0000 0.9767 0.0233 
0.0000 0.1662 0.8222 0.0117 
0.2566 0.2041 0.2332 0.3061 
0.2070 0.2507 0.2741 0.2682 
0.2624 0.2216 0.2216 0.2945 

MOTIF filter28 
letter-probability matrix: alength= 4 w= 16 nsites= 16 
0.2485 0.2818 0.2000 0.2697 
0.1667 0.6303 0.1455 0.0576 
0.9970 0.0000 0.0030 0.0000 
0.9848 0.0000 0.0152 0.0000 
0.4242 0.0788 0.4970 0.0000 
1.0000 0.0000 0.0000 0.0000 
0.0000 0.0000 0.0000 1.0000 
0.0000 0.0000 1.0000 0.0000 
0.0000 0.0000 1.0000 0.0000 
0.0485 0.8818 0.0000 0.0697 
0.1121 0.1848 0.4364 0.2667 
0.0727 0.0667 0.7909 0.0697 
0.1364 0.7636 0.0152 0.0848 
0.2636 0.2242 0.2242 0.2879 
0.2273 0.2394 0.3061 0.2273 
0.2606 0.2273 0.2879 0.2242 

MOTIF filter29 
letter-probability matrix: alength= 4 w= 14 nsites= 14 
0.1253 0.0759 0.3392 0.4595 
0.0253 0.9051 0.0000 0.0696 
0.0000 0.0000 0.0000 1.0000 
1.0000 0.0000 0.0000 0.0000 
0.2899 0.0000 0.0013 0.7089 
0.4835 0.0000 0.0000 0.5165 
0.5924 0.0000 0.0000 0.4076 
0.7329 0.0000 0.0000 0.2671 
0.0000 0.0000 0.0000 1.0000 
1.0000 0.0000 0.0000 0.0000 
0.1013 0.0000 0.8949 0.0038 
0.4886 0.3570 0.0316 0.1228 
0.2924 0.2392 0.2405 0.2278 
0.2506 0.2570 0.2468 0.2456 

MOTIF filter30 
letter-probability matrix: alength= 4 w= 18 nsites= 18 
0.2683 0.3008 0.1951 0.2358 
0.2561 0.3333 0.1992 0.2114 
0.2561 0.2195 0.2358 0.2886 
0.0000 0.8862 0.0488 0.0650 
0.0000 0.2033 0.0081 0.7886 
0.0000 0.2276 0.7724 0.0000 
1.0000 0.0000 0.0000 0.0000 
0.0000 0.0000 0.0000 1.0000 
0.0000 0.0000 0.0000 1.0000 
0.0000 0.0000 1.0000 0.0000 
0.0000 0.0000 1.0000 0.0000 
0.0366 0.3943 0.0041 0.5650 
0.0000 0.4593 0.1138 0.4268 
0.1341 0.4797 0.3740 0.0122 
0.5569 0.1016 0.3130 0.0285 
0.1260 0.1057 0.2724 0.4959 
0.1911 0.0772 0.2642 0.4675 
0.0407 0.3130 0.1626 0.4837 

MOTIF filter31 
letter-probability matrix: alength= 4 w= 20 nsites= 20 
0.2152 0.2719 0.2667 0.2461 
0.2636 0.2492 0.2225 0.2647 
0.1720 0.1123 0.0381 0.6777 
0.0649 0.0896 0.6365 0.2091 
0.3594 0.3275 0.1081 0.2049 
0.0010 0.9990 0.0000 0.0000 
0.0000 0.8146 0.0021 0.1833 
0.8888 0.0000 0.0031 0.1081 
0.0227 0.0000 0.0000 0.9773 
0.9310 0.0000 0.0000 0.0690 
0.0978 0.0000 0.0000 0.9022 
0.9609 0.0000 0.0000 0.0391 
0.0999 0.0041 0.0000 0.8960 
0.1751 0.0010 0.8239 0.0000 
0.0021 0.0000 0.9969 0.0010 
0.1596 0.1153 0.3244 0.4006 
0.2101 0.6056 0.1349 0.0494 
0.6900 0.0608 0.0772 0.1720 
0.2585 0.2770 0.2266 0.2379 
0.2472 0.2564 0.2575 0.2389 

