MEME version 4

ALPHABET= ACGT

Background letter frequencies:
A 0.2500 C 0.2500 G 0.2500 T 0.2500 

MOTIF filter0 
letter-probability matrix: alength= 4 w= 15 nsites= 15 
0.2289 0.2395 0.2526 0.2789 
0.2263 0.2842 0.2763 0.2132 
0.2711 0.2289 0.2211 0.2789 
0.1632 0.6342 0.1368 0.0658 
0.9974 0.0000 0.0026 0.0000 
0.9816 0.0026 0.0158 0.0000 
0.4184 0.0737 0.4895 0.0184 
1.0000 0.0000 0.0000 0.0000 
0.0000 0.0000 0.0000 1.0000 
0.0000 0.0000 1.0000 0.0000 
0.0000 0.0000 1.0000 0.0000 
0.0526 0.8500 0.0000 0.0974 
0.1158 0.1974 0.4105 0.2763 
0.0947 0.0895 0.7421 0.0737 
0.1237 0.7711 0.0158 0.0895 

MOTIF filter1 
letter-probability matrix: alength= 4 w= 18 nsites= 18 
0.3051 0.3051 0.1875 0.2022 
0.2206 0.2059 0.1066 0.4669 
0.3088 0.2059 0.2831 0.2022 
0.6949 0.0515 0.0551 0.1985 
0.4228 0.1287 0.2500 0.1985 
0.0956 0.0000 0.0000 0.9044 
0.1765 0.6250 0.0184 0.1801 
0.4596 0.0000 0.0000 0.5404 
0.0000 0.0000 1.0000 0.0000 
0.0000 1.0000 0.0000 0.0000 
0.3897 0.0000 0.0000 0.6103 
0.1544 0.0184 0.7243 0.1029 
0.8897 0.0037 0.0000 0.1066 
0.0919 0.2426 0.1654 0.5000 
0.1875 0.0809 0.0074 0.7243 
0.2022 0.3419 0.1434 0.3125 
0.3897 0.1029 0.1985 0.3088 
0.1360 0.1176 0.5331 0.2132 

MOTIF filter2 
letter-probability matrix: alength= 4 w= 10 nsites= 10 
0.2514 0.2587 0.2176 0.2724 
0.2369 0.2981 0.2353 0.2297 
0.2506 0.2353 0.2248 0.2893 
0.4537 0.0000 0.0000 0.5463 
0.0000 0.0000 0.0000 1.0000 
0.0000 0.0000 0.0000 1.0000 
0.6986 0.0000 0.3014 0.0000 
1.0000 0.0000 0.0000 0.0000 
0.0000 0.0000 0.0000 1.0000 
0.2611 0.2619 0.2369 0.2401 

MOTIF filter3 
letter-probability matrix: alength= 4 w= 18 nsites= 18 
0.2452 0.2739 0.2293 0.2516 
0.2739 0.2166 0.2834 0.2261 
0.2452 0.2866 0.2134 0.2548 
0.5223 0.0096 0.1369 0.3312 
0.6497 0.0064 0.0350 0.3089 
0.4904 0.0000 0.0287 0.4809 
0.2962 0.1465 0.1433 0.4140 
0.0032 0.0000 0.0000 0.9968 
0.0000 0.0000 1.0000 0.0000 
0.0255 0.9745 0.0000 0.0000 
0.0000 0.0000 0.0000 1.0000 
0.0000 0.0000 0.9936 0.0064 
1.0000 0.0000 0.0000 0.0000 
0.0287 0.5223 0.3153 0.1338 
0.2006 0.1210 0.0446 0.6338 
0.1911 0.3599 0.1146 0.3344 
0.5127 0.0478 0.1911 0.2484 
0.1497 0.0414 0.5287 0.2803 

MOTIF filter4 
letter-probability matrix: alength= 4 w= 13 nsites= 13 
0.2918 0.2353 0.3365 0.1365 
0.4565 0.1176 0.3718 0.0541 
0.0024 0.9976 0.0000 0.0000 
0.0000 0.6776 0.0000 0.3224 
0.6165 0.0965 0.2871 0.0000 
1.0000 0.0000 0.0000 0.0000 
0.0000 0.0000 0.0000 1.0000 
0.0306 0.4329 0.0400 0.4965 
0.3835 0.0000 0.6165 0.0000 
0.0000 0.0024 0.9976 0.0000 
0.1341 0.3318 0.1176 0.4165 
0.1365 0.3247 0.1576 0.3812 
0.1953 0.5059 0.1835 0.1153 

MOTIF filter5 
letter-probability matrix: alength= 4 w= 14 nsites= 14 
0.2429 0.2397 0.2618 0.2555 
0.0126 0.8391 0.0726 0.0757 
0.0000 0.1293 0.0032 0.8675 
0.0000 0.2082 0.7729 0.0189 
1.0000 0.0000 0.0000 0.0000 
0.0000 0.0000 0.0000 1.0000 
0.0000 0.0000 0.0000 1.0000 
0.0000 0.0000 1.0000 0.0000 
0.0000 0.0000 1.0000 0.0000 
0.0505 0.3754 0.0095 0.5647 
0.0032 0.4479 0.1514 0.3975 
0.2019 0.4101 0.3249 0.0631 
0.4984 0.1388 0.3028 0.0599 
0.1672 0.1546 0.2429 0.4353 

MOTIF filter6 
letter-probability matrix: alength= 4 w= 16 nsites= 16 
0.4539 0.2199 0.1596 0.1667 
0.0638 0.3723 0.0957 0.4681 
0.0780 0.3227 0.3440 0.2553 
0.4113 0.1028 0.4858 0.0000 
0.5887 0.0071 0.3688 0.0355 
0.0000 1.0000 0.0000 0.0000 
0.0000 1.0000 0.0000 0.0000 
1.0000 0.0000 0.0000 0.0000 
1.0000 0.0000 0.0000 0.0000 
0.0000 0.0000 0.0000 1.0000 
0.0213 0.8156 0.1631 0.0000 
0.9220 0.0000 0.0780 0.0000 
0.0603 0.0603 0.8794 0.0000 
0.2447 0.2128 0.2872 0.2553 
0.2943 0.1560 0.2872 0.2624 
0.2305 0.3014 0.1950 0.2730 

MOTIF filter7 
letter-probability matrix: alength= 4 w= 13 nsites= 13 
0.4152 0.2242 0.2970 0.0636 
0.4697 0.2212 0.1515 0.1576 
0.5000 0.1939 0.1242 0.1818 
0.0212 0.3182 0.1030 0.5576 
0.0212 0.3394 0.4000 0.2394 
0.4455 0.0455 0.5091 0.0000 
0.5636 0.0000 0.3909 0.0455 
0.0000 1.0000 0.0000 0.0000 
0.0000 1.0000 0.0000 0.0000 
1.0000 0.0000 0.0000 0.0000 
1.0000 0.0000 0.0000 0.0000 
0.0000 0.0000 0.0000 1.0000 
0.0152 0.7667 0.2182 0.0000 

MOTIF filter8 
letter-probability matrix: alength= 4 w= 12 nsites= 12 
0.2473 0.2691 0.2403 0.2433 
0.2602 0.2373 0.2165 0.2860 
0.2880 0.2542 0.2095 0.2483 
1.0000 0.0000 0.0000 0.0000 
0.0000 0.0000 0.0000 1.0000 
0.0000 0.3962 0.0000 0.6038 
1.0000 0.0000 0.0000 0.0000 
1.0000 0.0000 0.0000 0.0000 
0.8203 0.0000 0.0000 0.1797 
0.2453 0.2145 0.2473 0.2929 
0.2602 0.2324 0.2423 0.2651 
0.2085 0.2642 0.2592 0.2681 

MOTIF filter9 
letter-probability matrix: alength= 4 w= 12 nsites= 12 
0.2156 0.2569 0.1972 0.3303 
0.2018 0.2936 0.2339 0.2706 
0.1376 0.1514 0.4037 0.3073 
0.0000 0.5734 0.2064 0.2202 
0.0046 0.8578 0.0917 0.0459 
0.7752 0.0000 0.2248 0.0000 
0.0000 0.9725 0.0000 0.0275 
0.0000 0.0000 0.0000 1.0000 
0.0000 0.0000 0.0000 1.0000 
0.0000 1.0000 0.0000 0.0000 
0.0000 1.0000 0.0000 0.0000 
0.0000 0.0000 0.9954 0.0046 

MOTIF filter10 
letter-probability matrix: alength= 4 w= 13 nsites= 13 
0.2439 0.2439 0.2525 0.2596 
0.2204 0.1776 0.3894 0.2126 
0.3787 0.2332 0.3531 0.0350 
0.0000 0.0000 0.0064 0.9936 
0.0021 0.0000 0.9280 0.0699 
0.9936 0.0043 0.0007 0.0014 
0.0364 0.4658 0.4579 0.0399 
0.0021 0.0036 0.0007 0.9936 
0.0670 0.9244 0.0007 0.0078 
0.9936 0.0000 0.0064 0.0000 
0.0307 0.3124 0.2710 0.3859 
0.2154 0.3595 0.1997 0.2254 
0.2589 0.2211 0.2782 0.2418 

MOTIF filter11 
letter-probability matrix: alength= 4 w= 20 nsites= 20 
0.2593 0.2222 0.2222 0.2963 
0.1111 0.0000 0.4815 0.4074 
0.0370 0.0000 0.8519 0.1111 
0.1111 0.2593 0.0741 0.5556 
0.2222 0.6667 0.0000 0.1111 
0.1111 0.3704 0.5185 0.0000 
0.7778 0.1852 0.0370 0.0000 
0.4815 0.0741 0.3704 0.0741 
0.0000 0.5556 0.0741 0.3704 
0.0000 0.1481 0.1111 0.7407 
0.0000 0.1111 0.8148 0.0741 
0.0370 0.0000 0.9259 0.0370 
0.3333 0.4815 0.0000 0.1852 
1.0000 0.0000 0.0000 0.0000 
0.5556 0.0741 0.3333 0.0370 
0.1481 0.7037 0.0000 0.1481 
0.2963 0.2593 0.2222 0.2222 
0.2963 0.4074 0.1852 0.1111 
0.2222 0.0370 0.7407 0.0000 
0.1852 0.0741 0.5556 0.1852 

MOTIF filter12 
letter-probability matrix: alength= 4 w= 13 nsites= 13 
0.1529 0.2171 0.1775 0.4524 
0.0000 0.0043 0.0000 0.9957 
0.0000 0.0000 0.0160 0.9840 
0.0856 0.9144 0.0000 0.0000 
0.0235 0.7369 0.0000 0.2396 
0.2642 0.2075 0.2684 0.2599 
0.2064 0.0000 0.7936 0.0000 
0.0000 0.0000 0.9422 0.0578 
0.9989 0.0011 0.0000 0.0000 
1.0000 0.0000 0.0000 0.0000 
0.5070 0.1326 0.2000 0.1604 
0.2332 0.2802 0.2481 0.2385 
0.2588 0.2203 0.2749 0.2460 

MOTIF filter13 
letter-probability matrix: alength= 4 w= 18 nsites= 18 
0.2712 0.2401 0.2373 0.2514 
0.2429 0.3023 0.2458 0.2090 
0.2316 0.2345 0.2684 0.2655 
0.1158 0.0226 0.6921 0.1695 
0.0819 0.7034 0.1243 0.0904 
0.3023 0.3333 0.2655 0.0989 
0.0650 0.0000 0.8390 0.0960 
0.0000 1.0000 0.0000 0.0000 
0.0000 1.0000 0.0000 0.0000 
1.0000 0.0000 0.0000 0.0000 
0.0000 0.0000 0.0000 1.0000 
0.0085 0.4689 0.1328 0.3898 
0.0000 0.0141 0.0000 0.9859 
0.0000 0.0113 0.0000 0.9887 
0.1017 0.0960 0.6723 0.1299 
0.2825 0.2345 0.2316 0.2514 
0.2034 0.2684 0.2599 0.2684 
0.2232 0.2938 0.2401 0.2429 

MOTIF filter14 
letter-probability matrix: alength= 4 w= 13 nsites= 13 
0.2416 0.2416 0.2282 0.2886 
0.2383 0.2483 0.2282 0.2852 
0.2282 0.2852 0.2752 0.2114 
0.2315 0.0134 0.6946 0.0604 
0.1107 0.0000 0.8624 0.0268 
0.1477 0.0000 0.8523 0.0000 
0.0000 0.0000 1.0000 0.0000 
0.0000 0.0000 1.0000 0.0000 
0.3121 0.5738 0.0000 0.1141 
0.0000 0.0000 1.0000 0.0000 
0.0000 0.0000 1.0000 0.0000 
0.1678 0.0000 0.8322 0.0000 
0.1711 0.0134 0.8154 0.0000 

MOTIF filter15 
letter-probability matrix: alength= 4 w= 13 nsites= 13 
0.3446 0.2308 0.2431 0.1815 
0.2800 0.3138 0.2215 0.1846 
0.0738 0.1508 0.5600 0.2154 
0.0000 0.8000 0.0185 0.1815 
0.0000 0.8338 0.0000 0.1662 
0.0000 1.0000 0.0000 0.0000 
0.0000 1.0000 0.0000 0.0000 
0.1169 0.0000 0.5538 0.3292 
0.0000 1.0000 0.0000 0.0000 
0.0000 1.0000 0.0000 0.0000 
0.0000 0.7723 0.0000 0.2277 
0.0708 0.8185 0.0000 0.1108 
0.0062 0.7569 0.0031 0.2338 

MOTIF filter16 
letter-probability matrix: alength= 4 w= 19 nsites= 19 
0.1606 0.0765 0.0439 0.7189 
0.0226 0.0803 0.6750 0.2221 
0.4128 0.3977 0.0652 0.1242 
0.0000 0.9987 0.0013 0.0000 
0.0000 0.9962 0.0000 0.0038 
0.8369 0.0000 0.0025 0.1606 
0.0151 0.0000 0.0000 0.9849 
1.0000 0.0000 0.0000 0.0000 
0.0000 0.0000 0.0000 1.0000 
0.9912 0.0000 0.0000 0.0088 
0.1393 0.0013 0.0000 0.8595 
0.0013 0.0025 0.9962 0.0000 
0.0000 0.0000 1.0000 0.0000 
0.1004 0.0690 0.3952 0.4354 
0.2120 0.6688 0.0916 0.0276 
0.7491 0.0238 0.0640 0.1631 
0.2359 0.2873 0.2309 0.2459 
0.2171 0.2622 0.2622 0.2585 
0.2422 0.2409 0.2748 0.2422 

MOTIF filter17 
letter-probability matrix: alength= 4 w= 12 nsites= 12 
0.3138 0.2128 0.3032 0.1702 
0.2633 0.2952 0.2394 0.2021 
0.0771 0.2021 0.4867 0.2340 
0.0000 0.8005 0.0426 0.1569 
0.0027 0.8404 0.0000 0.1569 
0.0000 1.0000 0.0000 0.0000 
0.0000 1.0000 0.0000 0.0000 
0.1303 0.0000 0.6037 0.2660 
0.0000 1.0000 0.0000 0.0000 
0.0000 1.0000 0.0000 0.0000 
0.0000 0.8697 0.0000 0.1303 
0.0612 0.8644 0.0000 0.0745 

MOTIF filter18 
letter-probability matrix: alength= 4 w= 16 nsites= 16 
0.2607 0.2652 0.2370 0.2370 
0.2427 0.2788 0.2427 0.2359 
0.1095 0.0632 0.3521 0.4752 
0.0406 0.8634 0.0000 0.0959 
0.0000 0.0011 0.0000 0.9989 
1.0000 0.0000 0.0000 0.0000 
0.2822 0.0000 0.0079 0.7099 
0.4740 0.0011 0.0000 0.5248 
0.5688 0.0000 0.0000 0.4312 
0.7032 0.0023 0.0000 0.2946 
0.0000 0.0000 0.0000 1.0000 
0.9977 0.0000 0.0023 0.0000 
0.0993 0.0000 0.8883 0.0124 
0.4571 0.3589 0.0440 0.1400 
0.2833 0.2314 0.2562 0.2291 
0.2472 0.2822 0.2370 0.2336 

MOTIF filter19 
letter-probability matrix: alength= 4 w= 12 nsites= 12 
0.1447 0.4816 0.1793 0.1944 
0.6803 0.0108 0.2721 0.0367 
0.0000 0.8769 0.0302 0.0929 
0.0000 0.0000 0.0000 1.0000 
0.0000 0.0000 0.0000 1.0000 
0.0000 1.0000 0.0000 0.0000 
0.0000 1.0000 0.0000 0.0000 
0.0000 0.0000 0.9460 0.0540 
0.0000 0.1145 0.8855 0.0000 
0.2937 0.1749 0.2635 0.2678 
0.3197 0.2203 0.2333 0.2268 
0.3002 0.2289 0.2246 0.2462 

MOTIF filter20 
letter-probability matrix: alength= 4 w= 15 nsites= 15 
0.2506 0.2274 0.2248 0.2972 
0.2429 0.2093 0.2842 0.2636 
0.2274 0.2842 0.2429 0.2455 
0.0078 0.8501 0.1421 0.0000 
0.0336 0.9664 0.0000 0.0000 
0.0000 0.0000 1.0000 0.0000 
0.0000 0.0000 1.0000 0.0000 
1.0000 0.0000 0.0000 0.0000 
1.0000 0.0000 0.0000 0.0000 
0.0439 0.0103 0.9457 0.0000 
0.0362 0.3075 0.0103 0.6460 
0.1783 0.1111 0.6512 0.0594 
0.2713 0.2558 0.4393 0.0336 
0.2248 0.3540 0.2584 0.1628 
0.2196 0.2842 0.2610 0.2351 

MOTIF filter21 
letter-probability matrix: alength= 4 w= 20 nsites= 20 
0.2292 0.2432 0.2584 0.2692 
0.2151 0.2822 0.2735 0.2292 
0.2930 0.2378 0.2281 0.2411 
0.1632 0.0768 0.0465 0.7135 
0.0324 0.0962 0.6519 0.2195 
0.4065 0.3914 0.0757 0.1265 
0.0032 0.9892 0.0043 0.0032 
0.0000 0.9881 0.0043 0.0076 
0.8227 0.0022 0.0119 0.1632 
0.0270 0.0000 0.0032 0.9697 
0.9903 0.0065 0.0022 0.0011 
0.0000 0.0022 0.0011 0.9968 
0.9730 0.0032 0.0000 0.0238 
0.1568 0.0076 0.0032 0.8324 
0.0032 0.0130 0.9838 0.0000 
0.0011 0.0054 0.9892 0.0043 
0.1124 0.0724 0.3859 0.4292 
0.2281 0.6368 0.0962 0.0389 
0.7081 0.0324 0.0735 0.1859 
0.2389 0.2714 0.2411 0.2486 

MOTIF filter22 
letter-probability matrix: alength= 4 w= 14 nsites= 14 
0.2486 0.2627 0.2514 0.2373 
0.2655 0.2601 0.2292 0.2452 
0.4234 0.1762 0.3494 0.0510 
0.0208 0.0141 0.0279 0.9372 
0.0234 0.0149 0.1405 0.8212 
0.3131 0.0214 0.5000 0.1655 
0.0698 0.6943 0.0518 0.1841 
0.2044 0.0653 0.6692 0.0611 
0.1653 0.5419 0.0065 0.2863 
0.8125 0.1433 0.0180 0.0262 
0.9257 0.0338 0.0276 0.0130 
0.0543 0.3212 0.1760 0.4485 
0.2469 0.2660 0.2604 0.2266 
0.2390 0.2382 0.2652 0.2576 

MOTIF filter23 
letter-probability matrix: alength= 4 w= 14 nsites= 14 
0.2656 0.2596 0.2196 0.2552 
0.1380 0.1825 0.0920 0.5875 
0.0000 0.0000 0.0000 1.0000 
0.0000 0.0000 0.0000 1.0000 
0.0237 0.9763 0.0000 0.0000 
0.0000 0.8709 0.0000 0.1291 
0.2300 0.2418 0.2166 0.3116 
0.2151 0.0000 0.7819 0.0030 
0.0000 0.0000 0.9674 0.0326 
1.0000 0.0000 0.0000 0.0000 
1.0000 0.0000 0.0000 0.0000 
0.5356 0.1217 0.1973 0.1454 
0.2359 0.2671 0.2418 0.2552 
0.2671 0.2389 0.2567 0.2374 

MOTIF filter24 
letter-probability matrix: alength= 4 w= 16 nsites= 16 
0.2519 0.2665 0.2490 0.2326 
0.2432 0.2723 0.2500 0.2345 
0.1231 0.0804 0.3391 0.4574 
0.0407 0.8266 0.0078 0.1250 
0.0010 0.0078 0.0010 0.9903 
0.9981 0.0000 0.0010 0.0010 
0.2849 0.0010 0.0078 0.7064 
0.4506 0.0019 0.0010 0.5465 
0.5407 0.0000 0.0010 0.4583 
0.6812 0.0058 0.0000 0.3130 
0.0029 0.0010 0.0000 0.9961 
0.9845 0.0029 0.0126 0.0000 
0.1192 0.0029 0.8266 0.0514 
0.4312 0.3643 0.0620 0.1424 
0.2733 0.2238 0.2626 0.2403 
0.2413 0.2800 0.2364 0.2422 

MOTIF filter25 
letter-probability matrix: alength= 4 w= 12 nsites= 12 
0.2522 0.2489 0.2549 0.2439 
0.3271 0.2285 0.2502 0.1942 
0.2356 0.2834 0.2673 0.2137 
0.0521 0.8691 0.0403 0.0386 
0.8472 0.0324 0.0680 0.0524 
0.0437 0.7884 0.0411 0.1268 
0.1386 0.0370 0.7899 0.0345 
0.0541 0.0694 0.0359 0.8406 
0.0359 0.0363 0.8700 0.0577 
0.2120 0.2744 0.2685 0.2452 
0.2112 0.2611 0.2116 0.3161 
0.2378 0.2524 0.2483 0.2615 

MOTIF filter26 
letter-probability matrix: alength= 4 w= 16 nsites= 16 
0.2840 0.1631 0.3021 0.2508 
0.6073 0.0634 0.1148 0.2145 
0.1722 0.3233 0.4894 0.0151 
0.0000 0.0000 0.0000 1.0000 
0.0060 0.9940 0.0000 0.0000 
1.0000 0.0000 0.0000 0.0000 
0.0000 0.0000 0.9637 0.0363 
0.0000 1.0000 0.0000 0.0000 
1.0000 0.0000 0.0000 0.0000 
0.4502 0.1752 0.1057 0.2689 
0.4109 0.0514 0.0030 0.5347 
0.4079 0.0604 0.0000 0.5317 
0.2991 0.1239 0.0181 0.5589 
0.2810 0.2326 0.2417 0.2447 
0.2749 0.2961 0.2145 0.2145 
0.2145 0.3021 0.2326 0.2508 

MOTIF filter27 
letter-probability matrix: alength= 4 w= 17 nsites= 17 
0.2083 0.1250 0.4167 0.2500 
0.1574 0.4491 0.1435 0.2500 
0.2176 0.3102 0.2731 0.1991 
0.0602 0.1435 0.6481 0.1481 
0.1065 0.6389 0.1065 0.1481 
0.0324 0.9444 0.0185 0.0046 
1.0000 0.0000 0.0000 0.0000 
0.6574 0.0000 0.0093 0.3333 
0.2731 0.2222 0.3611 0.1435 
0.6852 0.0000 0.0000 0.3148 
0.0000 0.0000 0.0000 1.0000 
0.0000 0.0000 1.0000 0.0000 
0.0093 0.0139 0.9537 0.0231 
0.0787 0.7639 0.0556 0.1019 
0.1296 0.2361 0.3889 0.2454 
0.0880 0.1343 0.6991 0.0787 
0.1481 0.6389 0.1343 0.0787 

MOTIF filter28 
letter-probability matrix: alength= 4 w= 14 nsites= 14 
0.2517 0.2621 0.2655 0.2207 
0.2276 0.2138 0.2621 0.2966 
0.2034 0.1862 0.3448 0.2655 
0.2690 0.0621 0.5966 0.0724 
0.0724 0.0000 0.8655 0.0621 
0.1724 0.0000 0.8276 0.0000 
0.0000 0.0000 1.0000 0.0000 
0.0000 0.0000 1.0000 0.0000 
0.3000 0.5517 0.0000 0.1483 
0.0000 0.0000 1.0000 0.0000 
0.0000 0.0000 1.0000 0.0000 
0.1069 0.0000 0.8931 0.0000 
0.1724 0.0103 0.8172 0.0000 
0.1690 0.6552 0.1552 0.0207 

MOTIF filter29 
letter-probability matrix: alength= 4 w= 14 nsites= 14 
0.0961 0.2453 0.3687 0.2898 
0.2898 0.1392 0.2999 0.2712 
0.3759 0.4362 0.0258 0.1621 
0.2453 0.0014 0.1492 0.6040 
0.1019 0.2052 0.2339 0.4591 
0.7834 0.1593 0.0430 0.0143 
0.7188 0.0890 0.1722 0.0201 
0.0014 0.0000 0.1420 0.8565 
0.0115 0.5036 0.2539 0.2310 
0.8264 0.0100 0.0258 0.1377 
0.0201 0.4075 0.5509 0.0215 
0.1492 0.2769 0.0803 0.4935 
0.2037 0.5481 0.1650 0.0832 
0.6083 0.2066 0.0545 0.1306 

MOTIF filter30 
letter-probability matrix: alength= 4 w= 11 nsites= 11 
0.2640 0.3024 0.2395 0.1941 
0.0000 0.8024 0.0000 0.1976 
0.0000 0.6888 0.3112 0.0000 
1.0000 0.0000 0.0000 0.0000 
0.5332 0.0000 0.0000 0.4668 
0.0000 0.0000 0.0000 1.0000 
0.0000 0.1923 0.8077 0.0000 
0.3829 0.0000 0.6171 0.0000 
0.0594 0.2622 0.4108 0.2675 
0.0437 0.4458 0.2185 0.2920 
0.2185 0.3776 0.3566 0.0472 

MOTIF filter31 
letter-probability matrix: alength= 4 w= 15 nsites= 15 
0.2788 0.2788 0.2212 0.2212 
0.2364 0.2212 0.2485 0.2939 
0.0000 0.7939 0.1030 0.1030 
0.0000 0.1333 0.0030 0.8636 
0.0000 0.2121 0.7424 0.0455 
1.0000 0.0000 0.0000 0.0000 
0.0000 0.0000 0.0000 1.0000 
0.0000 0.0000 0.0000 1.0000 
0.0000 0.0000 1.0000 0.0000 
0.0000 0.0000 1.0000 0.0000 
0.0394 0.4121 0.0000 0.5485 
0.0061 0.4212 0.1303 0.4424 
0.1697 0.4364 0.3303 0.0636 
0.4727 0.1515 0.3030 0.0727 
0.1697 0.1515 0.2667 0.4121 

