MEME version 4

ALPHABET= ACGT

Background letter frequencies:
A 0.2500 C 0.2500 G 0.2500 T 0.2500 

MOTIF filter0 
letter-probability matrix: alength= 4 w= 20 nsites= 20 
0.0000 1.0000 0.0000 0.0000 
0.0000 0.0000 0.0000 1.0000 
1.0000 0.0000 0.0000 0.0000 
0.0000 0.0000 1.0000 0.0000 
0.0000 0.0000 0.0000 1.0000 
0.0000 0.0000 1.0000 0.0000 
0.0000 0.0000 1.0000 0.0000 
0.0000 1.0000 0.0000 0.0000 
0.0000 1.0000 0.0000 0.0000 
1.0000 0.0000 0.0000 0.0000 
0.0000 0.0000 0.0000 1.0000 
0.0000 0.0000 0.0000 1.0000 
0.0000 0.0000 0.0000 1.0000 
1.0000 0.0000 0.0000 0.0000 
0.0000 0.0000 0.0000 1.0000 
1.0000 0.0000 0.0000 0.0000 
0.0000 0.0000 1.0000 0.0000 
0.0000 0.0000 0.0000 1.0000 
0.0000 0.0000 1.0000 0.0000 
0.0000 0.0000 1.0000 0.0000 

MOTIF filter1 
letter-probability matrix: alength= 4 w= 12 nsites= 12 
0.2550 0.2580 0.2333 0.2537 
0.2562 0.2580 0.2321 0.2537 
0.2562 0.2197 0.2450 0.2791 
0.6213 0.0000 0.0000 0.3787 
0.0000 0.0000 0.0000 1.0000 
0.0000 0.0142 0.0000 0.9858 
0.9431 0.0000 0.0569 0.0000 
1.0000 0.0000 0.0000 0.0000 
0.3899 0.0000 0.0000 0.6101 
0.2661 0.2389 0.2556 0.2395 
0.2444 0.2401 0.2673 0.2481 
0.2630 0.2450 0.2370 0.2550 

MOTIF filter2 
letter-probability matrix: alength= 4 w= 14 nsites= 14 
0.2679 0.2517 0.2702 0.2102 
0.3626 0.2171 0.2356 0.1848 
0.2725 0.2240 0.1940 0.3095 
0.7090 0.0831 0.1617 0.0462 
0.3603 0.3164 0.2148 0.1085 
0.0023 0.9977 0.0000 0.0000 
1.0000 0.0000 0.0000 0.0000 
0.0000 0.9030 0.0000 0.0970 
0.0208 0.0046 0.9538 0.0208 
0.0000 0.0277 0.0000 0.9723 
0.0000 0.0023 0.9954 0.0023 
0.0647 0.3695 0.3741 0.1917 
0.0785 0.3464 0.1524 0.4226 
0.2148 0.3279 0.2148 0.2425 

MOTIF filter3 
letter-probability matrix: alength= 4 w= 13 nsites= 13 
0.2514 0.2765 0.2318 0.2402 
0.2291 0.2807 0.2584 0.2318 
0.0810 0.0405 0.3715 0.5070 
0.0223 0.9427 0.0000 0.0349 
0.0000 0.0000 0.0000 1.0000 
1.0000 0.0000 0.0000 0.0000 
0.3031 0.0000 0.0000 0.6969 
0.5182 0.0000 0.0000 0.4818 
0.6215 0.0000 0.0000 0.3785 
0.7430 0.0000 0.0000 0.2570 
0.0000 0.0000 0.0000 1.0000 
1.0000 0.0000 0.0000 0.0000 
0.0740 0.0000 0.9204 0.0056 

MOTIF filter4 
letter-probability matrix: alength= 4 w= 12 nsites= 12 
0.2951 0.2297 0.2529 0.2223 
0.0338 0.0324 0.0435 0.8902 
0.0227 0.0348 0.1718 0.7708 
0.3072 0.0210 0.4910 0.1808 
0.0905 0.6440 0.0642 0.2013 
0.2231 0.0772 0.6296 0.0701 
0.1824 0.5057 0.0197 0.2922 
0.7424 0.1779 0.0335 0.0462 
0.9093 0.0240 0.0412 0.0255 
0.0784 0.3138 0.1832 0.4246 
0.2428 0.2702 0.2496 0.2374 
0.2455 0.2334 0.2477 0.2734 

MOTIF filter5 
letter-probability matrix: alength= 4 w= 16 nsites= 16 
0.2263 0.2263 0.2569 0.2905 
0.2477 0.2477 0.2385 0.2661 
0.2202 0.2630 0.2966 0.2202 
0.2538 0.0428 0.6422 0.0612 
0.1223 0.0000 0.8196 0.0581 
0.1621 0.0000 0.8379 0.0000 
0.0000 0.0000 1.0000 0.0000 
0.0000 0.0000 1.0000 0.0000 
0.3058 0.5902 0.0000 0.1040 
0.0000 0.0000 1.0000 0.0000 
0.0000 0.0000 1.0000 0.0000 
0.1346 0.0000 0.8654 0.0000 
0.1927 0.0153 0.7920 0.0000 
0.1651 0.5749 0.1743 0.0856 
0.2844 0.2171 0.2844 0.2141 
0.2599 0.2936 0.2141 0.2324 

MOTIF filter6 
letter-probability matrix: alength= 4 w= 13 nsites= 13 
0.2818 0.1575 0.3149 0.2459 
0.6105 0.0580 0.1243 0.2072 
0.1713 0.3011 0.5000 0.0276 
0.0000 0.0000 0.0000 1.0000 
0.0110 0.9890 0.0000 0.0000 
1.0000 0.0000 0.0000 0.0000 
0.0000 0.0000 0.9724 0.0276 
0.0000 1.0000 0.0000 0.0000 
0.9945 0.0000 0.0000 0.0055 
0.4254 0.1685 0.1381 0.2680 
0.4116 0.0414 0.0083 0.5387 
0.3895 0.0801 0.0028 0.5276 
0.3122 0.1160 0.0166 0.5552 

MOTIF filter7 
letter-probability matrix: alength= 4 w= 18 nsites= 18 
0.2500 0.2196 0.2635 0.2669 
0.2264 0.3074 0.2534 0.2128 
0.2804 0.2500 0.2128 0.2568 
0.1385 0.7128 0.0845 0.0642 
1.0000 0.0000 0.0000 0.0000 
0.9865 0.0000 0.0135 0.0000 
0.4493 0.0608 0.4662 0.0236 
1.0000 0.0000 0.0000 0.0000 
0.0000 0.0000 0.0000 1.0000 
0.0000 0.0000 1.0000 0.0000 
0.0000 0.0000 1.0000 0.0000 
0.0439 0.8682 0.0000 0.0878 
0.1250 0.1858 0.4257 0.2635 
0.0473 0.0777 0.8142 0.0608 
0.1115 0.7905 0.0169 0.0811 
0.3041 0.2095 0.2230 0.2635 
0.2230 0.2466 0.3209 0.2095 
0.3041 0.2196 0.2973 0.1791 

MOTIF filter8 
letter-probability matrix: alength= 4 w= 16 nsites= 16 
0.3015 0.2387 0.2588 0.2010 
0.2688 0.3065 0.2312 0.1935 
0.0678 0.1985 0.5050 0.2286 
0.0000 0.8090 0.0201 0.1709 
0.0000 0.8291 0.0000 0.1709 
0.0000 1.0000 0.0000 0.0000 
0.0000 1.0000 0.0000 0.0000 
0.0980 0.0000 0.5980 0.3040 
0.0000 1.0000 0.0000 0.0000 
0.0000 1.0000 0.0000 0.0000 
0.0000 0.7940 0.0000 0.2060 
0.0653 0.8317 0.0000 0.1030 
0.0452 0.6407 0.0528 0.2613 
0.2613 0.2462 0.2437 0.2487 
0.2940 0.2312 0.2286 0.2462 
0.2286 0.2940 0.2462 0.2312 

MOTIF filter9 
letter-probability matrix: alength= 4 w= 14 nsites= 14 
0.1381 0.1026 0.3246 0.4347 
0.0522 0.8321 0.0037 0.1119 
0.0000 0.0205 0.0019 0.9776 
0.9907 0.0009 0.0028 0.0056 
0.2966 0.0028 0.0093 0.6912 
0.4664 0.0056 0.0037 0.5243 
0.5718 0.0009 0.0009 0.4263 
0.7062 0.0056 0.0000 0.2882 
0.0028 0.0037 0.0028 0.9907 
0.9832 0.0047 0.0093 0.0028 
0.1334 0.0093 0.8237 0.0336 
0.4506 0.3545 0.0569 0.1381 
0.2882 0.2276 0.2537 0.2304 
0.2491 0.2789 0.2360 0.2360 

MOTIF filter10 
letter-probability matrix: alength= 4 w= 13 nsites= 13 
0.2411 0.2404 0.2500 0.2685 
0.2233 0.1773 0.3887 0.2107 
0.3961 0.2233 0.3472 0.0334 
0.0007 0.0000 0.0022 0.9970 
0.0000 0.0007 0.9362 0.0631 
0.9978 0.0022 0.0000 0.0000 
0.0312 0.4651 0.4629 0.0408 
0.0067 0.0000 0.0000 0.9933 
0.0586 0.9303 0.0000 0.0111 
0.9978 0.0000 0.0022 0.0000 
0.0297 0.3175 0.2619 0.3909 
0.2099 0.3605 0.1981 0.2315 
0.2582 0.2263 0.2715 0.2441 

MOTIF filter11 
letter-probability matrix: alength= 4 w= 16 nsites= 16 
0.2930 0.2656 0.2031 0.2383 
0.1367 0.0078 0.6992 0.1562 
0.0625 0.7539 0.1055 0.0781 
0.3008 0.3672 0.2109 0.1211 
0.0234 0.0000 0.9062 0.0703 
0.0000 1.0000 0.0000 0.0000 
0.0000 1.0000 0.0000 0.0000 
1.0000 0.0000 0.0000 0.0000 
0.0000 0.0000 0.0000 1.0000 
0.0117 0.4727 0.1406 0.3750 
0.0000 0.0000 0.0000 1.0000 
0.0000 0.0000 0.0000 1.0000 
0.0625 0.0469 0.7852 0.1055 
0.3047 0.2305 0.2188 0.2461 
0.1914 0.2891 0.2539 0.2656 
0.2383 0.2891 0.2344 0.2383 

MOTIF filter12 
letter-probability matrix: alength= 4 w= 15 nsites= 15 
0.2670 0.2507 0.2084 0.2738 
0.2466 0.2684 0.2316 0.2534 
0.1185 0.2003 0.1417 0.5395 
0.0000 0.0000 0.0000 1.0000 
0.0000 0.0000 0.0041 0.9959 
0.0422 0.9578 0.0000 0.0000 
0.0041 0.7861 0.0000 0.2098 
0.2657 0.2044 0.2711 0.2589 
0.1540 0.0000 0.8460 0.0000 
0.0000 0.0000 0.9850 0.0150 
1.0000 0.0000 0.0000 0.0000 
1.0000 0.0000 0.0000 0.0000 
0.5586 0.0981 0.1866 0.1567 
0.2275 0.2670 0.2520 0.2534 
0.2698 0.2371 0.2643 0.2289 

MOTIF filter13 
letter-probability matrix: alength= 4 w= 16 nsites= 16 
0.2700 0.3145 0.2077 0.2077 
0.2819 0.2730 0.2077 0.2374 
0.2433 0.2255 0.2582 0.2730 
0.0030 0.8368 0.0742 0.0861 
0.0000 0.1484 0.0059 0.8457 
0.0000 0.2255 0.7448 0.0297 
1.0000 0.0000 0.0000 0.0000 
0.0000 0.0000 0.0000 1.0000 
0.0000 0.0000 0.0000 1.0000 
0.0000 0.0000 1.0000 0.0000 
0.0000 0.0000 1.0000 0.0000 
0.0386 0.4006 0.0030 0.5579 
0.0059 0.4303 0.1276 0.4362 
0.1810 0.4451 0.3027 0.0712 
0.4837 0.1424 0.3056 0.0682 
0.1484 0.1484 0.2760 0.4273 

MOTIF filter14 
letter-probability matrix: alength= 4 w= 17 nsites= 17 
0.2612 0.2500 0.2463 0.2425 
0.1978 0.2500 0.2649 0.2873 
0.2463 0.2164 0.2873 0.2500 
0.2537 0.0299 0.6791 0.0373 
0.1082 0.0000 0.8396 0.0522 
0.1381 0.0000 0.8619 0.0000 
0.0000 0.0000 1.0000 0.0000 
0.0000 0.0000 1.0000 0.0000 
0.2948 0.5746 0.0000 0.1306 
0.0000 0.0000 1.0000 0.0000 
0.0000 0.0000 1.0000 0.0000 
0.1231 0.0000 0.8769 0.0000 
0.1306 0.0112 0.8582 0.0000 
0.1642 0.6306 0.1567 0.0485 
0.2985 0.1866 0.3060 0.2090 
0.2164 0.3097 0.2425 0.2313 
0.2761 0.2201 0.2425 0.2612 

MOTIF filter15 
letter-probability matrix: alength= 4 w= 16 nsites= 16 
0.2247 0.2479 0.2674 0.2601 
0.2186 0.2772 0.2711 0.2332 
0.2857 0.2442 0.2247 0.2454 
0.1612 0.0598 0.0281 0.7509 
0.0317 0.0696 0.6813 0.2173 
0.4249 0.3883 0.0720 0.1148 
0.0049 0.9927 0.0024 0.0000 
0.0000 0.9951 0.0000 0.0049 
0.8339 0.0012 0.0061 0.1587 
0.0159 0.0000 0.0012 0.9829 
0.9963 0.0037 0.0000 0.0000 
0.0000 0.0012 0.0012 0.9976 
0.9878 0.0000 0.0000 0.0122 
0.1477 0.0000 0.0000 0.8523 
0.0012 0.0085 0.9902 0.0000 
0.0012 0.0012 0.9951 0.0024 

MOTIF filter16 
letter-probability matrix: alength= 4 w= 13 nsites= 13 
0.2621 0.2222 0.2279 0.2877 
0.2564 0.2165 0.2877 0.2393 
0.2279 0.2821 0.2678 0.2222 
0.0114 0.8433 0.1453 0.0000 
0.0399 0.9601 0.0000 0.0000 
0.0000 0.0000 1.0000 0.0000 
0.0000 0.0000 1.0000 0.0000 
1.0000 0.0000 0.0000 0.0000 
1.0000 0.0000 0.0000 0.0000 
0.0313 0.0057 0.9630 0.0000 
0.0171 0.2821 0.0057 0.6952 
0.1652 0.1026 0.6781 0.0541 
0.2422 0.2621 0.4644 0.0313 

MOTIF filter17 
letter-probability matrix: alength= 4 w= 18 nsites= 18 
0.2175 0.2435 0.2585 0.2804 
0.2175 0.2941 0.2668 0.2216 
0.2941 0.2421 0.2312 0.2326 
0.1477 0.0698 0.0383 0.7442 
0.0315 0.0807 0.6676 0.2202 
0.4227 0.3953 0.0547 0.1272 
0.0000 0.9986 0.0014 0.0000 
0.0000 0.9973 0.0000 0.0027 
0.8276 0.0000 0.0082 0.1642 
0.0137 0.0000 0.0000 0.9863 
1.0000 0.0000 0.0000 0.0000 
0.0000 0.0000 0.0000 1.0000 
0.9945 0.0000 0.0000 0.0055 
0.1313 0.0041 0.0000 0.8646 
0.0014 0.0055 0.9932 0.0000 
0.0000 0.0000 1.0000 0.0000 
0.0985 0.0575 0.4049 0.4391 
0.2161 0.7305 0.0465 0.0068 

MOTIF filter18 
letter-probability matrix: alength= 4 w= 11 nsites= 11 
0.4049 0.1885 0.2639 0.1426 
0.2311 0.3344 0.3508 0.0836 
0.0000 1.0000 0.0000 0.0000 
1.0000 0.0000 0.0000 0.0000 
0.0000 1.0000 0.0000 0.0000 
0.0000 0.0000 1.0000 0.0000 
0.0000 0.0000 0.0000 1.0000 
0.0000 0.0000 1.0000 0.0000 
0.0180 0.3803 0.3689 0.2328 
0.1033 0.2770 0.0869 0.5328 
0.2361 0.1918 0.2525 0.3197 

MOTIF filter19 
letter-probability matrix: alength= 4 w= 17 nsites= 17 
0.2677 0.2400 0.2615 0.2308 
0.2431 0.2892 0.2246 0.2431 
0.5169 0.0123 0.1415 0.3292 
0.6431 0.0154 0.0462 0.2954 
0.4615 0.0000 0.0215 0.5169 
0.2985 0.1477 0.1508 0.4031 
0.0092 0.0000 0.0000 0.9908 
0.0000 0.0000 1.0000 0.0000 
0.0215 0.9785 0.0000 0.0000 
0.0000 0.0000 0.0000 1.0000 
0.0000 0.0000 0.9938 0.0062 
1.0000 0.0000 0.0000 0.0000 
0.0308 0.4954 0.3169 0.1569 
0.1938 0.1138 0.0338 0.6585 
0.1877 0.3877 0.1169 0.3077 
0.5415 0.0554 0.1754 0.2277 
0.1569 0.0492 0.5385 0.2554 

MOTIF filter20 
letter-probability matrix: alength= 4 w= 17 nsites= 17 
0.2273 0.2505 0.2516 0.2706 
0.2125 0.2791 0.2780 0.2304 
0.2886 0.2389 0.2283 0.2442 
0.1670 0.0793 0.0497 0.7040 
0.0402 0.1004 0.6416 0.2178 
0.4027 0.3827 0.0877 0.1268 
0.0053 0.9799 0.0095 0.0053 
0.0000 0.9831 0.0053 0.0116 
0.8150 0.0063 0.0106 0.1681 
0.0275 0.0000 0.0032 0.9693 
0.9905 0.0063 0.0032 0.0000 
0.0000 0.0032 0.0011 0.9958 
0.9767 0.0032 0.0000 0.0201 
0.1681 0.0127 0.0053 0.8140 
0.0063 0.0127 0.9810 0.0000 
0.0021 0.0074 0.9873 0.0032 
0.1121 0.0698 0.3869 0.4313 

MOTIF filter21 
letter-probability matrix: alength= 4 w= 18 nsites= 18 
0.2000 0.2561 0.2632 0.2807 
0.2316 0.2947 0.2877 0.1860 
0.2667 0.2632 0.2070 0.2632 
0.1544 0.7018 0.1123 0.0316 
0.9965 0.0000 0.0035 0.0000 
0.9789 0.0070 0.0140 0.0000 
0.4246 0.0667 0.5053 0.0035 
1.0000 0.0000 0.0000 0.0000 
0.0000 0.0000 0.0000 1.0000 
0.0000 0.0000 1.0000 0.0000 
0.0000 0.0000 1.0000 0.0000 
0.0491 0.9158 0.0000 0.0351 
0.1018 0.1789 0.4316 0.2877 
0.0772 0.0596 0.7930 0.0702 
0.1158 0.8105 0.0070 0.0667 
0.2351 0.2351 0.2140 0.3158 
0.2211 0.2281 0.3123 0.2386 
0.2351 0.2246 0.2702 0.2702 

MOTIF filter22 
letter-probability matrix: alength= 4 w= 15 nsites= 15 
0.1939 0.2636 0.2576 0.2848 
0.1485 0.1758 0.3939 0.2818 
0.0091 0.4939 0.2303 0.2667 
0.0758 0.6424 0.1394 0.1424 
0.7273 0.0061 0.2455 0.0212 
0.0000 0.9576 0.0061 0.0364 
0.0000 0.0000 0.0000 1.0000 
0.0000 0.0000 0.0000 1.0000 
0.0000 1.0000 0.0000 0.0000 
0.0000 1.0000 0.0000 0.0000 
0.0000 0.0000 0.9848 0.0152 
0.0000 0.1667 0.8242 0.0091 
0.2273 0.2182 0.2515 0.3030 
0.2152 0.2424 0.2667 0.2758 
0.2667 0.1970 0.2273 0.3091 

MOTIF filter23 
letter-probability matrix: alength= 4 w= 9 nsites= 9 
0.2184 0.2934 0.2912 0.1970 
0.5225 0.1435 0.3084 0.0257 
0.0964 0.3961 0.4711 0.0364 
0.0000 1.0000 0.0000 0.0000 
1.0000 0.0000 0.0000 0.0000 
0.0000 0.9957 0.0000 0.0043 
0.0000 0.0000 1.0000 0.0000 
0.0000 0.0000 0.0000 1.0000 
0.0000 0.0000 1.0000 0.0000 

MOTIF filter24 
letter-probability matrix: alength= 4 w= 14 nsites= 14 
0.2608 0.2477 0.2156 0.2759 
0.2792 0.2333 0.2392 0.2484 
0.1907 0.2333 0.1461 0.4299 
0.0079 0.0151 0.0052 0.9718 
0.0007 0.0026 0.0334 0.9633 
0.1153 0.8277 0.0098 0.0472 
0.0282 0.7208 0.0039 0.2471 
0.2392 0.2438 0.2379 0.2792 
0.2543 0.0007 0.7064 0.0387 
0.0059 0.0111 0.8683 0.1147 
0.9115 0.0603 0.0092 0.0190 
0.9777 0.0092 0.0118 0.0013 
0.4489 0.1560 0.2274 0.1678 
0.2372 0.2615 0.2431 0.2582 

MOTIF filter25 
letter-probability matrix: alength= 4 w= 15 nsites= 15 
0.1463 0.4024 0.2012 0.2500 
0.1341 0.6098 0.1220 0.1341 
0.5610 0.1280 0.2439 0.0671 
0.0366 0.7927 0.0671 0.1037 
0.0610 0.0244 0.0854 0.8293 
0.0305 0.0427 0.0549 0.8720 
0.0000 1.0000 0.0000 0.0000 
0.0000 1.0000 0.0000 0.0000 
0.0000 0.0000 1.0000 0.0000 
0.0000 0.0427 0.9573 0.0000 
0.7866 0.0305 0.0976 0.0854 
0.7256 0.0732 0.0976 0.1037 
0.1646 0.1159 0.5976 0.1220 
0.1341 0.3232 0.0976 0.4451 
0.2439 0.1341 0.5183 0.1037 

MOTIF filter26 
letter-probability matrix: alength= 4 w= 13 nsites= 13 
0.1439 0.3575 0.3142 0.1844 
0.3869 0.1606 0.3785 0.0740 
0.2961 0.4134 0.2430 0.0475 
0.0000 0.6941 0.0000 0.3059 
0.0000 0.7123 0.2877 0.0000 
1.0000 0.0000 0.0000 0.0000 
0.5223 0.0000 0.0000 0.4777 
0.0000 0.0000 0.0000 1.0000 
0.0000 0.2849 0.7151 0.0000 
0.3715 0.0000 0.6285 0.0000 
0.0517 0.2668 0.4148 0.2668 
0.0642 0.3673 0.1983 0.3701 
0.2221 0.3701 0.2947 0.1131 

MOTIF filter27 
letter-probability matrix: alength= 4 w= 16 nsites= 16 
0.2531 0.2406 0.2531 0.2531 
0.2344 0.2625 0.2844 0.2188 
0.0469 0.0000 0.3750 0.5781 
0.0031 0.8750 0.0000 0.1219 
0.0031 0.0000 0.0000 0.9969 
1.0000 0.0000 0.0000 0.0000 
0.0000 0.0000 0.0094 0.9906 
0.0000 0.0031 0.0000 0.9969 
0.0375 0.0000 0.0031 0.9594 
0.3844 0.0031 0.0000 0.6125 
0.0031 0.0000 0.0000 0.9969 
0.9844 0.0000 0.0156 0.0000 
0.0125 0.0000 0.9187 0.0688 
0.3969 0.4156 0.0469 0.1406 
0.2844 0.2469 0.3031 0.1656 
0.2625 0.2750 0.2250 0.2375 

MOTIF filter28 
letter-probability matrix: alength= 4 w= 12 nsites= 12 
0.2210 0.2593 0.2556 0.2642 
0.4210 0.1926 0.2556 0.1309 
0.2370 0.3123 0.2926 0.1580 
0.0000 1.0000 0.0000 0.0000 
1.0000 0.0000 0.0000 0.0000 
0.0000 1.0000 0.0000 0.0000 
0.0086 0.0000 0.9914 0.0000 
0.0025 0.0000 0.0000 0.9975 
0.0000 0.0000 1.0000 0.0000 
0.1667 0.2753 0.3358 0.2222 
0.1654 0.1901 0.1407 0.5037 
0.2593 0.2395 0.2704 0.2309 

MOTIF filter29 
letter-probability matrix: alength= 4 w= 13 nsites= 13 
0.2467 0.2344 0.2620 0.2569 
0.2354 0.1658 0.3900 0.2088 
0.4023 0.2252 0.3664 0.0061 
0.0000 0.0000 0.0000 1.0000 
0.0000 0.0000 0.9990 0.0010 
1.0000 0.0000 0.0000 0.0000 
0.0000 0.5005 0.4995 0.0000 
0.0000 0.0000 0.0000 1.0000 
0.0000 1.0000 0.0000 0.0000 
1.0000 0.0000 0.0000 0.0000 
0.0051 0.3357 0.2528 0.4063 
0.2170 0.3582 0.1904 0.2344 
0.2631 0.2160 0.2743 0.2467 

MOTIF filter30 
letter-probability matrix: alength= 4 w= 17 nsites= 17 
0.2886 0.2398 0.1951 0.2764 
0.2520 0.3130 0.2398 0.1951 
0.2154 0.2683 0.2439 0.2724 
0.0813 0.0122 0.7602 0.1463 
0.0772 0.7642 0.1016 0.0569 
0.2886 0.3699 0.2886 0.0528 
0.0366 0.0000 0.8984 0.0650 
0.0000 1.0000 0.0000 0.0000 
0.0000 1.0000 0.0000 0.0000 
1.0000 0.0000 0.0000 0.0000 
0.0000 0.0000 0.0000 1.0000 
0.0081 0.4756 0.1260 0.3902 
0.0000 0.0203 0.0000 0.9797 
0.0000 0.0163 0.0000 0.9837 
0.0407 0.0935 0.7724 0.0935 
0.2927 0.2114 0.2561 0.2398 
0.2033 0.2683 0.2480 0.2805 

MOTIF filter31 
letter-probability matrix: alength= 4 w= 16 nsites= 16 
0.4255 0.2181 0.1729 0.1835 
0.0824 0.3590 0.1144 0.4441 
0.0665 0.3191 0.3723 0.2420 
0.4202 0.1303 0.4495 0.0000 
0.5904 0.0027 0.3617 0.0452 
0.0000 1.0000 0.0000 0.0000 
0.0000 1.0000 0.0000 0.0000 
1.0000 0.0000 0.0000 0.0000 
1.0000 0.0000 0.0000 0.0000 
0.0000 0.0000 0.0000 1.0000 
0.0399 0.7952 0.1649 0.0000 
0.8457 0.0027 0.1516 0.0000 
0.0665 0.0638 0.8590 0.0106 
0.2207 0.2793 0.2394 0.2606 
0.2793 0.1915 0.2527 0.2766 
0.2287 0.2846 0.2234 0.2633 

