MEME version 4

ALPHABET= ACGT

Background letter frequencies:
A 0.2500 C 0.2500 G 0.2500 T 0.2500 

MOTIF filter0 
letter-probability matrix: alength= 4 w= 12 nsites= 12 
0.2227 0.2668 0.2638 0.2467 
0.3922 0.1996 0.2568 0.1515 
0.2267 0.3019 0.3159 0.1555 
0.0000 1.0000 0.0000 0.0000 
1.0000 0.0000 0.0000 0.0000 
0.0000 1.0000 0.0000 0.0000 
0.0000 0.0000 1.0000 0.0000 
0.0000 0.0000 0.0000 1.0000 
0.0000 0.0000 1.0000 0.0000 
0.1585 0.2909 0.3139 0.2367 
0.1655 0.2427 0.1725 0.4193 
0.2337 0.2578 0.2508 0.2578 

MOTIF filter1 
letter-probability matrix: alength= 4 w= 15 nsites= 15 
0.2506 0.2284 0.2594 0.2616 
0.2373 0.2616 0.2639 0.2373 
0.2661 0.0710 0.5831 0.0798 
0.1308 0.0000 0.7738 0.0953 
0.2018 0.0000 0.7982 0.0000 
0.0000 0.0000 1.0000 0.0000 
0.0000 0.0000 1.0000 0.0000 
0.3215 0.5322 0.0000 0.1463 
0.0000 0.0000 1.0000 0.0000 
0.0000 0.0000 1.0000 0.0000 
0.1929 0.0000 0.8071 0.0000 
0.2239 0.0399 0.7361 0.0000 
0.1929 0.5166 0.1907 0.0998 
0.2572 0.2062 0.2949 0.2417 
0.2395 0.2905 0.2151 0.2550 

MOTIF filter2 
letter-probability matrix: alength= 4 w= 13 nsites= 13 
0.2450 0.2301 0.2610 0.2639 
0.2311 0.1683 0.3964 0.2042 
0.3954 0.2251 0.3596 0.0199 
0.0000 0.0000 0.0000 1.0000 
0.0000 0.0000 1.0000 0.0000 
1.0000 0.0000 0.0000 0.0000 
0.0010 0.5020 0.4970 0.0000 
0.0000 0.0000 0.0000 1.0000 
0.0000 1.0000 0.0000 0.0000 
1.0000 0.0000 0.0000 0.0000 
0.0139 0.3337 0.2540 0.3984 
0.2211 0.3576 0.1853 0.2361 
0.2590 0.2211 0.2719 0.2480 

MOTIF filter3 
letter-probability matrix: alength= 4 w= 13 nsites= 13 
0.2946 0.1671 0.3116 0.2266 
0.6119 0.0765 0.1161 0.1955 
0.1615 0.2805 0.5156 0.0425 
0.0000 0.0000 0.0000 1.0000 
0.0142 0.9858 0.0000 0.0000 
1.0000 0.0000 0.0000 0.0000 
0.0000 0.0000 0.9547 0.0453 
0.0000 1.0000 0.0000 0.0000 
1.0000 0.0000 0.0000 0.0000 
0.4193 0.1643 0.1615 0.2550 
0.4504 0.0312 0.0085 0.5099 
0.3994 0.0170 0.0170 0.5666 
0.3144 0.1246 0.0283 0.5326 

MOTIF filter4 
letter-probability matrix: alength= 4 w= 15 nsites= 15 
0.1842 0.2944 0.2516 0.2697 
0.2566 0.2204 0.2664 0.2566 
0.2533 0.2747 0.2418 0.2303 
0.4918 0.1447 0.3586 0.0049 
0.0000 0.0000 0.0000 1.0000 
0.0000 0.0000 0.0049 0.9951 
0.2845 0.0000 0.6546 0.0609 
0.0000 0.9885 0.0000 0.0115 
0.0576 0.0000 0.9391 0.0033 
0.0378 0.7385 0.0000 0.2237 
0.9638 0.0362 0.0000 0.0000 
1.0000 0.0000 0.0000 0.0000 
0.0000 0.3717 0.1266 0.5016 
0.2286 0.2812 0.2911 0.1990 
0.2385 0.1990 0.2566 0.3059 

MOTIF filter5 
letter-probability matrix: alength= 4 w= 16 nsites= 16 
0.2343 0.2391 0.2585 0.2681 
0.3213 0.2633 0.2271 0.1884 
0.1787 0.2850 0.2681 0.2681 
0.5773 0.0435 0.3792 0.0000 
0.0000 0.0000 0.0000 1.0000 
0.0000 0.0000 0.0024 0.9976 
0.1957 0.0000 0.7947 0.0097 
0.0000 0.9517 0.0000 0.0483 
0.0290 0.0000 0.9710 0.0000 
0.0628 0.6812 0.0000 0.2560 
0.9976 0.0024 0.0000 0.0000 
1.0000 0.0000 0.0000 0.0000 
0.0097 0.2609 0.0749 0.6546 
0.2971 0.2005 0.3116 0.1908 
0.2005 0.2222 0.2681 0.3092 
0.2512 0.2657 0.2464 0.2367 

MOTIF filter6 
letter-probability matrix: alength= 4 w= 12 nsites= 12 
0.2332 0.2668 0.2562 0.2438 
0.4187 0.1961 0.2473 0.1378 
0.2314 0.3110 0.3101 0.1475 
0.0000 1.0000 0.0000 0.0000 
0.9991 0.0000 0.0009 0.0000 
0.0000 0.9585 0.0000 0.0415 
0.0557 0.0000 0.9443 0.0000 
0.0000 0.0062 0.0000 0.9938 
0.0000 0.0000 1.0000 0.0000 
0.1661 0.2906 0.3110 0.2323 
0.1634 0.2473 0.1581 0.4311 
0.2323 0.2606 0.2473 0.2597 

MOTIF filter7 
letter-probability matrix: alength= 4 w= 18 nsites= 18 
0.2723 0.2822 0.2030 0.2426 
0.2822 0.2822 0.2525 0.1832 
0.1980 0.3020 0.2327 0.2673 
0.1139 0.0000 0.7525 0.1337 
0.0693 0.8069 0.0990 0.0248 
0.2574 0.4059 0.2426 0.0941 
0.0347 0.0000 0.9257 0.0396 
0.0000 1.0000 0.0000 0.0000 
0.0000 1.0000 0.0000 0.0000 
1.0000 0.0000 0.0000 0.0000 
0.0000 0.0000 0.0000 1.0000 
0.0050 0.5644 0.1089 0.3218 
0.0000 0.0297 0.0000 0.9703 
0.0000 0.0099 0.0000 0.9901 
0.0347 0.0644 0.8218 0.0792 
0.2723 0.2228 0.2871 0.2178 
0.1881 0.2673 0.2723 0.2723 
0.2426 0.2723 0.2426 0.2426 

MOTIF filter8 
letter-probability matrix: alength= 4 w= 16 nsites= 16 
0.2917 0.2821 0.2051 0.2212 
0.2500 0.3141 0.2051 0.2308 
0.2276 0.2500 0.2500 0.2724 
0.0000 0.8590 0.0962 0.0449 
0.0000 0.1603 0.0000 0.8397 
0.0032 0.2308 0.7436 0.0224 
1.0000 0.0000 0.0000 0.0000 
0.0000 0.0000 0.0000 1.0000 
0.0000 0.0000 0.0000 1.0000 
0.0000 0.0000 1.0000 0.0000 
0.0000 0.0000 1.0000 0.0000 
0.0288 0.4103 0.0000 0.5609 
0.0064 0.4295 0.1218 0.4423 
0.1795 0.4327 0.2981 0.0897 
0.4936 0.1571 0.3205 0.0288 
0.1635 0.1250 0.2564 0.4551 

MOTIF filter9 
letter-probability matrix: alength= 4 w= 15 nsites= 15 
0.1845 0.2704 0.2489 0.2961 
0.1373 0.1588 0.4292 0.2747 
0.0086 0.5064 0.2318 0.2532 
0.0258 0.7639 0.1159 0.0944 
0.7639 0.0086 0.2189 0.0086 
0.0000 0.9914 0.0043 0.0043 
0.0000 0.0000 0.0000 1.0000 
0.0000 0.0000 0.0000 1.0000 
0.0000 1.0000 0.0000 0.0000 
0.0000 1.0000 0.0000 0.0000 
0.0000 0.0000 1.0000 0.0000 
0.0000 0.1631 0.8369 0.0000 
0.2318 0.1845 0.2961 0.2876 
0.2361 0.2532 0.2618 0.2489 
0.2704 0.2017 0.2618 0.2661 

MOTIF filter10 
letter-probability matrix: alength= 4 w= 20 nsites= 20 
0.2089 0.2848 0.2772 0.2291 
0.2823 0.2456 0.2278 0.2443 
0.1532 0.0684 0.0405 0.7380 
0.0241 0.0772 0.6848 0.2139 
0.4228 0.4000 0.0608 0.1165 
0.0000 1.0000 0.0000 0.0000 
0.0000 0.9962 0.0000 0.0038 
0.8367 0.0000 0.0025 0.1608 
0.0190 0.0000 0.0000 0.9810 
1.0000 0.0000 0.0000 0.0000 
0.0000 0.0000 0.0013 0.9987 
0.9886 0.0000 0.0000 0.0114 
0.1519 0.0025 0.0000 0.8456 
0.0013 0.0025 0.9962 0.0000 
0.0000 0.0000 0.9975 0.0025 
0.0937 0.0684 0.4013 0.4367 
0.2089 0.6747 0.0861 0.0304 
0.7519 0.0190 0.0582 0.1709 
0.2316 0.2873 0.2418 0.2392 
0.2089 0.2646 0.2709 0.2557 

MOTIF filter11 
letter-probability matrix: alength= 4 w= 16 nsites= 16 
0.4720 0.2419 0.1180 0.1681 
0.0501 0.3658 0.1150 0.4690 
0.0590 0.3333 0.3805 0.2271 
0.4454 0.1032 0.4454 0.0059 
0.5811 0.0029 0.3776 0.0383 
0.0000 1.0000 0.0000 0.0000 
0.0000 1.0000 0.0000 0.0000 
1.0000 0.0000 0.0000 0.0000 
1.0000 0.0000 0.0000 0.0000 
0.0000 0.0000 0.0000 1.0000 
0.0088 0.7581 0.2330 0.0000 
0.8348 0.0000 0.1652 0.0000 
0.0619 0.0501 0.8673 0.0206 
0.2094 0.3097 0.2389 0.2419 
0.2891 0.2124 0.2655 0.2330 
0.2448 0.2596 0.2537 0.2419 

MOTIF filter12 
letter-probability matrix: alength= 4 w= 16 nsites= 16 
0.2602 0.2571 0.2476 0.2351 
0.1003 0.0219 0.7085 0.1693 
0.0690 0.7147 0.1097 0.1066 
0.2790 0.3386 0.2696 0.1129 
0.0376 0.0000 0.8401 0.1223 
0.0000 1.0000 0.0000 0.0000 
0.0000 1.0000 0.0000 0.0000 
1.0000 0.0000 0.0000 0.0000 
0.0000 0.0000 0.0000 1.0000 
0.0063 0.4201 0.1536 0.4201 
0.0000 0.0000 0.0000 1.0000 
0.0000 0.0000 0.0000 1.0000 
0.0658 0.1034 0.7053 0.1254 
0.2978 0.2132 0.2226 0.2665 
0.1944 0.3103 0.2571 0.2382 
0.2414 0.2790 0.2571 0.2226 

MOTIF filter13 
letter-probability matrix: alength= 4 w= 15 nsites= 15 
0.2982 0.2675 0.1754 0.2588 
0.2456 0.2281 0.3070 0.2193 
0.2281 0.2193 0.2412 0.3114 
0.0044 0.9079 0.0877 0.0000 
0.0307 0.9693 0.0000 0.0000 
0.0000 0.0000 1.0000 0.0000 
0.0000 0.0000 1.0000 0.0000 
1.0000 0.0000 0.0000 0.0000 
1.0000 0.0000 0.0000 0.0000 
0.0132 0.0000 0.9868 0.0000 
0.0000 0.3070 0.0000 0.6930 
0.1930 0.0439 0.7281 0.0351 
0.2719 0.2325 0.4868 0.0088 
0.1930 0.4518 0.2281 0.1272 
0.1886 0.2807 0.2500 0.2807 

MOTIF filter14 
letter-probability matrix: alength= 4 w= 16 nsites= 16 
0.4300 0.1889 0.1987 0.1824 
0.0814 0.4007 0.0945 0.4235 
0.0749 0.3420 0.3453 0.2378 
0.4235 0.0977 0.4788 0.0000 
0.6026 0.0098 0.3583 0.0293 
0.0000 1.0000 0.0000 0.0000 
0.0000 1.0000 0.0000 0.0000 
1.0000 0.0000 0.0000 0.0000 
1.0000 0.0000 0.0000 0.0000 
0.0000 0.0000 0.0000 1.0000 
0.0195 0.8339 0.1466 0.0000 
0.8730 0.0033 0.1238 0.0000 
0.0489 0.0554 0.8925 0.0033 
0.2280 0.2345 0.2736 0.2638 
0.2476 0.1824 0.2736 0.2964 
0.2248 0.2964 0.1889 0.2899 

MOTIF filter15 
letter-probability matrix: alength= 4 w= 16 nsites= 16 
0.2554 0.2554 0.2439 0.2453 
0.2496 0.2619 0.2540 0.2345 
0.1400 0.0851 0.3290 0.4459 
0.0685 0.7734 0.0130 0.1450 
0.0130 0.0354 0.0144 0.9372 
0.9632 0.0014 0.0007 0.0346 
0.2980 0.0007 0.0072 0.6941 
0.4170 0.0036 0.0000 0.5794 
0.5000 0.0000 0.0022 0.4978 
0.6385 0.0029 0.0000 0.3586 
0.0613 0.0000 0.0000 0.9387 
0.9257 0.0137 0.0325 0.0281 
0.1631 0.0079 0.7395 0.0895 
0.4141 0.3470 0.0830 0.1558 
0.2525 0.2518 0.2561 0.2395 
0.2446 0.2843 0.2489 0.2222 

MOTIF filter16 
letter-probability matrix: alength= 4 w= 20 nsites= 20 
0.2894 0.2392 0.2343 0.2372 
0.1673 0.0935 0.0472 0.6919 
0.0433 0.1083 0.6201 0.2283 
0.3976 0.3839 0.0896 0.1289 
0.0049 0.9783 0.0138 0.0030 
0.0049 0.9596 0.0108 0.0246 
0.8061 0.0059 0.0118 0.1762 
0.0404 0.0000 0.0049 0.9547 
0.9872 0.0079 0.0030 0.0020 
0.0000 0.0049 0.0039 0.9911 
0.9685 0.0030 0.0000 0.0285 
0.1614 0.0128 0.0108 0.8150 
0.0079 0.0148 0.9695 0.0079 
0.0089 0.0157 0.9695 0.0059 
0.1260 0.0817 0.3760 0.4163 
0.2323 0.6181 0.1053 0.0443 
0.6880 0.0472 0.0748 0.1900 
0.2510 0.2726 0.2382 0.2382 
0.2303 0.2530 0.2648 0.2520 
0.2382 0.2234 0.2756 0.2628 

MOTIF filter17 
letter-probability matrix: alength= 4 w= 14 nsites= 14 
0.1653 0.2107 0.3627 0.2613 
0.0347 0.4373 0.2427 0.2853 
0.1013 0.6027 0.1307 0.1653 
0.6880 0.0107 0.2800 0.0213 
0.0000 0.9573 0.0000 0.0427 
0.0000 0.0000 0.0000 1.0000 
0.0000 0.0000 0.0000 1.0000 
0.0000 1.0000 0.0000 0.0000 
0.0000 1.0000 0.0000 0.0000 
0.0000 0.0000 0.9760 0.0240 
0.0000 0.1413 0.8480 0.0107 
0.3067 0.1867 0.2160 0.2907 
0.2800 0.2027 0.2480 0.2693 
0.2400 0.2320 0.2347 0.2933 

MOTIF filter18 
letter-probability matrix: alength= 4 w= 13 nsites= 13 
0.1993 0.2562 0.2456 0.2989 
0.2562 0.1886 0.2954 0.2598 
0.2028 0.2633 0.3132 0.2206 
0.0000 0.8897 0.1103 0.0000 
0.0036 0.9964 0.0000 0.0000 
0.0000 0.0000 1.0000 0.0000 
0.0000 0.0000 1.0000 0.0000 
1.0000 0.0000 0.0000 0.0000 
1.0000 0.0000 0.0000 0.0000 
0.0391 0.0178 0.9431 0.0000 
0.0142 0.2669 0.0071 0.7117 
0.1210 0.1068 0.7438 0.0285 
0.2349 0.2740 0.4698 0.0214 

MOTIF filter19 
letter-probability matrix: alength= 4 w= 17 nsites= 17 
0.2624 0.2340 0.2624 0.2411 
0.2340 0.2553 0.2270 0.2837 
0.5284 0.0035 0.0887 0.3794 
0.6667 0.0071 0.0461 0.2801 
0.4468 0.0000 0.0142 0.5390 
0.2943 0.1170 0.1915 0.3972 
0.0000 0.0000 0.0000 1.0000 
0.0000 0.0000 1.0000 0.0000 
0.0390 0.9610 0.0000 0.0000 
0.0000 0.0000 0.0000 1.0000 
0.0000 0.0000 1.0000 0.0000 
1.0000 0.0000 0.0000 0.0000 
0.0284 0.5177 0.2872 0.1667 
0.1844 0.1348 0.0284 0.6525 
0.1809 0.3723 0.1170 0.3298 
0.5426 0.0567 0.1312 0.2695 
0.1738 0.0284 0.5426 0.2553 

MOTIF filter20 
letter-probability matrix: alength= 4 w= 14 nsites= 14 
0.2562 0.2332 0.2370 0.2736 
0.2660 0.2338 0.2584 0.2417 
0.2023 0.2518 0.1878 0.3580 
0.0274 0.0772 0.0205 0.8749 
0.0315 0.0110 0.0927 0.8648 
0.2077 0.7359 0.0378 0.0186 
0.0652 0.6209 0.0164 0.2975 
0.2455 0.2373 0.2556 0.2616 
0.3114 0.0136 0.6139 0.0611 
0.0120 0.0208 0.7655 0.2017 
0.8642 0.1021 0.0063 0.0274 
0.9026 0.0438 0.0460 0.0076 
0.3864 0.1891 0.2370 0.1875 
0.2332 0.2556 0.2521 0.2591 

MOTIF filter21 
letter-probability matrix: alength= 4 w= 14 nsites= 14 
0.0788 0.8112 0.0187 0.0913 
0.0000 0.0062 0.0000 0.9938 
1.0000 0.0000 0.0000 0.0000 
0.4793 0.0021 0.0062 0.5124 
0.8299 0.0062 0.0000 0.1639 
0.9025 0.0000 0.0228 0.0747 
0.9876 0.0021 0.0000 0.0104 
0.0000 0.0000 0.0000 1.0000 
1.0000 0.0000 0.0000 0.0000 
0.1245 0.0000 0.8755 0.0000 
0.5519 0.3216 0.0290 0.0975 
0.2697 0.2344 0.2448 0.2510 
0.2448 0.2739 0.2531 0.2282 
0.2448 0.2676 0.2614 0.2261 

MOTIF filter22 
letter-probability matrix: alength= 4 w= 13 nsites= 13 
0.2638 0.2546 0.2244 0.2572 
0.2454 0.2467 0.2388 0.2690 
0.2270 0.2310 0.1247 0.4173 
0.0354 0.1024 0.0879 0.7743 
0.0000 0.0000 0.0000 1.0000 
0.0000 0.4213 0.0013 0.5774 
0.0420 0.9580 0.0000 0.0000 
0.0656 0.5276 0.0000 0.4068 
0.4134 0.0000 0.4974 0.0892 
0.0000 0.0000 0.9921 0.0079 
0.4423 0.0079 0.5446 0.0052 
1.0000 0.0000 0.0000 0.0000 
0.8661 0.0407 0.0669 0.0262 

MOTIF filter23 
letter-probability matrix: alength= 4 w= 12 nsites= 12 
0.2310 0.2690 0.2589 0.2411 
0.2259 0.3071 0.2462 0.2208 
0.2792 0.2208 0.2107 0.2893 
0.1447 0.6827 0.1142 0.0584 
1.0000 0.0000 0.0000 0.0000 
0.9873 0.0000 0.0127 0.0000 
0.4137 0.0711 0.4975 0.0178 
1.0000 0.0000 0.0000 0.0000 
0.0000 0.0000 0.0000 1.0000 
0.0000 0.0000 1.0000 0.0000 
0.0000 0.0000 1.0000 0.0000 
0.0508 0.8528 0.0000 0.0964 

MOTIF filter24 
letter-probability matrix: alength= 4 w= 20 nsites= 20 
0.2634 0.2593 0.2193 0.2579 
0.2152 0.0345 0.6166 0.1338 
0.1738 0.5821 0.0648 0.1793 
0.2400 0.2993 0.3959 0.0648 
0.0069 0.5517 0.0772 0.3641 
0.2041 0.4152 0.3159 0.0648 
0.0014 0.4455 0.2690 0.2841 
0.0276 0.2607 0.4276 0.2841 
0.0028 0.6221 0.0345 0.3407 
0.2497 0.4221 0.2910 0.0372 
0.1062 0.4455 0.3255 0.1228 
0.4414 0.2897 0.2634 0.0055 
0.1048 0.6510 0.2234 0.0207 
0.0055 0.4648 0.3407 0.1890 
0.0441 0.3779 0.3214 0.2566 
0.1490 0.2731 0.1931 0.3848 
0.0014 0.5076 0.4579 0.0331 
0.0331 0.0538 0.8979 0.0152 
0.4524 0.1310 0.1324 0.2841 
0.0455 0.2069 0.7448 0.0028 

MOTIF filter25 
letter-probability matrix: alength= 4 w= 18 nsites= 18 
0.2238 0.2347 0.2635 0.2780 
0.2202 0.3032 0.2852 0.1913 
0.2455 0.2744 0.2202 0.2599 
0.1625 0.7004 0.0903 0.0469 
0.9892 0.0000 0.0108 0.0000 
0.9856 0.0000 0.0144 0.0000 
0.4224 0.0866 0.4729 0.0181 
1.0000 0.0000 0.0000 0.0000 
0.0000 0.0000 0.0000 1.0000 
0.0000 0.0000 1.0000 0.0000 
0.0000 0.0000 1.0000 0.0000 
0.0505 0.8989 0.0000 0.0505 
0.0939 0.1877 0.4585 0.2599 
0.0469 0.0542 0.8412 0.0578 
0.0830 0.8412 0.0108 0.0650 
0.2780 0.1949 0.2383 0.2888 
0.2094 0.2527 0.3177 0.2202 
0.2744 0.2419 0.2960 0.1877 

MOTIF filter26 
letter-probability matrix: alength= 4 w= 19 nsites= 19 
0.2490 0.2874 0.2452 0.2184 
0.2644 0.2452 0.2567 0.2337 
0.2567 0.3180 0.1992 0.2261 
0.5479 0.0115 0.1341 0.3065 
0.6897 0.0038 0.0192 0.2874 
0.4636 0.0000 0.0230 0.5134 
0.3142 0.1724 0.0805 0.4330 
0.0115 0.0000 0.0000 0.9885 
0.0000 0.0000 1.0000 0.0000 
0.0038 0.9962 0.0000 0.0000 
0.0000 0.0000 0.0000 1.0000 
0.0000 0.0000 0.9847 0.0153 
1.0000 0.0000 0.0000 0.0000 
0.0192 0.5134 0.3180 0.1494 
0.1992 0.0958 0.0460 0.6590 
0.1686 0.3831 0.1188 0.3295 
0.5556 0.0421 0.1916 0.2107 
0.0996 0.0345 0.5939 0.2720 
0.2835 0.2337 0.2490 0.2337 

MOTIF filter27 
letter-probability matrix: alength= 4 w= 20 nsites= 20 
0.2962 0.2538 0.2385 0.2115 
0.2346 0.2923 0.2000 0.2731 
0.2692 0.5885 0.0308 0.1115 
0.2538 0.1808 0.0615 0.5038 
0.2769 0.1462 0.3154 0.2615 
0.6538 0.0231 0.1000 0.2231 
0.1423 0.3500 0.4923 0.0154 
0.0000 0.0000 0.0000 1.0000 
0.0038 0.9962 0.0000 0.0000 
1.0000 0.0000 0.0000 0.0000 
0.0000 0.0000 1.0000 0.0000 
0.0000 1.0000 0.0000 0.0000 
0.9923 0.0000 0.0000 0.0077 
0.5038 0.1615 0.0808 0.2538 
0.4154 0.0462 0.0000 0.5385 
0.3692 0.0885 0.0000 0.5423 
0.3077 0.0769 0.0115 0.6038 
0.2692 0.2308 0.2500 0.2500 
0.2923 0.2577 0.2038 0.2462 
0.2385 0.3038 0.2231 0.2346 

MOTIF filter28 
letter-probability matrix: alength= 4 w= 15 nsites= 15 
0.2605 0.3221 0.1989 0.2185 
0.2577 0.2521 0.2437 0.2465 
0.2633 0.2493 0.2381 0.2493 
0.0140 0.8263 0.0616 0.0980 
0.0000 0.1849 0.0000 0.8151 
0.0000 0.2297 0.7647 0.0056 
1.0000 0.0000 0.0000 0.0000 
0.0000 0.0000 0.0000 1.0000 
0.0000 0.0000 0.0000 1.0000 
0.0000 0.0000 1.0000 0.0000 
0.0000 0.0000 1.0000 0.0000 
0.0504 0.3950 0.0056 0.5490 
0.0168 0.4314 0.1345 0.4174 
0.1681 0.4566 0.3305 0.0448 
0.4874 0.1232 0.3165 0.0728 

MOTIF filter29 
letter-probability matrix: alength= 4 w= 15 nsites= 15 
0.2620 0.2803 0.2471 0.2105 
0.2529 0.2666 0.2403 0.2403 
0.1247 0.2185 0.4165 0.2403 
0.0000 0.6098 0.1373 0.2529 
0.0355 0.6728 0.0011 0.2906 
0.0023 0.9920 0.0011 0.0046 
0.0057 0.9851 0.0034 0.0057 
0.1693 0.0023 0.4977 0.3307 
0.0092 0.9794 0.0011 0.0103 
0.0034 0.9954 0.0000 0.0011 
0.0023 0.7037 0.0011 0.2929 
0.1670 0.6430 0.0011 0.1888 
0.1053 0.4920 0.1190 0.2838 
0.2380 0.2735 0.2540 0.2346 
0.2643 0.2551 0.2368 0.2437 

MOTIF filter30 
letter-probability matrix: alength= 4 w= 20 nsites= 20 
0.2212 0.2530 0.2609 0.2649 
0.2013 0.2954 0.2728 0.2305 
0.2901 0.2358 0.2305 0.2437 
0.1391 0.0742 0.0371 0.7497 
0.0291 0.0742 0.6901 0.2066 
0.4265 0.3947 0.0609 0.1179 
0.0000 1.0000 0.0000 0.0000 
0.0000 1.0000 0.0000 0.0000 
0.8212 0.0000 0.0053 0.1735 
0.0053 0.0000 0.0000 0.9947 
1.0000 0.0000 0.0000 0.0000 
0.0000 0.0000 0.0000 1.0000 
0.9987 0.0000 0.0000 0.0013 
0.1457 0.0026 0.0000 0.8517 
0.0000 0.0053 0.9947 0.0000 
0.0000 0.0000 1.0000 0.0000 
0.0967 0.0689 0.3921 0.4424 
0.2185 0.6662 0.0887 0.0265 
0.7457 0.0265 0.0583 0.1695 
0.1934 0.2848 0.2556 0.2662 

MOTIF filter31 
letter-probability matrix: alength= 4 w= 15 nsites= 15 
0.2709 0.2050 0.2371 0.2870 
0.1818 0.2816 0.2781 0.2585 
0.2353 0.2371 0.2086 0.3191 
0.5258 0.0873 0.3725 0.0143 
0.0000 0.0000 0.0000 1.0000 
0.0000 0.0000 0.0285 0.9715 
0.2888 0.0000 0.6506 0.0606 
0.0000 0.9590 0.0000 0.0410 
0.0499 0.0071 0.9430 0.0000 
0.0303 0.7647 0.0000 0.2050 
0.9964 0.0036 0.0000 0.0000 
1.0000 0.0000 0.0000 0.0000 
0.0000 0.3850 0.0695 0.5455 
0.3119 0.2602 0.2567 0.1711 
0.2371 0.2103 0.2567 0.2959 

