MEME version 4

ALPHABET= ACGT

Background letter frequencies:
A 0.2500 C 0.2500 G 0.2500 T 0.2500 

MOTIF filter0 
letter-probability matrix: alength= 4 w= 19 nsites= 19 
0.2308 0.2821 0.2350 0.2521 
0.6538 0.0000 0.0641 0.2821 
0.6538 0.0299 0.0385 0.2778 
0.4658 0.0000 0.0214 0.5128 
0.3248 0.1838 0.0940 0.3974 
0.0085 0.0000 0.0000 0.9915 
0.0000 0.0000 1.0000 0.0000 
0.0171 0.9829 0.0000 0.0000 
0.0000 0.0000 0.0000 1.0000 
0.0000 0.0000 0.9915 0.0085 
1.0000 0.0000 0.0000 0.0000 
0.0171 0.5556 0.3205 0.1068 
0.1838 0.0641 0.0556 0.6966 
0.1795 0.3803 0.0940 0.3462 
0.5085 0.0256 0.2222 0.2436 
0.1368 0.0342 0.5940 0.2350 
0.2265 0.2650 0.2906 0.2179 
0.2991 0.1709 0.2521 0.2778 
0.2222 0.2735 0.2308 0.2735 

MOTIF filter1 
letter-probability matrix: alength= 4 w= 15 nsites= 15 
0.2570 0.2411 0.2360 0.2659 
0.2385 0.2576 0.2621 0.2417 
0.1489 0.0954 0.3212 0.4345 
0.0922 0.7347 0.0134 0.1597 
0.0064 0.0592 0.0108 0.9237 
0.9701 0.0064 0.0121 0.0115 
0.3009 0.0102 0.0305 0.6584 
0.4548 0.0146 0.0070 0.5235 
0.5102 0.0108 0.0102 0.4688 
0.6673 0.0095 0.0064 0.3168 
0.0095 0.0102 0.0261 0.9542 
0.9090 0.0076 0.0655 0.0178 
0.1476 0.0178 0.7634 0.0712 
0.3963 0.3499 0.0922 0.1616 
0.2411 0.2538 0.2621 0.2430 

MOTIF filter2 
letter-probability matrix: alength= 4 w= 16 nsites= 16 
0.2287 0.2519 0.2468 0.2726 
0.2403 0.2610 0.2481 0.2506 
0.2532 0.2506 0.2468 0.2494 
0.5000 0.1124 0.3773 0.0103 
0.0000 0.0000 0.0000 1.0000 
0.0000 0.0000 0.0362 0.9638 
0.2829 0.0000 0.6512 0.0659 
0.0000 0.9393 0.0013 0.0594 
0.0633 0.0026 0.9341 0.0000 
0.0711 0.6744 0.0000 0.2545 
0.9716 0.0284 0.0000 0.0000 
1.0000 0.0000 0.0000 0.0000 
0.0065 0.3618 0.1292 0.5026 
0.2674 0.2532 0.2804 0.1990 
0.2326 0.2132 0.2674 0.2868 
0.2532 0.2274 0.2687 0.2506 

MOTIF filter3 
letter-probability matrix: alength= 4 w= 12 nsites= 12 
0.2497 0.2580 0.2401 0.2522 
0.2612 0.2644 0.2369 0.2375 
0.2625 0.2273 0.2446 0.2656 
0.6290 0.0000 0.0000 0.3710 
0.0000 0.0000 0.0000 1.0000 
0.0000 0.0230 0.0000 0.9770 
0.9623 0.0000 0.0377 0.0000 
1.0000 0.0000 0.0000 0.0000 
0.3825 0.0000 0.0000 0.6175 
0.2714 0.2312 0.2542 0.2433 
0.2490 0.2414 0.2656 0.2439 
0.2618 0.2522 0.2299 0.2561 

MOTIF filter4 
letter-probability matrix: alength= 4 w= 14 nsites= 14 
0.2566 0.2654 0.2287 0.2493 
0.1114 0.2023 0.1584 0.5279 
0.0000 0.0000 0.0000 1.0000 
0.0000 0.0000 0.0059 0.9941 
0.0352 0.9648 0.0000 0.0000 
0.0147 0.7581 0.0000 0.2273 
0.2889 0.1730 0.2977 0.2405 
0.0968 0.0000 0.9032 0.0000 
0.0000 0.0000 0.9883 0.0117 
1.0000 0.0000 0.0000 0.0000 
1.0000 0.0000 0.0000 0.0000 
0.5689 0.0909 0.1789 0.1613 
0.2331 0.2918 0.2258 0.2493 
0.2727 0.2361 0.2566 0.2346 

MOTIF filter5 
letter-probability matrix: alength= 4 w= 10 nsites= 10 
0.2392 0.2352 0.2603 0.2653 
0.2342 0.1682 0.3934 0.2042 
0.4014 0.2352 0.3634 0.0000 
0.0000 0.0000 0.0000 1.0000 
0.0000 0.0000 1.0000 0.0000 
1.0000 0.0000 0.0000 0.0000 
0.0000 0.5005 0.4995 0.0000 
0.0000 0.0000 0.0000 1.0000 
0.0000 1.0000 0.0000 0.0000 
1.0000 0.0000 0.0000 0.0000 

MOTIF filter6 
letter-probability matrix: alength= 4 w= 18 nsites= 18 
0.2687 0.2721 0.2415 0.2177 
0.2483 0.3469 0.2177 0.1871 
0.2517 0.2177 0.2755 0.2551 
0.1190 0.0068 0.7279 0.1463 
0.0646 0.7483 0.0714 0.1156 
0.2721 0.3435 0.2653 0.1190 
0.0476 0.0034 0.8503 0.0986 
0.0000 1.0000 0.0000 0.0000 
0.0000 1.0000 0.0000 0.0000 
1.0000 0.0000 0.0000 0.0000 
0.0000 0.0000 0.0000 1.0000 
0.0068 0.4796 0.1497 0.3639 
0.0000 0.0272 0.0000 0.9728 
0.0000 0.0102 0.0000 0.9898 
0.0544 0.0680 0.7653 0.1122 
0.2687 0.2279 0.2483 0.2551 
0.1735 0.3061 0.2517 0.2687 
0.2041 0.2891 0.2619 0.2449 

MOTIF filter7 
letter-probability matrix: alength= 4 w= 13 nsites= 13 
0.2391 0.2395 0.2257 0.2957 
0.2280 0.2122 0.3460 0.2138 
0.3691 0.2864 0.3037 0.0408 
0.0219 0.0204 0.0350 0.9227 
0.0219 0.0208 0.8631 0.0942 
0.9162 0.0254 0.0292 0.0292 
0.0400 0.4664 0.4521 0.0415 
0.0261 0.0265 0.0250 0.9223 
0.0584 0.8789 0.0304 0.0323 
0.9335 0.0196 0.0288 0.0181 
0.0169 0.3341 0.2922 0.3568 
0.2072 0.3376 0.2203 0.2349 
0.2764 0.2215 0.2568 0.2453 

MOTIF filter8 
letter-probability matrix: alength= 4 w= 12 nsites= 12 
0.2024 0.2809 0.2809 0.2357 
0.4252 0.1679 0.2626 0.1442 
0.2121 0.3175 0.3294 0.1410 
0.0000 1.0000 0.0000 0.0000 
0.9989 0.0000 0.0011 0.0000 
0.0000 0.9849 0.0000 0.0151 
0.0032 0.0000 0.9968 0.0000 
0.0032 0.0000 0.0000 0.9968 
0.0000 0.0000 1.0000 0.0000 
0.1238 0.2874 0.3445 0.2443 
0.1561 0.2153 0.1970 0.4316 
0.2476 0.2723 0.2443 0.2357 

MOTIF filter9 
letter-probability matrix: alength= 4 w= 12 nsites= 12 
0.2619 0.2234 0.2454 0.2692 
0.4817 0.1557 0.3040 0.0586 
0.1832 0.4139 0.3755 0.0275 
0.0000 1.0000 0.0000 0.0000 
1.0000 0.0000 0.0000 0.0000 
0.0000 1.0000 0.0000 0.0000 
0.0000 0.0000 1.0000 0.0000 
0.0000 0.0000 0.0000 1.0000 
0.0000 0.0000 1.0000 0.0000 
0.0348 0.3864 0.3425 0.2363 
0.1007 0.2564 0.1337 0.5092 
0.2289 0.2271 0.2875 0.2564 

MOTIF filter10 
letter-probability matrix: alength= 4 w= 16 nsites= 16 
0.3155 0.2232 0.3036 0.1577 
0.2649 0.3065 0.2440 0.1845 
0.0655 0.2173 0.4762 0.2411 
0.0000 0.8690 0.0238 0.1071 
0.0000 0.8244 0.0000 0.1756 
0.0000 1.0000 0.0000 0.0000 
0.0000 1.0000 0.0000 0.0000 
0.0685 0.0000 0.6399 0.2917 
0.0000 1.0000 0.0000 0.0000 
0.0000 1.0000 0.0000 0.0000 
0.0000 0.8274 0.0000 0.1726 
0.0536 0.8810 0.0000 0.0655 
0.0565 0.6250 0.0536 0.2649 
0.2440 0.2530 0.2619 0.2411 
0.2470 0.2530 0.2143 0.2857 
0.2173 0.2887 0.2321 0.2619 

MOTIF filter11 
letter-probability matrix: alength= 4 w= 15 nsites= 15 
0.2521 0.2408 0.2465 0.2606 
0.2266 0.2550 0.2776 0.2408 
0.2380 0.0453 0.6572 0.0595 
0.1218 0.0000 0.8187 0.0595 
0.1756 0.0000 0.8244 0.0000 
0.0000 0.0000 1.0000 0.0000 
0.0000 0.0000 1.0000 0.0000 
0.3144 0.5552 0.0000 0.1303 
0.0000 0.0000 1.0000 0.0000 
0.0000 0.0000 1.0000 0.0000 
0.1416 0.0000 0.8584 0.0000 
0.2125 0.0142 0.7734 0.0000 
0.1756 0.5722 0.1615 0.0907 
0.2805 0.2040 0.2748 0.2408 
0.2380 0.3003 0.2181 0.2436 

MOTIF filter12 
letter-probability matrix: alength= 4 w= 14 nsites= 14 
0.2521 0.2050 0.2715 0.2715 
0.2299 0.2715 0.2438 0.2548 
0.0000 0.8781 0.1219 0.0000 
0.0277 0.9723 0.0000 0.0000 
0.0000 0.0000 1.0000 0.0000 
0.0000 0.0000 1.0000 0.0000 
1.0000 0.0000 0.0000 0.0000 
1.0000 0.0000 0.0000 0.0000 
0.0388 0.0083 0.9529 0.0000 
0.0277 0.3019 0.0139 0.6565 
0.1690 0.1025 0.6704 0.0582 
0.2742 0.2548 0.4460 0.0249 
0.2105 0.3657 0.2548 0.1690 
0.2133 0.2964 0.2465 0.2438 

MOTIF filter13 
letter-probability matrix: alength= 4 w= 13 nsites= 13 
0.4545 0.2287 0.1525 0.1642 
0.0616 0.3636 0.1026 0.4721 
0.0645 0.3196 0.3548 0.2610 
0.4428 0.0997 0.4575 0.0000 
0.5836 0.0117 0.3490 0.0557 
0.0000 1.0000 0.0000 0.0000 
0.0000 1.0000 0.0000 0.0000 
1.0000 0.0000 0.0000 0.0000 
1.0000 0.0000 0.0000 0.0000 
0.0000 0.0000 0.0000 1.0000 
0.0235 0.7537 0.2229 0.0000 
0.8827 0.0029 0.1144 0.0000 
0.0528 0.0499 0.8915 0.0059 

MOTIF filter14 
letter-probability matrix: alength= 4 w= 16 nsites= 16 
0.2500 0.2762 0.2151 0.2587 
0.1686 0.6686 0.1017 0.0610 
1.0000 0.0000 0.0000 0.0000 
0.9913 0.0000 0.0087 0.0000 
0.4157 0.0872 0.4797 0.0174 
1.0000 0.0000 0.0000 0.0000 
0.0000 0.0000 0.0000 1.0000 
0.0000 0.0000 1.0000 0.0000 
0.0000 0.0000 1.0000 0.0000 
0.0581 0.8285 0.0000 0.1134 
0.1163 0.2122 0.4012 0.2703 
0.0756 0.0872 0.7674 0.0698 
0.1366 0.7645 0.0174 0.0814 
0.2820 0.2006 0.2064 0.3110 
0.2297 0.2326 0.2907 0.2471 
0.2500 0.2267 0.2907 0.2326 

MOTIF filter15 
letter-probability matrix: alength= 4 w= 14 nsites= 14 
0.2415 0.2321 0.2528 0.2736 
0.2472 0.2453 0.2585 0.2491 
0.2170 0.2642 0.2566 0.2623 
0.5528 0.1019 0.3453 0.0000 
0.0000 0.0000 0.0000 1.0000 
0.0000 0.0000 0.0075 0.9925 
0.2849 0.0000 0.6660 0.0491 
0.0000 0.9698 0.0000 0.0302 
0.0302 0.0000 0.9698 0.0000 
0.0340 0.7623 0.0000 0.2038 
1.0000 0.0000 0.0000 0.0000 
1.0000 0.0000 0.0000 0.0000 
0.0000 0.3528 0.0755 0.5717 
0.2811 0.2604 0.2604 0.1981 

MOTIF filter16 
letter-probability matrix: alength= 4 w= 12 nsites= 12 
0.2876 0.3038 0.2016 0.2070 
0.2930 0.2392 0.2151 0.2527 
0.2554 0.2204 0.2661 0.2581 
0.0000 0.8199 0.1048 0.0753 
0.0000 0.1263 0.0000 0.8737 
0.0000 0.2312 0.7366 0.0323 
1.0000 0.0000 0.0000 0.0000 
0.0000 0.0000 0.0000 1.0000 
0.0000 0.0000 0.0000 1.0000 
0.0000 0.0000 1.0000 0.0000 
0.0000 0.0000 1.0000 0.0000 
0.0323 0.4301 0.0000 0.5376 

MOTIF filter17 
letter-probability matrix: alength= 4 w= 12 nsites= 12 
0.2353 0.2584 0.2664 0.2399 
0.4371 0.1915 0.2514 0.1200 
0.2503 0.2976 0.3299 0.1223 
0.0000 1.0000 0.0000 0.0000 
1.0000 0.0000 0.0000 0.0000 
0.0000 1.0000 0.0000 0.0000 
0.0035 0.0000 0.9965 0.0000 
0.0000 0.0000 0.0000 1.0000 
0.0000 0.0000 1.0000 0.0000 
0.1696 0.3091 0.3195 0.2018 
0.1465 0.2491 0.1292 0.4752 
0.2399 0.2388 0.2561 0.2653 

MOTIF filter18 
letter-probability matrix: alength= 4 w= 15 nsites= 15 
0.4464 0.2083 0.1458 0.1994 
0.0685 0.3571 0.1220 0.4524 
0.0327 0.3333 0.4048 0.2292 
0.4345 0.1101 0.4524 0.0030 
0.5655 0.0030 0.4077 0.0238 
0.0000 1.0000 0.0000 0.0000 
0.0000 1.0000 0.0000 0.0000 
1.0000 0.0000 0.0000 0.0000 
1.0000 0.0000 0.0000 0.0000 
0.0000 0.0000 0.0000 1.0000 
0.0179 0.7738 0.2083 0.0000 
0.8155 0.0000 0.1845 0.0000 
0.0536 0.0655 0.8720 0.0089 
0.1875 0.2649 0.2530 0.2946 
0.2738 0.1964 0.2768 0.2530 

MOTIF filter19 
letter-probability matrix: alength= 4 w= 15 nsites= 15 
0.2796 0.3092 0.2072 0.2039 
0.0658 0.1250 0.5691 0.2401 
0.0000 0.8224 0.0099 0.1678 
0.0000 0.8914 0.0000 0.1086 
0.0000 1.0000 0.0000 0.0000 
0.0000 1.0000 0.0000 0.0000 
0.1217 0.0000 0.6086 0.2697 
0.0000 1.0000 0.0000 0.0000 
0.0000 1.0000 0.0000 0.0000 
0.0000 0.7928 0.0000 0.2072 
0.0526 0.8520 0.0000 0.0954 
0.0197 0.7171 0.0197 0.2434 
0.2763 0.2500 0.2138 0.2599 
0.3355 0.2270 0.2401 0.1974 
0.2434 0.3092 0.2336 0.2138 

MOTIF filter20 
letter-probability matrix: alength= 4 w= 18 nsites= 18 
0.4106 0.0528 0.1585 0.3780 
0.7236 0.0000 0.0285 0.2480 
0.3943 0.0000 0.0163 0.5894 
0.2724 0.1260 0.1748 0.4268 
0.0000 0.0000 0.0000 1.0000 
0.0000 0.0000 1.0000 0.0000 
0.0041 0.9959 0.0000 0.0000 
0.0000 0.0000 0.0000 1.0000 
0.0000 0.0000 1.0000 0.0000 
1.0000 0.0000 0.0000 0.0000 
0.0285 0.5203 0.2724 0.1789 
0.2154 0.1301 0.0244 0.6301 
0.1789 0.3699 0.1423 0.3089 
0.5772 0.0650 0.1382 0.2195 
0.1301 0.0041 0.6341 0.2317 
0.2642 0.2927 0.2154 0.2276 
0.2480 0.2033 0.3008 0.2480 
0.2073 0.2236 0.2520 0.3171 

MOTIF filter21 
letter-probability matrix: alength= 4 w= 20 nsites= 20 
0.2856 0.2378 0.2357 0.2410 
0.1656 0.0764 0.0478 0.7102 
0.0308 0.0966 0.6486 0.2240 
0.4066 0.3917 0.0732 0.1285 
0.0042 0.9862 0.0074 0.0021 
0.0011 0.9841 0.0032 0.0117 
0.8174 0.0021 0.0138 0.1667 
0.0265 0.0021 0.0032 0.9682 
0.9936 0.0042 0.0021 0.0000 
0.0000 0.0032 0.0011 0.9958 
0.9745 0.0032 0.0000 0.0223 
0.1614 0.0074 0.0053 0.8259 
0.0042 0.0117 0.9820 0.0021 
0.0011 0.0042 0.9904 0.0042 
0.1146 0.0722 0.3864 0.4268 
0.2282 0.6380 0.0955 0.0382 
0.7006 0.0361 0.0764 0.1868 
0.2431 0.2718 0.2367 0.2484 
0.2314 0.2580 0.2590 0.2516 
0.2420 0.2357 0.2654 0.2569 

MOTIF filter22 
letter-probability matrix: alength= 4 w= 13 nsites= 13 
0.0819 0.4448 0.2100 0.2633 
0.0783 0.6441 0.1495 0.1281 
0.7758 0.0000 0.2206 0.0036 
0.0000 0.9964 0.0000 0.0036 
0.0000 0.0000 0.0000 1.0000 
0.0000 0.0000 0.0000 1.0000 
0.0000 1.0000 0.0000 0.0000 
0.0000 1.0000 0.0000 0.0000 
0.0000 0.0000 0.9964 0.0036 
0.0000 0.1210 0.8683 0.0107 
0.2562 0.2206 0.2491 0.2740 
0.2135 0.2740 0.2633 0.2491 
0.2883 0.2278 0.1851 0.2989 

MOTIF filter23 
letter-probability matrix: alength= 4 w= 19 nsites= 19 
0.3195 0.1917 0.2105 0.2782 
0.3008 0.2707 0.2331 0.1955 
0.2368 0.2970 0.1842 0.2820 
0.2594 0.5902 0.0301 0.1203 
0.2519 0.1767 0.0489 0.5226 
0.2895 0.1128 0.3308 0.2669 
0.6015 0.0414 0.1353 0.2218 
0.1353 0.2744 0.5602 0.0301 
0.0000 0.0000 0.0000 1.0000 
0.0113 0.9887 0.0000 0.0000 
1.0000 0.0000 0.0000 0.0000 
0.0000 0.0000 0.9812 0.0188 
0.0000 1.0000 0.0000 0.0000 
1.0000 0.0000 0.0000 0.0000 
0.4398 0.1767 0.1466 0.2368 
0.4135 0.0376 0.0000 0.5489 
0.3797 0.0338 0.0000 0.5865 
0.3083 0.0977 0.0075 0.5865 
0.2594 0.2782 0.2594 0.2030 

MOTIF filter24 
letter-probability matrix: alength= 4 w= 20 nsites= 20 
0.2925 0.2358 0.2290 0.2426 
0.1599 0.0771 0.0397 0.7234 
0.0295 0.0918 0.6610 0.2177 
0.4104 0.3934 0.0714 0.1247 
0.0011 0.9955 0.0034 0.0000 
0.0000 0.9921 0.0023 0.0057 
0.8299 0.0011 0.0091 0.1599 
0.0238 0.0000 0.0011 0.9751 
0.9989 0.0011 0.0000 0.0000 
0.0000 0.0011 0.0011 0.9977 
0.9853 0.0011 0.0000 0.0136 
0.1531 0.0034 0.0000 0.8435 
0.0023 0.0068 0.9909 0.0000 
0.0011 0.0034 0.9921 0.0034 
0.1077 0.0726 0.3866 0.4331 
0.2200 0.6519 0.0941 0.0340 
0.7166 0.0329 0.0703 0.1803 
0.2415 0.2766 0.2370 0.2449 
0.2268 0.2630 0.2596 0.2506 
0.2438 0.2381 0.2698 0.2483 

MOTIF filter25 
letter-probability matrix: alength= 4 w= 16 nsites= 16 
0.2820 0.5475 0.0426 0.1279 
0.2590 0.1836 0.0852 0.4721 
0.2852 0.1803 0.3082 0.2262 
0.7115 0.0426 0.0590 0.1869 
0.1770 0.3311 0.4623 0.0295 
0.0000 0.0000 0.0000 1.0000 
0.0066 0.9934 0.0000 0.0000 
1.0000 0.0000 0.0000 0.0000 
0.0000 0.0000 0.9902 0.0098 
0.0000 1.0000 0.0000 0.0000 
0.9934 0.0000 0.0000 0.0066 
0.4492 0.1607 0.0951 0.2951 
0.4033 0.0361 0.0230 0.5377 
0.3967 0.0721 0.0000 0.5311 
0.3279 0.1148 0.0197 0.5377 
0.2820 0.1738 0.2557 0.2885 

MOTIF filter26 
letter-probability matrix: alength= 4 w= 16 nsites= 16 
0.2705 0.3082 0.1918 0.2295 
0.2911 0.2945 0.1952 0.2192 
0.2500 0.2603 0.2260 0.2637 
0.0137 0.8630 0.0548 0.0685 
0.0000 0.1712 0.0068 0.8219 
0.0000 0.2500 0.7397 0.0103 
1.0000 0.0000 0.0000 0.0000 
0.0000 0.0000 0.0000 1.0000 
0.0000 0.0000 0.0000 1.0000 
0.0000 0.0000 1.0000 0.0000 
0.0000 0.0000 1.0000 0.0000 
0.0479 0.3801 0.0068 0.5651 
0.0000 0.4452 0.1233 0.4315 
0.1849 0.4589 0.3185 0.0377 
0.5137 0.1164 0.3322 0.0377 
0.1301 0.1199 0.2808 0.4692 

MOTIF filter27 
letter-probability matrix: alength= 4 w= 14 nsites= 14 
0.1454 0.1751 0.4154 0.2641 
0.0059 0.5282 0.2077 0.2582 
0.0861 0.6261 0.1068 0.1810 
0.6884 0.0208 0.2552 0.0356 
0.0000 0.9347 0.0059 0.0593 
0.0000 0.0000 0.0000 1.0000 
0.0000 0.0000 0.0000 1.0000 
0.0000 1.0000 0.0000 0.0000 
0.0000 1.0000 0.0000 0.0000 
0.0000 0.0000 0.9941 0.0059 
0.0000 0.1395 0.8576 0.0030 
0.2967 0.1721 0.2522 0.2789 
0.2878 0.1958 0.2404 0.2760 
0.2315 0.2166 0.2730 0.2789 

MOTIF filter28 
letter-probability matrix: alength= 4 w= 16 nsites= 16 
0.2458 0.2597 0.2514 0.2431 
0.2431 0.2634 0.2505 0.2431 
0.1285 0.0841 0.3290 0.4584 
0.0508 0.8041 0.0120 0.1331 
0.0009 0.0129 0.0000 0.9861 
0.9982 0.0000 0.0009 0.0009 
0.2921 0.0009 0.0111 0.6959 
0.4501 0.0046 0.0000 0.5453 
0.5434 0.0009 0.0018 0.4538 
0.6738 0.0092 0.0000 0.3170 
0.0074 0.0009 0.0000 0.9917 
0.9871 0.0000 0.0129 0.0000 
0.1294 0.0037 0.8115 0.0555 
0.4325 0.3549 0.0610 0.1516 
0.2708 0.2338 0.2625 0.2329 
0.2486 0.2736 0.2366 0.2412 

MOTIF filter29 
letter-probability matrix: alength= 4 w= 18 nsites= 18 
0.2872 0.2667 0.2205 0.2256 
0.2974 0.2462 0.2821 0.1744 
0.2000 0.3128 0.2359 0.2513 
0.1077 0.0051 0.7385 0.1487 
0.0769 0.7795 0.1282 0.0154 
0.2769 0.4564 0.1744 0.0923 
0.0103 0.0000 0.9487 0.0410 
0.0000 1.0000 0.0000 0.0000 
0.0000 1.0000 0.0000 0.0000 
1.0000 0.0000 0.0000 0.0000 
0.0000 0.0000 0.0000 1.0000 
0.0051 0.5179 0.0974 0.3795 
0.0000 0.0000 0.0000 1.0000 
0.0000 0.0000 0.0000 1.0000 
0.0667 0.0872 0.7538 0.0923 
0.3026 0.2051 0.2615 0.2308 
0.2205 0.2615 0.2667 0.2513 
0.2513 0.2821 0.2205 0.2462 

MOTIF filter30 
letter-probability matrix: alength= 4 w= 18 nsites= 18 
0.2302 0.2340 0.2566 0.2792 
0.2226 0.3245 0.2491 0.2038 
0.3019 0.2377 0.2113 0.2491 
0.1547 0.6943 0.1094 0.0415 
0.9962 0.0000 0.0038 0.0000 
0.9887 0.0000 0.0113 0.0000 
0.4491 0.0528 0.4755 0.0226 
1.0000 0.0000 0.0000 0.0000 
0.0000 0.0000 0.0000 1.0000 
0.0000 0.0000 1.0000 0.0000 
0.0000 0.0000 1.0000 0.0000 
0.0302 0.9434 0.0000 0.0264 
0.1170 0.1623 0.4755 0.2453 
0.0566 0.0642 0.8151 0.0642 
0.1132 0.8151 0.0113 0.0604 
0.2453 0.2340 0.2302 0.2906 
0.2075 0.2491 0.3283 0.2151 
0.2755 0.2226 0.2755 0.2264 

MOTIF filter31 
letter-probability matrix: alength= 4 w= 15 nsites= 15 
0.2707 0.2408 0.2206 0.2678 
0.2669 0.2466 0.2428 0.2437 
0.1561 0.2148 0.1513 0.4778 
0.0000 0.0000 0.0000 1.0000 
0.0000 0.0000 0.0000 1.0000 
0.0848 0.9094 0.0010 0.0048 
0.0048 0.7803 0.0010 0.2139 
0.2428 0.2380 0.2331 0.2861 
0.2495 0.0000 0.7254 0.0250 
0.0000 0.0010 0.9027 0.0963 
0.9634 0.0366 0.0000 0.0000 
0.9952 0.0029 0.0019 0.0000 
0.4807 0.1503 0.2158 0.1532 
0.2428 0.2649 0.2466 0.2457 
0.2592 0.2437 0.2476 0.2495 

