MEME version 4

ALPHABET= ACGT

Background letter frequencies:
A 0.2500 C 0.2500 G 0.2500 T 0.2500 

MOTIF filter0 
letter-probability matrix: alength= 4 w= 19 nsites= 19 
0.3930 0.3286 0.1211 0.1572 
0.1585 0.2951 0.3441 0.2023 
0.3363 0.3647 0.1534 0.1456 
0.0928 0.0979 0.0490 0.7603 
0.1469 0.3003 0.3776 0.1753 
0.5593 0.0915 0.1366 0.2126 
0.3789 0.1070 0.3711 0.1430 
0.0683 0.0387 0.0722 0.8209 
0.0219 0.8106 0.0103 0.1572 
0.7758 0.0155 0.0438 0.1649 
0.1276 0.0039 0.6366 0.2320 
0.0619 0.8119 0.0129 0.1134 
0.7861 0.0000 0.0992 0.1147 
0.7255 0.0322 0.1662 0.0760 
0.5992 0.0554 0.0580 0.2874 
0.2461 0.1624 0.0515 0.5399 
0.4098 0.0786 0.0335 0.4781 
0.3724 0.2629 0.2564 0.1082 
0.4562 0.1353 0.1237 0.2848 

MOTIF filter1 
letter-probability matrix: alength= 4 w= 12 nsites= 12 
0.2444 0.2478 0.2537 0.2540 
0.2575 0.2666 0.2259 0.2500 
0.2559 0.2272 0.2268 0.2901 
0.5867 0.0446 0.0048 0.3639 
0.0501 0.0349 0.0441 0.8710 
0.0997 0.1617 0.0259 0.7127 
0.6951 0.0207 0.1680 0.1162 
0.9111 0.0211 0.0152 0.0526 
0.3139 0.0238 0.0463 0.6160 
0.2828 0.2215 0.2301 0.2656 
0.2499 0.2340 0.2639 0.2522 
0.2590 0.2426 0.2356 0.2629 

MOTIF filter2 
letter-probability matrix: alength= 4 w= 14 nsites= 14 
0.2244 0.2756 0.2441 0.2559 
0.2402 0.2480 0.2441 0.2677 
0.1732 0.2756 0.3307 0.2205 
0.2244 0.0354 0.6811 0.0591 
0.1339 0.0000 0.8307 0.0354 
0.1417 0.0000 0.8583 0.0000 
0.0000 0.0000 1.0000 0.0000 
0.0000 0.0000 1.0000 0.0000 
0.3307 0.5669 0.0000 0.1024 
0.0000 0.0000 1.0000 0.0000 
0.0000 0.0000 1.0000 0.0000 
0.0748 0.0000 0.9252 0.0000 
0.1535 0.0039 0.8425 0.0000 
0.1654 0.6299 0.1417 0.0630 

MOTIF filter3 
letter-probability matrix: alength= 4 w= 17 nsites= 17 
0.2587 0.2546 0.2587 0.2281 
0.2016 0.2933 0.2383 0.2668 
0.1507 0.0835 0.6090 0.1568 
0.1283 0.6660 0.1059 0.0998 
0.2729 0.4990 0.1670 0.0611 
0.4358 0.0000 0.5418 0.0224 
0.3585 0.6415 0.0000 0.0000 
0.1242 0.7475 0.1263 0.0020 
1.0000 0.0000 0.0000 0.0000 
0.0000 0.0000 0.0000 1.0000 
0.0000 0.2688 0.5397 0.1914 
0.0000 0.0122 0.4277 0.5601 
0.0061 0.3503 0.0000 0.6436 
0.0489 0.0896 0.7413 0.1202 
0.1792 0.1303 0.5458 0.1446 
0.1976 0.4420 0.1507 0.2098 
0.2607 0.2770 0.2342 0.2281 

MOTIF filter4 
letter-probability matrix: alength= 4 w= 16 nsites= 16 
0.2593 0.2500 0.2500 0.2407 
0.1204 0.0154 0.6914 0.1728 
0.0802 0.7284 0.1173 0.0741 
0.2932 0.3333 0.2531 0.1204 
0.0185 0.0000 0.8519 0.1296 
0.0000 1.0000 0.0000 0.0000 
0.0000 1.0000 0.0000 0.0000 
1.0000 0.0000 0.0000 0.0000 
0.0000 0.0000 0.0000 1.0000 
0.0123 0.4691 0.1204 0.3981 
0.0000 0.0216 0.0000 0.9784 
0.0000 0.0000 0.0031 0.9969 
0.0833 0.0864 0.7160 0.1142 
0.3025 0.2531 0.1883 0.2562 
0.1975 0.2963 0.2469 0.2593 
0.2469 0.2654 0.2500 0.2377 

MOTIF filter5 
letter-probability matrix: alength= 4 w= 19 nsites= 19 
0.2374 0.2996 0.2490 0.2140 
0.2802 0.2568 0.2218 0.2412 
0.2879 0.2840 0.2101 0.2179 
0.5409 0.0078 0.1323 0.3191 
0.6732 0.0000 0.0350 0.2918 
0.4630 0.0000 0.0272 0.5097 
0.2840 0.1712 0.0934 0.4514 
0.0039 0.0000 0.0000 0.9961 
0.0000 0.0000 1.0000 0.0000 
0.0078 0.9922 0.0000 0.0000 
0.0000 0.0000 0.0000 1.0000 
0.0000 0.0000 0.9805 0.0195 
1.0000 0.0000 0.0000 0.0000 
0.0195 0.5058 0.2996 0.1751 
0.1984 0.0934 0.0311 0.6770 
0.1790 0.3891 0.1128 0.3191 
0.5486 0.0506 0.1634 0.2374 
0.1012 0.0311 0.6070 0.2607 
0.3074 0.2218 0.2140 0.2568 

MOTIF filter6 
letter-probability matrix: alength= 4 w= 16 nsites= 16 
0.3045 0.2627 0.2090 0.2239 
0.2746 0.2806 0.1970 0.2478 
0.2418 0.2299 0.2418 0.2866 
0.0000 0.8209 0.0806 0.0985 
0.0000 0.1552 0.0000 0.8448 
0.0000 0.2269 0.7522 0.0209 
1.0000 0.0000 0.0000 0.0000 
0.0000 0.0000 0.0000 1.0000 
0.0000 0.0000 0.0000 1.0000 
0.0000 0.0000 1.0000 0.0000 
0.0000 0.0000 1.0000 0.0000 
0.0328 0.3970 0.0060 0.5642 
0.0030 0.4418 0.1224 0.4328 
0.1940 0.4299 0.2955 0.0806 
0.4806 0.1403 0.3284 0.0507 
0.1612 0.1284 0.2836 0.4269 

MOTIF filter7 
letter-probability matrix: alength= 4 w= 19 nsites= 19 
0.2587 0.3344 0.2019 0.2050 
0.2492 0.2934 0.2240 0.2334 
0.2397 0.2618 0.2587 0.2397 
0.0126 0.8170 0.0820 0.0883 
0.0000 0.1546 0.0032 0.8423 
0.0000 0.2397 0.7571 0.0032 
1.0000 0.0000 0.0000 0.0000 
0.0000 0.0000 0.0000 1.0000 
0.0000 0.0000 0.0000 1.0000 
0.0000 0.0000 1.0000 0.0000 
0.0000 0.0000 1.0000 0.0000 
0.0505 0.3912 0.0032 0.5552 
0.0095 0.4416 0.1451 0.4038 
0.1514 0.4353 0.3344 0.0789 
0.5016 0.1356 0.2934 0.0694 
0.1420 0.1483 0.2461 0.4637 
0.1483 0.1167 0.2808 0.4543 
0.0032 0.3091 0.1830 0.5047 
0.1987 0.2461 0.3091 0.2461 

MOTIF filter8 
letter-probability matrix: alength= 4 w= 15 nsites= 15 
0.1635 0.3522 0.1447 0.3396 
0.0818 0.4277 0.2925 0.1981 
0.3270 0.2044 0.4340 0.0346 
0.4151 0.0409 0.5157 0.0283 
0.0000 0.9874 0.0126 0.0000 
0.0000 0.7327 0.0000 0.2673 
0.6855 0.0377 0.2673 0.0094 
1.0000 0.0000 0.0000 0.0000 
0.0000 0.0000 0.0000 1.0000 
0.0094 0.5377 0.0472 0.4057 
0.4151 0.0000 0.5849 0.0000 
0.0063 0.0063 0.9811 0.0063 
0.0597 0.3113 0.1667 0.4623 
0.1604 0.3019 0.1824 0.3553 
0.2233 0.4245 0.2233 0.1289 

MOTIF filter9 
letter-probability matrix: alength= 4 w= 14 nsites= 14 
0.4490 0.2245 0.1574 0.1691 
0.0612 0.3440 0.1224 0.4723 
0.0612 0.3061 0.3936 0.2391 
0.4548 0.0671 0.4752 0.0029 
0.5656 0.0029 0.3994 0.0321 
0.0000 1.0000 0.0000 0.0000 
0.0000 1.0000 0.0000 0.0000 
1.0000 0.0000 0.0000 0.0000 
1.0000 0.0000 0.0000 0.0000 
0.0000 0.0000 0.0000 1.0000 
0.0262 0.7347 0.2391 0.0000 
0.8455 0.0000 0.1545 0.0000 
0.0671 0.0816 0.8309 0.0204 
0.2041 0.2770 0.2653 0.2536 

MOTIF filter10 
letter-probability matrix: alength= 4 w= 17 nsites= 17 
0.3045 0.1773 0.2409 0.2773 
0.2091 0.2818 0.2409 0.2682 
0.3136 0.1636 0.2455 0.2773 
0.2591 0.0455 0.6364 0.0591 
0.0545 0.0000 0.9136 0.0318 
0.1727 0.0000 0.8273 0.0000 
0.0000 0.0000 1.0000 0.0000 
0.0000 0.0000 1.0000 0.0000 
0.2273 0.6636 0.0000 0.1091 
0.0000 0.0000 1.0000 0.0000 
0.0000 0.0000 1.0000 0.0000 
0.1591 0.0000 0.8409 0.0000 
0.0955 0.0545 0.8500 0.0000 
0.1545 0.6864 0.1045 0.0545 
0.2773 0.2136 0.3091 0.2000 
0.2182 0.3000 0.2182 0.2636 
0.2318 0.1909 0.2955 0.2818 

MOTIF filter11 
letter-probability matrix: alength= 4 w= 20 nsites= 20 
0.2267 0.2493 0.2600 0.2640 
0.2027 0.2893 0.2707 0.2373 
0.2840 0.2480 0.2173 0.2507 
0.1493 0.0747 0.0387 0.7373 
0.0227 0.0800 0.6867 0.2107 
0.4093 0.4067 0.0587 0.1253 
0.0000 1.0000 0.0000 0.0000 
0.0000 0.9907 0.0013 0.0080 
0.8467 0.0000 0.0027 0.1507 
0.0200 0.0000 0.0000 0.9800 
1.0000 0.0000 0.0000 0.0000 
0.0000 0.0000 0.0013 0.9987 
0.9933 0.0000 0.0000 0.0067 
0.1467 0.0027 0.0000 0.8507 
0.0013 0.0013 0.9973 0.0000 
0.0000 0.0000 1.0000 0.0000 
0.1013 0.0600 0.4027 0.4360 
0.2080 0.6880 0.0800 0.0240 
0.7840 0.0160 0.0373 0.1627 
0.2240 0.2960 0.2320 0.2480 

MOTIF filter12 
letter-probability matrix: alength= 4 w= 18 nsites= 18 
0.2093 0.2437 0.2702 0.2768 
0.1907 0.2967 0.2768 0.2358 
0.2940 0.2464 0.2225 0.2371 
0.1325 0.0662 0.0437 0.7576 
0.0238 0.0848 0.6927 0.1987 
0.4358 0.3921 0.0517 0.1205 
0.0013 0.9960 0.0026 0.0000 
0.0000 0.9960 0.0000 0.0040 
0.8450 0.0013 0.0053 0.1483 
0.0146 0.0000 0.0013 0.9841 
1.0000 0.0000 0.0000 0.0000 
0.0000 0.0000 0.0013 0.9987 
0.9974 0.0000 0.0000 0.0026 
0.1417 0.0026 0.0000 0.8556 
0.0000 0.0066 0.9934 0.0000 
0.0000 0.0000 1.0000 0.0000 
0.0954 0.0570 0.4106 0.4371 
0.1987 0.6874 0.0834 0.0305 

MOTIF filter13 
letter-probability matrix: alength= 4 w= 12 nsites= 12 
0.2679 0.2150 0.2741 0.2430 
0.5374 0.0950 0.3178 0.0498 
0.2025 0.3333 0.3879 0.0763 
0.0000 1.0000 0.0000 0.0000 
1.0000 0.0000 0.0000 0.0000 
0.0000 1.0000 0.0000 0.0000 
0.0062 0.0000 0.9938 0.0000 
0.0000 0.0000 0.0000 1.0000 
0.0000 0.0000 1.0000 0.0000 
0.1199 0.3458 0.3209 0.2134 
0.1324 0.2212 0.1480 0.4984 
0.2383 0.2632 0.2430 0.2555 

MOTIF filter14 
letter-probability matrix: alength= 4 w= 12 nsites= 12 
0.2571 0.2436 0.2263 0.2730 
0.2826 0.2388 0.2446 0.2340 
0.1950 0.2436 0.1531 0.4083 
0.0183 0.0289 0.0193 0.9336 
0.0130 0.0130 0.0477 0.9263 
0.1411 0.8084 0.0221 0.0284 
0.0467 0.6716 0.0130 0.2687 
0.2523 0.2364 0.2581 0.2532 
0.2566 0.0048 0.6952 0.0433 
0.0323 0.0116 0.8276 0.1286 
0.9027 0.0660 0.0159 0.0154 
0.9480 0.0231 0.0188 0.0101 

MOTIF filter15 
letter-probability matrix: alength= 4 w= 13 nsites= 13 
0.2559 0.2492 0.2513 0.2436 
0.2653 0.2588 0.2243 0.2516 
0.4033 0.1934 0.3393 0.0640 
0.0369 0.0378 0.0626 0.8627 
0.0253 0.0249 0.1907 0.7591 
0.3103 0.0265 0.4776 0.1855 
0.0942 0.6261 0.0705 0.2092 
0.2119 0.0742 0.6263 0.0877 
0.1841 0.5140 0.0146 0.2873 
0.7535 0.1793 0.0312 0.0359 
0.8884 0.0370 0.0481 0.0265 
0.0836 0.3219 0.1885 0.4060 
0.2469 0.2713 0.2451 0.2366 

MOTIF filter16 
letter-probability matrix: alength= 4 w= 19 nsites= 19 
0.2490 0.2874 0.2069 0.2567 
0.2490 0.5785 0.0230 0.1494 
0.2222 0.1724 0.0728 0.5326 
0.3027 0.1648 0.2682 0.2644 
0.6743 0.0498 0.0766 0.1992 
0.1609 0.3065 0.5211 0.0115 
0.0000 0.0000 0.0000 1.0000 
0.0038 0.9962 0.0000 0.0000 
1.0000 0.0000 0.0000 0.0000 
0.0000 0.0000 0.9885 0.0115 
0.0000 1.0000 0.0000 0.0000 
1.0000 0.0000 0.0000 0.0000 
0.4483 0.1724 0.1226 0.2567 
0.4559 0.0192 0.0038 0.5211 
0.3870 0.0307 0.0307 0.5517 
0.2567 0.1226 0.0077 0.6130 
0.2835 0.2184 0.2605 0.2375 
0.2720 0.2835 0.2222 0.2222 
0.2375 0.2874 0.2299 0.2452 

MOTIF filter17 
letter-probability matrix: alength= 4 w= 10 nsites= 10 
0.2228 0.3040 0.3059 0.1673 
0.0000 1.0000 0.0000 0.0000 
0.9990 0.0000 0.0010 0.0000 
0.0000 0.9762 0.0000 0.0238 
0.0020 0.0000 0.9980 0.0000 
0.0000 0.0000 0.0000 1.0000 
0.0000 0.0000 1.0000 0.0000 
0.1614 0.3020 0.3059 0.2307 
0.1752 0.2347 0.1604 0.4297 
0.2317 0.2624 0.2594 0.2465 

MOTIF filter18 
letter-probability matrix: alength= 4 w= 15 nsites= 15 
0.2649 0.2285 0.2550 0.2517 
0.2219 0.2550 0.2417 0.2815 
0.2848 0.0464 0.6358 0.0331 
0.1126 0.0000 0.7881 0.0993 
0.1258 0.0000 0.8742 0.0000 
0.0000 0.0000 1.0000 0.0000 
0.0000 0.0000 1.0000 0.0000 
0.2682 0.5795 0.0000 0.1523 
0.0000 0.0000 1.0000 0.0000 
0.0000 0.0000 1.0000 0.0000 
0.1854 0.0000 0.8046 0.0099 
0.1954 0.0000 0.8046 0.0000 
0.2053 0.5364 0.2285 0.0298 
0.3113 0.1987 0.2285 0.2616 
0.2682 0.3377 0.1921 0.2020 

MOTIF filter19 
letter-probability matrix: alength= 4 w= 13 nsites= 13 
0.5078 0.1822 0.1512 0.1589 
0.0543 0.3837 0.0814 0.4806 
0.0543 0.3605 0.3295 0.2558 
0.4186 0.1008 0.4806 0.0000 
0.5969 0.0078 0.3527 0.0426 
0.0000 1.0000 0.0000 0.0000 
0.0000 1.0000 0.0000 0.0000 
1.0000 0.0000 0.0000 0.0000 
1.0000 0.0000 0.0000 0.0000 
0.0000 0.0000 0.0000 1.0000 
0.0039 0.8217 0.1744 0.0000 
0.9264 0.0039 0.0698 0.0000 
0.0581 0.0504 0.8915 0.0000 

MOTIF filter20 
letter-probability matrix: alength= 4 w= 11 nsites= 11 
0.2437 0.2279 0.2642 0.2642 
0.2177 0.1600 0.4074 0.2149 
0.3907 0.2205 0.3591 0.0298 
0.0000 0.0000 0.0000 1.0000 
0.0000 0.0000 0.9898 0.0102 
1.0000 0.0000 0.0000 0.0000 
0.0028 0.4949 0.4902 0.0121 
0.0000 0.0000 0.0000 1.0000 
0.0279 0.9721 0.0000 0.0000 
1.0000 0.0000 0.0000 0.0000 
0.0223 0.3349 0.2419 0.4009 

MOTIF filter21 
letter-probability matrix: alength= 4 w= 16 nsites= 16 
0.1526 0.4257 0.1928 0.2289 
0.1325 0.5462 0.1647 0.1566 
0.5622 0.1084 0.2369 0.0924 
0.0924 0.6867 0.1285 0.0924 
0.1124 0.0723 0.1004 0.7149 
0.0522 0.0763 0.0643 0.8072 
0.0000 0.9920 0.0080 0.0000 
0.0040 0.9960 0.0000 0.0000 
0.0000 0.0000 1.0000 0.0000 
0.0000 0.0442 0.9558 0.0000 
0.7711 0.0723 0.0843 0.0723 
0.7671 0.0683 0.0763 0.0884 
0.1406 0.1044 0.6506 0.1044 
0.0924 0.3012 0.0683 0.5382 
0.2369 0.1325 0.5422 0.0884 
0.2892 0.2289 0.3976 0.0843 

MOTIF filter22 
letter-probability matrix: alength= 4 w= 15 nsites= 15 
0.2373 0.2603 0.2585 0.2439 
0.1471 0.0956 0.3305 0.4268 
0.0829 0.7343 0.0109 0.1719 
0.0030 0.0539 0.0163 0.9268 
0.9485 0.0182 0.0188 0.0145 
0.3008 0.0018 0.0115 0.6858 
0.4413 0.0115 0.0097 0.5375 
0.5024 0.0091 0.0151 0.4734 
0.6525 0.0121 0.0067 0.3287 
0.0157 0.0218 0.0291 0.9334 
0.9098 0.0157 0.0460 0.0285 
0.1665 0.0224 0.7294 0.0817 
0.4068 0.3456 0.0805 0.1671 
0.2506 0.2409 0.2651 0.2433 
0.2554 0.2627 0.2512 0.2306 

MOTIF filter23 
letter-probability matrix: alength= 4 w= 17 nsites= 17 
0.2301 0.2527 0.2498 0.2675 
0.2242 0.2714 0.2724 0.2321 
0.2793 0.2330 0.2478 0.2399 
0.1721 0.1042 0.0511 0.6726 
0.0531 0.0983 0.6273 0.2212 
0.3943 0.3569 0.1219 0.1268 
0.0000 0.9892 0.0029 0.0079 
0.0010 0.9912 0.0000 0.0079 
0.8014 0.0069 0.0098 0.1819 
0.0265 0.0000 0.0020 0.9715 
0.9656 0.0187 0.0020 0.0138 
0.0020 0.0000 0.0020 0.9961 
0.9351 0.0029 0.0000 0.0619 
0.1652 0.0118 0.0324 0.7906 
0.0295 0.0147 0.9440 0.0118 
0.0138 0.0197 0.9508 0.0157 
0.1190 0.0905 0.3707 0.4199 

MOTIF filter24 
letter-probability matrix: alength= 4 w= 17 nsites= 17 
0.2424 0.2397 0.2507 0.2672 
0.2314 0.2920 0.2507 0.2259 
0.2700 0.2342 0.2176 0.2782 
0.1488 0.6584 0.1322 0.0606 
1.0000 0.0000 0.0000 0.0000 
0.9752 0.0000 0.0248 0.0000 
0.4353 0.0579 0.4848 0.0220 
1.0000 0.0000 0.0000 0.0000 
0.0000 0.0000 0.0000 1.0000 
0.0000 0.0000 1.0000 0.0000 
0.0000 0.0000 1.0000 0.0000 
0.0744 0.8540 0.0000 0.0716 
0.1240 0.1928 0.4105 0.2727 
0.0854 0.0882 0.7576 0.0689 
0.1377 0.7603 0.0165 0.0854 
0.2534 0.2397 0.2204 0.2865 
0.2424 0.2397 0.2865 0.2314 

MOTIF filter25 
letter-probability matrix: alength= 4 w= 13 nsites= 13 
0.2506 0.2391 0.2551 0.2551 
0.2197 0.1979 0.3764 0.2059 
0.4474 0.2300 0.3181 0.0046 
0.0000 0.0000 0.0000 1.0000 
0.0000 0.0000 0.9897 0.0103 
1.0000 0.0000 0.0000 0.0000 
0.0034 0.4657 0.5297 0.0011 
0.0000 0.0000 0.0000 1.0000 
0.0000 1.0000 0.0000 0.0000 
1.0000 0.0000 0.0000 0.0000 
0.0114 0.3844 0.1979 0.4062 
0.2368 0.4142 0.0858 0.2632 
0.2643 0.2162 0.2769 0.2426 

MOTIF filter26 
letter-probability matrix: alength= 4 w= 16 nsites= 16 
0.2545 0.2724 0.2354 0.2378 
0.2461 0.2748 0.2485 0.2306 
0.1111 0.0597 0.3441 0.4851 
0.0215 0.8961 0.0000 0.0824 
0.0000 0.0000 0.0000 1.0000 
1.0000 0.0000 0.0000 0.0000 
0.2676 0.0000 0.0060 0.7264 
0.4648 0.0000 0.0000 0.5352 
0.5544 0.0000 0.0000 0.4456 
0.7037 0.0000 0.0000 0.2963 
0.0000 0.0000 0.0000 1.0000 
1.0000 0.0000 0.0000 0.0000 
0.0812 0.0000 0.9020 0.0167 
0.4648 0.3656 0.0454 0.1243 
0.2820 0.2246 0.2640 0.2294 
0.2485 0.2808 0.2354 0.2354 

MOTIF filter27 
letter-probability matrix: alength= 4 w= 14 nsites= 14 
0.2488 0.2685 0.2407 0.2419 
0.2465 0.2488 0.2454 0.2593 
0.2407 0.1493 0.3993 0.2106 
0.4410 0.1505 0.4086 0.0000 
0.0000 0.0000 0.0000 1.0000 
0.0000 0.0000 1.0000 0.0000 
1.0000 0.0000 0.0000 0.0000 
0.0000 0.5023 0.4977 0.0000 
0.0000 0.0000 0.0000 1.0000 
0.0000 1.0000 0.0000 0.0000 
1.0000 0.0000 0.0000 0.0000 
0.0000 0.3229 0.2431 0.4340 
0.2222 0.3634 0.2072 0.2072 
0.2396 0.2083 0.2963 0.2558 

MOTIF filter28 
letter-probability matrix: alength= 4 w= 18 nsites= 18 
0.2480 0.2480 0.2360 0.2680 
0.2360 0.2200 0.3000 0.2440 
0.2280 0.2840 0.2320 0.2560 
0.5480 0.0000 0.0920 0.3600 
0.6720 0.0320 0.0320 0.2640 
0.4800 0.0040 0.0000 0.5160 
0.3240 0.1120 0.1560 0.4080 
0.0080 0.0000 0.0000 0.9920 
0.0000 0.0000 1.0000 0.0000 
0.0080 0.9920 0.0000 0.0000 
0.0000 0.0000 0.0000 1.0000 
0.0000 0.0000 1.0000 0.0000 
1.0000 0.0000 0.0000 0.0000 
0.0240 0.5640 0.3040 0.1080 
0.1600 0.1080 0.0600 0.6720 
0.1760 0.3920 0.1160 0.3160 
0.5320 0.0360 0.1760 0.2560 
0.1600 0.0240 0.5600 0.2560 

MOTIF filter29 
letter-probability matrix: alength= 4 w= 12 nsites= 12 
0.1838 0.3153 0.2505 0.2505 
0.4937 0.1928 0.2108 0.1027 
0.2486 0.3748 0.3009 0.0757 
0.0000 1.0000 0.0000 0.0000 
1.0000 0.0000 0.0000 0.0000 
0.0000 1.0000 0.0000 0.0000 
0.0000 0.0000 1.0000 0.0000 
0.0000 0.0000 0.0000 1.0000 
0.0000 0.0000 1.0000 0.0000 
0.0468 0.2865 0.4486 0.2180 
0.0793 0.2306 0.1622 0.5279 
0.2414 0.2162 0.2162 0.3261 

MOTIF filter30 
letter-probability matrix: alength= 4 w= 15 nsites= 15 
0.3009 0.5457 0.0472 0.1062 
0.2389 0.1829 0.0678 0.5103 
0.2861 0.1416 0.3392 0.2330 
0.6342 0.0442 0.1150 0.2065 
0.1475 0.3215 0.5015 0.0295 
0.0000 0.0000 0.0000 1.0000 
0.0177 0.9823 0.0000 0.0000 
1.0000 0.0000 0.0000 0.0000 
0.0000 0.0000 0.9853 0.0147 
0.0000 1.0000 0.0000 0.0000 
0.9941 0.0000 0.0000 0.0059 
0.4248 0.1740 0.1327 0.2684 
0.4012 0.0501 0.0029 0.5457 
0.3864 0.0855 0.0000 0.5280 
0.3333 0.1121 0.0265 0.5280 

MOTIF filter31 
letter-probability matrix: alength= 4 w= 15 nsites= 15 
0.2970 0.2426 0.2599 0.2005 
0.2871 0.2995 0.2129 0.2005 
0.0743 0.1881 0.5000 0.2376 
0.0000 0.8144 0.0198 0.1658 
0.0025 0.8342 0.0000 0.1634 
0.0000 1.0000 0.0000 0.0000 
0.0000 1.0000 0.0000 0.0000 
0.1015 0.0000 0.6015 0.2970 
0.0000 1.0000 0.0000 0.0000 
0.0000 1.0000 0.0000 0.0000 
0.0000 0.8045 0.0000 0.1955 
0.0792 0.8243 0.0000 0.0965 
0.0446 0.6188 0.0594 0.2772 
0.2574 0.2550 0.2426 0.2450 
0.2921 0.2327 0.2228 0.2525 

