MEME version 4

ALPHABET= ACGT

Background letter frequencies:
A 0.2500 C 0.2500 G 0.2500 T 0.2500 

MOTIF filter0 
letter-probability matrix: alength= 4 w= 15 nsites= 15 
0.2536 0.2277 0.2248 0.2939 
0.2190 0.2104 0.2911 0.2795 
0.1902 0.2767 0.2450 0.2882 
0.0029 0.8761 0.1210 0.0000 
0.0288 0.9712 0.0000 0.0000 
0.0000 0.0000 1.0000 0.0000 
0.0000 0.0000 1.0000 0.0000 
1.0000 0.0000 0.0000 0.0000 
1.0000 0.0000 0.0000 0.0000 
0.0317 0.0144 0.9539 0.0000 
0.0231 0.3112 0.0202 0.6455 
0.1931 0.0951 0.6542 0.0576 
0.2882 0.2421 0.4409 0.0288 
0.2133 0.3977 0.2363 0.1527 
0.1988 0.2997 0.2248 0.2767 

MOTIF filter1 
letter-probability matrix: alength= 4 w= 12 nsites= 12 
0.2972 0.2382 0.2925 0.1722 
0.2500 0.3160 0.2170 0.2170 
0.0825 0.2028 0.4670 0.2476 
0.0000 0.7854 0.0495 0.1651 
0.0024 0.8443 0.0000 0.1533 
0.0000 1.0000 0.0000 0.0000 
0.0000 1.0000 0.0000 0.0000 
0.1061 0.0000 0.5873 0.3066 
0.0000 1.0000 0.0000 0.0000 
0.0000 1.0000 0.0000 0.0000 
0.0000 0.8679 0.0000 0.1321 
0.0920 0.8090 0.0000 0.0991 

MOTIF filter2 
letter-probability matrix: alength= 4 w= 12 nsites= 12 
0.2605 0.2333 0.2506 0.2556 
0.2382 0.2308 0.2605 0.2705 
0.2531 0.2605 0.2680 0.2184 
0.2531 0.0025 0.7444 0.0000 
0.1538 0.0000 0.7643 0.0819 
0.1836 0.0000 0.8164 0.0000 
0.0000 0.0000 1.0000 0.0000 
0.0000 0.0000 1.0000 0.0000 
0.3300 0.5161 0.0000 0.1538 
0.0000 0.0000 1.0000 0.0000 
0.0000 0.0000 1.0000 0.0000 
0.2258 0.0000 0.7717 0.0025 

MOTIF filter3 
letter-probability matrix: alength= 4 w= 14 nsites= 14 
0.1269 0.0777 0.3360 0.4594 
0.0251 0.8800 0.0000 0.0949 
0.0000 0.0000 0.0000 1.0000 
1.0000 0.0000 0.0000 0.0000 
0.2720 0.0000 0.0000 0.7280 
0.4709 0.0000 0.0000 0.5291 
0.5509 0.0000 0.0000 0.4491 
0.7051 0.0000 0.0000 0.2949 
0.0000 0.0000 0.0000 1.0000 
1.0000 0.0000 0.0000 0.0000 
0.1040 0.0000 0.8731 0.0229 
0.4674 0.3589 0.0537 0.1200 
0.2971 0.2229 0.2503 0.2297 
0.2549 0.2754 0.2331 0.2366 

MOTIF filter4 
letter-probability matrix: alength= 4 w= 11 nsites= 11 
0.2541 0.2566 0.2335 0.2558 
0.2737 0.2498 0.2216 0.2549 
0.2489 0.2190 0.2301 0.3020 
1.0000 0.0000 0.0000 0.0000 
0.0000 0.0000 0.0000 1.0000 
0.0000 0.2404 0.0000 0.7596 
1.0000 0.0000 0.0000 0.0000 
1.0000 0.0000 0.0000 0.0000 
0.5509 0.0000 0.0000 0.4491 
0.2857 0.2318 0.2370 0.2455 
0.2344 0.2378 0.2806 0.2472 

MOTIF filter5 
letter-probability matrix: alength= 4 w= 16 nsites= 16 
0.2287 0.2517 0.2476 0.2720 
0.2409 0.2558 0.2598 0.2436 
0.2449 0.2530 0.2463 0.2558 
0.5318 0.1001 0.3559 0.0122 
0.0000 0.0000 0.0000 1.0000 
0.0000 0.0000 0.0230 0.9770 
0.2923 0.0000 0.6441 0.0636 
0.0014 0.9445 0.0000 0.0541 
0.0677 0.0014 0.9310 0.0000 
0.0595 0.6874 0.0000 0.2530 
0.9729 0.0271 0.0000 0.0000 
1.0000 0.0000 0.0000 0.0000 
0.0122 0.3478 0.1150 0.5250 
0.2760 0.2355 0.2801 0.2084 
0.2517 0.2097 0.2585 0.2801 
0.2476 0.2436 0.2774 0.2314 

MOTIF filter6 
letter-probability matrix: alength= 4 w= 13 nsites= 13 
0.0906 0.3783 0.3250 0.2060 
0.4014 0.1545 0.3908 0.0533 
0.3144 0.3570 0.2877 0.0409 
0.0000 0.7247 0.0000 0.2753 
0.0000 0.7442 0.2558 0.0000 
1.0000 0.0000 0.0000 0.0000 
0.6146 0.0000 0.0018 0.3837 
0.0000 0.0000 0.0000 1.0000 
0.0018 0.3499 0.6483 0.0000 
0.4210 0.0000 0.5790 0.0000 
0.0604 0.2558 0.4671 0.2167 
0.0853 0.3446 0.1741 0.3961 
0.2078 0.3730 0.2913 0.1279 

MOTIF filter7 
letter-probability matrix: alength= 4 w= 13 nsites= 13 
0.2531 0.2403 0.2394 0.2672 
0.2424 0.2305 0.2912 0.2359 
0.3396 0.2615 0.3035 0.0954 
0.0504 0.0485 0.0531 0.8480 
0.0299 0.0412 0.7379 0.1909 
0.8477 0.0498 0.0570 0.0454 
0.1232 0.3876 0.3968 0.0924 
0.0352 0.0545 0.0480 0.8623 
0.1786 0.7475 0.0333 0.0406 
0.8667 0.0462 0.0472 0.0399 
0.0918 0.3045 0.2845 0.3191 
0.2206 0.3044 0.2322 0.2429 
0.2689 0.2317 0.2516 0.2478 

MOTIF filter8 
letter-probability matrix: alength= 4 w= 14 nsites= 14 
0.1017 0.3050 0.3428 0.2506 
0.4137 0.1348 0.4492 0.0024 
0.5626 0.0071 0.3688 0.0615 
0.0000 1.0000 0.0000 0.0000 
0.0000 1.0000 0.0000 0.0000 
1.0000 0.0000 0.0000 0.0000 
1.0000 0.0000 0.0000 0.0000 
0.0000 0.0000 0.0000 1.0000 
0.0449 0.7754 0.1726 0.0071 
0.8605 0.0024 0.1371 0.0000 
0.0733 0.0827 0.8345 0.0095 
0.2340 0.2648 0.2553 0.2459 
0.2719 0.1891 0.2600 0.2790 
0.2151 0.3073 0.2057 0.2719 

MOTIF filter9 
letter-probability matrix: alength= 4 w= 18 nsites= 18 
0.2385 0.2443 0.2500 0.2672 
0.2213 0.2931 0.2787 0.2069 
0.2730 0.2557 0.1954 0.2759 
0.1552 0.6667 0.1178 0.0603 
1.0000 0.0000 0.0000 0.0000 
0.9856 0.0000 0.0144 0.0000 
0.4282 0.0805 0.4713 0.0201 
1.0000 0.0000 0.0000 0.0000 
0.0000 0.0000 0.0000 1.0000 
0.0000 0.0000 1.0000 0.0000 
0.0000 0.0000 1.0000 0.0000 
0.0517 0.8678 0.0000 0.0805 
0.1149 0.1954 0.4253 0.2644 
0.0747 0.0718 0.7816 0.0718 
0.1264 0.7730 0.0144 0.0862 
0.2759 0.2328 0.2098 0.2816 
0.2356 0.2356 0.3103 0.2184 
0.2615 0.2328 0.2816 0.2241 

MOTIF filter10 
letter-probability matrix: alength= 4 w= 14 nsites= 14 
0.2687 0.2742 0.2299 0.2271 
0.2327 0.2493 0.2410 0.2770 
0.0083 0.8144 0.0748 0.1025 
0.0000 0.1579 0.0000 0.8421 
0.0000 0.2382 0.7285 0.0332 
1.0000 0.0000 0.0000 0.0000 
0.0000 0.0000 0.0000 1.0000 
0.0000 0.0000 0.0000 1.0000 
0.0000 0.0000 1.0000 0.0000 
0.0000 0.0000 1.0000 0.0000 
0.0499 0.3850 0.0028 0.5623 
0.0111 0.4238 0.1413 0.4238 
0.1967 0.4321 0.2992 0.0720 
0.4765 0.1524 0.3102 0.0609 

MOTIF filter11 
letter-probability matrix: alength= 4 w= 12 nsites= 12 
0.2485 0.2058 0.2971 0.2485 
0.4398 0.1641 0.3136 0.0825 
0.2136 0.2689 0.3466 0.1709 
0.0146 0.9699 0.0000 0.0155 
0.9078 0.0223 0.0000 0.0699 
0.0126 0.9845 0.0029 0.0000 
0.0107 0.0049 0.9699 0.0146 
0.0097 0.0000 0.0029 0.9874 
0.0175 0.0165 0.9408 0.0252 
0.1155 0.3039 0.2874 0.2932 
0.1272 0.2087 0.1612 0.5029 
0.3913 0.1816 0.2204 0.2068 

MOTIF filter12 
letter-probability matrix: alength= 4 w= 14 nsites= 14 
0.1771 0.2316 0.3188 0.2725 
0.0272 0.4823 0.2207 0.2698 
0.0790 0.6294 0.1281 0.1635 
0.7003 0.0054 0.2670 0.0272 
0.0000 0.9482 0.0027 0.0490 
0.0000 0.0000 0.0000 1.0000 
0.0000 0.0000 0.0000 1.0000 
0.0000 1.0000 0.0000 0.0000 
0.0000 1.0000 0.0000 0.0000 
0.0000 0.0000 0.9864 0.0136 
0.0000 0.1499 0.8392 0.0109 
0.2698 0.2044 0.2343 0.2916 
0.2507 0.2316 0.2480 0.2698 
0.2670 0.2234 0.2371 0.2725 

MOTIF filter13 
letter-probability matrix: alength= 4 w= 20 nsites= 20 
0.2500 0.2500 0.0000 0.5000 
0.2500 0.0000 0.2500 0.5000 
1.0000 0.0000 0.0000 0.0000 
0.0000 0.5000 0.2500 0.2500 
0.7500 0.0000 0.0000 0.2500 
0.0000 0.0000 0.2500 0.7500 
0.0000 0.0000 1.0000 0.0000 
0.2500 0.0000 0.7500 0.0000 
0.0000 1.0000 0.0000 0.0000 
0.0000 1.0000 0.0000 0.0000 
0.0000 0.0000 1.0000 0.0000 
0.0000 0.2500 0.2500 0.5000 
0.2500 0.7500 0.0000 0.0000 
0.0000 0.0000 0.0000 1.0000 
0.2500 0.0000 0.0000 0.7500 
0.0000 0.5000 0.0000 0.5000 
0.0000 0.2500 0.5000 0.2500 
0.2500 0.0000 0.7500 0.0000 
0.2500 0.5000 0.2500 0.0000 
0.0000 0.2500 0.2500 0.5000 

MOTIF filter14 
letter-probability matrix: alength= 4 w= 15 nsites= 15 
0.2708 0.2381 0.2292 0.2619 
0.2411 0.2857 0.2589 0.2143 
0.2500 0.2381 0.2440 0.2679 
0.1220 0.0149 0.6905 0.1726 
0.0804 0.7113 0.1161 0.0923 
0.2827 0.3393 0.2768 0.1012 
0.0446 0.0000 0.8690 0.0863 
0.0000 1.0000 0.0000 0.0000 
0.0000 1.0000 0.0000 0.0000 
1.0000 0.0000 0.0000 0.0000 
0.0000 0.0000 0.0000 1.0000 
0.0089 0.4613 0.1429 0.3869 
0.0000 0.0179 0.0000 0.9821 
0.0000 0.0060 0.0000 0.9940 
0.0774 0.0863 0.7054 0.1310 

MOTIF filter15 
letter-probability matrix: alength= 4 w= 12 nsites= 12 
0.2497 0.2562 0.2546 0.2395 
0.3285 0.2308 0.2458 0.1948 
0.2415 0.2923 0.2700 0.1962 
0.0585 0.8638 0.0456 0.0321 
0.8297 0.0267 0.1052 0.0384 
0.0412 0.7213 0.0390 0.1985 
0.1597 0.0419 0.7582 0.0403 
0.0503 0.1072 0.0284 0.8140 
0.0318 0.0362 0.8692 0.0628 
0.2045 0.2772 0.2822 0.2360 
0.2107 0.2691 0.2089 0.3113 
0.2261 0.2598 0.2520 0.2621 

MOTIF filter16 
letter-probability matrix: alength= 4 w= 16 nsites= 16 
0.2917 0.2404 0.2660 0.2019 
0.2853 0.3045 0.2179 0.1923 
0.0673 0.1603 0.5577 0.2147 
0.0000 0.8365 0.0064 0.1571 
0.0000 0.8494 0.0000 0.1506 
0.0000 1.0000 0.0000 0.0000 
0.0000 1.0000 0.0000 0.0000 
0.1026 0.0000 0.6314 0.2660 
0.0000 1.0000 0.0000 0.0000 
0.0000 1.0000 0.0000 0.0000 
0.0000 0.7724 0.0000 0.2276 
0.0545 0.8622 0.0000 0.0833 
0.0128 0.7212 0.0128 0.2532 
0.2596 0.2436 0.2500 0.2468 
0.3077 0.2276 0.2115 0.2532 
0.2212 0.3173 0.2276 0.2340 

MOTIF filter17 
letter-probability matrix: alength= 4 w= 12 nsites= 12 
0.2422 0.2722 0.2272 0.2584 
0.2522 0.2597 0.2609 0.2272 
0.2622 0.2584 0.2297 0.2497 
0.0025 0.0000 0.0000 0.9975 
0.0000 0.0000 0.0000 1.0000 
0.0000 0.0000 0.0000 1.0000 
0.5506 0.0000 0.4494 0.0000 
1.0000 0.0000 0.0000 0.0000 
0.0000 0.0000 0.0000 1.0000 
0.2222 0.2697 0.2522 0.2559 
0.2547 0.2509 0.2522 0.2422 
0.2484 0.2397 0.2647 0.2472 

MOTIF filter18 
letter-probability matrix: alength= 4 w= 15 nsites= 15 
0.2632 0.2368 0.2293 0.2707 
0.2707 0.2293 0.2744 0.2256 
0.2218 0.2481 0.2782 0.2519 
0.0000 0.9023 0.0977 0.0000 
0.0075 0.9925 0.0000 0.0000 
0.0000 0.0000 1.0000 0.0000 
0.0000 0.0000 1.0000 0.0000 
1.0000 0.0000 0.0000 0.0000 
1.0000 0.0000 0.0000 0.0000 
0.0376 0.0038 0.9586 0.0000 
0.0188 0.2744 0.0075 0.6992 
0.1391 0.0526 0.7744 0.0338 
0.2481 0.2519 0.4962 0.0038 
0.2143 0.3571 0.2519 0.1767 
0.1992 0.2932 0.2932 0.2143 

MOTIF filter19 
letter-probability matrix: alength= 4 w= 14 nsites= 14 
0.2344 0.2691 0.2582 0.2383 
0.2403 0.2741 0.2463 0.2393 
0.5065 0.1370 0.3396 0.0169 
0.0000 0.0000 0.0000 1.0000 
0.0000 0.0000 0.0546 0.9454 
0.2900 0.0000 0.6236 0.0864 
0.0119 0.8888 0.0070 0.0924 
0.0943 0.0030 0.8838 0.0189 
0.0914 0.6614 0.0000 0.2473 
0.9474 0.0526 0.0000 0.0000 
1.0000 0.0000 0.0000 0.0000 
0.0119 0.3446 0.1410 0.5025 
0.2671 0.2463 0.2761 0.2105 
0.2493 0.2155 0.2572 0.2781 

MOTIF filter20 
letter-probability matrix: alength= 4 w= 19 nsites= 19 
0.2513 0.3808 0.2167 0.1513 
0.2051 0.0115 0.4679 0.3154 
0.1423 0.2821 0.1026 0.4731 
0.0038 0.6538 0.0244 0.3179 
0.0026 0.3718 0.3231 0.3026 
0.1808 0.1308 0.5038 0.1846 
0.7718 0.0692 0.0179 0.1410 
0.6628 0.1038 0.2308 0.0026 
0.1000 0.1603 0.6423 0.0974 
0.2038 0.2359 0.1359 0.4244 
0.1038 0.4936 0.2308 0.1718 
0.0615 0.5077 0.0000 0.4308 
0.3397 0.1000 0.5487 0.0115 
0.2000 0.0500 0.4833 0.2667 
0.2077 0.0577 0.0064 0.7282 
0.2897 0.6551 0.0538 0.0013 
0.1090 0.0487 0.6167 0.2256 
0.2269 0.0731 0.3192 0.3808 
0.3256 0.2705 0.2962 0.1077 

MOTIF filter21 
letter-probability matrix: alength= 4 w= 19 nsites= 19 
0.2129 0.2358 0.2736 0.2776 
0.1941 0.2884 0.2830 0.2345 
0.2803 0.2399 0.2278 0.2520 
0.1375 0.0728 0.0350 0.7547 
0.0229 0.0674 0.7102 0.1995 
0.4286 0.3935 0.0647 0.1132 
0.0000 1.0000 0.0000 0.0000 
0.0000 0.9987 0.0000 0.0013 
0.8450 0.0000 0.0027 0.1523 
0.0162 0.0000 0.0000 0.9838 
1.0000 0.0000 0.0000 0.0000 
0.0000 0.0000 0.0013 0.9987 
0.9946 0.0000 0.0000 0.0054 
0.1361 0.0027 0.0000 0.8612 
0.0013 0.0040 0.9946 0.0000 
0.0000 0.0000 1.0000 0.0000 
0.0889 0.0714 0.3962 0.4434 
0.2035 0.6873 0.0822 0.0270 
0.7534 0.0189 0.0606 0.1671 

MOTIF filter22 
letter-probability matrix: alength= 4 w= 14 nsites= 14 
0.2758 0.2411 0.2367 0.2464 
0.1933 0.2406 0.1610 0.4050 
0.0101 0.0328 0.0116 0.9455 
0.0159 0.0000 0.0665 0.9176 
0.1745 0.7821 0.0178 0.0256 
0.0574 0.6524 0.0087 0.2816 
0.2536 0.2358 0.2459 0.2647 
0.2835 0.0063 0.6659 0.0444 
0.0101 0.0164 0.8115 0.1620 
0.8954 0.0800 0.0101 0.0145 
0.9494 0.0217 0.0251 0.0039 
0.4108 0.1654 0.2449 0.1789 
0.2242 0.2613 0.2517 0.2628 
0.2396 0.2261 0.2816 0.2527 

MOTIF filter23 
letter-probability matrix: alength= 4 w= 17 nsites= 17 
0.2661 0.2353 0.2577 0.2409 
0.2465 0.2829 0.2241 0.2465 
0.4958 0.0112 0.1457 0.3473 
0.6275 0.0196 0.0504 0.3025 
0.4482 0.0000 0.0224 0.5294 
0.2969 0.1597 0.1541 0.3894 
0.0084 0.0000 0.0000 0.9916 
0.0000 0.0000 1.0000 0.0000 
0.0280 0.9720 0.0000 0.0000 
0.0000 0.0000 0.0000 1.0000 
0.0000 0.0000 0.9916 0.0084 
1.0000 0.0000 0.0000 0.0000 
0.0252 0.4930 0.3137 0.1681 
0.1989 0.1317 0.0420 0.6275 
0.2045 0.3725 0.1289 0.2941 
0.5014 0.0644 0.1989 0.2353 
0.1625 0.0532 0.5154 0.2689 

MOTIF filter24 
letter-probability matrix: alength= 4 w= 18 nsites= 18 
0.3844 0.2075 0.2143 0.1939 
0.2925 0.2347 0.2109 0.2619 
0.4252 0.4354 0.0340 0.1054 
0.4014 0.0816 0.0170 0.5000 
0.3912 0.0442 0.2279 0.3367 
0.5850 0.0918 0.0408 0.2823 
0.1497 0.1361 0.3912 0.3231 
0.0000 0.0000 0.2381 0.7619 
0.0102 0.9898 0.0000 0.0000 
0.8163 0.0000 0.0000 0.1837 
0.0000 0.0000 0.9864 0.0136 
0.1905 0.8095 0.0000 0.0000 
0.8912 0.0714 0.0238 0.0136 
0.4218 0.1531 0.0578 0.3673 
0.2959 0.0782 0.0102 0.6156 
0.4558 0.0374 0.0034 0.5034 
0.2823 0.0408 0.1327 0.5442 
0.2925 0.1939 0.2585 0.2551 

MOTIF filter25 
letter-probability matrix: alength= 4 w= 15 nsites= 15 
0.2244 0.3268 0.2209 0.2278 
0.2704 0.2612 0.2520 0.2163 
0.1070 0.4373 0.0736 0.3820 
0.0345 0.0012 0.0000 0.9643 
0.0035 0.0000 0.0023 0.9942 
0.0449 0.9402 0.0150 0.0000 
0.0012 0.8435 0.0288 0.1266 
0.1438 0.2198 0.3924 0.2440 
0.0679 0.0173 0.8746 0.0403 
0.0196 0.0334 0.8389 0.1082 
0.9413 0.0380 0.0000 0.0207 
0.8769 0.0357 0.0506 0.0368 
0.4097 0.1772 0.1830 0.2301 
0.2094 0.2739 0.2854 0.2313 
0.2463 0.3003 0.2106 0.2428 

MOTIF filter26 
letter-probability matrix: alength= 4 w= 13 nsites= 13 
0.2627 0.1180 0.4933 0.1260 
0.1528 0.0000 0.7641 0.0831 
0.1796 0.0000 0.8204 0.0000 
0.0000 0.0000 1.0000 0.0000 
0.0000 0.0000 1.0000 0.0000 
0.3110 0.5550 0.0000 0.1340 
0.0000 0.0000 1.0000 0.0000 
0.0000 0.0000 1.0000 0.0000 
0.1475 0.0000 0.8525 0.0000 
0.1716 0.0080 0.8204 0.0000 
0.1796 0.5979 0.1823 0.0402 
0.2708 0.2011 0.2922 0.2359 
0.2386 0.2869 0.2064 0.2681 

MOTIF filter27 
letter-probability matrix: alength= 4 w= 18 nsites= 18 
0.0270 0.0991 0.6517 0.2222 
0.4144 0.4174 0.0495 0.1186 
0.0000 1.0000 0.0000 0.0000 
0.0000 0.9970 0.0000 0.0030 
0.8559 0.0000 0.0015 0.1426 
0.0060 0.0000 0.0000 0.9940 
1.0000 0.0000 0.0000 0.0000 
0.0000 0.0000 0.0000 1.0000 
0.9940 0.0000 0.0000 0.0060 
0.1336 0.0015 0.0000 0.8649 
0.0000 0.0015 0.9985 0.0000 
0.0000 0.0000 1.0000 0.0000 
0.0871 0.0511 0.4459 0.4159 
0.2237 0.7237 0.0435 0.0090 
0.7913 0.0090 0.0450 0.1547 
0.2177 0.2943 0.2267 0.2613 
0.2042 0.2748 0.2553 0.2658 
0.2583 0.2342 0.2883 0.2192 

MOTIF filter28 
letter-probability matrix: alength= 4 w= 15 nsites= 15 
0.2682 0.2333 0.2045 0.2939 
0.2227 0.1818 0.1409 0.4545 
0.0152 0.0742 0.1061 0.8045 
0.0000 0.0000 0.0000 1.0000 
0.0000 0.4545 0.0030 0.5424 
0.0500 0.9500 0.0000 0.0000 
0.0879 0.4833 0.0000 0.4288 
0.4652 0.0000 0.4697 0.0652 
0.0000 0.0000 0.9864 0.0136 
0.4697 0.0045 0.5227 0.0030 
1.0000 0.0000 0.0000 0.0000 
0.9030 0.0485 0.0364 0.0121 
0.4652 0.1106 0.2121 0.2121 
0.2833 0.2500 0.2015 0.2652 
0.2061 0.2561 0.2955 0.2424 

MOTIF filter29 
letter-probability matrix: alength= 4 w= 15 nsites= 15 
0.2416 0.2663 0.2574 0.2347 
0.1198 0.0683 0.3406 0.4713 
0.0446 0.8406 0.0050 0.1099 
0.0000 0.0119 0.0000 0.9881 
1.0000 0.0000 0.0000 0.0000 
0.2782 0.0000 0.0099 0.7119 
0.4535 0.0020 0.0000 0.5446 
0.5495 0.0000 0.0010 0.4495 
0.6832 0.0030 0.0000 0.3139 
0.0030 0.0010 0.0010 0.9950 
0.9842 0.0000 0.0129 0.0030 
0.1129 0.0020 0.8386 0.0465 
0.4475 0.3525 0.0574 0.1426 
0.2822 0.2287 0.2614 0.2277 
0.2455 0.2881 0.2317 0.2347 

MOTIF filter30 
letter-probability matrix: alength= 4 w= 15 nsites= 15 
0.2762 0.1744 0.3023 0.2471 
0.6076 0.0494 0.1250 0.2180 
0.1715 0.3227 0.4913 0.0145 
0.0000 0.0000 0.0000 1.0000 
0.0145 0.9855 0.0000 0.0000 
1.0000 0.0000 0.0000 0.0000 
0.0000 0.0000 0.9651 0.0349 
0.0000 1.0000 0.0000 0.0000 
0.9942 0.0000 0.0000 0.0058 
0.4390 0.1657 0.1308 0.2645 
0.4244 0.0378 0.0058 0.5320 
0.3953 0.0698 0.0000 0.5349 
0.3052 0.1163 0.0145 0.5640 
0.2762 0.2326 0.2500 0.2413 
0.2733 0.2674 0.2267 0.2326 

MOTIF filter31 
letter-probability matrix: alength= 4 w= 17 nsites= 17 
0.2239 0.2492 0.2613 0.2656 
0.2162 0.2755 0.2744 0.2338 
0.2887 0.2415 0.2294 0.2404 
0.1690 0.0724 0.0439 0.7146 
0.0340 0.0933 0.6542 0.2184 
0.4050 0.3908 0.0812 0.1229 
0.0044 0.9846 0.0088 0.0022 
0.0000 0.9923 0.0000 0.0077 
0.8178 0.0044 0.0088 0.1690 
0.0263 0.0000 0.0011 0.9726 
0.9967 0.0033 0.0000 0.0000 
0.0000 0.0022 0.0011 0.9967 
0.9759 0.0022 0.0000 0.0220 
0.1614 0.0055 0.0033 0.8299 
0.0044 0.0110 0.9835 0.0011 
0.0011 0.0088 0.9857 0.0044 
0.1153 0.0670 0.3798 0.4380 

