MEME version 4

ALPHABET= ACGT

Background letter frequencies:
A 0.2500 C 0.2500 G 0.2500 T 0.2500 

MOTIF filter0 
letter-probability matrix: alength= 4 w= 20 nsites= 20 
0.2127 0.2892 0.2726 0.2255 
0.2854 0.2420 0.2280 0.2446 
0.1541 0.0713 0.0395 0.7350 
0.0255 0.0790 0.6815 0.2140 
0.4166 0.4076 0.0650 0.1108 
0.0000 0.9987 0.0013 0.0000 
0.0000 0.9962 0.0000 0.0038 
0.8357 0.0000 0.0025 0.1618 
0.0166 0.0000 0.0000 0.9834 
1.0000 0.0000 0.0000 0.0000 
0.0000 0.0025 0.0013 0.9962 
0.9885 0.0000 0.0000 0.0115 
0.1541 0.0025 0.0000 0.8433 
0.0000 0.0025 0.9975 0.0000 
0.0000 0.0000 0.9975 0.0025 
0.0955 0.0726 0.4013 0.4306 
0.2089 0.6790 0.0803 0.0318 
0.7682 0.0178 0.0497 0.1643 
0.2306 0.2879 0.2395 0.2420 
0.2089 0.2611 0.2726 0.2573 

MOTIF filter1 
letter-probability matrix: alength= 4 w= 14 nsites= 14 
0.2494 0.2526 0.2494 0.2486 
0.2661 0.2540 0.2377 0.2423 
0.4257 0.1775 0.3492 0.0476 
0.0215 0.0132 0.0330 0.9323 
0.0089 0.0198 0.1485 0.8228 
0.3222 0.0192 0.4989 0.1597 
0.0780 0.6912 0.0513 0.1795 
0.1924 0.0562 0.6875 0.0639 
0.1620 0.5482 0.0063 0.2835 
0.8082 0.1474 0.0226 0.0218 
0.9272 0.0206 0.0318 0.0204 
0.0565 0.3179 0.1798 0.4458 
0.2486 0.2692 0.2603 0.2219 
0.2451 0.2354 0.2629 0.2566 

MOTIF filter2 
letter-probability matrix: alength= 4 w= 13 nsites= 13 
0.1641 0.1868 0.2515 0.3976 
0.3593 0.2862 0.3509 0.0036 
0.3593 0.1928 0.1509 0.2970 
0.1353 0.5186 0.3341 0.0120 
0.9281 0.0060 0.0503 0.0156 
0.0000 0.6060 0.0551 0.3389 
0.0826 0.0000 0.3114 0.6060 
0.0431 0.0000 0.1796 0.7772 
0.0383 0.0527 0.8982 0.0108 
0.0012 0.7641 0.0263 0.2084 
0.1281 0.2108 0.3880 0.2731 
0.0635 0.3222 0.4419 0.1725 
0.4754 0.2407 0.1952 0.0886 

MOTIF filter3 
letter-probability matrix: alength= 4 w= 16 nsites= 16 
0.2753 0.3202 0.1910 0.2135 
0.2725 0.2753 0.2051 0.2472 
0.2472 0.2388 0.2416 0.2725 
0.0140 0.7893 0.0843 0.1124 
0.0000 0.1461 0.0000 0.8539 
0.0000 0.2444 0.7331 0.0225 
1.0000 0.0000 0.0000 0.0000 
0.0000 0.0000 0.0000 1.0000 
0.0000 0.0000 0.0000 1.0000 
0.0000 0.0000 1.0000 0.0000 
0.0000 0.0000 1.0000 0.0000 
0.0506 0.3848 0.0056 0.5590 
0.0056 0.4410 0.1264 0.4270 
0.1742 0.4382 0.3146 0.0730 
0.4944 0.1348 0.3118 0.0590 
0.1376 0.1433 0.2640 0.4551 

MOTIF filter4 
letter-probability matrix: alength= 4 w= 12 nsites= 12 
0.2475 0.2826 0.2475 0.2224 
0.5217 0.1472 0.2191 0.1120 
0.1973 0.3478 0.4147 0.0401 
0.0000 1.0000 0.0000 0.0000 
1.0000 0.0000 0.0000 0.0000 
0.0000 1.0000 0.0000 0.0000 
0.0000 0.0000 1.0000 0.0000 
0.0000 0.0000 0.0000 1.0000 
0.0000 0.0000 1.0000 0.0000 
0.1054 0.2759 0.3946 0.2241 
0.1020 0.1957 0.1254 0.5769 
0.2375 0.2358 0.2843 0.2425 

MOTIF filter5 
letter-probability matrix: alength= 4 w= 16 nsites= 16 
0.2510 0.5843 0.0353 0.1294 
0.2275 0.1765 0.0667 0.5294 
0.2824 0.1529 0.3020 0.2627 
0.6784 0.0471 0.0824 0.1922 
0.1490 0.2941 0.5490 0.0078 
0.0000 0.0000 0.0000 1.0000 
0.0039 0.9961 0.0000 0.0000 
1.0000 0.0000 0.0000 0.0000 
0.0000 0.0000 0.9922 0.0078 
0.0000 1.0000 0.0000 0.0000 
1.0000 0.0000 0.0000 0.0000 
0.4392 0.1529 0.1255 0.2824 
0.3922 0.0196 0.0000 0.5882 
0.3922 0.0431 0.0000 0.5647 
0.3059 0.1255 0.0157 0.5529 
0.3176 0.2471 0.2510 0.1843 

MOTIF filter6 
letter-probability matrix: alength= 4 w= 15 nsites= 15 
0.1978 0.2806 0.2446 0.2770 
0.1799 0.1511 0.3921 0.2770 
0.0144 0.4712 0.2518 0.2626 
0.0432 0.7122 0.1187 0.1259 
0.8022 0.0144 0.1763 0.0072 
0.0000 0.9640 0.0072 0.0288 
0.0000 0.0000 0.0000 1.0000 
0.0000 0.0000 0.0000 1.0000 
0.0000 1.0000 0.0000 0.0000 
0.0000 1.0000 0.0000 0.0000 
0.0000 0.0000 0.9820 0.0180 
0.0000 0.1655 0.8345 0.0000 
0.2806 0.2122 0.2662 0.2410 
0.3022 0.2122 0.2338 0.2518 
0.2518 0.2086 0.2122 0.3273 

MOTIF filter7 
letter-probability matrix: alength= 4 w= 17 nsites= 17 
0.2319 0.2725 0.2812 0.2145 
0.2725 0.2609 0.2203 0.2464 
0.1623 0.6696 0.1043 0.0638 
0.9942 0.0000 0.0058 0.0000 
0.9855 0.0000 0.0145 0.0000 
0.4087 0.0899 0.4812 0.0203 
1.0000 0.0000 0.0000 0.0000 
0.0000 0.0000 0.0000 1.0000 
0.0000 0.0000 1.0000 0.0000 
0.0000 0.0000 1.0000 0.0000 
0.0609 0.8551 0.0000 0.0841 
0.1159 0.1942 0.4203 0.2696 
0.0696 0.0812 0.7826 0.0667 
0.1275 0.7652 0.0203 0.0870 
0.2609 0.2145 0.2232 0.3014 
0.2319 0.2348 0.2986 0.2348 
0.2667 0.2406 0.2870 0.2058 

MOTIF filter8 
letter-probability matrix: alength= 4 w= 13 nsites= 13 
0.2842 0.1202 0.4836 0.1120 
0.1066 0.0000 0.8579 0.0355 
0.1967 0.0000 0.8033 0.0000 
0.0000 0.0000 1.0000 0.0000 
0.0000 0.0000 1.0000 0.0000 
0.2760 0.5929 0.0000 0.1311 
0.0000 0.0000 1.0000 0.0000 
0.0000 0.0000 1.0000 0.0000 
0.1749 0.0000 0.8251 0.0000 
0.1913 0.0301 0.7787 0.0000 
0.2240 0.5492 0.1366 0.0902 
0.2814 0.2022 0.2760 0.2404 
0.2377 0.3005 0.1831 0.2787 

MOTIF filter9 
letter-probability matrix: alength= 4 w= 13 nsites= 13 
0.2563 0.2352 0.2388 0.2696 
0.2370 0.2302 0.3009 0.2318 
0.3443 0.2529 0.3006 0.1022 
0.0355 0.0443 0.0593 0.8608 
0.0170 0.0303 0.7665 0.1862 
0.8479 0.0507 0.0590 0.0424 
0.1219 0.3916 0.4014 0.0851 
0.0388 0.0566 0.0514 0.8533 
0.1616 0.7643 0.0422 0.0320 
0.8629 0.0497 0.0530 0.0344 
0.0957 0.3124 0.2719 0.3200 
0.2238 0.3065 0.2260 0.2437 
0.2672 0.2291 0.2498 0.2540 

MOTIF filter10 
letter-probability matrix: alength= 4 w= 15 nsites= 15 
0.2208 0.2250 0.2875 0.2667 
0.1333 0.2292 0.4167 0.2208 
0.0500 0.4750 0.1792 0.2958 
0.0583 0.6833 0.1542 0.1042 
0.6708 0.0125 0.2958 0.0208 
0.0000 0.9625 0.0000 0.0375 
0.0000 0.0000 0.0000 1.0000 
0.0000 0.0000 0.0000 1.0000 
0.0000 1.0000 0.0000 0.0000 
0.0000 1.0000 0.0000 0.0000 
0.0000 0.0000 1.0000 0.0000 
0.0000 0.0917 0.8958 0.0125 
0.3583 0.1750 0.1500 0.3167 
0.2375 0.1875 0.2500 0.3250 
0.1875 0.2167 0.3167 0.2792 

MOTIF filter11 
letter-probability matrix: alength= 4 w= 15 nsites= 15 
0.4293 0.2310 0.1630 0.1766 
0.0707 0.3668 0.1168 0.4457 
0.0625 0.3315 0.3696 0.2364 
0.4402 0.1060 0.4538 0.0000 
0.5842 0.0054 0.3668 0.0435 
0.0000 1.0000 0.0000 0.0000 
0.0000 1.0000 0.0000 0.0000 
1.0000 0.0000 0.0000 0.0000 
1.0000 0.0000 0.0000 0.0000 
0.0000 0.0000 0.0000 1.0000 
0.0299 0.7663 0.2038 0.0000 
0.8641 0.0027 0.1332 0.0000 
0.0679 0.0734 0.8424 0.0163 
0.2228 0.2690 0.2609 0.2473 
0.2853 0.1902 0.2690 0.2554 

MOTIF filter12 
letter-probability matrix: alength= 4 w= 14 nsites= 14 
0.3265 0.2474 0.2474 0.1787 
0.2509 0.3402 0.2131 0.1959 
0.0722 0.1340 0.5739 0.2199 
0.0000 0.8488 0.0034 0.1478 
0.0000 0.8591 0.0000 0.1409 
0.0000 1.0000 0.0000 0.0000 
0.0000 1.0000 0.0000 0.0000 
0.1237 0.0000 0.5773 0.2990 
0.0000 1.0000 0.0000 0.0000 
0.0000 1.0000 0.0000 0.0000 
0.0000 0.8179 0.0000 0.1821 
0.0722 0.8729 0.0000 0.0550 
0.0206 0.7182 0.0206 0.2405 
0.2509 0.2543 0.2371 0.2577 

MOTIF filter13 
letter-probability matrix: alength= 4 w= 16 nsites= 16 
0.2131 0.1925 0.1610 0.4334 
0.1642 0.2015 0.4153 0.2189 
0.2299 0.1816 0.2428 0.3458 
0.0219 0.9221 0.0019 0.0541 
0.0013 0.3838 0.0000 0.6149 
0.9936 0.0006 0.0013 0.0045 
0.1835 0.0006 0.0052 0.8107 
0.6780 0.0000 0.0006 0.3213 
0.3355 0.0000 0.0006 0.6639 
0.8107 0.0019 0.0000 0.1874 
0.0071 0.0013 0.0006 0.9910 
0.6149 0.0000 0.3851 0.0000 
0.0547 0.0032 0.9234 0.0187 
0.3232 0.2505 0.1816 0.2447 
0.2511 0.3818 0.2048 0.1623 
0.4301 0.1848 0.1681 0.2170 

MOTIF filter14 
letter-probability matrix: alength= 4 w= 18 nsites= 18 
0.2754 0.2415 0.1992 0.2839 
0.2585 0.2924 0.2415 0.2076 
0.2161 0.2669 0.2585 0.2585 
0.0847 0.0000 0.8008 0.1144 
0.0593 0.8051 0.0847 0.0508 
0.2669 0.3432 0.2924 0.0975 
0.0424 0.0000 0.9068 0.0508 
0.0000 1.0000 0.0000 0.0000 
0.0000 1.0000 0.0000 0.0000 
1.0000 0.0000 0.0000 0.0000 
0.0000 0.0000 0.0000 1.0000 
0.0085 0.4915 0.1229 0.3771 
0.0000 0.0212 0.0000 0.9788 
0.0000 0.0169 0.0000 0.9831 
0.0508 0.0847 0.7754 0.0890 
0.2542 0.2203 0.2627 0.2627 
0.2119 0.2627 0.2542 0.2712 
0.2288 0.3051 0.2415 0.2246 

MOTIF filter15 
letter-probability matrix: alength= 4 w= 14 nsites= 14 
0.2519 0.2383 0.2453 0.2646 
0.1113 0.4639 0.2501 0.1748 
0.2422 0.0565 0.2497 0.4516 
0.0070 0.4223 0.4875 0.0832 
0.2234 0.0473 0.1047 0.6246 
0.0460 0.3399 0.5357 0.0784 
0.6570 0.1314 0.0158 0.1958 
0.0004 0.7530 0.2466 0.0000 
0.0999 0.1450 0.0438 0.7113 
0.0850 0.6500 0.0009 0.2641 
0.7048 0.0683 0.1997 0.0272 
0.1761 0.0477 0.4639 0.3123 
0.2431 0.3145 0.4262 0.0162 
0.1551 0.2891 0.2641 0.2917 

MOTIF filter16 
letter-probability matrix: alength= 4 w= 15 nsites= 15 
0.2491 0.2602 0.2515 0.2392 
0.1473 0.0962 0.3243 0.4322 
0.0820 0.7293 0.0160 0.1726 
0.0160 0.0333 0.0129 0.9377 
0.9383 0.0086 0.0099 0.0432 
0.3163 0.0025 0.0185 0.6628 
0.4402 0.0086 0.0025 0.5487 
0.5142 0.0074 0.0111 0.4673 
0.6449 0.0111 0.0000 0.3440 
0.0425 0.0105 0.0129 0.9340 
0.9168 0.0160 0.0345 0.0327 
0.1763 0.0173 0.7269 0.0795 
0.3995 0.3570 0.0752 0.1683 
0.2571 0.2435 0.2589 0.2404 
0.2515 0.2756 0.2478 0.2250 

MOTIF filter17 
letter-probability matrix: alength= 4 w= 15 nsites= 15 
0.1244 0.3483 0.2040 0.3234 
0.1294 0.1343 0.3632 0.3731 
0.0050 0.4478 0.2935 0.2537 
0.1493 0.7015 0.0547 0.0945 
0.6816 0.0000 0.3085 0.0100 
0.0000 0.9701 0.0149 0.0149 
0.0000 0.0050 0.0000 0.9950 
0.0000 0.0000 0.0000 1.0000 
0.0000 1.0000 0.0000 0.0000 
0.0000 0.9950 0.0050 0.0000 
0.0000 0.0000 0.9701 0.0299 
0.0000 0.1144 0.8856 0.0000 
0.1891 0.1244 0.3781 0.3085 
0.1841 0.3284 0.2587 0.2289 
0.3532 0.2090 0.1791 0.2587 

MOTIF filter18 
letter-probability matrix: alength= 4 w= 12 nsites= 12 
0.2097 0.2161 0.2323 0.3419 
0.2419 0.2516 0.2774 0.2290 
0.2194 0.3323 0.2581 0.1903 
0.0032 0.9129 0.0839 0.0000 
0.0742 0.9258 0.0000 0.0000 
0.0000 0.0000 1.0000 0.0000 
0.0000 0.0000 1.0000 0.0000 
1.0000 0.0000 0.0000 0.0000 
1.0000 0.0000 0.0000 0.0000 
0.0516 0.0000 0.9484 0.0000 
0.0032 0.2806 0.0065 0.7097 
0.1774 0.1355 0.6452 0.0419 

MOTIF filter19 
letter-probability matrix: alength= 4 w= 20 nsites= 20 
0.2857 0.2536 0.2429 0.2179 
0.2536 0.2786 0.2179 0.2500 
0.2893 0.5929 0.0250 0.0929 
0.2571 0.1679 0.0429 0.5321 
0.3071 0.1250 0.3429 0.2250 
0.6429 0.0393 0.0929 0.2250 
0.1429 0.3393 0.4857 0.0321 
0.0000 0.0000 0.0000 1.0000 
0.0107 0.9893 0.0000 0.0000 
1.0000 0.0000 0.0000 0.0000 
0.0000 0.0000 0.9929 0.0071 
0.0000 1.0000 0.0000 0.0000 
0.9929 0.0000 0.0000 0.0071 
0.4464 0.1643 0.1321 0.2571 
0.4286 0.0643 0.0107 0.4964 
0.3821 0.0607 0.0000 0.5571 
0.3036 0.0857 0.0250 0.5857 
0.2250 0.2286 0.2536 0.2929 
0.3036 0.2643 0.2143 0.2179 
0.2393 0.2893 0.2321 0.2393 

MOTIF filter20 
letter-probability matrix: alength= 4 w= 12 nsites= 12 
0.2222 0.2642 0.2642 0.2495 
0.4057 0.1971 0.2631 0.1342 
0.2358 0.3145 0.3187 0.1310 
0.0000 1.0000 0.0000 0.0000 
1.0000 0.0000 0.0000 0.0000 
0.0000 1.0000 0.0000 0.0000 
0.0010 0.0000 0.9990 0.0000 
0.0000 0.0000 0.0000 1.0000 
0.0000 0.0000 1.0000 0.0000 
0.1541 0.2998 0.3166 0.2296 
0.1551 0.2484 0.1604 0.4361 
0.2390 0.2547 0.2516 0.2547 

MOTIF filter21 
letter-probability matrix: alength= 4 w= 18 nsites= 18 
0.2396 0.2361 0.2535 0.2708 
0.2292 0.2986 0.2535 0.2188 
0.3090 0.2361 0.2083 0.2465 
0.1562 0.7014 0.1007 0.0417 
1.0000 0.0000 0.0000 0.0000 
0.9861 0.0000 0.0139 0.0000 
0.4340 0.0694 0.4861 0.0104 
1.0000 0.0000 0.0000 0.0000 
0.0000 0.0000 0.0000 1.0000 
0.0000 0.0000 1.0000 0.0000 
0.0000 0.0000 1.0000 0.0000 
0.0278 0.9201 0.0000 0.0521 
0.1076 0.1875 0.4444 0.2604 
0.0694 0.0694 0.7986 0.0625 
0.1285 0.7917 0.0139 0.0660 
0.2569 0.2569 0.2118 0.2743 
0.2396 0.2500 0.2986 0.2118 
0.2639 0.2222 0.2778 0.2361 

MOTIF filter22 
letter-probability matrix: alength= 4 w= 18 nsites= 18 
0.2236 0.2482 0.2580 0.2703 
0.2076 0.2776 0.2801 0.2346 
0.2887 0.2383 0.2273 0.2457 
0.1499 0.0700 0.0405 0.7396 
0.0307 0.0872 0.6634 0.2187 
0.4177 0.3882 0.0725 0.1216 
0.0000 1.0000 0.0000 0.0000 
0.0000 0.9975 0.0000 0.0025 
0.8366 0.0000 0.0037 0.1597 
0.0123 0.0000 0.0000 0.9877 
0.9988 0.0012 0.0000 0.0000 
0.0000 0.0000 0.0012 0.9988 
0.9926 0.0000 0.0000 0.0074 
0.1450 0.0049 0.0012 0.8489 
0.0012 0.0074 0.9914 0.0000 
0.0000 0.0000 1.0000 0.0000 
0.0995 0.0627 0.3956 0.4423 
0.2187 0.6622 0.0921 0.0270 

MOTIF filter23 
letter-probability matrix: alength= 4 w= 12 nsites= 12 
0.2534 0.2496 0.2328 0.2642 
0.2579 0.2280 0.2558 0.2582 
0.2040 0.2466 0.1783 0.3712 
0.0240 0.0500 0.0330 0.8930 
0.0189 0.0300 0.0731 0.8781 
0.1920 0.7364 0.0291 0.0425 
0.0689 0.6016 0.0123 0.3173 
0.2519 0.2229 0.2648 0.2603 
0.3176 0.0132 0.6156 0.0536 
0.0371 0.0288 0.7567 0.1774 
0.8616 0.0869 0.0198 0.0318 
0.9062 0.0365 0.0407 0.0165 

MOTIF filter24 
letter-probability matrix: alength= 4 w= 15 nsites= 15 
0.2735 0.2422 0.2063 0.2780 
0.2735 0.2556 0.2825 0.1883 
0.2332 0.2511 0.2287 0.2870 
0.0000 0.8655 0.1345 0.0000 
0.0090 0.9910 0.0000 0.0000 
0.0000 0.0000 1.0000 0.0000 
0.0000 0.0000 1.0000 0.0000 
1.0000 0.0000 0.0000 0.0000 
1.0000 0.0000 0.0000 0.0000 
0.0314 0.0000 0.9686 0.0000 
0.0000 0.2511 0.0000 0.7489 
0.1794 0.0179 0.7713 0.0314 
0.2646 0.2018 0.5247 0.0090 
0.1839 0.4260 0.2287 0.1614 
0.1883 0.2915 0.2511 0.2691 

MOTIF filter25 
letter-probability matrix: alength= 4 w= 16 nsites= 16 
0.2845 0.2569 0.2956 0.1630 
0.2790 0.2901 0.2238 0.2072 
0.0608 0.2238 0.4890 0.2265 
0.0000 0.8149 0.0276 0.1575 
0.0028 0.8398 0.0000 0.1575 
0.0000 1.0000 0.0000 0.0000 
0.0000 1.0000 0.0000 0.0000 
0.0773 0.0000 0.6657 0.2569 
0.0000 1.0000 0.0000 0.0000 
0.0000 1.0000 0.0000 0.0000 
0.0000 0.8260 0.0000 0.1740 
0.0442 0.8840 0.0000 0.0718 
0.0580 0.6050 0.0635 0.2735 
0.2569 0.2376 0.2569 0.2486 
0.2680 0.2376 0.2320 0.2624 
0.2238 0.2845 0.2597 0.2320 

MOTIF filter26 
letter-probability matrix: alength= 4 w= 16 nsites= 16 
0.2442 0.2248 0.2597 0.2713 
0.2132 0.2287 0.2636 0.2946 
0.2132 0.2403 0.2868 0.2597 
0.2403 0.0078 0.7326 0.0194 
0.1318 0.0000 0.8178 0.0504 
0.1279 0.0000 0.8721 0.0000 
0.0000 0.0000 1.0000 0.0000 
0.0000 0.0000 1.0000 0.0000 
0.2907 0.5814 0.0000 0.1279 
0.0000 0.0000 1.0000 0.0000 
0.0000 0.0000 1.0000 0.0000 
0.1279 0.0000 0.8682 0.0039 
0.1395 0.0155 0.8450 0.0000 
0.1279 0.6202 0.1899 0.0620 
0.2984 0.1899 0.3023 0.2093 
0.2403 0.3062 0.2248 0.2287 

MOTIF filter27 
letter-probability matrix: alength= 4 w= 14 nsites= 14 
0.2423 0.2819 0.2379 0.2379 
0.1982 0.1189 0.3480 0.3348 
0.1894 0.2247 0.2599 0.3260 
0.0044 0.9295 0.0661 0.0000 
0.0088 0.9912 0.0000 0.0000 
0.0000 0.0000 1.0000 0.0000 
0.0000 0.0044 0.9956 0.0000 
0.9956 0.0000 0.0044 0.0000 
0.9956 0.0000 0.0000 0.0044 
0.0220 0.0396 0.9383 0.0000 
0.0441 0.3700 0.0308 0.5551 
0.1278 0.0396 0.8018 0.0308 
0.2775 0.2467 0.4758 0.0000 
0.1630 0.4097 0.2863 0.1410 

MOTIF filter28 
letter-probability matrix: alength= 4 w= 14 nsites= 14 
0.1124 0.6006 0.1716 0.1154 
0.2811 0.3787 0.2041 0.1361 
0.0296 0.0000 0.8787 0.0917 
0.0000 1.0000 0.0000 0.0000 
0.0000 1.0000 0.0000 0.0000 
1.0000 0.0000 0.0000 0.0000 
0.0000 0.0000 0.0000 1.0000 
0.0178 0.4675 0.1509 0.3639 
0.0000 0.0000 0.0000 1.0000 
0.0000 0.0000 0.0000 1.0000 
0.0740 0.0473 0.7219 0.1568 
0.3047 0.2426 0.2278 0.2249 
0.2071 0.3077 0.2456 0.2396 
0.2396 0.2840 0.2160 0.2604 

MOTIF filter29 
letter-probability matrix: alength= 4 w= 13 nsites= 13 
0.1230 0.3016 0.3333 0.2421 
0.3413 0.2004 0.4008 0.0575 
0.4444 0.0833 0.4008 0.0714 
0.0000 1.0000 0.0000 0.0000 
0.0000 0.6984 0.0000 0.3016 
0.6369 0.0377 0.3194 0.0060 
1.0000 0.0000 0.0000 0.0000 
0.0000 0.0000 0.0000 1.0000 
0.0020 0.4762 0.0853 0.4365 
0.4524 0.0000 0.5476 0.0000 
0.0020 0.0060 0.9921 0.0000 
0.1131 0.3313 0.1151 0.4405 
0.1250 0.3274 0.2183 0.3294 

MOTIF filter30 
letter-probability matrix: alength= 4 w= 15 nsites= 15 
0.2798 0.2325 0.2420 0.2457 
0.2590 0.2722 0.2155 0.2533 
0.4556 0.0473 0.1493 0.3478 
0.5898 0.0340 0.0624 0.3138 
0.4253 0.0151 0.0586 0.5009 
0.2873 0.1607 0.1701 0.3819 
0.0265 0.0000 0.0000 0.9735 
0.0000 0.0000 1.0000 0.0000 
0.1096 0.8904 0.0000 0.0000 
0.0000 0.0000 0.0000 1.0000 
0.0000 0.0000 0.9641 0.0359 
0.9962 0.0000 0.0038 0.0000 
0.0605 0.4518 0.3138 0.1739 
0.1985 0.1493 0.0794 0.5728 
0.2042 0.3705 0.1285 0.2968 

MOTIF filter31 
letter-probability matrix: alength= 4 w= 16 nsites= 16 
0.0884 0.2842 0.4236 0.2038 
0.1457 0.2874 0.4506 0.1162 
0.1791 0.2707 0.4777 0.0725 
0.1242 0.0263 0.0430 0.8065 
0.5462 0.4260 0.0127 0.0151 
0.0207 0.2253 0.6775 0.0764 
0.1473 0.3631 0.0637 0.4260 
0.3798 0.0987 0.5024 0.0191 
0.1369 0.2277 0.1298 0.5056 
0.1377 0.0764 0.7269 0.0589 
0.1847 0.3487 0.4172 0.0494 
0.1059 0.1027 0.2803 0.5111 
0.2643 0.1162 0.3631 0.2564 
0.2596 0.5279 0.0422 0.1704 
0.0295 0.7277 0.0263 0.2166 
0.1799 0.5207 0.1640 0.1354 

