MEME version 4

ALPHABET= ACGT

Background letter frequencies:
A 0.2500 C 0.2500 G 0.2500 T 0.2500 

MOTIF filter0 
letter-probability matrix: alength= 4 w= 13 nsites= 13 
0.0474 0.7226 0.0949 0.1350 
0.0000 0.1387 0.0000 0.8613 
0.0000 0.2226 0.7774 0.0000 
1.0000 0.0000 0.0000 0.0000 
0.0000 0.0000 0.0000 1.0000 
0.0000 0.0000 0.0000 1.0000 
0.0000 0.0000 1.0000 0.0000 
0.0000 0.0000 1.0000 0.0000 
0.0511 0.3942 0.0000 0.5547 
0.0073 0.4818 0.1095 0.4015 
0.1679 0.4854 0.3321 0.0146 
0.5365 0.1131 0.2810 0.0693 
0.1204 0.1496 0.2518 0.4781 

MOTIF filter1 
letter-probability matrix: alength= 4 w= 19 nsites= 19 
0.1616 0.0761 0.0433 0.7190 
0.0304 0.0913 0.6628 0.2155 
0.4098 0.3958 0.0703 0.1241 
0.0000 0.9965 0.0023 0.0012 
0.0000 0.9953 0.0000 0.0047 
0.8337 0.0000 0.0070 0.1593 
0.0199 0.0000 0.0000 0.9801 
0.9988 0.0012 0.0000 0.0000 
0.0000 0.0000 0.0012 0.9988 
0.9883 0.0000 0.0000 0.0117 
0.1546 0.0023 0.0000 0.8431 
0.0012 0.0059 0.9930 0.0000 
0.0000 0.0000 1.0000 0.0000 
0.1054 0.0691 0.3923 0.4333 
0.2178 0.6546 0.0925 0.0351 
0.7237 0.0316 0.0667 0.1780 
0.2412 0.2740 0.2389 0.2459 
0.2295 0.2623 0.2623 0.2459 
0.2471 0.2400 0.2705 0.2424 

MOTIF filter2 
letter-probability matrix: alength= 4 w= 20 nsites= 20 
0.0000 0.0000 0.0000 1.0000 
0.3333 0.3333 0.0000 0.3333 
0.0000 0.3333 0.0000 0.6667 
0.3333 0.3333 0.3333 0.0000 
0.6667 0.0000 0.3333 0.0000 
0.6667 0.3333 0.0000 0.0000 
0.3333 0.3333 0.3333 0.0000 
1.0000 0.0000 0.0000 0.0000 
0.0000 0.0000 0.0000 1.0000 
0.0000 0.0000 1.0000 0.0000 
0.0000 0.0000 1.0000 0.0000 
0.3333 0.6667 0.0000 0.0000 
0.0000 0.0000 1.0000 0.0000 
0.0000 0.0000 1.0000 0.0000 
0.3333 0.6667 0.0000 0.0000 
1.0000 0.0000 0.0000 0.0000 
0.0000 1.0000 0.0000 0.0000 
0.6667 0.0000 0.0000 0.3333 
0.6667 0.3333 0.0000 0.0000 
0.0000 1.0000 0.0000 0.0000 

MOTIF filter3 
letter-probability matrix: alength= 4 w= 16 nsites= 16 
0.2362 0.2415 0.2520 0.2703 
0.2257 0.2887 0.2782 0.2073 
0.2651 0.2598 0.2047 0.2703 
0.1549 0.6640 0.1260 0.0551 
0.9974 0.0000 0.0026 0.0000 
0.9869 0.0000 0.0131 0.0000 
0.4252 0.0787 0.4698 0.0262 
1.0000 0.0000 0.0000 0.0000 
0.0000 0.0000 0.0000 1.0000 
0.0000 0.0000 1.0000 0.0000 
0.0000 0.0000 1.0000 0.0000 
0.0604 0.8504 0.0000 0.0892 
0.1102 0.2021 0.4173 0.2703 
0.0892 0.1050 0.7375 0.0682 
0.1365 0.7533 0.0262 0.0840 
0.2625 0.2257 0.2257 0.2861 

MOTIF filter4 
letter-probability matrix: alength= 4 w= 13 nsites= 13 
0.2598 0.2488 0.2484 0.2430 
0.4153 0.1886 0.3384 0.0578 
0.0303 0.0281 0.0426 0.8990 
0.0241 0.0169 0.1705 0.7886 
0.3149 0.0211 0.4892 0.1749 
0.0906 0.6458 0.0667 0.1970 
0.2084 0.0687 0.6552 0.0677 
0.1783 0.5231 0.0086 0.2900 
0.7719 0.1647 0.0249 0.0386 
0.9038 0.0386 0.0373 0.0203 
0.0725 0.3167 0.1799 0.4309 
0.2442 0.2673 0.2522 0.2363 
0.2542 0.2367 0.2498 0.2592 

MOTIF filter5 
letter-probability matrix: alength= 4 w= 13 nsites= 13 
0.2424 0.2121 0.2818 0.2636 
0.2333 0.2576 0.2485 0.2606 
0.4909 0.0364 0.1030 0.3697 
0.6667 0.0000 0.0515 0.2818 
0.4727 0.0000 0.0212 0.5061 
0.2727 0.1545 0.1848 0.3879 
0.0000 0.0000 0.0000 1.0000 
0.0000 0.0000 1.0000 0.0000 
0.0182 0.9818 0.0000 0.0000 
0.0000 0.0000 0.0000 1.0000 
0.0000 0.0000 1.0000 0.0000 
1.0000 0.0000 0.0000 0.0000 
0.0333 0.5364 0.2697 0.1606 

MOTIF filter6 
letter-probability matrix: alength= 4 w= 16 nsites= 16 
0.2471 0.2669 0.2492 0.2367 
0.2388 0.2722 0.2576 0.2315 
0.1199 0.0688 0.3441 0.4672 
0.0344 0.8551 0.0042 0.1064 
0.0000 0.0125 0.0000 0.9875 
1.0000 0.0000 0.0000 0.0000 
0.2753 0.0000 0.0042 0.7205 
0.4630 0.0000 0.0000 0.5370 
0.5443 0.0000 0.0010 0.4546 
0.6882 0.0010 0.0000 0.3107 
0.0010 0.0000 0.0000 0.9990 
0.9864 0.0000 0.0136 0.0000 
0.1064 0.0000 0.8571 0.0365 
0.4494 0.3514 0.0584 0.1408 
0.2784 0.2346 0.2586 0.2284 
0.2461 0.2711 0.2367 0.2461 

MOTIF filter7 
letter-probability matrix: alength= 4 w= 20 nsites= 20 
0.2597 0.2451 0.2562 0.2391 
0.8177 0.0000 0.1010 0.0814 
0.3360 0.2853 0.1220 0.2567 
0.4631 0.1813 0.2315 0.1241 
0.0984 0.3425 0.4184 0.1406 
0.0638 0.8302 0.0000 0.1060 
0.0824 0.2918 0.3526 0.2732 
0.4385 0.1813 0.3717 0.0085 
0.1085 0.2973 0.1205 0.4736 
0.2175 0.4561 0.1306 0.1959 
0.1507 0.0060 0.5455 0.2978 
0.2235 0.1487 0.2682 0.3596 
0.3385 0.1848 0.0773 0.3993 
0.3104 0.4425 0.0542 0.1929 
0.2702 0.0467 0.4852 0.1979 
0.4626 0.3370 0.0025 0.1979 
0.3415 0.2667 0.1637 0.2280 
0.7398 0.0377 0.2009 0.0216 
0.1110 0.3149 0.2818 0.2923 
0.0402 0.0638 0.1251 0.7710 

MOTIF filter8 
letter-probability matrix: alength= 4 w= 20 nsites= 20 
0.2754 0.2238 0.2616 0.2392 
0.3236 0.0017 0.3649 0.3098 
0.0413 0.2410 0.0034 0.7143 
0.0482 0.7453 0.0224 0.1842 
0.8279 0.0034 0.1497 0.0189 
0.7866 0.0448 0.0740 0.0947 
0.3959 0.0258 0.0344 0.5439 
0.2238 0.3873 0.2461 0.1429 
0.6713 0.1807 0.1274 0.0207 
0.3115 0.1738 0.3890 0.1256 
0.1997 0.1446 0.3408 0.3150 
0.0568 0.2306 0.4131 0.2995 
0.2857 0.1463 0.2530 0.3150 
0.3494 0.3907 0.0000 0.2599 
0.1308 0.2169 0.0878 0.5645 
0.6041 0.0585 0.1067 0.2306 
0.1876 0.0499 0.3477 0.4148 
0.4785 0.1463 0.2668 0.1084 
0.0620 0.0602 0.1429 0.7349 
0.1360 0.1394 0.0465 0.6781 

MOTIF filter9 
letter-probability matrix: alength= 4 w= 19 nsites= 19 
0.2986 0.2050 0.2338 0.2626 
0.2878 0.2338 0.2770 0.2014 
0.2446 0.2914 0.1835 0.2806 
0.2806 0.5755 0.0324 0.1115 
0.2626 0.1691 0.0863 0.4820 
0.2914 0.1547 0.2950 0.2590 
0.6727 0.0360 0.0719 0.2194 
0.1691 0.3094 0.4964 0.0252 
0.0000 0.0000 0.0000 1.0000 
0.0072 0.9928 0.0000 0.0000 
1.0000 0.0000 0.0000 0.0000 
0.0000 0.0000 1.0000 0.0000 
0.0000 1.0000 0.0000 0.0000 
1.0000 0.0000 0.0000 0.0000 
0.4532 0.1511 0.1151 0.2806 
0.4173 0.0324 0.0000 0.5504 
0.4065 0.0612 0.0000 0.5324 
0.3094 0.1043 0.0108 0.5755 
0.2698 0.2446 0.2482 0.2374 

MOTIF filter10 
letter-probability matrix: alength= 4 w= 16 nsites= 16 
0.2857 0.2512 0.2581 0.2051 
0.2696 0.2949 0.2281 0.2074 
0.0760 0.1959 0.4770 0.2512 
0.0000 0.7949 0.0253 0.1797 
0.0000 0.8203 0.0000 0.1797 
0.0000 1.0000 0.0000 0.0000 
0.0000 1.0000 0.0000 0.0000 
0.1037 0.0000 0.5968 0.2995 
0.0000 1.0000 0.0000 0.0000 
0.0000 1.0000 0.0000 0.0000 
0.0000 0.7880 0.0000 0.2120 
0.0760 0.8065 0.0000 0.1175 
0.0461 0.6221 0.0507 0.2811 
0.2719 0.2488 0.2373 0.2419 
0.2788 0.2304 0.2419 0.2488 
0.2373 0.2926 0.2396 0.2304 

MOTIF filter11 
letter-probability matrix: alength= 4 w= 19 nsites= 19 
0.2670 0.2614 0.2545 0.2170 
0.0045 0.1977 0.2261 0.5716 
0.3739 0.2591 0.2989 0.0682 
0.0341 0.2693 0.1466 0.5500 
0.5898 0.0364 0.0330 0.3409 
0.0557 0.1318 0.1705 0.6420 
0.0386 0.3341 0.0773 0.5500 
0.1409 0.4648 0.3716 0.0227 
0.0830 0.6114 0.0136 0.2920 
0.4432 0.0489 0.3477 0.1602 
0.3523 0.2943 0.0318 0.3216 
0.5580 0.2920 0.0795 0.0705 
0.8205 0.0409 0.0273 0.1114 
0.1091 0.2750 0.0364 0.5795 
0.5727 0.1955 0.1591 0.0727 
0.0216 0.0148 0.6227 0.3409 
0.4614 0.2023 0.0375 0.2989 
0.2341 0.3045 0.4398 0.0216 
0.0920 0.1261 0.2182 0.5636 

MOTIF filter12 
letter-probability matrix: alength= 4 w= 20 nsites= 20 
0.2373 0.2788 0.2386 0.2453 
0.1113 0.2212 0.1247 0.5429 
0.6367 0.2761 0.0483 0.0389 
0.1005 0.6984 0.1314 0.0697 
0.1609 0.2091 0.2091 0.4209 
0.2185 0.1475 0.0643 0.5697 
0.0375 0.8579 0.0000 0.1046 
0.0080 0.6823 0.2842 0.0255 
0.0161 0.1113 0.8700 0.0027 
0.2399 0.1327 0.5496 0.0777 
0.2225 0.2842 0.1890 0.3043 
0.2091 0.4812 0.1394 0.1702 
0.0107 0.3485 0.4182 0.2225 
0.2319 0.0898 0.5657 0.1126 
0.4665 0.2399 0.2332 0.0603 
0.5630 0.0885 0.1743 0.1743 
0.5643 0.0523 0.3311 0.0523 
0.4169 0.0710 0.2627 0.2493 
0.1877 0.3928 0.2359 0.1836 
0.0121 0.3727 0.5536 0.0617 

MOTIF filter13 
letter-probability matrix: alength= 4 w= 12 nsites= 12 
0.1620 0.2031 0.3496 0.2853 
0.0257 0.4627 0.2442 0.2674 
0.0848 0.6272 0.1362 0.1517 
0.6812 0.0180 0.2699 0.0308 
0.0000 0.9563 0.0026 0.0411 
0.0000 0.0000 0.0000 1.0000 
0.0000 0.0000 0.0000 1.0000 
0.0000 1.0000 0.0000 0.0000 
0.0000 1.0000 0.0000 0.0000 
0.0000 0.0000 0.9820 0.0180 
0.0000 0.1465 0.8380 0.0154 
0.2571 0.2005 0.2519 0.2905 

MOTIF filter14 
letter-probability matrix: alength= 4 w= 12 nsites= 12 
0.2610 0.2648 0.2375 0.2367 
0.2678 0.2451 0.2223 0.2648 
0.2489 0.2405 0.2246 0.2860 
1.0000 0.0000 0.0000 0.0000 
0.0000 0.0000 0.0000 1.0000 
0.0000 0.3255 0.0000 0.6745 
1.0000 0.0000 0.0000 0.0000 
1.0000 0.0000 0.0000 0.0000 
0.5857 0.0000 0.0000 0.4143 
0.2785 0.2367 0.2413 0.2436 
0.2375 0.2413 0.2739 0.2473 
0.2382 0.2564 0.2390 0.2663 

MOTIF filter15 
letter-probability matrix: alength= 4 w= 19 nsites= 19 
0.1780 0.1210 0.0809 0.6201 
0.0554 0.1107 0.6090 0.2249 
0.3816 0.3663 0.1090 0.1431 
0.0102 0.9574 0.0281 0.0043 
0.0017 0.9429 0.0247 0.0307 
0.7683 0.0179 0.0247 0.1891 
0.0647 0.0043 0.0060 0.9250 
0.9736 0.0094 0.0136 0.0034 
0.0009 0.0239 0.0111 0.9642 
0.9472 0.0068 0.0034 0.0426 
0.1959 0.0153 0.0204 0.7683 
0.0230 0.0341 0.9293 0.0136 
0.0119 0.0213 0.9472 0.0196 
0.1440 0.0835 0.3722 0.4003 
0.2385 0.5988 0.1124 0.0503 
0.6508 0.0545 0.0877 0.2070 
0.2385 0.2768 0.2385 0.2462 
0.2257 0.2615 0.2615 0.2513 
0.2419 0.2274 0.2649 0.2658 

MOTIF filter16 
letter-probability matrix: alength= 4 w= 15 nsites= 15 
0.2482 0.2476 0.2466 0.2575 
0.2684 0.2305 0.2461 0.2550 
0.2107 0.2387 0.1911 0.3595 
0.0447 0.0742 0.0338 0.8473 
0.0307 0.0289 0.1169 0.8235 
0.2210 0.6761 0.0386 0.0643 
0.0878 0.5801 0.0122 0.3199 
0.2437 0.2338 0.2602 0.2622 
0.3247 0.0169 0.5859 0.0724 
0.0309 0.0425 0.7182 0.2084 
0.8279 0.1078 0.0303 0.0340 
0.8524 0.0534 0.0623 0.0319 
0.3768 0.1890 0.2296 0.2047 
0.2402 0.2488 0.2500 0.2610 
0.2517 0.2560 0.2614 0.2309 

MOTIF filter17 
letter-probability matrix: alength= 4 w= 16 nsites= 16 
0.2700 0.2367 0.2133 0.2800 
0.2267 0.2100 0.2700 0.2933 
0.2000 0.2567 0.2500 0.2933 
0.0100 0.8800 0.1100 0.0000 
0.0300 0.9700 0.0000 0.0000 
0.0000 0.0033 0.9967 0.0000 
0.0000 0.0000 1.0000 0.0000 
1.0000 0.0000 0.0000 0.0000 
1.0000 0.0000 0.0000 0.0000 
0.0700 0.0133 0.9133 0.0033 
0.0300 0.3200 0.0167 0.6333 
0.1533 0.0267 0.8067 0.0133 
0.2667 0.2167 0.5167 0.0000 
0.2100 0.3800 0.2633 0.1467 
0.1933 0.3000 0.2400 0.2667 
0.2500 0.2733 0.2567 0.2200 

MOTIF filter18 
letter-probability matrix: alength= 4 w= 12 nsites= 12 
0.2267 0.2656 0.2622 0.2456 
0.4256 0.1900 0.2689 0.1156 
0.2300 0.3200 0.3367 0.1133 
0.0000 1.0000 0.0000 0.0000 
1.0000 0.0000 0.0000 0.0000 
0.0000 1.0000 0.0000 0.0000 
0.0000 0.0000 1.0000 0.0000 
0.0000 0.0000 0.0000 1.0000 
0.0000 0.0000 1.0000 0.0000 
0.1233 0.3078 0.3300 0.2389 
0.1444 0.2378 0.1667 0.4511 
0.2411 0.2433 0.2511 0.2644 

MOTIF filter19 
letter-probability matrix: alength= 4 w= 18 nsites= 18 
0.4918 0.2066 0.2689 0.0328 
0.4590 0.2033 0.1607 0.1770 
0.4885 0.2262 0.1246 0.1607 
0.0262 0.3967 0.0820 0.4951 
0.0328 0.3246 0.3902 0.2525 
0.4492 0.1180 0.4328 0.0000 
0.5836 0.0066 0.3738 0.0361 
0.0000 1.0000 0.0000 0.0000 
0.0000 1.0000 0.0000 0.0000 
1.0000 0.0000 0.0000 0.0000 
1.0000 0.0000 0.0000 0.0000 
0.0000 0.0000 0.0000 1.0000 
0.0230 0.7934 0.1836 0.0000 
0.8197 0.0033 0.1770 0.0000 
0.0689 0.0754 0.8459 0.0098 
0.2098 0.2590 0.2426 0.2885 
0.2885 0.1803 0.2525 0.2787 
0.2230 0.2984 0.2426 0.2361 

MOTIF filter20 
letter-probability matrix: alength= 4 w= 14 nsites= 14 
0.1050 0.3232 0.3315 0.2403 
0.4199 0.1133 0.4641 0.0028 
0.5994 0.0028 0.3674 0.0304 
0.0000 1.0000 0.0000 0.0000 
0.0000 1.0000 0.0000 0.0000 
1.0000 0.0000 0.0000 0.0000 
1.0000 0.0000 0.0000 0.0000 
0.0000 0.0000 0.0000 1.0000 
0.0138 0.7818 0.2044 0.0000 
0.8591 0.0000 0.1409 0.0000 
0.0525 0.0525 0.8923 0.0028 
0.2099 0.2873 0.2597 0.2431 
0.2680 0.2017 0.2818 0.2486 
0.2320 0.2818 0.2044 0.2818 

MOTIF filter21 
letter-probability matrix: alength= 4 w= 16 nsites= 16 
0.2644 0.2523 0.2371 0.2462 
0.1277 0.0152 0.6778 0.1793 
0.0760 0.6991 0.1398 0.0851 
0.3009 0.3404 0.2432 0.1155 
0.0517 0.0000 0.8511 0.0973 
0.0000 1.0000 0.0000 0.0000 
0.0000 1.0000 0.0000 0.0000 
1.0000 0.0000 0.0000 0.0000 
0.0000 0.0000 0.0000 1.0000 
0.0061 0.4590 0.1520 0.3830 
0.0000 0.0030 0.0000 0.9970 
0.0000 0.0091 0.0000 0.9909 
0.0608 0.0821 0.7416 0.1155 
0.2979 0.2158 0.2523 0.2340 
0.1854 0.2918 0.2675 0.2553 
0.2310 0.2796 0.2492 0.2401 

MOTIF filter22 
letter-probability matrix: alength= 4 w= 14 nsites= 14 
0.2500 0.2367 0.2473 0.2660 
0.2314 0.2473 0.2553 0.2660 
0.2261 0.2314 0.2899 0.2527 
0.2473 0.0505 0.6303 0.0718 
0.1170 0.0000 0.8085 0.0745 
0.1755 0.0000 0.8245 0.0000 
0.0000 0.0000 1.0000 0.0000 
0.0000 0.0000 1.0000 0.0000 
0.3112 0.5559 0.0000 0.1330 
0.0000 0.0000 1.0000 0.0000 
0.0000 0.0000 1.0000 0.0000 
0.1569 0.0000 0.8431 0.0000 
0.2048 0.0239 0.7713 0.0000 
0.1729 0.5771 0.1702 0.0798 

MOTIF filter23 
letter-probability matrix: alength= 4 w= 16 nsites= 16 
0.2515 0.2633 0.2475 0.2377 
0.2436 0.2692 0.2564 0.2308 
0.1189 0.0786 0.3389 0.4637 
0.0462 0.8310 0.0010 0.1218 
0.0000 0.0088 0.0000 0.9912 
0.9980 0.0000 0.0020 0.0000 
0.2829 0.0010 0.0088 0.7073 
0.4528 0.0010 0.0000 0.5462 
0.5462 0.0000 0.0010 0.4528 
0.6817 0.0059 0.0000 0.3124 
0.0029 0.0010 0.0000 0.9961 
0.9872 0.0000 0.0128 0.0000 
0.1179 0.0029 0.8271 0.0521 
0.4401 0.3585 0.0580 0.1434 
0.2760 0.2289 0.2593 0.2358 
0.2426 0.2809 0.2358 0.2407 

MOTIF filter24 
letter-probability matrix: alength= 4 w= 11 nsites= 11 
0.2480 0.2237 0.2318 0.2965 
0.2722 0.2291 0.2749 0.2237 
0.2372 0.2830 0.2480 0.2318 
0.0000 0.8410 0.1590 0.0000 
0.0270 0.9730 0.0000 0.0000 
0.0000 0.0000 1.0000 0.0000 
0.0000 0.0000 1.0000 0.0000 
1.0000 0.0000 0.0000 0.0000 
1.0000 0.0000 0.0000 0.0000 
0.0243 0.0027 0.9730 0.0000 
0.0027 0.3261 0.0081 0.6631 

MOTIF filter25 
letter-probability matrix: alength= 4 w= 15 nsites= 15 
0.2774 0.2774 0.2323 0.2129 
0.2258 0.2194 0.2839 0.2710 
0.0000 0.9355 0.0355 0.0290 
0.0000 0.1935 0.0000 0.8065 
0.0000 0.2419 0.7161 0.0419 
1.0000 0.0000 0.0000 0.0000 
0.0000 0.0000 0.0000 1.0000 
0.0000 0.0000 0.0000 1.0000 
0.0000 0.0000 1.0000 0.0000 
0.0000 0.0000 1.0000 0.0000 
0.0548 0.3903 0.0032 0.5516 
0.0065 0.4323 0.1290 0.4323 
0.2000 0.4387 0.2903 0.0710 
0.4645 0.1452 0.3419 0.0484 
0.1710 0.1581 0.2806 0.3903 

MOTIF filter26 
letter-probability matrix: alength= 4 w= 13 nsites= 13 
0.2528 0.2444 0.2386 0.2642 
0.2436 0.2290 0.2901 0.2373 
0.3360 0.2630 0.3045 0.0964 
0.0474 0.0558 0.0514 0.8454 
0.0329 0.0406 0.7349 0.1916 
0.8443 0.0527 0.0570 0.0459 
0.1210 0.3916 0.3962 0.0912 
0.0358 0.0558 0.0496 0.8587 
0.1860 0.7450 0.0358 0.0332 
0.8686 0.0492 0.0456 0.0366 
0.0932 0.3045 0.2836 0.3187 
0.2201 0.3035 0.2343 0.2422 
0.2694 0.2319 0.2519 0.2467 

MOTIF filter27 
letter-probability matrix: alength= 4 w= 16 nsites= 16 
0.3077 0.1681 0.3020 0.2222 
0.5926 0.0769 0.1083 0.2222 
0.1652 0.3248 0.4729 0.0370 
0.0000 0.0000 0.0000 1.0000 
0.0228 0.9772 0.0000 0.0000 
1.0000 0.0000 0.0000 0.0000 
0.0000 0.0000 0.9858 0.0142 
0.0000 1.0000 0.0000 0.0000 
0.9886 0.0000 0.0000 0.0114 
0.4473 0.1738 0.1396 0.2393 
0.4245 0.0484 0.0114 0.5157 
0.3789 0.0598 0.0000 0.5613 
0.2877 0.1168 0.0256 0.5698 
0.2564 0.2393 0.2393 0.2650 
0.2877 0.2792 0.2023 0.2308 
0.2222 0.3020 0.2479 0.2279 

MOTIF filter28 
letter-probability matrix: alength= 4 w= 18 nsites= 18 
0.2397 0.2697 0.2247 0.2659 
0.2734 0.2434 0.2397 0.2434 
0.2509 0.2884 0.2285 0.2322 
0.5468 0.0075 0.1124 0.3333 
0.6779 0.0112 0.0337 0.2772 
0.4569 0.0000 0.0187 0.5243 
0.2884 0.1610 0.1199 0.4307 
0.0112 0.0000 0.0000 0.9888 
0.0000 0.0000 1.0000 0.0000 
0.0112 0.9888 0.0000 0.0000 
0.0000 0.0000 0.0000 1.0000 
0.0000 0.0000 0.9850 0.0150 
1.0000 0.0000 0.0000 0.0000 
0.0300 0.4944 0.3296 0.1461 
0.1985 0.0899 0.0300 0.6816 
0.1648 0.4007 0.0899 0.3446 
0.5768 0.0262 0.1685 0.2285 
0.1498 0.0187 0.5955 0.2360 

MOTIF filter29 
letter-probability matrix: alength= 4 w= 12 nsites= 12 
0.2408 0.2738 0.2243 0.2611 
0.2510 0.2586 0.2636 0.2269 
0.2662 0.2624 0.2294 0.2421 
0.0025 0.0000 0.0000 0.9975 
0.0000 0.0000 0.0000 1.0000 
0.0000 0.0000 0.0000 1.0000 
0.5577 0.0000 0.4423 0.0000 
1.0000 0.0000 0.0000 0.0000 
0.0000 0.0000 0.0000 1.0000 
0.2218 0.2674 0.2560 0.2548 
0.2535 0.2522 0.2484 0.2459 
0.2471 0.2383 0.2687 0.2459 

MOTIF filter30 
letter-probability matrix: alength= 4 w= 10 nsites= 10 
0.2283 0.2910 0.2977 0.1831 
0.0042 0.9933 0.0008 0.0017 
0.9724 0.0000 0.0268 0.0008 
0.0042 0.9214 0.0000 0.0744 
0.0000 0.0017 0.9983 0.0000 
0.0092 0.0201 0.0000 0.9707 
0.0109 0.0000 0.9891 0.0000 
0.1605 0.2809 0.3353 0.2232 
0.1672 0.2299 0.1530 0.4498 
0.2224 0.2943 0.2525 0.2308 

MOTIF filter31 
letter-probability matrix: alength= 4 w= 14 nsites= 14 
0.5741 0.1235 0.1667 0.1358 
0.2037 0.1728 0.1296 0.4938 
0.1111 0.1667 0.5679 0.1543 
0.0309 0.0123 0.9012 0.0556 
0.0309 0.9321 0.0123 0.0247 
0.1975 0.3025 0.3272 0.1728 
0.0370 0.0000 0.9198 0.0432 
0.0000 1.0000 0.0000 0.0000 
0.0494 0.8827 0.0123 0.0556 
0.8951 0.0247 0.0370 0.0432 
0.0185 0.0185 0.0494 0.9136 
0.0309 0.4198 0.1975 0.3519 
0.0432 0.0556 0.0185 0.8827 
0.0370 0.0494 0.0185 0.8951 

