MEME version 4

ALPHABET= ACGT

Background letter frequencies:
A 0.2500 C 0.2500 G 0.2500 T 0.2500 

MOTIF filter0 
letter-probability matrix: alength= 4 w= 13 nsites= 13 
0.0933 0.4315 0.2216 0.2536 
0.1050 0.5889 0.1487 0.1574 
0.7318 0.0029 0.2566 0.0087 
0.0000 0.9825 0.0000 0.0175 
0.0000 0.0000 0.0000 1.0000 
0.0000 0.0000 0.0000 1.0000 
0.0000 1.0000 0.0000 0.0000 
0.0000 1.0000 0.0000 0.0000 
0.0000 0.0000 0.9942 0.0058 
0.0000 0.1487 0.8367 0.0146 
0.2799 0.1895 0.2128 0.3178 
0.2624 0.2332 0.2507 0.2536 
0.2478 0.2478 0.2245 0.2799 

MOTIF filter1 
letter-probability matrix: alength= 4 w= 14 nsites= 14 
0.2841 0.2667 0.2507 0.1986 
0.2565 0.2739 0.2261 0.2435 
0.1087 0.2217 0.4246 0.2449 
0.0000 0.6507 0.1145 0.2348 
0.0188 0.7159 0.0000 0.2652 
0.0000 1.0000 0.0000 0.0000 
0.0000 1.0000 0.0000 0.0000 
0.1449 0.0000 0.5406 0.3145 
0.0000 1.0000 0.0000 0.0000 
0.0000 1.0000 0.0000 0.0000 
0.0000 0.7377 0.0000 0.2623 
0.1348 0.6971 0.0000 0.1681 
0.0812 0.5101 0.1101 0.2986 
0.2420 0.2696 0.2493 0.2391 

MOTIF filter2 
letter-probability matrix: alength= 4 w= 18 nsites= 18 
0.2316 0.2514 0.2486 0.2684 
0.2232 0.2910 0.2684 0.2175 
0.2627 0.2571 0.2062 0.2740 
0.1582 0.6667 0.1158 0.0593 
0.9972 0.0000 0.0028 0.0000 
0.9859 0.0000 0.0141 0.0000 
0.4294 0.0819 0.4689 0.0198 
1.0000 0.0000 0.0000 0.0000 
0.0000 0.0000 0.0000 1.0000 
0.0000 0.0000 1.0000 0.0000 
0.0000 0.0000 1.0000 0.0000 
0.0537 0.8672 0.0000 0.0791 
0.1130 0.2062 0.4209 0.2599 
0.0819 0.0763 0.7740 0.0678 
0.1412 0.7599 0.0198 0.0791 
0.2655 0.2373 0.2090 0.2881 
0.2373 0.2401 0.3023 0.2203 
0.2542 0.2401 0.2768 0.2288 

MOTIF filter3 
letter-probability matrix: alength= 4 w= 14 nsites= 14 
0.2957 0.1623 0.2986 0.2435 
0.6116 0.0551 0.1217 0.2116 
0.1797 0.3130 0.4812 0.0261 
0.0000 0.0000 0.0000 1.0000 
0.0087 0.9913 0.0000 0.0000 
1.0000 0.0000 0.0000 0.0000 
0.0000 0.0000 0.9797 0.0203 
0.0000 1.0000 0.0000 0.0000 
0.9971 0.0000 0.0000 0.0029 
0.4290 0.1768 0.1217 0.2725 
0.4174 0.0406 0.0000 0.5420 
0.3884 0.0725 0.0029 0.5362 
0.3014 0.1188 0.0145 0.5652 
0.2783 0.2290 0.2464 0.2464 

MOTIF filter4 
letter-probability matrix: alength= 4 w= 20 nsites= 20 
0.2880 0.2349 0.2349 0.2423 
0.1557 0.0705 0.0346 0.7392 
0.0284 0.0816 0.6687 0.2213 
0.4116 0.4067 0.0643 0.1174 
0.0000 1.0000 0.0000 0.0000 
0.0000 0.9938 0.0000 0.0062 
0.8307 0.0000 0.0062 0.1632 
0.0173 0.0000 0.0000 0.9827 
0.9988 0.0012 0.0000 0.0000 
0.0000 0.0000 0.0012 0.9988 
0.9889 0.0000 0.0000 0.0111 
0.1446 0.0025 0.0000 0.8529 
0.0025 0.0012 0.9963 0.0000 
0.0000 0.0000 0.9988 0.0012 
0.1063 0.0692 0.3980 0.4265 
0.2237 0.6712 0.0791 0.0260 
0.7429 0.0247 0.0556 0.1768 
0.2349 0.2806 0.2410 0.2435 
0.2225 0.2658 0.2608 0.2509 
0.2497 0.2373 0.2744 0.2386 

MOTIF filter5 
letter-probability matrix: alength= 4 w= 12 nsites= 12 
0.2276 0.2553 0.2618 0.2553 
0.4103 0.1955 0.2660 0.1282 
0.2276 0.3141 0.3130 0.1453 
0.0000 1.0000 0.0000 0.0000 
1.0000 0.0000 0.0000 0.0000 
0.0000 0.9979 0.0000 0.0021 
0.0000 0.0000 1.0000 0.0000 
0.0000 0.0000 0.0000 1.0000 
0.0000 0.0000 1.0000 0.0000 
0.1261 0.3045 0.3280 0.2415 
0.1325 0.2489 0.1763 0.4423 
0.2318 0.2489 0.2553 0.2639 

MOTIF filter6 
letter-probability matrix: alength= 4 w= 16 nsites= 16 
0.2460 0.2402 0.2431 0.2707 
0.2504 0.2518 0.2475 0.2504 
0.2416 0.2518 0.2576 0.2489 
0.5226 0.1019 0.3755 0.0000 
0.0000 0.0000 0.0000 1.0000 
0.0000 0.0000 0.0189 0.9811 
0.2591 0.0000 0.6798 0.0611 
0.0000 0.9636 0.0000 0.0364 
0.0568 0.0000 0.9432 0.0000 
0.0713 0.6769 0.0000 0.2518 
0.9811 0.0189 0.0000 0.0000 
1.0000 0.0000 0.0000 0.0000 
0.0131 0.3275 0.1354 0.5240 
0.2678 0.2547 0.2795 0.1980 
0.2387 0.1980 0.2576 0.3057 
0.2344 0.2431 0.2664 0.2562 

MOTIF filter7 
letter-probability matrix: alength= 4 w= 10 nsites= 10 
0.2580 0.2428 0.2217 0.2775 
1.0000 0.0000 0.0000 0.0000 
0.0000 0.0000 0.0000 1.0000 
0.0000 0.2614 0.0000 0.7386 
1.0000 0.0000 0.0000 0.0000 
1.0000 0.0000 0.0000 0.0000 
0.5787 0.0000 0.0000 0.4213 
0.2673 0.2217 0.2563 0.2547 
0.2369 0.2623 0.2750 0.2259 
0.2369 0.2623 0.2453 0.2555 

MOTIF filter8 
letter-probability matrix: alength= 4 w= 10 nsites= 10 
0.2360 0.2786 0.2263 0.2591 
0.2494 0.2591 0.2676 0.2238 
0.2713 0.2567 0.2275 0.2445 
0.0316 0.0000 0.0000 0.9684 
0.0000 0.0000 0.0000 1.0000 
0.0000 0.0000 0.0000 1.0000 
0.5633 0.0000 0.4367 0.0000 
1.0000 0.0000 0.0000 0.0000 
0.0000 0.0000 0.0000 1.0000 
0.2251 0.2713 0.2482 0.2555 

MOTIF filter9 
letter-probability matrix: alength= 4 w= 19 nsites= 19 
0.1627 0.0767 0.0460 0.7146 
0.0271 0.0920 0.6663 0.2146 
0.4127 0.3880 0.0719 0.1274 
0.0000 0.9976 0.0024 0.0000 
0.0000 0.9894 0.0024 0.0083 
0.8384 0.0012 0.0047 0.1557 
0.0189 0.0000 0.0024 0.9788 
1.0000 0.0000 0.0000 0.0000 
0.0000 0.0000 0.0012 0.9988 
0.9882 0.0000 0.0000 0.0118 
0.1580 0.0024 0.0000 0.8396 
0.0024 0.0024 0.9953 0.0000 
0.0000 0.0024 0.9953 0.0024 
0.1014 0.0660 0.3950 0.4375 
0.2170 0.6604 0.0932 0.0295 
0.7370 0.0248 0.0637 0.1745 
0.2394 0.2771 0.2394 0.2441 
0.2252 0.2653 0.2606 0.2488 
0.2417 0.2417 0.2653 0.2512 

MOTIF filter10 
letter-probability matrix: alength= 4 w= 18 nsites= 18 
0.2717 0.2572 0.2283 0.2428 
0.2681 0.2572 0.2500 0.2246 
0.2391 0.2391 0.2609 0.2609 
0.1159 0.0072 0.7355 0.1413 
0.0543 0.7174 0.1196 0.1087 
0.2971 0.3478 0.2391 0.1159 
0.0326 0.0000 0.8877 0.0797 
0.0000 1.0000 0.0000 0.0000 
0.0000 1.0000 0.0000 0.0000 
1.0000 0.0000 0.0000 0.0000 
0.0000 0.0000 0.0000 1.0000 
0.0109 0.4312 0.1449 0.4130 
0.0000 0.0000 0.0000 1.0000 
0.0000 0.0000 0.0000 1.0000 
0.0543 0.0761 0.7681 0.1014 
0.3043 0.2065 0.2500 0.2391 
0.2101 0.2935 0.2536 0.2428 
0.2174 0.2935 0.2609 0.2283 

MOTIF filter11 
letter-probability matrix: alength= 4 w= 16 nsites= 16 
0.2342 0.2457 0.2495 0.2706 
0.2572 0.2591 0.2418 0.2418 
0.2284 0.2802 0.2207 0.2706 
0.5470 0.0998 0.3301 0.0230 
0.0000 0.0000 0.0000 1.0000 
0.0000 0.0000 0.0154 0.9846 
0.2956 0.0000 0.6622 0.0422 
0.0000 0.9712 0.0000 0.0288 
0.0288 0.0000 0.9712 0.0000 
0.0230 0.7946 0.0000 0.1823 
0.9981 0.0019 0.0000 0.0000 
1.0000 0.0000 0.0000 0.0000 
0.0000 0.3781 0.0595 0.5624 
0.2879 0.2610 0.2572 0.1939 
0.2226 0.2438 0.2764 0.2572 
0.2802 0.2246 0.2860 0.2092 

MOTIF filter12 
letter-probability matrix: alength= 4 w= 16 nsites= 16 
0.2566 0.2500 0.2368 0.2566 
0.2566 0.2336 0.2961 0.2138 
0.1974 0.2697 0.2401 0.2928 
0.0033 0.8849 0.1118 0.0000 
0.0329 0.9671 0.0000 0.0000 
0.0000 0.0000 1.0000 0.0000 
0.0000 0.0000 1.0000 0.0000 
1.0000 0.0000 0.0000 0.0000 
1.0000 0.0000 0.0000 0.0000 
0.0296 0.0099 0.9605 0.0000 
0.0132 0.3158 0.0066 0.6645 
0.1941 0.0691 0.6809 0.0559 
0.2401 0.2566 0.5033 0.0000 
0.2171 0.3980 0.2467 0.1382 
0.1908 0.2961 0.2730 0.2401 
0.2730 0.2796 0.2533 0.1941 

MOTIF filter13 
letter-probability matrix: alength= 4 w= 12 nsites= 12 
0.2186 0.2688 0.2294 0.2832 
0.2688 0.2079 0.2509 0.2724 
0.2473 0.2473 0.2867 0.2186 
0.0000 0.9140 0.0860 0.0000 
0.0072 0.9928 0.0000 0.0000 
0.0000 0.0000 1.0000 0.0000 
0.0000 0.0000 1.0000 0.0000 
1.0000 0.0000 0.0000 0.0000 
1.0000 0.0000 0.0000 0.0000 
0.0251 0.0000 0.9749 0.0000 
0.0143 0.2581 0.0072 0.7204 
0.1434 0.0932 0.7348 0.0287 

MOTIF filter14 
letter-probability matrix: alength= 4 w= 16 nsites= 16 
0.2483 0.2448 0.2657 0.2413 
0.2273 0.2273 0.2762 0.2692 
0.2552 0.0420 0.6399 0.0629 
0.1119 0.0000 0.8427 0.0455 
0.1503 0.0000 0.8497 0.0000 
0.0000 0.0000 1.0000 0.0000 
0.0000 0.0000 1.0000 0.0000 
0.3077 0.5769 0.0000 0.1154 
0.0000 0.0000 1.0000 0.0000 
0.0000 0.0000 1.0000 0.0000 
0.1364 0.0000 0.8636 0.0000 
0.1259 0.0210 0.8531 0.0000 
0.1853 0.6259 0.1503 0.0385 
0.2832 0.2308 0.2727 0.2133 
0.2028 0.3322 0.2273 0.2378 
0.2552 0.2308 0.2762 0.2378 

MOTIF filter15 
letter-probability matrix: alength= 4 w= 16 nsites= 16 
0.2372 0.2695 0.2453 0.2480 
0.5687 0.0054 0.1186 0.3073 
0.6658 0.0054 0.0000 0.3288 
0.4555 0.0000 0.0000 0.5445 
0.3208 0.1590 0.1617 0.3585 
0.0243 0.0081 0.0000 0.9677 
0.0027 0.0162 0.9757 0.0054 
0.0701 0.9299 0.0000 0.0000 
0.0135 0.0000 0.0027 0.9838 
0.0027 0.0000 0.9434 0.0539 
0.9892 0.0027 0.0054 0.0027 
0.0350 0.4582 0.3477 0.1590 
0.1968 0.1348 0.0431 0.6253 
0.1887 0.4151 0.1213 0.2749 
0.5337 0.0728 0.1590 0.2345 
0.1509 0.0539 0.5040 0.2911 

MOTIF filter16 
letter-probability matrix: alength= 4 w= 13 nsites= 13 
0.3939 0.0697 0.0879 0.4485 
0.2455 0.1727 0.1424 0.4394 
0.0030 0.0000 0.0000 0.9970 
0.0000 0.0000 1.0000 0.0000 
0.0091 0.9909 0.0000 0.0000 
0.0000 0.0000 0.0000 1.0000 
0.0000 0.0000 0.9970 0.0030 
1.0000 0.0000 0.0000 0.0000 
0.0152 0.5788 0.2667 0.1394 
0.2152 0.0909 0.0364 0.6576 
0.2000 0.3697 0.1061 0.3242 
0.5030 0.0303 0.2121 0.2545 
0.1697 0.0273 0.5636 0.2394 

MOTIF filter17 
letter-probability matrix: alength= 4 w= 13 nsites= 13 
0.3249 0.2429 0.2681 0.1640 
0.2744 0.3060 0.2334 0.1861 
0.0631 0.1546 0.5426 0.2397 
0.0000 0.8139 0.0158 0.1703 
0.0000 0.8770 0.0000 0.1230 
0.0000 1.0000 0.0000 0.0000 
0.0000 1.0000 0.0000 0.0000 
0.1073 0.0000 0.5962 0.2965 
0.0000 1.0000 0.0000 0.0000 
0.0000 1.0000 0.0000 0.0000 
0.0000 0.8265 0.0000 0.1735 
0.0726 0.8486 0.0000 0.0789 
0.0221 0.7035 0.0347 0.2397 

MOTIF filter18 
letter-probability matrix: alength= 4 w= 16 nsites= 16 
0.2544 0.2732 0.2343 0.2381 
0.2444 0.2782 0.2469 0.2306 
0.1115 0.0564 0.3371 0.4950 
0.0150 0.9048 0.0000 0.0802 
0.0000 0.0000 0.0000 1.0000 
1.0000 0.0000 0.0000 0.0000 
0.2594 0.0000 0.0050 0.7356 
0.4511 0.0000 0.0000 0.5489 
0.5489 0.0000 0.0000 0.4511 
0.7018 0.0013 0.0000 0.2970 
0.0000 0.0000 0.0000 1.0000 
1.0000 0.0000 0.0000 0.0000 
0.0664 0.0000 0.9173 0.0163 
0.4749 0.3647 0.0439 0.1165 
0.2857 0.2193 0.2707 0.2243 
0.2569 0.2657 0.2293 0.2481 

MOTIF filter19 
letter-probability matrix: alength= 4 w= 16 nsites= 16 
0.2202 0.2345 0.2681 0.2772 
0.2073 0.2966 0.2720 0.2241 
0.2876 0.2435 0.2228 0.2461 
0.1373 0.0609 0.0350 0.7668 
0.0246 0.0712 0.6969 0.2073 
0.4301 0.3912 0.0725 0.1062 
0.0013 0.9974 0.0013 0.0000 
0.0000 1.0000 0.0000 0.0000 
0.8433 0.0000 0.0052 0.1516 
0.0104 0.0000 0.0000 0.9896 
0.9987 0.0013 0.0000 0.0000 
0.0000 0.0000 0.0013 0.9987 
0.9974 0.0000 0.0000 0.0026 
0.1347 0.0039 0.0013 0.8601 
0.0026 0.0104 0.9870 0.0000 
0.0013 0.0000 0.9974 0.0013 

MOTIF filter20 
letter-probability matrix: alength= 4 w= 12 nsites= 12 
0.2348 0.2411 0.2383 0.2858 
0.2425 0.2134 0.3322 0.2120 
0.3543 0.2928 0.3065 0.0464 
0.0306 0.0267 0.0323 0.9104 
0.0232 0.0288 0.8707 0.0773 
0.9170 0.0250 0.0299 0.0281 
0.0457 0.4626 0.4569 0.0348 
0.0236 0.0250 0.0250 0.9265 
0.0717 0.8692 0.0264 0.0327 
0.9167 0.0285 0.0271 0.0278 
0.0425 0.3128 0.3040 0.3406 
0.2074 0.3301 0.2292 0.2334 

MOTIF filter21 
letter-probability matrix: alength= 4 w= 16 nsites= 16 
0.3901 0.2198 0.1703 0.2198 
0.0604 0.3462 0.1044 0.4890 
0.0577 0.3269 0.3846 0.2308 
0.4368 0.1126 0.4505 0.0000 
0.5797 0.0027 0.3681 0.0495 
0.0000 1.0000 0.0000 0.0000 
0.0000 1.0000 0.0000 0.0000 
1.0000 0.0000 0.0000 0.0000 
1.0000 0.0000 0.0000 0.0000 
0.0000 0.0000 0.0000 1.0000 
0.0330 0.7802 0.1868 0.0000 
0.8846 0.0055 0.1099 0.0000 
0.0934 0.0907 0.7995 0.0165 
0.2225 0.2363 0.2582 0.2830 
0.2885 0.2005 0.2527 0.2582 
0.2363 0.2885 0.2033 0.2720 

MOTIF filter22 
letter-probability matrix: alength= 4 w= 18 nsites= 18 
0.2851 0.2314 0.2025 0.2810 
0.2479 0.3306 0.2479 0.1736 
0.2397 0.2769 0.2231 0.2603 
0.1074 0.0083 0.7438 0.1405 
0.0661 0.8017 0.0826 0.0496 
0.2975 0.3595 0.2603 0.0826 
0.0455 0.0000 0.9008 0.0537 
0.0000 1.0000 0.0000 0.0000 
0.0000 1.0000 0.0000 0.0000 
1.0000 0.0000 0.0000 0.0000 
0.0000 0.0000 0.0000 1.0000 
0.0041 0.5165 0.1281 0.3512 
0.0000 0.0331 0.0000 0.9669 
0.0000 0.0124 0.0000 0.9876 
0.0496 0.0744 0.8017 0.0744 
0.2521 0.2314 0.2603 0.2562 
0.1818 0.2603 0.2769 0.2810 
0.2397 0.2934 0.2190 0.2479 

MOTIF filter23 
letter-probability matrix: alength= 4 w= 20 nsites= 20 
0.0000 0.5000 0.0000 0.5000 
1.0000 0.0000 0.0000 0.0000 
0.5000 0.0000 0.2500 0.2500 
0.2500 0.0000 0.7500 0.0000 
0.0000 0.7500 0.0000 0.2500 
0.2500 0.5000 0.0000 0.2500 
0.0000 0.5000 0.5000 0.0000 
0.0000 0.0000 1.0000 0.0000 
0.5000 0.0000 0.0000 0.5000 
1.0000 0.0000 0.0000 0.0000 
0.0000 0.2500 0.0000 0.7500 
0.0000 0.0000 0.5000 0.5000 
0.0000 0.5000 0.5000 0.0000 
0.0000 0.0000 0.0000 1.0000 
0.0000 0.5000 0.2500 0.2500 
0.0000 0.0000 1.0000 0.0000 
0.2500 0.5000 0.2500 0.0000 
0.0000 0.5000 0.0000 0.5000 
0.0000 0.0000 0.7500 0.2500 
0.5000 0.0000 0.2500 0.2500 

MOTIF filter24 
letter-probability matrix: alength= 4 w= 12 nsites= 12 
0.2374 0.2635 0.2601 0.2391 
0.4310 0.1928 0.2399 0.1364 
0.2155 0.3165 0.3241 0.1439 
0.0000 1.0000 0.0000 0.0000 
0.9655 0.0000 0.0345 0.0000 
0.0000 0.9815 0.0000 0.0185 
0.0699 0.0000 0.9301 0.0000 
0.0008 0.0177 0.0000 0.9815 
0.0000 0.0000 0.9966 0.0034 
0.1557 0.2997 0.3064 0.2382 
0.1667 0.2382 0.1591 0.4360 
0.2315 0.2635 0.2584 0.2466 

MOTIF filter25 
letter-probability matrix: alength= 4 w= 15 nsites= 15 
0.2741 0.2682 0.2303 0.2274 
0.2303 0.2507 0.2216 0.2974 
0.0117 0.7930 0.0816 0.1137 
0.0000 0.1283 0.0029 0.8688 
0.0000 0.2303 0.7289 0.0408 
1.0000 0.0000 0.0000 0.0000 
0.0000 0.0000 0.0000 1.0000 
0.0000 0.0000 0.0000 1.0000 
0.0000 0.0000 1.0000 0.0000 
0.0000 0.0000 1.0000 0.0000 
0.0437 0.3878 0.0029 0.5656 
0.0029 0.4286 0.1370 0.4315 
0.1866 0.4286 0.3149 0.0700 
0.4898 0.1487 0.2945 0.0671 
0.1574 0.1458 0.2624 0.4344 

MOTIF filter26 
letter-probability matrix: alength= 4 w= 14 nsites= 14 
0.1508 0.3060 0.2753 0.2679 
0.3177 0.2269 0.3543 0.1010 
0.4202 0.1142 0.3367 0.1288 
0.0000 0.9854 0.0146 0.0000 
0.0000 0.5930 0.0000 0.4070 
0.5286 0.0571 0.4012 0.0132 
1.0000 0.0000 0.0000 0.0000 
0.0000 0.0000 0.0000 1.0000 
0.0190 0.4085 0.0249 0.5476 
0.4114 0.0000 0.5871 0.0015 
0.0000 0.0220 0.9780 0.0000 
0.1552 0.3236 0.0966 0.4246 
0.1186 0.3104 0.2020 0.3690 
0.2518 0.3426 0.2533 0.1523 

MOTIF filter27 
letter-probability matrix: alength= 4 w= 16 nsites= 16 
0.2474 0.2368 0.2553 0.2605 
0.2447 0.2342 0.2553 0.2658 
0.2316 0.2579 0.2789 0.2316 
0.2316 0.0447 0.6579 0.0658 
0.1158 0.0000 0.7921 0.0921 
0.1816 0.0000 0.8184 0.0000 
0.0000 0.0000 1.0000 0.0000 
0.0000 0.0000 1.0000 0.0000 
0.3026 0.5500 0.0000 0.1474 
0.0000 0.0000 1.0000 0.0000 
0.0000 0.0000 1.0000 0.0000 
0.1421 0.0000 0.8579 0.0000 
0.2237 0.0289 0.7474 0.0000 
0.1842 0.5526 0.1763 0.0868 
0.2711 0.1921 0.2921 0.2447 
0.2684 0.2763 0.2263 0.2289 

MOTIF filter28 
letter-probability matrix: alength= 4 w= 15 nsites= 15 
0.2701 0.2450 0.2190 0.2658 
0.2649 0.2468 0.2459 0.2424 
0.1584 0.2173 0.1636 0.4606 
0.0000 0.0078 0.0000 0.9922 
0.0000 0.0000 0.0277 0.9723 
0.1221 0.8727 0.0000 0.0052 
0.0277 0.7273 0.0000 0.2450 
0.2485 0.2294 0.2528 0.2693 
0.2355 0.0000 0.7411 0.0234 
0.0017 0.0017 0.8892 0.1074 
0.9801 0.0199 0.0000 0.0000 
1.0000 0.0000 0.0000 0.0000 
0.4710 0.1463 0.2234 0.1593 
0.2398 0.2667 0.2416 0.2519 
0.2545 0.2355 0.2606 0.2494 

MOTIF filter29 
letter-probability matrix: alength= 4 w= 15 nsites= 15 
0.1940 0.2475 0.2508 0.3077 
0.1338 0.1438 0.4214 0.3010 
0.0100 0.5084 0.2274 0.2542 
0.0635 0.6957 0.1104 0.1304 
0.7492 0.0067 0.2140 0.0301 
0.0000 0.9398 0.0100 0.0502 
0.0000 0.0000 0.0000 1.0000 
0.0000 0.0000 0.0000 1.0000 
0.0000 1.0000 0.0000 0.0000 
0.0000 1.0000 0.0000 0.0000 
0.0000 0.0000 0.9766 0.0234 
0.0000 0.1204 0.8763 0.0033 
0.2742 0.1773 0.3043 0.2441 
0.2709 0.2174 0.2508 0.2609 
0.2809 0.1773 0.2642 0.2776 

MOTIF filter30 
letter-probability matrix: alength= 4 w= 15 nsites= 15 
0.2475 0.2614 0.2521 0.2389 
0.1334 0.0939 0.3305 0.4422 
0.0613 0.7890 0.0109 0.1389 
0.0023 0.0256 0.0085 0.9635 
0.9829 0.0062 0.0031 0.0078 
0.3002 0.0078 0.0093 0.6827 
0.4344 0.0101 0.0039 0.5516 
0.5369 0.0062 0.0070 0.4500 
0.6687 0.0101 0.0008 0.3204 
0.0085 0.0124 0.0124 0.9666 
0.9527 0.0093 0.0279 0.0101 
0.1427 0.0093 0.7828 0.0652 
0.4228 0.3553 0.0613 0.1606 
0.2607 0.2444 0.2583 0.2366 
0.2545 0.2731 0.2413 0.2312 

MOTIF filter31 
letter-probability matrix: alength= 4 w= 13 nsites= 13 
0.1158 0.3633 0.2894 0.2315 
0.3264 0.1897 0.4293 0.0547 
0.3650 0.3006 0.2733 0.0611 
0.0000 0.7476 0.0000 0.2524 
0.0000 0.7605 0.2395 0.0000 
1.0000 0.0000 0.0000 0.0000 
0.5611 0.0000 0.0000 0.4389 
0.0000 0.0000 0.0000 1.0000 
0.0000 0.2412 0.7588 0.0000 
0.3939 0.0000 0.6061 0.0000 
0.0627 0.2894 0.4084 0.2395 
0.0627 0.3441 0.2749 0.3183 
0.2621 0.3328 0.2974 0.1077 

