MEME version 4

ALPHABET= ACGT

Background letter frequencies:
A 0.2500 C 0.2500 G 0.2500 T 0.2500 

MOTIF filter0 
letter-probability matrix: alength= 4 w= 19 nsites= 19 
0.2134 0.2175 0.2845 0.2845 
0.2230 0.2859 0.2654 0.2257 
0.2804 0.2421 0.2312 0.2462 
0.1505 0.0534 0.0260 0.7702 
0.0260 0.0657 0.6908 0.2175 
0.4090 0.4172 0.0752 0.0985 
0.0000 1.0000 0.0000 0.0000 
0.0000 0.9986 0.0000 0.0014 
0.8345 0.0000 0.0055 0.1601 
0.0137 0.0000 0.0000 0.9863 
1.0000 0.0000 0.0000 0.0000 
0.0000 0.0000 0.0014 0.9986 
0.9891 0.0000 0.0000 0.0109 
0.1231 0.0014 0.0000 0.8755 
0.0027 0.0027 0.9945 0.0000 
0.0000 0.0000 0.9986 0.0014 
0.0958 0.0698 0.3967 0.4378 
0.2244 0.6703 0.0834 0.0219 
0.7620 0.0192 0.0547 0.1642 

MOTIF filter1 
letter-probability matrix: alength= 4 w= 16 nsites= 16 
0.2396 0.2045 0.2492 0.3067 
0.2364 0.2556 0.2556 0.2524 
0.2332 0.2460 0.2748 0.2460 
0.2588 0.0415 0.6358 0.0639 
0.1214 0.0000 0.8307 0.0479 
0.1693 0.0000 0.8307 0.0000 
0.0000 0.0000 1.0000 0.0000 
0.0000 0.0000 1.0000 0.0000 
0.3195 0.5783 0.0000 0.1022 
0.0000 0.0000 1.0000 0.0000 
0.0000 0.0000 1.0000 0.0000 
0.1374 0.0000 0.8626 0.0000 
0.1502 0.0319 0.8179 0.0000 
0.2077 0.5783 0.1310 0.0831 
0.2843 0.1949 0.2907 0.2300 
0.2173 0.3131 0.2268 0.2428 

MOTIF filter2 
letter-probability matrix: alength= 4 w= 16 nsites= 16 
0.2913 0.2441 0.2782 0.1864 
0.2520 0.3123 0.2126 0.2231 
0.0446 0.1995 0.5144 0.2415 
0.0000 0.7638 0.0420 0.1942 
0.0052 0.8661 0.0000 0.1286 
0.0000 1.0000 0.0000 0.0000 
0.0000 1.0000 0.0000 0.0000 
0.0971 0.0000 0.6037 0.2992 
0.0000 1.0000 0.0000 0.0000 
0.0000 1.0000 0.0000 0.0000 
0.0000 0.8136 0.0000 0.1864 
0.0577 0.8478 0.0000 0.0945 
0.0577 0.6325 0.0446 0.2651 
0.2441 0.2362 0.2703 0.2493 
0.2703 0.2441 0.2362 0.2493 
0.2152 0.2966 0.2546 0.2336 

MOTIF filter3 
letter-probability matrix: alength= 4 w= 13 nsites= 13 
0.2407 0.2386 0.2641 0.2567 
0.2332 0.1629 0.3994 0.2045 
0.4185 0.2066 0.3749 0.0000 
0.0000 0.0000 0.0000 1.0000 
0.0000 0.0000 1.0000 0.0000 
1.0000 0.0000 0.0000 0.0000 
0.0000 0.5016 0.4984 0.0000 
0.0000 0.0000 0.0000 1.0000 
0.0000 1.0000 0.0000 0.0000 
1.0000 0.0000 0.0000 0.0000 
0.0000 0.3365 0.2449 0.4185 
0.2141 0.3589 0.1949 0.2322 
0.2460 0.2204 0.2780 0.2556 

MOTIF filter4 
letter-probability matrix: alength= 4 w= 20 nsites= 20 
0.2281 0.2539 0.2552 0.2629 
0.1856 0.2951 0.2861 0.2332 
0.2771 0.2448 0.2242 0.2539 
0.1521 0.0786 0.0399 0.7294 
0.0284 0.0825 0.6817 0.2075 
0.4188 0.3840 0.0644 0.1327 
0.0000 0.9987 0.0013 0.0000 
0.0000 0.9923 0.0013 0.0064 
0.8454 0.0000 0.0039 0.1508 
0.0168 0.0000 0.0000 0.9832 
1.0000 0.0000 0.0000 0.0000 
0.0000 0.0000 0.0013 0.9987 
0.9961 0.0000 0.0000 0.0039 
0.1340 0.0026 0.0000 0.8634 
0.0000 0.0013 0.9987 0.0000 
0.0000 0.0000 1.0000 0.0000 
0.0992 0.0696 0.4124 0.4188 
0.2101 0.6688 0.0863 0.0348 
0.7603 0.0206 0.0567 0.1624 
0.2229 0.2925 0.2397 0.2448 

MOTIF filter5 
letter-probability matrix: alength= 4 w= 10 nsites= 10 
0.2244 0.3558 0.2532 0.1667 
0.2308 0.2276 0.2276 0.3141 
0.2340 0.4103 0.1378 0.2179 
0.7917 0.0353 0.1635 0.0096 
0.2019 0.4615 0.3269 0.0096 
0.0000 1.0000 0.0000 0.0000 
1.0000 0.0000 0.0000 0.0000 
0.0000 1.0000 0.0000 0.0000 
0.0000 0.0000 1.0000 0.0000 
0.0000 0.0000 0.0000 1.0000 

MOTIF filter6 
letter-probability matrix: alength= 4 w= 11 nsites= 11 
0.3893 0.2254 0.3454 0.0400 
0.0000 0.0000 0.0000 1.0000 
0.0000 0.0000 0.9971 0.0029 
1.0000 0.0000 0.0000 0.0000 
0.0000 0.5034 0.4966 0.0000 
0.0000 0.0000 0.0000 1.0000 
0.0000 1.0000 0.0000 0.0000 
1.0000 0.0000 0.0000 0.0000 
0.0098 0.3337 0.2576 0.3990 
0.2117 0.3678 0.1883 0.2322 
0.2605 0.2263 0.2615 0.2517 

MOTIF filter7 
letter-probability matrix: alength= 4 w= 14 nsites= 14 
0.1484 0.1951 0.3736 0.2830 
0.0192 0.4753 0.2390 0.2665 
0.0824 0.6154 0.1374 0.1648 
0.7033 0.0165 0.2555 0.0247 
0.0000 0.9615 0.0027 0.0357 
0.0000 0.0000 0.0000 1.0000 
0.0000 0.0000 0.0000 1.0000 
0.0000 1.0000 0.0000 0.0000 
0.0000 1.0000 0.0000 0.0000 
0.0000 0.0000 0.9835 0.0165 
0.0000 0.1484 0.8407 0.0110 
0.2637 0.1923 0.2445 0.2995 
0.2555 0.2280 0.2610 0.2555 
0.2500 0.2280 0.2390 0.2830 

MOTIF filter8 
letter-probability matrix: alength= 4 w= 20 nsites= 20 
0.1978 0.2802 0.2637 0.2582 
0.5824 0.2527 0.1099 0.0549 
0.6648 0.1374 0.1923 0.0055 
0.0989 0.5110 0.3846 0.0055 
0.0055 0.1209 0.4011 0.4725 
0.0165 0.5165 0.4670 0.0000 
0.5055 0.0220 0.2637 0.2088 
0.1593 0.1923 0.2363 0.4121 
0.6813 0.1538 0.1264 0.0385 
0.0000 0.0440 0.1538 0.8022 
0.2308 0.6264 0.0110 0.1319 
0.7363 0.0000 0.2637 0.0000 
0.6484 0.0879 0.0659 0.1978 
0.8132 0.0110 0.1593 0.0165 
0.1923 0.4890 0.3187 0.0000 
0.3297 0.1319 0.5385 0.0000 
0.0604 0.2637 0.3352 0.3407 
0.1374 0.1264 0.0934 0.6429 
0.3297 0.1209 0.2418 0.3077 
0.2747 0.3352 0.0440 0.3462 

MOTIF filter9 
letter-probability matrix: alength= 4 w= 17 nsites= 17 
0.2528 0.2714 0.2491 0.2268 
0.2454 0.2714 0.2454 0.2379 
0.1264 0.0186 0.6989 0.1561 
0.0743 0.7584 0.1078 0.0595 
0.2974 0.3717 0.2045 0.1264 
0.0186 0.0000 0.8662 0.1152 
0.0000 1.0000 0.0000 0.0000 
0.0000 1.0000 0.0000 0.0000 
1.0000 0.0000 0.0000 0.0000 
0.0000 0.0000 0.0000 1.0000 
0.0074 0.4870 0.1301 0.3755 
0.0000 0.0000 0.0000 1.0000 
0.0000 0.0000 0.0000 1.0000 
0.1004 0.0632 0.7361 0.1004 
0.3383 0.2230 0.2082 0.2305 
0.2007 0.2602 0.2900 0.2491 
0.2156 0.2491 0.2528 0.2825 

MOTIF filter10 
letter-probability matrix: alength= 4 w= 12 nsites= 12 
0.4472 0.2211 0.1622 0.1695 
0.0516 0.3587 0.1302 0.4595 
0.0713 0.3120 0.3661 0.2506 
0.4275 0.1155 0.4570 0.0000 
0.5577 0.0025 0.3882 0.0516 
0.0000 1.0000 0.0000 0.0000 
0.0000 1.0000 0.0000 0.0000 
1.0000 0.0000 0.0000 0.0000 
1.0000 0.0000 0.0000 0.0000 
0.0000 0.0000 0.0000 1.0000 
0.0098 0.7641 0.2260 0.0000 
0.8231 0.0000 0.1769 0.0000 

MOTIF filter11 
letter-probability matrix: alength= 4 w= 15 nsites= 15 
0.2486 0.2419 0.2326 0.2769 
0.2746 0.2316 0.2479 0.2459 
0.1979 0.2469 0.1815 0.3737 
0.0307 0.0524 0.0217 0.8952 
0.0143 0.0310 0.0707 0.8839 
0.1812 0.7558 0.0290 0.0340 
0.0571 0.6149 0.0130 0.3150 
0.2536 0.2279 0.2579 0.2606 
0.3090 0.0037 0.6290 0.0584 
0.0340 0.0200 0.7771 0.1688 
0.8846 0.0764 0.0197 0.0194 
0.9022 0.0327 0.0420 0.0230 
0.4021 0.1755 0.2296 0.1929 
0.2409 0.2533 0.2529 0.2529 
0.2573 0.2432 0.2599 0.2396 

MOTIF filter12 
letter-probability matrix: alength= 4 w= 9 nsites= 9 
0.2303 0.2604 0.2634 0.2459 
0.3848 0.2138 0.2546 0.1467 
0.2264 0.3052 0.3071 0.1613 
0.0000 1.0000 0.0000 0.0000 
1.0000 0.0000 0.0000 0.0000 
0.0000 0.9990 0.0000 0.0010 
0.0185 0.0000 0.9815 0.0000 
0.0000 0.0000 0.0000 1.0000 
0.0000 0.0000 1.0000 0.0000 

MOTIF filter13 
letter-probability matrix: alength= 4 w= 20 nsites= 20 
0.2232 0.2902 0.2411 0.2455 
0.4598 0.2634 0.0089 0.2679 
0.2366 0.1161 0.1071 0.5402 
0.2232 0.1071 0.0000 0.6696 
0.1786 0.6696 0.0357 0.1161 
0.8705 0.0000 0.0089 0.1205 
0.2277 0.1295 0.0491 0.5938 
0.2455 0.0000 0.7545 0.0000 
0.4688 0.2768 0.1205 0.1339 
0.2232 0.3080 0.1429 0.3259 
0.1250 0.3214 0.0134 0.5402 
0.1607 0.1741 0.4732 0.1920 
0.4821 0.0000 0.1116 0.4062 
0.1875 0.4866 0.0402 0.2857 
0.8348 0.0982 0.0089 0.0580 
0.1786 0.3705 0.1116 0.3393 
0.3661 0.4955 0.0580 0.0804 
0.1295 0.0357 0.8125 0.0223 
0.3259 0.1205 0.0402 0.5134 
0.1652 0.0000 0.3616 0.4732 

MOTIF filter14 
letter-probability matrix: alength= 4 w= 16 nsites= 16 
0.2403 0.2792 0.2662 0.2143 
0.2403 0.2305 0.2565 0.2727 
0.2175 0.2305 0.3084 0.2435 
0.2597 0.0357 0.6526 0.0519 
0.1136 0.0000 0.8279 0.0584 
0.1494 0.0000 0.8506 0.0000 
0.0000 0.0000 1.0000 0.0000 
0.0000 0.0000 1.0000 0.0000 
0.2760 0.5844 0.0000 0.1396 
0.0000 0.0000 1.0000 0.0000 
0.0000 0.0000 1.0000 0.0000 
0.1396 0.0000 0.8571 0.0032 
0.1916 0.0000 0.8084 0.0000 
0.1721 0.5844 0.1981 0.0455 
0.2792 0.2143 0.2955 0.2110 
0.2435 0.3084 0.2305 0.2175 

MOTIF filter15 
letter-probability matrix: alength= 4 w= 13 nsites= 13 
0.2514 0.2405 0.2297 0.2784 
0.2568 0.2243 0.2811 0.2378 
0.2351 0.2595 0.2568 0.2486 
0.0054 0.8595 0.1351 0.0000 
0.0324 0.9676 0.0000 0.0000 
0.0000 0.0000 1.0000 0.0000 
0.0000 0.0000 1.0000 0.0000 
1.0000 0.0000 0.0000 0.0000 
1.0000 0.0000 0.0000 0.0000 
0.0378 0.0108 0.9514 0.0000 
0.0351 0.2892 0.0162 0.6595 
0.1703 0.1000 0.6730 0.0568 
0.2486 0.2568 0.4649 0.0297 

MOTIF filter16 
letter-probability matrix: alength= 4 w= 12 nsites= 12 
0.2435 0.2299 0.2803 0.2463 
0.4857 0.1442 0.2762 0.0939 
0.2054 0.3184 0.3429 0.1333 
0.0000 1.0000 0.0000 0.0000 
1.0000 0.0000 0.0000 0.0000 
0.0000 1.0000 0.0000 0.0000 
0.0000 0.0000 1.0000 0.0000 
0.0000 0.0000 0.0000 1.0000 
0.0000 0.0000 1.0000 0.0000 
0.0707 0.3374 0.3660 0.2259 
0.1211 0.2299 0.1238 0.5252 
0.2476 0.2340 0.2667 0.2517 

MOTIF filter17 
letter-probability matrix: alength= 4 w= 18 nsites= 18 
0.4461 0.0595 0.1487 0.3457 
0.6989 0.0000 0.0149 0.2862 
0.4647 0.0000 0.0223 0.5130 
0.2639 0.1710 0.1301 0.4349 
0.0112 0.0000 0.0000 0.9888 
0.0000 0.0000 1.0000 0.0000 
0.0074 0.9926 0.0000 0.0000 
0.0000 0.0000 0.0000 1.0000 
0.0000 0.0000 0.9926 0.0074 
1.0000 0.0000 0.0000 0.0000 
0.0260 0.5130 0.2862 0.1747 
0.1896 0.1152 0.0335 0.6617 
0.1636 0.3457 0.1561 0.3346 
0.5725 0.0483 0.1822 0.1970 
0.1190 0.0260 0.5836 0.2714 
0.2751 0.2677 0.2379 0.2193 
0.2677 0.2119 0.2677 0.2528 
0.2082 0.2342 0.2677 0.2900 

MOTIF filter18 
letter-probability matrix: alength= 4 w= 18 nsites= 18 
0.2262 0.2472 0.2583 0.2683 
0.2129 0.2783 0.2805 0.2284 
0.2927 0.2417 0.2251 0.2406 
0.1630 0.0776 0.0432 0.7162 
0.0322 0.0998 0.6541 0.2140 
0.4069 0.3914 0.0776 0.1242 
0.0022 0.9889 0.0067 0.0022 
0.0000 0.9878 0.0033 0.0089 
0.8259 0.0044 0.0078 0.1619 
0.0233 0.0000 0.0011 0.9756 
0.9933 0.0033 0.0022 0.0011 
0.0000 0.0022 0.0011 0.9967 
0.9845 0.0033 0.0000 0.0122 
0.1641 0.0055 0.0011 0.8293 
0.0044 0.0100 0.9856 0.0000 
0.0011 0.0044 0.9911 0.0033 
0.1098 0.0687 0.3858 0.4357 
0.2262 0.6430 0.0942 0.0366 

MOTIF filter19 
letter-probability matrix: alength= 4 w= 10 nsites= 10 
0.2514 0.2329 0.2292 0.2865 
0.5065 0.0000 0.0000 0.4935 
0.0000 0.0000 0.0000 1.0000 
0.0000 0.0000 0.0000 1.0000 
0.8087 0.0000 0.1913 0.0000 
1.0000 0.0000 0.0000 0.0000 
0.0055 0.0000 0.0000 0.9945 
0.2505 0.2569 0.2652 0.2274 
0.2209 0.2671 0.2773 0.2348 
0.2542 0.2357 0.2440 0.2662 

MOTIF filter20 
letter-probability matrix: alength= 4 w= 16 nsites= 16 
0.2597 0.2770 0.2317 0.2317 
0.2423 0.2783 0.2383 0.2410 
0.0985 0.0573 0.3489 0.4953 
0.0133 0.9334 0.0000 0.0533 
0.0000 0.0000 0.0000 1.0000 
1.0000 0.0000 0.0000 0.0000 
0.2889 0.0000 0.0000 0.7111 
0.4913 0.0000 0.0000 0.5087 
0.5899 0.0000 0.0000 0.4101 
0.7350 0.0000 0.0000 0.2650 
0.0000 0.0000 0.0000 1.0000 
1.0000 0.0000 0.0000 0.0000 
0.0746 0.0000 0.9241 0.0013 
0.4794 0.3662 0.0320 0.1225 
0.2903 0.2264 0.2517 0.2317 
0.2597 0.2597 0.2383 0.2423 

MOTIF filter21 
letter-probability matrix: alength= 4 w= 16 nsites= 16 
0.2299 0.2385 0.2500 0.2816 
0.2270 0.2902 0.2759 0.2069 
0.2759 0.2529 0.2011 0.2701 
0.1408 0.6810 0.1207 0.0575 
1.0000 0.0000 0.0000 0.0000 
0.9856 0.0000 0.0144 0.0000 
0.4282 0.0718 0.4799 0.0201 
1.0000 0.0000 0.0000 0.0000 
0.0000 0.0000 0.0000 1.0000 
0.0000 0.0000 1.0000 0.0000 
0.0000 0.0000 1.0000 0.0000 
0.0546 0.8649 0.0000 0.0805 
0.1121 0.1925 0.4224 0.2730 
0.0718 0.0862 0.7730 0.0690 
0.1178 0.7759 0.0230 0.0833 
0.2759 0.2385 0.2069 0.2787 

MOTIF filter22 
letter-probability matrix: alength= 4 w= 16 nsites= 16 
0.3105 0.2288 0.2778 0.1830 
0.2745 0.3301 0.2255 0.1699 
0.0882 0.1536 0.5490 0.2092 
0.0000 0.8954 0.0033 0.1013 
0.0000 0.8529 0.0000 0.1471 
0.0000 1.0000 0.0000 0.0000 
0.0000 1.0000 0.0000 0.0000 
0.0980 0.0000 0.6340 0.2680 
0.0000 1.0000 0.0000 0.0000 
0.0000 1.0000 0.0000 0.0000 
0.0000 0.8105 0.0000 0.1895 
0.0621 0.8824 0.0000 0.0556 
0.0294 0.6405 0.0523 0.2778 
0.2908 0.2026 0.2451 0.2614 
0.2843 0.2255 0.2353 0.2549 
0.2157 0.3072 0.2418 0.2353 

MOTIF filter23 
letter-probability matrix: alength= 4 w= 20 nsites= 20 
0.2612 0.2612 0.2500 0.2276 
0.1978 0.1007 0.3433 0.3582 
0.4851 0.3806 0.1007 0.0336 
0.0149 0.6007 0.3694 0.0149 
0.0000 0.5037 0.3694 0.1269 
0.0373 0.5821 0.2164 0.1642 
0.0410 0.7239 0.1978 0.0373 
0.0149 0.2463 0.4813 0.2575 
0.0485 0.9478 0.0037 0.0000 
0.2313 0.5634 0.1269 0.0784 
0.0187 0.1828 0.3060 0.4925 
0.1754 0.6082 0.2127 0.0037 
0.1455 0.0000 0.6194 0.2351 
0.2052 0.5224 0.2239 0.0485 
0.0075 0.7836 0.1716 0.0373 
0.1530 0.3358 0.2164 0.2948 
0.0224 0.2873 0.2313 0.4590 
0.2425 0.2313 0.2090 0.3172 
0.5896 0.2201 0.1903 0.0000 
0.0560 0.2575 0.6493 0.0373 

MOTIF filter24 
letter-probability matrix: alength= 4 w= 18 nsites= 18 
0.3192 0.2038 0.2038 0.2731 
0.2615 0.2962 0.2462 0.1962 
0.2308 0.2462 0.2500 0.2731 
0.1115 0.0077 0.7192 0.1615 
0.0692 0.7846 0.0846 0.0615 
0.2846 0.3577 0.2615 0.0962 
0.0462 0.0000 0.9154 0.0385 
0.0000 1.0000 0.0000 0.0000 
0.0000 1.0000 0.0000 0.0000 
1.0000 0.0000 0.0000 0.0000 
0.0000 0.0000 0.0000 1.0000 
0.0077 0.4923 0.1385 0.3615 
0.0000 0.0308 0.0077 0.9615 
0.0000 0.0154 0.0000 0.9846 
0.0385 0.0731 0.8000 0.0885 
0.2346 0.2154 0.2846 0.2654 
0.2154 0.2846 0.2346 0.2654 
0.2308 0.3346 0.2231 0.2115 

MOTIF filter25 
letter-probability matrix: alength= 4 w= 12 nsites= 12 
0.2496 0.2688 0.2336 0.2480 
0.2880 0.2240 0.2080 0.2800 
0.2832 0.2512 0.2272 0.2384 
1.0000 0.0000 0.0000 0.0000 
0.0000 0.0000 0.0000 1.0000 
0.0000 0.4400 0.0000 0.5600 
1.0000 0.0000 0.0000 0.0000 
1.0000 0.0000 0.0000 0.0000 
0.9744 0.0000 0.0000 0.0256 
0.2528 0.2256 0.2224 0.2992 
0.2576 0.2416 0.2368 0.2640 
0.2240 0.2864 0.2528 0.2368 

MOTIF filter26 
letter-probability matrix: alength= 4 w= 20 nsites= 20 
0.2375 0.2680 0.2549 0.2397 
0.0327 0.3747 0.3638 0.2288 
0.4749 0.0000 0.3856 0.1394 
0.6449 0.2157 0.0000 0.1394 
0.6601 0.1590 0.1547 0.0261 
0.1198 0.1525 0.4749 0.2527 
0.0654 0.1852 0.2723 0.4771 
0.0632 0.2070 0.0414 0.6885 
0.3355 0.0044 0.1089 0.5512 
0.3007 0.0196 0.4749 0.2048 
0.4967 0.0022 0.1547 0.3464 
0.1198 0.0022 0.0153 0.8627 
0.2527 0.1917 0.0196 0.5359 
0.7168 0.0022 0.0828 0.1983 
0.7320 0.0240 0.1590 0.0850 
0.4619 0.0719 0.1068 0.3595 
0.1830 0.0828 0.2244 0.5098 
0.2767 0.4074 0.0458 0.2702 
0.2113 0.1416 0.0196 0.6275 
0.3551 0.1874 0.3268 0.1307 

MOTIF filter27 
letter-probability matrix: alength= 4 w= 15 nsites= 15 
0.2378 0.2786 0.2457 0.2378 
0.2326 0.2576 0.2589 0.2510 
0.5335 0.1051 0.3574 0.0039 
0.0000 0.0000 0.0000 1.0000 
0.0000 0.0000 0.0250 0.9750 
0.2904 0.0000 0.6439 0.0657 
0.0013 0.9290 0.0000 0.0696 
0.0736 0.0000 0.9264 0.0000 
0.0749 0.6886 0.0000 0.2365 
0.9803 0.0197 0.0000 0.0000 
1.0000 0.0000 0.0000 0.0000 
0.0026 0.3469 0.1314 0.5191 
0.2799 0.2444 0.2707 0.2050 
0.2392 0.2116 0.2733 0.2760 
0.2589 0.2260 0.2681 0.2470 

MOTIF filter28 
letter-probability matrix: alength= 4 w= 15 nsites= 15 
0.2378 0.2644 0.2578 0.2400 
0.1111 0.0567 0.3411 0.4911 
0.0278 0.8644 0.0000 0.1078 
0.0000 0.0011 0.0000 0.9989 
1.0000 0.0000 0.0000 0.0000 
0.2589 0.0000 0.0067 0.7344 
0.4456 0.0000 0.0000 0.5544 
0.5356 0.0000 0.0011 0.4633 
0.6867 0.0022 0.0000 0.3111 
0.0022 0.0000 0.0000 0.9978 
0.9978 0.0000 0.0022 0.0000 
0.0911 0.0000 0.8733 0.0356 
0.4578 0.3556 0.0511 0.1356 
0.2778 0.2300 0.2611 0.2311 
0.2467 0.2856 0.2389 0.2289 

MOTIF filter29 
letter-probability matrix: alength= 4 w= 18 nsites= 18 
0.2896 0.5396 0.0427 0.1280 
0.2378 0.1860 0.0732 0.5030 
0.2805 0.1524 0.3232 0.2439 
0.6220 0.0518 0.1159 0.2104 
0.1707 0.3171 0.4878 0.0244 
0.0000 0.0000 0.0000 1.0000 
0.0091 0.9909 0.0000 0.0000 
1.0000 0.0000 0.0000 0.0000 
0.0000 0.0000 0.9939 0.0061 
0.0000 1.0000 0.0000 0.0000 
0.9939 0.0000 0.0000 0.0061 
0.4421 0.1677 0.1311 0.2591 
0.4238 0.0427 0.0030 0.5305 
0.4055 0.0732 0.0000 0.5213 
0.3079 0.1128 0.0152 0.5640 
0.2805 0.2165 0.2500 0.2530 
0.2805 0.2805 0.2195 0.2195 
0.2165 0.3018 0.2287 0.2530 

MOTIF filter30 
letter-probability matrix: alength= 4 w= 13 nsites= 13 
0.2419 0.2419 0.2554 0.2608 
0.0054 0.8172 0.0833 0.0941 
0.0000 0.1882 0.0000 0.8118 
0.0000 0.2581 0.7231 0.0188 
1.0000 0.0000 0.0000 0.0000 
0.0000 0.0000 0.0000 1.0000 
0.0000 0.0000 0.0000 1.0000 
0.0000 0.0000 1.0000 0.0000 
0.0000 0.0000 1.0000 0.0000 
0.0376 0.3978 0.0054 0.5591 
0.0108 0.4435 0.1398 0.4059 
0.1855 0.4274 0.3118 0.0753 
0.4624 0.1425 0.3280 0.0672 

MOTIF filter31 
letter-probability matrix: alength= 4 w= 18 nsites= 18 
0.2548 0.2548 0.2433 0.2471 
0.2814 0.2205 0.2510 0.2471 
0.2510 0.2928 0.2091 0.2471 
0.6084 0.0000 0.0684 0.3232 
0.6388 0.0190 0.0532 0.2890 
0.4791 0.0000 0.0076 0.5133 
0.3346 0.1369 0.1369 0.3916 
0.0076 0.0000 0.0000 0.9924 
0.0000 0.0000 1.0000 0.0000 
0.0266 0.9734 0.0000 0.0000 
0.0000 0.0000 0.0000 1.0000 
0.0000 0.0000 0.9962 0.0038 
1.0000 0.0000 0.0000 0.0000 
0.0266 0.5437 0.2966 0.1331 
0.1939 0.0760 0.0456 0.6844 
0.1901 0.4297 0.0608 0.3194 
0.5095 0.0456 0.1673 0.2776 
0.1597 0.0570 0.5323 0.2510 

