MEME version 4

ALPHABET= ACGT

Background letter frequencies:
A 0.2500 C 0.2500 G 0.2500 T 0.2500 

MOTIF filter0 
letter-probability matrix: alength= 4 w= 13 nsites= 13 
0.1458 0.2070 0.1654 0.4818 
0.0000 0.0000 0.0000 1.0000 
0.0000 0.0000 0.0039 0.9961 
0.0534 0.9466 0.0000 0.0000 
0.0143 0.7526 0.0000 0.2331 
0.2773 0.1758 0.2760 0.2708 
0.1523 0.0000 0.8477 0.0000 
0.0000 0.0000 0.9805 0.0195 
1.0000 0.0000 0.0000 0.0000 
1.0000 0.0000 0.0000 0.0000 
0.5521 0.1068 0.1836 0.1576 
0.2227 0.2812 0.2487 0.2474 
0.2643 0.2292 0.2630 0.2435 

MOTIF filter1 
letter-probability matrix: alength= 4 w= 16 nsites= 16 
0.1890 0.1162 0.0802 0.6146 
0.0884 0.1211 0.5786 0.2119 
0.3339 0.2995 0.1391 0.2275 
0.0025 0.9910 0.0008 0.0057 
0.0000 0.7349 0.0016 0.2635 
0.8797 0.0000 0.0041 0.1162 
0.0589 0.0000 0.0008 0.9403 
0.8805 0.0000 0.0000 0.1195 
0.1244 0.0000 0.0008 0.8748 
0.9468 0.0000 0.0000 0.0532 
0.1162 0.0049 0.0008 0.8781 
0.2586 0.0057 0.7357 0.0000 
0.0041 0.0008 0.9926 0.0025 
0.2095 0.1342 0.2962 0.3601 
0.2300 0.5606 0.1358 0.0736 
0.6236 0.0753 0.1064 0.1948 

MOTIF filter2 
letter-probability matrix: alength= 4 w= 16 nsites= 16 
0.3304 0.2928 0.3768 0.0000 
0.2696 0.2957 0.2029 0.2319 
0.1188 0.3130 0.2928 0.2754 
0.0000 0.5333 0.2667 0.2000 
0.0058 0.8087 0.0551 0.1304 
0.0087 0.8928 0.0058 0.0928 
0.0000 0.9449 0.0261 0.0290 
0.0232 0.6841 0.2000 0.0928 
0.0406 0.6232 0.2551 0.0812 
0.0029 0.8841 0.0812 0.0319 
0.0000 0.9449 0.0145 0.0406 
0.0029 0.9101 0.0029 0.0841 
0.0348 0.8464 0.0145 0.1043 
0.1130 0.6029 0.0609 0.2232 
0.2000 0.4174 0.2000 0.1826 
0.2551 0.3420 0.1913 0.2116 

MOTIF filter3 
letter-probability matrix: alength= 4 w= 20 nsites= 20 
0.2544 0.2857 0.2056 0.2544 
0.0000 0.1010 0.1220 0.7770 
0.3101 0.4251 0.0279 0.2369 
0.4390 0.0941 0.3868 0.0801 
0.5192 0.1115 0.0767 0.2927 
0.4634 0.0592 0.3415 0.1359 
0.0941 0.3972 0.0557 0.4530 
0.5436 0.0488 0.4077 0.0000 
0.1254 0.1289 0.4564 0.2892 
0.1220 0.5714 0.3031 0.0035 
0.0000 0.4843 0.3031 0.2125 
0.0836 0.6063 0.1150 0.1951 
0.4843 0.0836 0.0174 0.4146 
0.2369 0.7213 0.0000 0.0418 
0.6098 0.1638 0.1812 0.0453 
0.1429 0.0035 0.5296 0.3240 
0.0070 0.2509 0.0070 0.7352 
0.4181 0.0523 0.1045 0.4251 
0.7143 0.1045 0.1707 0.0105 
0.1847 0.0801 0.3066 0.4286 

MOTIF filter4 
letter-probability matrix: alength= 4 w= 10 nsites= 10 
0.2378 0.2358 0.2587 0.2677 
0.2318 0.1688 0.3956 0.2038 
0.4006 0.2338 0.3656 0.0000 
0.0000 0.0000 0.0000 1.0000 
0.0000 0.0000 1.0000 0.0000 
1.0000 0.0000 0.0000 0.0000 
0.0020 0.4955 0.5025 0.0000 
0.0000 0.0000 0.0000 1.0000 
0.0010 0.9990 0.0000 0.0000 
1.0000 0.0000 0.0000 0.0000 

MOTIF filter5 
letter-probability matrix: alength= 4 w= 15 nsites= 15 
0.2697 0.2464 0.2085 0.2755 
0.2624 0.2638 0.2172 0.2566 
0.1312 0.1924 0.1137 0.5627 
0.0000 0.0000 0.0000 1.0000 
0.0000 0.0000 0.0000 1.0000 
0.0160 0.9840 0.0000 0.0000 
0.0000 0.8819 0.0000 0.1181 
0.2274 0.2566 0.2041 0.3120 
0.2332 0.0000 0.7609 0.0058 
0.0000 0.0000 0.9665 0.0335 
1.0000 0.0000 0.0000 0.0000 
1.0000 0.0000 0.0000 0.0000 
0.5437 0.1224 0.2070 0.1268 
0.2449 0.2624 0.2624 0.2303 
0.2668 0.2347 0.2536 0.2449 

MOTIF filter6 
letter-probability matrix: alength= 4 w= 20 nsites= 20 
0.2387 0.2593 0.2140 0.2881 
0.2469 0.0823 0.4280 0.2428 
0.2510 0.0041 0.4774 0.2675 
0.0288 0.6091 0.2140 0.1481 
0.0082 0.1728 0.4856 0.3333 
0.0864 0.7778 0.0370 0.0988 
0.2469 0.2922 0.4198 0.0412 
0.5021 0.1811 0.0000 0.3169 
0.1523 0.2263 0.6049 0.0165 
0.2593 0.1276 0.0082 0.6049 
0.0000 0.4074 0.2305 0.3621 
0.2346 0.0000 0.3580 0.4074 
0.3704 0.2922 0.0165 0.3210 
0.5720 0.4156 0.0082 0.0041 
0.0000 0.1111 0.3333 0.5556 
0.1523 0.0576 0.1235 0.6667 
0.6420 0.3498 0.0041 0.0041 
0.0206 0.6049 0.0082 0.3663 
0.2469 0.1070 0.6420 0.0041 
0.0947 0.1399 0.5226 0.2428 

MOTIF filter7 
letter-probability matrix: alength= 4 w= 20 nsites= 20 
0.2275 0.2464 0.2630 0.2630 
0.2121 0.2844 0.2737 0.2299 
0.2879 0.2382 0.2310 0.2429 
0.1600 0.0758 0.0403 0.7239 
0.0261 0.0889 0.6682 0.2168 
0.4171 0.3898 0.0711 0.1220 
0.0000 0.9964 0.0036 0.0000 
0.0000 0.9941 0.0012 0.0047 
0.8318 0.0012 0.0059 0.1611 
0.0190 0.0000 0.0000 0.9810 
0.9976 0.0024 0.0000 0.0000 
0.0000 0.0000 0.0012 0.9988 
0.9917 0.0000 0.0000 0.0083 
0.1517 0.0024 0.0012 0.8448 
0.0012 0.0059 0.9929 0.0000 
0.0000 0.0012 0.9988 0.0000 
0.1090 0.0699 0.3910 0.4301 
0.2204 0.6528 0.0924 0.0344 
0.7239 0.0308 0.0640 0.1813 
0.2346 0.2796 0.2405 0.2453 

MOTIF filter8 
letter-probability matrix: alength= 4 w= 17 nsites= 17 
0.1798 0.1167 0.5142 0.1893 
0.1640 0.5268 0.1356 0.1735 
0.2713 0.2871 0.2650 0.1767 
0.1009 0.0915 0.6719 0.1356 
0.0883 0.7129 0.0789 0.1199 
0.0315 0.9369 0.0189 0.0126 
1.0000 0.0000 0.0000 0.0000 
0.5047 0.0000 0.0032 0.4921 
0.2240 0.2871 0.3312 0.1577 
0.5457 0.0000 0.0000 0.4543 
0.0000 0.0000 0.0000 1.0000 
0.0000 0.0158 0.9590 0.0252 
0.0789 0.0568 0.8202 0.0442 
0.0883 0.6814 0.0978 0.1325 
0.1388 0.2587 0.3344 0.2681 
0.1388 0.1230 0.6341 0.1041 
0.1703 0.5678 0.1325 0.1293 

MOTIF filter9 
letter-probability matrix: alength= 4 w= 18 nsites= 18 
0.2241 0.2897 0.2276 0.2586 
0.2690 0.2310 0.2552 0.2448 
0.2621 0.2828 0.2276 0.2276 
0.5552 0.0000 0.1172 0.3276 
0.6931 0.0000 0.0241 0.2828 
0.4379 0.0000 0.0034 0.5586 
0.2828 0.1552 0.1276 0.4345 
0.0103 0.0000 0.0000 0.9897 
0.0000 0.0000 1.0000 0.0000 
0.0276 0.9724 0.0000 0.0000 
0.0000 0.0000 0.0000 1.0000 
0.0000 0.0000 0.9897 0.0103 
1.0000 0.0000 0.0000 0.0000 
0.0276 0.4931 0.3172 0.1621 
0.1966 0.1103 0.0552 0.6379 
0.1690 0.4172 0.1207 0.2931 
0.5310 0.0517 0.1793 0.2379 
0.1483 0.0483 0.5517 0.2517 

MOTIF filter10 
letter-probability matrix: alength= 4 w= 15 nsites= 15 
0.2627 0.2471 0.2157 0.2745 
0.2549 0.2392 0.2941 0.2118 
0.2196 0.2235 0.2784 0.2784 
0.0000 0.9216 0.0784 0.0000 
0.0235 0.9765 0.0000 0.0000 
0.0000 0.0000 1.0000 0.0000 
0.0000 0.0000 1.0000 0.0000 
1.0000 0.0000 0.0000 0.0000 
1.0000 0.0000 0.0000 0.0000 
0.0196 0.0000 0.9804 0.0000 
0.0000 0.3098 0.0039 0.6863 
0.1608 0.0549 0.7098 0.0745 
0.2353 0.2627 0.4941 0.0078 
0.1882 0.3961 0.2471 0.1686 
0.1843 0.3059 0.2706 0.2392 

MOTIF filter11 
letter-probability matrix: alength= 4 w= 16 nsites= 16 
0.2471 0.2000 0.3441 0.2088 
0.1971 0.2706 0.2676 0.2647 
0.2559 0.1471 0.3706 0.2265 
0.2235 0.1000 0.6353 0.0412 
0.0765 0.0000 0.8882 0.0353 
0.1353 0.0029 0.8588 0.0029 
0.0000 0.0088 0.9912 0.0000 
0.0118 0.0412 0.9441 0.0029 
0.2118 0.3471 0.3324 0.1088 
0.0471 0.0824 0.8588 0.0118 
0.0088 0.0235 0.9647 0.0029 
0.1382 0.0206 0.8412 0.0000 
0.1912 0.0088 0.8000 0.0000 
0.2706 0.4059 0.2971 0.0265 
0.2529 0.3353 0.2235 0.1882 
0.0000 0.3324 0.3500 0.3176 

MOTIF filter12 
letter-probability matrix: alength= 4 w= 11 nsites= 11 
0.2057 0.1820 0.3522 0.2600 
0.0095 0.4610 0.2388 0.2908 
0.1229 0.5650 0.1371 0.1749 
0.6265 0.0142 0.2931 0.0662 
0.0000 0.8723 0.0047 0.1229 
0.0000 0.0000 0.0000 1.0000 
0.0000 0.0000 0.0000 1.0000 
0.0000 1.0000 0.0000 0.0000 
0.0000 1.0000 0.0000 0.0000 
0.0000 0.0000 0.9976 0.0024 
0.0000 0.1868 0.8132 0.0000 

MOTIF filter13 
letter-probability matrix: alength= 4 w= 19 nsites= 19 
0.3052 0.2300 0.2535 0.2113 
0.2441 0.3052 0.1972 0.2535 
0.2582 0.6244 0.0188 0.0986 
0.2629 0.1737 0.0516 0.5117 
0.2864 0.1549 0.3099 0.2488 
0.6620 0.0141 0.0845 0.2394 
0.1268 0.3052 0.5634 0.0047 
0.0000 0.0000 0.0000 1.0000 
0.0141 0.9859 0.0000 0.0000 
1.0000 0.0000 0.0000 0.0000 
0.0000 0.0000 0.9624 0.0376 
0.0000 1.0000 0.0000 0.0000 
0.9906 0.0000 0.0000 0.0094 
0.3944 0.1784 0.1408 0.2864 
0.4178 0.0610 0.0141 0.5070 
0.3568 0.0892 0.0235 0.5305 
0.3192 0.1127 0.0282 0.5399 
0.0000 0.3286 0.3427 0.3286 
0.2958 0.2394 0.2441 0.2207 

MOTIF filter14 
letter-probability matrix: alength= 4 w= 12 nsites= 12 
0.2515 0.2765 0.2336 0.2384 
0.2884 0.2157 0.2205 0.2753 
0.2849 0.2491 0.2312 0.2348 
1.0000 0.0000 0.0000 0.0000 
0.0000 0.0000 0.0000 1.0000 
0.0000 0.4017 0.0000 0.5983 
1.0000 0.0000 0.0000 0.0000 
1.0000 0.0000 0.0000 0.0000 
0.9440 0.0000 0.0000 0.0560 
0.2610 0.2300 0.2265 0.2825 
0.2431 0.2455 0.2288 0.2825 
0.2193 0.2706 0.2420 0.2682 

MOTIF filter15 
letter-probability matrix: alength= 4 w= 13 nsites= 13 
0.3113 0.2322 0.2612 0.1953 
0.2823 0.3087 0.2216 0.1873 
0.0792 0.1557 0.5409 0.2243 
0.0000 0.8364 0.0106 0.1530 
0.0000 0.8179 0.0000 0.1821 
0.0000 1.0000 0.0000 0.0000 
0.0000 1.0000 0.0000 0.0000 
0.1029 0.0000 0.5963 0.3008 
0.0000 1.0000 0.0000 0.0000 
0.0000 1.0000 0.0000 0.0000 
0.0000 0.8047 0.0000 0.1953 
0.0844 0.8179 0.0000 0.0976 
0.0369 0.6280 0.0580 0.2770 

MOTIF filter16 
letter-probability matrix: alength= 4 w= 11 nsites= 11 
0.4041 0.2233 0.3312 0.0414 
0.0000 0.0000 0.0000 1.0000 
0.0000 0.0000 1.0000 0.0000 
1.0000 0.0000 0.0000 0.0000 
0.0000 0.5076 0.4924 0.0000 
0.0000 0.0000 0.0000 1.0000 
0.0000 1.0000 0.0000 0.0000 
1.0000 0.0000 0.0000 0.0000 
0.0000 0.3693 0.1863 0.4444 
0.2211 0.3715 0.1514 0.2560 
0.2429 0.2277 0.2702 0.2593 

MOTIF filter17 
letter-probability matrix: alength= 4 w= 12 nsites= 12 
0.2389 0.2567 0.2644 0.2400 
0.4278 0.1911 0.2711 0.1100 
0.2256 0.3256 0.3344 0.1144 
0.0000 1.0000 0.0000 0.0000 
1.0000 0.0000 0.0000 0.0000 
0.0000 1.0000 0.0000 0.0000 
0.0000 0.0000 1.0000 0.0000 
0.0000 0.0000 0.0000 1.0000 
0.0000 0.0000 1.0000 0.0000 
0.1444 0.3044 0.3200 0.2311 
0.1511 0.2467 0.1511 0.4511 
0.2378 0.2467 0.2544 0.2611 

MOTIF filter18 
letter-probability matrix: alength= 4 w= 18 nsites= 18 
0.2013 0.3121 0.2685 0.2181 
0.2349 0.2215 0.0000 0.5436 
0.1980 0.6409 0.0671 0.0940 
0.5101 0.1544 0.0470 0.2886 
0.0604 0.9060 0.0268 0.0067 
0.0503 0.0201 0.3188 0.6107 
0.5940 0.1342 0.2584 0.0134 
0.1913 0.1074 0.0302 0.6711 
0.4631 0.4866 0.0101 0.0403 
0.3255 0.3758 0.2315 0.0671 
0.3289 0.2987 0.2785 0.0940 
0.0604 0.5705 0.2953 0.0738 
0.7383 0.0671 0.1208 0.0738 
0.0000 0.1208 0.6107 0.2685 
0.0000 0.5604 0.4396 0.0000 
0.0369 0.1879 0.3624 0.4128 
0.4027 0.2517 0.0034 0.3423 
0.1611 0.1107 0.6074 0.1208 

MOTIF filter19 
letter-probability matrix: alength= 4 w= 16 nsites= 16 
0.2525 0.2335 0.2436 0.2703 
0.2335 0.2597 0.2568 0.2500 
0.1691 0.1089 0.3064 0.4157 
0.1030 0.6949 0.0216 0.1805 
0.0064 0.1195 0.0182 0.8559 
0.9242 0.0263 0.0280 0.0216 
0.2907 0.0203 0.0339 0.6551 
0.4657 0.0186 0.0174 0.4983 
0.4555 0.0140 0.0157 0.5148 
0.6407 0.0157 0.0038 0.3398 
0.0441 0.0326 0.0419 0.8814 
0.8445 0.0161 0.1195 0.0199 
0.1767 0.0275 0.7042 0.0915 
0.3775 0.3242 0.1178 0.1805 
0.2419 0.2788 0.2564 0.2229 
0.2780 0.2479 0.2369 0.2373 

MOTIF filter20 
letter-probability matrix: alength= 4 w= 12 nsites= 12 
0.2291 0.2621 0.2612 0.2476 
0.3932 0.2087 0.2505 0.1476 
0.2194 0.3058 0.3126 0.1621 
0.0000 1.0000 0.0000 0.0000 
1.0000 0.0000 0.0000 0.0000 
0.0000 0.9961 0.0000 0.0039 
0.0126 0.0000 0.9874 0.0000 
0.0000 0.0010 0.0000 0.9990 
0.0000 0.0000 1.0000 0.0000 
0.1660 0.2854 0.3155 0.2330 
0.1699 0.2359 0.1757 0.4184 
0.2330 0.2583 0.2505 0.2583 

MOTIF filter21 
letter-probability matrix: alength= 4 w= 15 nsites= 15 
0.1729 0.2570 0.2757 0.2944 
0.1075 0.1869 0.4252 0.2804 
0.0280 0.4860 0.2850 0.2009 
0.0047 0.8037 0.0654 0.1262 
0.7477 0.0047 0.2430 0.0047 
0.0000 0.9720 0.0140 0.0140 
0.0000 0.0000 0.0000 1.0000 
0.0000 0.0000 0.0000 1.0000 
0.0000 1.0000 0.0000 0.0000 
0.0000 1.0000 0.0000 0.0000 
0.0000 0.0000 0.9813 0.0187 
0.0000 0.1495 0.8411 0.0093 
0.2897 0.1682 0.2944 0.2477 
0.3692 0.1355 0.1963 0.2991 
0.1495 0.2150 0.2897 0.3458 

MOTIF filter22 
letter-probability matrix: alength= 4 w= 14 nsites= 14 
0.1226 0.3044 0.3171 0.2558 
0.3742 0.1543 0.4588 0.0127 
0.5011 0.0063 0.4609 0.0317 
0.0000 1.0000 0.0000 0.0000 
0.0000 0.9450 0.0000 0.0550 
0.9323 0.0085 0.0592 0.0000 
1.0000 0.0000 0.0000 0.0000 
0.0000 0.0000 0.0000 1.0000 
0.0254 0.6744 0.1755 0.1247 
0.7146 0.0000 0.2854 0.0000 
0.0254 0.0571 0.9175 0.0000 
0.1966 0.2812 0.2030 0.3192 
0.2220 0.2347 0.2622 0.2812 
0.2135 0.3066 0.2389 0.2410 

MOTIF filter23 
letter-probability matrix: alength= 4 w= 12 nsites= 12 
0.2331 0.2428 0.2669 0.2572 
0.2508 0.2524 0.2331 0.2637 
0.2556 0.2540 0.2556 0.2347 
0.5418 0.0965 0.3617 0.0000 
0.0000 0.0000 0.0000 1.0000 
0.0000 0.0000 0.0129 0.9871 
0.2765 0.0000 0.6704 0.0531 
0.0000 0.9662 0.0000 0.0338 
0.0338 0.0000 0.9662 0.0000 
0.0611 0.7138 0.0000 0.2251 
1.0000 0.0000 0.0000 0.0000 
1.0000 0.0000 0.0000 0.0000 

MOTIF filter24 
letter-probability matrix: alength= 4 w= 14 nsites= 14 
0.1938 0.2907 0.4360 0.0796 
0.0000 0.0000 0.0000 1.0000 
0.0000 1.0000 0.0000 0.0000 
1.0000 0.0000 0.0000 0.0000 
0.0000 0.0000 0.9965 0.0035 
0.0000 1.0000 0.0000 0.0000 
1.0000 0.0000 0.0000 0.0000 
0.4533 0.1592 0.1142 0.2734 
0.4394 0.0069 0.0035 0.5502 
0.3910 0.0242 0.0000 0.5848 
0.3183 0.0865 0.0000 0.5952 
0.3979 0.1938 0.1938 0.2145 
0.2491 0.3010 0.2042 0.2457 
0.2076 0.3114 0.2595 0.2215 

MOTIF filter25 
letter-probability matrix: alength= 4 w= 16 nsites= 16 
0.2413 0.2503 0.2400 0.2684 
0.2400 0.2516 0.2645 0.2439 
0.2310 0.2619 0.2490 0.2581 
0.5135 0.1110 0.3587 0.0168 
0.0000 0.0000 0.0000 1.0000 
0.0000 0.0000 0.0284 0.9716 
0.2916 0.0000 0.6503 0.0581 
0.0090 0.9239 0.0013 0.0658 
0.0761 0.0000 0.9213 0.0026 
0.0658 0.6903 0.0000 0.2439 
0.9639 0.0361 0.0000 0.0000 
1.0000 0.0000 0.0000 0.0000 
0.0000 0.3587 0.0942 0.5471 
0.2787 0.2490 0.2671 0.2052 
0.2452 0.2103 0.2710 0.2735 
0.2671 0.2181 0.2735 0.2413 

MOTIF filter26 
letter-probability matrix: alength= 4 w= 10 nsites= 10 
0.2321 0.2823 0.2189 0.2667 
0.2392 0.2584 0.2763 0.2261 
0.2847 0.2548 0.2261 0.2344 
0.0598 0.0000 0.0000 0.9402 
0.0000 0.0000 0.0000 1.0000 
0.0000 0.0000 0.0000 1.0000 
0.5825 0.0000 0.4175 0.0000 
1.0000 0.0000 0.0000 0.0000 
0.0000 0.0000 0.0000 1.0000 
0.2201 0.2632 0.2656 0.2512 

MOTIF filter27 
letter-probability matrix: alength= 4 w= 15 nsites= 15 
0.2393 0.2362 0.2454 0.2791 
0.2393 0.2209 0.2883 0.2515 
0.2055 0.2853 0.2699 0.2393 
0.0000 0.8436 0.1564 0.0000 
0.0092 0.9908 0.0000 0.0000 
0.0000 0.0000 1.0000 0.0000 
0.0000 0.0000 1.0000 0.0000 
1.0000 0.0000 0.0000 0.0000 
1.0000 0.0000 0.0000 0.0000 
0.0337 0.0092 0.9571 0.0000 
0.0460 0.2822 0.0092 0.6626 
0.1595 0.1319 0.7086 0.0000 
0.2945 0.2270 0.4417 0.0368 
0.2515 0.3313 0.2546 0.1626 
0.2147 0.2791 0.2485 0.2577 

MOTIF filter28 
letter-probability matrix: alength= 4 w= 16 nsites= 16 
0.2617 0.3087 0.2114 0.2181 
0.2752 0.2517 0.2315 0.2416 
0.3087 0.3523 0.0000 0.3389 
0.0168 0.7517 0.1242 0.1074 
0.0000 0.1678 0.0000 0.8322 
0.0000 0.2785 0.7081 0.0134 
1.0000 0.0000 0.0000 0.0000 
0.0000 0.0000 0.0000 1.0000 
0.0000 0.0000 0.0000 1.0000 
0.0000 0.0000 1.0000 0.0000 
0.0000 0.0000 1.0000 0.0000 
0.0503 0.3758 0.0000 0.5738 
0.0101 0.4396 0.1174 0.4329 
0.1678 0.4396 0.3154 0.0772 
0.4631 0.1544 0.3221 0.0604 
0.1644 0.1141 0.2718 0.4497 

MOTIF filter29 
letter-probability matrix: alength= 4 w= 12 nsites= 12 
0.2809 0.1760 0.1798 0.3633 
0.0037 0.0000 0.0000 0.9963 
0.0000 0.0000 1.0000 0.0000 
0.0000 1.0000 0.0000 0.0000 
0.0000 0.0000 0.0000 1.0000 
0.0000 0.0000 0.9850 0.0150 
1.0000 0.0000 0.0000 0.0000 
0.0112 0.6105 0.2659 0.1124 
0.1648 0.0487 0.0225 0.7640 
0.1798 0.3783 0.0712 0.3708 
0.5393 0.0150 0.2434 0.2022 
0.1461 0.0375 0.5955 0.2210 

MOTIF filter30 
letter-probability matrix: alength= 4 w= 15 nsites= 15 
0.2537 0.2360 0.2566 0.2537 
0.2183 0.2566 0.2684 0.2566 
0.2625 0.0354 0.6372 0.0649 
0.1209 0.0000 0.8142 0.0649 
0.1799 0.0000 0.8201 0.0000 
0.0000 0.0000 1.0000 0.0000 
0.0000 0.0000 1.0000 0.0000 
0.3068 0.5811 0.0000 0.1121 
0.0000 0.0000 1.0000 0.0000 
0.0000 0.0000 1.0000 0.0000 
0.1445 0.0000 0.8555 0.0000 
0.2035 0.0236 0.7729 0.0000 
0.1563 0.6165 0.1386 0.0885 
0.2832 0.1917 0.2861 0.2389 
0.2773 0.2979 0.1947 0.2301 

MOTIF filter31 
letter-probability matrix: alength= 4 w= 15 nsites= 15 
0.2304 0.2827 0.2199 0.2670 
0.1466 0.1937 0.3822 0.2775 
0.0105 0.5288 0.1309 0.3298 
0.0681 0.6178 0.1990 0.1152 
0.7696 0.0052 0.2094 0.0157 
0.0000 0.9948 0.0000 0.0052 
0.0000 0.0000 0.0000 1.0000 
0.0000 0.0000 0.0000 1.0000 
0.0000 1.0000 0.0000 0.0000 
0.0000 1.0000 0.0000 0.0000 
0.0000 0.0000 0.9738 0.0262 
0.0000 0.0890 0.9110 0.0000 
0.2408 0.2199 0.2251 0.3141 
0.0628 0.3246 0.3613 0.2513 
0.2932 0.2356 0.2304 0.2408 

