MEME version 4

ALPHABET= ACGT

Background letter frequencies:
A 0.2500 C 0.2500 G 0.2500 T 0.2500 

MOTIF filter0 
letter-probability matrix: alength= 4 w= 11 nsites= 11 
0.3969 0.2227 0.3402 0.0402 
0.0000 0.0000 0.0000 1.0000 
0.0000 0.0000 1.0000 0.0000 
1.0000 0.0000 0.0000 0.0000 
0.0000 0.5010 0.4990 0.0000 
0.0000 0.0000 0.0000 1.0000 
0.0000 1.0000 0.0000 0.0000 
1.0000 0.0000 0.0000 0.0000 
0.0000 0.3485 0.2299 0.4216 
0.2165 0.3732 0.1680 0.2423 
0.2588 0.2289 0.2680 0.2443 

MOTIF filter1 
letter-probability matrix: alength= 4 w= 16 nsites= 16 
0.3617 0.3745 0.2596 0.0043 
0.2255 0.2766 0.2340 0.2638 
0.2085 0.3064 0.2681 0.2170 
0.0255 0.7957 0.0851 0.0936 
0.0000 0.1447 0.0043 0.8511 
0.0000 0.2426 0.7574 0.0000 
1.0000 0.0000 0.0000 0.0000 
0.0000 0.0000 0.0000 1.0000 
0.0000 0.0000 0.0000 1.0000 
0.0000 0.0000 1.0000 0.0000 
0.0000 0.0000 1.0000 0.0000 
0.0468 0.4085 0.0043 0.5404 
0.0213 0.4553 0.1021 0.4213 
0.1404 0.4255 0.3362 0.0979 
0.5149 0.1404 0.2553 0.0894 
0.1277 0.1702 0.1702 0.5319 

MOTIF filter2 
letter-probability matrix: alength= 4 w= 14 nsites= 14 
0.2406 0.2125 0.2937 0.2531 
0.2844 0.0562 0.5906 0.0688 
0.1125 0.0000 0.8344 0.0531 
0.1688 0.0000 0.8313 0.0000 
0.0000 0.0000 1.0000 0.0000 
0.0000 0.0000 1.0000 0.0000 
0.2937 0.5750 0.0000 0.1312 
0.0000 0.0000 1.0000 0.0000 
0.0000 0.0000 1.0000 0.0000 
0.1500 0.0000 0.8500 0.0000 
0.1437 0.0469 0.8094 0.0000 
0.2500 0.5656 0.1281 0.0562 
0.2812 0.1906 0.3125 0.2156 
0.2219 0.3094 0.2219 0.2469 

MOTIF filter3 
letter-probability matrix: alength= 4 w= 15 nsites= 15 
0.2715 0.2152 0.2450 0.2682 
0.2417 0.2351 0.2947 0.2285 
0.2219 0.2517 0.2517 0.2748 
0.0000 0.8775 0.1225 0.0000 
0.0331 0.9669 0.0000 0.0000 
0.0000 0.0000 1.0000 0.0000 
0.0000 0.0000 1.0000 0.0000 
1.0000 0.0000 0.0000 0.0000 
1.0000 0.0000 0.0000 0.0000 
0.0364 0.0066 0.9570 0.0000 
0.0232 0.3146 0.0033 0.6589 
0.1755 0.0530 0.7185 0.0530 
0.2351 0.2550 0.5066 0.0033 
0.2020 0.3742 0.2815 0.1424 
0.1987 0.2914 0.2649 0.2450 

MOTIF filter4 
letter-probability matrix: alength= 4 w= 20 nsites= 20 
0.2983 0.2237 0.2136 0.2644 
0.2847 0.2542 0.2576 0.2034 
0.2475 0.2915 0.1966 0.2644 
0.2847 0.6136 0.0068 0.0949 
0.2339 0.1661 0.0305 0.5695 
0.2915 0.1322 0.3220 0.2542 
0.5966 0.0542 0.1017 0.2475 
0.1424 0.3356 0.4983 0.0237 
0.0000 0.0000 0.0000 1.0000 
0.0203 0.9797 0.0000 0.0000 
1.0000 0.0000 0.0000 0.0000 
0.0000 0.0000 0.9797 0.0203 
0.0000 1.0000 0.0000 0.0000 
0.9831 0.0000 0.0000 0.0169 
0.4373 0.1797 0.1356 0.2475 
0.4441 0.0508 0.0068 0.4983 
0.3966 0.0746 0.0068 0.5220 
0.3254 0.0915 0.0203 0.5627 
0.2475 0.2441 0.2542 0.2542 
0.2915 0.2712 0.2169 0.2203 

MOTIF filter5 
letter-probability matrix: alength= 4 w= 14 nsites= 14 
0.1478 0.1792 0.3899 0.2830 
0.0346 0.4969 0.2107 0.2579 
0.1101 0.6195 0.1164 0.1541 
0.6855 0.0094 0.2704 0.0346 
0.0000 0.9528 0.0000 0.0472 
0.0000 0.0000 0.0000 1.0000 
0.0000 0.0000 0.0000 1.0000 
0.0000 1.0000 0.0000 0.0000 
0.0000 1.0000 0.0000 0.0000 
0.0000 0.0000 1.0000 0.0000 
0.0000 0.0786 0.9088 0.0126 
0.2987 0.1824 0.2075 0.3113 
0.2736 0.2138 0.2610 0.2516 
0.2170 0.2327 0.2704 0.2799 

MOTIF filter6 
letter-probability matrix: alength= 4 w= 16 nsites= 16 
0.4525 0.2291 0.1508 0.1676 
0.0642 0.3799 0.1089 0.4469 
0.0782 0.3240 0.3631 0.2346 
0.4274 0.1117 0.4609 0.0000 
0.5726 0.0056 0.3799 0.0419 
0.0000 1.0000 0.0000 0.0000 
0.0000 1.0000 0.0000 0.0000 
1.0000 0.0000 0.0000 0.0000 
1.0000 0.0000 0.0000 0.0000 
0.0000 0.0000 0.0000 1.0000 
0.0196 0.7793 0.2011 0.0000 
0.8464 0.0028 0.1508 0.0000 
0.0587 0.0642 0.8715 0.0056 
0.2067 0.2933 0.2458 0.2542 
0.2849 0.1872 0.2709 0.2570 
0.2346 0.2793 0.2263 0.2598 

MOTIF filter7 
letter-probability matrix: alength= 4 w= 15 nsites= 15 
0.2765 0.2430 0.2039 0.2765 
0.2584 0.2598 0.2207 0.2612 
0.1341 0.1885 0.1313 0.5461 
0.0000 0.0000 0.0000 1.0000 
0.0000 0.0000 0.0000 1.0000 
0.0223 0.9777 0.0000 0.0000 
0.0000 0.8855 0.0000 0.1145 
0.2277 0.2472 0.2011 0.3240 
0.2444 0.0000 0.7486 0.0070 
0.0000 0.0000 0.9539 0.0461 
0.9986 0.0014 0.0000 0.0000 
1.0000 0.0000 0.0000 0.0000 
0.5447 0.1243 0.2025 0.1285 
0.2416 0.2668 0.2584 0.2332 
0.2682 0.2472 0.2472 0.2374 

MOTIF filter8 
letter-probability matrix: alength= 4 w= 17 nsites= 17 
0.2074 0.1843 0.1152 0.4931 
0.2903 0.1521 0.3364 0.2212 
0.7926 0.0276 0.0691 0.1106 
0.1521 0.3041 0.5161 0.0276 
0.0000 0.0000 0.0000 1.0000 
0.0092 0.9908 0.0000 0.0000 
1.0000 0.0000 0.0000 0.0000 
0.0000 0.0000 0.9954 0.0046 
0.0000 1.0000 0.0000 0.0000 
1.0000 0.0000 0.0000 0.0000 
0.5253 0.1060 0.0645 0.3041 
0.4194 0.0184 0.0092 0.5530 
0.3733 0.0276 0.0000 0.5991 
0.2857 0.1014 0.0138 0.5991 
0.3180 0.1797 0.2719 0.2304 
0.2488 0.3088 0.2074 0.2350 
0.2258 0.3134 0.2304 0.2304 

MOTIF filter9 
letter-probability matrix: alength= 4 w= 15 nsites= 15 
0.2910 0.2387 0.2162 0.2542 
0.2625 0.2577 0.2280 0.2518 
0.1271 0.2126 0.1532 0.5071 
0.0000 0.0024 0.0000 0.9976 
0.0000 0.0000 0.0143 0.9857 
0.0641 0.9359 0.0000 0.0000 
0.0178 0.7458 0.0000 0.2363 
0.2767 0.1912 0.2720 0.2601 
0.1722 0.0000 0.8278 0.0000 
0.0000 0.0000 0.9644 0.0356 
1.0000 0.0000 0.0000 0.0000 
1.0000 0.0000 0.0000 0.0000 
0.5380 0.1010 0.2067 0.1544 
0.2352 0.2803 0.2411 0.2435 
0.2577 0.2280 0.2672 0.2470 

MOTIF filter10 
letter-probability matrix: alength= 4 w= 9 nsites= 9 
0.3076 0.3705 0.0000 0.3219 
0.3058 0.2140 0.2140 0.2662 
0.2752 0.2662 0.2284 0.2302 
1.0000 0.0000 0.0000 0.0000 
0.0000 0.0000 0.0000 1.0000 
0.0000 0.4514 0.0000 0.5486 
1.0000 0.0000 0.0000 0.0000 
1.0000 0.0000 0.0000 0.0000 
0.9856 0.0000 0.0000 0.0144 

MOTIF filter11 
letter-probability matrix: alength= 4 w= 13 nsites= 13 
0.2464 0.2792 0.2245 0.2500 
0.2391 0.2318 0.2993 0.2299 
0.0967 0.0383 0.3577 0.5073 
0.0292 0.9453 0.0000 0.0255 
0.0000 0.0000 0.0000 1.0000 
1.0000 0.0000 0.0000 0.0000 
0.3540 0.0000 0.0000 0.6460 
0.6150 0.0000 0.0000 0.3850 
0.7263 0.0000 0.0000 0.2737 
0.8650 0.0000 0.0000 0.1350 
0.0000 0.0000 0.0000 1.0000 
1.0000 0.0000 0.0000 0.0000 
0.0675 0.0000 0.9288 0.0036 

MOTIF filter12 
letter-probability matrix: alength= 4 w= 14 nsites= 14 
0.1903 0.2630 0.2561 0.2907 
0.1315 0.1869 0.3841 0.2976 
0.0035 0.5087 0.2422 0.2457 
0.0381 0.6920 0.1384 0.1315 
0.7958 0.0069 0.1938 0.0035 
0.0000 0.9619 0.0104 0.0277 
0.0000 0.0000 0.0000 1.0000 
0.0000 0.0000 0.0000 1.0000 
0.0000 1.0000 0.0000 0.0000 
0.0000 1.0000 0.0000 0.0000 
0.0000 0.0000 0.9654 0.0346 
0.0000 0.1730 0.8235 0.0035 
0.2318 0.1869 0.2872 0.2941 
0.2422 0.2491 0.2318 0.2768 

MOTIF filter13 
letter-probability matrix: alength= 4 w= 12 nsites= 12 
0.2514 0.2541 0.2528 0.2417 
0.3382 0.2208 0.2557 0.1853 
0.2525 0.2876 0.2782 0.1816 
0.0551 0.8772 0.0519 0.0158 
0.8609 0.0303 0.0579 0.0510 
0.0165 0.8593 0.0438 0.0803 
0.0815 0.0418 0.8388 0.0379 
0.0500 0.0588 0.0138 0.8774 
0.0170 0.0289 0.9001 0.0539 
0.1986 0.2817 0.2835 0.2362 
0.2073 0.2711 0.1926 0.3290 
0.2461 0.2521 0.2505 0.2514 

MOTIF filter14 
letter-probability matrix: alength= 4 w= 16 nsites= 16 
0.2287 0.2566 0.2487 0.2660 
0.2434 0.2646 0.2527 0.2394 
0.2314 0.2633 0.2500 0.2553 
0.5213 0.1197 0.3551 0.0040 
0.0000 0.0000 0.0000 1.0000 
0.0000 0.0000 0.0213 0.9787 
0.3019 0.0000 0.6277 0.0705 
0.0000 0.9375 0.0000 0.0625 
0.0811 0.0000 0.9189 0.0000 
0.0678 0.6981 0.0000 0.2340 
0.9854 0.0146 0.0000 0.0000 
1.0000 0.0000 0.0000 0.0000 
0.0053 0.3590 0.1223 0.5133 
0.2793 0.2487 0.2699 0.2021 
0.2340 0.2141 0.2673 0.2846 
0.2566 0.2340 0.2660 0.2434 

MOTIF filter15 
letter-probability matrix: alength= 4 w= 15 nsites= 15 
0.2531 0.2822 0.2407 0.2241 
0.2241 0.2365 0.2988 0.2407 
0.0000 0.8340 0.0664 0.0996 
0.0000 0.2116 0.0166 0.7718 
0.0000 0.2199 0.7386 0.0415 
1.0000 0.0000 0.0000 0.0000 
0.0000 0.0000 0.0000 1.0000 
0.0000 0.0000 0.0000 1.0000 
0.0000 0.0000 1.0000 0.0000 
0.0000 0.0000 1.0000 0.0000 
0.0373 0.3942 0.0124 0.5560 
0.0041 0.4066 0.1328 0.4564 
0.2241 0.4896 0.2199 0.0664 
0.4647 0.1494 0.3444 0.0415 
0.1826 0.1162 0.2656 0.4357 

MOTIF filter16 
letter-probability matrix: alength= 4 w= 15 nsites= 15 
0.2931 0.2621 0.2517 0.1931 
0.2897 0.3241 0.2276 0.1586 
0.0966 0.1690 0.5345 0.2000 
0.0000 0.9034 0.0000 0.0966 
0.0000 0.8345 0.0000 0.1655 
0.0000 1.0000 0.0000 0.0000 
0.0000 1.0000 0.0000 0.0000 
0.0828 0.0000 0.6379 0.2793 
0.0000 1.0000 0.0000 0.0000 
0.0000 1.0000 0.0000 0.0000 
0.0000 0.8034 0.0000 0.1966 
0.0552 0.8828 0.0000 0.0621 
0.0276 0.6586 0.0310 0.2828 
0.3069 0.1897 0.2483 0.2552 
0.2862 0.2172 0.2379 0.2586 

MOTIF filter17 
letter-probability matrix: alength= 4 w= 11 nsites= 11 
0.2341 0.2070 0.3188 0.2402 
0.2550 0.2838 0.2236 0.2376 
0.2751 0.2227 0.2271 0.2751 
0.5249 0.0000 0.0000 0.4751 
0.0000 0.0000 0.0000 1.0000 
0.0000 0.0000 0.0000 1.0000 
0.7808 0.0000 0.2192 0.0000 
1.0000 0.0000 0.0000 0.0000 
0.0210 0.0000 0.0000 0.9790 
0.2603 0.2533 0.2419 0.2445 
0.2288 0.2594 0.2690 0.2428 

MOTIF filter18 
letter-probability matrix: alength= 4 w= 17 nsites= 17 
0.2576 0.2380 0.2555 0.2489 
0.2467 0.2686 0.2576 0.2271 
0.2293 0.2817 0.2445 0.2445 
0.0611 0.0109 0.3297 0.5983 
0.0000 0.9148 0.0000 0.0852 
0.0000 0.0000 0.0000 1.0000 
1.0000 0.0000 0.0000 0.0000 
0.0328 0.0000 0.0044 0.9629 
0.1638 0.0000 0.0000 0.8362 
0.2729 0.0000 0.0000 0.7271 
0.5218 0.0022 0.0000 0.4760 
0.0000 0.0000 0.0000 1.0000 
0.9956 0.0000 0.0044 0.0000 
0.0044 0.0000 0.9520 0.0437 
0.4258 0.4105 0.0459 0.1179 
0.2598 0.2489 0.3122 0.1790 
0.2751 0.2489 0.2140 0.2620 

MOTIF filter19 
letter-probability matrix: alength= 4 w= 16 nsites= 16 
0.2360 0.2714 0.2301 0.2625 
0.2537 0.2360 0.2625 0.2478 
0.2330 0.2861 0.2242 0.2566 
0.5221 0.0177 0.1091 0.3510 
0.6401 0.0177 0.0383 0.3038 
0.4631 0.0000 0.0206 0.5162 
0.3038 0.1740 0.1298 0.3923 
0.0059 0.0000 0.0000 0.9941 
0.0000 0.0000 1.0000 0.0000 
0.0206 0.9794 0.0000 0.0000 
0.0000 0.0000 0.0000 1.0000 
0.0000 0.0000 0.9941 0.0059 
1.0000 0.0000 0.0000 0.0000 
0.0324 0.5192 0.3097 0.1386 
0.1799 0.1121 0.0442 0.6637 
0.1770 0.3776 0.1003 0.3451 

MOTIF filter20 
letter-probability matrix: alength= 4 w= 16 nsites= 16 
0.2675 0.2575 0.2425 0.2325 
0.2438 0.2775 0.2325 0.2463 
0.1037 0.0600 0.3525 0.4837 
0.0288 0.9112 0.0000 0.0600 
0.0000 0.0025 0.0000 0.9975 
1.0000 0.0000 0.0000 0.0000 
0.2887 0.0000 0.0037 0.7075 
0.4888 0.0012 0.0000 0.5100 
0.5850 0.0000 0.0000 0.4150 
0.7262 0.0000 0.0000 0.2738 
0.0000 0.0000 0.0000 1.0000 
0.9987 0.0000 0.0012 0.0000 
0.0875 0.0000 0.9050 0.0075 
0.4787 0.3725 0.0350 0.1138 
0.2937 0.2200 0.2537 0.2325 
0.2562 0.2675 0.2362 0.2400 

MOTIF filter21 
letter-probability matrix: alength= 4 w= 17 nsites= 17 
0.2203 0.2463 0.2661 0.2673 
0.2005 0.2908 0.2797 0.2290 
0.2859 0.2413 0.2265 0.2463 
0.1522 0.0668 0.0371 0.7438 
0.0297 0.0842 0.6671 0.2191 
0.4158 0.3899 0.0730 0.1213 
0.0000 1.0000 0.0000 0.0000 
0.0000 0.9988 0.0000 0.0012 
0.8354 0.0000 0.0037 0.1609 
0.0111 0.0000 0.0000 0.9889 
0.9988 0.0012 0.0000 0.0000 
0.0000 0.0000 0.0012 0.9988 
0.9926 0.0000 0.0000 0.0074 
0.1374 0.0025 0.0000 0.8601 
0.0012 0.0087 0.9901 0.0000 
0.0000 0.0000 0.9988 0.0012 
0.1002 0.0668 0.3948 0.4381 

MOTIF filter22 
letter-probability matrix: alength= 4 w= 11 nsites= 11 
0.2443 0.2339 0.2599 0.2620 
0.2339 0.1611 0.3960 0.2089 
0.4054 0.2173 0.3773 0.0000 
0.0000 0.0000 0.0000 1.0000 
0.0000 0.0000 1.0000 0.0000 
1.0000 0.0000 0.0000 0.0000 
0.0052 0.4906 0.5042 0.0000 
0.0000 0.0000 0.0000 1.0000 
0.0021 0.9979 0.0000 0.0000 
1.0000 0.0000 0.0000 0.0000 
0.0073 0.3337 0.2547 0.4044 

MOTIF filter23 
letter-probability matrix: alength= 4 w= 12 nsites= 12 
0.2077 0.2570 0.2289 0.3063 
0.2782 0.2007 0.2465 0.2746 
0.2254 0.2465 0.2817 0.2465 
0.0035 0.9120 0.0845 0.0000 
0.0000 1.0000 0.0000 0.0000 
0.0000 0.0000 1.0000 0.0000 
0.0000 0.0000 1.0000 0.0000 
1.0000 0.0000 0.0000 0.0000 
1.0000 0.0000 0.0000 0.0000 
0.0211 0.0000 0.9789 0.0000 
0.0106 0.2641 0.0000 0.7254 
0.1796 0.0986 0.6831 0.0387 

MOTIF filter24 
letter-probability matrix: alength= 4 w= 14 nsites= 14 
0.2674 0.2894 0.2344 0.2088 
0.2271 0.2308 0.2491 0.2930 
0.0037 0.8901 0.0623 0.0440 
0.0000 0.1575 0.0000 0.8425 
0.0000 0.2418 0.7509 0.0073 
1.0000 0.0000 0.0000 0.0000 
0.0000 0.0000 0.0000 1.0000 
0.0000 0.0000 0.0000 1.0000 
0.0000 0.0000 1.0000 0.0000 
0.0000 0.0000 1.0000 0.0000 
0.0623 0.3883 0.0073 0.5421 
0.0073 0.4505 0.1538 0.3883 
0.1832 0.4359 0.3407 0.0403 
0.4689 0.0989 0.3700 0.0623 

MOTIF filter25 
letter-probability matrix: alength= 4 w= 15 nsites= 15 
0.2832 0.2389 0.1947 0.2832 
0.1726 0.3142 0.2345 0.2788 
0.2301 0.2522 0.2611 0.2566 
0.2699 0.0531 0.6283 0.0487 
0.0575 0.0000 0.8894 0.0531 
0.1372 0.0000 0.8628 0.0000 
0.0000 0.0000 1.0000 0.0000 
0.0000 0.0000 1.0000 0.0000 
0.2434 0.6018 0.0000 0.1549 
0.0000 0.0000 1.0000 0.0000 
0.0000 0.0000 1.0000 0.0000 
0.0841 0.0000 0.9115 0.0044 
0.1549 0.0044 0.8407 0.0000 
0.1814 0.6637 0.1327 0.0221 
0.3009 0.2611 0.2611 0.1770 

MOTIF filter26 
letter-probability matrix: alength= 4 w= 18 nsites= 18 
0.2275 0.2446 0.2594 0.2685 
0.2116 0.2765 0.2776 0.2344 
0.2912 0.2378 0.2241 0.2469 
0.1627 0.0717 0.0398 0.7258 
0.0330 0.0910 0.6610 0.2150 
0.4118 0.3914 0.0717 0.1251 
0.0023 0.9943 0.0023 0.0011 
0.0000 0.9875 0.0034 0.0091 
0.8282 0.0034 0.0091 0.1593 
0.0228 0.0000 0.0011 0.9761 
0.9966 0.0011 0.0023 0.0000 
0.0000 0.0011 0.0011 0.9977 
0.9863 0.0000 0.0000 0.0137 
0.1570 0.0046 0.0011 0.8373 
0.0034 0.0091 0.9875 0.0000 
0.0011 0.0011 0.9954 0.0023 
0.1115 0.0671 0.3834 0.4380 
0.2241 0.6496 0.0910 0.0353 

MOTIF filter27 
letter-probability matrix: alength= 4 w= 20 nsites= 20 
0.2621 0.2709 0.2379 0.2291 
0.1256 0.2269 0.0396 0.6079 
0.1916 0.6696 0.0022 0.1366 
0.3282 0.1410 0.4648 0.0661 
0.4251 0.4141 0.1608 0.0000 
0.2379 0.2247 0.5022 0.0352 
0.0396 0.3194 0.3194 0.3216 
0.0286 0.3018 0.5286 0.1410 
0.0000 0.0022 0.4075 0.5903 
0.3899 0.2048 0.1013 0.3040 
0.0881 0.6872 0.0727 0.1520 
0.0991 0.0595 0.2225 0.6189 
0.4075 0.4031 0.1410 0.0485 
0.0903 0.1344 0.3678 0.4075 
0.3722 0.1608 0.1718 0.2952 
0.0044 0.2070 0.7885 0.0000 
0.0000 0.2907 0.1982 0.5110 
0.0264 0.2511 0.0000 0.7225 
0.0837 0.5374 0.0485 0.3304 
0.0485 0.1233 0.2709 0.5573 

MOTIF filter28 
letter-probability matrix: alength= 4 w= 19 nsites= 19 
0.3063 0.4563 0.2375 0.0000 
0.1437 0.1688 0.6187 0.0688 
0.3063 0.1813 0.4812 0.0312 
0.7250 0.1125 0.0500 0.1125 
0.3750 0.1688 0.3750 0.0812 
0.1750 0.1187 0.4500 0.2562 
0.4688 0.0000 0.5188 0.0125 
0.1625 0.7375 0.1000 0.0000 
0.2500 0.1688 0.3313 0.2500 
0.0000 0.2438 0.0500 0.7063 
0.2750 0.0437 0.0562 0.6250 
0.0000 0.1500 0.8000 0.0500 
0.0812 0.1125 0.3000 0.5063 
0.0000 0.2000 0.1063 0.6938 
0.3625 0.1562 0.4437 0.0375 
0.1250 0.1187 0.0875 0.6687 
0.3313 0.0063 0.5437 0.1187 
0.9187 0.0188 0.0312 0.0312 
0.4812 0.1750 0.3187 0.0250 

MOTIF filter29 
letter-probability matrix: alength= 4 w= 16 nsites= 16 
0.2308 0.2267 0.2915 0.2510 
0.2713 0.1417 0.2672 0.3198 
0.2308 0.2267 0.2915 0.2510 
0.1984 0.0364 0.7166 0.0486 
0.1296 0.0000 0.8138 0.0567 
0.1457 0.0000 0.8543 0.0000 
0.0000 0.0000 1.0000 0.0000 
0.0000 0.0000 1.0000 0.0000 
0.3482 0.5668 0.0000 0.0850 
0.0000 0.0000 1.0000 0.0000 
0.0000 0.0000 1.0000 0.0000 
0.1215 0.0000 0.8745 0.0040 
0.1417 0.0081 0.8502 0.0000 
0.0810 0.5911 0.2186 0.1093 
0.3077 0.1538 0.2834 0.2551 
0.2632 0.2874 0.2308 0.2186 

MOTIF filter30 
letter-probability matrix: alength= 4 w= 16 nsites= 16 
0.2571 0.2667 0.1905 0.2857 
0.1492 0.6857 0.1238 0.0413 
1.0000 0.0000 0.0000 0.0000 
0.9841 0.0000 0.0159 0.0000 
0.4286 0.0698 0.4857 0.0159 
1.0000 0.0000 0.0000 0.0000 
0.0000 0.0000 0.0000 1.0000 
0.0000 0.0000 1.0000 0.0000 
0.0000 0.0000 1.0000 0.0000 
0.0476 0.8794 0.0000 0.0730 
0.1238 0.1873 0.4349 0.2540 
0.0762 0.0508 0.8127 0.0603 
0.1206 0.7810 0.0222 0.0762 
0.2635 0.2222 0.2190 0.2952 
0.2254 0.2476 0.3079 0.2190 
0.2571 0.2222 0.2952 0.2254 

MOTIF filter31 
letter-probability matrix: alength= 4 w= 16 nsites= 16 
0.3026 0.2305 0.3055 0.1614 
0.2594 0.2939 0.2190 0.2277 
0.0461 0.2017 0.5187 0.2334 
0.0000 0.8012 0.0548 0.1441 
0.0029 0.8847 0.0000 0.1124 
0.0000 1.0000 0.0000 0.0000 
0.0000 1.0000 0.0000 0.0000 
0.0836 0.0000 0.6369 0.2795 
0.0000 1.0000 0.0000 0.0000 
0.0000 1.0000 0.0000 0.0000 
0.0000 0.8271 0.0000 0.1729 
0.0490 0.8703 0.0000 0.0807 
0.0519 0.6254 0.0663 0.2565 
0.2248 0.2622 0.2421 0.2709 
0.2622 0.2680 0.2248 0.2450 
0.2133 0.2968 0.2709 0.2190 

