MEME version 4

ALPHABET= ACGT

Background letter frequencies:
A 0.2500 C 0.2500 G 0.2500 T 0.2500 

MOTIF filter0 
letter-probability matrix: alength= 4 w= 17 nsites= 17 
0.2372 0.2190 0.2920 0.2518 
0.2153 0.2372 0.2774 0.2701 
0.2445 0.2518 0.2591 0.2445 
0.2518 0.0292 0.6058 0.1131 
0.1241 0.0000 0.8321 0.0438 
0.1387 0.0000 0.8613 0.0000 
0.0000 0.0000 1.0000 0.0000 
0.0000 0.0000 1.0000 0.0000 
0.3102 0.5839 0.0000 0.1058 
0.0000 0.0000 1.0000 0.0000 
0.0000 0.0000 1.0000 0.0000 
0.1350 0.0000 0.8650 0.0000 
0.0949 0.0146 0.8905 0.0000 
0.1350 0.6314 0.1825 0.0511 
0.3066 0.1971 0.2591 0.2372 
0.2007 0.2993 0.2299 0.2701 
0.2518 0.2372 0.2737 0.2372 

MOTIF filter1 
letter-probability matrix: alength= 4 w= 15 nsites= 15 
0.2615 0.3440 0.1743 0.2202 
0.2477 0.2156 0.2615 0.2752 
0.2431 0.2339 0.2569 0.2661 
0.0000 0.7982 0.1009 0.1009 
0.0000 0.1560 0.0000 0.8440 
0.0000 0.2477 0.7156 0.0367 
1.0000 0.0000 0.0000 0.0000 
0.0000 0.0000 0.0000 1.0000 
0.0000 0.0000 0.0000 1.0000 
0.0000 0.0000 1.0000 0.0000 
0.0000 0.0000 1.0000 0.0000 
0.1009 0.3716 0.0000 0.5275 
0.0000 0.0000 0.2064 0.7936 
0.1927 0.4128 0.3257 0.0688 
0.4037 0.1606 0.3486 0.0872 

MOTIF filter2 
letter-probability matrix: alength= 4 w= 15 nsites= 15 
0.1926 0.5608 0.1655 0.0811 
0.9966 0.0000 0.0034 0.0000 
0.9831 0.0000 0.0169 0.0000 
0.4291 0.0845 0.4764 0.0101 
1.0000 0.0000 0.0000 0.0000 
0.0000 0.0000 0.0000 1.0000 
0.0000 0.0000 1.0000 0.0000 
0.0000 0.0000 1.0000 0.0000 
0.0541 0.8682 0.0034 0.0743 
0.1351 0.1757 0.4527 0.2365 
0.0405 0.0473 0.8615 0.0507 
0.0946 0.8311 0.0101 0.0642 
0.2635 0.2162 0.2399 0.2804 
0.2230 0.2432 0.2939 0.2399 
0.2804 0.2196 0.2872 0.2128 

MOTIF filter3 
letter-probability matrix: alength= 4 w= 14 nsites= 14 
0.2819 0.2493 0.1929 0.2760 
0.1988 0.1810 0.0237 0.5964 
0.0000 0.0000 0.0000 1.0000 
0.0000 0.0000 0.0000 1.0000 
0.0000 1.0000 0.0000 0.0000 
0.0000 1.0000 0.0000 0.0000 
0.0089 0.4659 0.0000 0.5252 
0.4273 0.0000 0.5549 0.0178 
0.0000 0.0000 0.9050 0.0950 
0.9852 0.0148 0.0000 0.0000 
1.0000 0.0000 0.0000 0.0000 
0.4926 0.1721 0.2463 0.0890 
0.2404 0.2671 0.2760 0.2166 
0.2552 0.2344 0.2226 0.2878 

MOTIF filter4 
letter-probability matrix: alength= 4 w= 15 nsites= 15 
0.2429 0.2805 0.2416 0.2351 
0.2325 0.2818 0.2584 0.2273 
0.1000 0.0494 0.3545 0.4961 
0.0299 0.9078 0.0000 0.0623 
0.0000 0.0000 0.0000 1.0000 
1.0000 0.0000 0.0000 0.0000 
0.3000 0.0000 0.0000 0.7000 
0.5026 0.0000 0.0000 0.4974 
0.5961 0.0000 0.0000 0.4039 
0.7481 0.0000 0.0000 0.2519 
0.0000 0.0000 0.0000 1.0000 
1.0000 0.0000 0.0000 0.0000 
0.0740 0.0000 0.9234 0.0026 
0.4662 0.3610 0.0403 0.1325 
0.2857 0.2247 0.2597 0.2299 

MOTIF filter5 
letter-probability matrix: alength= 4 w= 14 nsites= 14 
0.1272 0.2036 0.4097 0.2595 
0.0000 0.8499 0.0178 0.1323 
0.0000 0.8397 0.0000 0.1603 
0.0000 1.0000 0.0000 0.0000 
0.0000 1.0000 0.0000 0.0000 
0.0891 0.0000 0.6209 0.2901 
0.0000 1.0000 0.0000 0.0000 
0.0000 1.0000 0.0000 0.0000 
0.0000 0.8244 0.0000 0.1756 
0.0560 0.7379 0.0000 0.2061 
0.0407 0.6361 0.0458 0.2774 
0.2723 0.2316 0.2595 0.2366 
0.2748 0.2443 0.2316 0.2494 
0.2265 0.3181 0.2214 0.2341 

MOTIF filter6 
letter-probability matrix: alength= 4 w= 12 nsites= 12 
0.2475 0.2803 0.2083 0.2639 
0.2574 0.2443 0.2639 0.2345 
0.2694 0.2454 0.2454 0.2399 
0.1461 0.0000 0.0000 0.8539 
0.0000 0.0000 0.0000 1.0000 
0.0000 0.0000 0.0000 1.0000 
0.6227 0.0000 0.3773 0.0000 
1.0000 0.0000 0.0000 0.0000 
0.0000 0.0000 0.0000 1.0000 
0.2203 0.2661 0.2715 0.2421 
0.2519 0.2694 0.2443 0.2345 
0.2377 0.2225 0.2650 0.2748 

MOTIF filter7 
letter-probability matrix: alength= 4 w= 12 nsites= 12 
0.2454 0.2768 0.2249 0.2530 
0.2973 0.2270 0.2173 0.2584 
0.2941 0.2400 0.2314 0.2346 
1.0000 0.0000 0.0000 0.0000 
0.0000 0.0000 0.0000 1.0000 
0.0000 0.3795 0.0000 0.6205 
1.0000 0.0000 0.0000 0.0000 
1.0000 0.0000 0.0000 0.0000 
0.8746 0.0000 0.0000 0.1254 
0.2465 0.2259 0.2357 0.2919 
0.2519 0.2616 0.2227 0.2638 
0.2270 0.2562 0.2486 0.2681 

MOTIF filter8 
letter-probability matrix: alength= 4 w= 13 nsites= 13 
0.2344 0.2576 0.2393 0.2686 
0.2442 0.2625 0.2613 0.2320 
0.2357 0.2613 0.2491 0.2540 
0.5153 0.1245 0.3529 0.0073 
0.0000 0.0000 0.0000 1.0000 
0.0000 0.0000 0.0232 0.9768 
0.2943 0.0000 0.6313 0.0745 
0.0037 0.9243 0.0000 0.0720 
0.0842 0.0000 0.9158 0.0000 
0.0806 0.6691 0.0000 0.2503 
0.9670 0.0330 0.0000 0.0000 
1.0000 0.0000 0.0000 0.0000 
0.0061 0.3675 0.1306 0.4957 

MOTIF filter9 
letter-probability matrix: alength= 4 w= 13 nsites= 13 
0.2437 0.2327 0.2628 0.2608 
0.2297 0.1675 0.3982 0.2046 
0.3972 0.2257 0.3611 0.0160 
0.0000 0.0000 0.0000 1.0000 
0.0000 0.0000 1.0000 0.0000 
1.0000 0.0000 0.0000 0.0000 
0.0040 0.4995 0.4965 0.0000 
0.0000 0.0000 0.0000 1.0000 
0.0000 1.0000 0.0000 0.0000 
1.0000 0.0000 0.0000 0.0000 
0.0090 0.3320 0.2558 0.4032 
0.2197 0.3601 0.1866 0.2337 
0.2578 0.2217 0.2708 0.2497 

MOTIF filter10 
letter-probability matrix: alength= 4 w= 15 nsites= 15 
0.2784 0.2510 0.2039 0.2667 
0.2431 0.2549 0.2706 0.2314 
0.2510 0.2510 0.2588 0.2392 
0.0000 0.9137 0.0863 0.0000 
0.0118 0.9882 0.0000 0.0000 
0.0000 0.0000 1.0000 0.0000 
0.0000 0.0000 1.0000 0.0000 
1.0000 0.0000 0.0000 0.0000 
1.0000 0.0000 0.0000 0.0000 
0.0275 0.0000 0.9725 0.0000 
0.0039 0.2863 0.0078 0.7020 
0.1569 0.0510 0.7529 0.0392 
0.2431 0.2275 0.5216 0.0078 
0.1843 0.4039 0.2275 0.1843 
0.2039 0.2784 0.2784 0.2392 

MOTIF filter11 
letter-probability matrix: alength= 4 w= 16 nsites= 16 
0.2412 0.2412 0.2588 0.2588 
0.2618 0.2294 0.2353 0.2735 
0.1912 0.2853 0.2706 0.2529 
0.2706 0.0618 0.6676 0.0000 
0.1324 0.0000 0.7971 0.0706 
0.1647 0.0000 0.8353 0.0000 
0.0000 0.0000 1.0000 0.0000 
0.0000 0.0000 1.0000 0.0000 
0.3059 0.5382 0.0000 0.1559 
0.0029 0.0000 0.9971 0.0000 
0.0000 0.0000 1.0000 0.0000 
0.1353 0.0000 0.8647 0.0000 
0.2765 0.0176 0.7059 0.0000 
0.2118 0.5353 0.1618 0.0912 
0.2765 0.2000 0.3059 0.2176 
0.2529 0.3147 0.2000 0.2324 

MOTIF filter12 
letter-probability matrix: alength= 4 w= 13 nsites= 13 
0.2374 0.2404 0.2522 0.2700 
0.2433 0.2938 0.2819 0.1810 
0.2938 0.2404 0.2047 0.2611 
0.1395 0.7804 0.0475 0.0326 
1.0000 0.0000 0.0000 0.0000 
0.9822 0.0000 0.0178 0.0000 
0.4036 0.0682 0.5104 0.0178 
1.0000 0.0000 0.0000 0.0000 
0.0000 0.0000 0.0000 1.0000 
0.0000 0.0000 1.0000 0.0000 
0.0000 0.0000 1.0000 0.0000 
0.0415 0.8576 0.0000 0.1009 
0.1128 0.2077 0.4332 0.2463 

MOTIF filter13 
letter-probability matrix: alength= 4 w= 19 nsites= 19 
0.2232 0.2444 0.2634 0.2690 
0.2109 0.2790 0.2757 0.2344 
0.2924 0.2355 0.2254 0.2467 
0.1629 0.0725 0.0413 0.7232 
0.0335 0.0882 0.6585 0.2199 
0.4107 0.3906 0.0714 0.1272 
0.0022 0.9955 0.0022 0.0000 
0.0000 0.9877 0.0033 0.0089 
0.8248 0.0022 0.0100 0.1629 
0.0234 0.0000 0.0011 0.9754 
0.9955 0.0022 0.0022 0.0000 
0.0000 0.0022 0.0011 0.9967 
0.9799 0.0011 0.0000 0.0190 
0.1574 0.0045 0.0022 0.8359 
0.0033 0.0100 0.9866 0.0000 
0.0011 0.0033 0.9922 0.0033 
0.1105 0.0725 0.3839 0.4330 
0.2243 0.6451 0.0949 0.0357 
0.7132 0.0312 0.0725 0.1830 

MOTIF filter14 
letter-probability matrix: alength= 4 w= 15 nsites= 15 
0.2785 0.2437 0.2278 0.2500 
0.2595 0.2816 0.2468 0.2120 
0.2278 0.2468 0.2532 0.2722 
0.1203 0.0095 0.7089 0.1614 
0.0696 0.7468 0.1076 0.0759 
0.2880 0.3481 0.2595 0.1044 
0.0380 0.0000 0.8703 0.0918 
0.0000 1.0000 0.0000 0.0000 
0.0000 1.0000 0.0000 0.0000 
1.0000 0.0000 0.0000 0.0000 
0.0000 0.0000 0.0000 1.0000 
0.0063 0.4778 0.1424 0.3734 
0.0000 0.0190 0.0000 0.9810 
0.0000 0.0063 0.0000 0.9937 
0.0728 0.0886 0.7089 0.1297 

MOTIF filter15 
letter-probability matrix: alength= 4 w= 18 nsites= 18 
0.2997 0.5371 0.0386 0.1246 
0.2344 0.1751 0.0712 0.5193 
0.2611 0.1573 0.3294 0.2522 
0.6350 0.0475 0.1157 0.2018 
0.1751 0.3145 0.4807 0.0297 
0.0000 0.0000 0.0000 1.0000 
0.0089 0.9911 0.0000 0.0000 
1.0000 0.0000 0.0000 0.0000 
0.0000 0.0000 0.9852 0.0148 
0.0000 1.0000 0.0000 0.0000 
0.9941 0.0000 0.0000 0.0059 
0.4451 0.1632 0.1306 0.2611 
0.4243 0.0504 0.0089 0.5163 
0.3947 0.0801 0.0000 0.5252 
0.3056 0.1128 0.0208 0.5608 
0.2700 0.2226 0.2522 0.2552 
0.2789 0.2967 0.1988 0.2255 
0.2196 0.3086 0.2315 0.2404 

MOTIF filter16 
letter-probability matrix: alength= 4 w= 20 nsites= 20 
0.2863 0.1923 0.2564 0.2650 
0.0000 0.4915 0.0427 0.4658 
0.2991 0.6923 0.0000 0.0085 
0.8462 0.0000 0.0812 0.0726 
0.3846 0.2094 0.0940 0.3120 
0.3162 0.0000 0.2607 0.4231 
0.1197 0.3291 0.3333 0.2179 
0.2949 0.5684 0.1368 0.0000 
0.0812 0.4487 0.3419 0.1282 
0.0043 0.1966 0.4188 0.3803 
0.2222 0.0043 0.3120 0.4615 
0.5128 0.1111 0.1239 0.2521 
0.0043 0.1068 0.4444 0.4444 
0.0983 0.1197 0.3419 0.4402 
0.8205 0.0385 0.0128 0.1282 
0.8974 0.0043 0.0043 0.0940 
0.1453 0.1111 0.3034 0.4402 
0.3675 0.0000 0.3205 0.3120 
0.3205 0.0940 0.0897 0.4957 
0.0470 0.4786 0.0000 0.4744 

MOTIF filter17 
letter-probability matrix: alength= 4 w= 18 nsites= 18 
0.2351 0.2821 0.2257 0.2571 
0.2696 0.2194 0.2633 0.2476 
0.2476 0.2978 0.2132 0.2414 
0.5204 0.0125 0.1348 0.3323 
0.6646 0.0125 0.0502 0.2727 
0.4514 0.0000 0.0219 0.5266 
0.3009 0.1536 0.1442 0.4013 
0.0094 0.0000 0.0000 0.9906 
0.0000 0.0000 1.0000 0.0000 
0.0157 0.9843 0.0000 0.0000 
0.0000 0.0000 0.0000 1.0000 
0.0000 0.0000 0.9937 0.0063 
1.0000 0.0000 0.0000 0.0000 
0.0251 0.4953 0.3197 0.1599 
0.1975 0.1034 0.0439 0.6552 
0.1881 0.3981 0.1129 0.3009 
0.5361 0.0502 0.1850 0.2288 
0.1536 0.0502 0.5455 0.2508 

MOTIF filter18 
letter-probability matrix: alength= 4 w= 12 nsites= 12 
0.2468 0.2457 0.2491 0.2584 
0.4556 0.1661 0.2745 0.1038 
0.2007 0.3137 0.3426 0.1430 
0.0000 1.0000 0.0000 0.0000 
0.9988 0.0000 0.0000 0.0012 
0.0000 1.0000 0.0000 0.0000 
0.0150 0.0000 0.9850 0.0000 
0.0012 0.0035 0.0000 0.9954 
0.0000 0.0000 1.0000 0.0000 
0.1384 0.3230 0.3183 0.2203 
0.1419 0.2341 0.1499 0.4740 
0.2503 0.2595 0.2572 0.2330 

MOTIF filter19 
letter-probability matrix: alength= 4 w= 15 nsites= 15 
0.2846 0.2315 0.2068 0.2770 
0.2676 0.2524 0.2372 0.2429 
0.0740 0.1935 0.1803 0.5522 
0.0000 0.0000 0.0000 1.0000 
0.0000 0.0000 0.0057 0.9943 
0.0398 0.9602 0.0000 0.0000 
0.0076 0.6983 0.0000 0.2941 
0.3510 0.0721 0.3567 0.2201 
0.0285 0.0000 0.9715 0.0000 
0.0000 0.0000 0.9924 0.0076 
1.0000 0.0000 0.0000 0.0000 
1.0000 0.0000 0.0000 0.0000 
0.6053 0.0645 0.1727 0.1575 
0.2334 0.2694 0.2505 0.2467 
0.2960 0.2125 0.2865 0.2049 

MOTIF filter20 
letter-probability matrix: alength= 4 w= 15 nsites= 15 
0.2373 0.2213 0.2427 0.2987 
0.2373 0.1893 0.2907 0.2827 
0.1920 0.3013 0.2507 0.2560 
0.0080 0.8640 0.1280 0.0000 
0.0453 0.9547 0.0000 0.0000 
0.0000 0.0000 1.0000 0.0000 
0.0000 0.0000 1.0000 0.0000 
1.0000 0.0000 0.0000 0.0000 
1.0000 0.0000 0.0000 0.0000 
0.0400 0.0133 0.9467 0.0000 
0.0267 0.2960 0.0160 0.6613 
0.1733 0.1013 0.6693 0.0560 
0.2720 0.2720 0.4293 0.0267 
0.2347 0.3600 0.2400 0.1653 
0.2080 0.3013 0.2267 0.2640 

MOTIF filter21 
letter-probability matrix: alength= 4 w= 12 nsites= 12 
0.2304 0.2615 0.2696 0.2385 
0.4355 0.1970 0.2546 0.1129 
0.2362 0.3214 0.3318 0.1106 
0.0000 1.0000 0.0000 0.0000 
1.0000 0.0000 0.0000 0.0000 
0.0000 1.0000 0.0000 0.0000 
0.0000 0.0000 1.0000 0.0000 
0.0000 0.0000 0.0000 1.0000 
0.0000 0.0000 1.0000 0.0000 
0.1164 0.3076 0.3422 0.2339 
0.1417 0.2442 0.1498 0.4643 
0.2396 0.2512 0.2431 0.2661 

MOTIF filter22 
letter-probability matrix: alength= 4 w= 16 nsites= 16 
0.4036 0.2036 0.1818 0.2109 
0.0727 0.3382 0.1200 0.4691 
0.0145 0.3891 0.3673 0.2291 
0.4582 0.1091 0.4291 0.0036 
0.6036 0.0000 0.3600 0.0364 
0.0000 1.0000 0.0000 0.0000 
0.0000 1.0000 0.0000 0.0000 
1.0000 0.0000 0.0000 0.0000 
1.0000 0.0000 0.0000 0.0000 
0.0000 0.0000 0.0000 1.0000 
0.0073 0.8145 0.1782 0.0000 
0.8364 0.0000 0.1636 0.0000 
0.0000 0.0364 0.9600 0.0036 
0.1636 0.3564 0.2218 0.2582 
0.3018 0.1927 0.2655 0.2400 
0.2291 0.2655 0.2182 0.2873 

MOTIF filter23 
letter-probability matrix: alength= 4 w= 16 nsites= 16 
0.2619 0.2690 0.2393 0.2298 
0.2417 0.2774 0.2381 0.2429 
0.1024 0.0571 0.3548 0.4857 
0.0167 0.8893 0.0000 0.0940 
0.0000 0.0000 0.0000 1.0000 
1.0000 0.0000 0.0000 0.0000 
0.2429 0.0000 0.0048 0.7524 
0.4333 0.0000 0.0000 0.5667 
0.5226 0.0000 0.0000 0.4774 
0.6810 0.0024 0.0000 0.3167 
0.0000 0.0000 0.0000 1.0000 
0.9964 0.0000 0.0036 0.0000 
0.0750 0.0000 0.8940 0.0310 
0.4631 0.3655 0.0464 0.1250 
0.2869 0.2238 0.2607 0.2286 
0.2488 0.2786 0.2357 0.2369 

MOTIF filter24 
letter-probability matrix: alength= 4 w= 13 nsites= 13 
0.2190 0.2622 0.2305 0.2882 
0.2046 0.2536 0.2478 0.2939 
0.1412 0.1758 0.3862 0.2968 
0.0000 0.5043 0.2305 0.2651 
0.0720 0.6427 0.1268 0.1585 
0.7089 0.0115 0.2421 0.0375 
0.0000 0.9424 0.0000 0.0576 
0.0000 0.0000 0.0000 1.0000 
0.0000 0.0000 0.0000 1.0000 
0.0000 1.0000 0.0000 0.0000 
0.0000 1.0000 0.0000 0.0000 
0.0000 0.0000 0.9798 0.0202 
0.0000 0.1527 0.8386 0.0086 

MOTIF filter25 
letter-probability matrix: alength= 4 w= 20 nsites= 20 
0.2468 0.2403 0.2987 0.2143 
0.8377 0.1234 0.0000 0.0390 
0.2208 0.1753 0.2273 0.3766 
0.0065 0.5779 0.2143 0.2013 
0.0390 0.3636 0.0000 0.5974 
0.0130 0.2078 0.4221 0.3571 
0.1039 0.5260 0.1753 0.1948 
0.3766 0.0974 0.3766 0.1494 
0.8312 0.0000 0.0000 0.1688 
0.0000 0.8961 0.1039 0.0000 
0.3506 0.4610 0.0779 0.1104 
0.2338 0.3896 0.0195 0.3571 
0.3961 0.2403 0.3636 0.0000 
0.0065 0.1039 0.8896 0.0000 
0.1494 0.3442 0.2468 0.2597 
0.1169 0.1104 0.7532 0.0195 
0.0130 0.4805 0.5065 0.0000 
0.0390 0.4026 0.3831 0.1753 
0.0909 0.3182 0.1299 0.4610 
0.2143 0.2078 0.2597 0.3182 

MOTIF filter26 
letter-probability matrix: alength= 4 w= 16 nsites= 16 
0.2712 0.3136 0.2034 0.2119 
0.2373 0.3432 0.2034 0.2161 
0.2542 0.2288 0.2627 0.2542 
0.0000 0.8644 0.0508 0.0847 
0.0000 0.1483 0.0042 0.8475 
0.0000 0.1992 0.7966 0.0042 
1.0000 0.0000 0.0000 0.0000 
0.0000 0.0000 0.0000 1.0000 
0.0000 0.0000 0.0000 1.0000 
0.0000 0.0000 1.0000 0.0000 
0.0000 0.0000 1.0000 0.0000 
0.0254 0.4534 0.0042 0.5169 
0.0042 0.5932 0.0890 0.3136 
0.1695 0.5042 0.2881 0.0381 
0.5508 0.1186 0.2881 0.0424 
0.1186 0.1314 0.2754 0.4746 

MOTIF filter27 
letter-probability matrix: alength= 4 w= 18 nsites= 18 
0.4327 0.1930 0.2807 0.0936 
0.5088 0.1637 0.1579 0.1696 
0.5614 0.1696 0.1111 0.1579 
0.0351 0.3567 0.0526 0.5556 
0.0702 0.2632 0.4035 0.2632 
0.4269 0.0760 0.4971 0.0000 
0.5848 0.0058 0.3743 0.0351 
0.0000 1.0000 0.0000 0.0000 
0.0000 1.0000 0.0000 0.0000 
1.0000 0.0000 0.0000 0.0000 
1.0000 0.0000 0.0000 0.0000 
0.0000 0.0000 0.0000 1.0000 
0.0000 0.8538 0.1462 0.0000 
0.8772 0.0058 0.1170 0.0000 
0.1053 0.0702 0.8246 0.0000 
0.2807 0.0000 0.3450 0.3743 
0.2105 0.1930 0.2690 0.3275 
0.1988 0.2924 0.2105 0.2982 

MOTIF filter28 
letter-probability matrix: alength= 4 w= 16 nsites= 16 
0.0037 0.9816 0.0098 0.0049 
0.0000 0.9975 0.0000 0.0025 
0.8370 0.0000 0.0037 0.1593 
0.0074 0.0000 0.0000 0.9926 
1.0000 0.0000 0.0000 0.0000 
0.0000 0.0000 0.0000 1.0000 
0.9902 0.0000 0.0000 0.0098 
0.1471 0.0000 0.0000 0.8529 
0.0000 0.0012 0.9988 0.0000 
0.0000 0.0000 1.0000 0.0000 
0.0968 0.0686 0.4056 0.4289 
0.2255 0.6532 0.0919 0.0294 
0.7341 0.0306 0.0686 0.1667 
0.2328 0.2770 0.2500 0.2402 
0.2194 0.2708 0.2672 0.2426 
0.2439 0.2377 0.2708 0.2475 

MOTIF filter29 
letter-probability matrix: alength= 4 w= 13 nsites= 13 
0.1545 0.2096 0.1641 0.4719 
0.0000 0.0000 0.0000 1.0000 
0.0000 0.0000 0.0024 0.9976 
0.0587 0.9413 0.0000 0.0000 
0.0108 0.7629 0.0000 0.2263 
0.2719 0.2132 0.2515 0.2635 
0.2048 0.0000 0.7940 0.0012 
0.0000 0.0000 0.9760 0.0240 
1.0000 0.0000 0.0000 0.0000 
1.0000 0.0000 0.0000 0.0000 
0.5030 0.1413 0.2060 0.1497 
0.2335 0.2790 0.2443 0.2431 
0.2539 0.2347 0.2623 0.2491 

MOTIF filter30 
letter-probability matrix: alength= 4 w= 13 nsites= 13 
0.0839 0.4343 0.2299 0.2518 
0.0985 0.6496 0.1241 0.1277 
0.7482 0.0000 0.2445 0.0073 
0.0000 0.9927 0.0000 0.0073 
0.0000 0.0000 0.0000 1.0000 
0.0000 0.0000 0.0000 1.0000 
0.0000 1.0000 0.0000 0.0000 
0.0000 1.0000 0.0000 0.0000 
0.0000 0.0000 0.9964 0.0036 
0.0000 0.1022 0.8942 0.0036 
0.2883 0.1861 0.2226 0.3029 
0.2226 0.2445 0.2591 0.2737 
0.2409 0.2190 0.2628 0.2774 

MOTIF filter31 
letter-probability matrix: alength= 4 w= 14 nsites= 14 
0.2939 0.2594 0.2622 0.1844 
0.2709 0.3170 0.2161 0.1960 
0.0375 0.2133 0.5245 0.2248 
0.0000 0.7550 0.0317 0.2133 
0.0000 0.8386 0.0000 0.1614 
0.0000 1.0000 0.0000 0.0000 
0.0000 1.0000 0.0000 0.0000 
0.1153 0.0000 0.5793 0.3055 
0.0000 1.0000 0.0000 0.0000 
0.0000 1.0000 0.0000 0.0000 
0.0000 0.8040 0.0000 0.1960 
0.1095 0.8905 0.0000 0.0000 
0.0634 0.6542 0.0461 0.2363 
0.2363 0.2651 0.2680 0.2305 

