MEME version 4

ALPHABET= ACGT

Background letter frequencies:
A 0.2500 C 0.2500 G 0.2500 T 0.2500 

MOTIF filter0 
letter-probability matrix: alength= 4 w= 13 nsites= 13 
0.2505 0.2665 0.2448 0.2382 
0.2391 0.2656 0.2580 0.2372 
0.1219 0.0756 0.3450 0.4575 
0.0520 0.8261 0.0009 0.1210 
0.0009 0.0132 0.0019 0.9839 
0.9943 0.0019 0.0019 0.0019 
0.2883 0.0019 0.0095 0.7004 
0.4518 0.0047 0.0019 0.5416 
0.5577 0.0009 0.0009 0.4405 
0.6957 0.0057 0.0000 0.2987 
0.0076 0.0019 0.0028 0.9877 
0.9830 0.0019 0.0123 0.0028 
0.1248 0.0047 0.8214 0.0491 

MOTIF filter1 
letter-probability matrix: alength= 4 w= 15 nsites= 15 
0.2844 0.3058 0.2018 0.2080 
0.0398 0.1437 0.5994 0.2171 
0.0000 0.8349 0.0061 0.1590 
0.0031 0.8593 0.0000 0.1376 
0.0000 1.0000 0.0000 0.0000 
0.0000 1.0000 0.0000 0.0000 
0.0887 0.0000 0.6055 0.3058 
0.0000 1.0000 0.0000 0.0000 
0.0000 1.0000 0.0000 0.0000 
0.0000 0.7645 0.0000 0.2355 
0.0795 0.8196 0.0000 0.1009 
0.0550 0.6972 0.0214 0.2263 
0.2416 0.2355 0.2722 0.2508 
0.2936 0.2416 0.2232 0.2416 
0.2446 0.2752 0.2416 0.2385 

MOTIF filter2 
letter-probability matrix: alength= 4 w= 12 nsites= 12 
0.1082 0.3163 0.3102 0.2653 
0.3245 0.1796 0.4408 0.0551 
0.4429 0.0673 0.4204 0.0694 
0.0000 1.0000 0.0000 0.0000 
0.0000 0.7735 0.0000 0.2265 
0.7245 0.0204 0.2510 0.0041 
1.0000 0.0000 0.0000 0.0000 
0.0000 0.0000 0.0000 1.0000 
0.0020 0.5347 0.1102 0.3531 
0.5122 0.0000 0.4878 0.0000 
0.0000 0.0061 0.9939 0.0000 
0.1551 0.3388 0.1204 0.3857 

MOTIF filter3 
letter-probability matrix: alength= 4 w= 14 nsites= 14 
0.2317 0.2381 0.2825 0.2476 
0.2444 0.0540 0.6317 0.0698 
0.1048 0.0000 0.8540 0.0413 
0.1587 0.0000 0.8413 0.0000 
0.0000 0.0000 1.0000 0.0000 
0.0000 0.0000 1.0000 0.0000 
0.3079 0.5841 0.0000 0.1079 
0.0000 0.0000 1.0000 0.0000 
0.0000 0.0000 1.0000 0.0000 
0.1429 0.0000 0.8571 0.0000 
0.1492 0.0381 0.8127 0.0000 
0.1841 0.5873 0.1397 0.0889 
0.2825 0.2063 0.2794 0.2317 
0.2190 0.2952 0.2222 0.2635 

MOTIF filter4 
letter-probability matrix: alength= 4 w= 12 nsites= 12 
0.2400 0.2724 0.2214 0.2662 
0.2537 0.2525 0.2687 0.2251 
0.2649 0.2612 0.2326 0.2413 
0.0137 0.0000 0.0000 0.9863 
0.0000 0.0000 0.0000 1.0000 
0.0000 0.0000 0.0000 1.0000 
0.5572 0.0000 0.4428 0.0000 
1.0000 0.0000 0.0000 0.0000 
0.0000 0.0000 0.0000 1.0000 
0.2264 0.2687 0.2475 0.2575 
0.2525 0.2525 0.2525 0.2425 
0.2488 0.2376 0.2687 0.2450 

MOTIF filter5 
letter-probability matrix: alength= 4 w= 20 nsites= 20 
0.2865 0.2398 0.2316 0.2421 
0.1614 0.0772 0.0421 0.7193 
0.0292 0.0877 0.6643 0.2187 
0.4152 0.3930 0.0702 0.1216 
0.0000 0.9965 0.0035 0.0000 
0.0000 0.9918 0.0023 0.0058 
0.8351 0.0000 0.0070 0.1579 
0.0199 0.0000 0.0000 0.9801 
1.0000 0.0000 0.0000 0.0000 
0.0000 0.0000 0.0000 1.0000 
0.9906 0.0000 0.0000 0.0094 
0.1567 0.0035 0.0000 0.8398 
0.0035 0.0035 0.9930 0.0000 
0.0000 0.0000 0.9977 0.0023 
0.1053 0.0690 0.3918 0.4339 
0.2281 0.6480 0.0912 0.0327 
0.7240 0.0304 0.0655 0.1801 
0.2398 0.2760 0.2351 0.2491 
0.2327 0.2620 0.2608 0.2444 
0.2468 0.2351 0.2678 0.2503 

MOTIF filter6 
letter-probability matrix: alength= 4 w= 14 nsites= 14 
0.2742 0.2070 0.3038 0.2151 
0.2688 0.2769 0.3038 0.1505 
0.3199 0.2070 0.3091 0.1640 
0.6290 0.0833 0.2419 0.0457 
0.1586 0.3280 0.4462 0.0672 
0.0000 1.0000 0.0000 0.0000 
1.0000 0.0000 0.0000 0.0000 
0.0000 1.0000 0.0000 0.0000 
0.0081 0.0000 0.9919 0.0000 
0.0000 0.0000 0.0000 1.0000 
0.0000 0.0000 1.0000 0.0000 
0.0591 0.4516 0.2419 0.2473 
0.1263 0.2124 0.1075 0.5538 
0.2500 0.2339 0.2043 0.3118 

MOTIF filter7 
letter-probability matrix: alength= 4 w= 11 nsites= 11 
0.4103 0.1709 0.2543 0.1645 
0.2906 0.2778 0.3098 0.1218 
0.0000 1.0000 0.0000 0.0000 
0.9957 0.0000 0.0043 0.0000 
0.0000 0.9573 0.0000 0.0427 
0.0043 0.0000 0.9957 0.0000 
0.0043 0.0000 0.0000 0.9957 
0.0000 0.0000 1.0000 0.0000 
0.0107 0.4402 0.3312 0.2179 
0.0641 0.2286 0.1496 0.5577 
0.1709 0.2692 0.2692 0.2906 

MOTIF filter8 
letter-probability matrix: alength= 4 w= 12 nsites= 12 
0.1974 0.2725 0.1609 0.3691 
0.5365 0.2103 0.1953 0.0579 
0.2039 0.4528 0.3026 0.0408 
0.0000 1.0000 0.0000 0.0000 
0.9979 0.0000 0.0000 0.0021 
0.0000 0.9979 0.0000 0.0021 
0.0000 0.0000 1.0000 0.0000 
0.0000 0.0000 0.0000 1.0000 
0.0000 0.0000 1.0000 0.0000 
0.1180 0.3240 0.3734 0.1845 
0.0987 0.2682 0.1803 0.4528 
0.2532 0.2124 0.2575 0.2768 

MOTIF filter9 
letter-probability matrix: alength= 4 w= 17 nsites= 17 
0.2294 0.3165 0.2385 0.2156 
0.3716 0.3578 0.2706 0.0000 
0.1651 0.6422 0.1193 0.0734 
0.9908 0.0000 0.0092 0.0000 
0.9817 0.0000 0.0183 0.0000 
0.4312 0.0780 0.4679 0.0229 
1.0000 0.0000 0.0000 0.0000 
0.0000 0.0000 0.0000 1.0000 
0.0000 0.0000 1.0000 0.0000 
0.0000 0.0000 1.0000 0.0000 
0.0321 0.9174 0.0000 0.0505 
0.1193 0.1789 0.4404 0.2615 
0.0550 0.0505 0.8394 0.0550 
0.1101 0.8028 0.0183 0.0688 
0.2294 0.2248 0.2569 0.2890 
0.2339 0.2385 0.3165 0.2110 
0.3028 0.2202 0.2706 0.2064 

MOTIF filter10 
letter-probability matrix: alength= 4 w= 15 nsites= 15 
0.2682 0.2682 0.2346 0.2291 
0.2346 0.2458 0.2458 0.2737 
0.0112 0.7765 0.0978 0.1145 
0.0000 0.1648 0.0000 0.8352 
0.0000 0.2514 0.7235 0.0251 
1.0000 0.0000 0.0000 0.0000 
0.0000 0.0000 0.0000 1.0000 
0.0000 0.0000 0.0000 1.0000 
0.0000 0.0000 1.0000 0.0000 
0.0000 0.0000 1.0000 0.0000 
0.0391 0.3966 0.0028 0.5615 
0.0000 0.4413 0.1341 0.4246 
0.1844 0.4302 0.3128 0.0726 
0.4777 0.1480 0.3156 0.0587 
0.1425 0.1536 0.2626 0.4413 

MOTIF filter11 
letter-probability matrix: alength= 4 w= 14 nsites= 14 
0.1076 0.2096 0.4164 0.2663 
0.0000 0.8215 0.0255 0.1530 
0.0000 0.8357 0.0000 0.1643 
0.0000 1.0000 0.0000 0.0000 
0.0000 1.0000 0.0000 0.0000 
0.0907 0.0000 0.6459 0.2635 
0.0000 1.0000 0.0000 0.0000 
0.0000 1.0000 0.0000 0.0000 
0.0000 0.8584 0.0000 0.1416 
0.0397 0.8839 0.0000 0.0765 
0.0340 0.6006 0.0708 0.2946 
0.2606 0.2408 0.2578 0.2408 
0.2465 0.2465 0.2351 0.2720 
0.2068 0.3144 0.2408 0.2380 

MOTIF filter12 
letter-probability matrix: alength= 4 w= 18 nsites= 18 
0.2966 0.4526 0.0826 0.1682 
0.2110 0.2110 0.1407 0.4373 
0.2936 0.1682 0.3089 0.2294 
0.7217 0.0153 0.0581 0.2049 
0.4404 0.1101 0.2905 0.1590 
0.1407 0.0000 0.0061 0.8532 
0.1560 0.6514 0.0183 0.1743 
0.4709 0.0000 0.0000 0.5291 
0.0000 0.0000 1.0000 0.0000 
0.0000 1.0000 0.0000 0.0000 
0.4373 0.0000 0.0000 0.5627 
0.1865 0.0183 0.6667 0.1284 
0.8716 0.0000 0.0000 0.1284 
0.1529 0.2844 0.1376 0.4251 
0.1927 0.0887 0.0122 0.7064 
0.1927 0.3394 0.1621 0.3058 
0.4587 0.1070 0.2080 0.2263 
0.1498 0.1101 0.5046 0.2355 

MOTIF filter13 
letter-probability matrix: alength= 4 w= 13 nsites= 13 
0.2531 0.2385 0.2424 0.2660 
0.2446 0.2166 0.3190 0.2199 
0.3407 0.2468 0.3094 0.1032 
0.0296 0.0346 0.0365 0.8993 
0.0269 0.0231 0.8540 0.0961 
0.8924 0.0335 0.0450 0.0291 
0.0837 0.4386 0.4376 0.0401 
0.0250 0.0313 0.0472 0.8965 
0.0821 0.8496 0.0280 0.0404 
0.8960 0.0373 0.0299 0.0368 
0.0887 0.3187 0.2635 0.3291 
0.2171 0.3212 0.2265 0.2352 
0.2572 0.2333 0.2641 0.2454 

MOTIF filter14 
letter-probability matrix: alength= 4 w= 17 nsites= 17 
0.2746 0.2254 0.2465 0.2535 
0.2746 0.2923 0.2324 0.2007 
0.2218 0.2183 0.2817 0.2782 
0.0951 0.0141 0.7218 0.1690 
0.0810 0.8169 0.0000 0.1021 
0.2782 0.3099 0.2852 0.1268 
0.0669 0.0000 0.8380 0.0951 
0.0000 1.0000 0.0000 0.0000 
0.0000 1.0000 0.0000 0.0000 
1.0000 0.0000 0.0000 0.0000 
0.0000 0.0000 0.0000 1.0000 
0.0106 0.4683 0.1479 0.3732 
0.0000 0.0282 0.0000 0.9718 
0.0000 0.0176 0.0000 0.9824 
0.0739 0.0915 0.7324 0.1021 
0.2746 0.2218 0.2606 0.2430 
0.2007 0.2570 0.2746 0.2676 

MOTIF filter15 
letter-probability matrix: alength= 4 w= 16 nsites= 16 
0.4444 0.2222 0.1491 0.1842 
0.0614 0.3480 0.1140 0.4766 
0.0585 0.3333 0.3801 0.2281 
0.4474 0.0965 0.4561 0.0000 
0.5848 0.0029 0.3713 0.0409 
0.0000 1.0000 0.0000 0.0000 
0.0000 1.0000 0.0000 0.0000 
1.0000 0.0000 0.0000 0.0000 
1.0000 0.0000 0.0000 0.0000 
0.0000 0.0000 0.0000 1.0000 
0.0117 0.7807 0.2076 0.0000 
0.8977 0.0000 0.1023 0.0000 
0.0877 0.0760 0.8187 0.0175 
0.2251 0.2719 0.2719 0.2310 
0.2690 0.2018 0.2602 0.2690 
0.2368 0.2924 0.2076 0.2632 

MOTIF filter16 
letter-probability matrix: alength= 4 w= 20 nsites= 20 
0.2183 0.2817 0.2663 0.2337 
0.2972 0.2446 0.2198 0.2384 
0.1362 0.0759 0.0372 0.7508 
0.0310 0.0882 0.6842 0.1966 
0.3994 0.4025 0.0681 0.1300 
0.0031 0.9954 0.0015 0.0000 
0.0000 0.9923 0.0000 0.0077 
0.8282 0.0031 0.0062 0.1625 
0.0062 0.0015 0.0015 0.9907 
0.9985 0.0015 0.0000 0.0000 
0.0000 0.0031 0.0015 0.9954 
0.9845 0.0015 0.0000 0.0139 
0.1594 0.0031 0.0000 0.8375 
0.0015 0.0062 0.9923 0.0000 
0.0046 0.0015 0.9938 0.0000 
0.0913 0.0774 0.3854 0.4458 
0.0000 0.8390 0.1146 0.0464 
0.7399 0.0325 0.0573 0.1703 
0.2136 0.2833 0.2570 0.2461 
0.2183 0.2601 0.2647 0.2570 

MOTIF filter17 
letter-probability matrix: alength= 4 w= 15 nsites= 15 
0.2722 0.2435 0.2175 0.2668 
0.2695 0.2426 0.2417 0.2462 
0.1549 0.2184 0.1594 0.4673 
0.0018 0.0107 0.0000 0.9875 
0.0000 0.0000 0.0188 0.9812 
0.0976 0.8997 0.0000 0.0027 
0.0233 0.7538 0.0000 0.2229 
0.2498 0.2283 0.2462 0.2757 
0.2363 0.0000 0.7386 0.0251 
0.0000 0.0018 0.8979 0.1003 
0.9714 0.0278 0.0009 0.0000 
0.9928 0.0054 0.0018 0.0000 
0.4870 0.1406 0.2184 0.1540 
0.2426 0.2704 0.2408 0.2462 
0.2614 0.2310 0.2578 0.2498 

MOTIF filter18 
letter-probability matrix: alength= 4 w= 13 nsites= 13 
0.0709 0.4552 0.2201 0.2537 
0.0560 0.6828 0.1493 0.1119 
0.7575 0.0000 0.2351 0.0075 
0.0000 0.9925 0.0000 0.0075 
0.0000 0.0000 0.0000 1.0000 
0.0000 0.0000 0.0000 1.0000 
0.0000 1.0000 0.0000 0.0000 
0.0000 1.0000 0.0000 0.0000 
0.0000 0.0000 0.9851 0.0149 
0.0000 0.1269 0.8694 0.0037 
0.2239 0.2239 0.2537 0.2985 
0.1940 0.2575 0.2799 0.2687 
0.2724 0.1940 0.2313 0.3022 

MOTIF filter19 
letter-probability matrix: alength= 4 w= 15 nsites= 15 
0.2768 0.2113 0.2232 0.2887 
0.2976 0.1250 0.3304 0.2470 
0.2173 0.3333 0.2321 0.2173 
0.0179 0.8452 0.1369 0.0000 
0.0149 0.9851 0.0000 0.0000 
0.0000 0.0000 1.0000 0.0000 
0.0000 0.0000 1.0000 0.0000 
0.9970 0.0030 0.0000 0.0000 
0.9970 0.0030 0.0000 0.0000 
0.0268 0.0119 0.9613 0.0000 
0.0238 0.2619 0.0238 0.6905 
0.1667 0.1042 0.6607 0.0685 
0.2530 0.2470 0.4494 0.0506 
0.2321 0.3661 0.2232 0.1786 
0.2292 0.2917 0.2381 0.2411 

MOTIF filter20 
letter-probability matrix: alength= 4 w= 12 nsites= 12 
0.2094 0.2972 0.2796 0.2138 
0.4378 0.1625 0.2650 0.1347 
0.2211 0.2914 0.3250 0.1625 
0.0015 0.9985 0.0000 0.0000 
0.9941 0.0000 0.0059 0.0000 
0.0000 0.9971 0.0000 0.0029 
0.0000 0.0000 1.0000 0.0000 
0.0000 0.0000 0.0000 1.0000 
0.0000 0.0000 1.0000 0.0000 
0.2094 0.1933 0.3792 0.2182 
0.1581 0.2138 0.1113 0.5168 
0.2870 0.2313 0.2826 0.1991 

MOTIF filter21 
letter-probability matrix: alength= 4 w= 16 nsites= 16 
0.2577 0.2642 0.2384 0.2397 
0.2397 0.2758 0.2474 0.2371 
0.1108 0.0477 0.3402 0.5013 
0.0103 0.9111 0.0000 0.0786 
0.0000 0.0000 0.0000 1.0000 
1.0000 0.0000 0.0000 0.0000 
0.2616 0.0000 0.0013 0.7371 
0.4549 0.0000 0.0000 0.5451 
0.5503 0.0000 0.0000 0.4497 
0.6959 0.0000 0.0000 0.3041 
0.0000 0.0000 0.0000 1.0000 
1.0000 0.0000 0.0000 0.0000 
0.0644 0.0000 0.9188 0.0168 
0.4807 0.3776 0.0348 0.1070 
0.2874 0.2268 0.2655 0.2204 
0.2577 0.2668 0.2332 0.2423 

MOTIF filter22 
letter-probability matrix: alength= 4 w= 20 nsites= 20 
0.2175 0.2831 0.2710 0.2284 
0.2855 0.2369 0.2345 0.2430 
0.1555 0.0705 0.0377 0.7363 
0.0292 0.0851 0.6634 0.2224 
0.4156 0.3949 0.0741 0.1154 
0.0000 1.0000 0.0000 0.0000 
0.0000 0.9976 0.0000 0.0024 
0.8348 0.0000 0.0061 0.1592 
0.0158 0.0000 0.0000 0.9842 
1.0000 0.0000 0.0000 0.0000 
0.0000 0.0000 0.0000 1.0000 
0.9903 0.0000 0.0000 0.0097 
0.1422 0.0000 0.0000 0.8578 
0.0024 0.0049 0.9927 0.0000 
0.0000 0.0012 0.9976 0.0012 
0.1045 0.0668 0.3985 0.4301 
0.2321 0.6476 0.0936 0.0267 
0.7230 0.0316 0.0693 0.1762 
0.2382 0.2770 0.2430 0.2418 
0.2309 0.2661 0.2600 0.2430 

MOTIF filter23 
letter-probability matrix: alength= 4 w= 15 nsites= 15 
0.2657 0.2413 0.2168 0.2762 
0.2308 0.2483 0.2762 0.2448 
0.2238 0.2273 0.2727 0.2762 
0.0000 0.9056 0.0944 0.0000 
0.0280 0.9720 0.0000 0.0000 
0.0000 0.0000 1.0000 0.0000 
0.0000 0.0000 1.0000 0.0000 
1.0000 0.0000 0.0000 0.0000 
1.0000 0.0000 0.0000 0.0000 
0.0455 0.0000 0.9545 0.0000 
0.0175 0.2972 0.0070 0.6783 
0.1713 0.0559 0.7448 0.0280 
0.2552 0.2343 0.5000 0.0105 
0.2203 0.3811 0.2378 0.1608 
0.1818 0.3007 0.2692 0.2483 

MOTIF filter24 
letter-probability matrix: alength= 4 w= 15 nsites= 15 
0.2768 0.2428 0.2076 0.2728 
0.2572 0.2572 0.2402 0.2454 
0.1253 0.2010 0.1423 0.5313 
0.0000 0.0000 0.0000 1.0000 
0.0000 0.0000 0.0013 0.9987 
0.0457 0.9543 0.0000 0.0000 
0.0026 0.7807 0.0000 0.2167 
0.2598 0.2141 0.2585 0.2676 
0.1815 0.0000 0.8185 0.0000 
0.0000 0.0000 0.9778 0.0222 
1.0000 0.0000 0.0000 0.0000 
1.0000 0.0000 0.0000 0.0000 
0.5431 0.1123 0.1958 0.1488 
0.2272 0.2768 0.2428 0.2533 
0.2637 0.2428 0.2520 0.2415 

MOTIF filter25 
letter-probability matrix: alength= 4 w= 12 nsites= 12 
0.2605 0.2633 0.2395 0.2367 
0.2766 0.2586 0.2158 0.2490 
0.2529 0.2205 0.2291 0.2975 
1.0000 0.0000 0.0000 0.0000 
0.0000 0.0000 0.0000 1.0000 
0.0000 0.1730 0.0000 0.8270 
1.0000 0.0000 0.0000 0.0000 
1.0000 0.0000 0.0000 0.0000 
0.5884 0.0000 0.0000 0.4116 
0.2681 0.2471 0.2452 0.2395 
0.2414 0.2529 0.2529 0.2529 
0.2405 0.2614 0.2386 0.2595 

MOTIF filter26 
letter-probability matrix: alength= 4 w= 16 nsites= 16 
0.2419 0.2516 0.2161 0.2903 
0.2032 0.2742 0.2516 0.2710 
0.1516 0.1613 0.3968 0.2903 
0.0000 0.5097 0.2065 0.2839 
0.0903 0.6419 0.1065 0.1613 
0.7129 0.0129 0.2452 0.0290 
0.0000 0.9516 0.0065 0.0419 
0.0000 0.0000 0.0000 1.0000 
0.0000 0.0000 0.0000 1.0000 
0.0000 1.0000 0.0000 0.0000 
0.0000 1.0000 0.0000 0.0000 
0.0000 0.0000 0.9871 0.0129 
0.0000 0.1452 0.8516 0.0032 
0.3516 0.1645 0.2194 0.2645 
0.3065 0.2032 0.2226 0.2677 
0.2452 0.2387 0.2613 0.2548 

MOTIF filter27 
letter-probability matrix: alength= 4 w= 16 nsites= 16 
0.2461 0.2492 0.2617 0.2430 
0.2305 0.2399 0.2430 0.2866 
0.2056 0.2555 0.2835 0.2555 
0.2586 0.0343 0.6698 0.0374 
0.1246 0.0000 0.8037 0.0717 
0.1713 0.0000 0.8287 0.0000 
0.0000 0.0000 1.0000 0.0000 
0.0000 0.0000 1.0000 0.0000 
0.2991 0.5670 0.0000 0.1340 
0.0000 0.0000 1.0000 0.0000 
0.0000 0.0000 1.0000 0.0000 
0.1495 0.0000 0.8505 0.0000 
0.2056 0.0062 0.7882 0.0000 
0.1713 0.5919 0.1776 0.0592 
0.2804 0.1994 0.3084 0.2118 
0.2648 0.2960 0.2181 0.2212 

MOTIF filter28 
letter-probability matrix: alength= 4 w= 16 nsites= 16 
0.2811 0.2527 0.2206 0.2456 
0.1352 0.0071 0.7082 0.1495 
0.0712 0.6833 0.1851 0.0605 
0.3060 0.3701 0.2278 0.0961 
0.0320 0.0000 0.8861 0.0819 
0.0000 1.0000 0.0000 0.0000 
0.0000 1.0000 0.0000 0.0000 
1.0000 0.0000 0.0000 0.0000 
0.0000 0.0000 0.0000 1.0000 
0.0036 0.4733 0.1388 0.3843 
0.0000 0.0000 0.0000 1.0000 
0.0000 0.0000 0.0000 1.0000 
0.0641 0.0641 0.7580 0.1139 
0.2811 0.2456 0.2242 0.2491 
0.2028 0.2883 0.2491 0.2598 
0.2349 0.2989 0.2313 0.2349 

MOTIF filter29 
letter-probability matrix: alength= 4 w= 17 nsites= 17 
0.3342 0.1500 0.2658 0.2500 
0.2000 0.2842 0.1974 0.3184 
0.1605 0.1316 0.4605 0.2474 
0.0316 0.7316 0.2316 0.0053 
0.2158 0.1474 0.0132 0.6237 
0.3632 0.0105 0.5395 0.0868 
0.0026 0.0737 0.7921 0.1316 
0.3763 0.4711 0.0000 0.1526 
0.1342 0.3289 0.2447 0.2921 
0.0026 0.8289 0.0079 0.1605 
0.2789 0.0895 0.4026 0.2289 
0.1289 0.3842 0.4737 0.0132 
0.2605 0.0368 0.1737 0.5289 
0.3684 0.5711 0.0605 0.0000 
0.0000 0.1211 0.7158 0.1632 
0.1474 0.4289 0.2368 0.1868 
0.0579 0.8579 0.0632 0.0211 

MOTIF filter30 
letter-probability matrix: alength= 4 w= 13 nsites= 13 
0.2639 0.2464 0.2538 0.2359 
0.4552 0.1547 0.3526 0.0376 
0.0109 0.0109 0.0201 0.9581 
0.0026 0.0074 0.1245 0.8654 
0.3194 0.0135 0.5321 0.1350 
0.0629 0.7383 0.0315 0.1673 
0.1695 0.0446 0.7453 0.0406 
0.1498 0.5749 0.0039 0.2713 
0.8615 0.1201 0.0127 0.0057 
0.9572 0.0166 0.0157 0.0105 
0.0476 0.3281 0.1695 0.4548 
0.2446 0.2669 0.2634 0.2250 
0.2403 0.2355 0.2599 0.2643 

MOTIF filter31 
letter-probability matrix: alength= 4 w= 11 nsites= 11 
0.2587 0.2378 0.2552 0.2483 
0.2622 0.2797 0.2378 0.2203 
0.2133 0.1294 0.1958 0.4615 
0.1014 0.7902 0.0629 0.0455 
1.0000 0.0000 0.0000 0.0000 
1.0000 0.0000 0.0000 0.0000 
0.4196 0.0490 0.5315 0.0000 
1.0000 0.0000 0.0000 0.0000 
0.0000 0.0000 0.0000 1.0000 
0.0000 0.0000 1.0000 0.0000 
0.0000 0.0000 1.0000 0.0000 

