MEME version 4

ALPHABET= ACGT

Background letter frequencies:
A 0.2500 C 0.2500 G 0.2500 T 0.2500 

MOTIF filter0 
letter-probability matrix: alength= 4 w= 13 nsites= 13 
0.3225 0.2555 0.3281 0.0939 
0.2607 0.0816 0.3337 0.3240 
0.1393 0.4030 0.4447 0.0130 
0.0786 0.8808 0.0149 0.0257 
0.0175 0.0350 0.8764 0.0711 
0.0142 0.2030 0.6797 0.1032 
0.8056 0.0920 0.0194 0.0831 
0.6890 0.1210 0.0939 0.0961 
0.0510 0.1263 0.8015 0.0212 
0.0659 0.3125 0.0428 0.5788 
0.2454 0.1538 0.4536 0.1471 
0.2976 0.3095 0.3050 0.0879 
0.2350 0.3676 0.2004 0.1970 

MOTIF filter1 
letter-probability matrix: alength= 4 w= 14 nsites= 14 
0.1780 0.1132 0.4994 0.2094 
0.1374 0.5914 0.1665 0.1047 
0.2990 0.2984 0.2579 0.1447 
0.1350 0.0581 0.6877 0.1192 
0.0339 0.8335 0.1223 0.0103 
0.0145 0.9340 0.0502 0.0012 
0.7748 0.0484 0.1737 0.0030 
0.0048 0.1265 0.0787 0.7900 
0.0012 0.5303 0.2984 0.1701 
0.0048 0.2669 0.0230 0.7052 
0.0018 0.0860 0.1416 0.7706 
0.1283 0.2615 0.5424 0.0678 
0.1223 0.3541 0.2536 0.2700 
0.2312 0.2978 0.1804 0.2906 

MOTIF filter2 
letter-probability matrix: alength= 4 w= 12 nsites= 12 
0.2315 0.2557 0.2694 0.2433 
0.2557 0.1556 0.4379 0.1508 
0.2146 0.0226 0.5490 0.2138 
0.3131 0.0665 0.6009 0.0195 
0.0364 0.0497 0.8310 0.0829 
0.0645 0.1070 0.7569 0.0716 
0.2662 0.3690 0.1531 0.2118 
0.0833 0.0705 0.7854 0.0607 
0.0368 0.0736 0.8183 0.0712 
0.3002 0.0249 0.6016 0.0734 
0.2943 0.1716 0.5149 0.0192 
0.2428 0.3444 0.2658 0.1470 

MOTIF filter3 
letter-probability matrix: alength= 4 w= 15 nsites= 15 
0.2626 0.2720 0.2312 0.2341 
0.2280 0.2757 0.2602 0.2361 
0.1146 0.2757 0.3622 0.2476 
0.0106 0.6122 0.1150 0.2622 
0.0277 0.6460 0.0184 0.3079 
0.0151 0.9686 0.0082 0.0082 
0.0950 0.7618 0.1101 0.0330 
0.1688 0.1913 0.3777 0.2622 
0.0571 0.8381 0.0237 0.0812 
0.0269 0.9458 0.0020 0.0253 
0.0122 0.7015 0.0302 0.2561 
0.1668 0.6203 0.0102 0.2027 
0.1134 0.4931 0.1350 0.2586 
0.2304 0.2773 0.2533 0.2390 
0.2467 0.2810 0.2423 0.2300 

MOTIF filter4 
letter-probability matrix: alength= 4 w= 14 nsites= 14 
0.2662 0.2402 0.2393 0.2542 
0.1955 0.2313 0.1957 0.3775 
0.0415 0.0539 0.0324 0.8722 
0.0445 0.0486 0.0693 0.8375 
0.2035 0.6863 0.0420 0.0682 
0.0624 0.5911 0.0486 0.2978 
0.2604 0.2678 0.2219 0.2499 
0.2983 0.0243 0.6021 0.0753 
0.0225 0.0328 0.7432 0.2015 
0.8311 0.0886 0.0346 0.0457 
0.9135 0.0287 0.0200 0.0379 
0.3807 0.1755 0.2591 0.1847 
0.2279 0.2497 0.2549 0.2676 
0.2455 0.2444 0.2799 0.2302 

MOTIF filter5 
letter-probability matrix: alength= 4 w= 13 nsites= 13 
0.1425 0.5610 0.1339 0.1626 
0.2022 0.5065 0.2469 0.0444 
0.4976 0.0533 0.2156 0.2335 
0.0004 0.1831 0.2637 0.5528 
0.9000 0.0328 0.0530 0.0142 
0.0000 0.4636 0.1529 0.3834 
0.9575 0.0000 0.0041 0.0384 
0.2443 0.3745 0.0037 0.3775 
0.4722 0.0280 0.4998 0.0000 
0.0000 0.1003 0.8501 0.0496 
0.1906 0.0384 0.4405 0.3305 
0.1880 0.4248 0.0638 0.3234 
0.4349 0.1138 0.0932 0.3581 

MOTIF filter6 
letter-probability matrix: alength= 4 w= 15 nsites= 15 
0.2383 0.2267 0.2781 0.2569 
0.3503 0.3751 0.2015 0.0731 
0.1306 0.1461 0.0425 0.6807 
0.1187 0.0607 0.6736 0.1470 
0.7498 0.1475 0.0722 0.0306 
0.0469 0.2671 0.3813 0.3047 
0.0000 0.0000 0.3020 0.6980 
0.2834 0.7166 0.0000 0.0000 
0.7214 0.2112 0.0483 0.0190 
0.0013 0.0425 0.5514 0.4048 
0.1085 0.8508 0.0310 0.0097 
0.7219 0.1284 0.0868 0.0629 
0.1670 0.2569 0.2427 0.3335 
0.2892 0.2600 0.1683 0.2826 
0.3782 0.1510 0.1120 0.3587 

MOTIF filter7 
letter-probability matrix: alength= 4 w= 14 nsites= 14 
0.1884 0.2365 0.3229 0.2521 
0.0666 0.4122 0.2507 0.2705 
0.1147 0.5085 0.1969 0.1799 
0.5737 0.0453 0.3215 0.0595 
0.0014 0.8187 0.0779 0.1020 
0.0000 0.0028 0.0071 0.9901 
0.0014 0.0255 0.0014 0.9717 
0.0014 0.9858 0.0099 0.0028 
0.0000 0.9972 0.0014 0.0014 
0.0028 0.0071 0.9051 0.0850 
0.0000 0.1756 0.7691 0.0552 
0.2564 0.1856 0.3300 0.2280 
0.3343 0.2167 0.2054 0.2436 
0.2762 0.2238 0.2776 0.2224 

MOTIF filter8 
letter-probability matrix: alength= 4 w= 14 nsites= 14 
0.2101 0.2799 0.1338 0.3762 
0.1670 0.2222 0.3740 0.2368 
0.2298 0.2291 0.3169 0.2243 
0.2404 0.7431 0.0076 0.0089 
0.0260 0.9603 0.0137 0.0000 
0.1410 0.0000 0.6507 0.2084 
0.0246 0.0000 0.3956 0.5798 
0.4794 0.4748 0.0239 0.0220 
0.0414 0.1956 0.1893 0.5738 
0.3539 0.2335 0.2186 0.1940 
0.4351 0.1338 0.0000 0.4311 
0.1835 0.2177 0.3700 0.2288 
0.2345 0.1762 0.3745 0.2148 
0.2344 0.2131 0.2628 0.2897 

MOTIF filter9 
letter-probability matrix: alength= 4 w= 12 nsites= 12 
0.5363 0.0584 0.1246 0.2808 
0.5016 0.0442 0.1136 0.3407 
0.2555 0.0962 0.3249 0.3233 
0.0110 0.0142 0.0315 0.9432 
0.0000 0.0000 1.0000 0.0000 
0.2603 0.7350 0.0032 0.0016 
0.0000 0.0095 0.0063 0.9842 
0.0000 0.0000 0.9621 0.0379 
0.9274 0.0016 0.0710 0.0000 
0.0363 0.4495 0.4180 0.0962 
0.1987 0.1498 0.1640 0.4874 
0.1593 0.3644 0.1388 0.3375 

MOTIF filter10 
letter-probability matrix: alength= 4 w= 16 nsites= 16 
0.1728 0.1111 0.4198 0.2963 
0.0864 0.3951 0.4259 0.0926 
0.4444 0.0123 0.3704 0.1728 
0.0062 0.4815 0.5123 0.0000 
0.0370 0.9259 0.0370 0.0000 
0.0494 0.6420 0.0000 0.3086 
0.7901 0.0000 0.0000 0.2099 
0.0741 0.0309 0.8025 0.0926 
0.0000 0.0000 1.0000 0.0000 
0.3025 0.3580 0.0000 0.3395 
0.0062 0.0309 0.2222 0.7407 
0.2469 0.3086 0.3889 0.0556 
0.4938 0.0556 0.4198 0.0309 
0.1790 0.2346 0.2778 0.3086 
0.1975 0.2222 0.1296 0.4506 
0.1111 0.3148 0.2840 0.2901 

MOTIF filter11 
letter-probability matrix: alength= 4 w= 16 nsites= 16 
0.2096 0.1339 0.4192 0.2372 
0.2414 0.3333 0.2282 0.1970 
0.2541 0.3213 0.3183 0.1063 
0.5411 0.0300 0.3922 0.0366 
0.4667 0.3381 0.1405 0.0547 
0.1736 0.5802 0.2444 0.0018 
0.9928 0.0000 0.0072 0.0000 
0.2613 0.0090 0.0246 0.7051 
0.0523 0.2168 0.6811 0.0498 
0.2937 0.0054 0.5315 0.1694 
0.0396 0.4240 0.0006 0.5357 
0.0589 0.1459 0.6643 0.1309 
0.0541 0.0997 0.7502 0.0961 
0.1339 0.6997 0.0330 0.1333 
0.2174 0.2372 0.2823 0.2631 
0.1994 0.2126 0.3934 0.1946 

MOTIF filter12 
letter-probability matrix: alength= 4 w= 12 nsites= 12 
0.2464 0.2424 0.2352 0.2760 
0.3166 0.2041 0.2676 0.2116 
0.1433 0.0445 0.4255 0.3867 
0.1328 0.4158 0.4513 0.0001 
0.0564 0.5939 0.3498 0.0000 
0.0962 0.0090 0.0136 0.8811 
0.5229 0.3837 0.0548 0.0386 
0.0000 0.2349 0.7651 0.0000 
0.5770 0.2064 0.0000 0.2166 
0.2402 0.2456 0.2482 0.2659 
0.2380 0.2467 0.2360 0.2794 
0.2647 0.2340 0.2326 0.2687 

MOTIF filter13 
letter-probability matrix: alength= 4 w= 12 nsites= 12 
0.1222 0.2871 0.1077 0.4831 
0.0644 0.4309 0.2227 0.2821 
0.1488 0.3259 0.4281 0.0972 
0.7596 0.0067 0.2338 0.0000 
0.0006 0.3659 0.0000 0.6335 
0.0316 0.6746 0.0000 0.2937 
0.2499 0.0000 0.7474 0.0028 
0.5852 0.0000 0.3420 0.0727 
0.0783 0.1083 0.0267 0.7868 
0.0494 0.5552 0.1460 0.2493 
0.4248 0.4359 0.0561 0.0833 
0.2488 0.2743 0.2449 0.2321 

MOTIF filter14 
letter-probability matrix: alength= 4 w= 16 nsites= 16 
0.3292 0.2000 0.3100 0.1608 
0.5292 0.1042 0.1558 0.2108 
0.3200 0.1208 0.4375 0.1217 
0.2267 0.0792 0.0192 0.6750 
0.0967 0.5883 0.1258 0.1892 
0.5350 0.0000 0.0483 0.4167 
0.0025 0.4150 0.5583 0.0242 
0.0033 0.9958 0.0000 0.0008 
0.7650 0.0000 0.0000 0.2350 
0.1308 0.1358 0.2050 0.5283 
0.7892 0.0325 0.0000 0.1783 
0.1817 0.1067 0.0292 0.6825 
0.3767 0.0650 0.0058 0.5525 
0.3267 0.1675 0.1925 0.3133 
0.3275 0.1642 0.3392 0.1692 
0.1358 0.1292 0.5392 0.1958 

MOTIF filter15 
letter-probability matrix: alength= 4 w= 12 nsites= 12 
0.3941 0.1702 0.2155 0.2203 
0.3022 0.3041 0.3533 0.0404 
0.1745 0.4955 0.0728 0.2572 
0.1759 0.6979 0.1167 0.0095 
0.4718 0.0253 0.4614 0.0416 
0.2043 0.2295 0.0294 0.5367 
0.0835 0.0108 0.5483 0.3574 
0.0464 0.0605 0.8929 0.0001 
0.0674 0.1067 0.6829 0.1430 
0.1005 0.4713 0.2368 0.1915 
0.1393 0.2132 0.3243 0.3232 
0.1667 0.4449 0.1632 0.2252 

MOTIF filter16 
letter-probability matrix: alength= 4 w= 14 nsites= 14 
0.2425 0.2273 0.2517 0.2785 
0.2425 0.2570 0.2599 0.2406 
0.1874 0.1007 0.3128 0.3990 
0.1459 0.6159 0.0307 0.2075 
0.0234 0.0947 0.0329 0.8490 
0.9196 0.0244 0.0278 0.0283 
0.3423 0.0184 0.0580 0.5814 
0.4587 0.0522 0.0505 0.4386 
0.4449 0.0302 0.0370 0.4879 
0.6246 0.0350 0.0174 0.3229 
0.0826 0.0444 0.1087 0.7643 
0.7860 0.0461 0.0998 0.0681 
0.1930 0.0655 0.6227 0.1188 
0.3647 0.3104 0.1481 0.1768 

MOTIF filter17 
letter-probability matrix: alength= 4 w= 11 nsites= 11 
0.2358 0.2321 0.2687 0.2633 
0.1602 0.2747 0.2441 0.3210 
0.0635 0.4700 0.3533 0.1132 
0.5837 0.0292 0.1399 0.2471 
0.3743 0.0000 0.6256 0.0002 
0.0107 0.9598 0.0231 0.0064 
0.2943 0.0000 0.2162 0.4895 
0.0609 0.0023 0.5881 0.3487 
0.2079 0.3249 0.0067 0.4604 
0.1903 0.3103 0.1271 0.3722 
0.2582 0.2391 0.1888 0.3139 

MOTIF filter18 
letter-probability matrix: alength= 4 w= 15 nsites= 15 
0.2471 0.2135 0.3144 0.2251 
0.3045 0.3068 0.3086 0.0800 
0.0261 0.0597 0.0615 0.8527 
0.0499 0.0383 0.8573 0.0545 
0.9292 0.0331 0.0203 0.0174 
0.0458 0.5580 0.3283 0.0679 
0.1096 0.1769 0.0876 0.6259 
0.0203 0.6537 0.0035 0.3225 
0.6839 0.0012 0.2999 0.0151 
0.1850 0.4124 0.1119 0.2906 
0.2019 0.2871 0.4640 0.0470 
0.0539 0.0603 0.1833 0.7024 
0.0708 0.5133 0.1201 0.2958 
0.4687 0.2065 0.1850 0.1398 
0.1584 0.3260 0.2807 0.2349 

MOTIF filter19 
letter-probability matrix: alength= 4 w= 15 nsites= 15 
0.1436 0.1926 0.4197 0.2441 
0.3798 0.3660 0.1314 0.1229 
0.0245 0.8793 0.0681 0.0282 
0.0266 0.8191 0.0644 0.0899 
0.6851 0.0229 0.1266 0.1654 
0.0410 0.0005 0.0250 0.9335 
0.5819 0.0000 0.4176 0.0005 
0.3165 0.0011 0.0170 0.6654 
0.5170 0.1585 0.3234 0.0011 
0.1548 0.0362 0.0005 0.8085 
0.0181 0.4383 0.5436 0.0000 
0.2894 0.0069 0.5973 0.1064 
0.0681 0.2665 0.2910 0.3745 
0.3202 0.4723 0.1271 0.0803 
0.4250 0.0984 0.1718 0.3048 

MOTIF filter20 
letter-probability matrix: alength= 4 w= 16 nsites= 16 
0.2255 0.2183 0.1420 0.4142 
0.1331 0.1099 0.4913 0.2658 
0.2529 0.3685 0.2094 0.1691 
0.1131 0.6682 0.0892 0.1295 
0.0524 0.5405 0.2747 0.1324 
0.4256 0.4253 0.0314 0.1177 
0.3139 0.2215 0.0096 0.4549 
0.9572 0.0182 0.0246 0.0000 
0.1770 0.0246 0.0967 0.7017 
0.6828 0.1252 0.0036 0.1884 
0.1170 0.0068 0.0200 0.8562 
0.0150 0.0075 0.8573 0.1202 
0.0029 0.0325 0.9240 0.0407 
0.1994 0.3689 0.1923 0.2394 
0.2340 0.3860 0.1823 0.1976 
0.4228 0.1381 0.2601 0.1791 

MOTIF filter21 
letter-probability matrix: alength= 4 w= 13 nsites= 13 
0.1584 0.1704 0.4267 0.2445 
0.4069 0.1380 0.2945 0.1605 
0.2667 0.2998 0.4196 0.0139 
0.0000 0.0435 0.0000 0.9565 
0.0000 0.3439 0.6471 0.0090 
0.9997 0.0000 0.0003 0.0000 
0.0692 0.3470 0.3313 0.2525 
0.0139 0.0719 0.0031 0.9111 
0.1294 0.5894 0.2525 0.0287 
0.7317 0.0327 0.1883 0.0472 
0.1028 0.2754 0.2195 0.4023 
0.2035 0.2782 0.2201 0.2982 
0.2288 0.2383 0.3023 0.2306 

MOTIF filter22 
letter-probability matrix: alength= 4 w= 11 nsites= 11 
0.1492 0.2512 0.2389 0.3607 
0.2994 0.3534 0.1813 0.1659 
0.4058 0.1038 0.4184 0.0719 
0.0938 0.6250 0.2813 0.0000 
0.0650 0.2588 0.6723 0.0039 
0.2658 0.3149 0.0418 0.3775 
0.0021 0.6608 0.3314 0.0057 
0.0000 0.5585 0.3787 0.0628 
0.1574 0.3632 0.3709 0.1085 
0.1522 0.2882 0.1689 0.3908 
0.2153 0.2642 0.1877 0.3327 

MOTIF filter23 
letter-probability matrix: alength= 4 w= 16 nsites= 16 
0.2442 0.2080 0.2987 0.2491 
0.4459 0.2722 0.1117 0.1703 
0.0412 0.6713 0.0726 0.2149 
0.0726 0.6176 0.1759 0.1340 
0.5527 0.0928 0.2435 0.1110 
0.3343 0.0140 0.2233 0.4285 
0.4145 0.4948 0.0900 0.0007 
0.0000 0.5946 0.0028 0.4027 
0.8444 0.1424 0.0000 0.0133 
0.8353 0.0028 0.0070 0.1549 
0.0035 0.0028 0.7278 0.2659 
0.0823 0.4899 0.4257 0.0021 
0.6839 0.0328 0.1214 0.1619 
0.3105 0.3636 0.2756 0.0502 
0.5031 0.1019 0.1619 0.2331 
0.3489 0.1375 0.1800 0.3336 

MOTIF filter24 
letter-probability matrix: alength= 4 w= 14 nsites= 14 
0.2457 0.2513 0.2678 0.2352 
0.2651 0.2589 0.2349 0.2411 
0.4132 0.1831 0.3544 0.0494 
0.0254 0.0178 0.0386 0.9183 
0.0221 0.0208 0.1405 0.8166 
0.3131 0.0259 0.5121 0.1489 
0.0650 0.7187 0.0399 0.1764 
0.2039 0.0534 0.6861 0.0566 
0.1570 0.5375 0.0097 0.2958 
0.8166 0.1348 0.0237 0.0248 
0.9018 0.0402 0.0270 0.0310 
0.0607 0.3172 0.1704 0.4517 
0.2465 0.2702 0.2608 0.2225 
0.2468 0.2430 0.2530 0.2573 

MOTIF filter25 
letter-probability matrix: alength= 4 w= 14 nsites= 14 
0.1925 0.2460 0.2934 0.2681 
0.2072 0.2999 0.4598 0.0331 
0.3649 0.1208 0.2885 0.2259 
0.0242 0.8237 0.1521 0.0000 
0.0014 0.6540 0.1653 0.1793 
0.4316 0.4098 0.1149 0.0437 
0.7125 0.2588 0.0244 0.0043 
0.0055 0.0787 0.1748 0.7410 
0.1742 0.3389 0.2903 0.1966 
0.3330 0.0529 0.6139 0.0002 
0.0142 0.1697 0.7363 0.0797 
0.0809 0.3074 0.1293 0.4824 
0.1700 0.4115 0.1710 0.2476 
0.3068 0.2972 0.2435 0.1525 

MOTIF filter26 
letter-probability matrix: alength= 4 w= 12 nsites= 12 
0.2304 0.2800 0.2428 0.2468 
0.3881 0.2091 0.2406 0.1622 
0.2508 0.2938 0.2889 0.1666 
0.0917 0.9070 0.0013 0.0000 
0.9863 0.0000 0.0124 0.0013 
0.0851 0.7160 0.0798 0.1192 
0.1520 0.0004 0.8374 0.0102 
0.0009 0.0066 0.0000 0.9925 
0.0022 0.0000 0.9836 0.0142 
0.1728 0.2556 0.3195 0.2521 
0.1825 0.2610 0.1852 0.3713 
0.2428 0.2446 0.2570 0.2556 

MOTIF filter27 
letter-probability matrix: alength= 4 w= 9 nsites= 9 
0.1702 0.3609 0.2089 0.2600 
0.2960 0.1211 0.4502 0.1328 
0.3488 0.0100 0.3378 0.3034 
0.0000 0.9099 0.0093 0.0808 
0.1233 0.6846 0.0465 0.1455 
0.0327 0.0000 0.8953 0.0720 
0.2107 0.4555 0.3331 0.0007 
0.3930 0.1738 0.0124 0.4208 
0.0937 0.3746 0.1949 0.3368 

MOTIF filter28 
letter-probability matrix: alength= 4 w= 14 nsites= 14 
0.3006 0.3054 0.1321 0.2620 
0.2632 0.1972 0.1311 0.4084 
0.1522 0.2358 0.0648 0.5472 
0.0728 0.1011 0.0715 0.7546 
0.0546 0.5766 0.2955 0.0734 
0.0112 0.8669 0.0003 0.1216 
0.0680 0.4272 0.2147 0.2900 
0.2620 0.0013 0.7348 0.0019 
0.1174 0.0026 0.8456 0.0345 
0.4528 0.3787 0.1535 0.0150 
0.9167 0.0271 0.0131 0.0431 
0.4001 0.1713 0.1401 0.2884 
0.2601 0.1615 0.1707 0.4078 
0.2805 0.1548 0.2403 0.3245 

MOTIF filter29 
letter-probability matrix: alength= 4 w= 12 nsites= 12 
0.2641 0.2868 0.2307 0.2184 
0.2622 0.2409 0.2423 0.2545 
0.2556 0.2511 0.2779 0.2154 
0.6088 0.0564 0.0236 0.3112 
0.0180 0.0380 0.0048 0.9392 
0.0301 0.2496 0.0283 0.6920 
0.6638 0.0284 0.2810 0.0268 
0.9504 0.0145 0.0312 0.0040 
0.3010 0.0202 0.0670 0.6118 
0.2086 0.2735 0.2545 0.2633 
0.2714 0.2654 0.2192 0.2439 
0.2695 0.2368 0.2326 0.2610 

MOTIF filter30 
letter-probability matrix: alength= 4 w= 17 nsites= 17 
0.3201 0.3201 0.1651 0.1948 
0.0594 0.6531 0.1912 0.0963 
0.1122 0.7343 0.0565 0.0970 
0.6184 0.1521 0.0854 0.1441 
0.1904 0.1825 0.0333 0.5938 
0.8284 0.0000 0.0007 0.1709 
0.1151 0.0007 0.0196 0.8646 
0.6901 0.1484 0.0087 0.1528 
0.0275 0.0934 0.0000 0.8791 
0.0543 0.0000 0.9421 0.0036 
0.0029 0.3360 0.6329 0.0282 
0.0130 0.1245 0.2723 0.5902 
0.0702 0.3838 0.5163 0.0297 
0.8052 0.0319 0.0550 0.1079 
0.1636 0.3845 0.2281 0.2238 
0.2578 0.2411 0.1332 0.3678 
0.2252 0.3172 0.1839 0.2737 

MOTIF filter31 
letter-probability matrix: alength= 4 w= 15 nsites= 15 
0.1427 0.5537 0.1916 0.1120 
0.1573 0.5779 0.1135 0.1513 
0.4846 0.1427 0.1498 0.2229 
0.0061 0.5729 0.0298 0.3913 
0.5038 0.1715 0.0101 0.3147 
0.2340 0.0923 0.3036 0.3701 
0.9128 0.0000 0.0872 0.0000 
0.2471 0.0005 0.0464 0.7060 
0.0076 0.1140 0.3812 0.4972 
0.0111 0.0000 0.9889 0.0000 
0.0030 0.0661 0.8205 0.1104 
0.0847 0.6979 0.0207 0.1967 
0.1926 0.2602 0.1478 0.3994 
0.1810 0.2970 0.3429 0.1790 
0.3127 0.2925 0.2975 0.0973 

