MEME version 4

ALPHABET= ACGT

Background letter frequencies:
A 0.2500 C 0.2500 G 0.2500 T 0.2500 

MOTIF filter0 
letter-probability matrix: alength= 4 w= 16 nsites= 16 
0.1514 0.3542 0.2419 0.2524 
0.1810 0.4560 0.1802 0.1828 
0.5178 0.1514 0.2359 0.0949 
0.1358 0.7450 0.0679 0.0513 
0.2289 0.2063 0.1749 0.3899 
0.2602 0.0496 0.0557 0.6345 
0.0087 0.9278 0.0601 0.0035 
0.1279 0.8703 0.0000 0.0017 
0.0009 0.0000 0.9591 0.0400 
0.0000 0.2654 0.7015 0.0331 
0.5875 0.1506 0.0357 0.2263 
0.3629 0.1984 0.0992 0.3394 
0.0540 0.1297 0.6510 0.1654 
0.0914 0.2733 0.0957 0.5396 
0.2463 0.1784 0.4560 0.1192 
0.2602 0.2637 0.3603 0.1158 

MOTIF filter1 
letter-probability matrix: alength= 4 w= 11 nsites= 11 
0.2488 0.1651 0.2414 0.3447 
0.0791 0.1783 0.3563 0.3863 
0.2938 0.1427 0.3420 0.2216 
0.0761 0.6729 0.2374 0.0137 
0.1529 0.0091 0.5824 0.2557 
0.0434 0.2880 0.1313 0.5372 
0.9993 0.0006 0.0000 0.0001 
0.0147 0.6206 0.3562 0.0085 
0.0303 0.5526 0.2923 0.1247 
0.1099 0.6071 0.1336 0.1494 
0.3612 0.2862 0.0958 0.2568 

MOTIF filter2 
letter-probability matrix: alength= 4 w= 12 nsites= 12 
0.2487 0.1431 0.2396 0.3687 
0.2991 0.1662 0.3419 0.1929 
0.2193 0.1294 0.3553 0.2960 
0.0193 0.4026 0.0772 0.5009 
0.0023 0.2079 0.0154 0.7744 
0.1098 0.7704 0.0214 0.0984 
0.1149 0.6902 0.0953 0.0997 
0.2993 0.2983 0.2821 0.1203 
0.0380 0.4480 0.4930 0.0210 
0.0132 0.4667 0.3148 0.2053 
0.2928 0.3692 0.2575 0.0806 
0.2941 0.4216 0.2062 0.0781 

MOTIF filter3 
letter-probability matrix: alength= 4 w= 14 nsites= 14 
0.2477 0.2509 0.2627 0.2387 
0.2674 0.2490 0.2315 0.2521 
0.3923 0.2014 0.3455 0.0608 
0.0594 0.0483 0.0523 0.8400 
0.0281 0.0099 0.1714 0.7906 
0.2807 0.0772 0.4812 0.1609 
0.0973 0.7094 0.0202 0.1731 
0.1918 0.0459 0.7010 0.0614 
0.1658 0.5244 0.0479 0.2619 
0.7742 0.1724 0.0124 0.0410 
0.8614 0.0521 0.0427 0.0438 
0.0668 0.3201 0.1993 0.4139 
0.2374 0.2728 0.2544 0.2354 
0.2507 0.2366 0.2606 0.2521 

MOTIF filter4 
letter-probability matrix: alength= 4 w= 14 nsites= 14 
0.2016 0.3730 0.2440 0.1813 
0.3004 0.3068 0.2005 0.1923 
0.1906 0.0337 0.5514 0.2243 
0.0389 0.8809 0.0447 0.0354 
0.3440 0.4887 0.0052 0.1621 
0.8088 0.0476 0.1435 0.0000 
0.5119 0.0221 0.2406 0.2255 
0.2208 0.0866 0.0134 0.6793 
0.0023 0.0901 0.0116 0.8960 
0.0291 0.0041 0.5962 0.3707 
0.0349 0.0552 0.8576 0.0523 
0.3300 0.4492 0.0378 0.1830 
0.1615 0.2214 0.2673 0.3498 
0.1557 0.2417 0.4451 0.1575 

MOTIF filter5 
letter-probability matrix: alength= 4 w= 12 nsites= 12 
0.2316 0.2221 0.2295 0.3167 
0.2171 0.1784 0.2836 0.3209 
0.3532 0.1407 0.2603 0.2457 
0.4837 0.0004 0.5109 0.0050 
0.5006 0.0000 0.4986 0.0008 
0.5017 0.4441 0.0542 0.0000 
0.0000 0.3477 0.3903 0.2620 
0.4497 0.1468 0.4034 0.0000 
0.0000 0.1616 0.6906 0.1478 
0.3143 0.4535 0.0772 0.1550 
0.2525 0.2607 0.2015 0.2854 
0.2189 0.2066 0.3011 0.2734 

MOTIF filter6 
letter-probability matrix: alength= 4 w= 11 nsites= 11 
0.3152 0.2931 0.1876 0.2040 
0.0325 0.5582 0.1938 0.2155 
0.3115 0.3010 0.3328 0.0547 
0.5308 0.0000 0.0396 0.4296 
0.0000 0.8151 0.1849 0.0000 
0.0029 0.0000 0.5439 0.4532 
0.0551 0.2277 0.0244 0.6927 
0.3243 0.0645 0.5687 0.0425 
0.1106 0.2760 0.3462 0.2673 
0.2701 0.3091 0.1549 0.2659 
0.1551 0.3104 0.3209 0.2136 

MOTIF filter7 
letter-probability matrix: alength= 4 w= 16 nsites= 16 
0.1776 0.1632 0.1888 0.4704 
0.1068 0.1377 0.4913 0.2642 
0.4387 0.2445 0.1896 0.1273 
0.1188 0.6511 0.1369 0.0932 
0.0704 0.6634 0.1772 0.0890 
0.5683 0.0375 0.1629 0.2313 
0.0170 0.2863 0.0004 0.6963 
0.4228 0.0000 0.5764 0.0008 
0.1938 0.2847 0.0008 0.5207 
0.2979 0.1451 0.5563 0.0008 
0.1103 0.0228 0.0271 0.8398 
0.0190 0.3482 0.6244 0.0085 
0.5311 0.0058 0.4569 0.0062 
0.0081 0.1841 0.3640 0.4437 
0.2925 0.4364 0.1385 0.1327 
0.4023 0.1632 0.1563 0.2781 

MOTIF filter8 
letter-probability matrix: alength= 4 w= 14 nsites= 14 
0.2953 0.1671 0.3083 0.2293 
0.5324 0.0583 0.1528 0.2565 
0.1775 0.2539 0.4249 0.1438 
0.0984 0.0052 0.0272 0.8692 
0.0609 0.9054 0.0039 0.0298 
0.8614 0.0000 0.0000 0.1386 
0.0013 0.0000 0.9741 0.0246 
0.0298 0.9637 0.0065 0.0000 
0.8174 0.0000 0.0000 0.1826 
0.2876 0.1308 0.3484 0.2332 
0.5894 0.0389 0.0065 0.3653 
0.3122 0.1153 0.0725 0.5000 
0.3005 0.1308 0.0427 0.5259 
0.2733 0.2435 0.2332 0.2500 

MOTIF filter9 
letter-probability matrix: alength= 4 w= 14 nsites= 14 
0.1734 0.2560 0.3489 0.2217 
0.3143 0.2490 0.2369 0.1998 
0.3469 0.0790 0.3853 0.1887 
0.0705 0.5439 0.3330 0.0526 
0.0000 0.7715 0.0863 0.1422 
0.5080 0.0235 0.4443 0.0241 
0.3430 0.5826 0.0328 0.0416 
0.0473 0.0578 0.6762 0.2187 
0.1375 0.1661 0.0041 0.6923 
0.0348 0.1488 0.8164 0.0000 
0.0107 0.2158 0.6320 0.1415 
0.1775 0.3348 0.1695 0.3182 
0.2908 0.2474 0.1707 0.2911 
0.1955 0.3796 0.2356 0.1893 

MOTIF filter10 
letter-probability matrix: alength= 4 w= 10 nsites= 10 
0.1895 0.4065 0.2567 0.1472 
0.3802 0.2806 0.0854 0.2537 
0.0903 0.2506 0.2348 0.4243 
0.7826 0.1163 0.1012 0.0000 
0.0006 0.0739 0.0132 0.9123 
0.4991 0.4717 0.0000 0.0292 
0.1928 0.0047 0.5317 0.2708 
0.4269 0.0339 0.4286 0.1106 
0.0000 0.2522 0.3044 0.4434 
0.4274 0.2475 0.1646 0.1605 

MOTIF filter11 
letter-probability matrix: alength= 4 w= 12 nsites= 12 
0.2130 0.5020 0.2099 0.0751 
0.1723 0.3693 0.2627 0.1957 
0.1904 0.4188 0.2457 0.1452 
0.1223 0.6700 0.0207 0.1870 
0.6376 0.2186 0.1438 0.0000 
0.0003 0.0812 0.0075 0.9109 
0.0134 0.7775 0.1988 0.0103 
0.5938 0.0955 0.0877 0.2231 
0.0000 0.1843 0.7259 0.0899 
0.0028 0.4274 0.3333 0.2365 
0.2638 0.4006 0.1736 0.1619 
0.2839 0.4503 0.0902 0.1756 

MOTIF filter12 
letter-probability matrix: alength= 4 w= 15 nsites= 15 
0.2788 0.2022 0.3047 0.2143 
0.2419 0.2192 0.3136 0.2254 
0.1042 0.0739 0.5327 0.2891 
0.0062 0.6423 0.0846 0.2668 
0.0062 0.6281 0.0000 0.3657 
0.5929 0.4062 0.0000 0.0009 
0.1149 0.7345 0.0129 0.1376 
0.2486 0.0000 0.2655 0.4860 
0.1568 0.7470 0.0000 0.0962 
0.2886 0.6040 0.0018 0.1056 
0.0013 0.6383 0.0000 0.3604 
0.5599 0.3555 0.0000 0.0846 
0.0677 0.3154 0.3773 0.2396 
0.2980 0.3479 0.1541 0.2000 
0.2837 0.2298 0.2855 0.2009 

MOTIF filter13 
letter-probability matrix: alength= 4 w= 10 nsites= 10 
0.1086 0.3312 0.1863 0.3739 
0.1433 0.3305 0.3759 0.1503 
0.3879 0.2812 0.3013 0.0296 
0.0642 0.1136 0.8064 0.0158 
0.0009 0.6684 0.0037 0.3270 
0.0401 0.4148 0.5185 0.0266 
0.6397 0.0025 0.3511 0.0066 
0.1919 0.1075 0.4351 0.2655 
0.1693 0.1988 0.2238 0.4081 
0.2308 0.3470 0.1818 0.2404 

MOTIF filter14 
letter-probability matrix: alength= 4 w= 11 nsites= 11 
0.1275 0.2000 0.3335 0.3390 
0.2152 0.1675 0.3849 0.2324 
0.3856 0.0429 0.3009 0.2705 
0.0437 0.3423 0.5505 0.0635 
0.4970 0.0013 0.0034 0.4983 
0.0039 0.8837 0.1111 0.0013 
0.4217 0.0522 0.0002 0.5258 
0.0807 0.6329 0.1954 0.0910 
0.2058 0.4027 0.1139 0.2777 
0.2740 0.2749 0.2435 0.2076 
0.2632 0.2216 0.3227 0.1925 

MOTIF filter15 
letter-probability matrix: alength= 4 w= 15 nsites= 15 
0.2344 0.2823 0.2379 0.2454 
0.3036 0.1952 0.2654 0.2358 
0.1772 0.2684 0.1708 0.3836 
0.0757 0.0133 0.0208 0.8902 
0.0643 0.0833 0.0772 0.7752 
0.2151 0.6324 0.0489 0.1036 
0.1009 0.5813 0.0366 0.2812 
0.2170 0.2413 0.3325 0.2092 
0.2682 0.0482 0.5927 0.0909 
0.1081 0.0455 0.6853 0.1612 
0.7032 0.0939 0.1256 0.0773 
0.8131 0.0683 0.0421 0.0765 
0.4006 0.1699 0.2513 0.1781 
0.2449 0.2433 0.2186 0.2932 
0.2497 0.2458 0.2592 0.2453 

MOTIF filter16 
letter-probability matrix: alength= 4 w= 12 nsites= 12 
0.2265 0.2987 0.2468 0.2280 
0.1705 0.2067 0.2966 0.3262 
0.1590 0.5199 0.0492 0.2719 
0.6778 0.2881 0.0339 0.0002 
0.0008 0.9512 0.0177 0.0303 
0.2932 0.0145 0.6508 0.0415 
0.0705 0.2401 0.0075 0.6819 
0.0624 0.1568 0.7809 0.0000 
0.0002 0.1720 0.5787 0.2491 
0.4172 0.2365 0.1251 0.2212 
0.2267 0.3198 0.1291 0.3245 
0.3030 0.1132 0.4112 0.1726 

MOTIF filter17 
letter-probability matrix: alength= 4 w= 11 nsites= 11 
0.3297 0.1720 0.2789 0.2194 
0.1591 0.0456 0.6144 0.1809 
0.0669 0.2789 0.4169 0.2373 
0.1385 0.5501 0.2964 0.0150 
0.7958 0.0000 0.1322 0.0720 
0.3724 0.0012 0.1939 0.4325 
0.0102 0.6762 0.3028 0.0108 
0.2824 0.5794 0.0499 0.0883 
0.1747 0.2665 0.0994 0.4594 
0.0131 0.3042 0.4810 0.2017 
0.3364 0.2860 0.2658 0.1118 

MOTIF filter18 
letter-probability matrix: alength= 4 w= 15 nsites= 15 
0.3171 0.2476 0.1757 0.2596 
0.1205 0.1055 0.3633 0.4107 
0.1349 0.6097 0.1787 0.0767 
0.0144 0.0000 0.0138 0.9718 
0.5180 0.0000 0.4736 0.0084 
0.5791 0.0156 0.0108 0.3945 
0.1361 0.4359 0.2644 0.1637 
0.4251 0.0000 0.0150 0.5600 
0.2854 0.6055 0.0234 0.0857 
0.1553 0.0006 0.0174 0.8267 
0.6565 0.2302 0.0396 0.0737 
0.1739 0.0821 0.6421 0.1019 
0.3513 0.3273 0.1865 0.1349 
0.2686 0.2098 0.3153 0.2062 
0.2506 0.2464 0.2710 0.2320 

MOTIF filter19 
letter-probability matrix: alength= 4 w= 11 nsites= 11 
0.3857 0.1559 0.2378 0.2206 
0.2125 0.1540 0.2777 0.3558 
0.2013 0.2674 0.3987 0.1327 
0.9221 0.0408 0.0366 0.0005 
0.1847 0.4752 0.1639 0.1762 
0.0005 0.0000 0.4100 0.5894 
0.7594 0.0292 0.0000 0.2114 
0.0251 0.0179 0.9561 0.0010 
0.2301 0.3286 0.0431 0.3981 
0.3805 0.2834 0.1729 0.1632 
0.3925 0.1750 0.2082 0.2243 

MOTIF filter20 
letter-probability matrix: alength= 4 w= 16 nsites= 16 
0.1575 0.3737 0.1161 0.3527 
0.1550 0.2423 0.4228 0.1798 
0.1218 0.0593 0.5038 0.3151 
0.0026 0.9879 0.0000 0.0096 
0.0000 0.5580 0.0644 0.3776 
0.9477 0.0006 0.0185 0.0332 
0.0364 0.0013 0.0096 0.9528 
0.3603 0.2105 0.0682 0.3610 
0.1486 0.0612 0.1129 0.6773 
0.5223 0.0236 0.0006 0.4534 
0.0874 0.0880 0.0695 0.7551 
0.6091 0.0185 0.3310 0.0415 
0.1148 0.0293 0.7838 0.0721 
0.3386 0.2640 0.1747 0.2226 
0.2283 0.3265 0.2462 0.1990 
0.3967 0.1983 0.1945 0.2105 

MOTIF filter21 
letter-probability matrix: alength= 4 w= 13 nsites= 13 
0.3509 0.2606 0.1763 0.2122 
0.1092 0.3859 0.1246 0.3803 
0.0628 0.3934 0.3044 0.2394 
0.1449 0.0585 0.1566 0.6400 
0.0808 0.1942 0.4039 0.3211 
0.2341 0.7659 0.0000 0.0000 
0.0065 0.6599 0.0010 0.3326 
0.2937 0.0003 0.0003 0.7057 
0.4281 0.0029 0.5687 0.0003 
0.0000 0.0013 0.5765 0.4222 
0.4493 0.4169 0.0598 0.0739 
0.5451 0.2184 0.0932 0.1432 
0.2054 0.2502 0.4680 0.0765 

MOTIF filter22 
letter-probability matrix: alength= 4 w= 14 nsites= 14 
0.2743 0.1760 0.2618 0.2879 
0.3980 0.1487 0.2901 0.1632 
0.3653 0.1673 0.2514 0.2160 
0.1046 0.7314 0.1640 0.0000 
0.8229 0.0005 0.0000 0.1765 
0.0065 0.7110 0.2757 0.0068 
0.4666 0.0436 0.4898 0.0000 
0.0027 0.1027 0.2926 0.6020 
0.0330 0.0161 0.4462 0.5048 
0.1969 0.5813 0.0512 0.1705 
0.7788 0.0297 0.0177 0.1738 
0.2016 0.2931 0.2073 0.2980 
0.3062 0.2566 0.2106 0.2266 
0.2277 0.1711 0.2495 0.3517 

MOTIF filter23 
letter-probability matrix: alength= 4 w= 15 nsites= 15 
0.2777 0.2424 0.2903 0.1896 
0.2274 0.3269 0.2507 0.1950 
0.3323 0.2615 0.1440 0.2621 
0.7121 0.0282 0.0732 0.1866 
0.4085 0.2831 0.0792 0.2292 
0.1980 0.0372 0.4979 0.2669 
0.0006 0.0006 0.0000 0.9988 
0.0000 0.0000 1.0000 0.0000 
0.0792 0.5897 0.3113 0.0198 
0.0018 0.2076 0.0174 0.7732 
0.0090 0.0930 0.8212 0.0768 
0.7115 0.1020 0.1458 0.0408 
0.1086 0.4655 0.3191 0.1068 
0.2507 0.1920 0.1854 0.3719 
0.2316 0.3071 0.1530 0.3083 

MOTIF filter24 
letter-probability matrix: alength= 4 w= 14 nsites= 14 
0.2205 0.1596 0.3266 0.2933 
0.0898 0.3585 0.0695 0.4822 
0.1264 0.0206 0.3419 0.5111 
0.8989 0.0003 0.0539 0.0469 
0.0492 0.6970 0.1247 0.1290 
0.0672 0.4097 0.1490 0.3741 
0.3974 0.5131 0.0000 0.0895 
0.7449 0.0246 0.1390 0.0915 
0.0000 0.0406 0.2032 0.7562 
0.6289 0.2976 0.0602 0.0133 
0.6568 0.0190 0.3016 0.0226 
0.3489 0.2295 0.3043 0.1174 
0.1792 0.2803 0.2185 0.3219 
0.2827 0.1975 0.2714 0.2484 

MOTIF filter25 
letter-probability matrix: alength= 4 w= 12 nsites= 12 
0.1820 0.2845 0.2647 0.2688 
0.1661 0.2463 0.2984 0.2892 
0.2582 0.2593 0.3397 0.1428 
0.7022 0.0601 0.0734 0.1643 
0.0001 0.0848 0.0005 0.9146 
0.0007 0.5157 0.0063 0.4774 
0.6392 0.0111 0.3484 0.0013 
0.7588 0.0161 0.2174 0.0077 
0.1908 0.0848 0.0469 0.6775 
0.1683 0.3756 0.2712 0.1848 
0.2976 0.2734 0.2285 0.2005 
0.2049 0.2469 0.3097 0.2385 

MOTIF filter26 
letter-probability matrix: alength= 4 w= 14 nsites= 14 
0.2781 0.1788 0.2620 0.2811 
0.2762 0.1726 0.3505 0.2007 
0.2498 0.3770 0.2198 0.1533 
0.2715 0.6065 0.1080 0.0140 
0.8033 0.1277 0.0418 0.0271 
0.0544 0.6328 0.1953 0.1175 
0.2974 0.0741 0.5114 0.1171 
0.0102 0.0321 0.5325 0.4251 
0.0000 0.0050 0.6827 0.3123 
0.4105 0.0514 0.4296 0.1084 
0.0000 0.5866 0.2051 0.2082 
0.2952 0.2112 0.2607 0.2329 
0.1855 0.2736 0.3029 0.2380 
0.2921 0.2453 0.2586 0.2040 

MOTIF filter27 
letter-probability matrix: alength= 4 w= 12 nsites= 12 
0.2233 0.0887 0.4083 0.2797 
0.2153 0.1034 0.4170 0.2643 
0.0908 0.1635 0.5396 0.2061 
0.0261 0.2805 0.5900 0.1033 
0.1969 0.5060 0.0777 0.2194 
0.0347 0.0599 0.8918 0.0136 
0.0347 0.0071 0.9489 0.0093 
0.3213 0.0145 0.6222 0.0419 
0.4628 0.1022 0.4277 0.0072 
0.3334 0.2808 0.2824 0.1034 
0.2614 0.2471 0.2546 0.2369 
0.2373 0.2362 0.3034 0.2231 

MOTIF filter28 
letter-probability matrix: alength= 4 w= 13 nsites= 13 
0.1562 0.2271 0.3757 0.2410 
0.3771 0.1797 0.3214 0.1218 
0.2282 0.2563 0.2791 0.2365 
0.0000 0.3637 0.0002 0.6362 
0.0000 0.4623 0.5367 0.0009 
0.7343 0.0000 0.2655 0.0002 
0.2316 0.4299 0.1246 0.2140 
0.0148 0.1822 0.0164 0.7867 
0.0034 0.4327 0.5639 0.0000 
0.5965 0.0002 0.4032 0.0002 
0.1173 0.3368 0.3223 0.2235 
0.1429 0.3160 0.2061 0.3350 
0.1480 0.3209 0.2663 0.2647 

MOTIF filter29 
letter-probability matrix: alength= 4 w= 12 nsites= 12 
0.1210 0.3795 0.2683 0.2312 
0.1506 0.4334 0.1438 0.2722 
0.2762 0.1868 0.3230 0.2140 
0.0348 0.6071 0.2942 0.0640 
0.0962 0.6457 0.2457 0.0124 
0.2475 0.0448 0.5464 0.1613 
0.0032 0.8220 0.1749 0.0000 
0.0004 0.6288 0.1671 0.2037 
0.0016 0.1804 0.6111 0.2069 
0.0167 0.4086 0.3136 0.2611 
0.1764 0.4735 0.1258 0.2243 
0.1235 0.3494 0.3174 0.2097 

MOTIF filter30 
letter-probability matrix: alength= 4 w= 12 nsites= 12 
0.2297 0.1194 0.3064 0.3446 
0.1640 0.3062 0.1944 0.3354 
0.2451 0.0218 0.3356 0.3975 
0.3449 0.0053 0.0182 0.6316 
0.3868 0.0023 0.3746 0.2364 
0.7227 0.1975 0.0000 0.0797 
0.4522 0.1985 0.0827 0.2665 
0.1728 0.3299 0.0056 0.4917 
0.0102 0.6034 0.0501 0.3363 
0.4962 0.2454 0.0003 0.2581 
0.0784 0.2003 0.4415 0.2798 
0.3757 0.2573 0.1848 0.1822 

MOTIF filter31 
letter-probability matrix: alength= 4 w= 11 nsites= 11 
0.2764 0.2036 0.2829 0.2370 
0.1459 0.3638 0.3055 0.1847 
0.1752 0.3274 0.2269 0.2706 
0.5275 0.0000 0.4567 0.0158 
0.4553 0.4747 0.0701 0.0000 
0.4809 0.0083 0.1621 0.3488 
0.0000 0.3333 0.6665 0.0002 
0.0001 0.4350 0.0000 0.5648 
0.3526 0.0277 0.4353 0.1845 
0.3121 0.4320 0.0127 0.2432 
0.1835 0.1843 0.2146 0.4176 

