MEME version 4

ALPHABET= ACGT

Background letter frequencies:
A 0.2500 C 0.2500 G 0.2500 T 0.2500 

MOTIF filter0 
letter-probability matrix: alength= 4 w= 13 nsites= 13 
0.2467 0.2537 0.2516 0.2480 
0.0963 0.2953 0.2632 0.3453 
0.1366 0.4970 0.2128 0.1535 
0.5135 0.0275 0.3777 0.0814 
0.1291 0.6472 0.1931 0.0306 
0.1484 0.1366 0.1823 0.5327 
0.0352 0.2241 0.1661 0.5746 
0.3160 0.6760 0.0072 0.0008 
0.0136 0.7194 0.2662 0.0008 
0.0072 0.0074 0.7697 0.2157 
0.5232 0.2044 0.1407 0.1317 
0.1851 0.3012 0.1610 0.3528 
0.0098 0.2367 0.5476 0.2059 

MOTIF filter1 
letter-probability matrix: alength= 4 w= 13 nsites= 13 
0.2617 0.2324 0.2494 0.2565 
0.2405 0.2354 0.2892 0.2349 
0.3425 0.2386 0.3329 0.0860 
0.0404 0.0694 0.0658 0.8243 
0.0206 0.0838 0.7344 0.1613 
0.7916 0.0657 0.1037 0.0390 
0.1002 0.4005 0.4105 0.0887 
0.0419 0.0594 0.0929 0.8058 
0.1553 0.7336 0.0651 0.0459 
0.8223 0.0614 0.0600 0.0563 
0.0820 0.3270 0.2537 0.3373 
0.2365 0.2879 0.2283 0.2472 
0.2464 0.2313 0.2653 0.2570 

MOTIF filter2 
letter-probability matrix: alength= 4 w= 11 nsites= 11 
0.2682 0.1636 0.4057 0.1625 
0.2633 0.0316 0.4838 0.2213 
0.3395 0.0567 0.5219 0.0819 
0.0767 0.0504 0.7661 0.1069 
0.1180 0.0835 0.7087 0.0898 
0.3096 0.3456 0.1134 0.2313 
0.0404 0.0010 0.9010 0.0577 
0.0853 0.0011 0.8525 0.0611 
0.3148 0.0285 0.5433 0.1133 
0.2968 0.1489 0.5074 0.0469 
0.2412 0.3022 0.2834 0.1732 

MOTIF filter3 
letter-probability matrix: alength= 4 w= 15 nsites= 15 
0.1916 0.2819 0.2233 0.3033 
0.2605 0.3126 0.1991 0.2279 
0.4465 0.0726 0.1665 0.3144 
0.0316 0.2837 0.0437 0.6409 
0.0158 0.0223 0.0298 0.9321 
0.0530 0.4130 0.0456 0.4884 
0.0028 0.9005 0.0837 0.0130 
0.1014 0.7516 0.0409 0.1060 
0.1153 0.0009 0.7693 0.1144 
0.0000 0.0260 0.9647 0.0093 
0.7544 0.0149 0.2019 0.0288 
0.8791 0.0484 0.0344 0.0381 
0.4884 0.0772 0.3665 0.0679 
0.2028 0.2307 0.1209 0.4456 
0.2521 0.1953 0.3423 0.2102 

MOTIF filter4 
letter-probability matrix: alength= 4 w= 12 nsites= 12 
0.1339 0.4251 0.2050 0.2360 
0.2268 0.2393 0.2075 0.3264 
0.1088 0.1933 0.6029 0.0950 
0.7657 0.0008 0.1402 0.0933 
0.0000 0.5556 0.0000 0.4444 
0.0000 0.1791 0.0000 0.8209 
0.4582 0.0042 0.5377 0.0000 
0.8197 0.0000 0.1803 0.0000 
0.0506 0.1536 0.0004 0.7954 
0.0360 0.5808 0.2418 0.1414 
0.4167 0.1874 0.2854 0.1105 
0.3192 0.1870 0.3849 0.1088 

MOTIF filter5 
letter-probability matrix: alength= 4 w= 15 nsites= 15 
0.2376 0.3396 0.1895 0.2333 
0.2956 0.1415 0.2091 0.3539 
0.4241 0.1186 0.2502 0.2071 
0.5924 0.0129 0.1190 0.2757 
0.1607 0.3777 0.2939 0.1677 
0.0007 0.0944 0.0000 0.9049 
0.1793 0.3539 0.4480 0.0189 
0.4221 0.1720 0.3131 0.0928 
0.0007 0.0007 0.2008 0.7979 
0.0000 0.0543 0.5520 0.3936 
0.8082 0.0007 0.1885 0.0027 
0.0046 0.1826 0.7581 0.0547 
0.1001 0.3883 0.1826 0.3290 
0.1667 0.2903 0.1166 0.4264 
0.2833 0.1945 0.2323 0.2899 

MOTIF filter6 
letter-probability matrix: alength= 4 w= 13 nsites= 13 
0.2961 0.2497 0.2615 0.1927 
0.2596 0.1123 0.4609 0.1672 
0.2323 0.3221 0.0389 0.4068 
0.2562 0.6294 0.0900 0.0244 
0.8357 0.0056 0.1198 0.0389 
0.1835 0.0013 0.2519 0.5632 
0.0265 0.3135 0.6286 0.0314 
0.5654 0.2245 0.0177 0.1924 
0.0155 0.2186 0.0013 0.7645 
0.0482 0.0244 0.8483 0.0790 
0.4815 0.0584 0.2117 0.2484 
0.0745 0.5520 0.1811 0.1924 
0.1648 0.2473 0.3111 0.2768 

MOTIF filter7 
letter-probability matrix: alength= 4 w= 16 nsites= 16 
0.2354 0.2675 0.2537 0.2434 
0.2342 0.2468 0.2618 0.2572 
0.1068 0.0689 0.4638 0.3605 
0.0299 0.7910 0.0448 0.1343 
0.0034 0.0000 0.0046 0.9920 
0.8622 0.0953 0.0425 0.0000 
0.2021 0.3502 0.0230 0.4248 
0.3858 0.1894 0.0528 0.3720 
0.5741 0.0253 0.2009 0.1998 
0.4569 0.0023 0.4282 0.1125 
0.0000 0.0379 0.0586 0.9036 
0.9828 0.0115 0.0011 0.0046 
0.1699 0.0046 0.7922 0.0333 
0.3961 0.4615 0.0631 0.0792 
0.2824 0.2824 0.2710 0.1642 
0.2135 0.2916 0.2342 0.2606 

MOTIF filter8 
letter-probability matrix: alength= 4 w= 12 nsites= 12 
0.3167 0.2769 0.2631 0.1433 
0.2226 0.3307 0.2513 0.1955 
0.2776 0.0000 0.4472 0.2753 
0.8994 0.0000 0.1006 0.0000 
0.1080 0.5958 0.2332 0.0630 
0.0013 0.7325 0.1168 0.1495 
0.1056 0.1527 0.0002 0.7414 
0.3529 0.1673 0.3101 0.1697 
0.4925 0.0854 0.0175 0.4047 
0.3968 0.1768 0.2065 0.2199 
0.3998 0.1871 0.1546 0.2585 
0.2761 0.2690 0.1773 0.2776 

MOTIF filter9 
letter-probability matrix: alength= 4 w= 14 nsites= 14 
0.2738 0.2100 0.2774 0.2388 
0.4653 0.0811 0.1526 0.3011 
0.3515 0.1601 0.2962 0.1922 
0.1881 0.0136 0.0739 0.7244 
0.1722 0.4534 0.1227 0.2517 
0.6752 0.0077 0.0939 0.2231 
0.0026 0.0481 0.9377 0.0116 
0.0139 0.9817 0.0041 0.0003 
0.5000 0.0661 0.0057 0.4282 
0.3948 0.0841 0.3708 0.1503 
0.6055 0.0620 0.0247 0.3078 
0.2746 0.2200 0.1276 0.3778 
0.3438 0.1302 0.0790 0.4470 
0.2630 0.2638 0.2110 0.2622 

MOTIF filter10 
letter-probability matrix: alength= 4 w= 13 nsites= 13 
0.2894 0.3217 0.2838 0.1052 
0.1288 0.3616 0.1699 0.3397 
0.0442 0.4574 0.3916 0.1068 
0.5437 0.1308 0.3195 0.0060 
0.3596 0.0675 0.4440 0.1289 
0.0502 0.6002 0.0018 0.3478 
0.0010 0.4068 0.5922 0.0000 
0.4941 0.0100 0.3440 0.1519 
0.2122 0.3569 0.0822 0.3487 
0.0017 0.1391 0.1650 0.6942 
0.0734 0.5041 0.3699 0.0526 
0.4376 0.1331 0.3976 0.0317 
0.0756 0.2299 0.5327 0.1619 

MOTIF filter11 
letter-probability matrix: alength= 4 w= 16 nsites= 16 
0.2364 0.2351 0.2472 0.2813 
0.1196 0.1020 0.1077 0.6707 
0.0969 0.0908 0.3036 0.5086 
0.1662 0.4691 0.1483 0.2165 
0.0574 0.7768 0.0990 0.0669 
0.0412 0.5762 0.2776 0.1050 
0.0750 0.0172 0.8923 0.0155 
0.0270 0.0230 0.8848 0.0652 
0.6690 0.0571 0.2003 0.0736 
0.6326 0.0101 0.0382 0.3191 
0.4721 0.2303 0.2273 0.0702 
0.2600 0.2965 0.0554 0.3880 
0.0216 0.3634 0.5711 0.0439 
0.1614 0.2617 0.4070 0.1699 
0.1513 0.2367 0.3053 0.3067 
0.2492 0.3519 0.1493 0.2496 

MOTIF filter12 
letter-probability matrix: alength= 4 w= 11 nsites= 11 
0.2443 0.3565 0.3214 0.0778 
0.3678 0.1850 0.3600 0.0872 
0.2553 0.0097 0.2177 0.5173 
0.1969 0.5807 0.2224 0.0000 
0.1338 0.7727 0.0090 0.0845 
0.0390 0.0187 0.8059 0.1363 
0.0000 0.1846 0.5829 0.2325 
0.5940 0.1516 0.0050 0.2494 
0.0970 0.3580 0.1633 0.3817 
0.0653 0.2513 0.4342 0.2493 
0.2253 0.2224 0.2119 0.3404 

MOTIF filter13 
letter-probability matrix: alength= 4 w= 14 nsites= 14 
0.2372 0.2386 0.2344 0.2898 
0.2709 0.1892 0.3456 0.1943 
0.3262 0.2966 0.2912 0.0861 
0.0820 0.6914 0.0909 0.1357 
0.1037 0.5954 0.2043 0.0965 
0.4542 0.0104 0.4205 0.1150 
0.3381 0.0105 0.1048 0.5466 
0.1326 0.8299 0.0375 0.0000 
0.0000 0.0000 0.5185 0.4815 
0.5658 0.1510 0.0946 0.1886 
0.3892 0.0327 0.0492 0.5289 
0.1061 0.2805 0.3732 0.2403 
0.1148 0.3367 0.2977 0.2508 
0.1683 0.2782 0.2519 0.3016 

MOTIF filter14 
letter-probability matrix: alength= 4 w= 12 nsites= 12 
0.3380 0.2183 0.2745 0.1692 
0.2662 0.1643 0.3265 0.2430 
0.1240 0.6043 0.1572 0.1145 
0.0000 0.6056 0.0938 0.3006 
0.4214 0.1921 0.3512 0.0353 
0.4306 0.1520 0.4148 0.0026 
0.0624 0.2323 0.4007 0.3046 
0.0261 0.5579 0.1578 0.2582 
0.0011 0.5191 0.4798 0.0000 
0.1360 0.2106 0.4286 0.2248 
0.2132 0.2800 0.2795 0.2273 
0.2054 0.2268 0.1737 0.3941 

MOTIF filter15 
letter-probability matrix: alength= 4 w= 16 nsites= 16 
0.2099 0.2409 0.2989 0.2504 
0.1669 0.3434 0.1804 0.3092 
0.0930 0.1550 0.4841 0.2679 
0.6685 0.0445 0.1423 0.1447 
0.2750 0.0246 0.3060 0.3943 
0.6860 0.0294 0.2846 0.0000 
0.0016 0.0429 0.0056 0.9499 
0.6669 0.1892 0.0898 0.0541 
0.0000 0.1693 0.5469 0.2838 
1.0000 0.0000 0.0000 0.0000 
0.0000 0.5095 0.2083 0.2822 
0.3704 0.1733 0.1741 0.2822 
0.0199 0.5207 0.0930 0.3665 
0.2870 0.3943 0.2019 0.1169 
0.1948 0.2250 0.1423 0.4380 
0.2146 0.2027 0.2528 0.3299 

MOTIF filter16 
letter-probability matrix: alength= 4 w= 15 nsites= 15 
0.1906 0.3356 0.2826 0.1912 
0.2758 0.3081 0.2587 0.1574 
0.1631 0.2660 0.1688 0.4021 
0.0052 0.0234 0.0166 0.9548 
0.1158 0.0525 0.0281 0.8036 
0.0156 0.9236 0.0073 0.0535 
0.0894 0.7891 0.0036 0.1179 
0.2005 0.3070 0.2379 0.2545 
0.1392 0.0281 0.8088 0.0239 
0.0177 0.0249 0.8743 0.0831 
0.7761 0.0478 0.0945 0.0816 
0.8068 0.1319 0.0384 0.0229 
0.5132 0.1216 0.1818 0.1834 
0.2255 0.2566 0.2384 0.2795 
0.2421 0.2722 0.2732 0.2125 

MOTIF filter17 
letter-probability matrix: alength= 4 w= 16 nsites= 16 
0.2024 0.1653 0.1383 0.4940 
0.1100 0.1534 0.5072 0.2294 
0.2810 0.2458 0.1634 0.3099 
0.0069 0.9642 0.0006 0.0283 
0.0000 0.5657 0.0013 0.4331 
0.9070 0.0006 0.0031 0.0893 
0.1175 0.0044 0.0069 0.8712 
0.7668 0.0000 0.0013 0.2319 
0.2326 0.0044 0.0013 0.7618 
0.8887 0.0126 0.0000 0.0987 
0.0830 0.0000 0.0000 0.9170 
0.4337 0.0038 0.5625 0.0000 
0.0113 0.0000 0.9881 0.0006 
0.2709 0.1911 0.2533 0.2847 
0.2596 0.4821 0.1571 0.1012 
0.5336 0.1219 0.1358 0.2087 

MOTIF filter18 
letter-probability matrix: alength= 4 w= 11 nsites= 11 
0.2590 0.0264 0.3266 0.3879 
0.2559 0.4111 0.3330 0.0000 
0.0496 0.2878 0.1395 0.5231 
0.0152 0.9812 0.0016 0.0020 
0.1127 0.3966 0.3226 0.1681 
0.0681 0.0337 0.7666 0.1316 
0.5290 0.1534 0.0738 0.2438 
0.0000 0.5154 0.1870 0.2977 
0.2962 0.2598 0.2075 0.2364 
0.1946 0.2804 0.2545 0.2705 
0.2096 0.1866 0.2354 0.3684 

MOTIF filter19 
letter-probability matrix: alength= 4 w= 17 nsites= 17 
0.2910 0.2950 0.1770 0.2370 
0.3530 0.1450 0.2770 0.2250 
0.1590 0.3480 0.3240 0.1690 
0.7310 0.0370 0.1880 0.0440 
0.6530 0.1410 0.1910 0.0150 
0.4590 0.1410 0.3790 0.0210 
0.5790 0.2740 0.1470 0.0000 
0.0320 0.4010 0.0010 0.5660 
0.0010 0.0000 0.9990 0.0000 
0.0000 0.0000 1.0000 0.0000 
0.4110 0.5330 0.0010 0.0550 
0.4260 0.1400 0.2760 0.1580 
0.0630 0.0690 0.8430 0.0250 
0.1080 0.5810 0.0080 0.3030 
0.2390 0.2090 0.3720 0.1800 
0.2250 0.2390 0.3850 0.1510 
0.2440 0.3040 0.2600 0.1920 

MOTIF filter20 
letter-probability matrix: alength= 4 w= 12 nsites= 12 
0.1460 0.2570 0.2397 0.3573 
0.1990 0.2441 0.3109 0.2460 
0.2794 0.2127 0.4407 0.0672 
0.0646 0.5395 0.3959 0.0001 
0.0238 0.0008 0.2148 0.7606 
0.0108 0.1105 0.7953 0.0835 
0.3985 0.4320 0.0002 0.1692 
0.5323 0.1814 0.2494 0.0369 
0.0002 0.5142 0.4378 0.0478 
0.2735 0.2946 0.2366 0.1953 
0.2795 0.2582 0.2498 0.2125 
0.2812 0.2232 0.3003 0.1953 

MOTIF filter21 
letter-probability matrix: alength= 4 w= 13 nsites= 13 
0.3393 0.2117 0.2045 0.2445 
0.2163 0.2615 0.2601 0.2620 
0.0481 0.5188 0.1923 0.2409 
0.0399 0.0642 0.0257 0.8701 
0.0411 0.1013 0.3335 0.5241 
0.4204 0.5796 0.0000 0.0000 
0.0000 0.4026 0.0000 0.5974 
0.3616 0.0440 0.1884 0.4059 
0.4059 0.0002 0.5938 0.0000 
0.0000 0.0002 0.7632 0.2365 
0.5575 0.2755 0.0837 0.0833 
0.6174 0.1280 0.0890 0.1655 
0.2671 0.2397 0.3335 0.1598 

MOTIF filter22 
letter-probability matrix: alength= 4 w= 10 nsites= 10 
0.1814 0.5010 0.2012 0.1165 
0.4187 0.1068 0.2192 0.2552 
0.1124 0.1615 0.2462 0.4799 
0.6158 0.3594 0.0241 0.0007 
0.0000 0.8777 0.1145 0.0078 
0.3083 0.0635 0.4386 0.1896 
0.1426 0.6429 0.0677 0.1468 
0.1905 0.2396 0.2962 0.2737 
0.0241 0.2287 0.4055 0.3417 
0.0203 0.1885 0.4026 0.3886 

MOTIF filter23 
letter-probability matrix: alength= 4 w= 12 nsites= 12 
0.1378 0.4028 0.1047 0.3548 
0.5214 0.1584 0.2516 0.0687 
0.3387 0.0118 0.1925 0.4570 
0.4666 0.5115 0.0065 0.0154 
0.0835 0.3608 0.1647 0.3910 
0.8869 0.0677 0.0091 0.0362 
0.0504 0.0480 0.0101 0.8915 
0.3120 0.0074 0.6495 0.0310 
0.0283 0.0055 0.7062 0.2600 
0.2614 0.4191 0.0819 0.2376 
0.0343 0.3241 0.2206 0.4210 
0.3769 0.1147 0.3497 0.1587 

MOTIF filter24 
letter-probability matrix: alength= 4 w= 12 nsites= 12 
0.1634 0.2867 0.3079 0.2421 
0.0344 0.4972 0.1703 0.2981 
0.0945 0.5245 0.0546 0.3264 
0.0950 0.8097 0.0215 0.0738 
0.0957 0.8358 0.0007 0.0678 
0.2091 0.1776 0.3392 0.2741 
0.0683 0.8125 0.0286 0.0906 
0.1054 0.7736 0.0719 0.0491 
0.0504 0.5598 0.0498 0.3400 
0.2168 0.5076 0.0265 0.2491 
0.1498 0.4053 0.1721 0.2728 
0.2230 0.2854 0.2480 0.2436 

MOTIF filter25 
letter-probability matrix: alength= 4 w= 12 nsites= 12 
0.2526 0.2507 0.2597 0.2370 
0.3402 0.2211 0.2687 0.1700 
0.2449 0.3200 0.2645 0.1706 
0.1511 0.7232 0.0826 0.0431 
0.8053 0.0281 0.1039 0.0628 
0.0358 0.6882 0.0435 0.2325 
0.1989 0.0685 0.7064 0.0262 
0.0796 0.0957 0.0258 0.7989 
0.0313 0.0320 0.8529 0.0838 
0.1883 0.2629 0.2851 0.2637 
0.1936 0.2775 0.2018 0.3271 
0.2374 0.2465 0.2492 0.2669 

MOTIF filter26 
letter-probability matrix: alength= 4 w= 14 nsites= 14 
0.2544 0.2508 0.2520 0.2428 
0.2595 0.2577 0.2284 0.2544 
0.4254 0.1787 0.3396 0.0562 
0.0422 0.0221 0.0406 0.8951 
0.0252 0.0223 0.1542 0.7983 
0.3270 0.0193 0.4999 0.1538 
0.0828 0.6486 0.0619 0.2067 
0.2043 0.0891 0.6565 0.0501 
0.1722 0.5451 0.0116 0.2710 
0.7543 0.1696 0.0373 0.0388 
0.8994 0.0388 0.0325 0.0294 
0.0609 0.3224 0.1718 0.4449 
0.2516 0.2631 0.2524 0.2329 
0.2522 0.2307 0.2562 0.2609 

MOTIF filter27 
letter-probability matrix: alength= 4 w= 12 nsites= 12 
0.1861 0.3559 0.2736 0.1844 
0.1232 0.3419 0.2921 0.2428 
0.2958 0.3019 0.2989 0.1034 
0.7316 0.1072 0.0083 0.1529 
0.0003 0.0525 0.0862 0.8609 
0.0017 0.4972 0.0303 0.4707 
0.6662 0.0023 0.3315 0.0000 
0.8108 0.1199 0.0608 0.0084 
0.1850 0.0282 0.0452 0.7416 
0.1795 0.2299 0.3200 0.2705 
0.2243 0.2940 0.2188 0.2630 
0.1947 0.2598 0.3090 0.2365 

MOTIF filter28 
letter-probability matrix: alength= 4 w= 13 nsites= 13 
0.2300 0.2856 0.2601 0.2243 
0.2050 0.3776 0.2306 0.1868 
0.1045 0.0755 0.6990 0.1210 
0.1357 0.7831 0.0806 0.0006 
0.0551 0.9336 0.0034 0.0080 
0.8325 0.0034 0.0136 0.1505 
0.2112 0.0142 0.1976 0.5769 
0.0948 0.6201 0.0806 0.2044 
0.0006 0.5627 0.0085 0.4282 
0.0000 0.0102 0.7439 0.2459 
0.1005 0.3288 0.5009 0.0698 
0.2192 0.4378 0.0943 0.2487 
0.3180 0.1817 0.2169 0.2834 

MOTIF filter29 
letter-probability matrix: alength= 4 w= 16 nsites= 16 
0.1991 0.2602 0.1931 0.3475 
0.1918 0.2525 0.3918 0.1639 
0.1492 0.1432 0.4249 0.2826 
0.0009 0.9961 0.0004 0.0026 
0.0000 0.6404 0.0000 0.3596 
0.9940 0.0009 0.0000 0.0052 
0.2404 0.0000 0.0000 0.7596 
0.4615 0.0903 0.0778 0.3703 
0.3131 0.0047 0.0030 0.6791 
0.5299 0.0017 0.0000 0.4684 
0.0370 0.0391 0.2340 0.6899 
0.4374 0.0331 0.4895 0.0400 
0.0843 0.1406 0.6886 0.0865 
0.2563 0.2555 0.2366 0.2516 
0.2267 0.3449 0.2529 0.1755 
0.3643 0.2469 0.1798 0.2090 

MOTIF filter30 
letter-probability matrix: alength= 4 w= 13 nsites= 13 
0.2433 0.2542 0.2644 0.2382 
0.1954 0.0549 0.5128 0.2369 
0.0492 0.4438 0.4904 0.0166 
0.0817 0.5032 0.2120 0.2031 
0.5983 0.0013 0.3372 0.0632 
0.0824 0.0064 0.4457 0.4655 
0.0166 0.4144 0.5006 0.0683 
0.0300 0.8391 0.0971 0.0338 
0.4579 0.0000 0.0000 0.5421 
0.0307 0.8174 0.1475 0.0045 
0.0402 0.2803 0.5581 0.1213 
0.4298 0.4080 0.0057 0.1564 
0.0824 0.3455 0.2254 0.3467 

MOTIF filter31 
letter-probability matrix: alength= 4 w= 11 nsites= 11 
0.1526 0.2603 0.3672 0.2200 
0.1517 0.4195 0.4136 0.0152 
0.3277 0.3735 0.2525 0.0463 
0.0000 0.2656 0.5352 0.1991 
0.6237 0.1461 0.0040 0.2263 
0.3134 0.1822 0.5043 0.0000 
0.0524 0.1608 0.4296 0.3572 
0.0011 0.7164 0.1060 0.1765 
0.3097 0.3638 0.2278 0.0987 
0.2506 0.3810 0.2624 0.1060 
0.1210 0.5011 0.0814 0.2965 

