MEME version 4

ALPHABET= ACGT

Background letter frequencies:
A 0.2500 C 0.2500 G 0.2500 T 0.2500 

MOTIF filter0 
letter-probability matrix: alength= 4 w= 13 nsites= 13 
0.1684 0.3444 0.3353 0.1519 
0.3099 0.3540 0.2150 0.1212 
0.1912 0.1338 0.3208 0.3541 
0.0001 0.8450 0.0000 0.1549 
0.0001 0.6221 0.3778 0.0000 
0.5063 0.0267 0.4102 0.0569 
0.1844 0.2803 0.2992 0.2361 
0.0057 0.1738 0.1061 0.7144 
0.0003 0.7159 0.2079 0.0760 
0.3595 0.0513 0.5892 0.0000 
0.0781 0.4250 0.2402 0.2566 
0.2429 0.2262 0.3150 0.2159 
0.2496 0.2998 0.2286 0.2219 

MOTIF filter1 
letter-probability matrix: alength= 4 w= 11 nsites= 11 
0.3869 0.0722 0.1825 0.3583 
0.3586 0.2225 0.1321 0.2867 
0.1183 0.1386 0.1924 0.5507 
0.0012 0.1020 0.6669 0.2299 
0.0433 0.9496 0.0003 0.0068 
0.3291 0.0418 0.3159 0.3132 
0.0000 0.0000 0.9736 0.0264 
0.5990 0.3844 0.0126 0.0040 
0.5907 0.0824 0.2566 0.0704 
0.1533 0.1017 0.3417 0.4032 
0.1835 0.2707 0.0983 0.4474 

MOTIF filter2 
letter-probability matrix: alength= 4 w= 16 nsites= 16 
0.2939 0.1312 0.2328 0.3421 
0.1216 0.1248 0.5241 0.2296 
0.2885 0.1901 0.3576 0.1639 
0.0691 0.5173 0.0468 0.3668 
0.0145 0.2305 0.3640 0.3910 
0.6800 0.0085 0.0083 0.3032 
0.1152 0.1782 0.1144 0.5922 
0.5107 0.0170 0.0170 0.4554 
0.0799 0.4529 0.0831 0.3842 
0.8388 0.0783 0.0055 0.0774 
0.0878 0.1992 0.0319 0.6811 
0.3396 0.0850 0.5345 0.0410 
0.0402 0.0785 0.8103 0.0710 
0.1442 0.2843 0.2605 0.3109 
0.2358 0.4599 0.2082 0.0961 
0.3978 0.2024 0.1971 0.2028 

MOTIF filter3 
letter-probability matrix: alength= 4 w= 14 nsites= 14 
0.2686 0.2428 0.2479 0.2406 
0.1851 0.3078 0.2001 0.3069 
0.0621 0.1090 0.0551 0.7737 
0.1915 0.1007 0.0793 0.6284 
0.0746 0.8164 0.0590 0.0500 
0.0844 0.8649 0.0051 0.0456 
0.0472 0.5577 0.3458 0.0494 
0.0427 0.0038 0.8630 0.0905 
0.0169 0.0325 0.7454 0.2052 
0.6612 0.0169 0.2065 0.1154 
0.7393 0.0644 0.1434 0.0529 
0.3655 0.1472 0.3117 0.1756 
0.2336 0.2151 0.2884 0.2629 
0.2141 0.2492 0.3196 0.2170 

MOTIF filter4 
letter-probability matrix: alength= 4 w= 16 nsites= 16 
0.2712 0.2364 0.2602 0.2322 
0.2619 0.2695 0.2280 0.2407 
0.1186 0.0839 0.3788 0.4186 
0.0602 0.8331 0.0229 0.0839 
0.0076 0.0025 0.0653 0.9246 
0.8737 0.1025 0.0237 0.0000 
0.2542 0.2695 0.0017 0.4746 
0.3695 0.2271 0.0076 0.3958 
0.4983 0.0025 0.1347 0.3644 
0.6500 0.0051 0.0305 0.3144 
0.0000 0.0195 0.0220 0.9585 
0.9941 0.0051 0.0008 0.0000 
0.1373 0.0017 0.8492 0.0119 
0.4636 0.4102 0.0542 0.0720 
0.2517 0.2424 0.2432 0.2627 
0.2576 0.2737 0.2441 0.2246 

MOTIF filter5 
letter-probability matrix: alength= 4 w= 10 nsites= 10 
0.3574 0.0992 0.2893 0.2541 
0.2044 0.2037 0.1991 0.3928 
0.1636 0.0453 0.4703 0.3209 
0.9589 0.0022 0.0207 0.0182 
0.0965 0.4846 0.2625 0.1564 
0.0573 0.0000 0.1175 0.8252 
0.8345 0.0897 0.0000 0.0759 
0.3756 0.2482 0.2445 0.1317 
0.2066 0.1194 0.0568 0.6171 
0.4156 0.2767 0.0892 0.2185 

MOTIF filter6 
letter-probability matrix: alength= 4 w= 13 nsites= 13 
0.2683 0.2426 0.2471 0.2421 
0.3562 0.2942 0.2991 0.0505 
0.0662 0.0296 0.0773 0.8269 
0.0380 0.0043 0.1569 0.8008 
0.2636 0.1489 0.4423 0.1451 
0.0617 0.7387 0.0236 0.1761 
0.1635 0.0050 0.7728 0.0587 
0.0989 0.4540 0.1990 0.2481 
0.8297 0.1073 0.0223 0.0408 
0.7430 0.0713 0.1288 0.0569 
0.0549 0.3123 0.2790 0.3538 
0.2145 0.2757 0.2529 0.2568 
0.2460 0.2283 0.2759 0.2498 

MOTIF filter7 
letter-probability matrix: alength= 4 w= 14 nsites= 14 
0.2502 0.2348 0.2908 0.2242 
0.1739 0.4242 0.2155 0.1865 
0.0357 0.8812 0.0647 0.0184 
0.5990 0.0309 0.0000 0.3700 
0.4203 0.0715 0.3043 0.2039 
0.6512 0.0560 0.2512 0.0415 
0.3778 0.0077 0.0000 0.6145 
0.1266 0.0000 0.0000 0.8734 
0.0068 0.0000 0.9729 0.0203 
0.0019 0.0106 0.9874 0.0000 
0.0696 0.6193 0.0773 0.2338 
0.0696 0.3014 0.2986 0.3304 
0.1749 0.2821 0.4918 0.0512 
0.3894 0.3923 0.1140 0.1043 

MOTIF filter8 
letter-probability matrix: alength= 4 w= 10 nsites= 10 
0.1999 0.2097 0.2894 0.3010 
0.2660 0.2935 0.2764 0.1641 
0.2866 0.3232 0.1166 0.2736 
0.7969 0.0402 0.1576 0.0053 
0.0001 0.0070 0.3088 0.6841 
0.4034 0.1757 0.0150 0.4059 
0.0000 0.0186 0.0000 0.9814 
0.1332 0.2297 0.2083 0.4289 
0.2879 0.2026 0.3058 0.2036 
0.3682 0.3288 0.0072 0.2958 

MOTIF filter9 
letter-probability matrix: alength= 4 w= 11 nsites= 11 
0.2458 0.2108 0.2575 0.2860 
0.3004 0.2914 0.3834 0.0247 
0.3585 0.3646 0.1289 0.1480 
0.6177 0.3632 0.0191 0.0000 
0.0000 0.5401 0.4599 0.0000 
0.0056 0.0310 0.4420 0.5213 
0.0269 0.2805 0.2987 0.3939 
0.0022 0.5043 0.3009 0.1926 
0.3485 0.2544 0.1648 0.2323 
0.2307 0.2414 0.2743 0.2537 
0.2669 0.2241 0.2521 0.2569 

MOTIF filter10 
letter-probability matrix: alength= 4 w= 14 nsites= 14 
0.2792 0.2263 0.2560 0.2384 
0.0877 0.3649 0.1961 0.3513 
0.0020 0.0665 0.1331 0.7984 
0.0015 0.3589 0.0030 0.6366 
0.0131 0.9652 0.0000 0.0217 
0.0020 0.9274 0.0005 0.0701 
0.0721 0.4476 0.3110 0.1694 
0.1250 0.1079 0.6935 0.0736 
0.0181 0.3493 0.5600 0.0726 
0.3140 0.5822 0.0459 0.0580 
0.3377 0.5897 0.0262 0.0464 
0.2500 0.5025 0.0580 0.1895 
0.1462 0.4607 0.1986 0.1946 
0.2026 0.3185 0.2354 0.2434 

MOTIF filter11 
letter-probability matrix: alength= 4 w= 10 nsites= 10 
0.2097 0.2622 0.2610 0.2671 
0.2191 0.0328 0.4399 0.3083 
0.1428 0.2741 0.5032 0.0799 
0.4700 0.0000 0.1451 0.3849 
0.0116 0.3297 0.6370 0.0216 
0.4159 0.0002 0.0000 0.5839 
0.0010 0.7499 0.2124 0.0367 
0.4848 0.2557 0.0121 0.2474 
0.1852 0.3321 0.2485 0.2343 
0.2843 0.2555 0.2816 0.1786 

MOTIF filter12 
letter-probability matrix: alength= 4 w= 10 nsites= 10 
0.2109 0.2628 0.2497 0.2767 
0.1839 0.2788 0.2847 0.2527 
0.2792 0.2177 0.2371 0.2660 
0.0109 0.4187 0.5673 0.0032 
0.0000 0.0043 0.0000 0.9957 
0.8374 0.0000 0.0027 0.1599 
0.0000 0.9727 0.0273 0.0000 
0.1819 0.3794 0.3393 0.0994 
0.1171 0.3331 0.3872 0.1626 
0.1986 0.1899 0.3810 0.2305 

MOTIF filter13 
letter-probability matrix: alength= 4 w= 14 nsites= 14 
0.2539 0.2794 0.2262 0.2405 
0.0998 0.2105 0.1524 0.5373 
0.1340 0.2439 0.1748 0.4473 
0.8755 0.1234 0.0011 0.0000 
0.2078 0.2065 0.2695 0.3162 
0.2947 0.5176 0.0000 0.1877 
0.0294 0.2454 0.2528 0.4724 
0.5278 0.0000 0.4663 0.0059 
0.0000 0.0000 0.8379 0.1621 
0.6360 0.0410 0.0685 0.2545 
0.0000 0.5187 0.1182 0.3631 
0.3344 0.2031 0.0499 0.4126 
0.1539 0.3259 0.3078 0.2124 
0.3044 0.1936 0.2469 0.2551 

MOTIF filter14 
letter-probability matrix: alength= 4 w= 12 nsites= 12 
0.1476 0.3771 0.1833 0.2920 
0.2231 0.2538 0.2847 0.2384 
0.2300 0.2700 0.3592 0.1408 
0.6885 0.0151 0.0774 0.2189 
0.0003 0.4766 0.0295 0.4936 
0.0000 0.2849 0.0000 0.7151 
0.5085 0.0056 0.4858 0.0002 
0.6842 0.0000 0.3158 0.0000 
0.0790 0.0137 0.0000 0.9073 
0.0731 0.4401 0.2870 0.1998 
0.2823 0.2170 0.3476 0.1531 
0.2062 0.1993 0.4594 0.1351 

MOTIF filter15 
letter-probability matrix: alength= 4 w= 11 nsites= 11 
0.2612 0.3815 0.2442 0.1130 
0.1628 0.2951 0.1761 0.3660 
0.2853 0.0813 0.0582 0.5751 
0.0075 0.0127 0.0032 0.9767 
0.1708 0.1722 0.0464 0.6106 
0.5051 0.1086 0.0853 0.3011 
0.9701 0.0018 0.0070 0.0212 
0.6639 0.0141 0.0246 0.2974 
0.4372 0.1482 0.2578 0.1568 
0.1149 0.2583 0.2875 0.3393 
0.2824 0.2172 0.2022 0.2981 

MOTIF filter16 
letter-probability matrix: alength= 4 w= 14 nsites= 14 
0.2362 0.2432 0.2610 0.2596 
0.2883 0.2683 0.2331 0.2103 
0.2445 0.3975 0.1732 0.1847 
0.5282 0.0033 0.4553 0.0132 
0.3710 0.3399 0.0628 0.2263 
0.2106 0.5659 0.2156 0.0080 
0.7258 0.0001 0.2734 0.0007 
0.0000 0.0024 0.0039 0.9937 
0.0000 0.3018 0.5489 0.1493 
0.2805 0.1783 0.2655 0.2757 
0.1395 0.4707 0.0028 0.3870 
0.2122 0.2465 0.3524 0.1888 
0.2149 0.2789 0.2745 0.2317 
0.2651 0.3986 0.0742 0.2621 

MOTIF filter17 
letter-probability matrix: alength= 4 w= 16 nsites= 16 
0.2493 0.3003 0.2151 0.2353 
0.2085 0.0958 0.1986 0.4971 
0.1887 0.1149 0.1788 0.5176 
0.5330 0.0760 0.0070 0.3840 
0.5576 0.2188 0.0132 0.2104 
0.3297 0.3957 0.1568 0.1178 
0.7948 0.0407 0.0319 0.1325 
0.0499 0.0668 0.4163 0.4670 
0.2720 0.0015 0.6597 0.0668 
0.1590 0.0033 0.6931 0.1446 
0.8330 0.1601 0.0040 0.0029 
0.5609 0.0855 0.1046 0.2489 
0.1083 0.0789 0.7078 0.1050 
0.1226 0.4710 0.3150 0.0914 
0.1902 0.2133 0.3429 0.2537 
0.2507 0.3667 0.2148 0.1678 

MOTIF filter18 
letter-probability matrix: alength= 4 w= 13 nsites= 13 
0.3229 0.2973 0.1737 0.2061 
0.2085 0.2249 0.1093 0.4572 
0.2000 0.1645 0.2207 0.4148 
0.1287 0.7456 0.1253 0.0003 
0.0821 0.5089 0.0265 0.3826 
0.0981 0.0004 0.8012 0.1003 
0.1157 0.6674 0.2139 0.0030 
0.1135 0.3451 0.3754 0.1659 
0.0000 0.0733 0.3407 0.5860 
0.1764 0.6967 0.0242 0.1028 
0.4384 0.2694 0.0867 0.2054 
0.1477 0.3496 0.2521 0.2506 
0.2131 0.3262 0.1692 0.2915 

MOTIF filter19 
letter-probability matrix: alength= 4 w= 10 nsites= 10 
0.2484 0.2196 0.3463 0.1857 
0.3069 0.3591 0.0000 0.3339 
0.1039 0.2320 0.5529 0.1112 
0.4346 0.0237 0.0047 0.5369 
0.0114 0.7700 0.1730 0.0456 
0.3493 0.2938 0.0215 0.3354 
0.0546 0.7745 0.1643 0.0066 
0.2876 0.2954 0.1208 0.2962 
0.1586 0.3352 0.2285 0.2778 
0.1955 0.3187 0.2677 0.2181 

MOTIF filter20 
letter-probability matrix: alength= 4 w= 13 nsites= 13 
0.2446 0.2377 0.2467 0.2709 
0.4032 0.0343 0.2012 0.3613 
0.0260 0.1452 0.0239 0.8048 
0.0012 0.0237 0.0025 0.9726 
0.2320 0.4161 0.2893 0.0626 
0.6032 0.2030 0.0067 0.1871 
0.0976 0.0239 0.0511 0.8274 
0.1643 0.1436 0.2504 0.4417 
0.1680 0.0097 0.6628 0.1595 
0.5850 0.0856 0.2881 0.0412 
0.5629 0.2267 0.0368 0.1735 
0.3148 0.2543 0.1606 0.2702 
0.2598 0.3639 0.1478 0.2285 

MOTIF filter21 
letter-probability matrix: alength= 4 w= 10 nsites= 10 
0.1826 0.2820 0.2030 0.3324 
0.1023 0.2714 0.3472 0.2790 
0.5009 0.3129 0.1811 0.0051 
0.0126 0.0356 0.0895 0.8622 
0.5600 0.1610 0.2756 0.0034 
0.0000 0.0043 0.6793 0.3164 
0.8279 0.0994 0.0003 0.0724 
0.3890 0.2077 0.1315 0.2718 
0.3548 0.2551 0.1700 0.2201 
0.2545 0.1724 0.3015 0.2716 

MOTIF filter22 
letter-probability matrix: alength= 4 w= 13 nsites= 13 
0.2494 0.2449 0.2512 0.2545 
0.2383 0.2439 0.2633 0.2545 
0.4208 0.2501 0.2723 0.0568 
0.0120 0.3813 0.0792 0.5275 
0.0717 0.3979 0.3318 0.1986 
0.6291 0.0655 0.2968 0.0086 
0.1988 0.1072 0.2617 0.4323 
0.0006 0.2519 0.0059 0.7415 
0.0521 0.0552 0.8920 0.0007 
0.8103 0.0891 0.0978 0.0028 
0.3318 0.3112 0.1818 0.1752 
0.1149 0.2593 0.1663 0.4594 
0.2465 0.3514 0.2214 0.1807 

MOTIF filter23 
letter-probability matrix: alength= 4 w= 14 nsites= 14 
0.2749 0.2228 0.2795 0.2228 
0.0436 0.7144 0.0619 0.1801 
0.1215 0.0591 0.0985 0.7209 
0.0328 0.0000 0.2195 0.7477 
0.0117 0.9883 0.0000 0.0000 
0.0000 0.8579 0.0000 0.1421 
0.6046 0.0183 0.3053 0.0718 
0.2500 0.0629 0.4855 0.2017 
0.0098 0.0779 0.3874 0.5249 
0.2411 0.2228 0.1037 0.4325 
0.6074 0.0361 0.0727 0.2838 
0.2730 0.1266 0.4020 0.1984 
0.3110 0.2448 0.1792 0.2650 
0.2608 0.2397 0.2509 0.2486 

MOTIF filter24 
letter-probability matrix: alength= 4 w= 14 nsites= 14 
0.2774 0.2637 0.2230 0.2358 
0.2397 0.1209 0.0495 0.5899 
0.1554 0.1639 0.3417 0.3390 
0.2389 0.0982 0.0254 0.6375 
0.0337 0.5956 0.3694 0.0014 
0.0145 0.5666 0.0000 0.4189 
0.2659 0.4060 0.0077 0.3204 
0.4993 0.0022 0.3198 0.1787 
0.4558 0.0003 0.5327 0.0112 
0.1376 0.5431 0.0580 0.2613 
0.9092 0.0142 0.0022 0.0744 
0.3776 0.2350 0.0856 0.3018 
0.3726 0.0451 0.3387 0.2435 
0.2003 0.0739 0.4837 0.2421 

MOTIF filter25 
letter-probability matrix: alength= 4 w= 15 nsites= 15 
0.1051 0.1463 0.1439 0.6046 
0.1209 0.0690 0.4308 0.3793 
0.2374 0.0982 0.5995 0.0649 
0.1869 0.6743 0.1144 0.0244 
0.0168 0.8939 0.0893 0.0000 
0.4325 0.3071 0.0003 0.2600 
0.2920 0.1656 0.0275 0.5149 
0.9086 0.0704 0.0014 0.0196 
0.0000 0.0715 0.0594 0.8691 
0.4246 0.1402 0.2034 0.2319 
0.2638 0.0697 0.3755 0.2910 
0.0563 0.1487 0.7365 0.0584 
0.1367 0.1673 0.5459 0.1501 
0.1573 0.2157 0.3291 0.2978 
0.2013 0.4813 0.1453 0.1721 

MOTIF filter26 
letter-probability matrix: alength= 4 w= 12 nsites= 12 
0.2527 0.1631 0.4390 0.1452 
0.2342 0.0836 0.4879 0.1943 
0.3026 0.1117 0.5465 0.0392 
0.0340 0.1373 0.8072 0.0215 
0.0987 0.0590 0.7830 0.0593 
0.2627 0.4112 0.1226 0.2036 
0.0681 0.1021 0.8277 0.0021 
0.0466 0.0495 0.8076 0.0962 
0.3041 0.0272 0.5835 0.0852 
0.2658 0.1775 0.5402 0.0164 
0.2348 0.3526 0.2687 0.1439 
0.2322 0.2541 0.2841 0.2296 

MOTIF filter27 
letter-probability matrix: alength= 4 w= 15 nsites= 15 
0.1581 0.3370 0.1612 0.3436 
0.2061 0.2373 0.3370 0.2196 
0.2922 0.2610 0.1777 0.2692 
0.0701 0.7750 0.1287 0.0262 
0.0518 0.9091 0.0148 0.0243 
0.1256 0.0003 0.7428 0.1313 
0.0792 0.0000 0.7176 0.2032 
0.8400 0.0464 0.0278 0.0858 
0.3528 0.2307 0.0110 0.4055 
0.2417 0.1467 0.5898 0.0218 
0.1316 0.2613 0.0073 0.5999 
0.0991 0.1764 0.6523 0.0723 
0.1975 0.2786 0.4418 0.0820 
0.1994 0.2550 0.2868 0.2588 
0.2584 0.3484 0.1862 0.2070 

MOTIF filter28 
letter-probability matrix: alength= 4 w= 12 nsites= 12 
0.2491 0.2545 0.2482 0.2482 
0.3301 0.2258 0.2596 0.1845 
0.2575 0.2794 0.2577 0.2053 
0.0522 0.8528 0.0329 0.0621 
0.8059 0.0276 0.0606 0.1059 
0.0304 0.6994 0.0310 0.2392 
0.2351 0.0246 0.7130 0.0272 
0.1027 0.0800 0.0333 0.7840 
0.0810 0.0429 0.7878 0.0884 
0.1947 0.2640 0.2791 0.2623 
0.1935 0.2647 0.2091 0.3328 
0.2491 0.2517 0.2469 0.2523 

MOTIF filter29 
letter-probability matrix: alength= 4 w= 13 nsites= 13 
0.2480 0.2047 0.2743 0.2730 
0.1010 0.2060 0.2205 0.4724 
0.4567 0.1535 0.1575 0.2323 
0.0407 0.0000 0.0144 0.9449 
0.0302 0.8399 0.0000 0.1299 
0.4528 0.0000 0.5459 0.0013 
0.9751 0.0249 0.0000 0.0000 
0.5433 0.0630 0.3740 0.0197 
0.7139 0.1588 0.0840 0.0433 
0.0276 0.0669 0.0223 0.8832 
0.0118 0.4383 0.3294 0.2205 
0.2257 0.3110 0.2966 0.1667 
0.1772 0.2533 0.2861 0.2835 

MOTIF filter30 
letter-probability matrix: alength= 4 w= 16 nsites= 16 
0.2064 0.3197 0.2038 0.2701 
0.1480 0.4112 0.2878 0.1530 
0.1255 0.2627 0.3163 0.2955 
0.0000 0.9950 0.0007 0.0043 
0.0000 0.8173 0.0000 0.1827 
0.6758 0.0000 0.2962 0.0280 
0.0541 0.2289 0.1734 0.5436 
0.4782 0.2517 0.0053 0.2648 
0.2821 0.1295 0.0005 0.5879 
0.3930 0.1705 0.1528 0.2838 
0.0242 0.2337 0.0563 0.6858 
0.4423 0.0544 0.4330 0.0704 
0.1394 0.0477 0.7653 0.0477 
0.3101 0.2823 0.2201 0.1875 
0.2459 0.3156 0.2531 0.1853 
0.3175 0.1988 0.2421 0.2416 

MOTIF filter31 
letter-probability matrix: alength= 4 w= 12 nsites= 12 
0.2977 0.2625 0.2312 0.2086 
0.3342 0.1479 0.3479 0.1700 
0.2000 0.3689 0.1435 0.2876 
0.0476 0.5137 0.4383 0.0004 
0.2693 0.1959 0.4651 0.0697 
0.0098 0.8209 0.0008 0.1685 
0.0000 0.7361 0.2058 0.0581 
0.0010 0.0097 0.7546 0.2346 
0.0145 0.5501 0.0013 0.4341 
0.2094 0.3365 0.2974 0.1567 
0.2586 0.2529 0.1556 0.3329 
0.1935 0.2963 0.2132 0.2970 

