MEME version 4

ALPHABET= ACGT

Background letter frequencies:
A 0.2500 C 0.2500 G 0.2500 T 0.2500 

MOTIF filter0 
letter-probability matrix: alength= 4 w= 13 nsites= 13 
0.2390 0.2830 0.2561 0.2219 
0.2894 0.1773 0.4396 0.0938 
0.0918 0.1388 0.1546 0.6147 
0.3787 0.0241 0.5970 0.0002 
0.8165 0.0000 0.0068 0.1766 
0.0075 0.2587 0.7087 0.0252 
0.3225 0.0192 0.1318 0.5265 
0.0209 0.8050 0.0886 0.0854 
0.4084 0.0824 0.0060 0.5032 
0.0066 0.6519 0.0993 0.2422 
0.4804 0.1512 0.2599 0.1085 
0.0756 0.2700 0.3571 0.2973 
0.2439 0.3005 0.2467 0.2089 

MOTIF filter1 
letter-probability matrix: alength= 4 w= 13 nsites= 13 
0.2163 0.3135 0.2503 0.2199 
0.1332 0.2888 0.3344 0.2436 
0.0189 0.5449 0.1829 0.2533 
0.0431 0.6648 0.0135 0.2786 
0.0707 0.8536 0.0518 0.0240 
0.1526 0.7610 0.0314 0.0551 
0.1561 0.1997 0.3306 0.3135 
0.0105 0.8237 0.0357 0.1301 
0.0008 0.8622 0.0145 0.1224 
0.0026 0.6538 0.0071 0.3365 
0.1490 0.5719 0.0503 0.2288 
0.1087 0.4827 0.1380 0.2707 
0.2288 0.3048 0.2202 0.2462 

MOTIF filter2 
letter-probability matrix: alength= 4 w= 17 nsites= 17 
0.3923 0.3416 0.0755 0.1906 
0.4063 0.1499 0.0463 0.3976 
0.2734 0.1217 0.3012 0.3037 
0.1624 0.0870 0.0035 0.7471 
0.1099 0.2616 0.6285 0.0000 
0.0177 0.7840 0.0031 0.1951 
0.4793 0.0769 0.0080 0.4358 
0.1193 0.0122 0.5628 0.3057 
0.3666 0.0003 0.6330 0.0000 
0.0014 0.3562 0.4219 0.2205 
0.4449 0.0793 0.1816 0.2943 
0.1624 0.3777 0.1106 0.3492 
0.2657 0.1082 0.4250 0.2010 
0.1273 0.0386 0.6904 0.1437 
0.2282 0.2393 0.3294 0.2031 
0.2574 0.3057 0.2762 0.1607 
0.3103 0.1673 0.2536 0.2689 

MOTIF filter3 
letter-probability matrix: alength= 4 w= 16 nsites= 16 
0.3069 0.1725 0.2384 0.2822 
0.1917 0.2349 0.2349 0.3386 
0.0422 0.3363 0.3875 0.2339 
0.1357 0.5331 0.3274 0.0038 
0.5523 0.1843 0.2525 0.0109 
0.0010 0.8842 0.0230 0.0918 
0.3360 0.2906 0.0029 0.3706 
0.1677 0.2662 0.0035 0.5626 
0.8768 0.1149 0.0054 0.0029 
0.0154 0.3037 0.0144 0.6666 
0.2630 0.1475 0.5802 0.0093 
0.2106 0.0419 0.5002 0.2474 
0.0730 0.1363 0.6854 0.1053 
0.1277 0.2797 0.4595 0.1331 
0.2282 0.2019 0.2781 0.2918 
0.2643 0.3584 0.1904 0.1869 

MOTIF filter4 
letter-probability matrix: alength= 4 w= 13 nsites= 13 
0.3566 0.2380 0.2670 0.1385 
0.1059 0.4131 0.1113 0.3697 
0.2294 0.2941 0.4005 0.0760 
0.8059 0.0814 0.0679 0.0448 
0.4701 0.0271 0.1584 0.3443 
0.0000 0.0606 0.0000 0.9394 
0.0063 0.7122 0.1285 0.1529 
0.7140 0.0009 0.2837 0.0014 
0.7186 0.0851 0.1896 0.0068 
0.1018 0.0606 0.0253 0.8122 
0.0919 0.4652 0.3127 0.1303 
0.4443 0.2113 0.1561 0.1882 
0.1891 0.2724 0.3294 0.2090 

MOTIF filter5 
letter-probability matrix: alength= 4 w= 11 nsites= 11 
0.2565 0.2438 0.2563 0.2434 
0.3039 0.2324 0.2546 0.2090 
0.2442 0.2708 0.2614 0.2236 
0.0467 0.8667 0.0427 0.0439 
0.8680 0.0368 0.0495 0.0458 
0.0485 0.8366 0.0450 0.0699 
0.0798 0.0395 0.8411 0.0395 
0.0465 0.0474 0.0404 0.8656 
0.0404 0.0359 0.8766 0.0471 
0.2193 0.2727 0.2662 0.2418 
0.2265 0.2570 0.2192 0.2973 

MOTIF filter6 
letter-probability matrix: alength= 4 w= 13 nsites= 13 
0.4355 0.1043 0.2099 0.2503 
0.4376 0.2768 0.2043 0.0813 
0.1478 0.0309 0.2860 0.5354 
0.0891 0.6123 0.0048 0.2938 
0.2821 0.3425 0.2925 0.0830 
0.0004 0.4907 0.5037 0.0052 
0.1026 0.0004 0.5106 0.3864 
0.4285 0.0148 0.0443 0.5124 
0.0778 0.7953 0.0282 0.0987 
0.0148 0.6080 0.3755 0.0017 
0.0243 0.1169 0.4967 0.3620 
0.3842 0.0456 0.4168 0.1534 
0.2595 0.5511 0.0230 0.1664 

MOTIF filter7 
letter-probability matrix: alength= 4 w= 12 nsites= 12 
0.2623 0.2707 0.2643 0.2026 
0.1070 0.2547 0.2468 0.3915 
0.0568 0.1594 0.4849 0.2989 
0.7554 0.0011 0.1935 0.0500 
0.0856 0.2659 0.2815 0.3669 
0.0000 0.0293 0.1157 0.8549 
0.7060 0.2719 0.0221 0.0000 
0.4618 0.1120 0.2956 0.1306 
0.1203 0.1517 0.0034 0.7246 
0.2247 0.4916 0.2454 0.0382 
0.2795 0.2941 0.2939 0.1324 
0.1906 0.2755 0.2777 0.2562 

MOTIF filter8 
letter-probability matrix: alength= 4 w= 13 nsites= 13 
0.1931 0.2701 0.2658 0.2710 
0.1898 0.2988 0.2547 0.2567 
0.2652 0.2228 0.3660 0.1460 
0.1672 0.5675 0.2556 0.0097 
0.1216 0.3878 0.1165 0.3741 
0.2921 0.0051 0.3807 0.3221 
0.6829 0.3142 0.0030 0.0000 
0.0335 0.6786 0.2857 0.0022 
0.0000 0.0223 0.7113 0.2664 
0.0000 0.6191 0.0437 0.3372 
0.2598 0.3112 0.1811 0.2479 
0.1026 0.2843 0.3527 0.2604 
0.1323 0.3490 0.2874 0.2313 

MOTIF filter9 
letter-probability matrix: alength= 4 w= 14 nsites= 14 
0.2964 0.2537 0.2473 0.2026 
0.5437 0.0768 0.1450 0.2345 
0.2217 0.3049 0.4158 0.0576 
0.0021 0.0128 0.0000 0.9851 
0.0448 0.9552 0.0000 0.0000 
0.9957 0.0000 0.0043 0.0000 
0.0043 0.0000 0.9211 0.0746 
0.0000 1.0000 0.0000 0.0000 
0.9893 0.0000 0.0000 0.0107 
0.3966 0.1983 0.1279 0.2772 
0.4435 0.0426 0.0043 0.5096 
0.3795 0.0810 0.0128 0.5267 
0.3156 0.1322 0.0299 0.5224 
0.2878 0.2324 0.2409 0.2388 

MOTIF filter10 
letter-probability matrix: alength= 4 w= 15 nsites= 15 
0.1720 0.3120 0.1305 0.3855 
0.0780 0.3653 0.3786 0.1780 
0.2724 0.1527 0.3412 0.2337 
0.1134 0.5375 0.3463 0.0028 
0.4418 0.5541 0.0041 0.0000 
0.5657 0.1511 0.0364 0.2468 
0.4513 0.0018 0.0332 0.5138 
0.4016 0.0640 0.5192 0.0152 
0.0000 0.0004 0.4247 0.5749 
0.1179 0.5220 0.1111 0.2490 
0.3094 0.2050 0.2779 0.2077 
0.0134 0.4915 0.4315 0.0636 
0.1748 0.1986 0.5237 0.1029 
0.1815 0.1286 0.3903 0.2996 
0.1315 0.4716 0.1508 0.2461 

MOTIF filter11 
letter-probability matrix: alength= 4 w= 15 nsites= 15 
0.1749 0.1064 0.4887 0.2299 
0.1461 0.5320 0.1803 0.1416 
0.3057 0.2750 0.2949 0.1244 
0.1244 0.0514 0.6898 0.1344 
0.0090 0.8602 0.0469 0.0839 
0.0099 0.9684 0.0207 0.0009 
0.9820 0.0018 0.0153 0.0009 
0.4454 0.0000 0.0902 0.4644 
0.0622 0.4040 0.2128 0.3210 
0.1605 0.3913 0.0099 0.4382 
0.0848 0.0397 0.0063 0.8693 
0.0487 0.0866 0.8332 0.0316 
0.1722 0.2047 0.4301 0.1930 
0.1830 0.4355 0.1136 0.2678 
0.2065 0.2480 0.2741 0.2714 

MOTIF filter12 
letter-probability matrix: alength= 4 w= 16 nsites= 16 
0.1681 0.1507 0.1610 0.5202 
0.0856 0.1071 0.5638 0.2435 
0.3458 0.4219 0.1404 0.0920 
0.0167 0.7803 0.1190 0.0841 
0.1047 0.6542 0.2339 0.0071 
0.3640 0.0095 0.0357 0.5908 
0.0515 0.0000 0.4837 0.4647 
0.9611 0.0159 0.0214 0.0016 
0.0000 0.2379 0.3029 0.4592 
0.5258 0.0087 0.0016 0.4639 
0.1388 0.5250 0.0000 0.3362 
0.3727 0.0056 0.6217 0.0000 
0.0000 0.1316 0.8049 0.0634 
0.1332 0.1729 0.2902 0.4036 
0.2561 0.4758 0.1626 0.1055 
0.6003 0.0745 0.0952 0.2300 

MOTIF filter13 
letter-probability matrix: alength= 4 w= 14 nsites= 14 
0.2531 0.3189 0.2099 0.2181 
0.2551 0.2757 0.1975 0.2716 
0.2037 0.2757 0.2695 0.2510 
0.0000 0.7881 0.0926 0.1193 
0.0000 0.1770 0.0000 0.8230 
0.0103 0.2284 0.6811 0.0802 
0.9794 0.0000 0.0000 0.0206 
0.0021 0.0000 0.0185 0.9794 
0.1564 0.0000 0.0000 0.8436 
0.0226 0.0000 0.9547 0.0226 
0.0082 0.0000 0.9918 0.0000 
0.0453 0.3580 0.1255 0.4712 
0.0021 0.4774 0.2284 0.2922 
0.1502 0.3621 0.2819 0.2058 

MOTIF filter14 
letter-probability matrix: alength= 4 w= 10 nsites= 10 
0.2295 0.2174 0.2532 0.2999 
0.1786 0.3542 0.2760 0.1911 
0.4084 0.0868 0.3044 0.2005 
0.0863 0.6594 0.2488 0.0055 
0.0266 0.0044 0.0464 0.9226 
0.9093 0.0000 0.0005 0.0903 
0.0000 0.6397 0.3603 0.0000 
0.1183 0.5970 0.1563 0.1284 
0.2473 0.1688 0.4724 0.1115 
0.0363 0.4081 0.2806 0.2751 

MOTIF filter15 
letter-probability matrix: alength= 4 w= 11 nsites= 11 
0.2689 0.2695 0.2632 0.1984 
0.2398 0.3753 0.3708 0.0141 
0.1437 0.2828 0.2235 0.3501 
0.5576 0.0566 0.3854 0.0005 
0.0006 0.0370 0.1608 0.8017 
0.5895 0.2134 0.1956 0.0015 
0.0000 0.2884 0.3950 0.3166 
0.7208 0.1670 0.0949 0.0174 
0.0326 0.3423 0.2586 0.3664 
0.2287 0.3468 0.3002 0.1244 
0.1455 0.1994 0.4173 0.2379 

MOTIF filter16 
letter-probability matrix: alength= 4 w= 14 nsites= 14 
0.2474 0.2468 0.2512 0.2546 
0.2641 0.2699 0.2257 0.2403 
0.4069 0.1986 0.3321 0.0623 
0.0487 0.0306 0.0573 0.8634 
0.0231 0.0307 0.1743 0.7719 
0.3133 0.0208 0.4916 0.1743 
0.0864 0.6448 0.0703 0.1986 
0.2051 0.0655 0.6405 0.0888 
0.1808 0.5242 0.0114 0.2836 
0.7585 0.1647 0.0307 0.0461 
0.8476 0.0555 0.0458 0.0511 
0.0801 0.3148 0.1867 0.4183 
0.2448 0.2678 0.2523 0.2351 
0.2456 0.2308 0.2603 0.2632 

MOTIF filter17 
letter-probability matrix: alength= 4 w= 13 nsites= 13 
0.2549 0.2173 0.2730 0.2548 
0.2434 0.1516 0.4526 0.1524 
0.2392 0.0305 0.5410 0.1893 
0.2992 0.0832 0.5948 0.0228 
0.0995 0.0647 0.8352 0.0007 
0.0727 0.1002 0.7948 0.0323 
0.2876 0.3576 0.1647 0.1901 
0.0139 0.0415 0.8925 0.0521 
0.0459 0.0884 0.7858 0.0799 
0.3313 0.0387 0.5518 0.0782 
0.3238 0.1476 0.5095 0.0191 
0.2358 0.3211 0.3044 0.1387 
0.2270 0.2553 0.2769 0.2409 

MOTIF filter18 
letter-probability matrix: alength= 4 w= 15 nsites= 15 
0.4350 0.1733 0.2671 0.1245 
0.1895 0.5866 0.1426 0.0812 
0.2292 0.1390 0.1679 0.4639 
0.1480 0.0632 0.0884 0.7004 
0.0162 0.8087 0.1751 0.0000 
0.0379 0.9621 0.0000 0.0000 
0.0000 0.0000 0.9783 0.0217 
0.0000 0.1444 0.8538 0.0018 
0.8574 0.0740 0.0253 0.0433 
0.7383 0.0596 0.0686 0.1336 
0.0758 0.0903 0.7491 0.0848 
0.0542 0.2978 0.0505 0.5975 
0.2004 0.1408 0.5812 0.0776 
0.2599 0.2473 0.4097 0.0830 
0.2004 0.3267 0.2780 0.1949 

MOTIF filter19 
letter-probability matrix: alength= 4 w= 16 nsites= 16 
0.2284 0.2773 0.2072 0.2870 
0.2207 0.2561 0.2947 0.2284 
0.1583 0.0547 0.3983 0.3887 
0.0193 0.9060 0.0006 0.0740 
0.0013 0.1750 0.0084 0.8153 
0.9582 0.0071 0.0270 0.0077 
0.2336 0.0039 0.0077 0.7548 
0.4640 0.0785 0.0573 0.4003 
0.3681 0.0097 0.0148 0.6075 
0.6622 0.0122 0.0006 0.3250 
0.0245 0.0187 0.0167 0.9402 
0.7876 0.0238 0.1474 0.0412 
0.0927 0.0167 0.8423 0.0483 
0.4125 0.3153 0.0817 0.1905 
0.2683 0.2761 0.2194 0.2362 
0.3153 0.2162 0.2413 0.2272 

MOTIF filter20 
letter-probability matrix: alength= 4 w= 14 nsites= 14 
0.2267 0.3404 0.3036 0.1292 
0.1295 0.2740 0.1287 0.4678 
0.1181 0.3644 0.3869 0.1305 
0.6633 0.1139 0.1409 0.0819 
0.0711 0.1966 0.0885 0.6438 
0.0198 0.0082 0.2304 0.7415 
0.3113 0.0000 0.4305 0.2582 
0.0000 0.7482 0.2518 0.0000 
0.0090 0.7809 0.0000 0.2101 
0.2957 0.4041 0.1855 0.1147 
0.6776 0.1438 0.1612 0.0174 
0.0584 0.1601 0.1850 0.5965 
0.1971 0.4088 0.1874 0.2067 
0.4384 0.1073 0.1948 0.2595 

MOTIF filter21 
letter-probability matrix: alength= 4 w= 11 nsites= 11 
0.1527 0.2536 0.2451 0.3485 
0.0947 0.3140 0.3837 0.2075 
0.4598 0.1304 0.3152 0.0947 
0.0477 0.2184 0.7233 0.0107 
0.1356 0.0547 0.0015 0.8082 
0.0026 0.5167 0.4643 0.0164 
0.8872 0.0045 0.0664 0.0419 
0.0784 0.2727 0.5968 0.0521 
0.1855 0.1436 0.2211 0.4498 
0.2085 0.3809 0.1942 0.2164 
0.3939 0.1941 0.1768 0.2352 

MOTIF filter22 
letter-probability matrix: alength= 4 w= 17 nsites= 17 
0.3632 0.2150 0.2885 0.1332 
0.4547 0.1768 0.1966 0.1719 
0.2964 0.4147 0.1130 0.1759 
0.0343 0.2726 0.0959 0.5972 
0.0616 0.1618 0.4982 0.2784 
0.4468 0.1869 0.3452 0.0211 
0.1834 0.0783 0.0866 0.6517 
0.0967 0.4481 0.0062 0.4490 
0.0018 0.3839 0.5985 0.0158 
0.5638 0.0576 0.3483 0.0303 
0.2331 0.0664 0.0000 0.7005 
0.0053 0.0361 0.0281 0.9305 
0.1504 0.3632 0.3298 0.1566 
0.4683 0.0242 0.5022 0.0053 
0.1631 0.1403 0.4763 0.2203 
0.2256 0.2164 0.2463 0.3118 
0.2656 0.2722 0.1706 0.2916 

MOTIF filter23 
letter-probability matrix: alength= 4 w= 13 nsites= 13 
0.2814 0.2555 0.2145 0.2485 
0.3618 0.2017 0.2043 0.2322 
0.2180 0.1650 0.3114 0.3056 
0.0116 0.2360 0.0093 0.7430 
0.4307 0.0000 0.5693 0.0000 
0.5600 0.4400 0.0000 0.0000 
0.2221 0.0236 0.7544 0.0000 
0.0000 0.2852 0.4747 0.2401 
0.0015 0.0000 0.2011 0.7974 
0.0000 0.6205 0.0000 0.3795 
0.3015 0.2599 0.3184 0.1202 
0.4010 0.2407 0.1775 0.1807 
0.2357 0.2037 0.2701 0.2905 

MOTIF filter24 
letter-probability matrix: alength= 4 w= 15 nsites= 15 
0.2519 0.2591 0.2459 0.2431 
0.2121 0.1382 0.3025 0.3472 
0.1200 0.6031 0.0489 0.2280 
0.0378 0.0331 0.0719 0.8573 
0.8924 0.0206 0.0294 0.0575 
0.2807 0.1349 0.0785 0.5058 
0.3537 0.0675 0.0474 0.5314 
0.4657 0.0862 0.0757 0.3724 
0.5777 0.0447 0.0520 0.3256 
0.0503 0.0587 0.0696 0.8215 
0.8106 0.0696 0.0575 0.0623 
0.2060 0.0552 0.6234 0.1154 
0.3455 0.3178 0.1536 0.1831 
0.2350 0.2479 0.2727 0.2444 
0.2557 0.2563 0.2557 0.2324 

MOTIF filter25 
letter-probability matrix: alength= 4 w= 11 nsites= 11 
0.3631 0.2157 0.3068 0.1143 
0.3550 0.3031 0.1001 0.2418 
0.3545 0.2202 0.1243 0.3010 
0.0679 0.0191 0.0045 0.9085 
0.0077 0.0000 0.0041 0.9882 
0.5130 0.1033 0.0000 0.3837 
0.6639 0.0530 0.1280 0.1550 
0.8424 0.0322 0.0034 0.1220 
0.2349 0.0639 0.1263 0.5749 
0.2084 0.1908 0.3981 0.2026 
0.2176 0.1809 0.4137 0.1878 

MOTIF filter26 
letter-probability matrix: alength= 4 w= 15 nsites= 15 
0.2478 0.2620 0.2498 0.2404 
0.2809 0.2238 0.2494 0.2459 
0.2211 0.2663 0.1896 0.3229 
0.0879 0.0062 0.0071 0.8988 
0.0217 0.0006 0.1016 0.8762 
0.2674 0.6137 0.0215 0.0973 
0.1130 0.5405 0.0412 0.3054 
0.2442 0.2134 0.2919 0.2505 
0.2774 0.0537 0.5350 0.1339 
0.0645 0.0962 0.6323 0.2070 
0.6521 0.1093 0.1505 0.0881 
0.6732 0.1146 0.1023 0.1099 
0.3613 0.1988 0.2177 0.2223 
0.2530 0.2436 0.2537 0.2497 
0.2441 0.2566 0.2532 0.2461 

MOTIF filter27 
letter-probability matrix: alength= 4 w= 13 nsites= 13 
0.5188 0.0810 0.0841 0.3162 
0.1726 0.2473 0.1574 0.4227 
0.2497 0.0992 0.3307 0.3204 
0.4323 0.0107 0.5381 0.0189 
0.1726 0.5191 0.3011 0.0072 
0.0999 0.0007 0.0010 0.8984 
0.0031 0.3204 0.5780 0.0985 
0.9483 0.0024 0.0000 0.0493 
0.0000 0.4623 0.5036 0.0341 
0.0248 0.6724 0.0038 0.2990 
0.2828 0.3310 0.2160 0.1702 
0.3827 0.1905 0.2177 0.2091 
0.1932 0.1994 0.2401 0.3672 

MOTIF filter28 
letter-probability matrix: alength= 4 w= 15 nsites= 15 
0.4013 0.2489 0.1278 0.2220 
0.4664 0.0583 0.3430 0.1323 
0.2578 0.3341 0.3027 0.1054 
0.9686 0.0000 0.0314 0.0000 
0.7332 0.1099 0.0762 0.0807 
0.1816 0.1031 0.7152 0.0000 
0.6413 0.0022 0.3565 0.0000 
0.0000 0.2489 0.0000 0.7511 
0.0000 0.0583 0.9193 0.0224 
0.0000 0.0000 1.0000 0.0000 
0.0874 0.8498 0.0022 0.0605 
0.1614 0.2354 0.3453 0.2578 
0.1300 0.1345 0.6704 0.0650 
0.1682 0.6771 0.0247 0.1300 
0.2556 0.2668 0.2063 0.2713 

MOTIF filter29 
letter-probability matrix: alength= 4 w= 13 nsites= 13 
0.3435 0.2432 0.1959 0.2174 
0.2548 0.2219 0.2976 0.2257 
0.2232 0.2218 0.2482 0.3068 
0.0478 0.6958 0.1561 0.1003 
0.2186 0.7120 0.0677 0.0017 
0.4984 0.0531 0.1594 0.2891 
0.8748 0.0702 0.0456 0.0094 
0.0000 0.7574 0.1859 0.0567 
0.0071 0.6678 0.3210 0.0042 
0.5148 0.3735 0.0375 0.0743 
0.4946 0.2973 0.1073 0.1008 
0.2896 0.1824 0.2310 0.2970 
0.3012 0.2576 0.2514 0.1898 

MOTIF filter30 
letter-probability matrix: alength= 4 w= 15 nsites= 15 
0.2825 0.2383 0.2148 0.2644 
0.3005 0.1774 0.2631 0.2589 
0.1367 0.2261 0.1699 0.4673 
0.0561 0.0094 0.0445 0.8900 
0.0561 0.0661 0.1545 0.7233 
0.1780 0.6940 0.0919 0.0361 
0.0458 0.6285 0.0577 0.2680 
0.2096 0.2464 0.3093 0.2348 
0.2673 0.0006 0.7169 0.0152 
0.0555 0.0087 0.8117 0.1242 
0.8446 0.0726 0.0458 0.0371 
0.9668 0.0074 0.0035 0.0223 
0.4166 0.1416 0.3163 0.1254 
0.2270 0.2380 0.2248 0.3102 
0.2422 0.2025 0.3338 0.2215 

MOTIF filter31 
letter-probability matrix: alength= 4 w= 13 nsites= 13 
0.4649 0.0427 0.1162 0.3762 
0.2937 0.0460 0.2386 0.4217 
0.3869 0.2083 0.1892 0.2156 
0.0522 0.0152 0.0331 0.8995 
0.0006 0.0017 0.9090 0.0887 
0.3801 0.5907 0.0011 0.0281 
0.1005 0.0500 0.1202 0.7294 
0.0000 0.0000 0.7485 0.2515 
0.5227 0.4705 0.0011 0.0056 
0.6715 0.1701 0.0601 0.0983 
0.1859 0.1763 0.2111 0.4267 
0.1915 0.3391 0.1701 0.2993 
0.4234 0.1101 0.1583 0.3083 

