MEME version 4

ALPHABET= ACGT

Background letter frequencies:
A 0.2500 C 0.2500 G 0.2500 T 0.2500 

MOTIF filter0 
letter-probability matrix: alength= 4 w= 16 nsites= 16 
0.2698 0.2952 0.2063 0.2286 
0.2667 0.3016 0.2095 0.2222 
0.2349 0.2286 0.2540 0.2825 
0.0000 0.8857 0.0444 0.0698 
0.0000 0.1905 0.0000 0.8095 
0.0000 0.2190 0.7556 0.0254 
1.0000 0.0000 0.0000 0.0000 
0.0000 0.0000 0.0000 1.0000 
0.0000 0.0000 0.0000 1.0000 
0.0000 0.0000 1.0000 0.0000 
0.0000 0.0000 1.0000 0.0000 
0.0254 0.4222 0.0127 0.5397 
0.0095 0.4508 0.1302 0.4095 
0.1905 0.4444 0.3111 0.0540 
0.4889 0.1556 0.3206 0.0349 
0.1556 0.1143 0.2889 0.4413 

MOTIF filter1 
letter-probability matrix: alength= 4 w= 18 nsites= 18 
0.2978 0.4577 0.1003 0.1442 
0.2508 0.1818 0.0721 0.4953 
0.2790 0.1630 0.3103 0.2476 
0.6426 0.0627 0.1097 0.1850 
0.1567 0.3009 0.5110 0.0313 
0.0000 0.0000 0.0000 1.0000 
0.0125 0.9875 0.0000 0.0000 
1.0000 0.0000 0.0000 0.0000 
0.0000 0.0000 0.9937 0.0063 
0.0000 1.0000 0.0000 0.0000 
1.0000 0.0000 0.0000 0.0000 
0.4451 0.1693 0.1223 0.2633 
0.4357 0.0345 0.0000 0.5298 
0.3856 0.0658 0.0000 0.5486 
0.3041 0.0909 0.0063 0.5987 
0.2821 0.2382 0.2382 0.2414 
0.2853 0.2696 0.2257 0.2194 
0.2132 0.2947 0.2382 0.2539 

MOTIF filter2 
letter-probability matrix: alength= 4 w= 10 nsites= 10 
0.2414 0.2603 0.2477 0.2505 
0.2554 0.2736 0.2295 0.2414 
0.2575 0.2344 0.2309 0.2771 
0.6438 0.0000 0.0000 0.3562 
0.0000 0.0000 0.0000 1.0000 
0.0000 0.0070 0.0000 0.9930 
0.9804 0.0000 0.0196 0.0000 
1.0000 0.0000 0.0000 0.0000 
0.3667 0.0000 0.0000 0.6333 
0.2729 0.2365 0.2407 0.2498 

MOTIF filter3 
letter-probability matrix: alength= 4 w= 16 nsites= 16 
0.2448 0.2418 0.2507 0.2627 
0.2448 0.2388 0.2448 0.2716 
0.2299 0.2388 0.2866 0.2448 
0.2567 0.0418 0.6388 0.0627 
0.1224 0.0000 0.8209 0.0567 
0.1672 0.0000 0.8328 0.0000 
0.0000 0.0000 1.0000 0.0000 
0.0000 0.0000 1.0000 0.0000 
0.2985 0.5821 0.0000 0.1194 
0.0000 0.0000 1.0000 0.0000 
0.0000 0.0000 1.0000 0.0000 
0.1463 0.0000 0.8537 0.0000 
0.1791 0.0179 0.8030 0.0000 
0.1642 0.6000 0.1672 0.0687 
0.2836 0.2030 0.2866 0.2269 
0.2388 0.3045 0.2090 0.2478 

MOTIF filter4 
letter-probability matrix: alength= 4 w= 12 nsites= 12 
0.2238 0.2687 0.2666 0.2409 
0.4122 0.1959 0.2602 0.1317 
0.2323 0.3223 0.3276 0.1178 
0.0000 1.0000 0.0000 0.0000 
1.0000 0.0000 0.0000 0.0000 
0.0000 1.0000 0.0000 0.0000 
0.0000 0.0000 1.0000 0.0000 
0.0000 0.0000 0.0000 1.0000 
0.0000 0.0000 1.0000 0.0000 
0.1435 0.2976 0.3212 0.2377 
0.1574 0.2388 0.1606 0.4433 
0.2420 0.2484 0.2516 0.2580 

MOTIF filter5 
letter-probability matrix: alength= 4 w= 13 nsites= 13 
0.1459 0.2020 0.1711 0.4811 
0.0000 0.0000 0.0000 1.0000 
0.0000 0.0000 0.0000 1.0000 
0.0056 0.9944 0.0000 0.0000 
0.0000 0.7826 0.0000 0.2174 
0.2623 0.2048 0.2496 0.2833 
0.1543 0.0000 0.8457 0.0000 
0.0000 0.0000 0.9748 0.0252 
0.9986 0.0014 0.0000 0.0000 
1.0000 0.0000 0.0000 0.0000 
0.5330 0.1136 0.1978 0.1557 
0.2314 0.2819 0.2398 0.2468 
0.2525 0.2300 0.2553 0.2623 

MOTIF filter6 
letter-probability matrix: alength= 4 w= 20 nsites= 20 
0.2449 0.2841 0.2135 0.2575 
0.2857 0.0581 0.1240 0.5322 
0.2873 0.0235 0.0973 0.5918 
0.1272 0.1224 0.2229 0.5275 
0.2119 0.0565 0.1727 0.5589 
0.1931 0.0440 0.0283 0.7347 
0.1319 0.1978 0.0000 0.6703 
0.1130 0.0644 0.1036 0.7190 
0.5761 0.0141 0.4097 0.0000 
0.5353 0.0063 0.0722 0.3862 
0.1130 0.2716 0.1005 0.5149 
0.3689 0.0879 0.4207 0.1224 
0.4976 0.0188 0.1413 0.3422 
0.2088 0.1962 0.0549 0.5400 
0.4192 0.2810 0.2669 0.0330 
0.6358 0.2716 0.0926 0.0000 
0.3030 0.1005 0.4537 0.1429 
0.3925 0.4396 0.1350 0.0330 
0.0173 0.0440 0.4992 0.4396 
0.4003 0.3218 0.1711 0.1068 

MOTIF filter7 
letter-probability matrix: alength= 4 w= 13 nsites= 13 
0.2506 0.2404 0.2629 0.2461 
0.2258 0.1640 0.4000 0.2101 
0.4281 0.1753 0.3955 0.0011 
0.0000 0.0000 0.0000 1.0000 
0.0000 0.0000 1.0000 0.0000 
1.0000 0.0000 0.0000 0.0000 
0.0000 0.4944 0.5056 0.0000 
0.0000 0.0000 0.0000 1.0000 
0.0000 1.0000 0.0000 0.0000 
1.0000 0.0000 0.0000 0.0000 
0.0011 0.3449 0.2270 0.4270 
0.2157 0.3562 0.1899 0.2382 
0.2348 0.2225 0.2888 0.2539 

MOTIF filter8 
letter-probability matrix: alength= 4 w= 18 nsites= 18 
0.2290 0.2458 0.2626 0.2626 
0.2357 0.3131 0.2593 0.1919 
0.2795 0.2727 0.2088 0.2391 
0.1347 0.7340 0.0875 0.0438 
0.9966 0.0000 0.0034 0.0000 
0.9865 0.0000 0.0135 0.0000 
0.4343 0.0673 0.4781 0.0202 
1.0000 0.0000 0.0000 0.0000 
0.0000 0.0000 0.0000 1.0000 
0.0000 0.0000 1.0000 0.0000 
0.0000 0.0000 1.0000 0.0000 
0.0505 0.8721 0.0000 0.0774 
0.0943 0.1785 0.4512 0.2761 
0.0707 0.0741 0.7912 0.0640 
0.1178 0.7946 0.0135 0.0741 
0.2963 0.1953 0.2121 0.2963 
0.2189 0.2357 0.3199 0.2256 
0.2660 0.2424 0.2862 0.2054 

MOTIF filter9 
letter-probability matrix: alength= 4 w= 16 nsites= 16 
0.2442 0.2739 0.2310 0.2508 
0.5248 0.0099 0.1287 0.3366 
0.6601 0.0066 0.0363 0.2970 
0.4488 0.0000 0.0231 0.5281 
0.2871 0.1518 0.1452 0.4158 
0.0099 0.0000 0.0000 0.9901 
0.0000 0.0000 1.0000 0.0000 
0.0165 0.9835 0.0000 0.0000 
0.0000 0.0000 0.0000 1.0000 
0.0000 0.0000 0.9934 0.0066 
1.0000 0.0000 0.0000 0.0000 
0.0264 0.5182 0.3069 0.1485 
0.1980 0.1089 0.0363 0.6568 
0.1848 0.3861 0.1188 0.3102 
0.5479 0.0495 0.1782 0.2244 
0.1518 0.0363 0.5512 0.2607 

MOTIF filter10 
letter-probability matrix: alength= 4 w= 14 nsites= 14 
0.1346 0.4087 0.1923 0.2644 
0.1490 0.5817 0.1442 0.1250 
0.5769 0.1010 0.2548 0.0673 
0.0433 0.8077 0.0433 0.1058 
0.0577 0.0240 0.0577 0.8606 
0.0192 0.0577 0.0240 0.8990 
0.0000 0.9952 0.0048 0.0000 
0.0048 0.9952 0.0000 0.0000 
0.0000 0.0000 1.0000 0.0000 
0.0000 0.0385 0.9615 0.0000 
0.6971 0.0625 0.1154 0.1250 
0.7163 0.0962 0.0913 0.0962 
0.1971 0.1442 0.5337 0.1250 
0.1346 0.2933 0.1058 0.4663 

MOTIF filter11 
letter-probability matrix: alength= 4 w= 12 nsites= 12 
0.2447 0.2532 0.2603 0.2419 
0.4880 0.1528 0.2659 0.0934 
0.2051 0.3296 0.3720 0.0934 
0.0000 1.0000 0.0000 0.0000 
1.0000 0.0000 0.0000 0.0000 
0.0000 1.0000 0.0000 0.0000 
0.0000 0.0000 1.0000 0.0000 
0.0000 0.0000 0.0000 1.0000 
0.0000 0.0000 1.0000 0.0000 
0.0594 0.3635 0.3423 0.2348 
0.1330 0.2235 0.1330 0.5106 
0.2504 0.2376 0.2405 0.2716 

MOTIF filter12 
letter-probability matrix: alength= 4 w= 19 nsites= 19 
0.2213 0.2449 0.2629 0.2708 
0.2135 0.2798 0.2753 0.2315 
0.2888 0.2393 0.2258 0.2461 
0.1629 0.0764 0.0404 0.7202 
0.0281 0.0854 0.6652 0.2213 
0.4135 0.3888 0.0742 0.1236 
0.0022 0.9944 0.0034 0.0000 
0.0000 0.9888 0.0022 0.0090 
0.8270 0.0022 0.0079 0.1629 
0.0247 0.0000 0.0011 0.9742 
0.9944 0.0045 0.0011 0.0000 
0.0000 0.0022 0.0011 0.9966 
0.9820 0.0022 0.0000 0.0157 
0.1562 0.0045 0.0022 0.8371 
0.0034 0.0090 0.9876 0.0000 
0.0011 0.0034 0.9921 0.0034 
0.1067 0.0708 0.3854 0.4371 
0.2213 0.6472 0.0944 0.0371 
0.7124 0.0303 0.0753 0.1820 

MOTIF filter13 
letter-probability matrix: alength= 4 w= 20 nsites= 20 
0.2096 0.3013 0.2533 0.2358 
0.0218 0.4498 0.2926 0.2358 
0.0349 0.3188 0.3668 0.2795 
0.1790 0.6463 0.0742 0.1004 
0.1266 0.8166 0.0349 0.0218 
0.0655 0.4279 0.0306 0.4760 
0.0568 0.3974 0.3362 0.2096 
0.1441 0.7031 0.0873 0.0655 
0.0000 0.5022 0.3100 0.1878 
0.0000 0.3493 0.0175 0.6332 
0.2838 0.4760 0.1048 0.1354 
0.1790 0.1965 0.4672 0.1572 
0.1747 0.0961 0.6026 0.1266 
0.0917 0.1092 0.7773 0.0218 
0.0611 0.0917 0.7555 0.0917 
0.1310 0.2402 0.4891 0.1397 
0.4017 0.0087 0.5852 0.0044 
0.0044 0.4105 0.5590 0.0262 
0.1179 0.1354 0.6594 0.0873 
0.0699 0.0742 0.7773 0.0786 

MOTIF filter14 
letter-probability matrix: alength= 4 w= 15 nsites= 15 
0.2446 0.2198 0.2628 0.2727 
0.2678 0.2612 0.2347 0.2364 
0.2397 0.2678 0.2612 0.2314 
0.0727 0.0364 0.3570 0.5339 
0.0132 0.9603 0.0000 0.0264 
0.0000 0.0017 0.0000 0.9983 
1.0000 0.0000 0.0000 0.0000 
0.2380 0.0000 0.0000 0.7620 
0.4744 0.0000 0.0000 0.5256 
0.5785 0.0000 0.0000 0.4215 
0.7388 0.0000 0.0000 0.2612 
0.0000 0.0000 0.0000 1.0000 
1.0000 0.0000 0.0000 0.0000 
0.0331 0.0000 0.9669 0.0000 
0.4793 0.4215 0.0248 0.0744 

MOTIF filter15 
letter-probability matrix: alength= 4 w= 13 nsites= 13 
0.2333 0.2805 0.2569 0.2294 
0.2280 0.2857 0.2425 0.2438 
0.1048 0.0380 0.3644 0.4928 
0.0026 0.9030 0.0000 0.0944 
0.0000 0.0000 0.0000 1.0000 
1.0000 0.0000 0.0000 0.0000 
0.2372 0.0000 0.0013 0.7615 
0.4312 0.0000 0.0000 0.5688 
0.5387 0.0000 0.0000 0.4613 
0.6855 0.0013 0.0000 0.3132 
0.0000 0.0000 0.0000 1.0000 
0.9987 0.0000 0.0013 0.0000 
0.0498 0.0000 0.9345 0.0157 

MOTIF filter16 
letter-probability matrix: alength= 4 w= 18 nsites= 18 
0.2337 0.2646 0.2405 0.2612 
0.2199 0.2852 0.2818 0.2131 
0.2715 0.2405 0.2131 0.2749 
0.1684 0.6632 0.1100 0.0584 
1.0000 0.0000 0.0000 0.0000 
0.9931 0.0000 0.0069 0.0000 
0.4330 0.0687 0.4880 0.0103 
1.0000 0.0000 0.0000 0.0000 
0.0000 0.0000 0.0000 1.0000 
0.0000 0.0000 1.0000 0.0000 
0.0000 0.0000 1.0000 0.0000 
0.0412 0.9313 0.0000 0.0275 
0.1203 0.2131 0.4261 0.2405 
0.0653 0.0653 0.8144 0.0550 
0.1237 0.7766 0.0241 0.0756 
0.2199 0.2577 0.2096 0.3127 
0.2268 0.2577 0.2887 0.2268 
0.2405 0.2096 0.2887 0.2612 

MOTIF filter17 
letter-probability matrix: alength= 4 w= 14 nsites= 14 
0.0984 0.2254 0.4222 0.2540 
0.0000 0.8190 0.0190 0.1619 
0.0032 0.8667 0.0000 0.1302 
0.0000 1.0000 0.0000 0.0000 
0.0000 1.0000 0.0000 0.0000 
0.1048 0.0095 0.6444 0.2413 
0.0000 1.0000 0.0000 0.0000 
0.0000 1.0000 0.0000 0.0000 
0.0000 0.8476 0.0000 0.1524 
0.0349 0.8857 0.0000 0.0794 
0.0000 0.6794 0.0508 0.2698 
0.2571 0.2794 0.1905 0.2730 
0.2413 0.2444 0.2603 0.2540 
0.2190 0.3270 0.2190 0.2349 

MOTIF filter18 
letter-probability matrix: alength= 4 w= 18 nsites= 18 
0.0339 0.0976 0.6535 0.2150 
0.4144 0.4144 0.0594 0.1117 
0.0000 1.0000 0.0000 0.0000 
0.0000 0.9958 0.0014 0.0028 
0.8600 0.0000 0.0042 0.1358 
0.0057 0.0000 0.0000 0.9943 
1.0000 0.0000 0.0000 0.0000 
0.0000 0.0000 0.0000 1.0000 
0.9915 0.0000 0.0000 0.0085 
0.1330 0.0000 0.0000 0.8670 
0.0000 0.0014 0.9986 0.0000 
0.0000 0.0000 1.0000 0.0000 
0.0863 0.0594 0.4385 0.4158 
0.2348 0.6818 0.0665 0.0170 
0.7709 0.0057 0.0537 0.1697 
0.2574 0.2815 0.2150 0.2461 
0.2178 0.2702 0.2546 0.2574 
0.2560 0.2207 0.2942 0.2291 

MOTIF filter19 
letter-probability matrix: alength= 4 w= 14 nsites= 14 
0.2819 0.2181 0.2282 0.2718 
0.2617 0.2315 0.2886 0.2181 
0.2282 0.2617 0.2785 0.2315 
0.0101 0.8658 0.1242 0.0000 
0.0302 0.9698 0.0000 0.0000 
0.0000 0.0000 1.0000 0.0000 
0.0000 0.0000 1.0000 0.0000 
1.0000 0.0000 0.0000 0.0000 
1.0000 0.0000 0.0000 0.0000 
0.0268 0.0034 0.9698 0.0000 
0.0168 0.2852 0.0034 0.6946 
0.1577 0.0537 0.7383 0.0503 
0.2517 0.2483 0.4832 0.0168 
0.2114 0.3792 0.2450 0.1644 

MOTIF filter20 
letter-probability matrix: alength= 4 w= 13 nsites= 13 
0.2491 0.2330 0.2526 0.2653 
0.2194 0.1709 0.3997 0.2100 
0.3980 0.2236 0.3418 0.0366 
0.0000 0.0000 0.0000 1.0000 
0.0000 0.0000 0.9634 0.0366 
1.0000 0.0000 0.0000 0.0000 
0.0230 0.4711 0.4677 0.0383 
0.0000 0.0000 0.0000 1.0000 
0.0077 0.9923 0.0000 0.0000 
1.0000 0.0000 0.0000 0.0000 
0.0340 0.3265 0.2483 0.3912 
0.2177 0.3614 0.1896 0.2313 
0.2560 0.2168 0.2764 0.2509 

MOTIF filter21 
letter-probability matrix: alength= 4 w= 17 nsites= 17 
0.2508 0.2881 0.2508 0.2102 
0.2373 0.2610 0.2441 0.2576 
0.1220 0.0136 0.7186 0.1458 
0.0678 0.7492 0.1085 0.0746 
0.2814 0.3593 0.2542 0.1051 
0.0407 0.0000 0.8814 0.0780 
0.0000 1.0000 0.0000 0.0000 
0.0000 1.0000 0.0000 0.0000 
1.0000 0.0000 0.0000 0.0000 
0.0000 0.0000 0.0000 1.0000 
0.0068 0.4780 0.1424 0.3729 
0.0000 0.0102 0.0000 0.9898 
0.0000 0.0068 0.0000 0.9932 
0.0644 0.0814 0.7424 0.1119 
0.2780 0.2271 0.2508 0.2441 
0.1864 0.2847 0.2644 0.2644 
0.2203 0.2915 0.2475 0.2407 

MOTIF filter22 
letter-probability matrix: alength= 4 w= 13 nsites= 13 
0.4472 0.2304 0.1545 0.1680 
0.0678 0.3713 0.1138 0.4472 
0.0705 0.3360 0.3604 0.2331 
0.4363 0.1138 0.4499 0.0000 
0.5772 0.0054 0.3713 0.0461 
0.0000 1.0000 0.0000 0.0000 
0.0000 1.0000 0.0000 0.0000 
1.0000 0.0000 0.0000 0.0000 
1.0000 0.0000 0.0000 0.0000 
0.0000 0.0000 0.0000 1.0000 
0.0217 0.7696 0.2087 0.0000 
0.8374 0.0027 0.1599 0.0000 
0.0569 0.0623 0.8753 0.0054 

MOTIF filter23 
letter-probability matrix: alength= 4 w= 16 nsites= 16 
0.2555 0.2190 0.0876 0.4380 
0.2774 0.3577 0.3504 0.0146 
0.2628 0.3504 0.2336 0.1533 
0.0073 0.5985 0.0365 0.3577 
0.0803 0.9197 0.0000 0.0000 
0.0000 0.2044 0.6934 0.1022 
0.1022 0.0073 0.6934 0.1971 
0.1606 0.6423 0.0365 0.1606 
0.7299 0.0803 0.1898 0.0000 
0.0073 0.2555 0.6861 0.0511 
0.1752 0.0000 0.1752 0.6496 
0.4015 0.0949 0.1460 0.3577 
0.0292 0.2555 0.0073 0.7080 
0.0365 0.4964 0.0657 0.4015 
0.6642 0.1314 0.1095 0.0949 
0.0730 0.2993 0.2409 0.3869 

MOTIF filter24 
letter-probability matrix: alength= 4 w= 16 nsites= 16 
0.3178 0.2368 0.2617 0.1838 
0.2773 0.3302 0.2056 0.1869 
0.0561 0.1371 0.5794 0.2274 
0.0000 0.8380 0.0062 0.1558 
0.0000 0.8692 0.0000 0.1308 
0.0000 1.0000 0.0000 0.0000 
0.0000 1.0000 0.0000 0.0000 
0.0935 0.0000 0.6075 0.2991 
0.0000 1.0000 0.0000 0.0000 
0.0000 1.0000 0.0000 0.0000 
0.0000 0.7975 0.0000 0.2025 
0.0623 0.8692 0.0000 0.0685 
0.0685 0.6480 0.0280 0.2555 
0.2492 0.2523 0.2617 0.2368 
0.2991 0.2336 0.2056 0.2617 
0.2212 0.2866 0.2523 0.2399 

MOTIF filter25 
letter-probability matrix: alength= 4 w= 20 nsites= 20 
0.2087 0.2885 0.2731 0.2297 
0.2899 0.2423 0.2311 0.2367 
0.1345 0.0686 0.0350 0.7619 
0.0224 0.0616 0.7129 0.2031 
0.4160 0.4104 0.0630 0.1106 
0.0000 1.0000 0.0000 0.0000 
0.0000 1.0000 0.0000 0.0000 
0.8305 0.0000 0.0028 0.1667 
0.0070 0.0000 0.0000 0.9930 
1.0000 0.0000 0.0000 0.0000 
0.0000 0.0000 0.0014 0.9986 
0.9972 0.0000 0.0000 0.0028 
0.1246 0.0014 0.0000 0.8739 
0.0014 0.0042 0.9944 0.0000 
0.0000 0.0014 0.9972 0.0014 
0.0966 0.0672 0.3936 0.4426 
0.2199 0.6821 0.0840 0.0140 
0.7801 0.0252 0.0574 0.1373 
0.2059 0.2843 0.2507 0.2591 
0.2115 0.2591 0.2577 0.2717 

MOTIF filter26 
letter-probability matrix: alength= 4 w= 15 nsites= 15 
0.2770 0.2770 0.2297 0.2162 
0.2500 0.2601 0.2601 0.2297 
0.0135 0.8446 0.0878 0.0541 
0.0000 0.1419 0.0000 0.8581 
0.0000 0.2196 0.7669 0.0135 
1.0000 0.0000 0.0000 0.0000 
0.0000 0.0000 0.0000 1.0000 
0.0000 0.0000 0.0000 1.0000 
0.0000 0.0000 1.0000 0.0000 
0.0000 0.0000 1.0000 0.0000 
0.0507 0.4054 0.0000 0.5439 
0.0034 0.4426 0.1318 0.4223 
0.1791 0.4730 0.2905 0.0574 
0.5034 0.1385 0.2939 0.0642 
0.1588 0.1723 0.2399 0.4291 

MOTIF filter27 
letter-probability matrix: alength= 4 w= 16 nsites= 16 
0.2505 0.2339 0.2413 0.2744 
0.2468 0.2541 0.2541 0.2449 
0.2228 0.2726 0.2320 0.2726 
0.5433 0.0884 0.3683 0.0000 
0.0000 0.0000 0.0000 1.0000 
0.0000 0.0000 0.0074 0.9926 
0.2486 0.0000 0.7090 0.0424 
0.0000 0.9687 0.0037 0.0276 
0.0387 0.0000 0.9613 0.0000 
0.0460 0.7385 0.0000 0.2155 
0.9982 0.0018 0.0000 0.0000 
1.0000 0.0000 0.0000 0.0000 
0.0018 0.3352 0.0902 0.5727 
0.2799 0.2652 0.2541 0.2007 
0.2210 0.1971 0.2689 0.3131 
0.2468 0.2486 0.2707 0.2339 

MOTIF filter28 
letter-probability matrix: alength= 4 w= 14 nsites= 14 
0.2631 0.2481 0.2078 0.2810 
0.2496 0.2586 0.2347 0.2571 
0.1271 0.1868 0.1196 0.5665 
0.0000 0.0000 0.0000 1.0000 
0.0000 0.0000 0.0000 1.0000 
0.0194 0.9806 0.0000 0.0000 
0.0000 0.8191 0.0000 0.1809 
0.2556 0.2257 0.2466 0.2720 
0.1689 0.0000 0.8311 0.0000 
0.0000 0.0000 0.9895 0.0105 
1.0000 0.0000 0.0000 0.0000 
1.0000 0.0000 0.0000 0.0000 
0.5770 0.0987 0.1913 0.1330 
0.2332 0.2691 0.2466 0.2511 

MOTIF filter29 
letter-probability matrix: alength= 4 w= 14 nsites= 14 
0.3206 0.0844 0.2349 0.3601 
0.0973 0.1273 0.4942 0.2811 
0.2246 0.2267 0.3431 0.2056 
0.1198 0.1266 0.7536 0.0000 
0.1042 0.0483 0.8455 0.0020 
0.0980 0.1593 0.7427 0.0000 
0.2539 0.4452 0.2110 0.0899 
0.0000 0.0953 0.8312 0.0735 
0.0388 0.0252 0.8428 0.0933 
0.4738 0.0041 0.5010 0.0211 
0.4010 0.0129 0.5541 0.0320 
0.1028 0.3193 0.5317 0.0463 
0.1926 0.1491 0.3404 0.3179 
0.2301 0.2260 0.3587 0.1852 

MOTIF filter30 
letter-probability matrix: alength= 4 w= 13 nsites= 13 
0.2170 0.2667 0.2379 0.2784 
0.2484 0.2431 0.2654 0.2431 
0.2497 0.2575 0.2510 0.2418 
0.5046 0.1190 0.3634 0.0131 
0.0000 0.0000 0.0000 1.0000 
0.0000 0.0000 0.0235 0.9765 
0.2993 0.0000 0.6458 0.0549 
0.0013 0.9425 0.0000 0.0562 
0.0732 0.0039 0.9190 0.0039 
0.0641 0.7007 0.0000 0.2353 
0.9634 0.0366 0.0000 0.0000 
1.0000 0.0000 0.0000 0.0000 
0.0065 0.3752 0.1190 0.4993 

MOTIF filter31 
letter-probability matrix: alength= 4 w= 15 nsites= 15 
0.2020 0.2682 0.2616 0.2682 
0.1391 0.1788 0.3874 0.2947 
0.0099 0.5199 0.2252 0.2450 
0.0629 0.6755 0.1291 0.1325 
0.7649 0.0033 0.2185 0.0132 
0.0000 0.9669 0.0066 0.0265 
0.0000 0.0000 0.0000 1.0000 
0.0000 0.0000 0.0000 1.0000 
0.0000 1.0000 0.0000 0.0000 
0.0000 1.0000 0.0000 0.0000 
0.0000 0.0000 0.9735 0.0265 
0.0000 0.1490 0.8377 0.0132 
0.2285 0.1987 0.2649 0.3079 
0.2285 0.2550 0.2583 0.2583 
0.2815 0.1954 0.2285 0.2947 

