MEME version 4

ALPHABET= ACGT

Background letter frequencies:
A 0.2500 C 0.2500 G 0.2500 T 0.2500 

MOTIF filter0 
letter-probability matrix: alength= 4 w= 14 nsites= 14 
0.2754 0.5509 0.0240 0.1497 
0.2515 0.1976 0.0599 0.4910 
0.2994 0.1557 0.3234 0.2216 
0.6377 0.0479 0.0868 0.2275 
0.1587 0.3323 0.4760 0.0329 
0.0000 0.0000 0.0000 1.0000 
0.0060 0.9940 0.0000 0.0000 
1.0000 0.0000 0.0000 0.0000 
0.0000 0.0000 0.9910 0.0090 
0.0000 1.0000 0.0000 0.0000 
0.9910 0.0000 0.0000 0.0090 
0.4341 0.1647 0.1317 0.2695 
0.4072 0.0449 0.0060 0.5419 
0.3862 0.0539 0.0269 0.5329 

MOTIF filter1 
letter-probability matrix: alength= 4 w= 18 nsites= 18 
0.2500 0.2630 0.2305 0.2565 
0.2695 0.2305 0.2500 0.2500 
0.2435 0.2792 0.2305 0.2468 
0.5292 0.0097 0.1299 0.3312 
0.6623 0.0097 0.0357 0.2922 
0.4481 0.0000 0.0195 0.5325 
0.3019 0.1429 0.1461 0.4091 
0.0065 0.0000 0.0000 0.9935 
0.0000 0.0000 1.0000 0.0000 
0.0260 0.9740 0.0000 0.0000 
0.0000 0.0000 0.0000 1.0000 
0.0000 0.0000 0.9935 0.0065 
1.0000 0.0000 0.0000 0.0000 
0.0260 0.5097 0.3084 0.1558 
0.1883 0.1201 0.0357 0.6558 
0.1818 0.3799 0.1234 0.3149 
0.5455 0.0455 0.1721 0.2370 
0.1526 0.0422 0.5487 0.2565 

MOTIF filter2 
letter-probability matrix: alength= 4 w= 15 nsites= 15 
0.2795 0.3098 0.1852 0.2256 
0.2593 0.2997 0.2054 0.2357 
0.2727 0.2525 0.2323 0.2424 
0.0034 0.8620 0.0606 0.0741 
0.0000 0.2054 0.0034 0.7912 
0.0000 0.2155 0.7845 0.0000 
1.0000 0.0000 0.0000 0.0000 
0.0000 0.0000 0.0000 1.0000 
0.0000 0.0000 0.0000 1.0000 
0.0000 0.0000 1.0000 0.0000 
0.0000 0.0000 1.0000 0.0000 
0.0438 0.4276 0.0101 0.5185 
0.0135 0.4613 0.1313 0.3939 
0.1650 0.4579 0.3502 0.0269 
0.5152 0.1111 0.3165 0.0572 

MOTIF filter3 
letter-probability matrix: alength= 4 w= 20 nsites= 20 
0.2236 0.2461 0.2560 0.2743 
0.1899 0.2911 0.2827 0.2363 
0.2911 0.2307 0.2194 0.2588 
0.1392 0.0788 0.0436 0.7384 
0.0155 0.0788 0.6962 0.2096 
0.4051 0.4093 0.0647 0.1210 
0.0000 1.0000 0.0000 0.0000 
0.0000 0.9986 0.0000 0.0014 
0.8397 0.0000 0.0028 0.1575 
0.0056 0.0000 0.0000 0.9944 
1.0000 0.0000 0.0000 0.0000 
0.0000 0.0000 0.0000 1.0000 
0.9958 0.0000 0.0000 0.0042 
0.1280 0.0014 0.0000 0.8706 
0.0000 0.0028 0.9972 0.0000 
0.0000 0.0000 1.0000 0.0000 
0.0844 0.0717 0.4037 0.4402 
0.2180 0.6835 0.0774 0.0211 
0.8003 0.0183 0.0422 0.1392 
0.2180 0.2855 0.2447 0.2518 

MOTIF filter4 
letter-probability matrix: alength= 4 w= 15 nsites= 15 
0.1762 0.2863 0.2731 0.2643 
0.1189 0.1762 0.4097 0.2952 
0.0044 0.5154 0.2159 0.2643 
0.0881 0.8106 0.1013 0.0000 
0.6740 0.0132 0.2775 0.0352 
0.0000 0.9692 0.0044 0.0264 
0.0000 0.0000 0.0000 1.0000 
0.0000 0.0000 0.0000 1.0000 
0.0000 1.0000 0.0000 0.0000 
0.0000 1.0000 0.0000 0.0000 
0.0000 0.0000 0.9956 0.0044 
0.0000 0.1322 0.8546 0.0132 
0.2555 0.2070 0.2379 0.2996 
0.2291 0.2687 0.2159 0.2863 
0.2203 0.2115 0.2952 0.2731 

MOTIF filter5 
letter-probability matrix: alength= 4 w= 15 nsites= 15 
0.2514 0.2627 0.2514 0.2345 
0.2232 0.2895 0.2472 0.2401 
0.1017 0.0282 0.3729 0.4972 
0.0000 0.9195 0.0000 0.0805 
0.0000 0.0000 0.0000 1.0000 
1.0000 0.0000 0.0000 0.0000 
0.2147 0.0000 0.0028 0.7825 
0.4110 0.0000 0.0000 0.5890 
0.5127 0.0000 0.0000 0.4873 
0.6695 0.0014 0.0000 0.3291 
0.0000 0.0000 0.0000 1.0000 
1.0000 0.0000 0.0000 0.0000 
0.0311 0.0000 0.9520 0.0169 
0.4774 0.3729 0.0438 0.1059 
0.2938 0.2105 0.2599 0.2359 

MOTIF filter6 
letter-probability matrix: alength= 4 w= 17 nsites= 17 
0.3106 0.2348 0.2083 0.2462 
0.2273 0.3144 0.2386 0.2197 
0.2311 0.2424 0.2765 0.2500 
0.1250 0.0189 0.7235 0.1326 
0.0682 0.7727 0.0682 0.0909 
0.2803 0.3826 0.2159 0.1212 
0.0530 0.0000 0.8902 0.0568 
0.0000 1.0000 0.0000 0.0000 
0.0000 1.0000 0.0000 0.0000 
1.0000 0.0000 0.0000 0.0000 
0.0000 0.0000 0.0000 1.0000 
0.0076 0.5000 0.1515 0.3409 
0.0000 0.0076 0.0000 0.9924 
0.0000 0.0114 0.0000 0.9886 
0.0492 0.0795 0.7727 0.0985 
0.2765 0.2008 0.2576 0.2652 
0.2159 0.2803 0.2576 0.2462 

MOTIF filter7 
letter-probability matrix: alength= 4 w= 18 nsites= 18 
0.2097 0.2661 0.2460 0.2782 
0.2056 0.3145 0.3105 0.1694 
0.2339 0.3105 0.1935 0.2621 
0.1452 0.7581 0.0565 0.0403 
0.9919 0.0000 0.0081 0.0000 
0.9919 0.0000 0.0081 0.0000 
0.3992 0.0806 0.5121 0.0081 
1.0000 0.0000 0.0000 0.0000 
0.0000 0.0000 0.0000 1.0000 
0.0000 0.0000 1.0000 0.0000 
0.0000 0.0000 1.0000 0.0000 
0.0484 0.9073 0.0000 0.0444 
0.0968 0.2056 0.4516 0.2460 
0.0605 0.0403 0.8387 0.0605 
0.1089 0.8226 0.0161 0.0524 
0.2742 0.1895 0.2137 0.3226 
0.1935 0.2339 0.3427 0.2298 
0.2460 0.2460 0.3024 0.2056 

MOTIF filter8 
letter-probability matrix: alength= 4 w= 14 nsites= 14 
0.1889 0.2218 0.2686 0.3206 
0.2166 0.2721 0.2617 0.2496 
0.2686 0.2582 0.2236 0.2496 
0.1127 0.0416 0.0173 0.8284 
0.0052 0.0485 0.7435 0.2028 
0.3969 0.4350 0.0728 0.0953 
0.0000 0.9983 0.0017 0.0000 
0.0000 1.0000 0.0000 0.0000 
0.8302 0.0000 0.0000 0.1698 
0.0000 0.0000 0.0000 1.0000 
1.0000 0.0000 0.0000 0.0000 
0.0000 0.0000 0.0000 1.0000 
0.9965 0.0000 0.0000 0.0035 
0.0451 0.0035 0.0000 0.9515 

MOTIF filter9 
letter-probability matrix: alength= 4 w= 12 nsites= 12 
0.2390 0.2778 0.2253 0.2578 
0.2528 0.2603 0.2641 0.2228 
0.2716 0.2603 0.2365 0.2315 
0.0163 0.0000 0.0000 0.9837 
0.0000 0.0000 0.0000 1.0000 
0.0000 0.0000 0.0000 1.0000 
0.5670 0.0000 0.4330 0.0000 
1.0000 0.0000 0.0000 0.0000 
0.0000 0.0000 0.0000 1.0000 
0.2290 0.2653 0.2528 0.2528 
0.2578 0.2491 0.2516 0.2416 
0.2328 0.2403 0.2753 0.2516 

MOTIF filter10 
letter-probability matrix: alength= 4 w= 16 nsites= 16 
0.2642 0.5407 0.0569 0.1382 
0.2439 0.1870 0.0650 0.5041 
0.2805 0.1423 0.3252 0.2520 
0.6585 0.0528 0.1098 0.1789 
0.1545 0.2967 0.5325 0.0163 
0.0000 0.0000 0.0000 1.0000 
0.0041 0.9959 0.0000 0.0000 
1.0000 0.0000 0.0000 0.0000 
0.0000 0.0000 1.0000 0.0000 
0.0000 1.0000 0.0000 0.0000 
1.0000 0.0000 0.0000 0.0000 
0.4593 0.1748 0.1220 0.2439 
0.3902 0.0285 0.0000 0.5813 
0.3821 0.0325 0.0000 0.5854 
0.2886 0.0528 0.0000 0.6585 
0.2967 0.2358 0.2480 0.2195 

MOTIF filter11 
letter-probability matrix: alength= 4 w= 13 nsites= 13 
0.2480 0.2385 0.2568 0.2568 
0.2226 0.1781 0.3816 0.2178 
0.3935 0.2321 0.3410 0.0334 
0.0000 0.0000 0.0000 1.0000 
0.0000 0.0000 0.9269 0.0731 
1.0000 0.0000 0.0000 0.0000 
0.0238 0.4642 0.4722 0.0397 
0.0000 0.0000 0.0000 1.0000 
0.0254 0.9746 0.0000 0.0000 
1.0000 0.0000 0.0000 0.0000 
0.0318 0.3211 0.2568 0.3903 
0.2091 0.3768 0.1860 0.2281 
0.2703 0.2146 0.2695 0.2456 

MOTIF filter12 
letter-probability matrix: alength= 4 w= 13 nsites= 13 
0.2619 0.2366 0.2173 0.2842 
0.2470 0.2649 0.2515 0.2366 
0.1369 0.1964 0.1146 0.5521 
0.0000 0.0000 0.0000 1.0000 
0.0000 0.0000 0.0000 1.0000 
0.0164 0.9836 0.0000 0.0000 
0.0000 0.8676 0.0000 0.1324 
0.2426 0.2411 0.2158 0.3006 
0.2098 0.0000 0.7842 0.0060 
0.0000 0.0000 0.9777 0.0223 
0.9985 0.0015 0.0000 0.0000 
1.0000 0.0000 0.0000 0.0000 
0.5476 0.1190 0.2009 0.1324 

MOTIF filter13 
letter-probability matrix: alength= 4 w= 12 nsites= 12 
0.2261 0.2552 0.2663 0.2524 
0.4924 0.1581 0.2829 0.0666 
0.2233 0.3495 0.3564 0.0707 
0.0000 1.0000 0.0000 0.0000 
1.0000 0.0000 0.0000 0.0000 
0.0000 1.0000 0.0000 0.0000 
0.0000 0.0000 1.0000 0.0000 
0.0000 0.0000 0.0000 1.0000 
0.0000 0.0000 1.0000 0.0000 
0.1221 0.3273 0.3287 0.2219 
0.1123 0.2358 0.1498 0.5021 
0.2302 0.2691 0.2524 0.2483 

MOTIF filter14 
letter-probability matrix: alength= 4 w= 13 nsites= 13 
0.2438 0.2469 0.2222 0.2870 
0.2438 0.2315 0.2840 0.2407 
0.2222 0.2593 0.2716 0.2469 
0.0000 0.9321 0.0679 0.0000 
0.0432 0.9568 0.0000 0.0000 
0.0000 0.0000 1.0000 0.0000 
0.0000 0.0000 1.0000 0.0000 
1.0000 0.0000 0.0000 0.0000 
1.0000 0.0000 0.0000 0.0000 
0.0463 0.0031 0.9506 0.0000 
0.0216 0.2747 0.0154 0.6883 
0.1420 0.0957 0.7099 0.0525 
0.2593 0.2531 0.4568 0.0309 

MOTIF filter15 
letter-probability matrix: alength= 4 w= 12 nsites= 12 
0.2488 0.2632 0.2488 0.2392 
0.2548 0.2476 0.2667 0.2309 
0.2512 0.1471 0.3911 0.2105 
0.4581 0.1184 0.4234 0.0000 
0.0000 0.0000 0.0000 1.0000 
0.0000 0.0000 1.0000 0.0000 
1.0000 0.0000 0.0000 0.0000 
0.0000 0.5108 0.4892 0.0000 
0.0000 0.0000 0.0000 1.0000 
0.0000 1.0000 0.0000 0.0000 
1.0000 0.0000 0.0000 0.0000 
0.0000 0.3074 0.2416 0.4510 

MOTIF filter16 
letter-probability matrix: alength= 4 w= 16 nsites= 16 
0.2907 0.2400 0.2667 0.2027 
0.2853 0.3360 0.1973 0.1813 
0.0720 0.1493 0.5360 0.2427 
0.0000 0.8373 0.0080 0.1547 
0.0000 0.8107 0.0000 0.1893 
0.0000 1.0000 0.0000 0.0000 
0.0000 1.0000 0.0000 0.0000 
0.0827 0.0000 0.6400 0.2773 
0.0000 1.0000 0.0000 0.0000 
0.0000 1.0000 0.0000 0.0000 
0.0000 0.7947 0.0000 0.2053 
0.0613 0.8373 0.0000 0.1013 
0.0400 0.6160 0.0667 0.2773 
0.2987 0.2080 0.2453 0.2480 
0.2800 0.2107 0.2480 0.2613 
0.2427 0.2880 0.2400 0.2293 

MOTIF filter17 
letter-probability matrix: alength= 4 w= 16 nsites= 16 
0.3110 0.2580 0.2049 0.2261 
0.2898 0.2756 0.1943 0.2403 
0.2049 0.2367 0.2721 0.2862 
0.0000 0.8940 0.0636 0.0424 
0.0000 0.1201 0.0000 0.8799 
0.0000 0.2332 0.7385 0.0283 
1.0000 0.0000 0.0000 0.0000 
0.0000 0.0000 0.0000 1.0000 
0.0000 0.0000 0.0000 1.0000 
0.0000 0.0000 1.0000 0.0000 
0.0000 0.0000 1.0000 0.0000 
0.0283 0.4170 0.0000 0.5548 
0.0071 0.4134 0.1307 0.4488 
0.1908 0.4205 0.3074 0.0813 
0.5018 0.1484 0.3039 0.0459 
0.1767 0.1201 0.2721 0.4311 

MOTIF filter18 
letter-probability matrix: alength= 4 w= 12 nsites= 12 
0.2477 0.2505 0.2477 0.2541 
0.2670 0.2523 0.2174 0.2633 
0.2495 0.2202 0.2128 0.3174 
1.0000 0.0000 0.0000 0.0000 
0.0000 0.0000 0.0000 1.0000 
0.0000 0.1853 0.0000 0.8147 
1.0000 0.0000 0.0000 0.0000 
1.0000 0.0000 0.0000 0.0000 
0.5440 0.0000 0.0000 0.4560 
0.2807 0.2138 0.2633 0.2422 
0.2358 0.2505 0.2725 0.2413 
0.2312 0.2633 0.2284 0.2771 

MOTIF filter19 
letter-probability matrix: alength= 4 w= 20 nsites= 20 
0.2327 0.2440 0.2609 0.2623 
0.2073 0.3004 0.2609 0.2313 
0.2736 0.2567 0.2243 0.2454 
0.1410 0.0705 0.0409 0.7475 
0.0212 0.0719 0.7109 0.1961 
0.4161 0.4133 0.0578 0.1128 
0.0014 0.9958 0.0028 0.0000 
0.0000 0.9915 0.0000 0.0085 
0.8688 0.0000 0.0028 0.1283 
0.0212 0.0000 0.0000 0.9788 
1.0000 0.0000 0.0000 0.0000 
0.0000 0.0014 0.0000 0.9986 
0.9958 0.0000 0.0000 0.0042 
0.1551 0.0014 0.0000 0.8434 
0.0000 0.0000 1.0000 0.0000 
0.0000 0.0000 1.0000 0.0000 
0.1114 0.0508 0.4147 0.4231 
0.2130 0.6953 0.0691 0.0226 
0.7659 0.0127 0.0508 0.1707 
0.2454 0.3032 0.2003 0.2511 

MOTIF filter20 
letter-probability matrix: alength= 4 w= 16 nsites= 16 
0.2227 0.2496 0.2539 0.2738 
0.2383 0.2610 0.2596 0.2411 
0.2298 0.2652 0.2440 0.2610 
0.5220 0.1135 0.3603 0.0043 
0.0000 0.0000 0.0000 1.0000 
0.0000 0.0000 0.0199 0.9801 
0.2908 0.0000 0.6482 0.0610 
0.0000 0.9475 0.0000 0.0525 
0.0610 0.0000 0.9390 0.0000 
0.0610 0.7050 0.0000 0.2340 
0.9816 0.0184 0.0000 0.0000 
1.0000 0.0000 0.0000 0.0000 
0.0043 0.3475 0.1191 0.5291 
0.2794 0.2482 0.2695 0.2028 
0.2369 0.2043 0.2681 0.2908 
0.2567 0.2369 0.2610 0.2454 

MOTIF filter21 
letter-probability matrix: alength= 4 w= 17 nsites= 17 
0.2581 0.2661 0.2298 0.2460 
0.3024 0.2823 0.2218 0.1935 
0.2460 0.2702 0.2177 0.2661 
0.0847 0.0040 0.7379 0.1734 
0.0806 0.7621 0.1250 0.0323 
0.2944 0.3306 0.2823 0.0927 
0.0202 0.0000 0.9032 0.0766 
0.0000 1.0000 0.0000 0.0000 
0.0000 1.0000 0.0000 0.0000 
1.0000 0.0000 0.0000 0.0000 
0.0000 0.0000 0.0000 1.0000 
0.0000 0.4879 0.1371 0.3750 
0.0000 0.0161 0.0000 0.9839 
0.0000 0.0000 0.0000 1.0000 
0.0887 0.0766 0.7702 0.0645 
0.2903 0.2419 0.2500 0.2177 
0.2056 0.2540 0.2742 0.2661 

MOTIF filter22 
letter-probability matrix: alength= 4 w= 13 nsites= 13 
0.0930 0.4360 0.2209 0.2500 
0.0349 0.5843 0.1483 0.2326 
0.7355 0.0000 0.2558 0.0087 
0.0000 0.9680 0.0000 0.0320 
0.0000 0.0000 0.0000 1.0000 
0.0000 0.0000 0.0000 1.0000 
0.0000 1.0000 0.0000 0.0000 
0.0000 1.0000 0.0000 0.0000 
0.0000 0.0000 0.9855 0.0145 
0.0000 0.1657 0.8343 0.0000 
0.2791 0.1890 0.2645 0.2674 
0.2907 0.2267 0.2355 0.2471 
0.2849 0.2180 0.2093 0.2878 

MOTIF filter23 
letter-probability matrix: alength= 4 w= 14 nsites= 14 
0.2540 0.2460 0.2173 0.2827 
0.2508 0.2508 0.2332 0.2652 
0.1070 0.1885 0.1390 0.5655 
0.0000 0.0000 0.0000 1.0000 
0.0000 0.0000 0.0064 0.9936 
0.0208 0.9792 0.0000 0.0000 
0.0080 0.7716 0.0000 0.2204 
0.2891 0.1757 0.2923 0.2428 
0.1006 0.0000 0.8994 0.0000 
0.0000 0.0000 0.9904 0.0096 
1.0000 0.0000 0.0000 0.0000 
1.0000 0.0000 0.0000 0.0000 
0.5958 0.0703 0.1853 0.1486 
0.2380 0.2891 0.2284 0.2444 

MOTIF filter24 
letter-probability matrix: alength= 4 w= 16 nsites= 16 
0.2822 0.2946 0.2656 0.1577 
0.3568 0.0000 0.3610 0.2822 
0.0539 0.3320 0.3900 0.2241 
0.0000 0.7095 0.0747 0.2158 
0.0041 0.9502 0.0000 0.0456 
0.0000 0.9834 0.0000 0.0166 
0.0000 0.9668 0.0166 0.0166 
0.0913 0.2656 0.4191 0.2241 
0.0000 0.8548 0.1286 0.0166 
0.0000 0.9834 0.0166 0.0000 
0.0000 0.8423 0.0000 0.1577 
0.0373 0.9087 0.0000 0.0539 
0.0290 0.8423 0.0041 0.1245 
0.1411 0.4689 0.1494 0.2407 
0.2697 0.2780 0.1950 0.2573 
0.1701 0.3361 0.2946 0.1992 

MOTIF filter25 
letter-probability matrix: alength= 4 w= 18 nsites= 18 
0.2086 0.2152 0.2815 0.2947 
0.2351 0.2815 0.2351 0.2483 
0.2947 0.2020 0.2318 0.2715 
0.1391 0.6788 0.1291 0.0530 
1.0000 0.0000 0.0000 0.0000 
0.9868 0.0000 0.0132 0.0000 
0.4603 0.0497 0.4636 0.0265 
1.0000 0.0000 0.0000 0.0000 
0.0000 0.0000 0.0000 1.0000 
0.0000 0.0000 1.0000 0.0000 
0.0000 0.0000 1.0000 0.0000 
0.0298 0.8709 0.0000 0.0993 
0.1225 0.1722 0.4470 0.2583 
0.0596 0.0795 0.8079 0.0530 
0.0861 0.8013 0.0132 0.0993 
0.2715 0.2450 0.2020 0.2815 
0.2384 0.2318 0.2914 0.2384 
0.2881 0.2318 0.2583 0.2219 

MOTIF filter26 
letter-probability matrix: alength= 4 w= 10 nsites= 10 
0.2231 0.2995 0.3085 0.1688 
0.0000 1.0000 0.0000 0.0000 
1.0000 0.0000 0.0000 0.0000 
0.0000 1.0000 0.0000 0.0000 
0.0000 0.0000 1.0000 0.0000 
0.0000 0.0000 0.0000 1.0000 
0.0000 0.0000 1.0000 0.0000 
0.1608 0.2935 0.3166 0.2291 
0.1769 0.2402 0.1668 0.4161 
0.2352 0.2482 0.2533 0.2633 

MOTIF filter27 
letter-probability matrix: alength= 4 w= 12 nsites= 12 
0.0728 0.7152 0.1821 0.0298 
0.0000 1.0000 0.0000 0.0000 
0.0000 0.0000 1.0000 0.0000 
0.0000 0.0000 1.0000 0.0000 
1.0000 0.0000 0.0000 0.0000 
1.0000 0.0000 0.0000 0.0000 
0.0033 0.0000 0.9967 0.0000 
0.0000 0.3113 0.0000 0.6887 
0.2053 0.0894 0.6556 0.0497 
0.2881 0.2318 0.4702 0.0099 
0.2020 0.4139 0.2483 0.1358 
0.2020 0.3013 0.2351 0.2616 

MOTIF filter28 
letter-probability matrix: alength= 4 w= 17 nsites= 17 
0.2385 0.2102 0.2774 0.2739 
0.2615 0.2915 0.1979 0.2491 
0.2491 0.2562 0.2544 0.2403 
0.0724 0.0318 0.3410 0.5548 
0.0141 0.9700 0.0000 0.0159 
0.0000 0.0018 0.0000 0.9982 
1.0000 0.0000 0.0000 0.0000 
0.2527 0.0000 0.0000 0.7473 
0.4859 0.0000 0.0000 0.5141 
0.6113 0.0000 0.0000 0.3887 
0.7951 0.0000 0.0000 0.2049 
0.0000 0.0000 0.0000 1.0000 
1.0000 0.0000 0.0000 0.0000 
0.0300 0.0000 0.9700 0.0000 
0.4717 0.3905 0.0283 0.1095 
0.2367 0.2650 0.2668 0.2314 
0.2615 0.2544 0.2491 0.2350 

MOTIF filter29 
letter-probability matrix: alength= 4 w= 15 nsites= 15 
0.4644 0.2222 0.1481 0.1652 
0.0627 0.3761 0.1054 0.4558 
0.0712 0.3162 0.3732 0.2393 
0.4274 0.1026 0.4701 0.0000 
0.5755 0.0057 0.3761 0.0427 
0.0000 1.0000 0.0000 0.0000 
0.0000 1.0000 0.0000 0.0000 
1.0000 0.0000 0.0000 0.0000 
1.0000 0.0000 0.0000 0.0000 
0.0000 0.0000 0.0000 1.0000 
0.0171 0.7835 0.1994 0.0000 
0.8433 0.0000 0.1567 0.0000 
0.0598 0.0570 0.8803 0.0028 
0.2051 0.2934 0.2422 0.2593 
0.2792 0.1909 0.2764 0.2536 

MOTIF filter30 
letter-probability matrix: alength= 4 w= 13 nsites= 13 
0.3300 0.3468 0.1414 0.1818 
0.5286 0.0673 0.1919 0.2121 
0.4613 0.0404 0.1414 0.3569 
0.2492 0.0000 0.0000 0.7508 
0.4141 0.2155 0.0471 0.3232 
0.2492 0.0034 0.1987 0.5488 
0.9192 0.0572 0.0236 0.0000 
0.0101 0.0370 0.2222 0.7306 
0.0370 0.1582 0.0741 0.7306 
0.0000 0.3064 0.2828 0.4108 
0.2694 0.0303 0.0370 0.6633 
0.0000 0.0471 0.1313 0.8215 
0.7475 0.0168 0.2357 0.0000 

MOTIF filter31 
letter-probability matrix: alength= 4 w= 14 nsites= 14 
0.2328 0.2269 0.2985 0.2418 
0.2478 0.0448 0.6478 0.0597 
0.1254 0.0000 0.8209 0.0537 
0.1642 0.0000 0.8358 0.0000 
0.0000 0.0000 1.0000 0.0000 
0.0000 0.0000 1.0000 0.0000 
0.2985 0.5881 0.0000 0.1134 
0.0000 0.0000 1.0000 0.0000 
0.0000 0.0000 1.0000 0.0000 
0.1552 0.0000 0.8448 0.0000 
0.1821 0.0179 0.8000 0.0000 
0.1612 0.5910 0.1761 0.0716 
0.2806 0.1940 0.2925 0.2328 
0.2418 0.2955 0.2060 0.2567 

