MEME version 4

ALPHABET= ACGT

Background letter frequencies:
A 0.2500 C 0.2500 G 0.2500 T 0.2500 

MOTIF filter0 
letter-probability matrix: alength= 4 w= 16 nsites= 16 
0.3051 0.5257 0.0332 0.1360 
0.2447 0.1843 0.0725 0.4985 
0.2749 0.1450 0.3474 0.2326 
0.6224 0.0514 0.1269 0.1994 
0.1511 0.3323 0.4834 0.0332 
0.0000 0.0000 0.0000 1.0000 
0.0091 0.9909 0.0000 0.0000 
1.0000 0.0000 0.0000 0.0000 
0.0000 0.0000 0.9970 0.0030 
0.0000 1.0000 0.0000 0.0000 
0.9970 0.0000 0.0000 0.0030 
0.4411 0.1752 0.1208 0.2628 
0.4048 0.0604 0.0060 0.5287 
0.4048 0.0725 0.0000 0.5227 
0.2991 0.1178 0.0181 0.5650 
0.2719 0.2356 0.2508 0.2417 

MOTIF filter1 
letter-probability matrix: alength= 4 w= 11 nsites= 11 
0.2042 0.2671 0.2503 0.2783 
0.4825 0.1720 0.2601 0.0853 
0.2014 0.3678 0.3371 0.0937 
0.0000 1.0000 0.0000 0.0000 
1.0000 0.0000 0.0000 0.0000 
0.0000 0.9972 0.0000 0.0028 
0.0000 0.0000 1.0000 0.0000 
0.0000 0.0000 0.0000 1.0000 
0.0000 0.0000 1.0000 0.0000 
0.0993 0.2937 0.3790 0.2280 
0.0867 0.2503 0.1343 0.5287 

MOTIF filter2 
letter-probability matrix: alength= 4 w= 13 nsites= 13 
0.1973 0.2834 0.2245 0.2948 
0.2698 0.2540 0.1905 0.2857 
0.2132 0.1769 0.1043 0.5057 
0.0045 0.0045 0.0658 0.9252 
0.0000 0.0000 0.0000 1.0000 
0.0000 0.5601 0.0000 0.4399 
0.0227 0.9773 0.0000 0.0000 
0.0680 0.4717 0.0000 0.4603 
0.4036 0.0000 0.5828 0.0136 
0.0000 0.0000 0.9909 0.0091 
0.5760 0.0136 0.4104 0.0000 
1.0000 0.0000 0.0000 0.0000 
0.8912 0.0454 0.0476 0.0159 

MOTIF filter3 
letter-probability matrix: alength= 4 w= 18 nsites= 18 
0.0328 0.0970 0.6475 0.2227 
0.4112 0.4126 0.0601 0.1161 
0.0000 0.9986 0.0014 0.0000 
0.0000 0.9986 0.0014 0.0000 
0.8497 0.0014 0.0000 0.1489 
0.0027 0.0000 0.0000 0.9973 
1.0000 0.0000 0.0000 0.0000 
0.0000 0.0000 0.0000 1.0000 
0.9850 0.0000 0.0000 0.0150 
0.1434 0.0014 0.0000 0.8552 
0.0000 0.0041 0.9959 0.0000 
0.0000 0.0000 0.9986 0.0014 
0.0929 0.0601 0.3948 0.4522 
0.2336 0.6790 0.0847 0.0027 
0.7596 0.0137 0.0628 0.1639 
0.2350 0.2801 0.2363 0.2486 
0.2117 0.2500 0.2732 0.2650 
0.2500 0.2240 0.2760 0.2500 

MOTIF filter4 
letter-probability matrix: alength= 4 w= 15 nsites= 15 
0.2527 0.2364 0.2255 0.2853 
0.2473 0.2283 0.2745 0.2500 
0.2228 0.2772 0.2473 0.2527 
0.0000 0.8723 0.1277 0.0000 
0.0326 0.9674 0.0000 0.0000 
0.0000 0.0000 1.0000 0.0000 
0.0000 0.0000 1.0000 0.0000 
1.0000 0.0000 0.0000 0.0000 
1.0000 0.0000 0.0000 0.0000 
0.0462 0.0082 0.9457 0.0000 
0.0272 0.2989 0.0163 0.6576 
0.1712 0.1033 0.6712 0.0543 
0.2690 0.2500 0.4538 0.0272 
0.2228 0.3478 0.2582 0.1712 
0.2092 0.2908 0.2582 0.2418 

MOTIF filter5 
letter-probability matrix: alength= 4 w= 17 nsites= 17 
0.2232 0.2917 0.2738 0.2113 
0.2679 0.2619 0.1994 0.2708 
0.1518 0.6726 0.1190 0.0565 
0.9970 0.0000 0.0030 0.0000 
0.9851 0.0000 0.0149 0.0000 
0.4077 0.0833 0.4881 0.0208 
1.0000 0.0000 0.0000 0.0000 
0.0000 0.0000 0.0000 1.0000 
0.0000 0.0000 1.0000 0.0000 
0.0000 0.0000 1.0000 0.0000 
0.0387 0.8929 0.0000 0.0685 
0.1131 0.2024 0.4167 0.2679 
0.0804 0.0744 0.7827 0.0625 
0.1339 0.7708 0.0119 0.0833 
0.2589 0.2351 0.2143 0.2917 
0.2292 0.2470 0.3036 0.2202 
0.2560 0.2262 0.2798 0.2381 

MOTIF filter6 
letter-probability matrix: alength= 4 w= 12 nsites= 12 
0.2267 0.2629 0.2673 0.2432 
0.4173 0.1807 0.2651 0.1369 
0.2344 0.3209 0.3319 0.1128 
0.0000 1.0000 0.0000 0.0000 
1.0000 0.0000 0.0000 0.0000 
0.0000 1.0000 0.0000 0.0000 
0.0033 0.0000 0.9967 0.0000 
0.0000 0.0000 0.0000 1.0000 
0.0000 0.0000 1.0000 0.0000 
0.1292 0.3034 0.3242 0.2432 
0.1610 0.2125 0.1774 0.4491 
0.2464 0.2475 0.2497 0.2563 

MOTIF filter7 
letter-probability matrix: alength= 4 w= 16 nsites= 16 
0.2516 0.2669 0.2478 0.2337 
0.2375 0.2759 0.2465 0.2401 
0.1086 0.0587 0.3499 0.4828 
0.0255 0.9106 0.0000 0.0639 
0.0000 0.0013 0.0000 0.9987 
1.0000 0.0000 0.0000 0.0000 
0.3040 0.0000 0.0038 0.6922 
0.5070 0.0000 0.0000 0.4930 
0.6105 0.0000 0.0000 0.3895 
0.7561 0.0000 0.0000 0.2439 
0.0000 0.0000 0.0000 1.0000 
1.0000 0.0000 0.0000 0.0000 
0.0920 0.0000 0.8940 0.0140 
0.4802 0.3742 0.0460 0.0996 
0.3001 0.2324 0.2427 0.2248 
0.2529 0.2631 0.2401 0.2439 

MOTIF filter8 
letter-probability matrix: alength= 4 w= 17 nsites= 17 
0.2524 0.2871 0.2492 0.2114 
0.2461 0.2587 0.2240 0.2713 
0.1136 0.0158 0.6845 0.1861 
0.0694 0.7413 0.1104 0.0789 
0.2965 0.3628 0.2397 0.1009 
0.0379 0.0000 0.8612 0.1009 
0.0000 1.0000 0.0000 0.0000 
0.0000 1.0000 0.0000 0.0000 
1.0000 0.0000 0.0000 0.0000 
0.0000 0.0000 0.0000 1.0000 
0.0063 0.4732 0.1451 0.3754 
0.0000 0.0126 0.0000 0.9874 
0.0000 0.0095 0.0000 0.9905 
0.0726 0.0820 0.7287 0.1167 
0.2744 0.2208 0.2429 0.2618 
0.2019 0.2776 0.2650 0.2555 
0.2429 0.2871 0.2366 0.2334 

MOTIF filter9 
letter-probability matrix: alength= 4 w= 12 nsites= 12 
0.2791 0.2350 0.2162 0.2697 
0.2749 0.2466 0.2413 0.2371 
0.1553 0.2225 0.1417 0.4806 
0.0000 0.0000 0.0000 1.0000 
0.0000 0.0000 0.0000 1.0000 
0.0735 0.9265 0.0000 0.0000 
0.0000 0.8038 0.0000 0.1962 
0.2455 0.2434 0.2267 0.2844 
0.2424 0.0000 0.7324 0.0252 
0.0000 0.0010 0.9014 0.0976 
0.9780 0.0220 0.0000 0.0000 
0.9979 0.0000 0.0021 0.0000 

MOTIF filter10 
letter-probability matrix: alength= 4 w= 18 nsites= 18 
0.2024 0.2391 0.2663 0.2921 
0.2038 0.2908 0.2622 0.2432 
0.2745 0.2486 0.2215 0.2554 
0.1359 0.0571 0.0272 0.7799 
0.0272 0.0476 0.7228 0.2024 
0.4022 0.4062 0.0802 0.1114 
0.0000 0.9973 0.0027 0.0000 
0.0000 0.9959 0.0000 0.0041 
0.8370 0.0000 0.0014 0.1617 
0.0136 0.0000 0.0014 0.9851 
0.9986 0.0000 0.0014 0.0000 
0.0000 0.0014 0.0000 0.9986 
0.9932 0.0000 0.0000 0.0068 
0.1332 0.0014 0.0000 0.8655 
0.0027 0.0082 0.9891 0.0000 
0.0000 0.0014 0.9986 0.0000 
0.0965 0.0707 0.3764 0.4565 
0.2092 0.6726 0.0856 0.0326 

MOTIF filter11 
letter-probability matrix: alength= 4 w= 15 nsites= 15 
0.4735 0.2029 0.1529 0.1706 
0.0676 0.3647 0.1118 0.4559 
0.0735 0.3235 0.3676 0.2353 
0.4382 0.0941 0.4676 0.0000 
0.5912 0.0059 0.3618 0.0412 
0.0000 1.0000 0.0000 0.0000 
0.0000 1.0000 0.0000 0.0000 
1.0000 0.0000 0.0000 0.0000 
1.0000 0.0000 0.0000 0.0000 
0.0000 0.0000 0.0000 1.0000 
0.0088 0.8000 0.1912 0.0000 
0.8471 0.0000 0.1529 0.0000 
0.0559 0.0529 0.8853 0.0059 
0.2088 0.2882 0.2471 0.2559 
0.2735 0.1853 0.2765 0.2647 

MOTIF filter12 
letter-probability matrix: alength= 4 w= 18 nsites= 18 
0.2604 0.2642 0.2340 0.2415 
0.2679 0.2226 0.2566 0.2528 
0.2377 0.2679 0.2377 0.2566 
0.5358 0.0038 0.1208 0.3396 
0.6830 0.0075 0.0264 0.2830 
0.4453 0.0000 0.0302 0.5245 
0.3283 0.1472 0.1094 0.4151 
0.0075 0.0000 0.0000 0.9925 
0.0000 0.0000 1.0000 0.0000 
0.0038 0.9962 0.0000 0.0000 
0.0000 0.0000 0.0000 1.0000 
0.0000 0.0000 0.9925 0.0075 
1.0000 0.0000 0.0000 0.0000 
0.0113 0.5396 0.3245 0.1245 
0.1660 0.1057 0.0415 0.6868 
0.1623 0.4113 0.1094 0.3170 
0.5472 0.0453 0.1811 0.2264 
0.1321 0.0415 0.5962 0.2302 

MOTIF filter13 
letter-probability matrix: alength= 4 w= 14 nsites= 14 
0.2365 0.2336 0.2877 0.2422 
0.2536 0.0342 0.6610 0.0513 
0.1026 0.0000 0.8547 0.0427 
0.1823 0.0000 0.8177 0.0000 
0.0000 0.0000 1.0000 0.0000 
0.0000 0.0000 1.0000 0.0000 
0.2678 0.5755 0.0000 0.1567 
0.0000 0.0000 1.0000 0.0000 
0.0000 0.0000 1.0000 0.0000 
0.1709 0.0000 0.8291 0.0000 
0.2479 0.0313 0.7208 0.0000 
0.1966 0.5385 0.1738 0.0912 
0.2735 0.2251 0.2650 0.2365 
0.2564 0.2991 0.1966 0.2479 

MOTIF filter14 
letter-probability matrix: alength= 4 w= 16 nsites= 16 
0.2913 0.2132 0.2763 0.2192 
0.3003 0.2943 0.2102 0.1952 
0.0511 0.1742 0.5495 0.2252 
0.0000 0.8589 0.0030 0.1381 
0.0000 0.8228 0.0000 0.1772 
0.0000 1.0000 0.0000 0.0000 
0.0000 1.0000 0.0000 0.0000 
0.0961 0.0000 0.5856 0.3183 
0.0000 1.0000 0.0000 0.0000 
0.0000 1.0000 0.0000 0.0000 
0.0000 0.7898 0.0000 0.2102 
0.0661 0.8498 0.0000 0.0841 
0.0420 0.6817 0.0180 0.2583 
0.2583 0.2312 0.2553 0.2553 
0.2943 0.2312 0.2342 0.2402 
0.2342 0.2853 0.2553 0.2252 

MOTIF filter15 
letter-probability matrix: alength= 4 w= 14 nsites= 14 
0.2155 0.2571 0.2556 0.2719 
0.2422 0.2422 0.2556 0.2600 
0.2556 0.2496 0.2407 0.2541 
0.4889 0.1085 0.3982 0.0045 
0.0000 0.0000 0.0000 1.0000 
0.0000 0.0000 0.0074 0.9926 
0.2942 0.0000 0.6538 0.0520 
0.0000 0.9525 0.0000 0.0475 
0.0535 0.0030 0.9435 0.0000 
0.0654 0.6850 0.0000 0.2496 
0.9792 0.0208 0.0000 0.0000 
1.0000 0.0000 0.0000 0.0000 
0.0045 0.3789 0.1233 0.4933 
0.3001 0.2496 0.2600 0.1902 

MOTIF filter16 
letter-probability matrix: alength= 4 w= 20 nsites= 20 
0.2093 0.2891 0.2780 0.2236 
0.3195 0.2093 0.2141 0.2572 
0.1502 0.0703 0.0351 0.7444 
0.0048 0.0687 0.7300 0.1965 
0.3930 0.4377 0.0527 0.1166 
0.0000 1.0000 0.0000 0.0000 
0.0000 0.9936 0.0016 0.0048 
0.8770 0.0000 0.0016 0.1214 
0.0064 0.0000 0.0000 0.9936 
1.0000 0.0000 0.0000 0.0000 
0.0000 0.0000 0.0000 1.0000 
0.9984 0.0000 0.0000 0.0016 
0.1486 0.0016 0.0000 0.8498 
0.0000 0.0016 0.9984 0.0000 
0.0000 0.0000 1.0000 0.0000 
0.0831 0.0527 0.4345 0.4297 
0.2029 0.7061 0.0671 0.0240 
0.8195 0.0080 0.0304 0.1422 
0.2508 0.3003 0.2125 0.2364 
0.2109 0.2796 0.2764 0.2332 

MOTIF filter17 
letter-probability matrix: alength= 4 w= 14 nsites= 14 
0.0436 0.2327 0.0473 0.6764 
0.0000 0.2109 0.7855 0.0036 
1.0000 0.0000 0.0000 0.0000 
0.0000 0.0000 0.0000 1.0000 
0.0000 0.0000 0.0000 1.0000 
0.0000 0.0000 1.0000 0.0000 
0.0000 0.0000 1.0000 0.0000 
0.0109 0.4000 0.0000 0.5891 
0.0000 0.4764 0.1055 0.4182 
0.1709 0.4727 0.3418 0.0145 
0.5491 0.0945 0.3200 0.0364 
0.1418 0.1273 0.2436 0.4873 
0.1491 0.0800 0.2945 0.4764 
0.0327 0.2727 0.1818 0.5127 

MOTIF filter18 
letter-probability matrix: alength= 4 w= 14 nsites= 14 
0.2601 0.2217 0.2388 0.2793 
0.2388 0.2580 0.2601 0.2431 
0.2132 0.2729 0.2452 0.2687 
0.5544 0.0938 0.3518 0.0000 
0.0000 0.0000 0.0000 1.0000 
0.0000 0.0000 0.0107 0.9893 
0.2751 0.0000 0.6887 0.0362 
0.0000 0.9787 0.0000 0.0213 
0.0341 0.0000 0.9659 0.0000 
0.0213 0.8017 0.0000 0.1770 
1.0000 0.0000 0.0000 0.0000 
1.0000 0.0000 0.0000 0.0000 
0.0000 0.3220 0.0512 0.6269 
0.2772 0.2623 0.2580 0.2026 

MOTIF filter19 
letter-probability matrix: alength= 4 w= 15 nsites= 15 
0.2943 0.2222 0.2012 0.2823 
0.2402 0.2763 0.2447 0.2387 
0.0991 0.2282 0.1502 0.5225 
0.0000 0.0000 0.0000 1.0000 
0.0000 0.0000 0.0060 0.9940 
0.0556 0.9444 0.0000 0.0000 
0.0165 0.7372 0.0000 0.2462 
0.3138 0.1336 0.3153 0.2372 
0.0811 0.0000 0.9189 0.0000 
0.0000 0.0000 0.9685 0.0315 
1.0000 0.0000 0.0000 0.0000 
1.0000 0.0000 0.0000 0.0000 
0.6036 0.0661 0.1697 0.1607 
0.2147 0.2808 0.2523 0.2523 
0.2628 0.2372 0.2718 0.2282 

MOTIF filter20 
letter-probability matrix: alength= 4 w= 15 nsites= 15 
0.3046 0.3075 0.1782 0.2098 
0.2644 0.2701 0.2241 0.2414 
0.2241 0.2385 0.2759 0.2615 
0.0000 0.9023 0.0575 0.0402 
0.0000 0.1552 0.0000 0.8448 
0.0057 0.2529 0.7098 0.0316 
1.0000 0.0000 0.0000 0.0000 
0.0000 0.0000 0.0000 1.0000 
0.0000 0.0000 0.0000 1.0000 
0.0000 0.0000 1.0000 0.0000 
0.0000 0.0000 1.0000 0.0000 
0.0632 0.3678 0.0115 0.5575 
0.0115 0.3994 0.1552 0.4339 
0.2098 0.4167 0.2960 0.0776 
0.4569 0.1523 0.3276 0.0632 

MOTIF filter21 
letter-probability matrix: alength= 4 w= 13 nsites= 13 
0.2409 0.5750 0.0227 0.1614 
0.2409 0.2205 0.0955 0.4432 
0.2500 0.2318 0.3295 0.1886 
0.6841 0.0364 0.0818 0.1977 
0.2591 0.1955 0.4409 0.1045 
0.0500 0.0091 0.0000 0.9409 
0.0886 0.7886 0.0000 0.1227 
0.7614 0.0000 0.0000 0.2386 
0.0000 0.0000 1.0000 0.0000 
0.0000 1.0000 0.0000 0.0000 
0.6477 0.0000 0.0000 0.3523 
0.3295 0.0068 0.4750 0.1886 
0.7091 0.0000 0.0136 0.2773 

MOTIF filter22 
letter-probability matrix: alength= 4 w= 20 nsites= 20 
0.2574 0.2500 0.2500 0.2426 
0.0294 0.3309 0.1029 0.5368 
0.5294 0.0000 0.2132 0.2574 
0.4044 0.0074 0.0000 0.5882 
0.6029 0.0588 0.3162 0.0221 
0.2647 0.0368 0.0441 0.6544 
0.0441 0.0956 0.0000 0.8603 
0.5221 0.1397 0.0221 0.3162 
0.5662 0.0000 0.1029 0.3309 
0.5662 0.1691 0.2647 0.0000 
0.4559 0.1103 0.2132 0.2206 
0.0000 0.2574 0.0000 0.7426 
0.3309 0.1544 0.2279 0.2868 
0.3529 0.0294 0.3015 0.3162 
0.2941 0.2721 0.3897 0.0441 
0.0809 0.0662 0.8015 0.0515 
0.5515 0.1544 0.0000 0.2941 
0.4485 0.0000 0.1985 0.3529 
0.4412 0.4485 0.0000 0.1103 
0.1765 0.0515 0.6985 0.0735 

MOTIF filter23 
letter-probability matrix: alength= 4 w= 14 nsites= 14 
0.2544 0.2544 0.2158 0.2754 
0.2448 0.2770 0.2335 0.2448 
0.1272 0.0580 0.3430 0.4718 
0.0113 0.9678 0.0000 0.0209 
0.0000 0.0000 0.0000 1.0000 
1.0000 0.0000 0.0000 0.0000 
0.2770 0.0000 0.0000 0.7230 
0.5185 0.0000 0.0000 0.4815 
0.6216 0.0000 0.0000 0.3784 
0.7713 0.0000 0.0000 0.2287 
0.0000 0.0016 0.0000 0.9984 
1.0000 0.0000 0.0000 0.0000 
0.0290 0.0000 0.9710 0.0000 
0.4960 0.3688 0.0274 0.1079 

MOTIF filter24 
letter-probability matrix: alength= 4 w= 15 nsites= 15 
0.3005 0.2660 0.2766 0.1569 
0.2234 0.3324 0.2128 0.2314 
0.0745 0.1888 0.5000 0.2367 
0.0000 0.7979 0.0319 0.1702 
0.0027 0.8644 0.0000 0.1330 
0.0000 1.0000 0.0000 0.0000 
0.0000 1.0000 0.0000 0.0000 
0.1037 0.0000 0.6170 0.2793 
0.0000 1.0000 0.0000 0.0000 
0.0000 1.0000 0.0000 0.0000 
0.0000 0.8271 0.0000 0.1729 
0.0745 0.8324 0.0000 0.0931 
0.0426 0.6250 0.0612 0.2713 
0.2154 0.2819 0.2580 0.2447 
0.2580 0.2527 0.2367 0.2527 

MOTIF filter25 
letter-probability matrix: alength= 4 w= 16 nsites= 16 
0.2197 0.2761 0.2620 0.2423 
0.2648 0.2423 0.2704 0.2225 
0.2338 0.2704 0.2394 0.2563 
0.0394 0.0056 0.3437 0.6113 
0.0000 0.9239 0.0000 0.0761 
0.0000 0.0000 0.0000 1.0000 
1.0000 0.0000 0.0000 0.0000 
0.0254 0.0000 0.0028 0.9718 
0.0986 0.0000 0.0000 0.9014 
0.2056 0.0000 0.0000 0.7944 
0.5042 0.0000 0.0000 0.4958 
0.0000 0.0000 0.0000 1.0000 
1.0000 0.0000 0.0000 0.0000 
0.0056 0.0000 0.9803 0.0141 
0.4451 0.4085 0.0338 0.1127 
0.2648 0.2592 0.3155 0.1606 

MOTIF filter26 
letter-probability matrix: alength= 4 w= 18 nsites= 18 
0.2545 0.2636 0.1750 0.3068 
0.2955 0.2455 0.2045 0.2545 
0.2909 0.4091 0.1318 0.1682 
0.4455 0.0159 0.0727 0.4659 
0.5432 0.0477 0.0909 0.3182 
0.5591 0.0045 0.0023 0.4341 
0.3023 0.1318 0.3250 0.2409 
0.0000 0.0000 0.0000 1.0000 
0.0000 0.3977 0.6023 0.0000 
0.4773 0.5227 0.0000 0.0000 
0.0000 0.0000 0.3068 0.6932 
0.0000 0.3591 0.6409 0.0000 
1.0000 0.0000 0.0000 0.0000 
0.1432 0.4045 0.2295 0.2227 
0.1932 0.0295 0.0045 0.7727 
0.2273 0.2795 0.0477 0.4455 
0.4705 0.0364 0.0636 0.4295 
0.1659 0.1295 0.4750 0.2295 

MOTIF filter27 
letter-probability matrix: alength= 4 w= 12 nsites= 12 
0.4111 0.2289 0.3178 0.0422 
0.0000 0.0000 0.0000 1.0000 
0.0000 0.0000 1.0000 0.0000 
1.0000 0.0000 0.0000 0.0000 
0.0000 0.5033 0.4967 0.0000 
0.0000 0.0000 0.0000 1.0000 
0.0000 1.0000 0.0000 0.0000 
1.0000 0.0000 0.0000 0.0000 
0.0000 0.3756 0.1778 0.4467 
0.2133 0.3878 0.1444 0.2544 
0.2567 0.2211 0.2700 0.2522 
0.2822 0.2411 0.2433 0.2333 

MOTIF filter28 
letter-probability matrix: alength= 4 w= 11 nsites= 11 
0.2411 0.2743 0.2446 0.2400 
0.2400 0.2354 0.2617 0.2629 
0.2389 0.1451 0.4011 0.2149 
0.4583 0.1269 0.4149 0.0000 
0.0000 0.0000 0.0000 1.0000 
0.0000 0.0000 1.0000 0.0000 
1.0000 0.0000 0.0000 0.0000 
0.0000 0.4914 0.5086 0.0000 
0.0000 0.0000 0.0000 1.0000 
0.0000 1.0000 0.0000 0.0000 
1.0000 0.0000 0.0000 0.0000 

MOTIF filter29 
letter-probability matrix: alength= 4 w= 14 nsites= 14 
0.1542 0.1979 0.3856 0.2622 
0.0283 0.4730 0.2365 0.2622 
0.0823 0.6170 0.1311 0.1697 
0.6735 0.0180 0.2776 0.0308 
0.0000 0.9409 0.0077 0.0514 
0.0000 0.0000 0.0000 1.0000 
0.0000 0.0000 0.0000 1.0000 
0.0000 1.0000 0.0000 0.0000 
0.0000 1.0000 0.0000 0.0000 
0.0000 0.0000 0.9769 0.0231 
0.0000 0.1517 0.8380 0.0103 
0.2596 0.1928 0.2674 0.2802 
0.2751 0.2442 0.2365 0.2442 
0.2699 0.2237 0.2339 0.2725 

MOTIF filter30 
letter-probability matrix: alength= 4 w= 11 nsites= 11 
0.2369 0.2741 0.2395 0.2495 
0.2641 0.2349 0.2295 0.2715 
0.6294 0.0000 0.0000 0.3706 
0.0000 0.0000 0.0000 1.0000 
0.0000 0.0080 0.0000 0.9920 
0.9614 0.0000 0.0386 0.0000 
1.0000 0.0000 0.0000 0.0000 
0.3746 0.0000 0.0000 0.6254 
0.2601 0.2448 0.2562 0.2389 
0.2389 0.2462 0.2668 0.2482 
0.2542 0.2701 0.2329 0.2428 

MOTIF filter31 
letter-probability matrix: alength= 4 w= 17 nsites= 17 
0.2688 0.2253 0.2530 0.2530 
0.1976 0.2332 0.2806 0.2885 
0.2134 0.2213 0.3162 0.2490 
0.2569 0.0474 0.6403 0.0553 
0.1107 0.0000 0.8498 0.0395 
0.1265 0.0000 0.8735 0.0000 
0.0000 0.0000 1.0000 0.0000 
0.0000 0.0000 1.0000 0.0000 
0.2925 0.6126 0.0000 0.0949 
0.0000 0.0000 1.0000 0.0000 
0.0000 0.0000 1.0000 0.0000 
0.1028 0.0000 0.8972 0.0000 
0.1146 0.0040 0.8814 0.0000 
0.1344 0.6403 0.1739 0.0514 
0.2806 0.2016 0.3004 0.2174 
0.2213 0.3043 0.2411 0.2332 
0.2530 0.2174 0.2569 0.2727 

