MEME version 4

ALPHABET= ACGT

Background letter frequencies:
A 0.2500 C 0.2500 G 0.2500 T 0.2500 

MOTIF filter0 
letter-probability matrix: alength= 4 w= 20 nsites= 20 
0.2679 0.2632 0.2440 0.2249 
0.3110 0.1005 0.0000 0.5885 
0.6459 0.0048 0.3493 0.0000 
0.3732 0.3301 0.1531 0.1435 
0.5981 0.2919 0.0861 0.0239 
0.0957 0.1483 0.7321 0.0239 
0.0000 0.1005 0.1340 0.7656 
0.6459 0.2823 0.0000 0.0718 
0.1579 0.1483 0.1340 0.5598 
0.1053 0.2344 0.4928 0.1675 
0.0670 0.1005 0.3589 0.4737 
0.0144 0.1148 0.0000 0.8708 
0.6555 0.0191 0.0526 0.2727 
0.4689 0.1100 0.2632 0.1579 
0.4306 0.1100 0.4498 0.0096 
0.0000 0.2153 0.2057 0.5789 
0.1722 0.2105 0.4115 0.2057 
0.1196 0.1196 0.5789 0.1818 
0.1100 0.4019 0.0144 0.4737 
0.3301 0.0191 0.1531 0.4976 

MOTIF filter1 
letter-probability matrix: alength= 4 w= 18 nsites= 18 
0.2679 0.2679 0.2107 0.2536 
0.2429 0.3036 0.2464 0.2071 
0.2393 0.2500 0.2571 0.2536 
0.1179 0.0036 0.7143 0.1643 
0.0607 0.7643 0.1036 0.0714 
0.2857 0.3536 0.2464 0.1143 
0.0321 0.0000 0.9036 0.0643 
0.0000 1.0000 0.0000 0.0000 
0.0000 1.0000 0.0000 0.0000 
1.0000 0.0000 0.0000 0.0000 
0.0000 0.0000 0.0000 1.0000 
0.0036 0.5107 0.1321 0.3536 
0.0000 0.0393 0.0000 0.9607 
0.0000 0.0107 0.0000 0.9893 
0.0714 0.0714 0.7893 0.0679 
0.2714 0.2357 0.2607 0.2321 
0.1929 0.2821 0.2571 0.2679 
0.2464 0.2929 0.2321 0.2286 

MOTIF filter2 
letter-probability matrix: alength= 4 w= 14 nsites= 14 
0.1756 0.2113 0.3304 0.2827 
0.0387 0.5060 0.1994 0.2560 
0.0804 0.6250 0.1220 0.1726 
0.7351 0.0119 0.2321 0.0208 
0.0000 0.9613 0.0119 0.0268 
0.0000 0.0000 0.0000 1.0000 
0.0000 0.0000 0.0000 1.0000 
0.0000 1.0000 0.0000 0.0000 
0.0000 1.0000 0.0000 0.0000 
0.0000 0.0000 0.9821 0.0179 
0.0000 0.1548 0.8423 0.0030 
0.3155 0.1786 0.2411 0.2649 
0.3244 0.2173 0.2054 0.2530 
0.2619 0.2262 0.2470 0.2649 

MOTIF filter3 
letter-probability matrix: alength= 4 w= 12 nsites= 12 
0.2564 0.2633 0.2425 0.2379 
0.2771 0.2321 0.2206 0.2702 
0.2644 0.2575 0.2333 0.2448 
1.0000 0.0000 0.0000 0.0000 
0.0000 0.0000 0.0000 1.0000 
0.0000 0.4307 0.0000 0.5693 
1.0000 0.0000 0.0000 0.0000 
1.0000 0.0000 0.0000 0.0000 
0.9527 0.0000 0.0000 0.0473 
0.2598 0.2275 0.2194 0.2933 
0.2494 0.2448 0.2402 0.2656 
0.2194 0.2725 0.2506 0.2575 

MOTIF filter4 
letter-probability matrix: alength= 4 w= 13 nsites= 13 
0.2374 0.2344 0.2646 0.2636 
0.2314 0.1700 0.3934 0.2052 
0.4064 0.2304 0.3632 0.0000 
0.0000 0.0000 0.0000 1.0000 
0.0000 0.0000 0.9990 0.0010 
1.0000 0.0000 0.0000 0.0000 
0.0000 0.5010 0.4990 0.0000 
0.0000 0.0000 0.0000 1.0000 
0.0000 1.0000 0.0000 0.0000 
1.0000 0.0000 0.0000 0.0000 
0.0252 0.3280 0.2535 0.3934 
0.2153 0.3612 0.1871 0.2364 
0.2606 0.2203 0.2716 0.2475 

MOTIF filter5 
letter-probability matrix: alength= 4 w= 14 nsites= 14 
0.2518 0.2518 0.2335 0.2629 
0.2212 0.3407 0.3872 0.0508 
0.5695 0.0238 0.1156 0.2911 
0.1612 0.2204 0.0139 0.6044 
0.3125 0.4138 0.1438 0.1299 
0.2061 0.4222 0.1990 0.1728 
0.0882 0.0000 0.4801 0.4317 
0.3531 0.0000 0.4003 0.2466 
0.6918 0.0171 0.0357 0.2554 
0.0322 0.1728 0.7701 0.0250 
0.1863 0.1549 0.0139 0.6450 
0.2867 0.3781 0.1553 0.1799 
0.5274 0.1803 0.0770 0.2153 
0.1712 0.4583 0.0036 0.3670 

MOTIF filter6 
letter-probability matrix: alength= 4 w= 18 nsites= 18 
0.2312 0.2428 0.2601 0.2659 
0.2225 0.3006 0.2659 0.2110 
0.2688 0.2601 0.2052 0.2659 
0.1532 0.6705 0.1185 0.0578 
0.9971 0.0000 0.0029 0.0000 
0.9855 0.0000 0.0145 0.0000 
0.4220 0.0838 0.4711 0.0231 
1.0000 0.0000 0.0000 0.0000 
0.0000 0.0000 0.0000 1.0000 
0.0000 0.0000 1.0000 0.0000 
0.0000 0.0000 1.0000 0.0000 
0.0520 0.8671 0.0000 0.0809 
0.1098 0.1965 0.4306 0.2630 
0.0780 0.0723 0.7803 0.0694 
0.1329 0.7746 0.0145 0.0780 
0.2688 0.2312 0.2139 0.2861 
0.2312 0.2428 0.3092 0.2168 
0.2572 0.2283 0.2832 0.2312 

MOTIF filter7 
letter-probability matrix: alength= 4 w= 15 nsites= 15 
0.2765 0.2336 0.2094 0.2805 
0.2537 0.2564 0.2349 0.2550 
0.1289 0.2040 0.1383 0.5289 
0.0000 0.0000 0.0000 1.0000 
0.0000 0.0000 0.0000 1.0000 
0.0416 0.9584 0.0000 0.0000 
0.0054 0.7933 0.0000 0.2013 
0.2671 0.2054 0.2564 0.2711 
0.1691 0.0000 0.8309 0.0000 
0.0000 0.0000 0.9799 0.0201 
1.0000 0.0000 0.0000 0.0000 
1.0000 0.0000 0.0000 0.0000 
0.5517 0.1007 0.1893 0.1584 
0.2255 0.2819 0.2510 0.2416 
0.2537 0.2336 0.2617 0.2510 

MOTIF filter8 
letter-probability matrix: alength= 4 w= 16 nsites= 16 
0.2684 0.2500 0.2459 0.2357 
0.2398 0.2541 0.2418 0.2643 
0.1803 0.1844 0.1311 0.5041 
0.0041 0.0246 0.0758 0.8955 
0.0000 0.0000 0.0000 1.0000 
0.0000 0.5082 0.0041 0.4877 
0.0143 0.9857 0.0000 0.0000 
0.0225 0.5389 0.0000 0.4385 
0.4201 0.0000 0.5225 0.0574 
0.0000 0.0000 0.9898 0.0102 
0.5082 0.0082 0.4836 0.0000 
1.0000 0.0000 0.0000 0.0000 
0.8832 0.0471 0.0553 0.0143 
0.4221 0.1250 0.2357 0.2172 
0.2848 0.2869 0.1783 0.2500 
0.2008 0.2725 0.2828 0.2439 

MOTIF filter9 
letter-probability matrix: alength= 4 w= 10 nsites= 10 
0.2227 0.3022 0.3091 0.1660 
0.0000 1.0000 0.0000 0.0000 
1.0000 0.0000 0.0000 0.0000 
0.0000 1.0000 0.0000 0.0000 
0.0000 0.0000 1.0000 0.0000 
0.0000 0.0000 0.0000 1.0000 
0.0000 0.0000 1.0000 0.0000 
0.1620 0.2903 0.3141 0.2336 
0.1769 0.2435 0.1670 0.4125 
0.2306 0.2555 0.2515 0.2624 

MOTIF filter10 
letter-probability matrix: alength= 4 w= 19 nsites= 19 
0.1608 0.0850 0.0501 0.7041 
0.0197 0.0804 0.6859 0.2140 
0.4127 0.4127 0.0546 0.1199 
0.0000 0.9985 0.0015 0.0000 
0.0000 0.9970 0.0000 0.0030 
0.8558 0.0000 0.0000 0.1442 
0.0152 0.0000 0.0000 0.9848 
1.0000 0.0000 0.0000 0.0000 
0.0000 0.0000 0.0000 1.0000 
0.9924 0.0000 0.0000 0.0076 
0.1381 0.0000 0.0000 0.8619 
0.0000 0.0015 0.9985 0.0000 
0.0000 0.0000 1.0000 0.0000 
0.0804 0.0607 0.4370 0.4219 
0.2049 0.7193 0.0561 0.0197 
0.8027 0.0046 0.0243 0.1684 
0.2458 0.3065 0.1958 0.2519 
0.1912 0.2701 0.2686 0.2701 
0.2549 0.2155 0.3065 0.2231 

MOTIF filter11 
letter-probability matrix: alength= 4 w= 14 nsites= 14 
0.2303 0.2615 0.2556 0.2526 
0.5230 0.0936 0.3611 0.0223 
0.0000 0.0000 0.0000 1.0000 
0.0000 0.0000 0.0119 0.9881 
0.2912 0.0000 0.6508 0.0579 
0.0000 0.9450 0.0000 0.0550 
0.0431 0.0030 0.9539 0.0000 
0.0698 0.7028 0.0000 0.2273 
0.9866 0.0134 0.0000 0.0000 
1.0000 0.0000 0.0000 0.0000 
0.0030 0.3596 0.1025 0.5349 
0.2660 0.2511 0.2912 0.1917 
0.2169 0.2125 0.3016 0.2689 
0.2585 0.2273 0.2689 0.2452 

MOTIF filter12 
letter-probability matrix: alength= 4 w= 15 nsites= 15 
0.2693 0.2993 0.2145 0.2170 
0.0723 0.1920 0.4988 0.2369 
0.0000 0.8030 0.0200 0.1771 
0.0000 0.8304 0.0000 0.1696 
0.0000 1.0000 0.0000 0.0000 
0.0000 1.0000 0.0000 0.0000 
0.0923 0.0000 0.6035 0.3042 
0.0000 1.0000 0.0000 0.0000 
0.0000 1.0000 0.0000 0.0000 
0.0000 0.7955 0.0000 0.2045 
0.0673 0.8329 0.0000 0.0998 
0.0474 0.6384 0.0499 0.2643 
0.2544 0.2519 0.2444 0.2494 
0.2793 0.2394 0.2319 0.2494 
0.2269 0.2993 0.2394 0.2344 

MOTIF filter13 
letter-probability matrix: alength= 4 w= 15 nsites= 15 
0.1972 0.2324 0.2817 0.2887 
0.1127 0.1690 0.4225 0.2958 
0.0211 0.4613 0.2570 0.2606 
0.0704 0.6972 0.1197 0.1127 
0.7289 0.0000 0.2641 0.0070 
0.0000 0.9507 0.0035 0.0458 
0.0000 0.0000 0.0000 1.0000 
0.0000 0.0000 0.0000 1.0000 
0.0000 1.0000 0.0000 0.0000 
0.0000 1.0000 0.0000 0.0000 
0.0000 0.0000 0.9930 0.0070 
0.0000 0.1338 0.8662 0.0000 
0.2430 0.2148 0.2465 0.2958 
0.2148 0.2500 0.2746 0.2606 
0.2570 0.2042 0.2465 0.2923 

MOTIF filter14 
letter-probability matrix: alength= 4 w= 15 nsites= 15 
0.2453 0.2201 0.2296 0.3050 
0.2673 0.1918 0.2925 0.2484 
0.2358 0.2862 0.2358 0.2421 
0.0063 0.8270 0.1667 0.0000 
0.0063 0.9937 0.0000 0.0000 
0.0000 0.0000 1.0000 0.0000 
0.0000 0.0000 1.0000 0.0000 
1.0000 0.0000 0.0000 0.0000 
1.0000 0.0000 0.0000 0.0000 
0.0314 0.0094 0.9591 0.0000 
0.0283 0.2767 0.0000 0.6950 
0.1761 0.1101 0.6887 0.0252 
0.2736 0.2390 0.4686 0.0189 
0.2421 0.3585 0.2296 0.1698 
0.2170 0.2767 0.2453 0.2610 

MOTIF filter15 
letter-probability matrix: alength= 4 w= 16 nsites= 16 
0.2989 0.2100 0.2384 0.2527 
0.2527 0.2918 0.2491 0.2064 
0.2242 0.2527 0.2527 0.2705 
0.1174 0.0142 0.7260 0.1423 
0.0747 0.7544 0.1032 0.0676 
0.2883 0.3488 0.2669 0.0961 
0.0427 0.0000 0.8612 0.0961 
0.0000 1.0000 0.0000 0.0000 
0.0000 1.0000 0.0000 0.0000 
1.0000 0.0000 0.0000 0.0000 
0.0000 0.0000 0.0000 1.0000 
0.0036 0.4306 0.1637 0.4021 
0.0000 0.0000 0.0000 1.0000 
0.0000 0.0000 0.0000 1.0000 
0.0498 0.0783 0.7402 0.1317 
0.2883 0.2135 0.2527 0.2456 

MOTIF filter16 
letter-probability matrix: alength= 4 w= 15 nsites= 15 
0.2440 0.2574 0.2373 0.2612 
0.2364 0.2651 0.2565 0.2421 
0.2526 0.2670 0.2440 0.2364 
0.5043 0.1368 0.3464 0.0124 
0.0000 0.0000 0.0000 1.0000 
0.0000 0.0000 0.0593 0.9407 
0.2947 0.0000 0.6172 0.0880 
0.0163 0.8756 0.0115 0.0967 
0.0995 0.0029 0.8842 0.0134 
0.0900 0.6498 0.0000 0.2603 
0.9388 0.0612 0.0000 0.0000 
1.0000 0.0000 0.0000 0.0000 
0.0182 0.3349 0.1531 0.4938 
0.2651 0.2469 0.2708 0.2172 
0.2574 0.2086 0.2478 0.2861 

MOTIF filter17 
letter-probability matrix: alength= 4 w= 17 nsites= 17 
0.2753 0.2474 0.2439 0.2334 
0.2544 0.2544 0.2439 0.2474 
0.5296 0.0070 0.1324 0.3310 
0.6585 0.0070 0.0418 0.2927 
0.4390 0.0000 0.0244 0.5366 
0.2892 0.1498 0.1324 0.4286 
0.0105 0.0000 0.0000 0.9895 
0.0000 0.0000 1.0000 0.0000 
0.0070 0.9930 0.0000 0.0000 
0.0000 0.0000 0.0000 1.0000 
0.0000 0.0000 0.9930 0.0070 
1.0000 0.0000 0.0000 0.0000 
0.0244 0.5087 0.3206 0.1463 
0.1951 0.1045 0.0348 0.6655 
0.1742 0.3937 0.1185 0.3136 
0.5470 0.0488 0.1882 0.2160 
0.1498 0.0279 0.5819 0.2404 

MOTIF filter18 
letter-probability matrix: alength= 4 w= 15 nsites= 15 
0.2401 0.2401 0.2514 0.2684 
0.2373 0.2288 0.2655 0.2684 
0.2147 0.2345 0.2994 0.2514 
0.2542 0.0452 0.6412 0.0593 
0.1158 0.0000 0.8136 0.0706 
0.1667 0.0000 0.8333 0.0000 
0.0000 0.0000 1.0000 0.0000 
0.0000 0.0000 1.0000 0.0000 
0.2966 0.5678 0.0000 0.1356 
0.0000 0.0000 1.0000 0.0000 
0.0000 0.0000 1.0000 0.0000 
0.1525 0.0000 0.8475 0.0000 
0.1977 0.0169 0.7853 0.0000 
0.1638 0.5819 0.1780 0.0763 
0.2655 0.2006 0.2966 0.2373 

MOTIF filter19 
letter-probability matrix: alength= 4 w= 15 nsites= 15 
0.2602 0.2379 0.2156 0.2862 
0.2379 0.2379 0.2974 0.2268 
0.2230 0.2119 0.2937 0.2714 
0.0000 0.9368 0.0632 0.0000 
0.0297 0.9703 0.0000 0.0000 
0.0000 0.0000 1.0000 0.0000 
0.0000 0.0000 1.0000 0.0000 
1.0000 0.0000 0.0000 0.0000 
1.0000 0.0000 0.0000 0.0000 
0.0335 0.0000 0.9665 0.0000 
0.0074 0.3086 0.0149 0.6691 
0.1636 0.0558 0.7472 0.0335 
0.2454 0.2565 0.4796 0.0186 
0.1784 0.4052 0.2454 0.1710 
0.1859 0.3086 0.2714 0.2342 

MOTIF filter20 
letter-probability matrix: alength= 4 w= 16 nsites= 16 
0.4508 0.2240 0.1475 0.1776 
0.0656 0.3798 0.1093 0.4454 
0.0710 0.3251 0.3716 0.2322 
0.4399 0.1038 0.4563 0.0000 
0.5847 0.0055 0.3661 0.0437 
0.0000 1.0000 0.0000 0.0000 
0.0000 1.0000 0.0000 0.0000 
1.0000 0.0000 0.0000 0.0000 
1.0000 0.0000 0.0000 0.0000 
0.0000 0.0000 0.0000 1.0000 
0.0273 0.7760 0.1967 0.0000 
0.8333 0.0027 0.1639 0.0000 
0.0601 0.0601 0.8716 0.0082 
0.2104 0.2842 0.2377 0.2678 
0.2760 0.1913 0.2760 0.2568 
0.2322 0.2760 0.2240 0.2678 

MOTIF filter21 
letter-probability matrix: alength= 4 w= 17 nsites= 17 
0.2133 0.2486 0.2649 0.2731 
0.2038 0.2840 0.2758 0.2364 
0.2948 0.2500 0.2092 0.2459 
0.1576 0.0543 0.0163 0.7717 
0.0299 0.0598 0.6889 0.2215 
0.4171 0.4158 0.0829 0.0842 
0.0000 1.0000 0.0000 0.0000 
0.0000 0.9959 0.0000 0.0041 
0.8410 0.0000 0.0068 0.1522 
0.0109 0.0000 0.0000 0.9891 
1.0000 0.0000 0.0000 0.0000 
0.0000 0.0000 0.0000 1.0000 
0.9932 0.0000 0.0000 0.0068 
0.1236 0.0014 0.0000 0.8750 
0.0027 0.0054 0.9918 0.0000 
0.0000 0.0014 0.9959 0.0027 
0.1005 0.0557 0.3967 0.4470 

MOTIF filter22 
letter-probability matrix: alength= 4 w= 12 nsites= 12 
0.2625 0.2314 0.2314 0.2748 
0.2455 0.2908 0.2417 0.2219 
0.2380 0.2370 0.2417 0.2833 
0.4674 0.0000 0.0000 0.5326 
0.0000 0.0000 0.0000 1.0000 
0.0000 0.0000 0.0000 1.0000 
0.8187 0.0000 0.1813 0.0000 
1.0000 0.0000 0.0000 0.0000 
0.0000 0.0000 0.0000 1.0000 
0.2691 0.2521 0.2559 0.2229 
0.2304 0.2550 0.2597 0.2550 
0.2502 0.2417 0.2446 0.2635 

MOTIF filter23 
letter-probability matrix: alength= 4 w= 20 nsites= 20 
0.2730 0.2184 0.2253 0.2833 
0.2901 0.2287 0.2526 0.2287 
0.2355 0.2935 0.2014 0.2696 
0.2935 0.5631 0.0307 0.1126 
0.2423 0.1809 0.0648 0.5119 
0.2730 0.1468 0.3447 0.2355 
0.6758 0.0341 0.0956 0.1945 
0.1433 0.3311 0.5017 0.0239 
0.0000 0.0000 0.0000 1.0000 
0.0102 0.9898 0.0000 0.0000 
1.0000 0.0000 0.0000 0.0000 
0.0000 0.0000 0.9966 0.0034 
0.0000 1.0000 0.0000 0.0000 
0.9932 0.0000 0.0000 0.0068 
0.4608 0.1536 0.1160 0.2696 
0.4164 0.0444 0.0068 0.5324 
0.3993 0.0648 0.0000 0.5358 
0.3208 0.0956 0.0205 0.5631 
0.2730 0.2150 0.2526 0.2594 
0.2833 0.2730 0.2150 0.2287 

MOTIF filter24 
letter-probability matrix: alength= 4 w= 13 nsites= 13 
0.2493 0.2695 0.2520 0.2291 
0.2534 0.2695 0.2507 0.2264 
0.0916 0.0337 0.3544 0.5202 
0.0202 0.9205 0.0000 0.0593 
0.0000 0.0000 0.0000 1.0000 
1.0000 0.0000 0.0000 0.0000 
0.2534 0.0000 0.0000 0.7466 
0.4677 0.0000 0.0000 0.5323 
0.5714 0.0000 0.0000 0.4286 
0.7251 0.0000 0.0000 0.2749 
0.0000 0.0000 0.0000 1.0000 
1.0000 0.0000 0.0000 0.0000 
0.0714 0.0000 0.9151 0.0135 

MOTIF filter25 
letter-probability matrix: alength= 4 w= 12 nsites= 12 
0.2555 0.2571 0.2633 0.2241 
0.5439 0.1144 0.2759 0.0658 
0.2006 0.3621 0.3777 0.0596 
0.0000 1.0000 0.0000 0.0000 
1.0000 0.0000 0.0000 0.0000 
0.0000 1.0000 0.0000 0.0000 
0.0047 0.0000 0.9953 0.0000 
0.0000 0.0000 0.0000 1.0000 
0.0000 0.0000 1.0000 0.0000 
0.0956 0.3621 0.3182 0.2241 
0.1176 0.2053 0.1364 0.5408 
0.2508 0.2586 0.2351 0.2555 

MOTIF filter26 
letter-probability matrix: alength= 4 w= 19 nsites= 19 
0.1646 0.0876 0.0559 0.6920 
0.0327 0.1076 0.6392 0.2205 
0.4051 0.3776 0.0823 0.1350 
0.0021 0.9916 0.0053 0.0011 
0.0000 0.9831 0.0063 0.0105 
0.8154 0.0116 0.0084 0.1646 
0.0348 0.0000 0.0021 0.9631 
0.9895 0.0074 0.0011 0.0021 
0.0000 0.0116 0.0074 0.9810 
0.9831 0.0032 0.0000 0.0137 
0.1709 0.0095 0.0011 0.8186 
0.0074 0.0222 0.9705 0.0000 
0.0042 0.0032 0.9905 0.0021 
0.1150 0.0665 0.3882 0.4304 
0.2289 0.6350 0.0939 0.0422 
0.7078 0.0369 0.0749 0.1804 
0.2479 0.2722 0.2342 0.2458 
0.2437 0.2584 0.2511 0.2468 
0.2511 0.2331 0.2605 0.2553 

MOTIF filter27 
letter-probability matrix: alength= 4 w= 15 nsites= 15 
0.2845 0.3132 0.1954 0.2069 
0.2701 0.2816 0.2069 0.2414 
0.2471 0.2299 0.2557 0.2672 
0.0029 0.8477 0.0661 0.0833 
0.0000 0.1724 0.0000 0.8276 
0.0000 0.2356 0.7414 0.0230 
1.0000 0.0000 0.0000 0.0000 
0.0000 0.0000 0.0000 1.0000 
0.0000 0.0000 0.0000 1.0000 
0.0000 0.0000 1.0000 0.0000 
0.0000 0.0000 1.0000 0.0000 
0.0374 0.3937 0.0057 0.5632 
0.0115 0.4310 0.1322 0.4253 
0.1810 0.4454 0.3132 0.0603 
0.4856 0.1437 0.3075 0.0632 

MOTIF filter28 
letter-probability matrix: alength= 4 w= 14 nsites= 14 
0.2319 0.2807 0.2336 0.2538 
0.2303 0.2790 0.2370 0.2538 
0.1059 0.0319 0.3546 0.5076 
0.0000 0.9647 0.0000 0.0353 
0.0000 0.0000 0.0000 1.0000 
1.0000 0.0000 0.0000 0.0000 
0.2252 0.0000 0.0000 0.7748 
0.4403 0.0000 0.0000 0.5597 
0.5445 0.0000 0.0000 0.4555 
0.7092 0.0000 0.0000 0.2908 
0.0000 0.0000 0.0000 1.0000 
1.0000 0.0000 0.0000 0.0000 
0.0185 0.0000 0.9798 0.0017 
0.5059 0.4034 0.0218 0.0689 

MOTIF filter29 
letter-probability matrix: alength= 4 w= 14 nsites= 14 
0.2433 0.2676 0.2543 0.2348 
0.2603 0.2482 0.2506 0.2409 
0.2409 0.1448 0.3929 0.2214 
0.4720 0.0900 0.4234 0.0146 
0.0000 0.0000 0.0000 1.0000 
0.0000 0.0000 1.0000 0.0000 
1.0000 0.0000 0.0000 0.0000 
0.0000 0.5097 0.4903 0.0000 
0.0000 0.0000 0.0000 1.0000 
0.0000 1.0000 0.0000 0.0000 
1.0000 0.0000 0.0000 0.0000 
0.0000 0.3333 0.2311 0.4355 
0.2141 0.3723 0.2019 0.2117 
0.2348 0.2238 0.2895 0.2518 

MOTIF filter30 
letter-probability matrix: alength= 4 w= 16 nsites= 16 
0.2341 0.2214 0.2595 0.2849 
0.1961 0.2863 0.2821 0.2355 
0.2736 0.2496 0.2257 0.2511 
0.1072 0.0719 0.0113 0.8096 
0.0197 0.0677 0.6939 0.2186 
0.4274 0.3907 0.0748 0.1072 
0.0000 1.0000 0.0000 0.0000 
0.0000 0.9972 0.0000 0.0028 
0.8505 0.0000 0.0056 0.1439 
0.0127 0.0000 0.0000 0.9873 
1.0000 0.0000 0.0000 0.0000 
0.0000 0.0000 0.0000 1.0000 
0.9972 0.0000 0.0000 0.0028 
0.1396 0.0000 0.0000 0.8604 
0.0028 0.0028 0.9944 0.0000 
0.0000 0.0014 0.9972 0.0014 

MOTIF filter31 
letter-probability matrix: alength= 4 w= 17 nsites= 17 
0.2485 0.2705 0.2004 0.2806 
0.2725 0.2204 0.2405 0.2665 
0.2345 0.4870 0.1202 0.1583 
0.4629 0.0301 0.0561 0.4509 
0.5230 0.0621 0.1082 0.3066 
0.5792 0.0000 0.0060 0.4148 
0.2545 0.2004 0.3467 0.1984 
0.0000 0.0000 0.0000 1.0000 
0.0000 0.4910 0.5090 0.0000 
0.5631 0.4369 0.0000 0.0000 
0.0000 0.0000 0.3888 0.6112 
0.0000 0.4469 0.5531 0.0000 
1.0000 0.0000 0.0000 0.0000 
0.1663 0.3928 0.2345 0.2064 
0.3126 0.0200 0.0020 0.6653 
0.2665 0.2425 0.0261 0.4649 
0.4409 0.0461 0.0301 0.4830 

