MEME version 4

ALPHABET= ACGT

Background letter frequencies:
A 0.2500 C 0.2500 G 0.2500 T 0.2500 

MOTIF filter0 
letter-probability matrix: alength= 4 w= 19 nsites= 19 
0.2438 0.2886 0.1940 0.2736 
0.2786 0.6070 0.0249 0.0896 
0.2537 0.1194 0.0945 0.5323 
0.2637 0.1244 0.3582 0.2537 
0.7562 0.0149 0.0746 0.1542 
0.1443 0.3433 0.5025 0.0100 
0.0000 0.0000 0.0000 1.0000 
0.0050 0.9950 0.0000 0.0000 
1.0000 0.0000 0.0000 0.0000 
0.0000 0.0000 1.0000 0.0000 
0.0000 1.0000 0.0000 0.0000 
1.0000 0.0000 0.0000 0.0000 
0.5274 0.1443 0.0647 0.2637 
0.4378 0.0398 0.0000 0.5224 
0.3731 0.0647 0.0000 0.5622 
0.2488 0.0796 0.0149 0.6567 
0.2886 0.1990 0.2836 0.2289 
0.2935 0.2587 0.2040 0.2438 
0.2338 0.2935 0.2090 0.2637 

MOTIF filter1 
letter-probability matrix: alength= 4 w= 16 nsites= 16 
0.4539 0.2039 0.1382 0.2039 
0.0625 0.3783 0.1118 0.4474 
0.0230 0.3257 0.4079 0.2434 
0.4572 0.0987 0.4441 0.0000 
0.5888 0.0033 0.3750 0.0329 
0.0000 1.0000 0.0000 0.0000 
0.0000 1.0000 0.0000 0.0000 
1.0000 0.0000 0.0000 0.0000 
1.0000 0.0000 0.0000 0.0000 
0.0000 0.0000 0.0000 1.0000 
0.0132 0.8224 0.1645 0.0000 
0.8355 0.0000 0.1645 0.0000 
0.0658 0.0428 0.8783 0.0132 
0.2007 0.2763 0.2336 0.2895 
0.2862 0.2039 0.2599 0.2500 
0.2204 0.2993 0.2303 0.2500 

MOTIF filter2 
letter-probability matrix: alength= 4 w= 14 nsites= 14 
0.3204 0.2880 0.1877 0.2039 
0.2751 0.2427 0.2136 0.2686 
0.2524 0.2168 0.2589 0.2718 
0.0000 0.8608 0.0841 0.0550 
0.0000 0.1165 0.0000 0.8835 
0.0000 0.2104 0.7605 0.0291 
1.0000 0.0000 0.0000 0.0000 
0.0000 0.0000 0.0000 1.0000 
0.0000 0.0000 0.0000 1.0000 
0.0000 0.0000 1.0000 0.0000 
0.0000 0.0000 1.0000 0.0000 
0.0324 0.4045 0.0032 0.5599 
0.0000 0.4272 0.1262 0.4466 
0.1974 0.3981 0.3042 0.1003 

MOTIF filter3 
letter-probability matrix: alength= 4 w= 13 nsites= 13 
0.2723 0.2441 0.2113 0.2723 
0.2504 0.2567 0.2473 0.2457 
0.1174 0.1925 0.1393 0.5509 
0.0000 0.0000 0.0000 1.0000 
0.0000 0.0000 0.0063 0.9937 
0.0423 0.9577 0.0000 0.0000 
0.0063 0.7590 0.0000 0.2347 
0.2989 0.1502 0.3083 0.2426 
0.0955 0.0000 0.9045 0.0000 
0.0000 0.0000 0.9906 0.0094 
1.0000 0.0000 0.0000 0.0000 
1.0000 0.0000 0.0000 0.0000 
0.5978 0.0720 0.1831 0.1471 

MOTIF filter4 
letter-probability matrix: alength= 4 w= 14 nsites= 14 
0.2512 0.2368 0.2548 0.2572 
0.2019 0.1911 0.3906 0.2163 
0.4411 0.2200 0.3389 0.0000 
0.0000 0.0000 0.0000 1.0000 
0.0000 0.0000 0.9988 0.0012 
1.0000 0.0000 0.0000 0.0000 
0.0000 0.4808 0.5192 0.0000 
0.0000 0.0000 0.0000 1.0000 
0.0000 1.0000 0.0000 0.0000 
1.0000 0.0000 0.0000 0.0000 
0.0012 0.3870 0.1659 0.4459 
0.2236 0.3882 0.1250 0.2632 
0.2536 0.2139 0.2873 0.2452 
0.2656 0.2404 0.2524 0.2416 

MOTIF filter5 
letter-probability matrix: alength= 4 w= 12 nsites= 12 
0.2679 0.2297 0.2217 0.2807 
0.2472 0.2472 0.2440 0.2616 
0.1388 0.1914 0.1116 0.5582 
0.0000 0.0000 0.0000 1.0000 
0.0000 0.0000 0.0000 1.0000 
0.0000 1.0000 0.0000 0.0000 
0.0000 0.8963 0.0000 0.1037 
0.2456 0.2600 0.1914 0.3030 
0.2169 0.0000 0.7783 0.0048 
0.0000 0.0000 0.9856 0.0144 
0.9984 0.0016 0.0000 0.0000 
1.0000 0.0000 0.0000 0.0000 

MOTIF filter6 
letter-probability matrix: alength= 4 w= 12 nsites= 12 
0.2574 0.2321 0.2236 0.2869 
0.5781 0.1139 0.2574 0.0506 
0.1793 0.3776 0.3586 0.0844 
0.0000 1.0000 0.0000 0.0000 
1.0000 0.0000 0.0000 0.0000 
0.0000 1.0000 0.0000 0.0000 
0.0000 0.0000 1.0000 0.0000 
0.0000 0.0000 0.0000 1.0000 
0.0000 0.0000 1.0000 0.0000 
0.0401 0.3924 0.3544 0.2131 
0.0949 0.2173 0.1456 0.5422 
0.2532 0.1983 0.2722 0.2764 

MOTIF filter7 
letter-probability matrix: alength= 4 w= 18 nsites= 18 
0.2742 0.2806 0.2290 0.2161 
0.2645 0.3129 0.2387 0.1839 
0.2387 0.2258 0.2710 0.2645 
0.1065 0.0161 0.7161 0.1613 
0.0677 0.7226 0.1097 0.1000 
0.2871 0.3516 0.2484 0.1129 
0.0387 0.0000 0.8645 0.0968 
0.0000 1.0000 0.0000 0.0000 
0.0000 1.0000 0.0000 0.0000 
1.0000 0.0000 0.0000 0.0000 
0.0000 0.0000 0.0000 1.0000 
0.0000 0.4613 0.1484 0.3903 
0.0000 0.0226 0.0000 0.9774 
0.0000 0.0097 0.0000 0.9903 
0.0710 0.0839 0.7290 0.1161 
0.2903 0.2387 0.2419 0.2290 
0.1710 0.2839 0.2742 0.2710 
0.2000 0.3000 0.2548 0.2452 

MOTIF filter8 
letter-probability matrix: alength= 4 w= 16 nsites= 16 
0.2369 0.2796 0.2350 0.2485 
0.2816 0.2408 0.2350 0.2427 
0.2369 0.2447 0.2738 0.2447 
0.0544 0.0252 0.3165 0.6039 
0.0000 0.9631 0.0000 0.0369 
0.0000 0.0000 0.0000 1.0000 
1.0000 0.0000 0.0000 0.0000 
0.1456 0.0000 0.0000 0.8544 
0.3650 0.0000 0.0000 0.6350 
0.4816 0.0000 0.0000 0.5184 
0.6854 0.0000 0.0000 0.3146 
0.0000 0.0000 0.0000 1.0000 
1.0000 0.0000 0.0000 0.0000 
0.0097 0.0000 0.9845 0.0058 
0.4155 0.4214 0.0369 0.1262 
0.2233 0.2485 0.3146 0.2136 

MOTIF filter9 
letter-probability matrix: alength= 4 w= 12 nsites= 12 
0.2470 0.2552 0.2598 0.2380 
0.2570 0.2897 0.2434 0.2098 
0.2389 0.2516 0.2407 0.2688 
0.4614 0.0000 0.0000 0.5386 
0.0000 0.0000 0.0000 1.0000 
0.0000 0.0000 0.0000 1.0000 
0.7902 0.0000 0.2098 0.0000 
1.0000 0.0000 0.0000 0.0000 
0.0000 0.0000 0.0000 1.0000 
0.2598 0.2570 0.2534 0.2298 
0.2325 0.2616 0.2616 0.2443 
0.2525 0.2398 0.2352 0.2725 

MOTIF filter10 
letter-probability matrix: alength= 4 w= 12 nsites= 12 
0.0465 0.0626 0.0555 0.8354 
0.0000 0.0000 0.0036 0.9964 
0.2916 0.0000 0.6494 0.0590 
0.0000 0.9839 0.0000 0.0161 
0.0179 0.0000 0.9821 0.0000 
0.0036 0.8104 0.0000 0.1860 
1.0000 0.0000 0.0000 0.0000 
1.0000 0.0000 0.0000 0.0000 
0.0000 0.3846 0.0483 0.5671 
0.2415 0.2826 0.2701 0.2057 
0.2361 0.2290 0.2576 0.2773 
0.2898 0.2343 0.2487 0.2272 

MOTIF filter11 
letter-probability matrix: alength= 4 w= 14 nsites= 14 
0.2440 0.2410 0.2530 0.2620 
0.2410 0.2229 0.2620 0.2741 
0.2229 0.2349 0.2952 0.2470 
0.2620 0.0361 0.6446 0.0572 
0.1114 0.0000 0.8283 0.0602 
0.1627 0.0000 0.8373 0.0000 
0.0000 0.0000 1.0000 0.0000 
0.0000 0.0000 1.0000 0.0000 
0.2982 0.5753 0.0000 0.1265 
0.0000 0.0000 1.0000 0.0000 
0.0000 0.0000 1.0000 0.0000 
0.1446 0.0000 0.8554 0.0000 
0.1747 0.0120 0.8133 0.0000 
0.1657 0.5813 0.1747 0.0783 

MOTIF filter12 
letter-probability matrix: alength= 4 w= 18 nsites= 18 
0.3138 0.2287 0.2128 0.2447 
0.2713 0.2713 0.2394 0.2181 
0.1702 0.3245 0.2660 0.2394 
0.1223 0.0053 0.7500 0.1223 
0.0638 0.8457 0.0638 0.0266 
0.2713 0.4043 0.2606 0.0638 
0.0319 0.0000 0.9255 0.0426 
0.0000 1.0000 0.0000 0.0000 
0.0000 1.0000 0.0000 0.0000 
1.0000 0.0000 0.0000 0.0000 
0.0000 0.0000 0.0000 1.0000 
0.0160 0.5106 0.1011 0.3723 
0.0000 0.0000 0.0000 1.0000 
0.0000 0.0053 0.0000 0.9947 
0.0319 0.0691 0.8138 0.0851 
0.2660 0.1968 0.2766 0.2606 
0.2606 0.2713 0.2128 0.2553 
0.2766 0.2872 0.2181 0.2181 

MOTIF filter13 
letter-probability matrix: alength= 4 w= 14 nsites= 14 
0.2950 0.2450 0.2600 0.2000 
0.2700 0.3075 0.2175 0.2050 
0.0675 0.1900 0.4975 0.2450 
0.0000 0.8000 0.0225 0.1775 
0.0000 0.8350 0.0000 0.1650 
0.0000 1.0000 0.0000 0.0000 
0.0000 1.0000 0.0000 0.0000 
0.1100 0.0000 0.5900 0.3000 
0.0000 1.0000 0.0000 0.0000 
0.0000 1.0000 0.0000 0.0000 
0.0000 0.8000 0.0000 0.2000 
0.0675 0.8300 0.0000 0.1025 
0.0400 0.6375 0.0550 0.2675 
0.2600 0.2575 0.2325 0.2500 

MOTIF filter14 
letter-probability matrix: alength= 4 w= 18 nsites= 18 
0.2042 0.2402 0.2462 0.3093 
0.2162 0.2808 0.2943 0.2087 
0.2793 0.2568 0.2282 0.2357 
0.1336 0.0601 0.0240 0.7823 
0.0135 0.0631 0.7117 0.2117 
0.4309 0.3904 0.0691 0.1096 
0.0000 1.0000 0.0000 0.0000 
0.0000 0.9970 0.0000 0.0030 
0.8378 0.0000 0.0045 0.1577 
0.0090 0.0000 0.0000 0.9910 
1.0000 0.0000 0.0000 0.0000 
0.0000 0.0000 0.0000 1.0000 
0.9955 0.0000 0.0000 0.0045 
0.1066 0.0015 0.0000 0.8919 
0.0015 0.0015 0.9970 0.0000 
0.0000 0.0000 1.0000 0.0000 
0.0856 0.0646 0.4264 0.4234 
0.2132 0.7072 0.0601 0.0195 

MOTIF filter15 
letter-probability matrix: alength= 4 w= 16 nsites= 16 
0.2400 0.2691 0.2364 0.2545 
0.5273 0.0036 0.1345 0.3345 
0.6727 0.0073 0.0364 0.2836 
0.4327 0.0000 0.0218 0.5455 
0.2873 0.1491 0.1236 0.4400 
0.0109 0.0000 0.0000 0.9891 
0.0000 0.0000 1.0000 0.0000 
0.0182 0.9818 0.0000 0.0000 
0.0000 0.0000 0.0000 1.0000 
0.0000 0.0000 1.0000 0.0000 
1.0000 0.0000 0.0000 0.0000 
0.0218 0.5164 0.3127 0.1491 
0.2000 0.0945 0.0291 0.6764 
0.1745 0.4109 0.1091 0.3055 
0.5745 0.0436 0.1527 0.2291 
0.1491 0.0291 0.5709 0.2509 

MOTIF filter16 
letter-probability matrix: alength= 4 w= 13 nsites= 13 
0.2482 0.2423 0.2648 0.2447 
0.2482 0.1259 0.4157 0.2102 
0.4572 0.1247 0.4181 0.0000 
0.0000 0.0000 0.0000 1.0000 
0.0000 0.0000 1.0000 0.0000 
1.0000 0.0000 0.0000 0.0000 
0.0012 0.4976 0.5012 0.0000 
0.0000 0.0000 0.0000 1.0000 
0.0000 1.0000 0.0000 0.0000 
1.0000 0.0000 0.0000 0.0000 
0.0000 0.3100 0.2542 0.4359 
0.2221 0.3682 0.2126 0.1971 
0.2387 0.2150 0.2838 0.2625 

MOTIF filter17 
letter-probability matrix: alength= 4 w= 12 nsites= 12 
0.2328 0.2593 0.2613 0.2466 
0.4057 0.1945 0.2603 0.1395 
0.2377 0.2917 0.3153 0.1552 
0.0000 1.0000 0.0000 0.0000 
1.0000 0.0000 0.0000 0.0000 
0.0000 0.9892 0.0000 0.0108 
0.0246 0.0000 0.9754 0.0000 
0.0000 0.0000 0.0000 1.0000 
0.0000 0.0000 1.0000 0.0000 
0.1768 0.2947 0.3065 0.2220 
0.1749 0.2318 0.1542 0.4391 
0.2407 0.2603 0.2485 0.2505 

MOTIF filter18 
letter-probability matrix: alength= 4 w= 16 nsites= 16 
0.2595 0.2626 0.2351 0.2427 
0.2366 0.2962 0.2214 0.2458 
0.0626 0.0183 0.3878 0.5313 
0.0107 0.9237 0.0000 0.0656 
0.0000 0.0000 0.0000 1.0000 
1.0000 0.0000 0.0000 0.0000 
0.1695 0.0000 0.0015 0.8290 
0.3817 0.0000 0.0000 0.6183 
0.4656 0.0000 0.0000 0.5344 
0.6412 0.0015 0.0000 0.3573 
0.0015 0.0000 0.0000 0.9985 
0.9985 0.0000 0.0015 0.0000 
0.0198 0.0000 0.9573 0.0229 
0.4748 0.3771 0.0351 0.1130 
0.2962 0.2061 0.2733 0.2244 
0.2641 0.2534 0.2153 0.2672 

MOTIF filter19 
letter-probability matrix: alength= 4 w= 13 nsites= 13 
0.2283 0.2453 0.2609 0.2655 
0.1894 0.2717 0.2857 0.2531 
0.2873 0.2407 0.2438 0.2283 
0.1149 0.0466 0.0155 0.8230 
0.0031 0.0373 0.7764 0.1832 
0.4394 0.4099 0.0683 0.0823 
0.0000 1.0000 0.0000 0.0000 
0.0000 1.0000 0.0000 0.0000 
0.8571 0.0000 0.0031 0.1398 
0.0031 0.0000 0.0016 0.9953 
1.0000 0.0000 0.0000 0.0000 
0.0000 0.0000 0.0000 1.0000 
1.0000 0.0000 0.0000 0.0000 

MOTIF filter20 
letter-probability matrix: alength= 4 w= 14 nsites= 14 
0.4760 0.2077 0.1565 0.1597 
0.0703 0.3450 0.1086 0.4760 
0.0671 0.3355 0.3610 0.2364 
0.4345 0.0671 0.4952 0.0032 
0.5847 0.0032 0.3642 0.0479 
0.0000 1.0000 0.0000 0.0000 
0.0000 1.0000 0.0000 0.0000 
1.0000 0.0000 0.0000 0.0000 
1.0000 0.0000 0.0000 0.0000 
0.0000 0.0000 0.0000 1.0000 
0.0064 0.7827 0.2109 0.0000 
0.8754 0.0032 0.1182 0.0032 
0.0511 0.0447 0.9042 0.0000 
0.1981 0.2971 0.2684 0.2364 

MOTIF filter21 
letter-probability matrix: alength= 4 w= 13 nsites= 13 
0.2782 0.1680 0.3228 0.2310 
0.5958 0.0735 0.1260 0.2047 
0.1654 0.2861 0.5171 0.0315 
0.0000 0.0000 0.0000 1.0000 
0.0105 0.9895 0.0000 0.0000 
1.0000 0.0000 0.0000 0.0000 
0.0000 0.0000 0.9554 0.0446 
0.0000 1.0000 0.0000 0.0000 
0.9948 0.0000 0.0000 0.0052 
0.4252 0.1627 0.1522 0.2598 
0.4304 0.0367 0.0079 0.5249 
0.3911 0.0630 0.0236 0.5223 
0.3360 0.1312 0.0236 0.5092 

MOTIF filter22 
letter-probability matrix: alength= 4 w= 17 nsites= 17 
0.3947 0.4017 0.0734 0.1302 
0.0000 1.0000 0.0000 0.0000 
0.0000 0.9931 0.0014 0.0055 
0.8463 0.0000 0.0000 0.1537 
0.0069 0.0000 0.0000 0.9931 
1.0000 0.0000 0.0000 0.0000 
0.0000 0.0000 0.0014 0.9986 
0.9917 0.0000 0.0000 0.0083 
0.1385 0.0000 0.0000 0.8615 
0.0000 0.0014 0.9986 0.0000 
0.0000 0.0000 1.0000 0.0000 
0.0928 0.0512 0.4252 0.4307 
0.2147 0.6787 0.0845 0.0222 
0.7978 0.0014 0.0554 0.1454 
0.2452 0.2881 0.2161 0.2507 
0.2078 0.2632 0.2701 0.2590 
0.2590 0.2355 0.2770 0.2285 

MOTIF filter23 
letter-probability matrix: alength= 4 w= 12 nsites= 12 
0.2555 0.2689 0.2397 0.2360 
0.2774 0.2226 0.2238 0.2762 
0.2762 0.2591 0.2311 0.2336 
1.0000 0.0000 0.0000 0.0000 
0.0000 0.0000 0.0000 1.0000 
0.0000 0.4355 0.0000 0.5645 
1.0000 0.0000 0.0000 0.0000 
1.0000 0.0000 0.0000 0.0000 
0.9878 0.0000 0.0000 0.0122 
0.2640 0.2287 0.2214 0.2859 
0.2482 0.2348 0.2372 0.2798 
0.2202 0.2749 0.2628 0.2421 

MOTIF filter24 
letter-probability matrix: alength= 4 w= 18 nsites= 18 
0.2308 0.3522 0.2065 0.2105 
0.2348 0.3482 0.2065 0.2105 
0.2591 0.2470 0.2389 0.2551 
0.0081 0.8745 0.0526 0.0648 
0.0000 0.1781 0.0040 0.8178 
0.0000 0.2186 0.7733 0.0081 
1.0000 0.0000 0.0000 0.0000 
0.0000 0.0000 0.0000 1.0000 
0.0000 0.0000 0.0000 1.0000 
0.0000 0.0000 1.0000 0.0000 
0.0000 0.0000 1.0000 0.0000 
0.0364 0.4008 0.0081 0.5547 
0.0202 0.4453 0.1377 0.3968 
0.1660 0.4737 0.3563 0.0040 
0.5749 0.0810 0.3117 0.0324 
0.1215 0.1296 0.2510 0.4980 
0.1296 0.0931 0.2672 0.5101 
0.0162 0.3158 0.1822 0.4858 

MOTIF filter25 
letter-probability matrix: alength= 4 w= 14 nsites= 14 
0.1590 0.1941 0.3666 0.2803 
0.0270 0.4717 0.2318 0.2695 
0.0889 0.6119 0.1348 0.1644 
0.6873 0.0189 0.2695 0.0243 
0.0000 0.9542 0.0000 0.0458 
0.0000 0.0000 0.0000 1.0000 
0.0000 0.0000 0.0000 1.0000 
0.0000 1.0000 0.0000 0.0000 
0.0000 1.0000 0.0000 0.0000 
0.0000 0.0000 0.9838 0.0162 
0.0000 0.1348 0.8625 0.0027 
0.2668 0.1914 0.2561 0.2857 
0.2776 0.2264 0.2480 0.2480 
0.2695 0.2264 0.2345 0.2695 

MOTIF filter26 
letter-probability matrix: alength= 4 w= 13 nsites= 13 
0.2507 0.2369 0.2231 0.2893 
0.2507 0.2149 0.2755 0.2590 
0.2259 0.2617 0.2562 0.2562 
0.0000 0.8788 0.1212 0.0000 
0.0358 0.9642 0.0000 0.0000 
0.0000 0.0000 1.0000 0.0000 
0.0000 0.0000 1.0000 0.0000 
1.0000 0.0000 0.0000 0.0000 
1.0000 0.0000 0.0000 0.0000 
0.0441 0.0110 0.9449 0.0000 
0.0331 0.2920 0.0138 0.6612 
0.1653 0.1047 0.6804 0.0496 
0.2617 0.2562 0.4573 0.0248 

MOTIF filter27 
letter-probability matrix: alength= 4 w= 14 nsites= 14 
0.1328 0.0848 0.3304 0.4520 
0.0536 0.8672 0.0000 0.0792 
0.0000 0.0067 0.0000 0.9933 
1.0000 0.0000 0.0000 0.0000 
0.3080 0.0000 0.0033 0.6886 
0.4900 0.0033 0.0000 0.5067 
0.5993 0.0000 0.0000 0.4007 
0.7266 0.0000 0.0000 0.2734 
0.0000 0.0000 0.0000 1.0000 
0.9955 0.0011 0.0000 0.0033 
0.1339 0.0022 0.8605 0.0033 
0.4598 0.3549 0.0480 0.1373 
0.2991 0.2277 0.2433 0.2299 
0.2478 0.2779 0.2355 0.2388 

MOTIF filter28 
letter-probability matrix: alength= 4 w= 13 nsites= 13 
0.2310 0.2549 0.2451 0.2690 
0.2380 0.2535 0.2620 0.2465 
0.2380 0.2662 0.2352 0.2606 
0.5380 0.1028 0.3592 0.0000 
0.0000 0.0000 0.0000 1.0000 
0.0000 0.0000 0.0197 0.9803 
0.2944 0.0000 0.6465 0.0592 
0.0000 0.9408 0.0000 0.0592 
0.0648 0.0014 0.9338 0.0000 
0.0648 0.6972 0.0000 0.2380 
0.9817 0.0183 0.0000 0.0000 
1.0000 0.0000 0.0000 0.0000 
0.0056 0.3592 0.1239 0.5113 

MOTIF filter29 
letter-probability matrix: alength= 4 w= 12 nsites= 12 
0.2400 0.3556 0.2756 0.1289 
0.5644 0.1489 0.1511 0.1356 
0.2267 0.3956 0.3378 0.0400 
0.0000 1.0000 0.0000 0.0000 
1.0000 0.0000 0.0000 0.0000 
0.0000 1.0000 0.0000 0.0000 
0.0000 0.0000 1.0000 0.0000 
0.0000 0.0000 0.0000 1.0000 
0.0000 0.0000 1.0000 0.0000 
0.0556 0.3111 0.4333 0.2000 
0.0844 0.2600 0.1356 0.5200 
0.2133 0.2644 0.2356 0.2867 

MOTIF filter30 
letter-probability matrix: alength= 4 w= 15 nsites= 15 
0.2295 0.2380 0.2550 0.2776 
0.2238 0.2946 0.2805 0.2011 
0.2720 0.2493 0.2096 0.2691 
0.1445 0.6742 0.1218 0.0595 
0.9972 0.0000 0.0028 0.0000 
0.9858 0.0000 0.0142 0.0000 
0.4249 0.0737 0.4788 0.0227 
1.0000 0.0000 0.0000 0.0000 
0.0000 0.0000 0.0000 1.0000 
0.0000 0.0000 1.0000 0.0000 
0.0000 0.0000 1.0000 0.0000 
0.0510 0.8697 0.0000 0.0793 
0.1076 0.1983 0.4221 0.2720 
0.0708 0.0850 0.7762 0.0680 
0.1218 0.7762 0.0198 0.0822 

MOTIF filter31 
letter-probability matrix: alength= 4 w= 20 nsites= 20 
0.2500 0.0000 0.0000 0.7500 
0.2500 0.0000 0.7500 0.0000 
0.7500 0.0000 0.2500 0.0000 
0.0000 0.0000 1.0000 0.0000 
0.0000 0.5000 0.0000 0.5000 
0.0000 0.0000 0.0000 1.0000 
0.0000 0.2500 0.5000 0.2500 
0.0000 0.2500 0.7500 0.0000 
0.0000 0.0000 0.7500 0.2500 
1.0000 0.0000 0.0000 0.0000 
0.2500 0.2500 0.0000 0.5000 
0.0000 0.0000 0.5000 0.5000 
0.7500 0.0000 0.2500 0.0000 
0.7500 0.0000 0.0000 0.2500 
0.0000 0.7500 0.0000 0.2500 
0.7500 0.2500 0.0000 0.0000 
0.0000 0.2500 0.0000 0.7500 
0.0000 1.0000 0.0000 0.0000 
0.0000 1.0000 0.0000 0.0000 
0.0000 0.5000 0.5000 0.0000 

