MEME version 4

ALPHABET= ACGT

Background letter frequencies:
A 0.2500 C 0.2500 G 0.2500 T 0.2500 

MOTIF filter0 
letter-probability matrix: alength= 4 w= 12 nsites= 12 
0.2794 0.2881 0.2039 0.2287 
0.2329 0.3190 0.1513 0.2968 
0.4015 0.0056 0.2383 0.3546 
0.0660 0.8987 0.0278 0.0075 
0.5111 0.0585 0.1507 0.2797 
0.0565 0.0804 0.6908 0.1723 
0.0994 0.8851 0.0056 0.0100 
0.2276 0.2710 0.1482 0.3532 
0.0269 0.0226 0.7362 0.2143 
0.3623 0.2019 0.0266 0.4092 
0.3539 0.1641 0.2038 0.2783 
0.1268 0.1543 0.4169 0.3021 

MOTIF filter1 
letter-probability matrix: alength= 4 w= 15 nsites= 15 
0.2629 0.3423 0.1758 0.2190 
0.3125 0.2611 0.1840 0.2424 
0.0911 0.3493 0.2313 0.3283 
0.0018 0.5602 0.0421 0.3960 
0.0093 0.5409 0.0000 0.4498 
0.0006 0.9644 0.0000 0.0350 
0.0304 0.7903 0.1262 0.0532 
0.1782 0.0864 0.4574 0.2780 
0.0158 0.8254 0.1454 0.0134 
0.0000 0.8493 0.0199 0.1308 
0.0006 0.6571 0.0093 0.3329 
0.1525 0.6273 0.0029 0.2173 
0.0765 0.5251 0.0911 0.3072 
0.2202 0.2646 0.2693 0.2459 
0.2471 0.2512 0.2798 0.2220 

MOTIF filter2 
letter-probability matrix: alength= 4 w= 15 nsites= 15 
0.2462 0.2974 0.2231 0.2333 
0.3336 0.1835 0.2565 0.2265 
0.1023 0.3356 0.1610 0.4011 
0.0593 0.0280 0.0341 0.8786 
0.1310 0.1023 0.0778 0.6889 
0.1255 0.8458 0.0286 0.0000 
0.0293 0.7851 0.0587 0.1269 
0.2708 0.2865 0.2633 0.1794 
0.0334 0.0109 0.9093 0.0464 
0.0020 0.0252 0.9529 0.0198 
0.8056 0.0737 0.0553 0.0655 
0.9734 0.0102 0.0020 0.0143 
0.4202 0.0962 0.3963 0.0873 
0.1883 0.3138 0.1180 0.3799 
0.2306 0.2231 0.3267 0.2196 

MOTIF filter3 
letter-probability matrix: alength= 4 w= 13 nsites= 13 
0.2359 0.2306 0.2403 0.2932 
0.2319 0.2198 0.3284 0.2198 
0.1867 0.2448 0.3045 0.2640 
0.1033 0.6087 0.2753 0.0126 
0.0231 0.3744 0.1704 0.4320 
0.3784 0.0268 0.4778 0.1170 
0.8470 0.1349 0.0142 0.0039 
0.0594 0.0368 0.9038 0.0000 
0.0947 0.6621 0.0415 0.2017 
0.0000 0.2293 0.7541 0.0166 
0.2879 0.2690 0.0000 0.4431 
0.2795 0.3445 0.2961 0.0799 
0.1136 0.3426 0.2908 0.2530 

MOTIF filter4 
letter-probability matrix: alength= 4 w= 13 nsites= 13 
0.3464 0.1742 0.2046 0.2749 
0.3806 0.0481 0.4237 0.1476 
0.2926 0.0000 0.4756 0.2318 
0.3407 0.0190 0.5985 0.0418 
0.0209 0.0000 0.6586 0.3205 
0.0000 0.0317 0.9683 0.0000 
0.2856 0.6086 0.0000 0.1058 
0.0000 0.0000 0.6149 0.3851 
0.0000 0.0000 0.9861 0.0139 
0.6010 0.0000 0.3990 0.0000 
0.2318 0.1957 0.5377 0.0348 
0.2236 0.3230 0.2590 0.1944 
0.2103 0.2546 0.2204 0.3148 

MOTIF filter5 
letter-probability matrix: alength= 4 w= 9 nsites= 9 
0.1839 0.1519 0.3094 0.3549 
0.1473 0.2908 0.2364 0.3255 
0.1743 0.3612 0.4086 0.0559 
0.0637 0.6922 0.2410 0.0031 
0.0073 0.0202 0.8382 0.1342 
0.0171 0.5727 0.0878 0.3224 
0.3599 0.3510 0.1967 0.0924 
0.2244 0.3450 0.4254 0.0053 
0.0052 0.3951 0.4188 0.1809 

MOTIF filter6 
letter-probability matrix: alength= 4 w= 11 nsites= 11 
0.2613 0.1757 0.3866 0.1764 
0.1994 0.4980 0.1654 0.1371 
0.0740 0.5420 0.0764 0.3076 
0.4204 0.4723 0.1069 0.0004 
0.2836 0.2266 0.1714 0.3184 
0.1866 0.5129 0.0009 0.2996 
0.5535 0.0596 0.0776 0.3093 
0.1064 0.0241 0.0177 0.8519 
0.1632 0.0182 0.5114 0.3072 
0.3294 0.0126 0.3508 0.3071 
0.0606 0.2334 0.4935 0.2124 

MOTIF filter7 
letter-probability matrix: alength= 4 w= 14 nsites= 14 
0.1883 0.4209 0.1793 0.2115 
0.4733 0.1349 0.2356 0.1561 
0.1309 0.5962 0.1158 0.1571 
0.0292 0.0191 0.0322 0.9194 
0.0211 0.0423 0.0252 0.9114 
0.0332 0.7503 0.2034 0.0131 
0.0201 0.9446 0.0000 0.0352 
0.0443 0.0030 0.8842 0.0685 
0.0040 0.2266 0.7231 0.0463 
0.7049 0.0453 0.1219 0.1279 
0.7442 0.0745 0.0695 0.1118 
0.2216 0.1611 0.3857 0.2316 
0.1923 0.2759 0.1339 0.3978 
0.2538 0.1541 0.4038 0.1883 

MOTIF filter8 
letter-probability matrix: alength= 4 w= 12 nsites= 12 
0.2453 0.2651 0.2429 0.2467 
0.3742 0.2219 0.2361 0.1677 
0.2408 0.2831 0.2803 0.1957 
0.0414 0.8519 0.0711 0.0357 
0.8324 0.0323 0.0801 0.0552 
0.0681 0.6792 0.0291 0.2236 
0.1825 0.0368 0.7277 0.0531 
0.0615 0.1071 0.0308 0.8006 
0.0548 0.0296 0.8309 0.0847 
0.1998 0.2763 0.2885 0.2354 
0.1974 0.2600 0.1945 0.3481 
0.2460 0.2483 0.2429 0.2629 

MOTIF filter9 
letter-probability matrix: alength= 4 w= 9 nsites= 9 
0.1961 0.4287 0.2276 0.1477 
0.2692 0.1439 0.3144 0.2726 
0.0527 0.0731 0.3664 0.5078 
0.0000 0.4498 0.5437 0.0065 
0.7885 0.1920 0.0038 0.0156 
0.3873 0.2050 0.0585 0.3493 
0.0089 0.0156 0.0688 0.9067 
0.0041 0.2331 0.7628 0.0000 
0.4265 0.2028 0.1831 0.1876 

MOTIF filter10 
letter-probability matrix: alength= 4 w= 8 nsites= 8 
0.1443 0.3231 0.2871 0.2455 
0.4070 0.1114 0.1449 0.3367 
0.1472 0.2386 0.4699 0.1442 
0.4878 0.0007 0.0116 0.4998 
0.0007 0.8109 0.1881 0.0003 
0.1482 0.0479 0.5276 0.2764 
0.3869 0.2161 0.0578 0.3392 
0.1378 0.5963 0.1414 0.1245 

MOTIF filter11 
letter-probability matrix: alength= 4 w= 18 nsites= 18 
0.1277 0.1076 0.4824 0.2823 
0.3310 0.4276 0.1018 0.1396 
0.0755 0.5926 0.2586 0.0733 
0.0241 0.6374 0.2542 0.0843 
0.4346 0.0097 0.1181 0.4377 
0.1400 0.0066 0.1313 0.7221 
0.6945 0.0518 0.0601 0.1936 
0.0044 0.5351 0.0004 0.4601 
0.3380 0.6378 0.0000 0.0241 
0.3016 0.2546 0.0114 0.4324 
0.0395 0.1993 0.7160 0.0452 
0.0356 0.0707 0.8450 0.0487 
0.3108 0.0641 0.3003 0.3248 
0.4372 0.3986 0.1040 0.0601 
0.6861 0.0136 0.0751 0.2252 
0.2533 0.2028 0.2647 0.2792 
0.2309 0.2608 0.2656 0.2428 
0.2559 0.2603 0.2695 0.2142 

MOTIF filter12 
letter-probability matrix: alength= 4 w= 10 nsites= 10 
0.2999 0.1229 0.3674 0.2098 
0.2462 0.0352 0.2792 0.4394 
0.1673 0.2481 0.2841 0.3004 
0.3999 0.0000 0.4223 0.1777 
0.7936 0.0978 0.1081 0.0005 
0.0096 0.0001 0.1240 0.8662 
0.0410 0.5469 0.0000 0.4121 
0.5116 0.0035 0.2135 0.2714 
0.4694 0.2418 0.0551 0.2337 
0.2534 0.2008 0.1858 0.3600 

MOTIF filter13 
letter-probability matrix: alength= 4 w= 11 nsites= 11 
0.2267 0.2314 0.3318 0.2100 
0.3342 0.1991 0.3190 0.1477 
0.2676 0.2173 0.2848 0.2303 
0.0258 0.7840 0.1115 0.0788 
0.1000 0.4519 0.0651 0.3830 
0.4456 0.1134 0.2898 0.1512 
0.8249 0.0746 0.0535 0.0471 
0.0464 0.0758 0.0422 0.8356 
0.1899 0.2358 0.1013 0.4730 
0.3748 0.0597 0.4608 0.1046 
0.0702 0.0589 0.8510 0.0200 

MOTIF filter14 
letter-probability matrix: alength= 4 w= 11 nsites= 11 
0.3394 0.1345 0.2426 0.2835 
0.1737 0.4869 0.0256 0.3139 
0.2065 0.2051 0.5514 0.0370 
0.4859 0.4080 0.0000 0.1060 
0.0187 0.0199 0.0277 0.9338 
0.0000 0.0655 0.8011 0.1334 
0.5790 0.0000 0.2529 0.1680 
0.0000 0.4064 0.0186 0.5750 
0.2916 0.0860 0.3160 0.3064 
0.1607 0.2886 0.2377 0.3131 
0.3104 0.2303 0.1957 0.2636 

MOTIF filter15 
letter-probability matrix: alength= 4 w= 15 nsites= 15 
0.2168 0.2788 0.2288 0.2756 
0.1559 0.2755 0.3818 0.1869 
0.3818 0.2593 0.2981 0.0607 
0.1606 0.5298 0.3096 0.0000 
0.0926 0.5492 0.2251 0.1332 
0.4780 0.0767 0.3341 0.1111 
0.0316 0.6225 0.0368 0.3091 
0.3073 0.1303 0.5624 0.0000 
0.0000 0.0635 0.6631 0.2734 
0.5032 0.1418 0.2007 0.1543 
0.1892 0.2278 0.1498 0.4331 
0.0430 0.3396 0.5426 0.0748 
0.0200 0.3182 0.3748 0.2869 
0.1132 0.2858 0.3615 0.2396 
0.2749 0.3881 0.1780 0.1590 

MOTIF filter16 
letter-probability matrix: alength= 4 w= 15 nsites= 15 
0.1705 0.5292 0.1325 0.1677 
0.2784 0.2868 0.2763 0.1586 
0.1121 0.0958 0.5863 0.2058 
0.0486 0.8922 0.0134 0.0458 
0.0613 0.5652 0.0416 0.3319 
0.9965 0.0000 0.0000 0.0035 
0.3636 0.0000 0.0021 0.6342 
0.1994 0.2946 0.2283 0.2777 
0.4235 0.0063 0.0000 0.5701 
0.0331 0.0000 0.0000 0.9669 
0.0761 0.0902 0.5173 0.3164 
0.3411 0.0359 0.5412 0.0817 
0.1318 0.4137 0.3178 0.1367 
0.2128 0.3108 0.2311 0.2452 
0.1853 0.1797 0.4609 0.1741 

MOTIF filter17 
letter-probability matrix: alength= 4 w= 11 nsites= 11 
0.2456 0.2480 0.2250 0.2814 
0.1781 0.3376 0.2456 0.2386 
0.5304 0.1013 0.0457 0.3225 
0.0308 0.0302 0.0713 0.8676 
0.0519 0.2079 0.0518 0.6884 
0.6452 0.0308 0.2762 0.0478 
0.8630 0.0511 0.0761 0.0098 
0.2701 0.0701 0.0662 0.5937 
0.2774 0.2648 0.2429 0.2149 
0.2698 0.2587 0.2373 0.2342 
0.2811 0.2414 0.2377 0.2398 

MOTIF filter18 
letter-probability matrix: alength= 4 w= 10 nsites= 10 
0.3541 0.2721 0.1459 0.2279 
0.3508 0.1082 0.1885 0.3525 
0.2459 0.2492 0.4098 0.0951 
0.0000 0.0230 0.0180 0.9590 
0.1033 0.8902 0.0033 0.0033 
0.9770 0.0016 0.0213 0.0000 
0.0000 0.0000 0.9672 0.0328 
0.0000 1.0000 0.0000 0.0000 
0.9918 0.0000 0.0000 0.0082 
0.4197 0.1574 0.1525 0.2705 

MOTIF filter19 
letter-probability matrix: alength= 4 w= 17 nsites= 17 
0.2685 0.2548 0.2340 0.2427 
0.3217 0.3578 0.1705 0.1500 
0.5651 0.0061 0.2754 0.1534 
0.4352 0.1174 0.2138 0.2336 
0.4485 0.1557 0.0034 0.3923 
0.1945 0.1979 0.0729 0.5348 
0.2674 0.0197 0.0171 0.6958 
0.0190 0.0684 0.8728 0.0399 
0.0805 0.7672 0.1329 0.0194 
0.2905 0.0251 0.1766 0.5078 
0.1572 0.4383 0.3205 0.0839 
0.8135 0.0122 0.1371 0.0372 
0.1736 0.4835 0.1815 0.1614 
0.0912 0.3076 0.0122 0.5891 
0.3054 0.2453 0.2119 0.2374 
0.2157 0.1983 0.1534 0.4326 
0.2028 0.0376 0.5192 0.2404 

MOTIF filter20 
letter-probability matrix: alength= 4 w= 13 nsites= 13 
0.2670 0.3043 0.2511 0.1775 
0.2481 0.2267 0.2213 0.3039 
0.1380 0.2467 0.2368 0.3785 
0.6976 0.0529 0.2416 0.0078 
0.0025 0.4678 0.0000 0.5297 
0.1848 0.2799 0.4658 0.0696 
0.2634 0.2869 0.0000 0.4497 
0.4445 0.0005 0.4363 0.1188 
0.5708 0.0284 0.3777 0.0231 
0.0069 0.1031 0.2995 0.5905 
0.1041 0.3083 0.3147 0.2729 
0.2450 0.2408 0.2693 0.2450 
0.2077 0.2855 0.2591 0.2477 

MOTIF filter21 
letter-probability matrix: alength= 4 w= 15 nsites= 15 
0.2839 0.2363 0.2225 0.2573 
0.2674 0.2573 0.2363 0.2390 
0.1603 0.2189 0.1529 0.4679 
0.0000 0.0009 0.0000 0.9991 
0.0000 0.0000 0.0128 0.9872 
0.1108 0.8892 0.0000 0.0000 
0.0055 0.7500 0.0000 0.2445 
0.2372 0.2344 0.2592 0.2692 
0.2866 0.0000 0.7125 0.0009 
0.0000 0.0000 0.8516 0.1484 
0.9396 0.0604 0.0000 0.0000 
1.0000 0.0000 0.0000 0.0000 
0.4643 0.1667 0.1960 0.1731 
0.2225 0.2802 0.2582 0.2390 
0.2500 0.2436 0.2454 0.2610 

MOTIF filter22 
letter-probability matrix: alength= 4 w= 16 nsites= 16 
0.2194 0.0698 0.4457 0.2651 
0.1918 0.4134 0.2297 0.1651 
0.2914 0.3371 0.1810 0.1905 
0.1345 0.0095 0.6948 0.1612 
0.1263 0.5418 0.3056 0.0263 
0.4134 0.4582 0.1263 0.0022 
0.8224 0.0108 0.1668 0.0000 
0.1832 0.0694 0.5849 0.1625 
0.2457 0.5280 0.0905 0.1358 
0.0000 0.1496 0.0250 0.8254 
0.0034 0.0565 0.5621 0.3780 
0.0940 0.1828 0.6845 0.0388 
0.1914 0.6897 0.0142 0.1047 
0.2440 0.1582 0.3444 0.2534 
0.1909 0.1944 0.4522 0.1625 
0.2052 0.4875 0.0828 0.2246 

MOTIF filter23 
letter-probability matrix: alength= 4 w= 12 nsites= 12 
0.1557 0.2939 0.1950 0.3555 
0.0283 0.5620 0.2496 0.1601 
0.3212 0.3230 0.2053 0.1506 
0.0043 0.2184 0.6810 0.0963 
0.2611 0.3219 0.3536 0.0633 
0.1204 0.1197 0.5922 0.1677 
0.2349 0.3109 0.2410 0.2132 
0.0944 0.5871 0.1646 0.1540 
0.0199 0.0331 0.8615 0.0855 
0.3092 0.0977 0.5475 0.0456 
0.2658 0.0895 0.4348 0.2098 
0.3669 0.2772 0.3369 0.0190 

MOTIF filter24 
letter-probability matrix: alength= 4 w= 13 nsites= 13 
0.2384 0.2271 0.2343 0.3002 
0.2257 0.2034 0.3653 0.2055 
0.3306 0.2725 0.2857 0.1111 
0.0398 0.0371 0.0301 0.8929 
0.0258 0.0282 0.8501 0.0958 
0.8935 0.0291 0.0379 0.0395 
0.0745 0.4474 0.4262 0.0519 
0.0274 0.0315 0.0250 0.9161 
0.0818 0.8351 0.0401 0.0430 
0.8956 0.0266 0.0390 0.0387 
0.0931 0.3099 0.2766 0.3204 
0.2220 0.3231 0.2249 0.2300 
0.2602 0.2276 0.2548 0.2575 

MOTIF filter25 
letter-probability matrix: alength= 4 w= 16 nsites= 16 
0.2106 0.1438 0.1641 0.4816 
0.1573 0.1602 0.4022 0.2803 
0.2004 0.2197 0.1549 0.4250 
0.0039 0.7754 0.0000 0.2207 
0.0000 0.4661 0.0005 0.5334 
0.8127 0.1428 0.0015 0.0431 
0.1413 0.0353 0.0005 0.8228 
0.7822 0.0000 0.0716 0.1462 
0.1883 0.0005 0.2478 0.5634 
0.7996 0.0000 0.1273 0.0731 
0.2246 0.0010 0.0000 0.7744 
0.5155 0.0010 0.4835 0.0000 
0.0954 0.0005 0.8829 0.0213 
0.2677 0.2561 0.2086 0.2677 
0.2110 0.4468 0.2018 0.1404 
0.4661 0.1288 0.1675 0.2377 

MOTIF filter26 
letter-probability matrix: alength= 4 w= 10 nsites= 10 
0.2563 0.2095 0.2551 0.2791 
0.2424 0.2045 0.3098 0.2433 
0.2188 0.1300 0.4728 0.1784 
0.5120 0.0063 0.4592 0.0225 
0.7113 0.0036 0.2850 0.0000 
0.0000 0.2997 0.0183 0.6820 
0.0066 0.3263 0.0001 0.6671 
0.5162 0.2847 0.0469 0.1521 
0.3171 0.2647 0.2601 0.1581 
0.2897 0.3352 0.1393 0.2358 

MOTIF filter27 
letter-probability matrix: alength= 4 w= 16 nsites= 16 
0.3576 0.2184 0.1973 0.2267 
0.3157 0.2570 0.2042 0.2231 
0.1499 0.1427 0.3786 0.3288 
0.0561 0.6917 0.0828 0.1694 
0.1320 0.0045 0.1116 0.7519 
0.5344 0.0000 0.4626 0.0030 
0.0567 0.7955 0.0591 0.0887 
0.2685 0.0226 0.0846 0.6243 
0.2291 0.1169 0.4089 0.2451 
0.3475 0.4976 0.0306 0.1243 
0.0065 0.2858 0.0991 0.6086 
0.6777 0.1282 0.0445 0.1496 
0.1751 0.0350 0.7279 0.0620 
0.3009 0.2899 0.2739 0.1353 
0.2703 0.1902 0.2997 0.2398 
0.2727 0.1697 0.2920 0.2656 

MOTIF filter28 
letter-probability matrix: alength= 4 w= 14 nsites= 14 
0.2754 0.2555 0.2480 0.2211 
0.2161 0.1763 0.3028 0.3048 
0.2102 0.5149 0.1250 0.1499 
0.0164 0.0543 0.0453 0.8840 
0.5035 0.1574 0.3217 0.0174 
0.4059 0.0090 0.1275 0.4577 
0.0149 0.9467 0.0209 0.0174 
0.1917 0.5438 0.1245 0.1399 
0.2769 0.0657 0.5792 0.0782 
0.0030 0.1429 0.0857 0.7684 
0.8461 0.0523 0.0364 0.0652 
0.1121 0.0478 0.5354 0.3048 
0.4382 0.3088 0.0857 0.1673 
0.2072 0.2550 0.1355 0.4024 

MOTIF filter29 
letter-probability matrix: alength= 4 w= 16 nsites= 16 
0.2633 0.2487 0.2279 0.2601 
0.2549 0.2601 0.2466 0.2383 
0.2373 0.2810 0.2310 0.2508 
0.5505 0.0687 0.3809 0.0000 
0.0000 0.0000 0.0000 1.0000 
0.0000 0.0000 0.0624 0.9376 
0.2706 0.0000 0.6119 0.1176 
0.0052 0.8689 0.0271 0.0989 
0.1186 0.0052 0.8762 0.0000 
0.0999 0.6368 0.0000 0.2633 
0.8814 0.1186 0.0000 0.0000 
1.0000 0.0000 0.0000 0.0000 
0.0021 0.3777 0.1134 0.5068 
0.2862 0.2248 0.2945 0.1946 
0.2425 0.2175 0.2508 0.2893 
0.2612 0.2237 0.2653 0.2497 

MOTIF filter30 
letter-probability matrix: alength= 4 w= 12 nsites= 12 
0.1803 0.2999 0.1867 0.3331 
0.0963 0.3343 0.1540 0.4155 
0.2746 0.2128 0.3270 0.1856 
0.5634 0.0125 0.2974 0.1268 
0.0186 0.2988 0.0119 0.6707 
0.0047 0.7564 0.1803 0.0585 
0.7945 0.0516 0.0555 0.0985 
0.3398 0.0158 0.4252 0.2191 
0.0122 0.0527 0.0818 0.8533 
0.0499 0.3736 0.5759 0.0006 
0.5018 0.1834 0.1295 0.1853 
0.0999 0.4436 0.0022 0.4544 

MOTIF filter31 
letter-probability matrix: alength= 4 w= 16 nsites= 16 
0.1744 0.2544 0.1371 0.4341 
0.1553 0.2590 0.4077 0.1780 
0.4039 0.1920 0.3064 0.0976 
0.1183 0.6893 0.0875 0.1048 
0.2054 0.4707 0.2443 0.0795 
0.5948 0.0145 0.0981 0.2926 
0.1068 0.5164 0.0023 0.3746 
0.2083 0.7566 0.0002 0.0349 
0.0055 0.0044 0.6556 0.3345 
0.4209 0.0139 0.3527 0.2126 
0.3684 0.0900 0.0489 0.4927 
0.0976 0.2685 0.4228 0.2111 
0.0569 0.1156 0.7051 0.1224 
0.0903 0.2500 0.2205 0.4391 
0.2302 0.3576 0.2482 0.1640 
0.3698 0.1866 0.2786 0.1650 

