MEME version 4

ALPHABET= ACGT

Background letter frequencies:
A 0.2500 C 0.2500 G 0.2500 T 0.2500 

MOTIF filter0 
letter-probability matrix: alength= 4 w= 15 nsites= 15 
0.2528 0.2555 0.2213 0.2704 
0.3248 0.2213 0.2576 0.1963 
0.1472 0.3019 0.1408 0.4101 
0.0112 0.0069 0.0112 0.9707 
0.0149 0.0299 0.0352 0.9200 
0.1045 0.8656 0.0144 0.0155 
0.0320 0.7397 0.0144 0.2139 
0.2267 0.2651 0.2805 0.2277 
0.2213 0.0283 0.7221 0.0283 
0.0208 0.0144 0.8304 0.1344 
0.8677 0.0635 0.0389 0.0299 
0.9253 0.0432 0.0075 0.0240 
0.4245 0.1659 0.2565 0.1531 
0.2171 0.2645 0.2203 0.2981 
0.2512 0.2368 0.2699 0.2421 

MOTIF filter1 
letter-probability matrix: alength= 4 w= 13 nsites= 13 
0.5106 0.0764 0.2029 0.2101 
0.1535 0.1725 0.3251 0.3489 
0.1036 0.2171 0.2595 0.4197 
0.4810 0.0011 0.4732 0.0448 
0.4295 0.3265 0.0780 0.1659 
0.0278 0.0023 0.4328 0.5371 
0.0248 0.5834 0.2085 0.1832 
0.6766 0.1517 0.0390 0.1327 
0.2079 0.0199 0.4673 0.3048 
0.0163 0.3977 0.0232 0.5628 
0.3305 0.2993 0.3377 0.0325 
0.3025 0.2960 0.2505 0.1511 
0.1095 0.2665 0.3177 0.3063 

MOTIF filter2 
letter-probability matrix: alength= 4 w= 14 nsites= 14 
0.2374 0.2416 0.2539 0.2671 
0.1982 0.0856 0.3972 0.3190 
0.2780 0.1972 0.3244 0.2005 
0.0885 0.6316 0.2040 0.0759 
0.0250 0.2358 0.4282 0.3110 
0.3489 0.2571 0.3790 0.0150 
0.7611 0.0576 0.0457 0.1356 
0.2459 0.1883 0.0041 0.5618 
0.0188 0.7147 0.2240 0.0425 
0.1860 0.6883 0.0920 0.0337 
0.0112 0.2855 0.6918 0.0115 
0.2318 0.4921 0.1175 0.1586 
0.4698 0.1899 0.0992 0.2412 
0.1681 0.2726 0.3709 0.1884 

MOTIF filter3 
letter-probability matrix: alength= 4 w= 14 nsites= 14 
0.3866 0.2417 0.1528 0.2189 
0.2860 0.0619 0.2706 0.3815 
0.0782 0.5603 0.1644 0.1970 
0.1290 0.0014 0.0000 0.8696 
0.8100 0.1789 0.0112 0.0000 
0.4471 0.0307 0.0196 0.5026 
0.2618 0.0042 0.4984 0.2357 
0.2259 0.6567 0.0000 0.1174 
0.7615 0.0959 0.0168 0.1258 
0.1220 0.0894 0.1015 0.6870 
0.7485 0.0992 0.0168 0.1355 
0.2347 0.0410 0.4700 0.2543 
0.4299 0.3004 0.0224 0.2473 
0.2506 0.2673 0.2515 0.2306 

MOTIF filter4 
letter-probability matrix: alength= 4 w= 9 nsites= 9 
0.0809 0.5716 0.2879 0.0596 
0.4776 0.4097 0.0556 0.0571 
0.4968 0.0638 0.3785 0.0609 
0.0033 0.2882 0.0002 0.7083 
0.0000 0.5115 0.4883 0.0002 
0.6539 0.0029 0.1518 0.1914 
0.0972 0.2673 0.0540 0.5815 
0.0205 0.2805 0.3281 0.3710 
0.1864 0.3133 0.3127 0.1876 

MOTIF filter5 
letter-probability matrix: alength= 4 w= 12 nsites= 12 
0.2372 0.2660 0.2124 0.2845 
0.2083 0.3392 0.2331 0.2194 
0.2570 0.0363 0.2129 0.4938 
0.0060 0.6990 0.2854 0.0096 
0.8904 0.0003 0.0941 0.0152 
0.1343 0.2673 0.5984 0.0000 
0.0257 0.6267 0.0550 0.2926 
0.0000 0.0987 0.1081 0.7932 
0.0621 0.7214 0.1041 0.1124 
0.2573 0.3189 0.2095 0.2143 
0.2523 0.2320 0.2732 0.2425 
0.2398 0.2812 0.2669 0.2121 

MOTIF filter6 
letter-probability matrix: alength= 4 w= 11 nsites= 11 
0.2522 0.2205 0.2645 0.2628 
0.2503 0.1920 0.2670 0.2907 
0.1143 0.1440 0.3488 0.3929 
0.5145 0.0000 0.2982 0.1873 
0.6338 0.2193 0.1469 0.0000 
0.4932 0.0939 0.3735 0.0394 
0.0192 0.4523 0.0291 0.4995 
0.0000 0.1354 0.1876 0.6770 
0.3041 0.2256 0.0000 0.4703 
0.4133 0.2176 0.3110 0.0581 
0.2971 0.2914 0.1390 0.2725 

MOTIF filter7 
letter-probability matrix: alength= 4 w= 10 nsites= 10 
0.3694 0.1355 0.3375 0.1577 
0.1431 0.2746 0.3014 0.2809 
0.3010 0.2418 0.1755 0.2816 
0.0001 0.1997 0.0300 0.7701 
0.7578 0.1197 0.0464 0.0761 
0.0008 0.4420 0.5562 0.0009 
0.0818 0.7112 0.1488 0.0581 
0.4271 0.1179 0.2322 0.2227 
0.1149 0.3405 0.2260 0.3187 
0.2971 0.3379 0.1976 0.1674 

MOTIF filter8 
letter-probability matrix: alength= 4 w= 12 nsites= 12 
0.3055 0.4132 0.2395 0.0418 
0.3933 0.0732 0.2189 0.3146 
0.2899 0.1764 0.1586 0.3751 
0.0072 0.9426 0.0008 0.0494 
0.1272 0.4531 0.3378 0.0819 
0.0514 0.0000 0.9225 0.0262 
0.2931 0.3919 0.1239 0.1912 
0.1926 0.4517 0.0916 0.2641 
0.0033 0.1507 0.8347 0.0112 
0.1128 0.3844 0.1274 0.3754 
0.2913 0.2204 0.2857 0.2027 
0.1985 0.2424 0.2100 0.3491 

MOTIF filter9 
letter-probability matrix: alength= 4 w= 14 nsites= 14 
0.2752 0.2518 0.1899 0.2831 
0.1224 0.0825 0.5120 0.2831 
0.1288 0.5145 0.1683 0.1884 
0.6217 0.2572 0.1170 0.0042 
0.8631 0.0120 0.1236 0.0012 
0.2624 0.1433 0.2144 0.3799 
0.3722 0.3149 0.0430 0.2698 
0.0006 0.0484 0.0120 0.9389 
0.0000 0.0575 0.1373 0.8052 
0.3452 0.1180 0.4603 0.0764 
0.5077 0.3700 0.0181 0.1043 
0.3621 0.1005 0.2071 0.3303 
0.2345 0.1589 0.4263 0.1803 
0.2428 0.3519 0.1174 0.2879 

MOTIF filter10 
letter-probability matrix: alength= 4 w= 14 nsites= 14 
0.2021 0.2845 0.2555 0.2580 
0.3393 0.2183 0.3553 0.0870 
0.3298 0.1062 0.4225 0.1415 
0.0318 0.8684 0.0715 0.0283 
0.2074 0.6900 0.0018 0.1008 
0.9020 0.0096 0.0817 0.0067 
0.6985 0.0021 0.1614 0.1380 
0.1430 0.0970 0.0078 0.7523 
0.0237 0.1960 0.0407 0.7396 
0.3153 0.0110 0.4777 0.1960 
0.1072 0.0867 0.7795 0.0265 
0.1936 0.3638 0.2038 0.2389 
0.1699 0.2633 0.2863 0.2806 
0.2268 0.2919 0.2813 0.1999 

MOTIF filter11 
letter-probability matrix: alength= 4 w= 12 nsites= 12 
0.2284 0.2711 0.2622 0.2382 
0.1485 0.2769 0.3364 0.2381 
0.0202 0.5210 0.1766 0.2822 
0.0884 0.5607 0.0408 0.3101 
0.0663 0.8457 0.0682 0.0199 
0.0326 0.7900 0.0965 0.0810 
0.1929 0.1942 0.3394 0.2735 
0.0893 0.7291 0.0992 0.0823 
0.0545 0.8065 0.0812 0.0578 
0.0364 0.5889 0.0704 0.3043 
0.2162 0.5313 0.0301 0.2224 
0.1447 0.4063 0.1737 0.2753 

MOTIF filter12 
letter-probability matrix: alength= 4 w= 12 nsites= 12 
0.3577 0.0218 0.4191 0.2015 
0.1797 0.1687 0.0655 0.5861 
0.4455 0.3242 0.0240 0.2064 
0.0433 0.8005 0.0152 0.1411 
0.4438 0.1445 0.1144 0.2973 
0.0619 0.0430 0.1176 0.7775 
0.4262 0.0154 0.5484 0.0100 
0.0007 0.0249 0.5993 0.3751 
0.7462 0.0455 0.1606 0.0477 
0.2286 0.4809 0.0689 0.2215 
0.2557 0.2978 0.3499 0.0966 
0.0577 0.2726 0.5853 0.0844 

MOTIF filter13 
letter-probability matrix: alength= 4 w= 16 nsites= 16 
0.2487 0.2655 0.2476 0.2381 
0.2392 0.2792 0.2350 0.2466 
0.1075 0.0917 0.3414 0.4594 
0.0411 0.8346 0.0000 0.1243 
0.0000 0.0000 0.0000 1.0000 
1.0000 0.0000 0.0000 0.0000 
0.2603 0.0000 0.0527 0.6870 
0.4700 0.0000 0.0000 0.5300 
0.5469 0.0000 0.0126 0.4405 
0.6797 0.0000 0.0000 0.3203 
0.0000 0.0000 0.0000 1.0000 
1.0000 0.0000 0.0000 0.0000 
0.1212 0.0000 0.8588 0.0200 
0.4447 0.3635 0.0569 0.1349 
0.2792 0.2339 0.2645 0.2223 
0.2434 0.2771 0.2434 0.2360 

MOTIF filter14 
letter-probability matrix: alength= 4 w= 15 nsites= 15 
0.2552 0.2498 0.2428 0.2522 
0.2364 0.2371 0.2813 0.2451 
0.3101 0.1906 0.2120 0.2873 
0.0003 0.0023 0.0000 0.9973 
0.0000 0.0000 0.0419 0.9581 
0.2525 0.5298 0.1962 0.0214 
0.0084 0.8081 0.0000 0.1835 
0.1825 0.2214 0.4628 0.1333 
0.2043 0.2847 0.3737 0.1373 
0.2716 0.0231 0.5027 0.2026 
1.0000 0.0000 0.0000 0.0000 
0.6346 0.1015 0.0137 0.2502 
0.4320 0.1775 0.1698 0.2207 
0.2344 0.2361 0.2251 0.3044 
0.2729 0.2374 0.2582 0.2314 

MOTIF filter15 
letter-probability matrix: alength= 4 w= 14 nsites= 14 
0.2163 0.2315 0.1408 0.4114 
0.1580 0.1806 0.2177 0.4437 
0.0378 0.2679 0.3235 0.3709 
0.0570 0.0563 0.1484 0.7383 
0.0000 0.5385 0.3125 0.1490 
0.3352 0.6559 0.0055 0.0034 
0.0920 0.0845 0.0000 0.8235 
0.5488 0.0000 0.0261 0.4251 
0.0007 0.0000 0.8448 0.1545 
0.0467 0.1168 0.8365 0.0000 
0.5852 0.2067 0.0000 0.2081 
0.1985 0.3523 0.2115 0.2376 
0.2905 0.2795 0.3056 0.1243 
0.4849 0.1332 0.2775 0.1044 

MOTIF filter16 
letter-probability matrix: alength= 4 w= 13 nsites= 13 
0.2946 0.2224 0.2322 0.2508 
0.3542 0.1280 0.4809 0.0369 
0.1136 0.0778 0.2153 0.5933 
0.0555 0.0056 0.0548 0.8840 
0.1349 0.0026 0.3371 0.5254 
0.1485 0.4235 0.0967 0.3313 
0.3771 0.0047 0.4066 0.2116 
0.4117 0.4385 0.0306 0.1192 
0.7923 0.0642 0.0509 0.0927 
0.7295 0.0573 0.0216 0.1916 
0.1006 0.3414 0.0928 0.4652 
0.2265 0.2401 0.2973 0.2361 
0.2223 0.2660 0.2206 0.2911 

MOTIF filter17 
letter-probability matrix: alength= 4 w= 19 nsites= 19 
0.2581 0.2130 0.1905 0.3383 
0.1955 0.1905 0.4085 0.2055 
0.3308 0.3233 0.1228 0.2231 
0.1404 0.7594 0.0201 0.0802 
0.2080 0.5514 0.0777 0.1629 
0.5815 0.1930 0.0702 0.1554 
0.2005 0.0576 0.0777 0.6642 
0.5464 0.1579 0.2607 0.0351 
0.0000 0.0075 0.0075 0.9850 
0.3484 0.6491 0.0000 0.0025 
0.7895 0.0000 0.0201 0.1905 
0.0000 0.0000 0.9599 0.0401 
0.0000 0.6817 0.3183 0.0000 
0.8421 0.0050 0.0351 0.1178 
0.4311 0.3083 0.0827 0.1779 
0.4987 0.0401 0.0050 0.4561 
0.3659 0.1228 0.0251 0.4862 
0.2932 0.1278 0.0902 0.4887 
0.2155 0.2657 0.2932 0.2256 

MOTIF filter18 
letter-probability matrix: alength= 4 w= 17 nsites= 17 
0.2206 0.2486 0.2843 0.2465 
0.1904 0.5834 0.0457 0.1804 
0.1527 0.4127 0.2552 0.1794 
0.4027 0.0017 0.5215 0.0741 
0.4463 0.3078 0.1153 0.1305 
0.1981 0.4384 0.3587 0.0048 
0.7365 0.0869 0.1260 0.0506 
0.0294 0.0772 0.0076 0.8857 
0.0076 0.4564 0.4429 0.0931 
0.3258 0.0294 0.1887 0.4560 
0.0073 0.6981 0.0003 0.2943 
0.0665 0.3702 0.4377 0.1257 
0.1361 0.1285 0.5384 0.1970 
0.0786 0.6756 0.0866 0.1593 
0.1641 0.4058 0.1711 0.2590 
0.2199 0.2095 0.3248 0.2458 
0.1579 0.3227 0.2988 0.2206 

MOTIF filter19 
letter-probability matrix: alength= 4 w= 10 nsites= 10 
0.2837 0.2409 0.1962 0.2793 
0.3950 0.2012 0.4023 0.0015 
0.2155 0.1621 0.2256 0.3968 
0.1060 0.6858 0.2082 0.0001 
0.0001 0.3063 0.5472 0.1464 
0.7045 0.1315 0.0941 0.0700 
0.0001 0.3390 0.0059 0.6550 
0.1896 0.1823 0.0802 0.5479 
0.2824 0.1456 0.0722 0.4998 
0.2374 0.2834 0.1148 0.3644 

MOTIF filter20 
letter-probability matrix: alength= 4 w= 12 nsites= 12 
0.2597 0.2315 0.2822 0.2266 
0.2571 0.1236 0.5001 0.1192 
0.3072 0.0305 0.5335 0.1288 
0.3589 0.0254 0.6113 0.0045 
0.0642 0.0684 0.8666 0.0009 
0.1361 0.0561 0.8022 0.0056 
0.2308 0.3967 0.1105 0.2620 
0.0225 0.0550 0.8886 0.0339 
0.0287 0.0833 0.7757 0.1123 
0.2350 0.1804 0.5322 0.0524 
0.2352 0.1726 0.5493 0.0428 
0.2119 0.3738 0.3083 0.1060 

MOTIF filter21 
letter-probability matrix: alength= 4 w= 15 nsites= 15 
0.2368 0.2720 0.2586 0.2326 
0.2703 0.2661 0.2167 0.2469 
0.5213 0.1314 0.3456 0.0017 
0.0000 0.0000 0.0000 1.0000 
0.0008 0.0008 0.1515 0.8469 
0.3079 0.0000 0.5858 0.1063 
0.0042 0.8536 0.0226 0.1197 
0.1481 0.0117 0.8402 0.0000 
0.0921 0.6167 0.0000 0.2912 
0.8812 0.1188 0.0000 0.0000 
0.9967 0.0008 0.0025 0.0000 
0.0008 0.3506 0.1766 0.4720 
0.2410 0.2460 0.3038 0.2092 
0.2226 0.2176 0.2828 0.2770 
0.2561 0.2159 0.2778 0.2502 

MOTIF filter22 
letter-probability matrix: alength= 4 w= 12 nsites= 12 
0.1788 0.3062 0.2291 0.2859 
0.1543 0.2892 0.2492 0.3073 
0.2684 0.2454 0.3397 0.1465 
0.7175 0.0170 0.0012 0.2643 
0.0000 0.0025 0.0001 0.9974 
0.0073 0.3335 0.0012 0.6580 
0.6722 0.0354 0.2924 0.0000 
0.6904 0.0886 0.2208 0.0001 
0.3710 0.0631 0.0503 0.5156 
0.1860 0.3445 0.2458 0.2237 
0.2133 0.3171 0.2353 0.2344 
0.2472 0.2958 0.2330 0.2240 

MOTIF filter23 
letter-probability matrix: alength= 4 w= 12 nsites= 12 
0.2490 0.2618 0.2472 0.2421 
0.3318 0.2276 0.2695 0.1711 
0.2458 0.3098 0.2548 0.1897 
0.0648 0.8579 0.0252 0.0520 
0.8273 0.0384 0.0745 0.0597 
0.0441 0.7036 0.0339 0.2184 
0.2211 0.0322 0.6980 0.0487 
0.0576 0.0889 0.0249 0.8287 
0.0430 0.0422 0.8378 0.0770 
0.2071 0.2697 0.2829 0.2403 
0.1915 0.2699 0.2062 0.3324 
0.2420 0.2548 0.2423 0.2609 

MOTIF filter24 
letter-probability matrix: alength= 4 w= 12 nsites= 12 
0.2522 0.1977 0.3372 0.2129 
0.2306 0.1680 0.2790 0.3224 
0.1959 0.3571 0.2881 0.1589 
0.1720 0.6375 0.0316 0.1589 
0.0471 0.6957 0.0151 0.2422 
0.5046 0.0166 0.1055 0.3733 
0.0190 0.7451 0.1989 0.0371 
0.6532 0.1794 0.0273 0.1401 
0.0000 0.6035 0.3900 0.0065 
0.2206 0.2289 0.3325 0.2180 
0.3034 0.2546 0.2124 0.2297 
0.3087 0.1786 0.2957 0.2170 

MOTIF filter25 
letter-probability matrix: alength= 4 w= 11 nsites= 11 
0.2778 0.1610 0.2603 0.3009 
0.2717 0.0750 0.5253 0.1280 
0.2633 0.0229 0.3855 0.3283 
0.0494 0.8343 0.0632 0.0531 
0.0000 0.0035 0.0067 0.9898 
0.3840 0.1645 0.4516 0.0000 
0.3544 0.2834 0.0005 0.3617 
0.0890 0.2717 0.0289 0.6104 
0.4381 0.1018 0.2316 0.2286 
0.2547 0.1939 0.3230 0.2284 
0.1400 0.1955 0.2051 0.4594 

MOTIF filter26 
letter-probability matrix: alength= 4 w= 9 nsites= 9 
0.3559 0.1162 0.3443 0.1836 
0.2170 0.3180 0.3238 0.1411 
0.3072 0.3182 0.2630 0.1117 
0.1544 0.2619 0.5785 0.0052 
0.0000 0.3518 0.5789 0.0693 
0.2037 0.0000 0.0007 0.7956 
0.2916 0.4010 0.2763 0.0311 
0.2477 0.3520 0.4000 0.0003 
0.2639 0.2182 0.3268 0.1911 

MOTIF filter27 
letter-probability matrix: alength= 4 w= 15 nsites= 15 
0.1561 0.2093 0.4113 0.2233 
0.2373 0.1668 0.3229 0.2731 
0.0006 0.9659 0.0000 0.0336 
0.0000 0.4863 0.0190 0.4947 
0.9356 0.0017 0.0095 0.0532 
0.0571 0.0006 0.0028 0.9396 
0.5753 0.0716 0.0196 0.3335 
0.2026 0.0028 0.0078 0.7868 
0.6956 0.0045 0.0000 0.2999 
0.0672 0.0207 0.0134 0.8987 
0.5484 0.0134 0.4247 0.0134 
0.0940 0.0129 0.8707 0.0224 
0.2708 0.2479 0.2009 0.2804 
0.2529 0.4454 0.1679 0.1337 
0.4891 0.1522 0.1740 0.1847 

MOTIF filter28 
letter-probability matrix: alength= 4 w= 14 nsites= 14 
0.2152 0.3433 0.2263 0.2152 
0.5022 0.1104 0.2770 0.1104 
0.2506 0.5166 0.1821 0.0508 
0.0850 0.0508 0.0640 0.8002 
0.0287 0.0309 0.0442 0.8962 
0.0497 0.6181 0.3311 0.0011 
0.0121 0.9868 0.0000 0.0011 
0.0033 0.0000 0.9669 0.0298 
0.0000 0.4205 0.4956 0.0839 
0.8135 0.0695 0.0276 0.0894 
0.7318 0.0574 0.0419 0.1689 
0.0574 0.2097 0.4514 0.2815 
0.1358 0.3311 0.0927 0.4404 
0.2472 0.1733 0.4095 0.1700 

MOTIF filter29 
letter-probability matrix: alength= 4 w= 10 nsites= 10 
0.1868 0.2206 0.3103 0.2824 
0.1029 0.0250 0.0074 0.8647 
0.0000 0.2132 0.7853 0.0015 
0.0353 0.9632 0.0000 0.0015 
0.1603 0.0015 0.0118 0.8265 
0.0147 0.0059 0.6794 0.3000 
0.9794 0.0074 0.0118 0.0015 
0.0353 0.3235 0.1544 0.4868 
0.5838 0.0985 0.0824 0.2353 
0.1529 0.0882 0.1838 0.5750 

MOTIF filter30 
letter-probability matrix: alength= 4 w= 15 nsites= 15 
0.2562 0.2427 0.2459 0.2553 
0.2056 0.2505 0.3455 0.1983 
0.4339 0.2873 0.1295 0.1494 
0.7828 0.0198 0.1482 0.0493 
0.3144 0.1024 0.1492 0.4339 
0.1379 0.4281 0.3287 0.1053 
0.7210 0.1196 0.0863 0.0731 
0.4085 0.1378 0.0138 0.4400 
0.0679 0.0025 0.1747 0.7550 
0.0892 0.1687 0.7400 0.0020 
0.4410 0.1296 0.3980 0.0314 
0.0010 0.4105 0.0636 0.5248 
0.0837 0.2399 0.4366 0.2398 
0.2252 0.2762 0.3008 0.1978 
0.2633 0.2783 0.2312 0.2273 

MOTIF filter31 
letter-probability matrix: alength= 4 w= 13 nsites= 13 
0.2327 0.2293 0.2382 0.2998 
0.2399 0.1892 0.3682 0.2027 
0.3394 0.2513 0.3081 0.1012 
0.0858 0.0586 0.0451 0.8105 
0.0308 0.0867 0.7497 0.1328 
0.8416 0.0649 0.0715 0.0220 
0.1051 0.3342 0.4740 0.0867 
0.0279 0.0897 0.0560 0.8264 
0.1109 0.7759 0.0641 0.0490 
0.8678 0.0332 0.0455 0.0535 
0.0935 0.3004 0.2892 0.3169 
0.2149 0.3468 0.1915 0.2468 
0.2995 0.2055 0.2325 0.2625 

