MEME version 4

ALPHABET= ACGT

Background letter frequencies:
A 0.2500 C 0.2500 G 0.2500 T 0.2500 

MOTIF filter0 
letter-probability matrix: alength= 4 w= 14 nsites= 14 
0.3175 0.2648 0.1706 0.2470 
0.3264 0.2504 0.2129 0.2103 
0.1513 0.3691 0.2381 0.2415 
0.0349 0.2426 0.1198 0.6027 
0.1035 0.1142 0.7329 0.0493 
0.8042 0.0059 0.1725 0.0174 
0.0015 0.8691 0.0386 0.0909 
0.0045 0.2500 0.0404 0.7051 
0.5556 0.1447 0.2964 0.0033 
0.5438 0.0360 0.4121 0.0082 
0.0156 0.2263 0.0389 0.7192 
0.1280 0.5171 0.2136 0.1413 
0.5037 0.1250 0.2374 0.1339 
0.2073 0.1892 0.5278 0.0757 

MOTIF filter1 
letter-probability matrix: alength= 4 w= 14 nsites= 14 
0.2084 0.2598 0.2772 0.2545 
0.3347 0.1968 0.2251 0.2434 
0.2261 0.3225 0.2057 0.2457 
0.0920 0.4083 0.0049 0.4948 
0.3252 0.4761 0.0658 0.1330 
0.0312 0.6796 0.0265 0.2627 
0.3784 0.3976 0.1297 0.0943 
0.1444 0.0462 0.3448 0.4646 
0.2614 0.0173 0.7214 0.0000 
0.3811 0.0019 0.2211 0.3960 
0.7331 0.0250 0.2390 0.0028 
0.2438 0.1559 0.4196 0.1807 
0.3016 0.2358 0.0163 0.4463 
0.0916 0.3052 0.3016 0.3016 

MOTIF filter2 
letter-probability matrix: alength= 4 w= 14 nsites= 14 
0.2958 0.2515 0.2054 0.2472 
0.2870 0.2137 0.2761 0.2231 
0.1985 0.4148 0.3113 0.0755 
0.0777 0.7101 0.0998 0.1125 
0.6635 0.0751 0.1123 0.1491 
0.1596 0.5359 0.2936 0.0109 
0.0013 0.4126 0.5705 0.0156 
0.3571 0.1931 0.0015 0.4483 
0.1504 0.1401 0.7029 0.0066 
0.0064 0.0992 0.8380 0.0563 
0.0898 0.2170 0.0088 0.6843 
0.2191 0.1458 0.4549 0.1802 
0.2441 0.2309 0.3851 0.1399 
0.2193 0.2413 0.1953 0.3441 

MOTIF filter3 
letter-probability matrix: alength= 4 w= 11 nsites= 11 
0.2495 0.2438 0.1860 0.3206 
0.2321 0.2507 0.2175 0.2997 
0.2377 0.2579 0.3487 0.1557 
0.0497 0.5989 0.0401 0.3112 
0.1188 0.0010 0.8764 0.0039 
0.0019 0.2724 0.7245 0.0012 
0.4748 0.1966 0.0062 0.3225 
0.6377 0.0245 0.2064 0.1315 
0.1959 0.1296 0.1837 0.4907 
0.1719 0.2348 0.2552 0.3381 
0.0789 0.4177 0.2985 0.2048 

MOTIF filter4 
letter-probability matrix: alength= 4 w= 14 nsites= 14 
0.3052 0.1866 0.3619 0.1463 
0.1666 0.2201 0.2872 0.3261 
0.0883 0.3163 0.2960 0.2995 
0.0935 0.6879 0.1204 0.0981 
0.1092 0.7268 0.1186 0.0454 
0.0249 0.2444 0.0365 0.6942 
0.0561 0.3598 0.4252 0.1589 
0.2637 0.0214 0.7067 0.0083 
0.0020 0.2504 0.6836 0.0640 
0.2147 0.4129 0.1211 0.2513 
0.0549 0.7296 0.1611 0.0545 
0.3387 0.4236 0.0389 0.1987 
0.1063 0.4456 0.2243 0.2238 
0.3060 0.3401 0.1717 0.1823 

MOTIF filter5 
letter-probability matrix: alength= 4 w= 13 nsites= 13 
0.1250 0.3599 0.3956 0.1195 
0.4123 0.0442 0.4418 0.1017 
0.1730 0.3755 0.1541 0.2974 
0.0680 0.6725 0.2485 0.0110 
0.6841 0.0020 0.1746 0.1393 
0.0852 0.7348 0.0075 0.1726 
0.0000 0.1985 0.7799 0.0216 
0.2910 0.0000 0.5234 0.1856 
0.1343 0.1521 0.1875 0.5261 
0.0597 0.2298 0.6375 0.0731 
0.2454 0.1327 0.3060 0.3159 
0.0273 0.2723 0.1895 0.5109 
0.1613 0.2613 0.5135 0.0638 

MOTIF filter6 
letter-probability matrix: alength= 4 w= 14 nsites= 14 
0.2464 0.2453 0.2650 0.2432 
0.2539 0.2597 0.2337 0.2528 
0.4176 0.1845 0.3509 0.0470 
0.0205 0.0332 0.0239 0.9224 
0.0130 0.0223 0.1560 0.8086 
0.3174 0.0226 0.4963 0.1637 
0.0813 0.6951 0.0449 0.1786 
0.1951 0.0542 0.6627 0.0880 
0.1722 0.5183 0.0101 0.2993 
0.8131 0.1308 0.0311 0.0250 
0.9413 0.0186 0.0226 0.0175 
0.0611 0.3174 0.1826 0.4389 
0.2523 0.2594 0.2629 0.2254 
0.2520 0.2251 0.2640 0.2589 

MOTIF filter7 
letter-probability matrix: alength= 4 w= 11 nsites= 11 
0.1200 0.3178 0.2340 0.3283 
0.3102 0.3342 0.1600 0.1956 
0.2137 0.1097 0.1713 0.5053 
0.5763 0.0000 0.1162 0.3075 
0.0000 1.0000 0.0000 0.0000 
0.1286 0.0105 0.1029 0.7579 
0.0000 0.0000 1.0000 0.0000 
0.1810 0.2294 0.0014 0.5882 
0.4853 0.1791 0.1402 0.1954 
0.2121 0.2148 0.2713 0.3018 
0.1346 0.3026 0.3048 0.2580 

MOTIF filter8 
letter-probability matrix: alength= 4 w= 16 nsites= 16 
0.2485 0.3488 0.2033 0.1994 
0.3393 0.2472 0.2150 0.1985 
0.1138 0.0747 0.3653 0.4461 
0.1477 0.6421 0.0382 0.1720 
0.0404 0.1030 0.0565 0.8002 
0.7498 0.1195 0.0230 0.1077 
0.2467 0.3640 0.0261 0.3632 
0.0886 0.0000 0.8193 0.0921 
0.1234 0.0000 0.7850 0.0917 
0.2832 0.2507 0.0421 0.4240 
0.0838 0.1216 0.2242 0.5704 
0.7407 0.0721 0.0109 0.1764 
0.1785 0.0943 0.6347 0.0925 
0.4083 0.3905 0.1242 0.0769 
0.2198 0.2963 0.2307 0.2533 
0.2606 0.3023 0.2320 0.2050 

MOTIF filter9 
letter-probability matrix: alength= 4 w= 11 nsites= 11 
0.2438 0.2438 0.2648 0.2477 
0.1948 0.3842 0.1806 0.2404 
0.1243 0.2809 0.2693 0.3255 
0.8724 0.0477 0.0466 0.0333 
0.0480 0.2331 0.0000 0.7188 
0.3581 0.4255 0.0000 0.2164 
0.2795 0.0000 0.4347 0.2858 
0.7339 0.0001 0.2526 0.0134 
0.1203 0.2034 0.1274 0.5488 
0.4308 0.1401 0.4128 0.0163 
0.2818 0.2220 0.3357 0.1605 

MOTIF filter10 
letter-probability matrix: alength= 4 w= 11 nsites= 11 
0.3101 0.2496 0.2875 0.1528 
0.2181 0.2419 0.3233 0.2167 
0.1720 0.5251 0.2235 0.0794 
0.6257 0.1327 0.2184 0.0232 
0.2143 0.6091 0.0384 0.1382 
0.1955 0.0547 0.6658 0.0840 
0.0012 0.1875 0.0000 0.8112 
0.0576 0.0000 0.9097 0.0327 
0.4411 0.1792 0.0009 0.3787 
0.2150 0.0866 0.6122 0.0862 
0.1765 0.2995 0.1239 0.4001 

MOTIF filter11 
letter-probability matrix: alength= 4 w= 10 nsites= 10 
0.3443 0.0533 0.1535 0.4488 
0.4159 0.2175 0.2386 0.1280 
0.1653 0.3840 0.0612 0.3894 
0.1063 0.0008 0.8930 0.0000 
0.0001 0.8294 0.1700 0.0005 
0.5397 0.0002 0.1229 0.3372 
0.3910 0.1060 0.0017 0.5013 
0.2470 0.1858 0.5099 0.0572 
0.1796 0.3151 0.0520 0.4533 
0.2405 0.1919 0.3639 0.2038 

MOTIF filter12 
letter-probability matrix: alength= 4 w= 14 nsites= 14 
0.3300 0.3201 0.1658 0.1841 
0.0287 0.8961 0.0381 0.0370 
0.0525 0.8143 0.0486 0.0846 
0.6755 0.0420 0.0475 0.2349 
0.1487 0.0420 0.0171 0.7922 
0.8618 0.0282 0.0663 0.0437 
0.0542 0.0951 0.0768 0.7739 
0.9077 0.0310 0.0066 0.0547 
0.2758 0.0486 0.0299 0.6457 
0.0392 0.0199 0.9320 0.0088 
0.0149 0.0072 0.9657 0.0122 
0.1382 0.1166 0.3947 0.3505 
0.1946 0.6036 0.1161 0.0857 
0.4920 0.0536 0.2067 0.2477 

MOTIF filter13 
letter-probability matrix: alength= 4 w= 14 nsites= 14 
0.2812 0.2471 0.2207 0.2510 
0.2534 0.2614 0.4091 0.0761 
0.1328 0.0473 0.4334 0.3865 
0.5944 0.0031 0.4025 0.0000 
0.0514 0.0000 0.4140 0.5346 
0.1168 0.0000 0.7859 0.0973 
0.6684 0.2092 0.0000 0.1223 
0.0351 0.2127 0.7365 0.0156 
0.0000 0.0000 0.3942 0.6058 
0.5356 0.1797 0.2753 0.0094 
0.6517 0.0045 0.3438 0.0000 
0.2822 0.4039 0.1425 0.1714 
0.3201 0.1901 0.2593 0.2304 
0.2211 0.2051 0.2600 0.3139 

MOTIF filter14 
letter-probability matrix: alength= 4 w= 13 nsites= 13 
0.2329 0.2530 0.2866 0.2275 
0.2048 0.2692 0.2153 0.3108 
0.0758 0.4284 0.3628 0.1329 
0.2079 0.6485 0.0652 0.0784 
0.2510 0.5452 0.1235 0.0803 
0.1855 0.4943 0.2383 0.0818 
0.1161 0.0575 0.5737 0.2527 
0.0060 0.1077 0.0326 0.8537 
0.3722 0.4089 0.1577 0.0612 
0.0009 0.8677 0.0100 0.1215 
0.1882 0.3762 0.3772 0.0583 
0.1845 0.2225 0.1898 0.4031 
0.1555 0.2911 0.4930 0.0603 

MOTIF filter15 
letter-probability matrix: alength= 4 w= 11 nsites= 11 
0.2487 0.2923 0.2045 0.2545 
0.1707 0.2974 0.2421 0.2898 
0.2614 0.2172 0.3139 0.2075 
0.2349 0.5592 0.0000 0.2060 
0.3984 0.2023 0.3899 0.0094 
0.0140 0.0791 0.0000 0.9069 
0.5251 0.0043 0.3435 0.1271 
0.5746 0.0098 0.2802 0.1353 
0.1364 0.1388 0.4425 0.2823 
0.2986 0.1548 0.4535 0.0930 
0.1410 0.4272 0.1026 0.3293 

MOTIF filter16 
letter-probability matrix: alength= 4 w= 16 nsites= 16 
0.1404 0.2701 0.3258 0.2638 
0.1965 0.2614 0.2304 0.3117 
0.0576 0.4579 0.2919 0.1926 
0.0445 0.5039 0.0707 0.3809 
0.6723 0.0905 0.1820 0.0552 
0.1907 0.0015 0.2817 0.5261 
0.3925 0.5005 0.0005 0.1065 
0.1167 0.5126 0.0102 0.3606 
0.9666 0.0005 0.0029 0.0300 
0.0048 0.0000 0.0000 0.9952 
0.3451 0.1636 0.2856 0.2057 
0.0136 0.0194 0.3209 0.6462 
0.1670 0.0624 0.0077 0.7628 
0.1254 0.2246 0.4090 0.2410 
0.3548 0.1704 0.2851 0.1897 
0.2038 0.2052 0.3737 0.2173 

MOTIF filter17 
letter-probability matrix: alength= 4 w= 12 nsites= 12 
0.2739 0.2666 0.1995 0.2600 
0.2686 0.2438 0.2222 0.2655 
0.1435 0.2714 0.2827 0.3024 
0.0875 0.7314 0.0033 0.1778 
0.1204 0.2432 0.0318 0.6046 
0.5680 0.0022 0.4268 0.0031 
0.2405 0.0024 0.3519 0.4052 
0.0495 0.3433 0.0233 0.5839 
0.3552 0.0103 0.5953 0.0392 
0.3269 0.2159 0.2476 0.2097 
0.0766 0.3770 0.0959 0.4505 
0.3926 0.3618 0.0503 0.1952 

MOTIF filter18 
letter-probability matrix: alength= 4 w= 13 nsites= 13 
0.3986 0.2129 0.0632 0.3253 
0.2703 0.1806 0.1225 0.4267 
0.1404 0.0963 0.2094 0.5538 
0.3183 0.0023 0.6026 0.0768 
0.2196 0.4926 0.2793 0.0086 
0.0000 0.0004 0.0000 0.9996 
0.0020 0.4754 0.5172 0.0055 
1.0000 0.0000 0.0000 0.0000 
0.0129 0.2679 0.5242 0.1950 
0.1119 0.4883 0.0113 0.3885 
0.5066 0.2527 0.0651 0.1755 
0.4930 0.1057 0.1494 0.2520 
0.2851 0.0636 0.2520 0.3994 

MOTIF filter19 
letter-probability matrix: alength= 4 w= 12 nsites= 12 
0.2769 0.2282 0.3007 0.1942 
0.1953 0.3782 0.0608 0.3658 
0.1325 0.0219 0.4667 0.3789 
0.7289 0.0250 0.2381 0.0079 
0.2301 0.0869 0.1884 0.4946 
0.0380 0.0000 0.5446 0.4174 
0.4563 0.3650 0.0007 0.1779 
0.4216 0.1335 0.2056 0.2393 
0.0005 0.1162 0.0187 0.8646 
0.3338 0.4519 0.0039 0.2104 
0.3603 0.0429 0.3336 0.2633 
0.1335 0.2679 0.2196 0.3789 

MOTIF filter20 
letter-probability matrix: alength= 4 w= 14 nsites= 14 
0.2748 0.1089 0.3688 0.2476 
0.1730 0.3800 0.1179 0.3291 
0.1246 0.0310 0.2886 0.5558 
0.6164 0.0420 0.2348 0.1067 
0.2687 0.1625 0.3138 0.2550 
0.4362 0.3087 0.0000 0.2551 
0.0346 0.9453 0.0000 0.0200 
0.3539 0.0388 0.3131 0.2942 
0.0089 0.1671 0.3661 0.4579 
0.5423 0.0305 0.4108 0.0165 
0.1164 0.1158 0.6472 0.1206 
0.3532 0.2040 0.2782 0.1646 
0.1769 0.3034 0.2600 0.2598 
0.2514 0.2135 0.3342 0.2009 

MOTIF filter21 
letter-probability matrix: alength= 4 w= 13 nsites= 13 
0.2547 0.2551 0.2274 0.2628 
0.2716 0.2399 0.2433 0.2453 
0.1970 0.2449 0.1758 0.3823 
0.0196 0.0240 0.0213 0.9352 
0.0219 0.0175 0.0530 0.9076 
0.1613 0.7723 0.0216 0.0449 
0.0786 0.6171 0.0142 0.2901 
0.2483 0.2196 0.2773 0.2547 
0.3033 0.0111 0.6248 0.0607 
0.0337 0.0280 0.7655 0.1727 
0.8462 0.0813 0.0354 0.0371 
0.9008 0.0294 0.0408 0.0290 
0.4032 0.1768 0.2264 0.1937 

MOTIF filter22 
letter-probability matrix: alength= 4 w= 16 nsites= 16 
0.2624 0.2574 0.3206 0.1596 
0.2818 0.2628 0.2460 0.2094 
0.2860 0.3275 0.2327 0.1538 
0.0537 0.2312 0.0861 0.6291 
0.1192 0.2418 0.5663 0.0727 
0.6569 0.2171 0.0941 0.0320 
0.1820 0.1028 0.3884 0.3267 
0.0030 0.2483 0.0080 0.7407 
0.0004 0.7209 0.2788 0.0000 
0.9231 0.0000 0.0765 0.0004 
0.5133 0.1919 0.0674 0.2273 
0.0335 0.0404 0.1340 0.7921 
0.0499 0.4874 0.4067 0.0560 
0.5552 0.1085 0.2715 0.0647 
0.1436 0.2121 0.4429 0.2014 
0.1912 0.2304 0.3005 0.2780 

MOTIF filter23 
letter-probability matrix: alength= 4 w= 12 nsites= 12 
0.2210 0.2456 0.2610 0.2724 
0.2030 0.3820 0.3134 0.1015 
0.2093 0.2730 0.1668 0.3510 
0.0003 0.8763 0.0324 0.0911 
0.9491 0.0000 0.0000 0.0509 
0.0000 0.2871 0.0026 0.7103 
0.3019 0.1313 0.3690 0.1978 
0.0003 0.0005 0.2988 0.7004 
0.0005 0.0000 0.9632 0.0363 
0.1715 0.3009 0.2338 0.2938 
0.1096 0.3434 0.2051 0.3419 
0.2336 0.3246 0.2435 0.1983 

MOTIF filter24 
letter-probability matrix: alength= 4 w= 14 nsites= 14 
0.2163 0.2540 0.2899 0.2397 
0.1622 0.3678 0.2717 0.1984 
0.1555 0.2142 0.0980 0.5324 
0.1512 0.3213 0.5178 0.0097 
0.2270 0.7581 0.0006 0.0143 
0.0055 0.0475 0.5099 0.4372 
0.0003 0.0006 0.3426 0.6565 
0.5786 0.4214 0.0000 0.0000 
0.7061 0.2708 0.0225 0.0006 
0.0870 0.0055 0.6991 0.2084 
0.0189 0.6048 0.1740 0.2023 
0.5354 0.1007 0.2598 0.1040 
0.2416 0.2483 0.3438 0.1664 
0.2403 0.3067 0.2178 0.2352 

MOTIF filter25 
letter-probability matrix: alength= 4 w= 12 nsites= 12 
0.2305 0.1532 0.2597 0.3567 
0.1524 0.5288 0.2757 0.0430 
0.5033 0.2195 0.0474 0.2298 
0.0985 0.0051 0.7972 0.0992 
0.4340 0.0948 0.1123 0.3589 
0.0000 0.0000 0.0000 1.0000 
0.0007 0.8249 0.0000 0.1743 
0.1196 0.0000 0.8782 0.0022 
0.8600 0.0795 0.0095 0.0511 
0.2815 0.1889 0.1554 0.3742 
0.1911 0.3895 0.1845 0.2349 
0.2961 0.2495 0.2407 0.2137 

MOTIF filter26 
letter-probability matrix: alength= 4 w= 12 nsites= 12 
0.2700 0.2787 0.2271 0.2242 
0.2846 0.2542 0.2258 0.2353 
0.2377 0.2912 0.2647 0.2063 
0.6362 0.0429 0.0178 0.3031 
0.0069 0.0290 0.0029 0.9611 
0.0249 0.1723 0.1727 0.6301 
0.6292 0.0447 0.3153 0.0108 
0.7566 0.1062 0.1242 0.0131 
0.2766 0.0321 0.0752 0.6161 
0.2077 0.2827 0.2799 0.2297 
0.2697 0.2500 0.2376 0.2428 
0.2264 0.2575 0.2537 0.2624 

MOTIF filter27 
letter-probability matrix: alength= 4 w= 12 nsites= 12 
0.2637 0.3050 0.2252 0.2061 
0.2304 0.2514 0.2023 0.3159 
0.1331 0.3505 0.2048 0.3116 
0.7653 0.0451 0.0800 0.1095 
0.0371 0.3721 0.1827 0.4081 
0.1426 0.4797 0.3738 0.0039 
0.4989 0.0000 0.0000 0.5011 
0.0001 0.6975 0.2943 0.0080 
0.0598 0.0001 0.9069 0.0332 
0.2559 0.0121 0.3122 0.4198 
0.1447 0.1636 0.5313 0.1605 
0.3815 0.2155 0.1468 0.2563 

MOTIF filter28 
letter-probability matrix: alength= 4 w= 14 nsites= 14 
0.1660 0.2844 0.3061 0.2435 
0.0849 0.3358 0.2207 0.3586 
0.1827 0.4952 0.2116 0.1105 
0.6340 0.0170 0.0882 0.2608 
0.1533 0.2690 0.1487 0.4290 
0.2795 0.0140 0.0198 0.6867 
0.0099 0.0005 0.0003 0.9893 
0.0008 0.5125 0.0486 0.4380 
0.1305 0.4567 0.3575 0.0552 
0.0016 0.0069 0.8810 0.1105 
0.0201 0.3204 0.5999 0.0596 
0.2707 0.2910 0.1602 0.2781 
0.1564 0.3693 0.1924 0.2819 
0.2646 0.2034 0.2174 0.3146 

MOTIF filter29 
letter-probability matrix: alength= 4 w= 14 nsites= 14 
0.2463 0.2478 0.2463 0.2597 
0.2731 0.2366 0.2623 0.2280 
0.1765 0.5287 0.1522 0.1425 
0.8104 0.0690 0.0649 0.0556 
0.8026 0.0821 0.1022 0.0131 
0.3784 0.1146 0.3306 0.1765 
0.7881 0.0996 0.0918 0.0205 
0.0922 0.0254 0.0343 0.8481 
0.0112 0.0336 0.9276 0.0276 
0.0235 0.3623 0.4623 0.1519 
0.0769 0.8063 0.0030 0.1138 
0.3052 0.2254 0.2481 0.2213 
0.1896 0.2123 0.4052 0.1929 
0.2832 0.5041 0.0951 0.1175 

MOTIF filter30 
letter-probability matrix: alength= 4 w= 12 nsites= 12 
0.2279 0.3439 0.3308 0.0974 
0.1465 0.0245 0.2699 0.5592 
0.1782 0.1013 0.5705 0.1500 
0.7091 0.0019 0.2645 0.0244 
0.2288 0.2779 0.2601 0.2332 
0.1500 0.0170 0.0349 0.7981 
0.0747 0.8218 0.0012 0.1024 
0.5737 0.2753 0.0002 0.1508 
0.0000 0.6331 0.2860 0.0809 
0.1934 0.0729 0.4254 0.3083 
0.1267 0.3434 0.2310 0.2990 
0.1975 0.3090 0.2196 0.2738 

MOTIF filter31 
letter-probability matrix: alength= 4 w= 16 nsites= 16 
0.1986 0.1321 0.1349 0.5344 
0.1216 0.0830 0.4156 0.3798 
0.3128 0.2101 0.1706 0.3064 
0.0573 0.6706 0.2037 0.0683 
0.0041 0.9280 0.0647 0.0032 
0.3518 0.3739 0.0550 0.2193 
0.0060 0.0000 0.7280 0.2661 
0.5477 0.0014 0.4509 0.0000 
0.4954 0.0009 0.0968 0.4069 
0.8344 0.0000 0.0009 0.1647 
0.2413 0.0239 0.4528 0.2821 
0.0679 0.0963 0.5243 0.3115 
0.0417 0.1243 0.7560 0.0780 
0.1885 0.2257 0.4110 0.1748 
0.1853 0.5592 0.1385 0.1170 
0.3862 0.1963 0.2124 0.2050 

