MEME version 4

ALPHABET= ACGT

Background letter frequencies:
A 0.2500 C 0.2500 G 0.2500 T 0.2500 

MOTIF filter0 
letter-probability matrix: alength= 4 w= 12 nsites= 12 
0.2034 0.2790 0.2916 0.2260 
0.1223 0.3204 0.2292 0.3282 
0.1353 0.3377 0.4521 0.0749 
0.1170 0.7836 0.0993 0.0000 
0.0015 0.2422 0.4566 0.2997 
0.0099 0.0001 0.5698 0.4202 
0.5292 0.4489 0.0002 0.0216 
0.3502 0.1995 0.4503 0.0000 
0.0050 0.0448 0.6694 0.2808 
0.0307 0.5318 0.2737 0.1638 
0.4794 0.0560 0.3781 0.0866 
0.2129 0.3336 0.2911 0.1624 

MOTIF filter1 
letter-probability matrix: alength= 4 w= 12 nsites= 12 
0.2412 0.2654 0.2443 0.2490 
0.3378 0.2326 0.2435 0.1861 
0.2415 0.2864 0.2678 0.2042 
0.0385 0.8706 0.0362 0.0547 
0.8449 0.0396 0.0619 0.0536 
0.0408 0.7526 0.0360 0.1706 
0.1660 0.0332 0.7656 0.0352 
0.0729 0.0778 0.0332 0.8161 
0.0735 0.0327 0.8436 0.0502 
0.2145 0.2671 0.2789 0.2394 
0.2073 0.2561 0.1974 0.3392 
0.2518 0.2526 0.2398 0.2557 

MOTIF filter2 
letter-probability matrix: alength= 4 w= 11 nsites= 11 
0.3080 0.1316 0.2456 0.3148 
0.2608 0.3453 0.2837 0.1102 
0.1833 0.5963 0.0388 0.1815 
0.1261 0.0233 0.6567 0.1939 
0.0449 0.0195 0.4862 0.4494 
0.0820 0.9170 0.0000 0.0011 
0.5951 0.1535 0.0000 0.2514 
0.0152 0.0003 0.7674 0.2171 
0.2661 0.3749 0.2050 0.1540 
0.3358 0.3255 0.1303 0.2084 
0.3186 0.0727 0.1680 0.4407 

MOTIF filter3 
letter-probability matrix: alength= 4 w= 10 nsites= 10 
0.1419 0.2591 0.4021 0.1969 
0.1989 0.1817 0.4126 0.2068 
0.2874 0.3736 0.0795 0.2596 
0.0778 0.8231 0.0122 0.0868 
0.0020 0.7141 0.2835 0.0004 
0.0028 0.0009 0.4506 0.5458 
0.6321 0.0169 0.0687 0.2823 
0.1206 0.2144 0.4824 0.1826 
0.3008 0.3536 0.1738 0.1717 
0.2659 0.2683 0.2020 0.2638 

MOTIF filter4 
letter-probability matrix: alength= 4 w= 14 nsites= 14 
0.2081 0.0838 0.5166 0.1915 
0.2033 0.4936 0.0900 0.2131 
0.1668 0.4222 0.1909 0.2201 
0.6261 0.0050 0.3307 0.0382 
0.2330 0.2465 0.1019 0.4187 
0.0342 0.4496 0.5025 0.0137 
0.8367 0.0685 0.0044 0.0905 
0.0064 0.0162 0.0073 0.9701 
0.0108 0.2896 0.5745 0.1251 
0.3257 0.0631 0.3523 0.2589 
0.0795 0.5564 0.0378 0.3263 
0.1909 0.1967 0.3168 0.2956 
0.2214 0.1533 0.3496 0.2757 
0.2670 0.3805 0.1434 0.2091 

MOTIF filter5 
letter-probability matrix: alength= 4 w= 15 nsites= 15 
0.2475 0.2292 0.2824 0.2409 
0.2492 0.0822 0.4086 0.2600 
0.0116 0.5091 0.0008 0.4784 
0.0000 0.0017 0.4527 0.5457 
1.0000 0.0000 0.0000 0.0000 
0.0664 0.2193 0.4327 0.2816 
0.1794 0.0033 0.0008 0.8164 
0.2060 0.5822 0.0033 0.2085 
0.7076 0.0100 0.1429 0.1395 
0.0000 0.1445 0.0432 0.8123 
0.7982 0.1121 0.0731 0.0166 
0.1196 0.0565 0.6944 0.1296 
0.3771 0.3522 0.1337 0.1370 
0.2209 0.3032 0.2949 0.1811 
0.2442 0.2392 0.3140 0.2027 

MOTIF filter6 
letter-probability matrix: alength= 4 w= 12 nsites= 12 
0.2466 0.2286 0.2551 0.2697 
0.2344 0.2667 0.2816 0.2174 
0.2410 0.2999 0.2075 0.2515 
0.4485 0.0000 0.4385 0.1130 
0.0179 0.4798 0.5023 0.0000 
0.1280 0.0029 0.2875 0.5816 
0.5949 0.0091 0.0279 0.3681 
0.0001 0.3849 0.4068 0.2082 
0.0000 0.3890 0.0000 0.6110 
0.1628 0.2152 0.4960 0.1261 
0.1927 0.3717 0.4197 0.0160 
0.3027 0.2372 0.2710 0.1891 

MOTIF filter7 
letter-probability matrix: alength= 4 w= 15 nsites= 15 
0.2025 0.2061 0.3426 0.2488 
0.2422 0.2157 0.2694 0.2727 
0.0042 0.7386 0.1529 0.1042 
0.0582 0.7130 0.0496 0.1792 
0.6947 0.0003 0.2345 0.0705 
0.0131 0.3432 0.1502 0.4934 
0.7067 0.0000 0.0003 0.2930 
0.3650 0.0003 0.0000 0.6347 
0.5317 0.2960 0.1222 0.0502 
0.0409 0.2942 0.0003 0.6646 
0.1768 0.0000 0.7646 0.0585 
0.0355 0.0496 0.9062 0.0087 
0.2369 0.1780 0.2324 0.3527 
0.2049 0.3297 0.2324 0.2330 
0.4125 0.1117 0.1971 0.2787 

MOTIF filter8 
letter-probability matrix: alength= 4 w= 9 nsites= 9 
0.2762 0.2697 0.2413 0.2128 
0.2268 0.3199 0.1984 0.2549 
0.3350 0.3671 0.2979 0.0000 
0.0111 0.3675 0.0002 0.6211 
0.0185 0.5816 0.0086 0.3914 
0.6322 0.0012 0.0056 0.3610 
0.2252 0.0039 0.4119 0.3590 
0.3078 0.0000 0.4465 0.2457 
0.0153 0.2188 0.3497 0.4162 

MOTIF filter9 
letter-probability matrix: alength= 4 w= 14 nsites= 14 
0.2349 0.2139 0.3781 0.1731 
0.4077 0.1215 0.1477 0.3231 
0.2158 0.2660 0.4695 0.0487 
0.0749 0.2540 0.0016 0.6695 
0.1286 0.5342 0.0008 0.3365 
0.3433 0.0000 0.2014 0.4554 
0.5080 0.0013 0.4860 0.0047 
0.0060 0.7965 0.0657 0.1317 
0.4554 0.0330 0.0055 0.5062 
0.1286 0.2268 0.4247 0.2200 
0.6824 0.0351 0.0063 0.2763 
0.1490 0.3006 0.1388 0.4116 
0.2886 0.2563 0.0435 0.4116 
0.1558 0.4313 0.1493 0.2637 

MOTIF filter10 
letter-probability matrix: alength= 4 w= 18 nsites= 18 
0.1767 0.1732 0.4093 0.2408 
0.4745 0.3440 0.0522 0.1293 
0.0712 0.7580 0.0664 0.1044 
0.0534 0.6928 0.1673 0.0866 
0.5884 0.0391 0.2242 0.1483 
0.0000 0.0000 0.0024 0.9976 
0.4128 0.0000 0.5872 0.0000 
0.0190 0.2491 0.0024 0.7295 
0.8826 0.1115 0.0059 0.0000 
0.1851 0.0854 0.0237 0.7058 
0.0095 0.4187 0.5611 0.0107 
0.2942 0.0902 0.5623 0.0534 
0.0261 0.0676 0.4164 0.4899 
0.3642 0.4840 0.0439 0.1079 
0.5433 0.0676 0.0439 0.3452 
0.3191 0.1625 0.1507 0.3677 
0.3262 0.2657 0.2301 0.1779 
0.2977 0.2301 0.2325 0.2396 

MOTIF filter11 
letter-probability matrix: alength= 4 w= 13 nsites= 13 
0.1243 0.3058 0.3036 0.2663 
0.2716 0.3257 0.2806 0.1221 
0.4068 0.1358 0.3670 0.0904 
0.0047 0.3543 0.1563 0.4848 
0.0000 0.5115 0.4450 0.0435 
0.9378 0.0513 0.0000 0.0109 
0.3754 0.1420 0.1687 0.3139 
0.0084 0.0006 0.0037 0.9873 
0.0305 0.3959 0.5736 0.0000 
0.7452 0.0202 0.2122 0.0224 
0.0780 0.3135 0.1246 0.4838 
0.1094 0.2505 0.3390 0.3011 
0.2629 0.2467 0.3574 0.1330 

MOTIF filter12 
letter-probability matrix: alength= 4 w= 13 nsites= 13 
0.2535 0.1834 0.3145 0.2486 
0.3766 0.1626 0.2429 0.2178 
0.2817 0.2093 0.1353 0.3736 
0.1134 0.0586 0.1071 0.7208 
0.0100 0.7841 0.0571 0.1488 
0.5482 0.0012 0.4505 0.0001 
0.5856 0.1216 0.1698 0.1229 
0.0340 0.2368 0.0013 0.7278 
0.0677 0.7739 0.0673 0.0910 
0.5780 0.0012 0.3020 0.1188 
0.3280 0.1483 0.3912 0.1325 
0.3412 0.2220 0.1313 0.3054 
0.2851 0.1885 0.1816 0.3448 

MOTIF filter13 
letter-probability matrix: alength= 4 w= 9 nsites= 9 
0.2988 0.1079 0.3901 0.2031 
0.1562 0.0363 0.4421 0.3654 
0.2041 0.0845 0.5332 0.1782 
0.0195 0.6166 0.3614 0.0026 
0.2234 0.0052 0.0002 0.7712 
0.0663 0.5770 0.3545 0.0022 
0.3299 0.2486 0.2143 0.2073 
0.1985 0.2213 0.3344 0.2458 
0.2707 0.2628 0.2093 0.2572 

MOTIF filter14 
letter-probability matrix: alength= 4 w= 10 nsites= 10 
0.2356 0.2206 0.2276 0.3163 
0.0286 0.3952 0.3184 0.2578 
0.2477 0.4713 0.0000 0.2810 
0.0752 0.0002 0.8805 0.0441 
0.0575 0.5704 0.0000 0.3721 
0.4726 0.0000 0.0853 0.4420 
0.2870 0.0106 0.7008 0.0017 
0.3451 0.1612 0.2890 0.2048 
0.2950 0.2404 0.2101 0.2546 
0.3247 0.2776 0.1476 0.2502 

MOTIF filter15 
letter-probability matrix: alength= 4 w= 15 nsites= 15 
0.2499 0.2415 0.2461 0.2626 
0.1258 0.2229 0.3490 0.3024 
0.2897 0.3447 0.2293 0.1363 
0.1284 0.0037 0.2577 0.6102 
0.3705 0.0054 0.6111 0.0130 
0.3841 0.0000 0.2894 0.3265 
0.0985 0.2245 0.4014 0.2756 
0.3126 0.0000 0.0010 0.6864 
0.4458 0.3035 0.0046 0.2460 
0.3188 0.0008 0.0148 0.6656 
0.5175 0.1205 0.0178 0.3442 
0.4455 0.0060 0.4660 0.0825 
0.2938 0.2517 0.1848 0.2696 
0.2477 0.2103 0.2639 0.2781 
0.2288 0.2375 0.2491 0.2846 

MOTIF filter16 
letter-probability matrix: alength= 4 w= 15 nsites= 15 
0.2544 0.2469 0.2443 0.2544 
0.0925 0.0839 0.4346 0.3889 
0.2375 0.6815 0.0217 0.0592 
0.0086 0.2799 0.0000 0.7115 
0.7400 0.2293 0.0288 0.0019 
0.2660 0.0131 0.2563 0.4646 
0.3203 0.1353 0.1409 0.4035 
0.2237 0.1405 0.5294 0.1064 
0.2540 0.2046 0.0210 0.5204 
0.0978 0.1049 0.0011 0.7962 
0.7576 0.0034 0.1866 0.0525 
0.1210 0.0101 0.8381 0.0307 
0.2184 0.4110 0.2926 0.0779 
0.1810 0.2825 0.2458 0.2907 
0.2600 0.3346 0.1945 0.2109 

MOTIF filter17 
letter-probability matrix: alength= 4 w= 14 nsites= 14 
0.3244 0.2057 0.2027 0.2672 
0.3806 0.0679 0.3970 0.1545 
0.2589 0.0000 0.4368 0.3043 
0.2488 0.0067 0.6334 0.1110 
0.0472 0.0154 0.5930 0.3445 
0.0171 0.0428 0.8860 0.0542 
0.2458 0.4214 0.0368 0.2960 
0.0043 0.0134 0.5896 0.3926 
0.0251 0.0023 0.9612 0.0114 
0.3813 0.0000 0.6161 0.0027 
0.2043 0.1612 0.6114 0.0231 
0.2916 0.3816 0.1488 0.1779 
0.2555 0.2214 0.2532 0.2699 
0.2816 0.2405 0.2388 0.2391 

MOTIF filter18 
letter-probability matrix: alength= 4 w= 11 nsites= 11 
0.1973 0.3729 0.1872 0.2426 
0.2647 0.2316 0.2967 0.2071 
0.1829 0.0685 0.4087 0.3399 
0.0777 0.3653 0.5570 0.0000 
0.0015 0.4245 0.5160 0.0580 
0.4230 0.2743 0.3021 0.0006 
0.0000 0.1416 0.1867 0.6717 
0.0092 0.7365 0.2441 0.0101 
0.0000 0.3975 0.2426 0.3599 
0.4287 0.1848 0.0413 0.3453 
0.4490 0.2863 0.0695 0.1951 

MOTIF filter19 
letter-probability matrix: alength= 4 w= 15 nsites= 15 
0.2402 0.2619 0.2437 0.2543 
0.2635 0.2384 0.2290 0.2691 
0.2077 0.2315 0.1902 0.3706 
0.1022 0.0847 0.0642 0.7488 
0.0728 0.0729 0.1092 0.7450 
0.2277 0.5887 0.0674 0.1162 
0.1215 0.5621 0.0488 0.2676 
0.2501 0.2784 0.2340 0.2375 
0.3126 0.0293 0.5230 0.1351 
0.0587 0.0597 0.6277 0.2539 
0.7726 0.1028 0.0828 0.0418 
0.8867 0.0225 0.0312 0.0595 
0.3868 0.1821 0.2285 0.2026 
0.2587 0.2357 0.2212 0.2844 
0.2535 0.2476 0.2615 0.2374 

MOTIF filter20 
letter-probability matrix: alength= 4 w= 13 nsites= 13 
0.2518 0.3493 0.3279 0.0710 
0.3195 0.0459 0.3704 0.2642 
0.1580 0.4480 0.3337 0.0603 
0.0099 0.5480 0.3634 0.0787 
0.1450 0.2379 0.5530 0.0641 
0.1933 0.4244 0.3713 0.0111 
0.2501 0.0858 0.4114 0.2526 
0.3609 0.2024 0.0935 0.3432 
0.0513 0.0791 0.7865 0.0832 
0.0419 0.1062 0.8056 0.0463 
0.2463 0.2486 0.3192 0.1860 
0.1983 0.2731 0.2202 0.3084 
0.1851 0.2499 0.2210 0.3440 

MOTIF filter21 
letter-probability matrix: alength= 4 w= 14 nsites= 14 
0.1537 0.3479 0.2909 0.2075 
0.2754 0.2476 0.2809 0.1961 
0.1915 0.0976 0.5344 0.1765 
0.0716 0.7679 0.1414 0.0192 
0.3347 0.4934 0.0068 0.1651 
0.8682 0.0059 0.1113 0.0146 
0.6407 0.0055 0.0670 0.2868 
0.2358 0.0789 0.0146 0.6708 
0.0046 0.0196 0.0055 0.9704 
0.0812 0.0059 0.4601 0.4528 
0.0894 0.0830 0.7734 0.0543 
0.2025 0.4519 0.1204 0.2253 
0.1906 0.2522 0.2886 0.2686 
0.2184 0.2818 0.3497 0.1500 

MOTIF filter22 
letter-probability matrix: alength= 4 w= 12 nsites= 12 
0.4220 0.1400 0.2094 0.2286 
0.4309 0.0220 0.1666 0.3805 
0.4716 0.2565 0.2341 0.0378 
0.0002 0.0703 0.0000 0.9295 
0.2572 0.1771 0.5657 0.0000 
0.6618 0.2835 0.0002 0.0545 
0.0000 0.1927 0.6073 0.2000 
0.0055 0.1863 0.6526 0.1556 
0.7334 0.1137 0.1043 0.0485 
0.4062 0.2577 0.0824 0.2538 
0.2833 0.0957 0.1709 0.4501 
0.3272 0.2014 0.1112 0.3602 

MOTIF filter23 
letter-probability matrix: alength= 4 w= 16 nsites= 16 
0.2542 0.2215 0.2538 0.2704 
0.1522 0.4003 0.0913 0.3563 
0.1800 0.0398 0.0342 0.7460 
0.2862 0.0520 0.2313 0.4304 
0.2523 0.3541 0.1105 0.2831 
0.1887 0.0534 0.3011 0.4568 
0.3388 0.5807 0.0470 0.0335 
0.7067 0.0069 0.0000 0.2864 
0.0405 0.0714 0.3785 0.5097 
0.6954 0.0999 0.0168 0.1880 
0.3168 0.0864 0.4394 0.1575 
0.3410 0.3054 0.0030 0.3505 
0.4755 0.1116 0.0142 0.3988 
0.2604 0.1256 0.3086 0.3054 
0.3414 0.1151 0.2143 0.3292 
0.2616 0.2322 0.2195 0.2868 

MOTIF filter24 
letter-probability matrix: alength= 4 w= 13 nsites= 13 
0.3036 0.3683 0.2503 0.0778 
0.2387 0.4975 0.2384 0.0253 
0.2345 0.0463 0.2728 0.4464 
0.0012 0.3671 0.5248 0.1069 
0.5091 0.4873 0.0011 0.0026 
0.0041 0.1923 0.7310 0.0727 
0.0668 0.0170 0.5343 0.3818 
0.3401 0.2449 0.0648 0.3502 
0.4987 0.0175 0.4204 0.0633 
0.0100 0.1451 0.8248 0.0202 
0.1777 0.2316 0.1650 0.4257 
0.2063 0.2588 0.3683 0.1666 
0.3251 0.2417 0.2531 0.1801 

MOTIF filter25 
letter-probability matrix: alength= 4 w= 14 nsites= 14 
0.3178 0.4482 0.0572 0.1768 
0.3206 0.0894 0.1526 0.4374 
0.2964 0.0707 0.2551 0.3778 
0.5765 0.0000 0.1371 0.2865 
0.9170 0.0068 0.0068 0.0695 
0.7414 0.0401 0.1510 0.0675 
0.9082 0.0024 0.0795 0.0099 
0.0866 0.0064 0.3214 0.5856 
0.5113 0.0580 0.4299 0.0008 
0.0914 0.1478 0.7183 0.0425 
0.3111 0.5725 0.0131 0.1033 
0.2145 0.2618 0.2964 0.2273 
0.1887 0.1438 0.4700 0.1975 
0.2241 0.4823 0.1061 0.1875 

MOTIF filter26 
letter-probability matrix: alength= 4 w= 15 nsites= 15 
0.2491 0.3059 0.2012 0.2438 
0.2409 0.3062 0.1546 0.2983 
0.1004 0.4135 0.2724 0.2137 
0.0056 0.5937 0.0512 0.3495 
0.0102 0.6347 0.0473 0.3078 
0.1490 0.8310 0.0036 0.0164 
0.0138 0.8159 0.0752 0.0952 
0.1113 0.2603 0.3544 0.2740 
0.0026 0.8402 0.1204 0.0368 
0.0633 0.8713 0.0151 0.0502 
0.0213 0.6380 0.0354 0.3052 
0.1451 0.6160 0.0335 0.2054 
0.1021 0.5245 0.1093 0.2642 
0.2215 0.2918 0.2475 0.2393 
0.2429 0.2665 0.2524 0.2383 

MOTIF filter27 
letter-probability matrix: alength= 4 w= 14 nsites= 14 
0.2415 0.1876 0.2548 0.3161 
0.3298 0.1093 0.3907 0.1702 
0.5270 0.0663 0.1848 0.2219 
0.0050 0.5119 0.0814 0.4016 
0.0000 0.0791 0.1354 0.7855 
0.3193 0.2594 0.3811 0.0403 
0.5206 0.2425 0.2370 0.0000 
0.0000 0.0091 0.0288 0.9620 
0.0233 0.6349 0.1185 0.2232 
0.7667 0.0156 0.2173 0.0005 
0.0805 0.1363 0.7447 0.0384 
0.2191 0.2891 0.0567 0.4350 
0.1679 0.2905 0.1011 0.4405 
0.2191 0.3289 0.1167 0.3353 

MOTIF filter28 
letter-probability matrix: alength= 4 w= 10 nsites= 10 
0.1879 0.3680 0.1041 0.3399 
0.0966 0.1336 0.3282 0.4415 
0.0938 0.0581 0.4540 0.3941 
0.7426 0.0000 0.2296 0.0278 
0.9858 0.0130 0.0011 0.0002 
0.4751 0.0990 0.2021 0.2238 
0.0062 0.0272 0.0000 0.9666 
0.0130 0.3118 0.3385 0.3367 
0.3986 0.3443 0.0000 0.2571 
0.1834 0.3395 0.2496 0.2276 

MOTIF filter29 
letter-probability matrix: alength= 4 w= 12 nsites= 12 
0.1709 0.3756 0.2318 0.2217 
0.4472 0.1560 0.1549 0.2419 
0.0660 0.2656 0.1150 0.5534 
0.1372 0.7175 0.0011 0.1443 
0.2213 0.0022 0.5067 0.2697 
0.9399 0.0009 0.0059 0.0533 
0.0631 0.0929 0.0453 0.7987 
0.1925 0.4252 0.2667 0.1155 
0.2141 0.0285 0.7234 0.0340 
0.2219 0.2346 0.3427 0.2008 
0.2540 0.2858 0.2238 0.2364 
0.2808 0.2556 0.1561 0.3075 

MOTIF filter30 
letter-probability matrix: alength= 4 w= 13 nsites= 13 
0.2566 0.2506 0.2485 0.2443 
0.4054 0.1998 0.3318 0.0630 
0.0598 0.0411 0.0586 0.8405 
0.0256 0.0299 0.2041 0.7404 
0.3170 0.0294 0.4794 0.1742 
0.0874 0.6370 0.0693 0.2062 
0.2101 0.0630 0.6500 0.0769 
0.1840 0.5094 0.0221 0.2845 
0.7279 0.2007 0.0308 0.0406 
0.8449 0.0616 0.0444 0.0491 
0.0744 0.3175 0.2082 0.3999 
0.2324 0.2631 0.2693 0.2352 
0.2428 0.2405 0.2529 0.2638 

MOTIF filter31 
letter-probability matrix: alength= 4 w= 9 nsites= 9 
0.2345 0.3062 0.1962 0.2631 
0.3219 0.1897 0.2168 0.2716 
0.3805 0.1493 0.1210 0.3492 
0.0077 0.1820 0.8079 0.0024 
0.4856 0.0065 0.0128 0.4951 
0.0045 0.3033 0.6847 0.0074 
0.5236 0.1760 0.0087 0.2917 
0.1370 0.6184 0.1364 0.1081 
0.3522 0.0655 0.1209 0.4614 

