MEME version 4

ALPHABET= ACGT

Background letter frequencies:
A 0.2500 C 0.2500 G 0.2500 T 0.2500 

MOTIF filter0 
letter-probability matrix: alength= 4 w= 11 nsites= 11 
0.2759 0.1908 0.2600 0.2734 
0.0677 0.2545 0.4884 0.1894 
0.0357 0.3059 0.2413 0.4170 
0.0000 0.7399 0.1434 0.1167 
0.3294 0.5017 0.0420 0.1269 
0.0807 0.8342 0.0543 0.0308 
0.0419 0.0069 0.4107 0.5405 
0.2144 0.2544 0.5312 0.0000 
0.2225 0.3458 0.4262 0.0054 
0.0876 0.4368 0.3520 0.1237 
0.1901 0.4326 0.0800 0.2973 

MOTIF filter1 
letter-probability matrix: alength= 4 w= 11 nsites= 11 
0.3233 0.2310 0.2442 0.2015 
0.2861 0.1494 0.1781 0.3864 
0.3386 0.3145 0.1225 0.2245 
0.5096 0.0000 0.3653 0.1251 
0.0048 0.9952 0.0000 0.0000 
0.1340 0.0000 0.0751 0.7909 
0.0002 0.0189 0.7365 0.2443 
0.0502 0.3614 0.0000 0.5885 
0.2888 0.2604 0.1789 0.2719 
0.2780 0.2837 0.2162 0.2221 
0.2350 0.2523 0.2371 0.2755 

MOTIF filter2 
letter-probability matrix: alength= 4 w= 13 nsites= 13 
0.2249 0.2953 0.2208 0.2591 
0.2821 0.2701 0.1988 0.2490 
0.4553 0.3279 0.1279 0.0889 
0.2007 0.1787 0.0013 0.6194 
0.4164 0.1730 0.2051 0.2055 
0.7502 0.1166 0.0119 0.1214 
0.1979 0.0523 0.1611 0.5886 
0.3047 0.1827 0.3168 0.1959 
0.3373 0.0230 0.1364 0.5032 
0.0195 0.6257 0.1327 0.2222 
0.5867 0.0665 0.2789 0.0678 
0.0341 0.0092 0.8824 0.0743 
0.0107 0.9048 0.0333 0.0513 

MOTIF filter3 
letter-probability matrix: alength= 4 w= 14 nsites= 14 
0.2508 0.2893 0.2486 0.2112 
0.2794 0.2156 0.2497 0.2552 
0.1991 0.4323 0.2288 0.1397 
0.7041 0.0924 0.1496 0.0539 
0.6062 0.1331 0.1991 0.0616 
0.3817 0.0968 0.3828 0.1386 
0.4983 0.3135 0.1881 0.0000 
0.0462 0.5193 0.0000 0.4345 
0.0011 0.0011 0.9978 0.0000 
0.0000 0.0000 1.0000 0.0000 
0.6271 0.3608 0.0022 0.0099 
0.6557 0.0726 0.1529 0.1188 
0.0506 0.0517 0.8867 0.0110 
0.0671 0.4961 0.0198 0.4169 

MOTIF filter4 
letter-probability matrix: alength= 4 w= 16 nsites= 16 
0.2057 0.1741 0.1753 0.4449 
0.2125 0.1499 0.4585 0.1791 
0.2187 0.2255 0.2708 0.2850 
0.0124 0.9287 0.0390 0.0198 
0.0000 0.5136 0.0186 0.4678 
0.9703 0.0099 0.0198 0.0000 
0.0019 0.0520 0.4213 0.5248 
0.7553 0.0217 0.0434 0.1797 
0.1382 0.0037 0.0025 0.8556 
0.5465 0.2714 0.1629 0.0192 
0.0266 0.1691 0.0589 0.7454 
0.3501 0.0570 0.5768 0.0161 
0.0378 0.0917 0.7993 0.0713 
0.2261 0.2509 0.2348 0.2881 
0.1766 0.4765 0.1648 0.1822 
0.4647 0.1617 0.1326 0.2410 

MOTIF filter5 
letter-probability matrix: alength= 4 w= 13 nsites= 13 
0.2118 0.2731 0.3480 0.1670 
0.1503 0.5892 0.1846 0.0759 
0.3800 0.2906 0.2812 0.0482 
0.3080 0.6248 0.0656 0.0017 
0.1687 0.7526 0.0759 0.0029 
0.8907 0.0012 0.0952 0.0129 
0.0110 0.3619 0.0000 0.6271 
0.0045 0.4370 0.4831 0.0754 
0.0007 0.2968 0.1541 0.5484 
0.0649 0.6302 0.0439 0.2610 
0.0608 0.3542 0.3144 0.2705 
0.1889 0.2817 0.3010 0.2283 
0.2622 0.3917 0.1825 0.1636 

MOTIF filter6 
letter-probability matrix: alength= 4 w= 15 nsites= 15 
0.2184 0.2286 0.2306 0.3224 
0.1714 0.2439 0.3520 0.2327 
0.0357 0.4449 0.2296 0.2898 
0.0847 0.6633 0.1663 0.0857 
0.6276 0.0194 0.3031 0.0500 
0.0000 0.8980 0.0469 0.0551 
0.3898 0.0010 0.0276 0.5816 
0.2296 0.0031 0.0000 0.7673 
0.0541 0.4245 0.5041 0.0173 
0.0786 0.7755 0.0306 0.1153 
0.0184 0.0010 0.9092 0.0714 
0.0031 0.1755 0.7582 0.0633 
0.4051 0.1561 0.0959 0.3429 
0.1816 0.2071 0.2633 0.3480 
0.0929 0.1857 0.3663 0.3551 

MOTIF filter7 
letter-probability matrix: alength= 4 w= 12 nsites= 12 
0.3083 0.1735 0.2278 0.2905 
0.2871 0.1459 0.2596 0.3073 
0.1457 0.4421 0.1262 0.2860 
0.0040 0.9960 0.0000 0.0000 
0.7596 0.2404 0.0000 0.0000 
0.0382 0.5831 0.0000 0.3787 
0.0567 0.2724 0.4608 0.2100 
0.0422 0.0356 0.0000 0.9222 
0.0000 0.0000 0.7425 0.2575 
0.3339 0.2833 0.2152 0.1675 
0.2402 0.2703 0.0726 0.4169 
0.2226 0.2496 0.2084 0.3194 

MOTIF filter8 
letter-probability matrix: alength= 4 w= 10 nsites= 10 
0.4460 0.1139 0.3151 0.1251 
0.1157 0.1417 0.5698 0.1728 
0.1490 0.0855 0.5854 0.1801 
0.0029 0.1355 0.8606 0.0011 
0.3317 0.2853 0.0010 0.3820 
0.1744 0.8050 0.0015 0.0191 
0.2330 0.1894 0.0000 0.5776 
0.2499 0.1139 0.2734 0.3628 
0.2793 0.3096 0.2029 0.2082 
0.1895 0.2979 0.2010 0.3116 

MOTIF filter9 
letter-probability matrix: alength= 4 w= 17 nsites= 17 
0.2664 0.2487 0.2570 0.2279 
0.2758 0.2601 0.2383 0.2258 
0.1124 0.1249 0.3725 0.3902 
0.0905 0.7253 0.0094 0.1748 
0.0156 0.0042 0.0010 0.9792 
0.6639 0.0187 0.2830 0.0343 
0.3694 0.1550 0.0104 0.4651 
0.2081 0.5036 0.0281 0.2601 
0.2092 0.6472 0.0198 0.1238 
0.5775 0.1665 0.0010 0.2549 
0.0000 0.0219 0.0333 0.9448 
0.9750 0.0094 0.0156 0.0000 
0.0718 0.0062 0.5682 0.3538 
0.5775 0.3195 0.0479 0.0552 
0.1707 0.1759 0.2081 0.4454 
0.1644 0.1904 0.5036 0.1415 
0.1301 0.1863 0.5276 0.1561 

MOTIF filter10 
letter-probability matrix: alength= 4 w= 9 nsites= 9 
0.2498 0.2347 0.2830 0.2324 
0.2256 0.1793 0.5416 0.0535 
0.0181 0.3514 0.2412 0.3893 
0.4656 0.0000 0.3433 0.1911 
0.0839 0.9146 0.0000 0.0015 
0.0712 0.0000 0.8607 0.0681 
0.1007 0.2253 0.3449 0.3291 
0.1614 0.1885 0.3956 0.2545 
0.2603 0.2629 0.1823 0.2944 

MOTIF filter11 
letter-probability matrix: alength= 4 w= 12 nsites= 12 
0.1291 0.6443 0.1099 0.1167 
0.3438 0.3666 0.1438 0.1458 
0.3673 0.0003 0.1884 0.4441 
0.4590 0.4668 0.0742 0.0000 
0.0825 0.2954 0.1929 0.4291 
0.6152 0.3782 0.0005 0.0061 
0.0797 0.0084 0.0111 0.9008 
0.0005 0.0884 0.8785 0.0327 
0.0529 0.0023 0.7575 0.1873 
0.0306 0.3304 0.1397 0.4992 
0.1220 0.2792 0.4342 0.1646 
0.4258 0.1278 0.2195 0.2268 

MOTIF filter12 
letter-probability matrix: alength= 4 w= 12 nsites= 12 
0.1601 0.3204 0.2533 0.2663 
0.3254 0.1913 0.3706 0.1127 
0.4511 0.0291 0.2969 0.2229 
0.0176 0.5415 0.3526 0.0882 
0.1777 0.6198 0.2000 0.0025 
0.7226 0.0037 0.0585 0.2152 
0.8598 0.0019 0.0954 0.0430 
0.0071 0.0471 0.8954 0.0505 
0.1616 0.2573 0.5805 0.0006 
0.1241 0.5149 0.0214 0.3396 
0.1347 0.4158 0.1774 0.2721 
0.2257 0.2303 0.4353 0.1087 

MOTIF filter13 
letter-probability matrix: alength= 4 w= 14 nsites= 14 
0.1475 0.3641 0.2726 0.2158 
0.1551 0.4177 0.2152 0.2120 
0.2903 0.0945 0.5131 0.1021 
0.0889 0.0094 0.6235 0.2782 
0.2685 0.0383 0.6556 0.0377 
0.0100 0.0041 0.8001 0.1858 
0.2655 0.3665 0.3291 0.0389 
0.4840 0.4198 0.0050 0.0913 
0.0654 0.3686 0.5411 0.0250 
0.0615 0.0330 0.8928 0.0127 
0.1969 0.0153 0.5864 0.2014 
0.2014 0.2237 0.5711 0.0038 
0.3338 0.4913 0.0845 0.0904 
0.2876 0.2008 0.2641 0.2476 

MOTIF filter14 
letter-probability matrix: alength= 4 w= 14 nsites= 14 
0.1578 0.2679 0.3801 0.1942 
0.3060 0.4192 0.1108 0.1640 
0.1400 0.6340 0.1125 0.1136 
0.2535 0.5647 0.1695 0.0123 
0.5787 0.0590 0.0837 0.2786 
0.0096 0.4803 0.0899 0.4202 
0.9866 0.0000 0.0123 0.0010 
0.0000 0.4806 0.0003 0.5190 
0.3310 0.0120 0.5527 0.1043 
0.0148 0.0007 0.2370 0.7475 
0.0151 0.0504 0.7894 0.1451 
0.0576 0.2384 0.5424 0.1616 
0.1005 0.2295 0.2655 0.4045 
0.3036 0.5039 0.0813 0.1111 

MOTIF filter15 
letter-probability matrix: alength= 4 w= 13 nsites= 13 
0.2539 0.2877 0.2150 0.2434 
0.1185 0.1959 0.0785 0.6071 
0.1116 0.3518 0.4717 0.0648 
0.1415 0.7335 0.0720 0.0529 
0.1739 0.2233 0.1206 0.4822 
0.0879 0.1509 0.5607 0.2006 
0.6399 0.1592 0.1718 0.0292 
0.0609 0.2463 0.0828 0.6100 
0.3752 0.5657 0.0148 0.0443 
0.5862 0.1037 0.0864 0.2236 
0.0825 0.0284 0.7533 0.1358 
0.1329 0.5906 0.2056 0.0709 
0.8812 0.0223 0.0407 0.0558 

MOTIF filter16 
letter-probability matrix: alength= 4 w= 13 nsites= 13 
0.3050 0.1875 0.1723 0.3352 
0.1816 0.1016 0.5020 0.2148 
0.1781 0.5289 0.1896 0.1034 
0.1902 0.5590 0.2499 0.0009 
0.0008 0.7026 0.2901 0.0065 
0.2050 0.0301 0.6116 0.1533 
0.0321 0.3370 0.0140 0.6169 
0.3979 0.0008 0.6012 0.0002 
0.0360 0.1399 0.4381 0.3860 
0.4675 0.0241 0.4570 0.0514 
0.2011 0.0968 0.2855 0.4167 
0.1299 0.3023 0.5072 0.0606 
0.1352 0.0803 0.5995 0.1849 

MOTIF filter17 
letter-probability matrix: alength= 4 w= 13 nsites= 13 
0.3951 0.2046 0.1611 0.2391 
0.2704 0.2369 0.1702 0.3226 
0.1937 0.1231 0.2333 0.4499 
0.0635 0.0889 0.7934 0.0541 
0.0506 0.7048 0.2365 0.0081 
0.0648 0.0393 0.6648 0.2311 
0.0300 0.1163 0.6126 0.2411 
0.3648 0.5498 0.0255 0.0599 
0.1328 0.1102 0.7212 0.0358 
0.0168 0.0103 0.8463 0.1267 
0.3832 0.1850 0.2958 0.1360 
0.4541 0.0886 0.2946 0.1627 
0.1537 0.1460 0.5775 0.1228 

MOTIF filter18 
letter-probability matrix: alength= 4 w= 14 nsites= 14 
0.1715 0.0978 0.4695 0.2611 
0.1633 0.4544 0.1830 0.1992 
0.2496 0.2463 0.3477 0.1564 
0.2030 0.0133 0.7113 0.0723 
0.0213 0.8635 0.0475 0.0677 
0.0914 0.6339 0.0430 0.2316 
0.8087 0.0000 0.1136 0.0777 
0.1096 0.0002 0.0197 0.8704 
0.1555 0.3827 0.1187 0.3430 
0.0118 0.2352 0.0473 0.7058 
0.1955 0.1782 0.0018 0.6246 
0.1948 0.1737 0.3364 0.2951 
0.3029 0.2026 0.3082 0.1864 
0.1811 0.1784 0.3694 0.2711 

MOTIF filter19 
letter-probability matrix: alength= 4 w= 11 nsites= 11 
0.1708 0.2996 0.3297 0.1999 
0.2540 0.5349 0.1405 0.0706 
0.2009 0.5150 0.1895 0.0946 
0.0195 0.8416 0.0565 0.0824 
0.1301 0.0674 0.3890 0.4135 
0.0352 0.1344 0.0005 0.8299 
0.1012 0.7456 0.1531 0.0001 
0.0011 0.8229 0.0806 0.0953 
0.2988 0.1809 0.3744 0.1459 
0.2425 0.2828 0.2065 0.2681 
0.2656 0.3032 0.2407 0.1905 

MOTIF filter20 
letter-probability matrix: alength= 4 w= 13 nsites= 13 
0.2490 0.3795 0.2118 0.1597 
0.0989 0.4100 0.2965 0.1946 
0.0003 0.4133 0.1826 0.4037 
0.0000 0.5581 0.0000 0.4419 
0.0030 0.9957 0.0007 0.0007 
0.1736 0.7905 0.0359 0.0000 
0.0252 0.0641 0.3672 0.5435 
0.0010 0.6039 0.1826 0.2125 
0.0120 0.6172 0.0176 0.3533 
0.0063 0.4223 0.0259 0.5455 
0.1770 0.4731 0.1195 0.2304 
0.1783 0.4545 0.1149 0.2523 
0.2560 0.2241 0.2457 0.2742 

MOTIF filter21 
letter-probability matrix: alength= 4 w= 12 nsites= 12 
0.1636 0.3307 0.2348 0.2709 
0.1064 0.5686 0.1457 0.1793 
0.4616 0.2393 0.0886 0.2104 
0.0295 0.8857 0.0797 0.0051 
0.0001 0.7523 0.1524 0.0952 
0.5195 0.0189 0.1146 0.3470 
0.2004 0.5301 0.2672 0.0022 
0.0191 0.2517 0.5376 0.1916 
0.0479 0.2209 0.0515 0.6797 
0.1811 0.4472 0.3667 0.0050 
0.2045 0.3768 0.2012 0.2174 
0.2243 0.2928 0.0956 0.3873 

MOTIF filter22 
letter-probability matrix: alength= 4 w= 12 nsites= 12 
0.1951 0.2876 0.3334 0.1838 
0.1275 0.2938 0.2816 0.2971 
0.2278 0.3406 0.2556 0.1759 
0.0011 0.8657 0.1326 0.0006 
0.1918 0.0876 0.5835 0.1371 
0.2241 0.0216 0.3576 0.3968 
0.1801 0.4790 0.0034 0.3375 
0.3274 0.3097 0.0000 0.3630 
0.0000 0.9314 0.0686 0.0000 
0.2295 0.3435 0.0660 0.3609 
0.3515 0.3219 0.3030 0.0236 
0.2554 0.2840 0.2072 0.2534 

MOTIF filter23 
letter-probability matrix: alength= 4 w= 14 nsites= 14 
0.2567 0.2389 0.2560 0.2483 
0.2698 0.2628 0.2238 0.2436 
0.3891 0.1986 0.3378 0.0745 
0.0579 0.0648 0.0662 0.8110 
0.0343 0.0311 0.2052 0.7294 
0.3165 0.0265 0.4710 0.1860 
0.1027 0.6076 0.0758 0.2139 
0.2339 0.0828 0.5847 0.0986 
0.1980 0.4778 0.0196 0.3046 
0.7313 0.1867 0.0339 0.0481 
0.8728 0.0503 0.0481 0.0288 
0.0853 0.3177 0.1949 0.4020 
0.2484 0.2593 0.2402 0.2520 
0.2475 0.2416 0.2508 0.2601 

MOTIF filter24 
letter-probability matrix: alength= 4 w= 11 nsites= 11 
0.3322 0.0889 0.2594 0.3196 
0.2554 0.2773 0.2335 0.2337 
0.2405 0.4712 0.1374 0.1509 
0.3300 0.0300 0.5596 0.0803 
0.0100 0.6917 0.2651 0.0332 
0.2939 0.0933 0.6125 0.0003 
0.3615 0.0004 0.0018 0.6364 
0.0030 0.2158 0.6185 0.1626 
0.2702 0.1294 0.3401 0.2604 
0.4135 0.1015 0.0927 0.3923 
0.2029 0.1387 0.4009 0.2575 

MOTIF filter25 
letter-probability matrix: alength= 4 w= 12 nsites= 12 
0.2430 0.2207 0.2289 0.3074 
0.2292 0.1908 0.3584 0.2216 
0.3240 0.3203 0.2637 0.0920 
0.0813 0.0577 0.0320 0.8290 
0.1042 0.0532 0.6954 0.1472 
0.8291 0.0449 0.0393 0.0866 
0.1018 0.4156 0.3864 0.0962 
0.0617 0.0776 0.0444 0.8163 
0.1136 0.7449 0.0444 0.0971 
0.8125 0.0413 0.0574 0.0889 
0.0849 0.2834 0.3047 0.3270 
0.2091 0.3523 0.2026 0.2360 

MOTIF filter26 
letter-probability matrix: alength= 4 w= 14 nsites= 14 
0.2465 0.2547 0.2430 0.2558 
0.2840 0.2179 0.2361 0.2620 
0.1773 0.2456 0.1633 0.4138 
0.0371 0.0501 0.0284 0.8844 
0.0324 0.0890 0.0515 0.8272 
0.1890 0.6694 0.0404 0.1012 
0.0484 0.6144 0.0406 0.2966 
0.2370 0.2467 0.2935 0.2228 
0.2793 0.0171 0.6541 0.0495 
0.0899 0.0315 0.7005 0.1782 
0.8136 0.0635 0.0792 0.0437 
0.9155 0.0217 0.0213 0.0415 
0.4147 0.1602 0.2447 0.1804 
0.2416 0.2296 0.2372 0.2915 

MOTIF filter27 
letter-probability matrix: alength= 4 w= 12 nsites= 12 
0.2113 0.2624 0.2677 0.2586 
0.2438 0.1912 0.2991 0.2658 
0.3129 0.1097 0.3528 0.2246 
0.0000 0.2430 0.7570 0.0000 
0.2685 0.4865 0.0004 0.2447 
0.3017 0.4231 0.0000 0.2752 
0.3109 0.0000 0.3223 0.3668 
0.3735 0.0000 0.3285 0.2980 
0.0006 0.4875 0.0002 0.5117 
0.2459 0.2269 0.2428 0.2843 
0.2453 0.2470 0.2322 0.2755 
0.2454 0.2451 0.2661 0.2433 

MOTIF filter28 
letter-probability matrix: alength= 4 w= 13 nsites= 13 
0.2754 0.2295 0.3044 0.1906 
0.2976 0.2024 0.2901 0.2098 
0.0527 0.6094 0.1614 0.1765 
0.0392 0.5102 0.0672 0.3834 
0.3811 0.1931 0.3211 0.1047 
0.8116 0.0199 0.0685 0.1000 
0.0090 0.0250 0.0048 0.9612 
0.0373 0.3040 0.1051 0.5535 
0.4733 0.0131 0.4948 0.0188 
0.2342 0.1018 0.6248 0.0393 
0.2134 0.2658 0.1486 0.3723 
0.1881 0.3040 0.2319 0.2760 
0.2643 0.3006 0.2248 0.2103 

MOTIF filter29 
letter-probability matrix: alength= 4 w= 14 nsites= 14 
0.3539 0.1316 0.0821 0.4324 
0.2616 0.1683 0.2495 0.3206 
0.2390 0.0284 0.1542 0.5783 
0.0017 0.0976 0.8943 0.0063 
0.0777 0.8193 0.0809 0.0221 
0.5200 0.0559 0.0513 0.3728 
0.1010 0.4399 0.4309 0.0282 
0.4231 0.1491 0.3583 0.0695 
0.1095 0.2371 0.1380 0.5154 
0.1892 0.1518 0.4379 0.2210 
0.0255 0.0590 0.5220 0.3935 
0.0717 0.2142 0.2599 0.4542 
0.2971 0.0287 0.3711 0.3031 
0.0894 0.1688 0.3886 0.3532 

MOTIF filter30 
letter-probability matrix: alength= 4 w= 12 nsites= 12 
0.2381 0.3747 0.2526 0.1346 
0.2241 0.3450 0.2761 0.1547 
0.4163 0.1444 0.1420 0.2974 
0.1178 0.0195 0.2886 0.5741 
0.0935 0.4718 0.0415 0.3931 
0.2127 0.0000 0.4212 0.3662 
0.9793 0.0037 0.0001 0.0169 
0.5250 0.1241 0.0000 0.3509 
0.0365 0.0334 0.3635 0.5666 
0.0988 0.1412 0.5197 0.2402 
0.1609 0.3002 0.2735 0.2654 
0.2171 0.3556 0.1665 0.2607 

MOTIF filter31 
letter-probability matrix: alength= 4 w= 9 nsites= 9 
0.1920 0.3222 0.3269 0.1589 
0.2713 0.3269 0.0571 0.3447 
0.4159 0.0034 0.1808 0.3999 
0.0176 0.9656 0.0014 0.0154 
0.1587 0.5494 0.0016 0.2903 
0.0040 0.0020 0.9655 0.0285 
0.2879 0.2981 0.1980 0.2160 
0.3132 0.2699 0.2555 0.1614 
0.3192 0.2486 0.2496 0.1826 

