MEME version 4

ALPHABET= ACGT

Background letter frequencies:
A 0.2500 C 0.2500 G 0.2500 T 0.2500 

MOTIF filter0 
letter-probability matrix: alength= 4 w= 12 nsites= 12 
0.5564 0.1173 0.2610 0.0653 
0.2416 0.5705 0.1102 0.0776 
0.2407 0.1305 0.2399 0.3889 
0.1243 0.0203 0.0538 0.8016 
0.0106 0.8166 0.1728 0.0000 
0.1111 0.8889 0.0000 0.0000 
0.0000 0.0000 0.9392 0.0608 
0.0000 0.2381 0.7469 0.0150 
0.7584 0.0891 0.0256 0.1270 
0.4744 0.1808 0.1058 0.2390 
0.0661 0.1102 0.6005 0.2231 
0.0873 0.2901 0.0838 0.5388 

MOTIF filter1 
letter-probability matrix: alength= 4 w= 11 nsites= 11 
0.2464 0.3068 0.1568 0.2900 
0.4711 0.1567 0.3308 0.0414 
0.1432 0.1641 0.1264 0.5662 
0.0012 0.1627 0.8361 0.0000 
0.3069 0.2597 0.0795 0.3538 
0.4067 0.0042 0.2089 0.3801 
0.0000 0.9401 0.0599 0.0000 
0.7256 0.0000 0.2288 0.0456 
0.0302 0.4757 0.1056 0.3885 
0.2627 0.3069 0.2180 0.2124 
0.3076 0.2583 0.1638 0.2704 

MOTIF filter2 
letter-probability matrix: alength= 4 w= 14 nsites= 14 
0.2655 0.2585 0.2454 0.2306 
0.3075 0.2031 0.2526 0.2368 
0.1448 0.2755 0.1861 0.3936 
0.0599 0.0156 0.0315 0.8930 
0.0540 0.0510 0.0989 0.7961 
0.1877 0.7287 0.0549 0.0287 
0.0443 0.6607 0.0309 0.2641 
0.1911 0.2671 0.3568 0.1850 
0.2755 0.0281 0.6382 0.0582 
0.0521 0.0471 0.6978 0.2031 
0.8348 0.0841 0.0468 0.0343 
0.9507 0.0184 0.0047 0.0262 
0.4217 0.1691 0.2479 0.1613 
0.2267 0.2641 0.2187 0.2905 

MOTIF filter3 
letter-probability matrix: alength= 4 w= 15 nsites= 15 
0.2928 0.2298 0.2763 0.2011 
0.3020 0.1986 0.2415 0.2579 
0.2782 0.1819 0.2485 0.2914 
0.0946 0.0636 0.1140 0.7278 
0.0673 0.1614 0.7057 0.0656 
0.6599 0.0436 0.0853 0.2112 
0.0031 0.3045 0.6923 0.0002 
0.0968 0.4716 0.1132 0.3184 
0.1338 0.2306 0.0000 0.6356 
0.5092 0.0005 0.1607 0.3296 
0.2711 0.0728 0.3492 0.3069 
0.0300 0.4243 0.5330 0.0127 
0.2346 0.1399 0.2349 0.3906 
0.1045 0.4997 0.2516 0.1442 
0.4845 0.1697 0.1459 0.1998 

MOTIF filter4 
letter-probability matrix: alength= 4 w= 10 nsites= 10 
0.1161 0.4304 0.3356 0.1179 
0.2877 0.0022 0.4534 0.2566 
0.3450 0.2431 0.4062 0.0058 
0.8155 0.0249 0.1066 0.0530 
0.0281 0.4882 0.3741 0.1097 
0.0898 0.2581 0.0089 0.6432 
0.0156 0.6347 0.1897 0.1600 
0.2929 0.3333 0.0012 0.3726 
0.1618 0.3671 0.2808 0.1903 
0.3429 0.2678 0.1649 0.2243 

MOTIF filter5 
letter-probability matrix: alength= 4 w= 15 nsites= 15 
0.2629 0.2637 0.2435 0.2298 
0.2242 0.1806 0.3863 0.2089 
0.1774 0.3911 0.2339 0.1976 
0.0992 0.6863 0.1500 0.0645 
0.9250 0.0032 0.0153 0.0565 
0.5492 0.0516 0.1379 0.2613 
0.3242 0.2355 0.3645 0.0758 
0.5403 0.0097 0.0024 0.4476 
0.0000 0.0008 0.0000 0.9992 
0.0000 0.0097 0.9806 0.0097 
0.0185 0.0387 0.8935 0.0492 
0.1202 0.6565 0.0153 0.2081 
0.1427 0.2339 0.3234 0.3000 
0.1645 0.1653 0.5452 0.1250 
0.2218 0.4960 0.1016 0.1806 

MOTIF filter6 
letter-probability matrix: alength= 4 w= 15 nsites= 15 
0.3649 0.2558 0.1437 0.2357 
0.3649 0.1827 0.1905 0.2619 
0.2878 0.1708 0.1507 0.3907 
0.1178 0.1025 0.1226 0.6570 
0.0101 0.0832 0.1187 0.7880 
0.0276 0.4350 0.3167 0.2208 
0.0153 0.9711 0.0009 0.0127 
0.2646 0.2720 0.1205 0.3430 
0.0543 0.0053 0.9198 0.0206 
0.0999 0.1770 0.7223 0.0009 
0.7438 0.0775 0.1520 0.0267 
0.8629 0.0359 0.0127 0.0885 
0.5120 0.0933 0.1770 0.2177 
0.3710 0.1205 0.1178 0.3907 
0.2584 0.1524 0.3176 0.2716 

MOTIF filter7 
letter-probability matrix: alength= 4 w= 16 nsites= 16 
0.1786 0.2478 0.1384 0.4353 
0.1616 0.1928 0.4865 0.1590 
0.2002 0.1606 0.3835 0.2557 
0.0000 0.9915 0.0000 0.0085 
0.0000 0.6461 0.0000 0.3539 
0.9947 0.0016 0.0005 0.0032 
0.2277 0.0000 0.0005 0.7718 
0.5188 0.0882 0.0998 0.2932 
0.1786 0.0586 0.0935 0.6693 
0.6767 0.0000 0.0032 0.3201 
0.0412 0.0095 0.1252 0.8241 
0.4823 0.0291 0.4760 0.0127 
0.0713 0.0211 0.8632 0.0444 
0.2583 0.2599 0.2356 0.2462 
0.2245 0.4284 0.2018 0.1453 
0.4459 0.1796 0.1939 0.1807 

MOTIF filter8 
letter-probability matrix: alength= 4 w= 16 nsites= 16 
0.1773 0.4356 0.2000 0.1872 
0.3588 0.1576 0.1720 0.3116 
0.5055 0.0828 0.1696 0.2420 
0.3696 0.0007 0.1581 0.4717 
0.3242 0.1665 0.3802 0.1291 
0.1678 0.0167 0.0873 0.7281 
0.3418 0.0631 0.5916 0.0035 
0.3461 0.3801 0.0232 0.2507 
0.0919 0.0755 0.4859 0.3466 
0.0214 0.0550 0.8628 0.0608 
0.5055 0.1085 0.1029 0.2831 
0.0005 0.3912 0.0606 0.5477 
0.6594 0.0474 0.0414 0.2518 
0.2482 0.2868 0.2243 0.2407 
0.2659 0.2510 0.1312 0.3519 
0.1814 0.1781 0.3400 0.3005 

MOTIF filter9 
letter-probability matrix: alength= 4 w= 12 nsites= 12 
0.2303 0.2619 0.2905 0.2173 
0.2296 0.1625 0.4963 0.1117 
0.1961 0.0582 0.6183 0.1273 
0.2520 0.1206 0.6214 0.0060 
0.0460 0.1632 0.7877 0.0031 
0.0241 0.0732 0.8992 0.0036 
0.2416 0.4212 0.1576 0.1795 
0.0392 0.0830 0.8431 0.0347 
0.0284 0.0963 0.8289 0.0465 
0.2789 0.0479 0.5894 0.0838 
0.2992 0.1117 0.5718 0.0173 
0.2188 0.3627 0.3011 0.1174 

MOTIF filter10 
letter-probability matrix: alength= 4 w= 11 nsites= 11 
0.2615 0.4179 0.1142 0.2065 
0.2693 0.1191 0.1767 0.4349 
0.0272 0.2546 0.5370 0.1813 
0.6711 0.3151 0.0131 0.0007 
0.0000 0.3923 0.0137 0.5939 
0.1976 0.0039 0.7736 0.0249 
0.5730 0.0026 0.0000 0.4244 
0.0020 0.1050 0.8416 0.0514 
0.0681 0.2088 0.5664 0.1567 
0.1073 0.1852 0.3217 0.3858 
0.1924 0.3154 0.3210 0.1711 

MOTIF filter11 
letter-probability matrix: alength= 4 w= 12 nsites= 12 
0.2407 0.2267 0.2266 0.3060 
0.2307 0.2494 0.2347 0.2852 
0.3090 0.0798 0.3006 0.3106 
0.0000 0.4287 0.5713 0.0000 
0.3937 0.0063 0.2477 0.3524 
0.4364 0.1508 0.2617 0.1512 
0.3852 0.1286 0.3522 0.1340 
0.2458 0.2788 0.3717 0.1037 
0.0055 0.0699 0.8626 0.0620 
0.1337 0.2930 0.4050 0.1683 
0.1957 0.3928 0.3232 0.0882 
0.1172 0.4064 0.3047 0.1717 

MOTIF filter12 
letter-probability matrix: alength= 4 w= 10 nsites= 10 
0.3419 0.1242 0.0972 0.4368 
0.0007 0.4931 0.2398 0.2663 
0.5347 0.0622 0.1477 0.2555 
0.0000 0.2622 0.0111 0.7267 
0.6025 0.0000 0.3975 0.0000 
0.2717 0.1958 0.0055 0.5270 
0.1571 0.3673 0.4756 0.0000 
0.4551 0.0087 0.2903 0.2459 
0.0053 0.3381 0.3971 0.2595 
0.4105 0.1928 0.2874 0.1093 

MOTIF filter13 
letter-probability matrix: alength= 4 w= 14 nsites= 14 
0.2394 0.2401 0.2631 0.2574 
0.2836 0.2459 0.2304 0.2401 
0.4472 0.1518 0.3223 0.0786 
0.0197 0.0319 0.0377 0.9106 
0.0054 0.0022 0.0858 0.9067 
0.2556 0.0441 0.5894 0.1109 
0.1382 0.7398 0.0212 0.1009 
0.1443 0.0273 0.7172 0.1113 
0.1109 0.5922 0.0686 0.2283 
0.9268 0.0632 0.0032 0.0068 
0.8625 0.0829 0.0248 0.0298 
0.0865 0.2968 0.1443 0.4724 
0.2233 0.2940 0.2243 0.2584 
0.2660 0.2139 0.2545 0.2656 

MOTIF filter14 
letter-probability matrix: alength= 4 w= 11 nsites= 11 
0.3073 0.2519 0.2259 0.2149 
0.3199 0.1246 0.2273 0.3283 
0.1506 0.0164 0.4726 0.3604 
0.1052 0.8662 0.0103 0.0183 
0.2173 0.3922 0.1607 0.2297 
0.5678 0.0788 0.0971 0.2563 
0.0830 0.0012 0.7537 0.1621 
0.0021 0.7914 0.1775 0.0290 
0.1431 0.3700 0.0122 0.4747 
0.2769 0.2123 0.1046 0.4062 
0.5456 0.1960 0.1782 0.0802 

MOTIF filter15 
letter-probability matrix: alength= 4 w= 10 nsites= 10 
0.2346 0.2874 0.2684 0.2096 
0.1856 0.3096 0.2912 0.2135 
0.2375 0.0000 0.4305 0.3320 
0.2107 0.6840 0.0871 0.0182 
0.1727 0.4890 0.0017 0.3366 
0.0251 0.0001 0.9710 0.0038 
0.1664 0.4072 0.0001 0.4263 
0.2846 0.3097 0.0665 0.3392 
0.2669 0.3003 0.3404 0.0924 
0.2508 0.2020 0.2644 0.2828 

MOTIF filter16 
letter-probability matrix: alength= 4 w= 11 nsites= 11 
0.1751 0.4195 0.2315 0.1739 
0.3741 0.2009 0.2462 0.1788 
0.2213 0.3407 0.2280 0.2100 
0.5456 0.2008 0.2536 0.0000 
0.0004 0.0666 0.0008 0.9322 
0.3471 0.5706 0.0390 0.0433 
0.6804 0.0075 0.2682 0.0439 
0.0000 0.1945 0.6626 0.1429 
0.0028 0.4064 0.4194 0.1714 
0.2280 0.3089 0.1955 0.2677 
0.1751 0.3767 0.2081 0.2402 

MOTIF filter17 
letter-probability matrix: alength= 4 w= 9 nsites= 9 
0.2308 0.3631 0.1974 0.2087 
0.0618 0.4050 0.2087 0.3245 
0.5090 0.1510 0.2733 0.0667 
0.0011 0.0681 0.6011 0.3297 
0.9598 0.0054 0.0348 0.0000 
0.0602 0.0000 0.8214 0.1184 
0.4650 0.2105 0.1477 0.1768 
0.2574 0.3362 0.0047 0.4017 
0.2532 0.2752 0.3769 0.0946 

MOTIF filter18 
letter-probability matrix: alength= 4 w= 14 nsites= 14 
0.2587 0.1464 0.2747 0.3203 
0.1866 0.0454 0.4147 0.3533 
0.2612 0.2514 0.3176 0.1698 
0.3317 0.0000 0.1612 0.5070 
0.4379 0.1788 0.3049 0.0784 
0.5060 0.0000 0.3466 0.1474 
0.8384 0.0406 0.0002 0.1207 
0.4834 0.0391 0.0032 0.4742 
0.3636 0.2571 0.0052 0.3741 
0.0222 0.3209 0.0751 0.5818 
0.4609 0.4424 0.0428 0.0540 
0.4286 0.0809 0.4479 0.0425 
0.3460 0.3032 0.2682 0.0826 
0.2373 0.2372 0.2655 0.2599 

MOTIF filter19 
letter-probability matrix: alength= 4 w= 11 nsites= 11 
0.2149 0.3548 0.2417 0.1886 
0.0345 0.2225 0.1570 0.5861 
0.3680 0.0294 0.2711 0.3314 
0.2791 0.6125 0.1051 0.0034 
0.0000 0.6579 0.1156 0.2265 
0.2410 0.1572 0.0303 0.5715 
0.1248 0.1323 0.7423 0.0006 
0.0000 0.0050 0.7557 0.2394 
0.2963 0.1830 0.0315 0.4891 
0.4885 0.1393 0.3482 0.0239 
0.2307 0.2597 0.4298 0.0798 

MOTIF filter20 
letter-probability matrix: alength= 4 w= 10 nsites= 10 
0.2271 0.0159 0.5315 0.2255 
0.2792 0.2385 0.0658 0.4165 
0.2624 0.3831 0.3537 0.0009 
0.0002 0.6590 0.1550 0.1858 
0.3977 0.0004 0.5718 0.0302 
0.1128 0.5254 0.0170 0.3449 
0.1240 0.2624 0.6135 0.0001 
0.0008 0.2743 0.4591 0.2658 
0.2190 0.0087 0.4562 0.3160 
0.2544 0.3972 0.1239 0.2245 

MOTIF filter21 
letter-probability matrix: alength= 4 w= 9 nsites= 9 
0.2933 0.2146 0.2741 0.2179 
0.1851 0.4005 0.1564 0.2579 
0.2788 0.4178 0.2854 0.0180 
0.1604 0.0118 0.7935 0.0344 
0.1339 0.1465 0.0966 0.6229 
0.0131 0.8875 0.0919 0.0075 
0.1510 0.3921 0.2907 0.1662 
0.1602 0.1315 0.4139 0.2944 
0.1203 0.0603 0.5342 0.2852 

MOTIF filter22 
letter-probability matrix: alength= 4 w= 14 nsites= 14 
0.3629 0.1566 0.2956 0.1848 
0.2525 0.3296 0.2379 0.1800 
0.4497 0.0989 0.3052 0.1462 
0.0401 0.2258 0.0930 0.6411 
0.6604 0.0087 0.3258 0.0051 
0.0000 0.8319 0.1681 0.0000 
0.0734 0.4230 0.0004 0.5032 
0.5804 0.0000 0.2199 0.1997 
0.1411 0.0000 0.0040 0.8548 
0.1874 0.2445 0.1738 0.3943 
0.0055 0.3306 0.1435 0.5204 
0.2281 0.2617 0.1511 0.3591 
0.2884 0.1868 0.2322 0.2927 
0.2475 0.1989 0.2922 0.2615 

MOTIF filter23 
letter-probability matrix: alength= 4 w= 14 nsites= 14 
0.1386 0.0641 0.5913 0.2060 
0.1390 0.5761 0.1562 0.1287 
0.2882 0.3141 0.2155 0.1822 
0.1628 0.0193 0.6439 0.1739 
0.0436 0.7200 0.1065 0.1299 
0.0789 0.6567 0.1871 0.0773 
0.9058 0.0214 0.0695 0.0033 
0.0395 0.1254 0.1406 0.6945 
0.0539 0.3487 0.1694 0.4280 
0.0021 0.1419 0.0053 0.8507 
0.0000 0.0785 0.0000 0.9215 
0.1776 0.2385 0.4548 0.1291 
0.2179 0.3084 0.1476 0.3261 
0.2118 0.2738 0.2262 0.2882 

MOTIF filter24 
letter-probability matrix: alength= 4 w= 11 nsites= 11 
0.1309 0.2065 0.4850 0.1777 
0.6031 0.0973 0.2081 0.0915 
0.2264 0.3067 0.3543 0.1126 
0.0043 0.0367 0.0038 0.9552 
0.0026 0.4970 0.4968 0.0035 
0.9592 0.0023 0.0342 0.0043 
0.1136 0.3842 0.3028 0.1994 
0.0990 0.1606 0.0813 0.6591 
0.1793 0.5051 0.1762 0.1394 
0.5690 0.1257 0.1640 0.1413 
0.1398 0.2749 0.2612 0.3240 

MOTIF filter25 
letter-probability matrix: alength= 4 w= 13 nsites= 13 
0.3539 0.1757 0.3189 0.1515 
0.4127 0.0832 0.2818 0.2223 
0.0305 0.5441 0.1499 0.2755 
0.0037 0.4280 0.0251 0.5432 
0.4617 0.1229 0.3807 0.0348 
0.9896 0.0000 0.0104 0.0000 
0.0104 0.0000 0.0199 0.9697 
0.0759 0.3673 0.2036 0.3531 
0.4609 0.0302 0.4684 0.0406 
0.1709 0.1301 0.6556 0.0434 
0.2050 0.2997 0.1391 0.3563 
0.1958 0.2973 0.2133 0.2936 
0.2487 0.2844 0.2319 0.2349 

MOTIF filter26 
letter-probability matrix: alength= 4 w= 12 nsites= 12 
0.1421 0.2843 0.2698 0.3038 
0.5089 0.3452 0.0862 0.0597 
0.1411 0.1192 0.2440 0.4957 
0.6522 0.1319 0.2159 0.0000 
0.0540 0.0253 0.0925 0.8281 
0.3803 0.5421 0.0000 0.0775 
0.0351 0.0680 0.0358 0.8611 
0.4723 0.0936 0.3562 0.0780 
0.0000 0.1854 0.3429 0.4717 
0.2975 0.4166 0.0904 0.1956 
0.3006 0.2784 0.2843 0.1367 
0.3359 0.2288 0.1523 0.2830 

MOTIF filter27 
letter-probability matrix: alength= 4 w= 12 nsites= 12 
0.3162 0.1978 0.2354 0.2506 
0.4116 0.1522 0.2980 0.1382 
0.2491 0.3171 0.2069 0.2269 
0.0459 0.9435 0.0000 0.0106 
0.9930 0.0000 0.0000 0.0070 
0.1139 0.5987 0.0000 0.2874 
0.2254 0.0811 0.5559 0.1376 
0.0000 0.0000 0.0000 1.0000 
0.0799 0.0000 0.8302 0.0899 
0.2600 0.2907 0.1619 0.2874 
0.1738 0.3275 0.1002 0.3985 
0.2521 0.2594 0.1589 0.3296 

MOTIF filter28 
letter-probability matrix: alength= 4 w= 16 nsites= 16 
0.2195 0.2832 0.2572 0.2401 
0.2616 0.4785 0.0833 0.1765 
0.1828 0.1362 0.2348 0.4462 
0.0941 0.6487 0.1022 0.1550 
0.2222 0.0188 0.0520 0.7070 
0.6263 0.1138 0.2518 0.0081 
0.1416 0.0466 0.0018 0.8100 
0.2715 0.5099 0.0000 0.2186 
0.8360 0.0000 0.0170 0.1470 
0.3790 0.0018 0.4910 0.1281 
0.0000 0.5349 0.0009 0.4642 
0.9704 0.0000 0.0000 0.0296 
0.1792 0.0556 0.6335 0.1317 
0.5448 0.1550 0.0081 0.2921 
0.3244 0.1416 0.0977 0.4364 
0.2921 0.2052 0.0959 0.4068 

MOTIF filter29 
letter-probability matrix: alength= 4 w= 12 nsites= 12 
0.1187 0.2903 0.3381 0.2528 
0.0634 0.5081 0.1836 0.2450 
0.1152 0.5740 0.0511 0.2596 
0.0212 0.8461 0.0944 0.0384 
0.0080 0.8225 0.1027 0.0668 
0.1896 0.1798 0.3679 0.2627 
0.0690 0.7880 0.1060 0.0370 
0.0511 0.8467 0.0579 0.0443 
0.0082 0.6167 0.0863 0.2888 
0.1967 0.5344 0.0248 0.2441 
0.1248 0.4803 0.1698 0.2252 
0.2259 0.2708 0.2695 0.2338 

MOTIF filter30 
letter-probability matrix: alength= 4 w= 12 nsites= 12 
0.2718 0.3982 0.2288 0.1012 
0.2512 0.2897 0.3205 0.1387 
0.1922 0.3373 0.3400 0.1304 
0.0063 0.6209 0.3198 0.0529 
0.3596 0.0176 0.5947 0.0281 
0.1804 0.7855 0.0276 0.0065 
0.0554 0.0327 0.8117 0.1003 
0.3106 0.3015 0.0917 0.2961 
0.0197 0.1353 0.8282 0.0168 
0.1833 0.2669 0.2045 0.3453 
0.1375 0.3264 0.1983 0.3378 
0.2312 0.2111 0.2467 0.3110 

MOTIF filter31 
letter-probability matrix: alength= 4 w= 11 nsites= 11 
0.2112 0.0715 0.3518 0.3656 
0.4805 0.3335 0.1060 0.0801 
0.0852 0.2396 0.0861 0.5891 
0.0032 0.0046 0.2113 0.7809 
0.2734 0.7173 0.0052 0.0040 
0.3284 0.2434 0.1772 0.2510 
0.0021 0.0079 0.5707 0.4193 
0.6752 0.3146 0.0087 0.0014 
0.4007 0.0983 0.3724 0.1285 
0.0562 0.1969 0.3403 0.4066 
0.2901 0.3758 0.0844 0.2498 

