MEME version 4

ALPHABET= ACGT

Background letter frequencies:
A 0.2500 C 0.2500 G 0.2500 T 0.2500 

MOTIF filter0 
letter-probability matrix: alength= 4 w= 10 nsites= 10 
0.3083 0.1999 0.0507 0.4411 
0.5641 0.0812 0.0757 0.2789 
0.0953 0.3097 0.1698 0.4252 
0.4783 0.4734 0.0434 0.0049 
0.0816 0.4942 0.0302 0.3940 
0.0037 0.0344 0.9426 0.0194 
0.0003 0.0008 0.9792 0.0197 
0.4475 0.2266 0.0672 0.2587 
0.5133 0.2720 0.1129 0.1019 
0.4739 0.0932 0.3804 0.0525 

MOTIF filter1 
letter-probability matrix: alength= 4 w= 15 nsites= 15 
0.2859 0.2731 0.2171 0.2240 
0.2623 0.2112 0.2819 0.2446 
0.1375 0.2259 0.1719 0.4646 
0.0187 0.0187 0.0187 0.9440 
0.0177 0.0138 0.0206 0.9479 
0.1365 0.8124 0.0206 0.0305 
0.0039 0.7053 0.0550 0.2358 
0.1768 0.4106 0.2318 0.1807 
0.1690 0.0010 0.8251 0.0049 
0.0000 0.0010 0.9077 0.0914 
0.9646 0.0354 0.0000 0.0000 
1.0000 0.0000 0.0000 0.0000 
0.4194 0.1110 0.3576 0.1120 
0.1139 0.3301 0.2289 0.3271 
0.1817 0.2780 0.2937 0.2466 

MOTIF filter2 
letter-probability matrix: alength= 4 w= 17 nsites= 17 
0.3156 0.2409 0.2638 0.1797 
0.2634 0.2833 0.3332 0.1201 
0.2341 0.1242 0.1325 0.5092 
0.0428 0.0375 0.2799 0.6398 
0.5872 0.2060 0.1231 0.0837 
0.2221 0.7448 0.0278 0.0053 
0.0248 0.8203 0.1310 0.0240 
0.2120 0.0000 0.5009 0.2871 
0.1231 0.0961 0.0278 0.7531 
0.4477 0.3426 0.2071 0.0026 
0.0000 0.4023 0.1081 0.4897 
0.6188 0.0979 0.2143 0.0690 
0.1857 0.3358 0.1047 0.3737 
0.0822 0.2510 0.6229 0.0439 
0.0758 0.0923 0.7220 0.1099 
0.0987 0.1951 0.3103 0.3959 
0.2597 0.4608 0.1039 0.1756 

MOTIF filter3 
letter-probability matrix: alength= 4 w= 13 nsites= 13 
0.1513 0.5248 0.1369 0.1870 
0.1525 0.3242 0.2345 0.2888 
0.2413 0.2162 0.1198 0.4227 
0.1330 0.2094 0.0050 0.6525 
0.3351 0.5024 0.1245 0.0381 
0.5322 0.1802 0.0357 0.2519 
0.7599 0.0083 0.0324 0.1994 
0.0310 0.0000 0.1378 0.8313 
0.0041 0.0053 0.9761 0.0145 
0.2115 0.0018 0.7861 0.0006 
0.2496 0.3631 0.1499 0.2375 
0.1617 0.4392 0.1372 0.2619 
0.3841 0.2381 0.2227 0.1552 

MOTIF filter4 
letter-probability matrix: alength= 4 w= 9 nsites= 9 
0.5464 0.2030 0.2416 0.0091 
0.3593 0.0949 0.3255 0.2203 
0.3901 0.0715 0.2730 0.2655 
0.1262 0.0829 0.1066 0.6844 
0.0665 0.0001 0.9223 0.0111 
0.0270 0.0049 0.7399 0.2282 
0.1855 0.5641 0.1919 0.0585 
0.0519 0.4155 0.2792 0.2534 
0.2776 0.4360 0.0876 0.1988 

MOTIF filter5 
letter-probability matrix: alength= 4 w= 15 nsites= 15 
0.0620 0.5697 0.1942 0.1741 
0.1193 0.3280 0.2192 0.3336 
0.2675 0.1612 0.5367 0.0346 
0.8211 0.0105 0.1612 0.0073 
0.0000 0.8662 0.0008 0.1330 
0.0338 0.5898 0.0169 0.3594 
0.3143 0.0169 0.6245 0.0443 
0.2506 0.0032 0.7446 0.0016 
0.0097 0.1773 0.0089 0.8042 
0.0516 0.5399 0.2554 0.1531 
0.4923 0.1950 0.2160 0.0967 
0.1668 0.1185 0.6559 0.0588 
0.2990 0.2031 0.2579 0.2401 
0.2587 0.2385 0.2216 0.2812 
0.1732 0.2933 0.1974 0.3360 

MOTIF filter6 
letter-probability matrix: alength= 4 w= 14 nsites= 14 
0.3832 0.1897 0.1817 0.2454 
0.0745 0.2905 0.0756 0.5595 
0.1972 0.0729 0.1318 0.5981 
0.0557 0.1125 0.0429 0.7889 
0.0740 0.9094 0.0086 0.0080 
0.0230 0.5611 0.0011 0.4148 
0.3698 0.0027 0.5997 0.0279 
0.0204 0.0000 0.7814 0.1983 
0.4962 0.0123 0.3853 0.1061 
0.5922 0.0777 0.0777 0.2524 
0.6951 0.0493 0.1811 0.0745 
0.1790 0.1393 0.0573 0.6243 
0.4287 0.1147 0.3644 0.0922 
0.1651 0.1463 0.5981 0.0906 

MOTIF filter7 
letter-probability matrix: alength= 4 w= 13 nsites= 13 
0.0904 0.2623 0.4473 0.2001 
0.5631 0.1505 0.2589 0.0276 
0.3055 0.1068 0.3688 0.2189 
0.0000 0.7059 0.0003 0.2939 
0.0000 0.5771 0.4229 0.0000 
0.8344 0.0000 0.1643 0.0013 
0.3198 0.0930 0.0639 0.5233 
0.0628 0.0564 0.0933 0.7875 
0.0480 0.4910 0.3789 0.0821 
0.5631 0.0554 0.3074 0.0742 
0.1041 0.3339 0.2981 0.2639 
0.1852 0.1563 0.4128 0.2456 
0.1293 0.2626 0.3498 0.2583 

MOTIF filter8 
letter-probability matrix: alength= 4 w= 14 nsites= 14 
0.2251 0.2919 0.2574 0.2255 
0.1151 0.2836 0.3536 0.2477 
0.0183 0.5381 0.1970 0.2466 
0.0709 0.6402 0.0215 0.2674 
0.0474 0.9247 0.0160 0.0119 
0.1153 0.7060 0.1245 0.0543 
0.2285 0.1581 0.4164 0.1970 
0.0313 0.6789 0.1604 0.1294 
0.0881 0.8538 0.0536 0.0045 
0.0004 0.6713 0.0272 0.3011 
0.1547 0.6660 0.0130 0.1664 
0.1098 0.4674 0.1364 0.2864 
0.1957 0.2885 0.2749 0.2409 
0.2051 0.2747 0.2747 0.2455 

MOTIF filter9 
letter-probability matrix: alength= 4 w= 12 nsites= 12 
0.2433 0.2355 0.2726 0.2487 
0.2684 0.1484 0.4312 0.1520 
0.2737 0.0288 0.5062 0.1914 
0.3422 0.1147 0.5431 0.0000 
0.1419 0.0988 0.7239 0.0353 
0.2032 0.1190 0.6778 0.0000 
0.2442 0.3805 0.1262 0.2491 
0.0446 0.0550 0.8985 0.0019 
0.0062 0.0348 0.9286 0.0304 
0.2578 0.1382 0.5210 0.0831 
0.2496 0.1673 0.5055 0.0776 
0.2254 0.3215 0.3140 0.1391 

MOTIF filter10 
letter-probability matrix: alength= 4 w= 15 nsites= 15 
0.2223 0.2003 0.1422 0.4352 
0.1334 0.1080 0.3730 0.3856 
0.2735 0.3884 0.1441 0.1940 
0.0047 0.4710 0.1058 0.4185 
0.3020 0.6920 0.0038 0.0022 
0.1830 0.0000 0.5121 0.3049 
0.2330 0.0003 0.4747 0.2920 
0.9171 0.0000 0.0085 0.0744 
0.4713 0.0261 0.0000 0.5027 
0.3843 0.0160 0.3859 0.2138 
0.4650 0.0562 0.0016 0.4772 
0.0650 0.0204 0.7582 0.1564 
0.3953 0.1699 0.4330 0.0019 
0.1761 0.1410 0.4505 0.2323 
0.2634 0.4283 0.1617 0.1466 

MOTIF filter11 
letter-probability matrix: alength= 4 w= 15 nsites= 15 
0.2955 0.2561 0.2688 0.1796 
0.2851 0.2700 0.2306 0.2144 
0.2885 0.0533 0.4171 0.2410 
0.0197 0.4519 0.0012 0.5272 
0.0000 0.0023 0.4635 0.5342 
1.0000 0.0000 0.0000 0.0000 
0.0545 0.2700 0.3233 0.3523 
0.2005 0.0000 0.0000 0.7995 
0.2202 0.5968 0.0000 0.1831 
0.8749 0.0046 0.0000 0.1205 
0.0000 0.2387 0.0151 0.7462 
0.8494 0.0359 0.0788 0.0359 
0.1309 0.0730 0.6999 0.0962 
0.3569 0.3778 0.1136 0.1518 
0.1808 0.3499 0.2549 0.2144 

MOTIF filter12 
letter-probability matrix: alength= 4 w= 12 nsites= 12 
0.2461 0.2540 0.2521 0.2478 
0.3596 0.2343 0.2421 0.1640 
0.2649 0.2748 0.2779 0.1824 
0.0426 0.8208 0.1026 0.0340 
0.8049 0.0282 0.0919 0.0750 
0.0476 0.6764 0.0306 0.2454 
0.2290 0.0391 0.6950 0.0368 
0.0661 0.1022 0.0456 0.7861 
0.0605 0.0443 0.8232 0.0720 
0.1988 0.2730 0.2908 0.2374 
0.1972 0.2631 0.2073 0.3325 
0.2378 0.2620 0.2461 0.2540 

MOTIF filter13 
letter-probability matrix: alength= 4 w= 11 nsites= 11 
0.2386 0.3042 0.2338 0.2233 
0.2744 0.2439 0.2454 0.2363 
0.2500 0.2416 0.3022 0.2061 
0.5832 0.1009 0.0450 0.2709 
0.0270 0.0096 0.0306 0.9328 
0.0070 0.3504 0.0334 0.6092 
0.4596 0.0206 0.4991 0.0207 
0.8352 0.0615 0.0814 0.0219 
0.2075 0.1020 0.1291 0.5615 
0.2026 0.2617 0.2906 0.2450 
0.2389 0.2706 0.2236 0.2669 

MOTIF filter14 
letter-probability matrix: alength= 4 w= 15 nsites= 15 
0.2572 0.2484 0.2796 0.2147 
0.3207 0.2859 0.2459 0.1475 
0.3339 0.0569 0.2488 0.3604 
0.0686 0.0165 0.0624 0.8525 
0.0044 0.0272 0.1776 0.7908 
0.5783 0.4194 0.0022 0.0000 
0.2492 0.4235 0.0521 0.2752 
0.1317 0.6473 0.0191 0.2018 
0.4147 0.1413 0.3607 0.0833 
0.0110 0.0470 0.8275 0.1145 
0.7116 0.2286 0.0367 0.0231 
0.7835 0.0088 0.1806 0.0272 
0.3817 0.1662 0.2451 0.2070 
0.1714 0.2059 0.3226 0.3002 
0.2213 0.3475 0.1681 0.2631 

MOTIF filter15 
letter-probability matrix: alength= 4 w= 11 nsites= 11 
0.0695 0.2602 0.3081 0.3622 
0.1639 0.2760 0.2868 0.2734 
0.1891 0.2960 0.1442 0.3707 
0.5883 0.0003 0.1400 0.2714 
0.0000 0.2350 0.7650 0.0000 
0.8335 0.0000 0.0000 0.1665 
0.0007 0.0000 0.9984 0.0010 
0.2003 0.4785 0.0000 0.3212 
0.2720 0.5169 0.0361 0.1750 
0.0931 0.5149 0.1114 0.2806 
0.2294 0.3248 0.2593 0.1865 

MOTIF filter16 
letter-probability matrix: alength= 4 w= 15 nsites= 15 
0.3495 0.2153 0.2932 0.1420 
0.2207 0.2585 0.4286 0.0922 
0.1481 0.5756 0.0382 0.2380 
0.2967 0.0988 0.5710 0.0336 
0.0031 0.2562 0.1493 0.5914 
0.0629 0.1786 0.4367 0.3218 
0.8225 0.0486 0.0710 0.0579 
0.0135 0.4946 0.4753 0.0166 
0.0123 0.4074 0.0475 0.5328 
0.0498 0.5737 0.3688 0.0077 
0.6559 0.1265 0.2176 0.0000 
0.1813 0.6354 0.0363 0.1470 
0.1154 0.0586 0.4259 0.4001 
0.0270 0.4213 0.2049 0.3468 
0.2840 0.2296 0.2365 0.2500 

MOTIF filter17 
letter-probability matrix: alength= 4 w= 12 nsites= 12 
0.4296 0.3274 0.1831 0.0599 
0.4608 0.0579 0.2474 0.2339 
0.2999 0.4926 0.2070 0.0005 
0.0192 0.7059 0.0059 0.2690 
0.0295 0.1404 0.7743 0.0558 
0.0010 0.1760 0.8007 0.0223 
0.3079 0.6025 0.0061 0.0835 
0.2887 0.1119 0.4326 0.1668 
0.0149 0.1698 0.7408 0.0745 
0.0981 0.4380 0.0466 0.4173 
0.2113 0.2649 0.3632 0.1606 
0.1706 0.3358 0.3097 0.1839 

MOTIF filter18 
letter-probability matrix: alength= 4 w= 12 nsites= 12 
0.1145 0.3775 0.2440 0.2640 
0.1482 0.4394 0.2398 0.1726 
0.5203 0.0870 0.2845 0.1083 
0.0960 0.6299 0.0704 0.2037 
0.1828 0.0177 0.0925 0.7070 
0.0465 0.0588 0.0079 0.8868 
0.0151 0.7743 0.1292 0.0814 
0.0157 0.6774 0.2950 0.0120 
0.0336 0.0352 0.7738 0.1574 
0.0660 0.3328 0.5265 0.0747 
0.2252 0.2096 0.2994 0.2658 
0.2923 0.2394 0.2494 0.2188 

MOTIF filter19 
letter-probability matrix: alength= 4 w= 17 nsites= 17 
0.3082 0.1686 0.1748 0.3485 
0.2733 0.2628 0.1893 0.2747 
0.2091 0.0846 0.0931 0.6132 
0.1064 0.1436 0.7185 0.0315 
0.2616 0.5406 0.1093 0.0885 
0.2094 0.3692 0.0539 0.3675 
0.0428 0.5786 0.3641 0.0145 
0.8014 0.1339 0.0119 0.0528 
0.1782 0.2724 0.0729 0.4764 
0.5406 0.1532 0.1859 0.1203 
0.0329 0.0281 0.1998 0.7392 
0.2108 0.4762 0.2579 0.0551 
0.4804 0.0499 0.1481 0.3215 
0.0545 0.0270 0.8272 0.0914 
0.0437 0.4350 0.4027 0.1186 
0.4489 0.1371 0.2157 0.1984 
0.2696 0.3615 0.2108 0.1581 

MOTIF filter20 
letter-probability matrix: alength= 4 w= 10 nsites= 10 
0.1798 0.3847 0.2647 0.1708 
0.0859 0.4275 0.2885 0.1981 
0.1414 0.1886 0.5360 0.1341 
0.4485 0.0433 0.0065 0.5016 
0.0240 0.3817 0.5446 0.0497 
0.0220 0.5422 0.3968 0.0390 
0.5365 0.0475 0.0493 0.3666 
0.0514 0.4825 0.3833 0.0828 
0.3622 0.2580 0.0813 0.2984 
0.3307 0.1685 0.1999 0.3009 

MOTIF filter21 
letter-probability matrix: alength= 4 w= 11 nsites= 11 
0.4040 0.1666 0.2465 0.1829 
0.2337 0.2052 0.2248 0.3363 
0.6268 0.1928 0.0736 0.1068 
0.0131 0.2617 0.0180 0.7072 
0.8394 0.0005 0.0945 0.0656 
0.3244 0.0134 0.3086 0.3536 
0.0630 0.0338 0.6973 0.2058 
0.0088 0.7379 0.2393 0.0140 
0.1029 0.4428 0.0794 0.3749 
0.2278 0.4372 0.0829 0.2522 
0.4612 0.1816 0.1445 0.2127 

MOTIF filter22 
letter-probability matrix: alength= 4 w= 13 nsites= 13 
0.2318 0.2136 0.1666 0.3880 
0.1940 0.1418 0.4728 0.1914 
0.3163 0.4444 0.1839 0.0554 
0.0926 0.0375 0.0163 0.8536 
0.0646 0.0375 0.7874 0.1105 
0.8383 0.0258 0.0512 0.0848 
0.0926 0.4102 0.4105 0.0867 
0.0313 0.0456 0.0160 0.9071 
0.0844 0.8226 0.0245 0.0685 
0.8689 0.0095 0.0453 0.0763 
0.0505 0.1800 0.5073 0.2621 
0.1594 0.5324 0.1229 0.1852 
0.5028 0.1490 0.1578 0.1904 

MOTIF filter23 
letter-probability matrix: alength= 4 w= 11 nsites= 11 
0.3515 0.3388 0.0785 0.2312 
0.1307 0.3709 0.2372 0.2612 
0.2364 0.1093 0.3982 0.2562 
0.2139 0.0002 0.5084 0.2774 
0.0675 0.9313 0.0008 0.0004 
0.1692 0.1694 0.2491 0.4123 
0.0189 0.0304 0.5573 0.3934 
0.1645 0.7880 0.0282 0.0193 
0.3914 0.2442 0.1596 0.2047 
0.2616 0.2614 0.2057 0.2714 
0.1740 0.2786 0.2528 0.2946 

MOTIF filter24 
letter-probability matrix: alength= 4 w= 12 nsites= 12 
0.3288 0.2148 0.2102 0.2461 
0.4022 0.2521 0.3079 0.0378 
0.3843 0.2131 0.1703 0.2323 
0.0304 0.8253 0.1437 0.0006 
0.0020 0.3983 0.1314 0.4683 
0.7070 0.1866 0.0576 0.0488 
0.0000 0.0455 0.3940 0.5606 
0.4726 0.0937 0.2801 0.1536 
0.0000 0.1802 0.0171 0.8027 
0.3658 0.2039 0.1268 0.3035 
0.2214 0.1560 0.2065 0.4161 
0.2599 0.2255 0.3248 0.1898 

MOTIF filter25 
letter-probability matrix: alength= 4 w= 17 nsites= 17 
0.3908 0.1759 0.1714 0.2620 
0.2620 0.1949 0.2321 0.3110 
0.1922 0.2276 0.1949 0.3853 
0.0907 0.0635 0.6745 0.1714 
0.1387 0.6999 0.0553 0.1061 
0.0127 0.0100 0.0045 0.9728 
0.3490 0.0027 0.6482 0.0000 
0.3218 0.3364 0.0063 0.3354 
0.1360 0.3418 0.1088 0.4134 
0.1505 0.0045 0.7271 0.1179 
0.3971 0.1550 0.0326 0.4152 
0.0190 0.1532 0.0399 0.7879 
0.7398 0.0698 0.0961 0.0943 
0.2575 0.0390 0.5929 0.1106 
0.1995 0.4007 0.1079 0.2919 
0.3264 0.2575 0.2248 0.1913 
0.2511 0.2375 0.3164 0.1949 

MOTIF filter26 
letter-probability matrix: alength= 4 w= 9 nsites= 9 
0.2925 0.3839 0.2800 0.0436 
0.2523 0.1849 0.1485 0.4143 
0.0466 0.4215 0.0684 0.4635 
0.0100 0.0059 0.9840 0.0001 
0.5971 0.0002 0.0324 0.3703 
0.0001 0.8033 0.1960 0.0006 
0.3138 0.2171 0.1507 0.3183 
0.2564 0.1829 0.2118 0.3489 
0.2515 0.1430 0.2729 0.3326 

MOTIF filter27 
letter-probability matrix: alength= 4 w= 14 nsites= 14 
0.2355 0.2797 0.2522 0.2325 
0.2684 0.2576 0.2265 0.2475 
0.4650 0.1590 0.3359 0.0400 
0.0036 0.0054 0.0030 0.9880 
0.0072 0.0048 0.1106 0.8775 
0.3222 0.0090 0.5529 0.1160 
0.0269 0.8225 0.0203 0.1303 
0.1417 0.0269 0.7986 0.0329 
0.1201 0.6127 0.0054 0.2618 
0.8930 0.0909 0.0042 0.0120 
0.9803 0.0066 0.0048 0.0084 
0.0400 0.3329 0.1602 0.4668 
0.2504 0.2570 0.2672 0.2253 
0.2457 0.2259 0.2642 0.2642 

MOTIF filter28 
letter-probability matrix: alength= 4 w= 14 nsites= 14 
0.4140 0.0860 0.2129 0.2871 
0.2792 0.1617 0.2114 0.3478 
0.1215 0.2977 0.2204 0.3604 
0.0331 0.0280 0.0375 0.9014 
0.0284 0.0170 0.6297 0.3249 
0.2705 0.7295 0.0000 0.0000 
0.0004 0.5773 0.0000 0.4223 
0.2934 0.0832 0.2449 0.3785 
0.5268 0.0000 0.4728 0.0004 
0.0000 0.0820 0.6439 0.2741 
0.5860 0.3490 0.0296 0.0355 
0.5769 0.0879 0.1364 0.1987 
0.2366 0.1562 0.4298 0.1774 
0.2354 0.3036 0.2685 0.1924 

MOTIF filter29 
letter-probability matrix: alength= 4 w= 14 nsites= 14 
0.3100 0.2322 0.1783 0.2794 
0.2727 0.1605 0.1630 0.4038 
0.1140 0.2328 0.2083 0.4449 
0.6673 0.0000 0.3327 0.0000 
0.3352 0.1710 0.0000 0.4939 
0.1697 0.7739 0.0564 0.0000 
0.8971 0.0000 0.0772 0.0257 
0.0000 0.0551 0.4589 0.4859 
0.0110 0.2574 0.7022 0.0294 
0.0141 0.0705 0.1244 0.7911 
0.0153 0.3260 0.0294 0.6293 
0.1477 0.2641 0.3168 0.2714 
0.3971 0.1464 0.2960 0.1605 
0.1900 0.2721 0.2077 0.3303 

MOTIF filter30 
letter-probability matrix: alength= 4 w= 13 nsites= 13 
0.2164 0.3123 0.2479 0.2234 
0.2741 0.2878 0.2728 0.1653 
0.1649 0.0889 0.5527 0.1935 
0.0781 0.7047 0.1063 0.1109 
0.0714 0.8472 0.0395 0.0419 
0.9838 0.0025 0.0108 0.0029 
0.1860 0.0012 0.0129 0.7998 
0.1375 0.3534 0.2089 0.3002 
0.2051 0.0370 0.0008 0.7571 
0.0008 0.0145 0.0000 0.9846 
0.1433 0.1537 0.4954 0.2076 
0.2429 0.1981 0.3198 0.2392 
0.1827 0.3692 0.1703 0.2778 

MOTIF filter31 
letter-probability matrix: alength= 4 w= 12 nsites= 12 
0.2551 0.2692 0.2524 0.2234 
0.3906 0.1832 0.2898 0.1364 
0.3187 0.1994 0.1618 0.3202 
0.0350 0.2224 0.0020 0.7406 
0.5268 0.0601 0.4131 0.0000 
0.3877 0.1125 0.0896 0.4102 
0.0414 0.6232 0.0091 0.3263 
0.2530 0.3247 0.3285 0.0938 
0.3173 0.0100 0.6533 0.0194 
0.1438 0.1706 0.5668 0.1189 
0.0033 0.3519 0.2252 0.4196 
0.2490 0.2895 0.2683 0.1932 

