MEME version 4

ALPHABET= ACGT

Background letter frequencies:
A 0.2500 C 0.2500 G 0.2500 T 0.2500 

MOTIF filter0 
letter-probability matrix: alength= 4 w= 13 nsites= 13 
0.4293 0.1783 0.2926 0.0999 
0.0016 0.0040 0.0008 0.9936 
0.0000 0.0000 0.0879 0.9121 
0.3205 0.0000 0.5803 0.0991 
0.0256 0.8177 0.0120 0.1447 
0.1423 0.0176 0.8241 0.0160 
0.0839 0.6619 0.0000 0.2542 
0.9241 0.0751 0.0000 0.0008 
0.9904 0.0000 0.0008 0.0088 
0.0016 0.3645 0.1087 0.5252 
0.2350 0.2710 0.2934 0.2006 
0.2326 0.2478 0.2462 0.2734 
0.2718 0.2294 0.2510 0.2478 

MOTIF filter1 
letter-probability matrix: alength= 4 w= 12 nsites= 12 
0.2467 0.2484 0.2213 0.2836 
0.1220 0.0282 0.0851 0.7646 
0.0320 0.0922 0.0233 0.8525 
0.0363 0.5380 0.4241 0.0016 
0.0092 0.9631 0.0000 0.0277 
0.0819 0.0130 0.7148 0.1903 
0.0184 0.1508 0.7565 0.0743 
0.7261 0.0114 0.2516 0.0108 
0.8736 0.0374 0.0287 0.0602 
0.3986 0.0987 0.2424 0.2603 
0.3129 0.1752 0.0906 0.4214 
0.2072 0.1470 0.3910 0.2549 

MOTIF filter2 
letter-probability matrix: alength= 4 w= 11 nsites= 11 
0.2225 0.1232 0.3410 0.3134 
0.2556 0.3211 0.2162 0.2071 
0.2873 0.4759 0.1797 0.0571 
0.0065 0.4990 0.4838 0.0108 
0.0000 0.0589 0.1721 0.7690 
0.3770 0.1013 0.0483 0.4733 
0.1033 0.7767 0.0003 0.1197 
0.0881 0.2748 0.6335 0.0036 
0.0951 0.3935 0.2569 0.2545 
0.3142 0.2780 0.3095 0.0983 
0.3248 0.2446 0.2317 0.1989 

MOTIF filter3 
letter-probability matrix: alength= 4 w= 13 nsites= 13 
0.2150 0.2001 0.2223 0.3626 
0.1807 0.1947 0.4471 0.1775 
0.3205 0.3269 0.3034 0.0491 
0.0299 0.0443 0.0302 0.8956 
0.0254 0.0244 0.8494 0.1008 
0.9102 0.0379 0.0249 0.0270 
0.0514 0.4158 0.4604 0.0724 
0.0224 0.0850 0.0466 0.8460 
0.1017 0.7804 0.0484 0.0695 
0.7795 0.0304 0.1005 0.0896 
0.0809 0.3052 0.2940 0.3199 
0.2164 0.3400 0.2154 0.2282 
0.2952 0.2109 0.2365 0.2575 

MOTIF filter4 
letter-probability matrix: alength= 4 w= 14 nsites= 14 
0.2448 0.2274 0.1072 0.4207 
0.0000 0.4707 0.0058 0.5235 
0.0224 0.9776 0.0000 0.0000 
0.3215 0.3208 0.0087 0.3490 
0.0898 0.1173 0.1122 0.6807 
0.6423 0.0051 0.3512 0.0014 
0.0000 0.0000 0.5554 0.4446 
0.9826 0.0080 0.0000 0.0094 
0.6698 0.0051 0.0014 0.3237 
0.2078 0.0956 0.6343 0.0623 
0.0710 0.1521 0.7009 0.0760 
0.1738 0.1064 0.3809 0.3389 
0.2679 0.4859 0.1253 0.1209 
0.5996 0.0847 0.1108 0.2049 

MOTIF filter5 
letter-probability matrix: alength= 4 w= 13 nsites= 13 
0.2615 0.2528 0.1912 0.2946 
0.2525 0.2249 0.2643 0.2583 
0.3715 0.2538 0.2407 0.1340 
0.0540 0.0037 0.0013 0.9410 
0.0616 0.0290 0.7320 0.1775 
0.8841 0.0487 0.0013 0.0658 
0.1330 0.4265 0.3676 0.0729 
0.0308 0.0416 0.0039 0.9236 
0.1008 0.8283 0.0118 0.0590 
0.8942 0.0369 0.0253 0.0437 
0.0764 0.3136 0.2775 0.3325 
0.2306 0.3231 0.2209 0.2254 
0.2694 0.2254 0.2636 0.2417 

MOTIF filter6 
letter-probability matrix: alength= 4 w= 12 nsites= 12 
0.2138 0.2796 0.2618 0.2448 
0.0102 0.5575 0.1310 0.3013 
0.0437 0.5953 0.0148 0.3463 
0.0430 0.9161 0.0245 0.0163 
0.0152 0.8653 0.0949 0.0245 
0.1612 0.1571 0.4510 0.2307 
0.0610 0.7354 0.1799 0.0237 
0.0613 0.7417 0.1471 0.0500 
0.0002 0.6376 0.1082 0.2540 
0.1810 0.6040 0.0437 0.1714 
0.1232 0.4942 0.1451 0.2375 
0.2249 0.3254 0.2162 0.2335 

MOTIF filter7 
letter-probability matrix: alength= 4 w= 14 nsites= 14 
0.2528 0.2452 0.2534 0.2486 
0.3365 0.2790 0.3030 0.0815 
0.0573 0.3645 0.3072 0.2710 
0.0189 0.5275 0.4134 0.0402 
0.3416 0.4125 0.2295 0.0164 
0.2106 0.0786 0.5029 0.2079 
0.0004 0.4682 0.0120 0.5193 
0.0000 0.6713 0.3276 0.0011 
0.6444 0.0047 0.2785 0.0724 
0.0760 0.1542 0.0309 0.7390 
0.0531 0.1828 0.1177 0.6464 
0.0955 0.3345 0.5331 0.0369 
0.4911 0.1504 0.2714 0.0871 
0.1861 0.2257 0.2117 0.3765 

MOTIF filter8 
letter-probability matrix: alength= 4 w= 12 nsites= 12 
0.2289 0.2400 0.2257 0.3054 
0.2278 0.2150 0.1491 0.4080 
0.0246 0.2931 0.0628 0.6196 
0.1233 0.7671 0.0000 0.1096 
0.0153 0.6668 0.2767 0.0412 
0.1152 0.0204 0.7768 0.0876 
0.1079 0.0119 0.8497 0.0306 
0.4245 0.0295 0.5166 0.0293 
0.5706 0.1017 0.3233 0.0044 
0.3798 0.2702 0.1865 0.1635 
0.2511 0.2602 0.2879 0.2009 
0.2280 0.2453 0.3166 0.2101 

MOTIF filter9 
letter-probability matrix: alength= 4 w= 10 nsites= 10 
0.2581 0.2405 0.2531 0.2483 
0.3869 0.2279 0.3852 0.0000 
0.3521 0.2588 0.2532 0.1359 
0.0243 0.6980 0.0000 0.2777 
0.1934 0.3235 0.2716 0.2115 
0.0053 0.0000 0.9372 0.0575 
0.5889 0.0002 0.3169 0.0940 
0.0000 0.2148 0.4890 0.2963 
0.5754 0.1175 0.2344 0.0727 
0.0187 0.2498 0.4205 0.3111 

MOTIF filter10 
letter-probability matrix: alength= 4 w= 14 nsites= 14 
0.2356 0.2017 0.2408 0.3219 
0.0436 0.8701 0.0062 0.0801 
0.0118 0.3239 0.0041 0.6602 
0.9774 0.0092 0.0051 0.0082 
0.1971 0.0190 0.0185 0.7654 
0.6283 0.0077 0.0046 0.3593 
0.3506 0.0046 0.0246 0.6201 
0.7664 0.0031 0.0005 0.2300 
0.0087 0.0041 0.0015 0.9856 
0.6550 0.0051 0.3378 0.0021 
0.0924 0.0051 0.8691 0.0334 
0.3301 0.2705 0.1730 0.2264 
0.2567 0.3604 0.2125 0.1704 
0.3973 0.2064 0.1899 0.2064 

MOTIF filter11 
letter-probability matrix: alength= 4 w= 8 nsites= 8 
0.2448 0.2510 0.2458 0.2584 
0.5914 0.0728 0.3358 0.0000 
0.1233 0.1210 0.0322 0.7234 
0.0725 0.9248 0.0027 0.0000 
0.0068 0.6245 0.0118 0.3569 
0.2159 0.2199 0.3435 0.2207 
0.1416 0.3139 0.4241 0.1203 
0.3022 0.0103 0.4604 0.2271 

MOTIF filter12 
letter-probability matrix: alength= 4 w= 12 nsites= 12 
0.2433 0.2481 0.2548 0.2538 
0.2311 0.2371 0.2589 0.2730 
0.2148 0.2057 0.2415 0.3381 
0.5389 0.0002 0.2584 0.2025 
0.0011 0.8312 0.1673 0.0004 
0.4616 0.0037 0.5035 0.0312 
0.0284 0.1714 0.7801 0.0200 
0.0778 0.2083 0.1017 0.6122 
0.0334 0.3460 0.0781 0.5425 
0.3126 0.2805 0.2207 0.1862 
0.3343 0.3013 0.2083 0.1562 
0.3125 0.2795 0.2055 0.2024 

MOTIF filter13 
letter-probability matrix: alength= 4 w= 12 nsites= 12 
0.2516 0.2407 0.2491 0.2587 
0.2151 0.4100 0.1653 0.2096 
0.1326 0.0000 0.2096 0.6577 
0.5503 0.2028 0.1901 0.0568 
0.3656 0.0000 0.4009 0.2334 
0.2961 0.1131 0.2329 0.3578 
0.1443 0.2287 0.0631 0.5639 
0.0716 0.5008 0.0273 0.4003 
0.0012 0.0921 0.0000 0.9067 
0.5700 0.2181 0.0174 0.1945 
0.3497 0.2304 0.3230 0.0969 
0.3485 0.2048 0.3004 0.1463 

MOTIF filter14 
letter-probability matrix: alength= 4 w= 13 nsites= 13 
0.2884 0.1940 0.3203 0.1972 
0.2754 0.2116 0.2902 0.2228 
0.0089 0.4241 0.1992 0.3678 
0.0000 0.5152 0.1566 0.3282 
0.3712 0.0480 0.5793 0.0015 
0.5024 0.0457 0.4519 0.0000 
0.0429 0.1356 0.1088 0.7126 
0.0219 0.4237 0.2046 0.3498 
0.3949 0.1257 0.3613 0.1180 
0.0527 0.0578 0.8871 0.0024 
0.3559 0.3091 0.0532 0.2818 
0.2266 0.2982 0.2202 0.2550 
0.2435 0.2899 0.2189 0.2477 

MOTIF filter15 
letter-probability matrix: alength= 4 w= 14 nsites= 14 
0.3181 0.2357 0.2197 0.2265 
0.4439 0.0892 0.1831 0.2838 
0.2243 0.2860 0.4211 0.0686 
0.0000 0.0046 0.0046 0.9908 
0.0618 0.9382 0.0000 0.0000 
0.9954 0.0000 0.0046 0.0000 
0.0000 0.0000 0.9588 0.0412 
0.0000 1.0000 0.0000 0.0000 
0.9931 0.0000 0.0000 0.0069 
0.4233 0.1739 0.1373 0.2654 
0.4165 0.0435 0.0023 0.5378 
0.3890 0.0778 0.0183 0.5149 
0.3181 0.1259 0.0435 0.5126 
0.2929 0.2357 0.2403 0.2311 

MOTIF filter16 
letter-probability matrix: alength= 4 w= 13 nsites= 13 
0.2338 0.2676 0.2589 0.2398 
0.6522 0.0885 0.1567 0.1026 
0.2791 0.0456 0.4696 0.2057 
0.1117 0.4522 0.0252 0.4109 
0.0370 0.5062 0.3046 0.1522 
0.7379 0.0490 0.1255 0.0876 
0.0382 0.0208 0.0778 0.8632 
0.0939 0.1284 0.2146 0.5632 
0.4934 0.0047 0.0407 0.4612 
0.0084 0.4501 0.0007 0.5408 
0.2996 0.3015 0.2421 0.1569 
0.2478 0.0873 0.3545 0.3104 
0.1809 0.3489 0.2272 0.2429 

MOTIF filter17 
letter-probability matrix: alength= 4 w= 12 nsites= 12 
0.2478 0.2366 0.2729 0.2427 
0.2588 0.1397 0.4642 0.1373 
0.2188 0.0375 0.5530 0.1907 
0.2779 0.0907 0.6147 0.0166 
0.0400 0.0779 0.8271 0.0549 
0.0901 0.0762 0.8000 0.0337 
0.2671 0.3731 0.1776 0.1822 
0.0545 0.0882 0.8542 0.0031 
0.0199 0.0497 0.9095 0.0209 
0.2600 0.0843 0.5739 0.0818 
0.2621 0.1600 0.5584 0.0195 
0.2348 0.3344 0.2915 0.1393 

MOTIF filter18 
letter-probability matrix: alength= 4 w= 14 nsites= 14 
0.2703 0.2709 0.2344 0.2243 
0.2000 0.5803 0.2178 0.0019 
0.2066 0.4565 0.1920 0.1449 
0.5424 0.1215 0.1393 0.1968 
0.0314 0.0860 0.0396 0.8431 
0.2167 0.0210 0.7624 0.0000 
0.0008 0.4778 0.0219 0.4994 
0.6853 0.3062 0.0014 0.0070 
0.0961 0.3191 0.1486 0.4362 
0.0416 0.2687 0.5078 0.1819 
0.0357 0.1672 0.6570 0.1401 
0.1082 0.2490 0.3201 0.3227 
0.2339 0.4062 0.1717 0.1882 
0.4309 0.1425 0.1693 0.2573 

MOTIF filter19 
letter-probability matrix: alength= 4 w= 14 nsites= 14 
0.2248 0.2661 0.2669 0.2422 
0.2232 0.2586 0.4451 0.0730 
0.1346 0.4090 0.1980 0.2584 
0.0679 0.7278 0.1215 0.0827 
0.0097 0.3714 0.3692 0.2496 
0.1612 0.1405 0.6186 0.0797 
0.0423 0.3800 0.2278 0.3498 
0.0657 0.5847 0.2624 0.0872 
0.0105 0.0238 0.0661 0.8996 
0.1378 0.3089 0.0504 0.5030 
0.6547 0.3077 0.0006 0.0370 
0.0702 0.2579 0.2129 0.4589 
0.2107 0.1248 0.2734 0.3911 
0.1153 0.2962 0.2484 0.3401 

MOTIF filter20 
letter-probability matrix: alength= 4 w= 15 nsites= 15 
0.2326 0.2930 0.2368 0.2376 
0.2502 0.3820 0.1545 0.2133 
0.1360 0.0277 0.6062 0.2301 
0.0655 0.7943 0.0772 0.0630 
0.3073 0.6767 0.0151 0.0008 
0.7867 0.0109 0.2024 0.0000 
0.2662 0.0470 0.3694 0.3174 
0.3636 0.2410 0.0638 0.3317 
0.0017 0.0243 0.0017 0.9723 
0.0008 0.0025 0.7683 0.2284 
0.0344 0.0487 0.8279 0.0890 
0.2443 0.6423 0.0243 0.0890 
0.2259 0.1704 0.3484 0.2552 
0.2007 0.1982 0.4568 0.1444 
0.2334 0.4903 0.0688 0.2074 

MOTIF filter21 
letter-probability matrix: alength= 4 w= 12 nsites= 12 
0.2429 0.2505 0.2514 0.2551 
0.2667 0.2746 0.2602 0.1985 
0.2398 0.2719 0.2514 0.2370 
0.5435 0.0749 0.0408 0.3408 
0.0152 0.1127 0.0000 0.8722 
0.0780 0.2144 0.0274 0.6802 
0.6137 0.0610 0.2498 0.0755 
0.9538 0.0000 0.0354 0.0108 
0.3819 0.0376 0.0719 0.5086 
0.2131 0.2625 0.3023 0.2221 
0.1958 0.2972 0.2849 0.2221 
0.2131 0.2537 0.2877 0.2454 

MOTIF filter22 
letter-probability matrix: alength= 4 w= 12 nsites= 12 
0.3269 0.1513 0.2496 0.2722 
0.2554 0.1723 0.2569 0.3154 
0.3202 0.2140 0.3036 0.1622 
0.0000 0.4161 0.4511 0.1328 
0.3416 0.2319 0.0000 0.4265 
0.1631 0.0003 0.8243 0.0123 
0.0939 0.6732 0.0000 0.2329 
0.3062 0.0236 0.3851 0.2851 
0.1022 0.4062 0.4896 0.0020 
0.1407 0.3295 0.2504 0.2794 
0.2367 0.3053 0.1930 0.2650 
0.2583 0.2750 0.1887 0.2779 

MOTIF filter23 
letter-probability matrix: alength= 4 w= 14 nsites= 14 
0.1924 0.1981 0.3847 0.2248 
0.3555 0.2148 0.3037 0.1260 
0.0481 0.8526 0.0518 0.0476 
0.0000 0.8949 0.0633 0.0418 
0.5755 0.0533 0.0000 0.3711 
0.0664 0.1202 0.2446 0.5687 
0.7010 0.0355 0.0256 0.2378 
0.0105 0.1485 0.0413 0.7998 
0.4752 0.0000 0.0152 0.5097 
0.0293 0.0559 0.5834 0.3314 
0.0136 0.0214 0.9482 0.0167 
0.0429 0.2216 0.4626 0.2729 
0.0768 0.2838 0.2985 0.3408 
0.2781 0.4328 0.2107 0.0784 

MOTIF filter24 
letter-probability matrix: alength= 4 w= 13 nsites= 13 
0.2031 0.2935 0.2486 0.2548 
0.1844 0.5433 0.2050 0.0673 
0.6287 0.1202 0.2212 0.0299 
0.0000 0.9159 0.0667 0.0174 
0.0604 0.2885 0.0025 0.6486 
0.0006 0.0000 0.3807 0.6187 
0.0100 0.5464 0.4411 0.0025 
0.2492 0.7327 0.0000 0.0181 
0.4442 0.0000 0.5227 0.0330 
0.0075 0.1869 0.7894 0.0162 
0.0785 0.2685 0.1445 0.5084 
0.1614 0.1894 0.4336 0.2156 
0.2536 0.2910 0.3121 0.1433 

MOTIF filter25 
letter-probability matrix: alength= 4 w= 14 nsites= 14 
0.2576 0.2413 0.2182 0.2829 
0.0620 0.8132 0.0332 0.0916 
0.0695 0.3922 0.0699 0.4683 
0.7366 0.1390 0.0620 0.0624 
0.2900 0.0049 0.0124 0.6928 
0.6481 0.0496 0.1359 0.1664 
0.4183 0.0199 0.0797 0.4821 
0.7782 0.0004 0.0000 0.2213 
0.0151 0.0000 0.0000 0.9849 
0.3125 0.0000 0.6875 0.0000 
0.0013 0.0000 0.9982 0.0004 
0.2120 0.4294 0.1116 0.2470 
0.1687 0.4524 0.1864 0.1926 
0.3993 0.1886 0.2568 0.1554 

MOTIF filter26 
letter-probability matrix: alength= 4 w= 10 nsites= 10 
0.2458 0.2544 0.2496 0.2503 
0.0695 0.8148 0.0655 0.0502 
0.7849 0.0334 0.0945 0.0872 
0.0517 0.6745 0.0321 0.2418 
0.2510 0.0247 0.7028 0.0215 
0.0728 0.0895 0.0241 0.8137 
0.0395 0.0113 0.8544 0.0949 
0.2020 0.2532 0.2988 0.2461 
0.1980 0.2546 0.2075 0.3399 
0.2521 0.2427 0.2467 0.2585 

MOTIF filter27 
letter-probability matrix: alength= 4 w= 13 nsites= 13 
0.2245 0.2627 0.2480 0.2648 
0.1522 0.1346 0.1681 0.5450 
0.3305 0.0011 0.2014 0.4670 
0.2496 0.7380 0.0109 0.0014 
0.0227 0.5237 0.0000 0.4535 
0.3898 0.1547 0.2047 0.2509 
0.7074 0.0000 0.2081 0.0845 
0.0000 0.0000 0.1372 0.8628 
0.4043 0.1273 0.0070 0.4614 
0.6858 0.0000 0.3142 0.0000 
0.2383 0.1855 0.3717 0.2045 
0.2412 0.3228 0.1567 0.2793 
0.2054 0.2666 0.2387 0.2893 

MOTIF filter28 
letter-probability matrix: alength= 4 w= 14 nsites= 14 
0.2452 0.0167 0.5050 0.2330 
0.1739 0.3821 0.0958 0.3482 
0.1701 0.3819 0.2764 0.1716 
0.7172 0.0527 0.1859 0.0443 
0.6029 0.1867 0.0671 0.1433 
0.0087 0.5212 0.4687 0.0013 
0.6934 0.0228 0.0462 0.2376 
0.0000 0.0316 0.0105 0.9580 
0.0580 0.2380 0.6149 0.0891 
0.1370 0.2355 0.4184 0.2091 
0.2275 0.5258 0.0000 0.2467 
0.2520 0.2661 0.2458 0.2361 
0.2463 0.1695 0.3722 0.2119 
0.2203 0.2944 0.2192 0.2661 

MOTIF filter29 
letter-probability matrix: alength= 4 w= 13 nsites= 13 
0.2386 0.2447 0.2426 0.2740 
0.2236 0.1620 0.1968 0.4176 
0.0229 0.5427 0.0515 0.3829 
0.0341 0.9112 0.0547 0.0000 
0.3985 0.3184 0.0930 0.1902 
0.4453 0.1037 0.3445 0.1065 
0.0122 0.0833 0.5960 0.3085 
0.0197 0.1166 0.8638 0.0000 
0.8715 0.0025 0.0935 0.0325 
0.5134 0.3709 0.1058 0.0098 
0.3241 0.1897 0.2068 0.2794 
0.2324 0.3590 0.1632 0.2454 
0.3443 0.2885 0.1423 0.2249 

MOTIF filter30 
letter-probability matrix: alength= 4 w= 13 nsites= 13 
0.2459 0.1887 0.2301 0.3353 
0.1211 0.6045 0.0654 0.2090 
0.0654 0.0195 0.0023 0.9128 
0.4075 0.0030 0.5857 0.0038 
0.1068 0.6684 0.0015 0.2233 
0.1647 0.0278 0.0293 0.7782 
0.1549 0.0060 0.6000 0.2391 
0.8910 0.0180 0.0053 0.0857 
0.0203 0.2496 0.1293 0.6008 
0.7872 0.0835 0.0293 0.1000 
0.1489 0.0571 0.5361 0.2579 
0.2639 0.2835 0.2053 0.2474 
0.2857 0.0534 0.4286 0.2323 

MOTIF filter31 
letter-probability matrix: alength= 4 w= 9 nsites= 9 
0.2389 0.2735 0.2369 0.2506 
0.2382 0.3203 0.4164 0.0252 
0.2834 0.0191 0.5885 0.1090 
0.0821 0.8907 0.0267 0.0005 
0.0257 0.9367 0.0376 0.0000 
0.8167 0.0488 0.1096 0.0249 
0.3650 0.1144 0.0498 0.4708 
0.0000 0.2679 0.3770 0.3551 
0.0483 0.4009 0.4583 0.0925 

