MEME version 4

ALPHABET= ACGT

Background letter frequencies:
A 0.2500 C 0.2500 G 0.2500 T 0.2500 

MOTIF filter0 
letter-probability matrix: alength= 4 w= 13 nsites= 13 
0.2001 0.4338 0.1519 0.2142 
0.2234 0.2050 0.1913 0.3803 
0.2578 0.3008 0.3392 0.1023 
0.1462 0.0083 0.0189 0.8266 
0.1066 0.4984 0.3708 0.0243 
0.3575 0.0367 0.1156 0.4902 
0.0391 0.4819 0.4718 0.0072 
0.4001 0.4128 0.1260 0.0610 
0.1301 0.0889 0.7184 0.0626 
0.0378 0.6673 0.2737 0.0211 
0.5561 0.1541 0.0902 0.1995 
0.0705 0.6022 0.0834 0.2438 
0.3285 0.2394 0.0072 0.4249 

MOTIF filter1 
letter-probability matrix: alength= 4 w= 15 nsites= 15 
0.2594 0.2187 0.2735 0.2484 
0.2361 0.2425 0.2803 0.2412 
0.2671 0.1253 0.4960 0.1117 
0.1953 0.0106 0.6276 0.1665 
0.2544 0.0259 0.6989 0.0208 
0.0238 0.0297 0.9146 0.0318 
0.0369 0.0756 0.8675 0.0200 
0.2807 0.3907 0.1512 0.1775 
0.0548 0.0569 0.8539 0.0344 
0.0204 0.0603 0.8930 0.0263 
0.2386 0.0263 0.6896 0.0454 
0.2352 0.1253 0.6238 0.0157 
0.2115 0.3902 0.2904 0.1079 
0.2251 0.2667 0.2955 0.2127 
0.2340 0.2696 0.2815 0.2149 

MOTIF filter2 
letter-probability matrix: alength= 4 w= 11 nsites= 11 
0.2538 0.2524 0.2355 0.2582 
0.3405 0.2292 0.2362 0.1940 
0.2600 0.2751 0.2661 0.1988 
0.0642 0.8427 0.0307 0.0624 
0.7825 0.0419 0.0733 0.1023 
0.0343 0.6977 0.0293 0.2387 
0.1744 0.0287 0.7656 0.0313 
0.0938 0.0534 0.0301 0.8227 
0.0598 0.0289 0.8361 0.0751 
0.2014 0.2643 0.2811 0.2531 
0.1933 0.2438 0.2152 0.3476 

MOTIF filter3 
letter-probability matrix: alength= 4 w= 12 nsites= 12 
0.4195 0.1144 0.0742 0.3920 
0.2190 0.2130 0.2783 0.2897 
0.2102 0.1440 0.1343 0.5116 
0.0255 0.3814 0.5870 0.0061 
0.0290 0.9133 0.0259 0.0318 
0.3745 0.3217 0.0048 0.2990 
0.0404 0.1431 0.3124 0.5040 
0.5096 0.3559 0.0430 0.0915 
0.0681 0.1730 0.0554 0.7036 
0.4158 0.3589 0.0731 0.1522 
0.1762 0.0638 0.1561 0.6039 
0.1046 0.1851 0.3574 0.3529 

MOTIF filter4 
letter-probability matrix: alength= 4 w= 13 nsites= 13 
0.2130 0.3188 0.2150 0.2533 
0.0956 0.2696 0.4293 0.2055 
0.3781 0.1546 0.3089 0.1584 
0.0892 0.7352 0.1458 0.0298 
0.0288 0.8508 0.0549 0.0654 
0.2662 0.0380 0.4836 0.2123 
0.0146 0.4395 0.3421 0.2038 
0.3059 0.6070 0.0271 0.0600 
0.1231 0.0431 0.4598 0.3740 
0.2682 0.0488 0.6477 0.0353 
0.2977 0.1685 0.0590 0.4747 
0.1523 0.0515 0.7609 0.0353 
0.0058 0.1217 0.8600 0.0125 

MOTIF filter5 
letter-probability matrix: alength= 4 w= 10 nsites= 10 
0.0621 0.3917 0.1940 0.3522 
0.4306 0.2626 0.3068 0.0000 
0.2834 0.1063 0.1499 0.4604 
0.9878 0.0104 0.0001 0.0017 
0.0067 0.4682 0.5183 0.0068 
0.0253 0.4725 0.3609 0.1412 
0.1909 0.6550 0.0084 0.1457 
0.2070 0.4830 0.1074 0.2026 
0.2702 0.3180 0.1185 0.2933 
0.1168 0.2460 0.4182 0.2190 

MOTIF filter6 
letter-probability matrix: alength= 4 w= 12 nsites= 12 
0.2503 0.2639 0.2698 0.2159 
0.1106 0.3136 0.3564 0.2194 
0.0189 0.5475 0.1590 0.2746 
0.0699 0.6185 0.0063 0.3053 
0.0715 0.8521 0.0638 0.0125 
0.0091 0.7358 0.1971 0.0581 
0.1384 0.1666 0.4485 0.2466 
0.0564 0.6673 0.2312 0.0451 
0.0035 0.8155 0.1462 0.0349 
0.0217 0.6244 0.1108 0.2431 
0.1575 0.5887 0.0477 0.2061 
0.1240 0.4571 0.1802 0.2387 

MOTIF filter7 
letter-probability matrix: alength= 4 w= 11 nsites= 11 
0.1482 0.2182 0.3686 0.2650 
0.2906 0.0938 0.3896 0.2260 
0.2762 0.2515 0.4298 0.0425 
0.1982 0.0166 0.0344 0.7508 
0.0000 0.8435 0.0000 0.1565 
0.0470 0.0000 0.9496 0.0034 
0.6377 0.1197 0.1856 0.0571 
0.1514 0.0169 0.1815 0.6502 
0.0657 0.5164 0.1910 0.2269 
0.2632 0.3590 0.2454 0.1325 
0.1572 0.1401 0.5358 0.1669 

MOTIF filter8 
letter-probability matrix: alength= 4 w= 12 nsites= 12 
0.3879 0.1789 0.3066 0.1266 
0.3988 0.3339 0.2084 0.0589 
0.3682 0.1849 0.3202 0.1266 
0.1397 0.0458 0.1495 0.6650 
0.1233 0.5194 0.3568 0.0005 
0.2946 0.7049 0.0005 0.0000 
0.0000 0.0005 0.9362 0.0633 
0.0000 0.4714 0.5270 0.0016 
0.9394 0.0344 0.0044 0.0218 
0.4594 0.2848 0.0486 0.2073 
0.0911 0.0993 0.6798 0.1298 
0.0889 0.2493 0.0338 0.6279 

MOTIF filter9 
letter-probability matrix: alength= 4 w= 12 nsites= 12 
0.5808 0.1170 0.1481 0.1541 
0.2996 0.1277 0.3202 0.2525 
0.4101 0.3763 0.0359 0.1777 
0.1191 0.0234 0.0526 0.8049 
0.2611 0.0107 0.7282 0.0000 
0.1481 0.1930 0.4374 0.2215 
0.1816 0.5243 0.0790 0.2152 
0.1226 0.0501 0.7808 0.0464 
0.1376 0.3373 0.4092 0.1159 
0.0044 0.5563 0.0737 0.3656 
0.7553 0.0862 0.0901 0.0684 
0.2087 0.1181 0.4541 0.2192 

MOTIF filter10 
letter-probability matrix: alength= 4 w= 16 nsites= 16 
0.2816 0.2367 0.2702 0.2116 
0.4353 0.1142 0.1872 0.2633 
0.4840 0.2519 0.0426 0.2215 
0.3752 0.0518 0.0632 0.5099 
0.2321 0.1636 0.2336 0.3706 
0.1301 0.0198 0.0533 0.7968 
0.0175 0.0548 0.9041 0.0236 
0.0525 0.6157 0.0053 0.3265 
0.0038 0.6667 0.0000 0.3295 
0.4292 0.0008 0.5609 0.0091 
0.4612 0.0266 0.4764 0.0358 
0.1073 0.7344 0.1012 0.0571 
0.6507 0.1043 0.0457 0.1994 
0.2298 0.1887 0.1735 0.4079 
0.3874 0.0883 0.1781 0.3463 
0.1804 0.0449 0.3767 0.3980 

MOTIF filter11 
letter-probability matrix: alength= 4 w= 14 nsites= 14 
0.1937 0.2507 0.3216 0.2341 
0.3471 0.1812 0.3498 0.1218 
0.3642 0.1447 0.3179 0.1732 
0.0175 0.8229 0.0977 0.0619 
0.0054 0.5717 0.0139 0.4090 
0.4777 0.0840 0.3133 0.1250 
0.9603 0.0119 0.0256 0.0022 
0.0019 0.1172 0.0889 0.7920 
0.1099 0.3907 0.2083 0.2911 
0.4175 0.0370 0.5384 0.0071 
0.0397 0.0972 0.8563 0.0068 
0.1866 0.3218 0.2482 0.2434 
0.1771 0.2926 0.2305 0.2999 
0.2192 0.3318 0.2158 0.2331 

MOTIF filter12 
letter-probability matrix: alength= 4 w= 16 nsites= 16 
0.2518 0.2177 0.2398 0.2906 
0.3407 0.1223 0.2986 0.2384 
0.3443 0.2072 0.1916 0.2569 
0.4227 0.0142 0.0816 0.4815 
0.2054 0.1691 0.4067 0.2188 
0.2377 0.2892 0.0290 0.4441 
0.0399 0.4263 0.4866 0.0472 
0.0200 0.9713 0.0044 0.0044 
0.5824 0.0047 0.1861 0.2268 
0.0247 0.1187 0.3505 0.5062 
0.9089 0.0091 0.0298 0.0522 
0.0000 0.2453 0.1484 0.6063 
0.4869 0.0965 0.0795 0.3371 
0.1753 0.1709 0.0366 0.6172 
0.0646 0.0795 0.6818 0.1742 
0.0954 0.0649 0.7798 0.0599 

MOTIF filter13 
letter-probability matrix: alength= 4 w= 12 nsites= 12 
0.4504 0.2112 0.0983 0.2400 
0.1777 0.2495 0.1190 0.4538 
0.1082 0.3726 0.2932 0.2261 
0.4572 0.5040 0.0071 0.0318 
0.4955 0.0462 0.0251 0.4332 
0.0107 0.0088 0.5636 0.4169 
0.2112 0.7068 0.0760 0.0059 
0.3583 0.2669 0.0189 0.3559 
0.0458 0.0312 0.5713 0.3517 
0.1496 0.2905 0.4996 0.0603 
0.5863 0.2188 0.0415 0.1533 
0.1800 0.0818 0.2381 0.5001 

MOTIF filter14 
letter-probability matrix: alength= 4 w= 13 nsites= 13 
0.2145 0.2466 0.2935 0.2454 
0.3228 0.1714 0.3354 0.1704 
0.2751 0.2411 0.3602 0.1236 
0.0875 0.6518 0.0793 0.1815 
0.1141 0.4896 0.0526 0.3436 
0.0936 0.7127 0.1401 0.0535 
0.0554 0.0000 0.9443 0.0003 
0.0511 0.0000 0.2726 0.6763 
0.1894 0.0000 0.8106 0.0000 
0.0028 0.7264 0.0125 0.2583 
0.4449 0.2996 0.0685 0.1870 
0.2176 0.2662 0.2313 0.2849 
0.1123 0.2659 0.3531 0.2687 

MOTIF filter15 
letter-probability matrix: alength= 4 w= 12 nsites= 12 
0.2530 0.1866 0.1919 0.3686 
0.1927 0.2194 0.3963 0.1915 
0.3415 0.3136 0.2804 0.0645 
0.0800 0.0226 0.0955 0.8018 
0.0392 0.0085 0.8020 0.1503 
0.9053 0.0134 0.0279 0.0533 
0.0766 0.3808 0.4745 0.0681 
0.0567 0.0701 0.0819 0.7913 
0.1159 0.7729 0.0400 0.0712 
0.8064 0.0405 0.0672 0.0858 
0.0918 0.3345 0.2412 0.3325 
0.2244 0.3379 0.2211 0.2165 

MOTIF filter16 
letter-probability matrix: alength= 4 w= 16 nsites= 16 
0.1758 0.2163 0.3613 0.2466 
0.1055 0.2899 0.3137 0.2910 
0.0941 0.5522 0.2207 0.1330 
0.5484 0.0297 0.3759 0.0460 
0.0552 0.8058 0.0736 0.0654 
0.1493 0.0681 0.1622 0.6203 
0.0465 0.0827 0.2802 0.5906 
0.0270 0.9459 0.0070 0.0200 
0.0081 0.7739 0.2174 0.0005 
0.2683 0.0032 0.6539 0.0746 
0.1882 0.1741 0.2380 0.3997 
0.1190 0.3688 0.1266 0.3856 
0.0314 0.2596 0.3094 0.3997 
0.0173 0.2017 0.0660 0.7150 
0.1541 0.1882 0.4932 0.1644 
0.3099 0.2185 0.2737 0.1979 

MOTIF filter17 
letter-probability matrix: alength= 4 w= 10 nsites= 10 
0.2415 0.2686 0.2325 0.2574 
0.2147 0.2686 0.2303 0.2865 
0.2516 0.3108 0.2275 0.2101 
0.6831 0.0000 0.0000 0.3169 
0.0000 0.0000 0.2658 0.7342 
0.0081 0.3129 0.0000 0.6790 
0.7480 0.0009 0.2511 0.0000 
0.9543 0.0096 0.0117 0.0243 
0.3702 0.0012 0.0121 0.6165 
0.2576 0.2215 0.2381 0.2828 

MOTIF filter18 
letter-probability matrix: alength= 4 w= 12 nsites= 12 
0.2112 0.3386 0.2301 0.2201 
0.2226 0.2907 0.3462 0.1406 
0.1992 0.0750 0.5706 0.1551 
0.0378 0.8443 0.0372 0.0807 
0.1387 0.8594 0.0019 0.0000 
0.9565 0.0113 0.0322 0.0000 
0.1721 0.1463 0.3834 0.2982 
0.3436 0.3398 0.1955 0.1211 
0.0038 0.2459 0.0000 0.7503 
0.0000 0.0038 0.8361 0.1602 
0.1166 0.1608 0.6923 0.0303 
0.1740 0.5498 0.0965 0.1797 

MOTIF filter19 
letter-probability matrix: alength= 4 w= 15 nsites= 15 
0.2876 0.3459 0.1527 0.2138 
0.4726 0.1369 0.2568 0.1337 
0.1395 0.1247 0.1378 0.5979 
0.4520 0.0531 0.0393 0.4556 
0.4476 0.0008 0.2406 0.3111 
0.2952 0.1197 0.3600 0.2251 
0.6764 0.0011 0.2690 0.0535 
0.2735 0.2169 0.0741 0.4355 
0.1730 0.1855 0.6405 0.0011 
0.2539 0.0015 0.7443 0.0003 
0.1196 0.2881 0.4666 0.1258 
0.0272 0.2743 0.5939 0.1046 
0.1601 0.1463 0.6120 0.0815 
0.2141 0.4968 0.0687 0.2205 
0.1536 0.3304 0.2788 0.2372 

MOTIF filter20 
letter-probability matrix: alength= 4 w= 14 nsites= 14 
0.2372 0.2516 0.2639 0.2472 
0.2613 0.2536 0.2396 0.2456 
0.4324 0.1718 0.3453 0.0504 
0.0390 0.0200 0.0157 0.9253 
0.0090 0.0207 0.1655 0.8048 
0.2976 0.0440 0.5235 0.1348 
0.0474 0.7571 0.0254 0.1702 
0.1538 0.0731 0.7187 0.0544 
0.1608 0.5462 0.0204 0.2726 
0.8215 0.1004 0.0060 0.0721 
0.9640 0.0140 0.0090 0.0130 
0.0487 0.3170 0.1448 0.4895 
0.2863 0.2629 0.2256 0.2252 
0.2706 0.2242 0.2249 0.2803 

MOTIF filter21 
letter-probability matrix: alength= 4 w= 12 nsites= 12 
0.1594 0.4730 0.2243 0.1433 
0.3301 0.0038 0.3824 0.2837 
0.2070 0.4174 0.3120 0.0637 
0.3385 0.5658 0.0944 0.0013 
0.6037 0.1307 0.0025 0.2631 
0.0000 0.0008 0.0000 0.9992 
0.0000 0.0653 0.9212 0.0135 
0.0000 0.0207 0.6952 0.2841 
0.0358 0.4768 0.0013 0.4861 
0.0708 0.3824 0.3221 0.2247 
0.2019 0.2500 0.3579 0.1901 
0.3465 0.3284 0.2083 0.1168 

MOTIF filter22 
letter-probability matrix: alength= 4 w= 14 nsites= 14 
0.2640 0.3108 0.2833 0.1419 
0.3571 0.1149 0.3529 0.1750 
0.1249 0.3997 0.1206 0.3548 
0.0591 0.5937 0.3245 0.0227 
0.7412 0.0530 0.0284 0.1774 
0.3283 0.1107 0.2758 0.2852 
0.0024 0.1107 0.0005 0.8865 
0.0038 0.6362 0.3600 0.0000 
0.7758 0.1689 0.0549 0.0005 
0.5913 0.1954 0.0412 0.1722 
0.0894 0.0440 0.2044 0.6623 
0.0587 0.3638 0.4910 0.0866 
0.5435 0.2479 0.1641 0.0445 
0.0610 0.3690 0.2247 0.3453 

MOTIF filter23 
letter-probability matrix: alength= 4 w= 14 nsites= 14 
0.2633 0.2533 0.2196 0.2638 
0.3018 0.2030 0.2467 0.2484 
0.1548 0.2756 0.1648 0.4049 
0.0543 0.0280 0.0346 0.8832 
0.0645 0.0497 0.0765 0.8093 
0.1799 0.7153 0.0528 0.0520 
0.0511 0.6728 0.0548 0.2213 
0.1728 0.2950 0.3184 0.2139 
0.1885 0.0254 0.7584 0.0277 
0.0474 0.0203 0.8141 0.1182 
0.7933 0.0722 0.0762 0.0583 
0.9175 0.0400 0.0171 0.0254 
0.3801 0.1753 0.2898 0.1548 
0.2159 0.2733 0.2179 0.2930 

MOTIF filter24 
letter-probability matrix: alength= 4 w= 9 nsites= 9 
0.2984 0.1406 0.2452 0.3159 
0.1390 0.1549 0.1721 0.5340 
0.2725 0.0227 0.4185 0.2863 
0.0117 0.9210 0.0113 0.0560 
0.0259 0.0003 0.0004 0.9735 
0.7743 0.1843 0.0413 0.0001 
0.2326 0.1783 0.3725 0.2167 
0.1627 0.0593 0.5300 0.2481 
0.4635 0.2309 0.1849 0.1207 

MOTIF filter25 
letter-probability matrix: alength= 4 w= 13 nsites= 13 
0.2544 0.3541 0.1624 0.2290 
0.3229 0.2950 0.2600 0.1220 
0.2773 0.0891 0.4925 0.1411 
0.3578 0.5370 0.0922 0.0131 
0.0945 0.5635 0.3266 0.0154 
0.7227 0.0112 0.2660 0.0002 
0.1339 0.2238 0.0901 0.5522 
0.0110 0.3268 0.6363 0.0260 
0.1844 0.0225 0.7148 0.0783 
0.0404 0.5083 0.0110 0.4403 
0.0587 0.2927 0.5566 0.0920 
0.0520 0.2256 0.4696 0.2529 
0.1372 0.4817 0.0835 0.2975 

MOTIF filter26 
letter-probability matrix: alength= 4 w= 11 nsites= 11 
0.1714 0.1872 0.2905 0.3509 
0.2926 0.1667 0.2762 0.2645 
0.1374 0.4513 0.2770 0.1343 
0.0122 0.6907 0.1523 0.1448 
0.3360 0.2413 0.3843 0.0384 
0.1558 0.1681 0.5982 0.0779 
0.1363 0.1721 0.0715 0.6201 
0.0451 0.3136 0.6250 0.0162 
0.5379 0.0207 0.4338 0.0076 
0.0402 0.0223 0.8936 0.0439 
0.1708 0.2540 0.1590 0.4161 

MOTIF filter27 
letter-probability matrix: alength= 4 w= 13 nsites= 13 
0.2094 0.2168 0.2228 0.3511 
0.1981 0.2373 0.3440 0.2207 
0.2031 0.1916 0.2604 0.3449 
0.0725 0.7595 0.0298 0.1383 
0.0233 0.3590 0.0275 0.5903 
0.7982 0.1085 0.0106 0.0826 
0.2468 0.0032 0.0078 0.7422 
0.5776 0.0282 0.0164 0.3779 
0.3393 0.0224 0.0215 0.6168 
0.6997 0.0030 0.0009 0.2964 
0.0847 0.0192 0.0732 0.8229 
0.5900 0.0312 0.3236 0.0552 
0.1247 0.0339 0.7685 0.0729 

MOTIF filter28 
letter-probability matrix: alength= 4 w= 14 nsites= 14 
0.3293 0.1468 0.2476 0.2764 
0.2650 0.3603 0.1024 0.2724 
0.1870 0.2300 0.1609 0.4221 
0.2325 0.0144 0.1752 0.5779 
0.1378 0.3487 0.4498 0.0637 
0.2706 0.4067 0.1575 0.1652 
0.0445 0.0153 0.3705 0.5697 
0.0676 0.6204 0.3050 0.0070 
0.9351 0.0160 0.0063 0.0427 
0.2021 0.1327 0.5921 0.0731 
0.0141 0.6812 0.2331 0.0716 
0.1484 0.2497 0.2017 0.4002 
0.0535 0.2230 0.5634 0.1601 
0.3164 0.2437 0.2367 0.2033 

MOTIF filter29 
letter-probability matrix: alength= 4 w= 13 nsites= 13 
0.1753 0.2753 0.1839 0.3656 
0.1949 0.0771 0.4406 0.2874 
0.1924 0.3895 0.0696 0.3484 
0.0000 0.8711 0.1200 0.0089 
0.4627 0.4602 0.0068 0.0703 
0.4409 0.0778 0.0093 0.4720 
0.0368 0.0007 0.0000 0.9625 
0.2156 0.0536 0.7308 0.0000 
0.2553 0.0039 0.3067 0.4341 
0.3920 0.1981 0.0100 0.3999 
0.1385 0.2449 0.1517 0.4648 
0.2292 0.1446 0.5862 0.0400 
0.1889 0.0832 0.6398 0.0882 

MOTIF filter30 
letter-probability matrix: alength= 4 w= 9 nsites= 9 
0.2673 0.4786 0.2460 0.0081 
0.4203 0.0640 0.1009 0.4148 
0.1956 0.0000 0.3856 0.4188 
0.1398 0.2666 0.5937 0.0000 
0.0004 0.3774 0.4786 0.1437 
0.7443 0.2541 0.0016 0.0000 
0.4692 0.0605 0.0630 0.4073 
0.0237 0.1697 0.6827 0.1239 
0.0574 0.3323 0.4898 0.1206 

MOTIF filter31 
letter-probability matrix: alength= 4 w= 12 nsites= 12 
0.3054 0.3524 0.1637 0.1785 
0.1724 0.3995 0.1513 0.2767 
0.0000 0.2783 0.2445 0.4772 
0.8405 0.0222 0.1372 0.0000 
0.0658 0.3394 0.1147 0.4800 
0.4306 0.4071 0.1623 0.0000 
0.1515 0.2099 0.0950 0.5436 
0.0841 0.2204 0.6953 0.0002 
0.0590 0.1315 0.7949 0.0146 
0.0284 0.4074 0.3400 0.2242 
0.1495 0.2807 0.2307 0.3391 
0.1679 0.2633 0.2297 0.3391 

