MEME version 4

ALPHABET= ACGT

Background letter frequencies:
A 0.2500 C 0.2500 G 0.2500 T 0.2500 

MOTIF filter0 
letter-probability matrix: alength= 4 w= 15 nsites= 15 
0.2386 0.2717 0.1848 0.3048 
0.1661 0.1918 0.3329 0.3092 
0.1818 0.3844 0.3085 0.1253 
0.0705 0.0124 0.2239 0.6932 
0.4141 0.0144 0.5094 0.0622 
0.4823 0.0114 0.3232 0.1832 
0.1638 0.3556 0.4188 0.0618 
0.1056 0.0157 0.1778 0.7009 
0.0157 0.7390 0.0000 0.2453 
0.2497 0.2390 0.0003 0.5110 
0.3192 0.6768 0.0003 0.0037 
0.1865 0.0010 0.7717 0.0408 
0.3613 0.2052 0.2650 0.1684 
0.1029 0.1985 0.4495 0.2490 
0.1474 0.2567 0.3680 0.2279 

MOTIF filter1 
letter-probability matrix: alength= 4 w= 10 nsites= 10 
0.1730 0.3613 0.3240 0.1418 
0.2558 0.2379 0.3421 0.1642 
0.1931 0.4111 0.3202 0.0755 
0.1214 0.0035 0.0003 0.8748 
0.5962 0.0017 0.0000 0.4021 
0.0001 0.9625 0.0374 0.0000 
0.0048 0.6521 0.3277 0.0154 
0.0938 0.3656 0.3933 0.1473 
0.2489 0.2695 0.2534 0.2282 
0.3735 0.2206 0.2184 0.1876 

MOTIF filter2 
letter-probability matrix: alength= 4 w= 13 nsites= 13 
0.2571 0.2493 0.2502 0.2434 
0.4090 0.1869 0.3380 0.0661 
0.0532 0.0408 0.0522 0.8538 
0.0281 0.0414 0.1739 0.7566 
0.3135 0.0322 0.4725 0.1819 
0.0956 0.6366 0.0661 0.2017 
0.2192 0.0580 0.6379 0.0849 
0.1916 0.4982 0.0166 0.2937 
0.7679 0.1659 0.0394 0.0269 
0.8814 0.0341 0.0510 0.0335 
0.0842 0.3222 0.2046 0.3890 
0.2398 0.2613 0.2543 0.2446 
0.2442 0.2367 0.2619 0.2572 

MOTIF filter3 
letter-probability matrix: alength= 4 w= 15 nsites= 15 
0.5179 0.1316 0.1898 0.1607 
0.3299 0.3788 0.1917 0.0996 
0.2312 0.1607 0.3835 0.2246 
0.1156 0.0263 0.0865 0.7716 
0.0066 0.7049 0.2885 0.0000 
0.2528 0.7472 0.0000 0.0000 
0.0009 0.0000 0.7810 0.2180 
0.0000 0.3102 0.6889 0.0009 
0.9878 0.0056 0.0009 0.0056 
0.4859 0.3233 0.0977 0.0930 
0.1194 0.0508 0.6400 0.1898 
0.1203 0.1852 0.0235 0.6711 
0.2904 0.1165 0.4323 0.1607 
0.2237 0.2707 0.3957 0.1100 
0.2227 0.3299 0.2415 0.2058 

MOTIF filter4 
letter-probability matrix: alength= 4 w= 11 nsites= 11 
0.2037 0.2873 0.2534 0.2556 
0.1807 0.2864 0.2730 0.2599 
0.1293 0.1347 0.2829 0.4531 
0.1777 0.0419 0.7804 0.0000 
0.4506 0.0534 0.0451 0.4509 
0.9989 0.0000 0.0000 0.0011 
0.0000 0.6666 0.3286 0.0048 
0.0442 0.4042 0.0496 0.5021 
0.2050 0.2759 0.3240 0.1951 
0.2050 0.3374 0.1560 0.3017 
0.2571 0.2226 0.2551 0.2652 

MOTIF filter5 
letter-probability matrix: alength= 4 w= 13 nsites= 13 
0.2060 0.3047 0.2619 0.2274 
0.2883 0.3381 0.1651 0.2086 
0.1752 0.1379 0.4182 0.2687 
0.0004 0.0000 0.3258 0.6738 
0.3259 0.2934 0.3805 0.0002 
0.0000 0.3964 0.6035 0.0001 
0.2843 0.1490 0.0294 0.5373 
0.6460 0.0754 0.1143 0.1644 
0.0000 0.3842 0.2272 0.3886 
0.2076 0.1280 0.6286 0.0357 
0.1899 0.2981 0.2456 0.2664 
0.2061 0.3315 0.2392 0.2232 
0.2565 0.2229 0.2467 0.2739 

MOTIF filter6 
letter-probability matrix: alength= 4 w= 14 nsites= 14 
0.2661 0.2131 0.2812 0.2396 
0.4377 0.0274 0.2502 0.2847 
0.3395 0.3254 0.1149 0.2202 
0.1494 0.0000 0.0000 0.8506 
0.4253 0.3298 0.1088 0.1362 
0.3784 0.0000 0.0000 0.6216 
0.0168 0.0000 0.9363 0.0469 
0.0849 0.8780 0.0000 0.0371 
0.4129 0.0035 0.0018 0.5818 
0.0115 0.0318 0.5579 0.3988 
0.8656 0.0000 0.0018 0.1326 
0.1919 0.2299 0.3828 0.1954 
0.2829 0.2166 0.0672 0.4332 
0.2272 0.3121 0.2263 0.2343 

MOTIF filter7 
letter-probability matrix: alength= 4 w= 16 nsites= 16 
0.1945 0.2167 0.1440 0.4448 
0.0832 0.1244 0.4695 0.3229 
0.3297 0.2974 0.2886 0.0843 
0.1400 0.6418 0.1534 0.0648 
0.0156 0.8552 0.0749 0.0542 
0.3565 0.0502 0.2366 0.3567 
0.0061 0.2535 0.0048 0.7356 
0.3653 0.0383 0.5961 0.0003 
0.1317 0.3471 0.0240 0.4972 
0.3131 0.1988 0.4869 0.0013 
0.1582 0.1693 0.0050 0.6675 
0.0545 0.4745 0.4241 0.0469 
0.3971 0.0255 0.5532 0.0242 
0.1024 0.2576 0.2361 0.4039 
0.2702 0.4210 0.1985 0.1102 
0.3421 0.1549 0.2043 0.2987 

MOTIF filter8 
letter-probability matrix: alength= 4 w= 15 nsites= 15 
0.2753 0.2252 0.1933 0.3062 
0.2396 0.1475 0.4431 0.1697 
0.3549 0.1721 0.2821 0.1909 
0.0400 0.6422 0.2690 0.0487 
0.0260 0.8592 0.0955 0.0193 
0.7946 0.0092 0.0583 0.1379 
0.2551 0.0207 0.3852 0.3390 
0.5444 0.2768 0.0974 0.0815 
0.1215 0.3862 0.0429 0.4494 
0.2975 0.0024 0.0000 0.7001 
0.0188 0.0034 0.6495 0.3284 
0.0092 0.0718 0.8669 0.0521 
0.0309 0.4002 0.2623 0.3067 
0.0550 0.1741 0.2854 0.4855 
0.1827 0.3500 0.3708 0.0964 

MOTIF filter9 
letter-probability matrix: alength= 4 w= 13 nsites= 13 
0.3389 0.2846 0.1807 0.1959 
0.1903 0.3076 0.2180 0.2840 
0.2265 0.2922 0.3056 0.1757 
0.5873 0.1862 0.2110 0.0155 
0.2437 0.0225 0.1477 0.5861 
0.0000 0.2957 0.0044 0.6999 
0.2285 0.0088 0.3123 0.4504 
0.4787 0.0029 0.5184 0.0000 
0.8269 0.1065 0.0665 0.0000 
0.0000 0.0487 0.0018 0.9495 
0.0318 0.4793 0.0893 0.3996 
0.3435 0.3792 0.0908 0.1865 
0.2615 0.3640 0.1918 0.1827 

MOTIF filter10 
letter-probability matrix: alength= 4 w= 12 nsites= 12 
0.1755 0.1589 0.4553 0.2103 
0.2379 0.3631 0.2483 0.1507 
0.1766 0.4785 0.1325 0.2125 
0.0966 0.1611 0.7031 0.0392 
0.5960 0.0618 0.0646 0.2776 
0.0044 0.0988 0.0132 0.8836 
0.0000 0.8709 0.0000 0.1291 
0.1236 0.0000 0.8764 0.0000 
0.8251 0.0403 0.0999 0.0348 
0.4840 0.1209 0.0535 0.3416 
0.1981 0.4343 0.2390 0.1286 
0.2174 0.2025 0.3675 0.2125 

MOTIF filter11 
letter-probability matrix: alength= 4 w= 16 nsites= 16 
0.2820 0.1567 0.1031 0.4581 
0.1279 0.1889 0.5301 0.1530 
0.3992 0.3674 0.1242 0.1092 
0.0342 0.8865 0.0553 0.0241 
0.0064 0.8175 0.1695 0.0067 
0.5710 0.0328 0.2023 0.1939 
0.0606 0.1624 0.0476 0.7294 
0.6383 0.1942 0.1661 0.0013 
0.0033 0.0703 0.0606 0.8657 
0.6959 0.0650 0.1507 0.0884 
0.2006 0.2133 0.0479 0.5382 
0.0573 0.1547 0.7264 0.0616 
0.0157 0.0743 0.8466 0.0633 
0.1664 0.1587 0.3255 0.3493 
0.2632 0.4923 0.1594 0.0851 
0.4873 0.0901 0.1413 0.2813 

MOTIF filter12 
letter-probability matrix: alength= 4 w= 13 nsites= 13 
0.4287 0.1395 0.2174 0.2144 
0.3230 0.0597 0.2719 0.3454 
0.3239 0.1521 0.4058 0.1182 
0.0534 0.0734 0.0725 0.8008 
0.0242 0.2297 0.4688 0.2773 
0.3901 0.0002 0.5803 0.0294 
0.0065 0.6572 0.3347 0.0016 
0.0002 0.6712 0.0018 0.3268 
0.6976 0.0940 0.2014 0.0070 
0.5799 0.0702 0.0123 0.3376 
0.1546 0.3488 0.1705 0.3262 
0.3318 0.0749 0.0830 0.5103 
0.1918 0.2616 0.1122 0.4345 

MOTIF filter13 
letter-probability matrix: alength= 4 w= 13 nsites= 13 
0.2567 0.2947 0.2474 0.2013 
0.2927 0.2412 0.2541 0.2119 
0.2393 0.1042 0.3766 0.2799 
0.0738 0.6081 0.2672 0.0509 
0.2061 0.6558 0.0391 0.0989 
0.2114 0.3959 0.3926 0.0002 
0.0578 0.0380 0.8722 0.0320 
0.1858 0.5305 0.0446 0.2391 
0.0018 0.4366 0.2993 0.2624 
0.0859 0.0975 0.7191 0.0976 
0.0902 0.1601 0.6129 0.1368 
0.3120 0.4362 0.0827 0.1691 
0.2505 0.2967 0.2191 0.2336 

MOTIF filter14 
letter-probability matrix: alength= 4 w= 13 nsites= 13 
0.2132 0.2836 0.2545 0.2487 
0.1303 0.2675 0.3634 0.2388 
0.0285 0.5790 0.1674 0.2251 
0.0589 0.5733 0.0353 0.3325 
0.0232 0.8522 0.1047 0.0199 
0.0403 0.8280 0.1045 0.0273 
0.2900 0.1457 0.3061 0.2582 
0.1374 0.7826 0.0258 0.0542 
0.0688 0.8093 0.0789 0.0430 
0.0575 0.6240 0.0485 0.2701 
0.2313 0.5568 0.0198 0.1921 
0.0955 0.4858 0.1345 0.2842 
0.2262 0.2992 0.2598 0.2148 

MOTIF filter15 
letter-probability matrix: alength= 4 w= 14 nsites= 14 
0.1530 0.5073 0.1462 0.1936 
0.2023 0.1849 0.1191 0.4937 
0.4879 0.2875 0.0910 0.1336 
0.7028 0.0019 0.0407 0.2546 
0.9187 0.0000 0.0116 0.0697 
0.4521 0.0687 0.3959 0.0833 
0.9555 0.0010 0.0000 0.0436 
0.0165 0.1075 0.0010 0.8751 
0.3078 0.0029 0.6893 0.0000 
0.0174 0.0000 0.9826 0.0000 
0.2517 0.6670 0.0271 0.0542 
0.2623 0.2110 0.3659 0.1607 
0.1713 0.1104 0.6254 0.0929 
0.1510 0.5886 0.0620 0.1985 

MOTIF filter16 
letter-probability matrix: alength= 4 w= 15 nsites= 15 
0.2558 0.2326 0.2403 0.2713 
0.2519 0.2237 0.2538 0.2706 
0.2225 0.2105 0.1784 0.3886 
0.0180 0.0783 0.0132 0.8906 
0.0223 0.0234 0.0852 0.8692 
0.2328 0.6405 0.0508 0.0759 
0.1439 0.5467 0.0159 0.2936 
0.2565 0.2319 0.2494 0.2622 
0.2939 0.0410 0.5383 0.1267 
0.0340 0.0608 0.6857 0.2194 
0.7966 0.1070 0.0398 0.0567 
0.8535 0.0333 0.0847 0.0285 
0.3840 0.2036 0.1941 0.2184 
0.2610 0.2483 0.2442 0.2465 
0.2647 0.2610 0.2280 0.2463 

MOTIF filter17 
letter-probability matrix: alength= 4 w= 15 nsites= 15 
0.2306 0.2439 0.2593 0.2662 
0.2598 0.2318 0.2674 0.2409 
0.1457 0.2487 0.2104 0.3952 
0.0879 0.0934 0.0735 0.7452 
0.0843 0.1136 0.0924 0.7096 
0.1578 0.6598 0.0848 0.0975 
0.0563 0.6644 0.0801 0.1992 
0.1907 0.3879 0.2437 0.1778 
0.1649 0.0301 0.7672 0.0379 
0.0654 0.0260 0.8442 0.0644 
0.8692 0.0384 0.0785 0.0139 
0.9720 0.0093 0.0129 0.0058 
0.4073 0.1545 0.3341 0.1040 
0.2068 0.2770 0.2013 0.3149 
0.2295 0.2164 0.3558 0.1982 

MOTIF filter18 
letter-probability matrix: alength= 4 w= 15 nsites= 15 
0.2311 0.2134 0.3087 0.2469 
0.2335 0.2050 0.3089 0.2526 
0.2379 0.0961 0.5370 0.1290 
0.2360 0.0231 0.5953 0.1456 
0.2254 0.0702 0.6913 0.0131 
0.0596 0.0414 0.8949 0.0041 
0.0313 0.1783 0.7123 0.0781 
0.2670 0.3832 0.2118 0.1380 
0.0479 0.1233 0.8106 0.0182 
0.0329 0.0471 0.8917 0.0283 
0.2817 0.0095 0.6570 0.0517 
0.2768 0.1331 0.5729 0.0171 
0.2131 0.3547 0.3239 0.1083 
0.2194 0.2757 0.2874 0.2175 
0.2490 0.2583 0.2858 0.2069 

MOTIF filter19 
letter-probability matrix: alength= 4 w= 13 nsites= 13 
0.1838 0.2436 0.3291 0.2436 
0.0581 0.3829 0.2350 0.3239 
0.1197 0.4863 0.1940 0.2000 
0.4915 0.0393 0.3957 0.0735 
0.0256 0.8094 0.0564 0.1085 
0.0444 0.0795 0.0274 0.8487 
0.0256 0.0171 0.1709 0.7863 
0.0872 0.8880 0.0214 0.0034 
0.0017 0.8889 0.0162 0.0932 
0.2590 0.0026 0.5376 0.2009 
0.0026 0.2744 0.3299 0.3932 
0.0291 0.4299 0.1333 0.4077 
0.0419 0.2299 0.1974 0.5308 

MOTIF filter20 
letter-probability matrix: alength= 4 w= 11 nsites= 11 
0.3110 0.2424 0.2372 0.2094 
0.2568 0.2045 0.3556 0.1831 
0.3151 0.1558 0.0544 0.4747 
0.0000 0.1374 0.8621 0.0005 
0.3394 0.0069 0.0128 0.6409 
0.0019 0.7631 0.2328 0.0022 
0.3759 0.0065 0.0073 0.6103 
0.1461 0.6565 0.1411 0.0562 
0.3134 0.2970 0.1703 0.2193 
0.2172 0.2960 0.2955 0.1913 
0.2991 0.3442 0.2500 0.1067 

MOTIF filter21 
letter-probability matrix: alength= 4 w= 17 nsites= 17 
0.2964 0.2794 0.1935 0.2306 
0.1723 0.1757 0.2317 0.4202 
0.1241 0.5399 0.1988 0.1372 
0.1322 0.1294 0.0809 0.6576 
0.5541 0.1227 0.2758 0.0474 
0.1732 0.0655 0.1414 0.6199 
0.0664 0.8254 0.0017 0.1065 
0.2761 0.1525 0.2005 0.3709 
0.4149 0.0468 0.4289 0.1093 
0.0123 0.7075 0.0059 0.2744 
0.6380 0.0081 0.1799 0.1740 
0.2061 0.0167 0.6057 0.1715 
0.4205 0.2828 0.0416 0.2552 
0.1542 0.1637 0.0388 0.6433 
0.4704 0.1378 0.1344 0.2574 
0.1810 0.1408 0.5148 0.1634 
0.3634 0.2434 0.1609 0.2323 

MOTIF filter22 
letter-probability matrix: alength= 4 w= 13 nsites= 13 
0.0995 0.4398 0.3145 0.1462 
0.4066 0.2350 0.3267 0.0317 
0.2617 0.2478 0.3309 0.1596 
0.0000 0.3743 0.0000 0.6257 
0.0000 0.7491 0.2509 0.0000 
0.9603 0.0000 0.0397 0.0000 
0.1354 0.1554 0.4210 0.2882 
0.0396 0.4593 0.1014 0.3997 
0.2590 0.3938 0.1281 0.2192 
0.4519 0.0562 0.0207 0.4712 
0.2587 0.1240 0.2922 0.3251 
0.2952 0.2051 0.2438 0.2560 
0.2696 0.2187 0.2165 0.2952 

MOTIF filter23 
letter-probability matrix: alength= 4 w= 14 nsites= 14 
0.1229 0.2229 0.4330 0.2213 
0.3420 0.2388 0.2638 0.1553 
0.2840 0.3207 0.2048 0.1904 
0.0043 0.8261 0.0426 0.1271 
0.1654 0.3633 0.0074 0.4638 
0.3686 0.0388 0.1250 0.4676 
0.9968 0.0032 0.0000 0.0000 
0.0005 0.0000 0.0005 0.9989 
0.4750 0.1952 0.0580 0.2718 
0.5202 0.0011 0.3271 0.1516 
0.0239 0.0181 0.9580 0.0000 
0.2628 0.1979 0.3500 0.1894 
0.2101 0.2133 0.2324 0.3441 
0.2335 0.4649 0.1574 0.1441 

MOTIF filter24 
letter-probability matrix: alength= 4 w= 11 nsites= 11 
0.2228 0.1668 0.3154 0.2950 
0.2307 0.1934 0.1806 0.3952 
0.1810 0.1735 0.2680 0.3775 
0.5923 0.0000 0.2573 0.1504 
0.6079 0.3326 0.0422 0.0174 
0.3420 0.4267 0.1404 0.0908 
0.9870 0.0000 0.0130 0.0000 
0.0000 0.0000 0.0000 1.0000 
0.1958 0.3987 0.3259 0.0796 
0.0176 0.2863 0.3082 0.3880 
0.2439 0.4589 0.0007 0.2964 

MOTIF filter25 
letter-probability matrix: alength= 4 w= 12 nsites= 12 
0.2535 0.2482 0.2497 0.2485 
0.3543 0.2108 0.2465 0.1884 
0.2392 0.2842 0.2731 0.2035 
0.0494 0.7967 0.0632 0.0907 
0.8647 0.0357 0.0470 0.0527 
0.0385 0.7847 0.0395 0.1374 
0.1646 0.0351 0.7684 0.0319 
0.0569 0.0587 0.0366 0.8479 
0.0834 0.0111 0.8527 0.0528 
0.2117 0.2927 0.2686 0.2270 
0.2022 0.2447 0.1893 0.3638 
0.2260 0.2640 0.2428 0.2671 

MOTIF filter26 
letter-probability matrix: alength= 4 w= 14 nsites= 14 
0.1110 0.0271 0.4763 0.3857 
0.2246 0.5074 0.2070 0.0609 
0.3802 0.3369 0.2165 0.0663 
0.0704 0.0054 0.6793 0.2449 
0.0054 0.9932 0.0000 0.0014 
0.3139 0.6766 0.0014 0.0081 
0.9445 0.0541 0.0014 0.0000 
0.0257 0.0000 0.0000 0.9743 
0.2598 0.3288 0.1353 0.2760 
0.0176 0.0244 0.0068 0.9513 
0.0000 0.0338 0.0839 0.8823 
0.1042 0.1854 0.5332 0.1773 
0.2747 0.2760 0.2422 0.2070 
0.2544 0.2273 0.2977 0.2206 

MOTIF filter27 
letter-probability matrix: alength= 4 w= 16 nsites= 16 
0.2814 0.2749 0.2348 0.2089 
0.1863 0.3131 0.2633 0.2374 
0.1779 0.1552 0.4754 0.1915 
0.0026 0.6287 0.0000 0.3687 
0.0000 0.0000 0.4314 0.5686 
0.9987 0.0006 0.0006 0.0000 
0.0530 0.3480 0.3195 0.2794 
0.1475 0.0006 0.0110 0.8409 
0.2607 0.5116 0.0006 0.2270 
0.6190 0.0078 0.1675 0.2057 
0.0006 0.1113 0.0731 0.8150 
0.7167 0.1339 0.1041 0.0453 
0.1488 0.0789 0.6475 0.1248 
0.2477 0.4327 0.1714 0.1481 
0.1740 0.3292 0.3338 0.1630 
0.2206 0.3241 0.2251 0.2303 

MOTIF filter28 
letter-probability matrix: alength= 4 w= 12 nsites= 12 
0.2392 0.3802 0.2311 0.1495 
0.0540 0.2396 0.3541 0.3523 
0.2930 0.0473 0.5299 0.1297 
0.1986 0.0000 0.7959 0.0055 
0.0088 0.6774 0.2974 0.0164 
0.1718 0.0000 0.1281 0.7001 
0.0682 0.2338 0.3142 0.3839 
0.5891 0.1844 0.0001 0.2264 
0.0198 0.5379 0.3747 0.0676 
0.2266 0.3598 0.1881 0.2255 
0.2235 0.3413 0.2175 0.2177 
0.3091 0.2437 0.1925 0.2547 

MOTIF filter29 
letter-probability matrix: alength= 4 w= 16 nsites= 16 
0.2697 0.2099 0.2681 0.2523 
0.2510 0.1559 0.2816 0.3115 
0.3372 0.3069 0.2138 0.1421 
0.1595 0.0250 0.1477 0.6678 
0.0888 0.0947 0.5553 0.2612 
0.6010 0.2362 0.0487 0.1141 
0.0914 0.0569 0.2586 0.5931 
0.0240 0.0033 0.3155 0.6572 
0.2895 0.6951 0.0023 0.0132 
0.6757 0.1605 0.0655 0.0984 
0.0609 0.0158 0.4141 0.5092 
0.0414 0.8605 0.0533 0.0447 
0.6592 0.1280 0.0378 0.1750 
0.1464 0.2760 0.4280 0.1497 
0.3625 0.1875 0.0664 0.3836 
0.3905 0.1852 0.1750 0.2493 

MOTIF filter30 
letter-probability matrix: alength= 4 w= 13 nsites= 13 
0.1304 0.3011 0.2916 0.2768 
0.3180 0.1794 0.3184 0.1843 
0.3817 0.1518 0.4134 0.0531 
0.0000 0.2686 0.0271 0.7042 
0.0000 0.5381 0.4554 0.0066 
0.9992 0.0000 0.0004 0.0004 
0.4595 0.0671 0.1580 0.3155 
0.0111 0.0037 0.0391 0.9461 
0.0321 0.5154 0.4525 0.0000 
0.5208 0.0226 0.4525 0.0041 
0.1168 0.3793 0.1588 0.3451 
0.1288 0.2986 0.2896 0.2830 
0.2653 0.2172 0.3595 0.1580 

MOTIF filter31 
letter-probability matrix: alength= 4 w= 11 nsites= 11 
0.2419 0.5247 0.1230 0.1104 
0.0927 0.3698 0.1977 0.3398 
0.5914 0.1010 0.2565 0.0511 
0.0320 0.0000 0.0990 0.8690 
0.4942 0.3837 0.0171 0.1050 
0.0011 0.0003 0.0003 0.9983 
0.9133 0.0200 0.0071 0.0596 
0.0043 0.0745 0.2845 0.6368 
0.5504 0.1843 0.2405 0.0248 
0.3036 0.1275 0.5304 0.0385 
0.2773 0.1991 0.3452 0.1783 

