MEME version 4

ALPHABET= ACGT

Background letter frequencies:
A 0.2500 C 0.2500 G 0.2500 T 0.2500 

MOTIF filter0 
letter-probability matrix: alength= 4 w= 12 nsites= 12 
0.0529 0.2308 0.5048 0.2115 
0.2548 0.1827 0.2644 0.2981 
0.2212 0.0962 0.4952 0.1875 
0.0144 0.0288 0.9087 0.0481 
0.1346 0.0048 0.8221 0.0385 
0.0385 0.0529 0.8942 0.0144 
0.0288 0.0481 0.9231 0.0000 
0.2356 0.2308 0.4327 0.1010 
0.0096 0.2404 0.6779 0.0721 
0.0096 0.0337 0.9567 0.0000 
0.1394 0.0000 0.8606 0.0000 
0.0913 0.0048 0.9038 0.0000 

MOTIF filter1 
letter-probability matrix: alength= 4 w= 16 nsites= 16 
0.2513 0.2725 0.2394 0.2368 
0.2354 0.2778 0.2434 0.2434 
0.1058 0.0516 0.3479 0.4947 
0.0304 0.9220 0.0000 0.0476 
0.0000 0.0000 0.0000 1.0000 
1.0000 0.0000 0.0000 0.0000 
0.2989 0.0000 0.0000 0.7011 
0.5146 0.0000 0.0000 0.4854 
0.6058 0.0000 0.0000 0.3942 
0.7500 0.0000 0.0000 0.2500 
0.0000 0.0000 0.0000 1.0000 
1.0000 0.0000 0.0000 0.0000 
0.0767 0.0000 0.9220 0.0013 
0.4775 0.3730 0.0304 0.1190 
0.2897 0.2222 0.2566 0.2315 
0.2526 0.2738 0.2407 0.2328 

MOTIF filter2 
letter-probability matrix: alength= 4 w= 14 nsites= 14 
0.4586 0.2238 0.1409 0.1768 
0.0663 0.3840 0.1105 0.4392 
0.0718 0.3149 0.3785 0.2348 
0.4227 0.1188 0.4586 0.0000 
0.5801 0.0055 0.3702 0.0442 
0.0000 1.0000 0.0000 0.0000 
0.0000 1.0000 0.0000 0.0000 
1.0000 0.0000 0.0000 0.0000 
1.0000 0.0000 0.0000 0.0000 
0.0000 0.0000 0.0000 1.0000 
0.0276 0.7790 0.1934 0.0000 
0.8453 0.0028 0.1519 0.0000 
0.0608 0.0580 0.8812 0.0000 
0.2099 0.2845 0.2320 0.2735 

MOTIF filter3 
letter-probability matrix: alength= 4 w= 12 nsites= 12 
0.2167 0.2667 0.2300 0.2867 
0.1367 0.1667 0.4167 0.2800 
0.0167 0.4933 0.2300 0.2600 
0.0367 0.6933 0.1400 0.1300 
0.7533 0.0133 0.2333 0.0000 
0.0000 0.9867 0.0000 0.0133 
0.0000 0.0000 0.0000 1.0000 
0.0000 0.0000 0.0000 1.0000 
0.0000 1.0000 0.0000 0.0000 
0.0000 1.0000 0.0000 0.0000 
0.0000 0.0000 0.9767 0.0233 
0.0000 0.1767 0.8033 0.0200 

MOTIF filter4 
letter-probability matrix: alength= 4 w= 13 nsites= 13 
0.3325 0.2649 0.2260 0.1766 
0.2519 0.2987 0.2364 0.2130 
0.0753 0.1455 0.5662 0.2130 
0.0000 0.8156 0.0286 0.1558 
0.0000 0.8104 0.0000 0.1896 
0.0000 1.0000 0.0000 0.0000 
0.0000 1.0000 0.0000 0.0000 
0.1117 0.0000 0.5792 0.3091 
0.0000 1.0000 0.0000 0.0000 
0.0000 1.0000 0.0000 0.0000 
0.0000 0.7818 0.0000 0.2182 
0.0779 0.8156 0.0000 0.1065 
0.0494 0.6260 0.0545 0.2701 

MOTIF filter5 
letter-probability matrix: alength= 4 w= 20 nsites= 20 
0.2599 0.2203 0.2335 0.2863 
0.0000 0.3524 0.6167 0.0308 
0.7974 0.0132 0.0925 0.0969 
0.1762 0.0881 0.2511 0.4846 
0.2159 0.1850 0.0000 0.5991 
0.1189 0.0264 0.5859 0.2687 
0.4537 0.1586 0.3877 0.0000 
0.1850 0.0264 0.2907 0.4978 
0.7137 0.1454 0.0088 0.1322 
0.2863 0.1013 0.3040 0.3084 
0.2423 0.4361 0.1498 0.1718 
0.1982 0.1630 0.0220 0.6167 
0.3921 0.0000 0.0044 0.6035 
0.2115 0.1101 0.1982 0.4802 
0.2115 0.0308 0.6960 0.0617 
0.3128 0.0793 0.3789 0.2291 
0.1894 0.1410 0.0617 0.6079 
0.0000 0.0396 0.0352 0.9251 
0.0352 0.0220 0.6079 0.3348 
0.1454 0.3965 0.1101 0.3480 

MOTIF filter6 
letter-probability matrix: alength= 4 w= 12 nsites= 12 
0.2427 0.2988 0.2220 0.2366 
0.2951 0.2073 0.2207 0.2768 
0.2915 0.2354 0.2256 0.2476 
1.0000 0.0000 0.0000 0.0000 
0.0000 0.0000 0.0000 1.0000 
0.0000 0.4049 0.0000 0.5951 
1.0000 0.0000 0.0000 0.0000 
1.0000 0.0000 0.0000 0.0000 
0.9366 0.0000 0.0000 0.0634 
0.2561 0.2402 0.2354 0.2683 
0.2549 0.2488 0.2220 0.2744 
0.2366 0.2585 0.2488 0.2561 

MOTIF filter7 
letter-probability matrix: alength= 4 w= 18 nsites= 18 
0.2765 0.5434 0.0482 0.1318 
0.2379 0.1865 0.0643 0.5113 
0.2862 0.1704 0.3119 0.2315 
0.6334 0.0450 0.1061 0.2154 
0.1929 0.2926 0.4920 0.0225 
0.0000 0.0000 0.0000 1.0000 
0.0064 0.9936 0.0000 0.0000 
1.0000 0.0000 0.0000 0.0000 
0.0000 0.0000 0.9904 0.0096 
0.0000 1.0000 0.0000 0.0000 
0.9968 0.0000 0.0000 0.0032 
0.4469 0.1576 0.1286 0.2669 
0.4180 0.0418 0.0032 0.5370 
0.3859 0.0579 0.0032 0.5531 
0.3023 0.1029 0.0161 0.5788 
0.2733 0.2154 0.2605 0.2508 
0.2701 0.2669 0.2283 0.2347 
0.2026 0.3023 0.2154 0.2797 

MOTIF filter8 
letter-probability matrix: alength= 4 w= 15 nsites= 15 
0.2767 0.2458 0.2079 0.2697 
0.2289 0.2725 0.2402 0.2584 
0.1138 0.1896 0.1461 0.5506 
0.0000 0.0000 0.0000 1.0000 
0.0000 0.0000 0.0000 1.0000 
0.0520 0.9480 0.0000 0.0000 
0.0028 0.7963 0.0000 0.2008 
0.2584 0.2022 0.2654 0.2739 
0.1685 0.0000 0.8315 0.0000 
0.0000 0.0000 0.9817 0.0183 
1.0000 0.0000 0.0000 0.0000 
1.0000 0.0000 0.0000 0.0000 
0.5885 0.0871 0.1784 0.1461 
0.2219 0.2725 0.2598 0.2458 
0.2739 0.2430 0.2444 0.2388 

MOTIF filter9 
letter-probability matrix: alength= 4 w= 15 nsites= 15 
0.2278 0.2152 0.2954 0.2616 
0.2954 0.0338 0.6498 0.0211 
0.1435 0.0000 0.8143 0.0422 
0.1308 0.0000 0.8692 0.0000 
0.0000 0.0000 1.0000 0.0000 
0.0000 0.0000 1.0000 0.0000 
0.2996 0.6076 0.0000 0.0928 
0.0000 0.0000 1.0000 0.0000 
0.0000 0.0000 1.0000 0.0000 
0.1013 0.0000 0.8987 0.0000 
0.1392 0.0000 0.8608 0.0000 
0.1139 0.6582 0.1730 0.0549 
0.2658 0.1772 0.3165 0.2405 
0.2658 0.2827 0.1646 0.2869 
0.2574 0.2321 0.2616 0.2489 

MOTIF filter10 
letter-probability matrix: alength= 4 w= 15 nsites= 15 
0.2692 0.3077 0.2179 0.2051 
0.0641 0.2094 0.4829 0.2436 
0.0000 0.8803 0.0128 0.1068 
0.0000 0.9060 0.0000 0.0940 
0.0000 1.0000 0.0000 0.0000 
0.0000 1.0000 0.0000 0.0000 
0.0855 0.0000 0.7094 0.2051 
0.0000 1.0000 0.0000 0.0000 
0.0000 1.0000 0.0000 0.0000 
0.0000 0.8932 0.0000 0.1068 
0.0299 0.9188 0.0000 0.0513 
0.0214 0.7094 0.0342 0.2350 
0.2564 0.2179 0.2350 0.2906 
0.2607 0.2350 0.2222 0.2821 
0.2479 0.3034 0.2393 0.2094 

MOTIF filter11 
letter-probability matrix: alength= 4 w= 17 nsites= 17 
0.2776 0.2082 0.2286 0.2857 
0.2000 0.2571 0.2490 0.2939 
0.2327 0.2531 0.3020 0.2122 
0.2612 0.0490 0.6408 0.0490 
0.0571 0.0000 0.9061 0.0367 
0.1510 0.0000 0.8490 0.0000 
0.0000 0.0000 1.0000 0.0000 
0.0000 0.0000 1.0000 0.0000 
0.2408 0.6245 0.0000 0.1347 
0.0000 0.0000 1.0000 0.0000 
0.0000 0.0000 1.0000 0.0000 
0.1347 0.0000 0.8653 0.0000 
0.1347 0.0245 0.8408 0.0000 
0.2204 0.6082 0.1388 0.0327 
0.2939 0.2449 0.3061 0.1551 
0.2163 0.3020 0.2857 0.1959 
0.2490 0.2449 0.2653 0.2408 

MOTIF filter12 
letter-probability matrix: alength= 4 w= 17 nsites= 17 
0.2922 0.2500 0.1948 0.2630 
0.2403 0.2695 0.2727 0.2175 
0.2305 0.2597 0.2630 0.2468 
0.1136 0.0130 0.7110 0.1623 
0.0779 0.7338 0.1071 0.0812 
0.2922 0.3442 0.2695 0.0942 
0.0584 0.0000 0.8604 0.0812 
0.0000 1.0000 0.0000 0.0000 
0.0000 1.0000 0.0000 0.0000 
1.0000 0.0000 0.0000 0.0000 
0.0000 0.0000 0.0000 1.0000 
0.0032 0.4513 0.1494 0.3961 
0.0000 0.0097 0.0000 0.9903 
0.0000 0.0097 0.0000 0.9903 
0.0714 0.0779 0.7532 0.0974 
0.2727 0.2240 0.2695 0.2338 
0.1981 0.2662 0.2597 0.2760 

MOTIF filter13 
letter-probability matrix: alength= 4 w= 12 nsites= 12 
0.2332 0.2619 0.2599 0.2451 
0.3923 0.2105 0.2510 0.1462 
0.2233 0.3053 0.3142 0.1571 
0.0000 1.0000 0.0000 0.0000 
1.0000 0.0000 0.0000 0.0000 
0.0000 0.9970 0.0000 0.0030 
0.0049 0.0000 0.9951 0.0000 
0.0000 0.0000 0.0000 1.0000 
0.0000 0.0000 1.0000 0.0000 
0.1640 0.2885 0.3192 0.2283 
0.1670 0.2381 0.1759 0.4190 
0.2322 0.2559 0.2500 0.2619 

MOTIF filter14 
letter-probability matrix: alength= 4 w= 14 nsites= 14 
0.1754 0.2052 0.3246 0.2948 
0.0224 0.4888 0.2127 0.2761 
0.0896 0.6642 0.1045 0.1418 
0.7239 0.0000 0.2388 0.0373 
0.0000 0.9366 0.0112 0.0522 
0.0000 0.0000 0.0000 1.0000 
0.0000 0.0000 0.0000 1.0000 
0.0000 1.0000 0.0000 0.0000 
0.0000 1.0000 0.0000 0.0000 
0.0000 0.0000 0.9963 0.0037 
0.0000 0.0485 0.9515 0.0000 
0.2537 0.1903 0.2500 0.3060 
0.1530 0.2425 0.3172 0.2873 
0.2575 0.2127 0.2463 0.2836 

MOTIF filter15 
letter-probability matrix: alength= 4 w= 20 nsites= 20 
0.2324 0.2110 0.2569 0.2997 
0.3486 0.2966 0.0153 0.3394 
0.2844 0.2171 0.0061 0.4924 
0.8349 0.0642 0.0367 0.0642 
0.2936 0.0520 0.1131 0.5413 
0.0765 0.2508 0.3333 0.3394 
0.1223 0.0979 0.0489 0.7309 
0.3639 0.2722 0.0275 0.3364 
0.2202 0.0000 0.6820 0.0979 
0.0336 0.1590 0.7982 0.0092 
0.0122 0.8073 0.1162 0.0642 
0.3976 0.3089 0.2018 0.0917 
0.1468 0.3670 0.2538 0.2324 
0.0122 0.2813 0.2966 0.4098 
0.1162 0.1835 0.2905 0.4098 
0.2599 0.2141 0.0612 0.4648 
0.3670 0.0581 0.5749 0.0000 
0.1468 0.0489 0.0826 0.7217 
0.0000 0.4618 0.1131 0.4251 
0.7248 0.1376 0.1346 0.0031 

MOTIF filter16 
letter-probability matrix: alength= 4 w= 15 nsites= 15 
0.2838 0.3077 0.2095 0.1989 
0.2759 0.2812 0.2016 0.2414 
0.2467 0.2255 0.2546 0.2732 
0.0027 0.8223 0.0902 0.0849 
0.0000 0.1724 0.0000 0.8276 
0.0000 0.2334 0.7401 0.0265 
1.0000 0.0000 0.0000 0.0000 
0.0000 0.0000 0.0000 1.0000 
0.0000 0.0000 0.0000 1.0000 
0.0000 0.0000 1.0000 0.0000 
0.0000 0.0000 1.0000 0.0000 
0.0451 0.4005 0.0106 0.5438 
0.0133 0.4324 0.1432 0.4111 
0.1883 0.4297 0.3050 0.0769 
0.4748 0.1406 0.3183 0.0663 

MOTIF filter17 
letter-probability matrix: alength= 4 w= 20 nsites= 20 
0.2262 0.2455 0.2623 0.2659 
0.2106 0.2816 0.2804 0.2274 
0.2852 0.2407 0.2323 0.2419 
0.1625 0.0746 0.0397 0.7232 
0.0265 0.0915 0.6606 0.2214 
0.4188 0.3875 0.0674 0.1264 
0.0000 1.0000 0.0000 0.0000 
0.0000 0.9916 0.0024 0.0060 
0.8412 0.0012 0.0048 0.1528 
0.0168 0.0000 0.0000 0.9832 
1.0000 0.0000 0.0000 0.0000 
0.0000 0.0000 0.0012 0.9988 
0.9880 0.0000 0.0000 0.0120 
0.1528 0.0036 0.0012 0.8424 
0.0012 0.0036 0.9952 0.0000 
0.0000 0.0000 1.0000 0.0000 
0.1059 0.0698 0.3947 0.4296 
0.2226 0.6558 0.0903 0.0313 
0.7316 0.0253 0.0626 0.1805 
0.2335 0.2852 0.2395 0.2419 

MOTIF filter18 
letter-probability matrix: alength= 4 w= 18 nsites= 18 
0.2203 0.2627 0.2415 0.2754 
0.1864 0.3136 0.3305 0.1695 
0.2458 0.2881 0.2119 0.2542 
0.1907 0.7076 0.0763 0.0254 
0.9958 0.0000 0.0042 0.0000 
0.9958 0.0000 0.0042 0.0000 
0.4788 0.0551 0.4576 0.0085 
1.0000 0.0000 0.0000 0.0000 
0.0000 0.0000 0.0000 1.0000 
0.0000 0.0000 1.0000 0.0000 
0.0000 0.0000 1.0000 0.0000 
0.0466 0.9492 0.0000 0.0042 
0.0805 0.1907 0.4576 0.2712 
0.0678 0.0678 0.8220 0.0424 
0.0847 0.8390 0.0212 0.0551 
0.2839 0.1992 0.2034 0.3136 
0.2288 0.2288 0.3263 0.2161 
0.2500 0.2585 0.2797 0.2119 

MOTIF filter19 
letter-probability matrix: alength= 4 w= 12 nsites= 12 
0.2419 0.2321 0.2645 0.2616 
0.2291 0.1711 0.3953 0.2045 
0.3933 0.2222 0.3520 0.0324 
0.0000 0.0000 0.0000 1.0000 
0.0000 0.0000 1.0000 0.0000 
1.0000 0.0000 0.0000 0.0000 
0.0049 0.5034 0.4916 0.0000 
0.0000 0.0000 0.0000 1.0000 
0.0000 1.0000 0.0000 0.0000 
1.0000 0.0000 0.0000 0.0000 
0.0147 0.3343 0.2527 0.3982 
0.2183 0.3618 0.1858 0.2340 

MOTIF filter20 
letter-probability matrix: alength= 4 w= 12 nsites= 12 
0.2801 0.2421 0.2150 0.2628 
0.2758 0.2432 0.2367 0.2443 
0.1488 0.2117 0.1488 0.4908 
0.0000 0.0000 0.0000 1.0000 
0.0000 0.0000 0.0000 1.0000 
0.0630 0.9370 0.0000 0.0000 
0.0033 0.7818 0.0000 0.2150 
0.2530 0.2280 0.2400 0.2790 
0.2345 0.0000 0.7524 0.0130 
0.0000 0.0000 0.9066 0.0934 
0.9935 0.0065 0.0000 0.0000 
1.0000 0.0000 0.0000 0.0000 

MOTIF filter21 
letter-probability matrix: alength= 4 w= 16 nsites= 16 
0.2319 0.2332 0.2631 0.2718 
0.2082 0.2843 0.2781 0.2294 
0.2843 0.2394 0.2332 0.2431 
0.1596 0.0711 0.0387 0.7307 
0.0312 0.0748 0.6721 0.2219 
0.4202 0.3978 0.0636 0.1185 
0.0000 0.9975 0.0025 0.0000 
0.0000 1.0000 0.0000 0.0000 
0.8404 0.0000 0.0062 0.1534 
0.0150 0.0000 0.0000 0.9850 
0.9975 0.0025 0.0000 0.0000 
0.0000 0.0000 0.0000 1.0000 
0.9913 0.0000 0.0000 0.0087 
0.1446 0.0012 0.0000 0.8541 
0.0025 0.0000 0.9975 0.0000 
0.0000 0.0000 1.0000 0.0000 

MOTIF filter22 
letter-probability matrix: alength= 4 w= 16 nsites= 16 
0.2497 0.2763 0.2439 0.2301 
0.2416 0.2694 0.2497 0.2393 
0.1098 0.0636 0.3422 0.4844 
0.0092 0.8890 0.0000 0.1017 
0.0000 0.0000 0.0000 1.0000 
1.0000 0.0000 0.0000 0.0000 
0.2566 0.0000 0.0069 0.7364 
0.4393 0.0000 0.0000 0.5607 
0.5364 0.0000 0.0000 0.4636 
0.6775 0.0012 0.0000 0.3214 
0.0000 0.0000 0.0000 1.0000 
0.9988 0.0000 0.0012 0.0000 
0.0879 0.0000 0.8740 0.0382 
0.4532 0.3572 0.0497 0.1399 
0.2809 0.2277 0.2613 0.2301 
0.2497 0.2740 0.2393 0.2370 

MOTIF filter23 
letter-probability matrix: alength= 4 w= 17 nsites= 17 
0.2778 0.2284 0.2562 0.2377 
0.2500 0.2809 0.2284 0.2407 
0.5093 0.0123 0.1420 0.3364 
0.6451 0.0093 0.0432 0.3025 
0.4506 0.0000 0.0185 0.5309 
0.3056 0.1543 0.1420 0.3981 
0.0093 0.0000 0.0000 0.9907 
0.0000 0.0000 1.0000 0.0000 
0.0247 0.9753 0.0000 0.0000 
0.0000 0.0000 0.0000 1.0000 
0.0000 0.0000 0.9938 0.0062 
1.0000 0.0000 0.0000 0.0000 
0.0340 0.4969 0.3117 0.1574 
0.1914 0.1173 0.0401 0.6512 
0.1759 0.3889 0.1204 0.3148 
0.5216 0.0525 0.1821 0.2438 
0.1512 0.0370 0.5401 0.2716 

MOTIF filter24 
letter-probability matrix: alength= 4 w= 14 nsites= 14 
0.2781 0.2417 0.2252 0.2550 
0.2384 0.2450 0.2848 0.2318 
0.1954 0.2483 0.2815 0.2748 
0.0033 0.9272 0.0695 0.0000 
0.0530 0.9470 0.0000 0.0000 
0.0000 0.0000 1.0000 0.0000 
0.0000 0.0000 1.0000 0.0000 
1.0000 0.0000 0.0000 0.0000 
1.0000 0.0000 0.0000 0.0000 
0.0232 0.0033 0.9735 0.0000 
0.0265 0.3311 0.0099 0.6325 
0.1589 0.0828 0.7219 0.0364 
0.2351 0.2483 0.4934 0.0232 
0.2119 0.3874 0.2417 0.1589 

MOTIF filter25 
letter-probability matrix: alength= 4 w= 15 nsites= 15 
0.2523 0.2128 0.2310 0.3040 
0.2675 0.2310 0.2675 0.2340 
0.2340 0.2857 0.2188 0.2614 
0.0030 0.8024 0.1945 0.0000 
0.0030 0.9970 0.0000 0.0000 
0.0000 0.0000 1.0000 0.0000 
0.0000 0.0000 1.0000 0.0000 
1.0000 0.0000 0.0000 0.0000 
1.0000 0.0000 0.0000 0.0000 
0.0456 0.0030 0.9514 0.0000 
0.0152 0.3009 0.0000 0.6839 
0.2067 0.0851 0.6383 0.0699 
0.2918 0.2310 0.4681 0.0091 
0.2371 0.3739 0.2158 0.1733 
0.2036 0.2948 0.2462 0.2553 

MOTIF filter26 
letter-probability matrix: alength= 4 w= 12 nsites= 12 
0.2754 0.2199 0.2549 0.2497 
0.2508 0.2919 0.2508 0.2066 
0.2703 0.1418 0.3011 0.2867 
0.5488 0.0051 0.0000 0.4460 
0.0000 0.0000 0.0000 1.0000 
0.0000 0.0000 0.0000 1.0000 
0.8078 0.0000 0.1922 0.0000 
1.0000 0.0000 0.0000 0.0000 
0.0442 0.0000 0.0000 0.9558 
0.2138 0.2456 0.2508 0.2898 
0.2549 0.1973 0.2929 0.2549 
0.2672 0.2240 0.2374 0.2713 

MOTIF filter27 
letter-probability matrix: alength= 4 w= 18 nsites= 18 
0.2184 0.2718 0.2476 0.2621 
0.0874 0.5485 0.0680 0.2961 
0.2524 0.0243 0.5049 0.2184 
0.0000 0.5680 0.4223 0.0097 
0.6893 0.1942 0.1068 0.0097 
0.0000 0.1359 0.0000 0.8641 
0.3447 0.2816 0.3641 0.0097 
0.2330 0.0631 0.7039 0.0000 
0.0922 0.4854 0.1019 0.3204 
0.7767 0.0049 0.1068 0.1117 
0.1456 0.1068 0.0291 0.7184 
0.4417 0.1262 0.0194 0.4126 
0.1650 0.4369 0.2718 0.1262 
0.1117 0.5485 0.2573 0.0825 
0.6311 0.3350 0.0000 0.0340 
0.2864 0.2184 0.0049 0.4903 
0.3155 0.3641 0.1602 0.1602 
0.0534 0.1117 0.3932 0.4417 

MOTIF filter28 
letter-probability matrix: alength= 4 w= 13 nsites= 13 
0.2256 0.2490 0.2503 0.2751 
0.2380 0.2627 0.2613 0.2380 
0.2338 0.2655 0.2421 0.2586 
0.5268 0.1155 0.3563 0.0014 
0.0000 0.0000 0.0000 1.0000 
0.0000 0.0000 0.0193 0.9807 
0.2971 0.0000 0.6341 0.0688 
0.0000 0.9436 0.0000 0.0564 
0.0646 0.0000 0.9354 0.0000 
0.0729 0.7029 0.0000 0.2242 
0.9807 0.0193 0.0000 0.0000 
1.0000 0.0000 0.0000 0.0000 
0.0041 0.3521 0.1265 0.5172 

MOTIF filter29 
letter-probability matrix: alength= 4 w= 12 nsites= 12 
0.2477 0.2905 0.1918 0.2700 
0.2793 0.2495 0.2868 0.1844 
0.2924 0.2886 0.2439 0.1750 
0.0019 0.0000 0.0000 0.9981 
0.0000 0.0000 0.0000 1.0000 
0.0000 0.0000 0.0000 1.0000 
0.6760 0.0000 0.3240 0.0000 
1.0000 0.0000 0.0000 0.0000 
0.0000 0.0000 0.0000 1.0000 
0.2514 0.2607 0.2663 0.2216 
0.2793 0.2980 0.2104 0.2123 
0.2291 0.1844 0.2775 0.3091 

MOTIF filter30 
letter-probability matrix: alength= 4 w= 15 nsites= 15 
0.2255 0.2285 0.2611 0.2849 
0.2226 0.2908 0.2641 0.2226 
0.2878 0.2285 0.2255 0.2582 
0.1365 0.6795 0.1217 0.0623 
1.0000 0.0000 0.0000 0.0000 
0.9881 0.0000 0.0119 0.0000 
0.4243 0.0772 0.4748 0.0237 
1.0000 0.0000 0.0000 0.0000 
0.0000 0.0000 0.0000 1.0000 
0.0000 0.0000 1.0000 0.0000 
0.0000 0.0000 1.0000 0.0000 
0.0356 0.8605 0.0000 0.1039 
0.1098 0.2107 0.4154 0.2641 
0.0801 0.0831 0.7893 0.0475 
0.1187 0.7923 0.0178 0.0712 

MOTIF filter31 
letter-probability matrix: alength= 4 w= 20 nsites= 20 
0.2008 0.2530 0.2490 0.2972 
0.0201 0.0201 0.7028 0.2570 
0.1285 0.1847 0.4177 0.2691 
0.5020 0.2530 0.0120 0.2329 
0.1727 0.4618 0.2410 0.1245 
0.2610 0.1325 0.6064 0.0000 
0.1044 0.2289 0.1365 0.5301 
0.5542 0.2972 0.0884 0.0602 
0.0120 0.3012 0.6586 0.0281 
0.1847 0.4699 0.1606 0.1847 
0.0000 0.4378 0.3534 0.2088 
0.2490 0.5020 0.0361 0.2129 
0.6265 0.1004 0.1647 0.1084 
0.1165 0.3775 0.3976 0.1084 
0.7028 0.0080 0.2811 0.0080 
0.2530 0.0080 0.6948 0.0442 
0.0201 0.1044 0.2249 0.6506 
0.7028 0.0000 0.1004 0.1968 
0.2209 0.6185 0.0482 0.1124 
0.0562 0.0000 0.2530 0.6908 

