MEME version 4

ALPHABET= ACGT

Background letter frequencies:
A 0.2500 C 0.2500 G 0.2500 T 0.2500 

MOTIF filter0 
letter-probability matrix: alength= 4 w= 13 nsites= 13 
0.2685 0.2500 0.2537 0.2278 
0.2500 0.2444 0.2222 0.2833 
0.2278 0.2204 0.1741 0.3778 
0.0278 0.0926 0.1000 0.7796 
0.0000 0.0000 0.0000 1.0000 
0.0000 0.3130 0.0000 0.6870 
0.0185 0.9815 0.0000 0.0000 
0.0093 0.6519 0.0000 0.3389 
0.4111 0.0259 0.4185 0.1444 
0.0000 0.0000 1.0000 0.0000 
0.3204 0.0000 0.6759 0.0037 
1.0000 0.0000 0.0000 0.0000 
0.9981 0.0000 0.0019 0.0000 

MOTIF filter1 
letter-probability matrix: alength= 4 w= 12 nsites= 12 
0.2759 0.2475 0.2274 0.2492 
0.4916 0.1455 0.2525 0.1104 
0.2341 0.3244 0.3696 0.0719 
0.0000 1.0000 0.0000 0.0000 
1.0000 0.0000 0.0000 0.0000 
0.0000 1.0000 0.0000 0.0000 
0.0000 0.0000 1.0000 0.0000 
0.0000 0.0000 0.0000 1.0000 
0.0000 0.0000 1.0000 0.0000 
0.0569 0.3997 0.3528 0.1906 
0.1455 0.2408 0.1171 0.4967 
0.2475 0.2274 0.2492 0.2759 

MOTIF filter2 
letter-probability matrix: alength= 4 w= 15 nsites= 15 
0.2742 0.3159 0.2063 0.2037 
0.2689 0.2742 0.2219 0.2350 
0.2376 0.2428 0.2507 0.2689 
0.0052 0.8198 0.0940 0.0809 
0.0000 0.1828 0.0000 0.8172 
0.0000 0.2402 0.7311 0.0287 
1.0000 0.0000 0.0000 0.0000 
0.0000 0.0000 0.0000 1.0000 
0.0000 0.0000 0.0000 1.0000 
0.0000 0.0000 1.0000 0.0000 
0.0000 0.0000 1.0000 0.0000 
0.0470 0.3995 0.0104 0.5431 
0.0157 0.4360 0.1462 0.4021 
0.1854 0.4308 0.2977 0.0862 
0.4726 0.1384 0.3264 0.0627 

MOTIF filter3 
letter-probability matrix: alength= 4 w= 12 nsites= 12 
0.2238 0.2887 0.2224 0.2652 
0.2652 0.2486 0.2749 0.2113 
0.2790 0.2583 0.2417 0.2210 
0.0000 0.0000 0.0000 1.0000 
0.0000 0.0000 0.0000 1.0000 
0.0000 0.0000 0.0000 1.0000 
0.5704 0.0000 0.4296 0.0000 
1.0000 0.0000 0.0000 0.0000 
0.0000 0.0000 0.0000 1.0000 
0.2169 0.2804 0.2376 0.2652 
0.2638 0.2666 0.2445 0.2251 
0.2293 0.2431 0.2735 0.2541 

MOTIF filter4 
letter-probability matrix: alength= 4 w= 13 nsites= 13 
0.2148 0.2000 0.3519 0.2333 
0.2333 0.2370 0.2259 0.3037 
0.2111 0.2556 0.2852 0.2481 
0.2630 0.0296 0.6630 0.0444 
0.1111 0.0000 0.8370 0.0519 
0.1333 0.0000 0.8667 0.0000 
0.0000 0.0000 1.0000 0.0000 
0.0000 0.0000 1.0000 0.0000 
0.3037 0.5778 0.0000 0.1185 
0.0000 0.0000 1.0000 0.0000 
0.0000 0.0000 1.0000 0.0000 
0.1296 0.0000 0.8667 0.0037 
0.1185 0.0037 0.8778 0.0000 

MOTIF filter5 
letter-probability matrix: alength= 4 w= 16 nsites= 16 
0.2295 0.2461 0.2583 0.2661 
0.2162 0.2761 0.2738 0.2339 
0.2938 0.2406 0.2251 0.2406 
0.1718 0.0721 0.0455 0.7106 
0.0344 0.0909 0.6530 0.2217 
0.4113 0.3880 0.0743 0.1264 
0.0022 0.9900 0.0044 0.0033 
0.0000 0.9922 0.0011 0.0067 
0.8282 0.0033 0.0089 0.1596 
0.0233 0.0000 0.0022 0.9745 
0.9933 0.0033 0.0033 0.0000 
0.0000 0.0022 0.0011 0.9967 
0.9767 0.0033 0.0000 0.0200 
0.1563 0.0067 0.0033 0.8337 
0.0044 0.0122 0.9823 0.0011 
0.0011 0.0022 0.9956 0.0011 

MOTIF filter6 
letter-probability matrix: alength= 4 w= 17 nsites= 17 
0.2669 0.2434 0.2581 0.2317 
0.2463 0.2845 0.2287 0.2405 
0.5073 0.0117 0.1408 0.3402 
0.6217 0.0147 0.0499 0.3138 
0.4487 0.0000 0.0205 0.5308 
0.2991 0.1496 0.1554 0.3959 
0.0088 0.0000 0.0000 0.9912 
0.0000 0.0000 1.0000 0.0000 
0.0264 0.9736 0.0000 0.0000 
0.0000 0.0000 0.0000 1.0000 
0.0000 0.0000 0.9912 0.0088 
1.0000 0.0000 0.0000 0.0000 
0.0293 0.4956 0.3138 0.1613 
0.1965 0.1232 0.0352 0.6452 
0.1935 0.3783 0.1290 0.2991 
0.5191 0.0616 0.1789 0.2405 
0.1554 0.0469 0.5279 0.2698 

MOTIF filter7 
letter-probability matrix: alength= 4 w= 13 nsites= 13 
0.3004 0.2756 0.2155 0.2085 
0.1837 0.3746 0.2438 0.1979 
0.0106 0.4982 0.2721 0.2191 
0.0000 0.7102 0.0353 0.2544 
0.0177 0.9329 0.0000 0.0495 
0.0000 0.9929 0.0071 0.0000 
0.0071 0.8410 0.0601 0.0919 
0.0247 0.3392 0.4488 0.1873 
0.0000 0.9293 0.0495 0.0212 
0.0071 0.9717 0.0177 0.0035 
0.0035 0.9187 0.0000 0.0777 
0.0177 0.8445 0.0035 0.1343 
0.0495 0.6219 0.0954 0.2332 

MOTIF filter8 
letter-probability matrix: alength= 4 w= 13 nsites= 13 
0.2411 0.2436 0.2436 0.2717 
0.2334 0.2653 0.2615 0.2398 
0.2321 0.2615 0.2449 0.2615 
0.5153 0.1186 0.3546 0.0115 
0.0000 0.0000 0.0000 1.0000 
0.0000 0.0000 0.0204 0.9796 
0.3010 0.0000 0.6263 0.0727 
0.0051 0.9311 0.0000 0.0638 
0.0765 0.0000 0.9235 0.0000 
0.0727 0.6977 0.0000 0.2296 
0.9694 0.0306 0.0000 0.0000 
1.0000 0.0000 0.0000 0.0000 
0.0026 0.3533 0.1288 0.5153 

MOTIF filter9 
letter-probability matrix: alength= 4 w= 15 nsites= 15 
0.2797 0.2342 0.2139 0.2722 
0.2658 0.2506 0.2392 0.2443 
0.1405 0.2013 0.1354 0.5228 
0.0000 0.0000 0.0000 1.0000 
0.0000 0.0000 0.0000 1.0000 
0.0342 0.9658 0.0000 0.0000 
0.0000 0.8025 0.0000 0.1975 
0.2430 0.2278 0.2418 0.2873 
0.2139 0.0000 0.7810 0.0051 
0.0000 0.0000 0.9646 0.0354 
1.0000 0.0000 0.0000 0.0000 
1.0000 0.0000 0.0000 0.0000 
0.5304 0.1203 0.2051 0.1443 
0.2430 0.2772 0.2418 0.2380 
0.2582 0.2418 0.2608 0.2392 

MOTIF filter10 
letter-probability matrix: alength= 4 w= 13 nsites= 13 
0.2425 0.2314 0.2646 0.2616 
0.2344 0.1700 0.3924 0.2032 
0.3924 0.2264 0.3581 0.0231 
0.0000 0.0000 0.0000 1.0000 
0.0000 0.0000 1.0000 0.0000 
1.0000 0.0000 0.0000 0.0000 
0.0000 0.5101 0.4899 0.0000 
0.0000 0.0000 0.0000 1.0000 
0.0000 1.0000 0.0000 0.0000 
1.0000 0.0000 0.0000 0.0000 
0.0020 0.3410 0.2555 0.4014 
0.2163 0.3581 0.1901 0.2354 
0.2596 0.2274 0.2686 0.2445 

MOTIF filter11 
letter-probability matrix: alength= 4 w= 13 nsites= 13 
0.2432 0.2934 0.2510 0.2124 
0.2046 0.3205 0.2973 0.1776 
0.2664 0.2201 0.2201 0.2934 
0.0849 0.8494 0.0425 0.0232 
1.0000 0.0000 0.0000 0.0000 
0.9884 0.0000 0.0116 0.0000 
0.4286 0.0579 0.4981 0.0154 
1.0000 0.0000 0.0000 0.0000 
0.0000 0.0000 0.0000 1.0000 
0.0000 0.0000 1.0000 0.0000 
0.0000 0.0000 1.0000 0.0000 
0.0541 0.8996 0.0000 0.0463 
0.0772 0.2355 0.4517 0.2355 

MOTIF filter12 
letter-probability matrix: alength= 4 w= 14 nsites= 14 
0.1725 0.2251 0.3158 0.2865 
0.0292 0.4883 0.1842 0.2982 
0.0789 0.6316 0.1345 0.1550 
0.7251 0.0088 0.2427 0.0234 
0.0000 0.9649 0.0000 0.0351 
0.0000 0.0000 0.0000 1.0000 
0.0000 0.0000 0.0000 1.0000 
0.0000 1.0000 0.0000 0.0000 
0.0000 1.0000 0.0000 0.0000 
0.0000 0.0000 0.9883 0.0117 
0.0000 0.1345 0.8567 0.0088 
0.2661 0.2018 0.2368 0.2953 
0.2602 0.2310 0.2573 0.2515 
0.2807 0.2222 0.2368 0.2602 

MOTIF filter13 
letter-probability matrix: alength= 4 w= 13 nsites= 13 
0.2453 0.2044 0.2673 0.2830 
0.2421 0.2704 0.2610 0.2264 
0.2987 0.2358 0.1887 0.2767 
0.1667 0.6384 0.1258 0.0692 
1.0000 0.0000 0.0000 0.0000 
1.0000 0.0000 0.0000 0.0000 
0.4403 0.0692 0.4811 0.0094 
1.0000 0.0000 0.0000 0.0000 
0.0000 0.0000 0.0000 1.0000 
0.0000 0.0000 1.0000 0.0000 
0.0000 0.0000 1.0000 0.0000 
0.0126 0.9623 0.0000 0.0252 
0.1509 0.2013 0.3616 0.2862 

MOTIF filter14 
letter-probability matrix: alength= 4 w= 12 nsites= 12 
0.4563 0.0825 0.3883 0.0728 
0.4369 0.1650 0.1262 0.2718 
0.2282 0.4951 0.0291 0.2476 
0.0000 0.8058 0.1456 0.0485 
0.0631 0.5340 0.0825 0.3204 
0.1942 0.7379 0.0680 0.0000 
0.0583 0.0000 0.9417 0.0000 
0.1068 0.1699 0.6748 0.0485 
0.0146 0.0097 0.6942 0.2816 
0.3107 0.1796 0.0000 0.5097 
0.2282 0.7379 0.0097 0.0243 
0.0680 0.4369 0.1553 0.3398 

MOTIF filter15 
letter-probability matrix: alength= 4 w= 12 nsites= 12 
0.2593 0.2770 0.2351 0.2287 
0.3430 0.2222 0.1723 0.2625 
0.2689 0.2705 0.2158 0.2448 
1.0000 0.0000 0.0000 0.0000 
0.0000 0.0000 0.0000 1.0000 
0.0000 0.3736 0.0000 0.6264 
1.0000 0.0000 0.0000 0.0000 
1.0000 0.0000 0.0000 0.0000 
0.9984 0.0000 0.0000 0.0016 
0.2399 0.2544 0.2190 0.2866 
0.2738 0.2077 0.2657 0.2528 
0.2560 0.2657 0.2271 0.2512 

MOTIF filter16 
letter-probability matrix: alength= 4 w= 20 nsites= 20 
0.2492 0.2412 0.2764 0.2332 
0.3387 0.3482 0.1198 0.1933 
0.3882 0.0096 0.3482 0.2540 
0.0335 0.5655 0.3403 0.0607 
0.0096 0.5144 0.4760 0.0000 
0.0671 0.5000 0.1917 0.2412 
0.3706 0.1837 0.1869 0.2588 
0.2188 0.4585 0.1581 0.1645 
0.0767 0.1709 0.1997 0.5527 
0.5272 0.1150 0.0607 0.2971 
0.6885 0.1342 0.0000 0.1773 
0.0016 0.1597 0.6038 0.2348 
0.5958 0.1230 0.0351 0.2460 
0.7045 0.0096 0.1901 0.0958 
0.1406 0.3419 0.0655 0.4521 
0.4329 0.0080 0.1597 0.3994 
0.2556 0.0016 0.6629 0.0799 
0.0064 0.5655 0.1038 0.3243 
0.2588 0.5335 0.2077 0.0000 
0.1182 0.1406 0.0607 0.6805 

MOTIF filter17 
letter-probability matrix: alength= 4 w= 14 nsites= 14 
0.1173 0.5993 0.1661 0.1173 
0.3094 0.3681 0.2378 0.0847 
0.0423 0.0000 0.8958 0.0619 
0.0000 1.0000 0.0000 0.0000 
0.0000 1.0000 0.0000 0.0000 
1.0000 0.0000 0.0000 0.0000 
0.0000 0.0000 0.0000 1.0000 
0.0033 0.5016 0.1140 0.3811 
0.0000 0.0000 0.0000 1.0000 
0.0000 0.0000 0.0000 1.0000 
0.0489 0.0619 0.7590 0.1303 
0.2704 0.2150 0.2704 0.2443 
0.1954 0.2866 0.2476 0.2704 
0.2410 0.2866 0.2280 0.2443 

MOTIF filter18 
letter-probability matrix: alength= 4 w= 20 nsites= 20 
0.1952 0.2381 0.2524 0.3143 
0.0524 0.2333 0.3952 0.3190 
0.0905 0.1381 0.7286 0.0429 
0.0476 0.3619 0.4238 0.1667 
0.9238 0.0000 0.0667 0.0095 
0.0000 0.2190 0.0952 0.6857 
0.2905 0.0381 0.3095 0.3619 
0.3905 0.3810 0.0000 0.2286 
0.2810 0.0905 0.0000 0.6286 
0.1048 0.2095 0.6286 0.0571 
0.1286 0.1190 0.2286 0.5238 
0.1762 0.3667 0.1381 0.3190 
0.0000 0.0810 0.0048 0.9143 
0.0429 0.1048 0.2714 0.5810 
0.0714 0.3000 0.1095 0.5190 
0.0143 0.5619 0.2143 0.2095 
0.0905 0.5143 0.2429 0.1524 
0.0857 0.0714 0.2095 0.6333 
0.2190 0.0048 0.2333 0.5429 
0.2905 0.0429 0.5048 0.1619 

MOTIF filter19 
letter-probability matrix: alength= 4 w= 10 nsites= 10 
0.2885 0.2756 0.1987 0.2372 
0.2359 0.2615 0.2577 0.2449 
0.2667 0.1897 0.2256 0.3179 
0.8756 0.0000 0.0000 0.1244 
0.0000 0.0000 0.0000 1.0000 
0.0000 0.0192 0.0000 0.9808 
0.9885 0.0000 0.0115 0.0000 
1.0000 0.0000 0.0000 0.0000 
0.2974 0.0000 0.0000 0.7026 
0.3346 0.1769 0.2769 0.2115 

MOTIF filter20 
letter-probability matrix: alength= 4 w= 15 nsites= 15 
0.2309 0.2789 0.2477 0.2425 
0.1025 0.0584 0.3476 0.4916 
0.0026 0.9377 0.0000 0.0597 
0.0000 0.0000 0.0000 1.0000 
1.0000 0.0000 0.0000 0.0000 
0.2529 0.0000 0.0000 0.7471 
0.4488 0.0000 0.0000 0.5512 
0.5435 0.0000 0.0000 0.4565 
0.6926 0.0000 0.0000 0.3074 
0.0000 0.0000 0.0000 1.0000 
1.0000 0.0000 0.0000 0.0000 
0.0700 0.0000 0.9157 0.0143 
0.4656 0.3554 0.0441 0.1349 
0.2879 0.2412 0.2581 0.2127 
0.2542 0.2711 0.2399 0.2348 

MOTIF filter21 
letter-probability matrix: alength= 4 w= 17 nsites= 17 
0.3191 0.3351 0.0000 0.3457 
0.1915 0.2606 0.3032 0.2447 
0.2553 0.1968 0.3245 0.2234 
0.2340 0.0426 0.6755 0.0479 
0.0904 0.0000 0.8777 0.0319 
0.1170 0.0000 0.8830 0.0000 
0.0000 0.0000 1.0000 0.0000 
0.0000 0.0000 1.0000 0.0000 
0.2447 0.5851 0.0053 0.1649 
0.0000 0.0000 1.0000 0.0000 
0.0000 0.0000 1.0000 0.0000 
0.1755 0.0000 0.8245 0.0000 
0.1277 0.0213 0.8511 0.0000 
0.2074 0.6064 0.1755 0.0106 
0.2766 0.2819 0.2713 0.1702 
0.2340 0.3298 0.2819 0.1543 
0.2447 0.2394 0.2606 0.2553 

MOTIF filter22 
letter-probability matrix: alength= 4 w= 12 nsites= 12 
0.2385 0.2615 0.2673 0.2327 
0.4355 0.1959 0.2558 0.1129 
0.2270 0.3191 0.3399 0.1141 
0.0000 1.0000 0.0000 0.0000 
1.0000 0.0000 0.0000 0.0000 
0.0000 1.0000 0.0000 0.0000 
0.0000 0.0000 1.0000 0.0000 
0.0000 0.0000 0.0000 1.0000 
0.0000 0.0000 1.0000 0.0000 
0.1498 0.2730 0.3433 0.2339 
0.1475 0.2362 0.1440 0.4724 
0.2373 0.2558 0.2488 0.2581 

MOTIF filter23 
letter-probability matrix: alength= 4 w= 13 nsites= 13 
0.3155 0.2423 0.2620 0.1803 
0.2761 0.3014 0.2423 0.1803 
0.0845 0.1352 0.5493 0.2310 
0.0000 0.8535 0.0169 0.1296 
0.0000 0.7887 0.0000 0.2113 
0.0000 1.0000 0.0000 0.0000 
0.0000 1.0000 0.0000 0.0000 
0.1155 0.0000 0.5944 0.2901 
0.0000 1.0000 0.0000 0.0000 
0.0000 1.0000 0.0000 0.0000 
0.0000 0.7859 0.0000 0.2141 
0.0704 0.8423 0.0000 0.0873 
0.0366 0.6676 0.0423 0.2535 

MOTIF filter24 
letter-probability matrix: alength= 4 w= 13 nsites= 13 
0.2887 0.5476 0.0357 0.1280 
0.2530 0.1875 0.0565 0.5030 
0.2827 0.1726 0.3125 0.2321 
0.6339 0.0506 0.1131 0.2024 
0.1667 0.2857 0.5268 0.0208 
0.0000 0.0000 0.0000 1.0000 
0.0060 0.9940 0.0000 0.0000 
1.0000 0.0000 0.0000 0.0000 
0.0000 0.0000 0.9970 0.0030 
0.0000 1.0000 0.0000 0.0000 
0.9970 0.0000 0.0000 0.0030 
0.4226 0.1726 0.1190 0.2857 
0.4077 0.0238 0.0000 0.5685 

MOTIF filter25 
letter-probability matrix: alength= 4 w= 15 nsites= 15 
0.2555 0.2751 0.2425 0.2269 
0.2308 0.2764 0.2503 0.2425 
0.0874 0.0469 0.3481 0.5176 
0.0248 0.9009 0.0000 0.0743 
0.0000 0.0000 0.0000 1.0000 
1.0000 0.0000 0.0000 0.0000 
0.2816 0.0000 0.0065 0.7119 
0.4824 0.0000 0.0000 0.5176 
0.5750 0.0000 0.0013 0.4237 
0.7314 0.0000 0.0000 0.2686 
0.0000 0.0000 0.0000 1.0000 
1.0000 0.0000 0.0000 0.0000 
0.0561 0.0000 0.9361 0.0078 
0.4746 0.3690 0.0404 0.1160 
0.2803 0.2334 0.2595 0.2269 

MOTIF filter26 
letter-probability matrix: alength= 4 w= 20 nsites= 20 
0.2298 0.2621 0.2848 0.2233 
0.3948 0.4045 0.0583 0.1424 
0.4693 0.0000 0.2718 0.2589 
0.0841 0.7055 0.0615 0.1489 
0.3107 0.0356 0.6537 0.0000 
0.2427 0.1650 0.3851 0.2071 
0.3851 0.5210 0.0550 0.0388 
0.3689 0.1003 0.4660 0.0647 
0.1780 0.2945 0.4401 0.0874 
0.2460 0.3269 0.0065 0.4207 
0.0000 0.1942 0.0259 0.7799 
0.1715 0.0550 0.0518 0.7217 
0.4142 0.0291 0.5566 0.0000 
0.4434 0.0324 0.1650 0.3592 
0.0485 0.0194 0.3301 0.6019 
0.5178 0.1909 0.2233 0.0680 
0.0809 0.0000 0.0841 0.8350 
0.1262 0.0939 0.2848 0.4951 
0.1683 0.5599 0.1133 0.1586 
0.4110 0.3625 0.2265 0.0000 

MOTIF filter27 
letter-probability matrix: alength= 4 w= 12 nsites= 12 
0.4354 0.2033 0.1770 0.1842 
0.0526 0.3708 0.1292 0.4474 
0.0766 0.3038 0.3660 0.2536 
0.4258 0.1220 0.4522 0.0000 
0.5718 0.0024 0.3732 0.0526 
0.0000 1.0000 0.0000 0.0000 
0.0000 1.0000 0.0000 0.0000 
1.0000 0.0000 0.0000 0.0000 
1.0000 0.0000 0.0000 0.0000 
0.0000 0.0000 0.0000 1.0000 
0.0215 0.7656 0.2129 0.0000 
0.8206 0.0000 0.1794 0.0000 

MOTIF filter28 
letter-probability matrix: alength= 4 w= 18 nsites= 18 
0.0336 0.0943 0.6537 0.2183 
0.4134 0.3953 0.0685 0.1227 
0.0000 1.0000 0.0000 0.0000 
0.0000 0.9910 0.0026 0.0065 
0.8527 0.0000 0.0052 0.1421 
0.0129 0.0000 0.0000 0.9871 
1.0000 0.0000 0.0000 0.0000 
0.0000 0.0000 0.0013 0.9987 
0.9935 0.0000 0.0000 0.0065 
0.1550 0.0026 0.0000 0.8424 
0.0000 0.0013 0.9987 0.0000 
0.0000 0.0000 1.0000 0.0000 
0.0917 0.0620 0.4225 0.4238 
0.2158 0.6796 0.0775 0.0271 
0.7700 0.0116 0.0530 0.1654 
0.2390 0.2791 0.2403 0.2416 
0.2326 0.2649 0.2571 0.2455 
0.2532 0.2390 0.2649 0.2429 

MOTIF filter29 
letter-probability matrix: alength= 4 w= 13 nsites= 13 
0.2533 0.2347 0.2373 0.2747 
0.2507 0.2293 0.2800 0.2400 
0.2320 0.2667 0.2507 0.2507 
0.0133 0.8533 0.1333 0.0000 
0.0320 0.9680 0.0000 0.0000 
0.0000 0.0000 1.0000 0.0000 
0.0000 0.0000 1.0000 0.0000 
1.0000 0.0000 0.0000 0.0000 
1.0000 0.0000 0.0000 0.0000 
0.0400 0.0027 0.9573 0.0000 
0.0427 0.2960 0.0133 0.6480 
0.1760 0.1013 0.6667 0.0560 
0.2587 0.2400 0.4720 0.0293 

MOTIF filter30 
letter-probability matrix: alength= 4 w= 20 nsites= 20 
0.2555 0.2313 0.2423 0.2709 
0.0044 0.1828 0.7004 0.1123 
0.1145 0.4449 0.3524 0.0881 
0.2225 0.7181 0.0573 0.0022 
0.0573 0.2907 0.0463 0.6057 
0.0881 0.3458 0.2930 0.2731 
0.0463 0.7357 0.1696 0.0485 
0.1476 0.0749 0.0947 0.6828 
0.5044 0.2643 0.0000 0.2313 
0.4802 0.1035 0.0352 0.3811 
0.3700 0.2445 0.2819 0.1035 
0.1630 0.1035 0.3744 0.3590 
0.2621 0.6674 0.0000 0.0705 
0.4714 0.2841 0.2445 0.0000 
0.1696 0.1894 0.0727 0.5683 
0.2996 0.3304 0.1938 0.1762 
0.0022 0.0308 0.9537 0.0132 
0.0573 0.3767 0.3238 0.2423 
0.3987 0.0661 0.5264 0.0088 
0.1960 0.1762 0.2511 0.3767 

MOTIF filter31 
letter-probability matrix: alength= 4 w= 18 nsites= 18 
0.2077 0.2846 0.2923 0.2154 
0.0769 0.0615 0.1385 0.7231 
0.2077 0.1000 0.0615 0.6308 
0.0077 0.7846 0.2077 0.0000 
0.0538 0.5538 0.0154 0.3769 
0.0615 0.3538 0.5231 0.0615 
0.1077 0.2154 0.5846 0.0923 
0.0308 0.1615 0.5538 0.2538 
0.0000 0.5077 0.3077 0.1846 
0.1769 0.0923 0.6615 0.0692 
0.2769 0.0000 0.0077 0.7154 
0.3077 0.6308 0.0615 0.0000 
0.6308 0.0000 0.1462 0.2231 
0.0769 0.8769 0.0000 0.0462 
0.2692 0.6538 0.0308 0.0462 
0.0308 0.1692 0.5231 0.2769 
0.2000 0.0692 0.2000 0.5308 
0.1846 0.4462 0.1154 0.2538 

