MEME version 4

ALPHABET= ACGT

Background letter frequencies:
A 0.2500 C 0.2500 G 0.2500 T 0.2500 

MOTIF filter0 
letter-probability matrix: alength= 4 w= 12 nsites= 12 
0.2391 0.2801 0.2263 0.2545 
0.2647 0.2711 0.2570 0.2072 
0.2724 0.2417 0.2545 0.2315 
0.0243 0.0000 0.0000 0.9757 
0.0000 0.0000 0.0000 1.0000 
0.0000 0.0000 0.0000 1.0000 
0.5870 0.0000 0.4130 0.0000 
1.0000 0.0000 0.0000 0.0000 
0.0000 0.0000 0.0000 1.0000 
0.2161 0.2775 0.2660 0.2404 
0.2621 0.2455 0.2545 0.2379 
0.2315 0.2263 0.2749 0.2673 

MOTIF filter1 
letter-probability matrix: alength= 4 w= 18 nsites= 18 
0.2782 0.5317 0.0458 0.1444 
0.2289 0.1373 0.0669 0.5669 
0.2852 0.1549 0.3134 0.2465 
0.6444 0.0387 0.1162 0.2007 
0.1585 0.2993 0.5141 0.0282 
0.0000 0.0000 0.0000 1.0000 
0.0070 0.9930 0.0000 0.0000 
1.0000 0.0000 0.0000 0.0000 
0.0000 0.0000 0.9648 0.0352 
0.0000 1.0000 0.0000 0.0000 
1.0000 0.0000 0.0000 0.0000 
0.4155 0.1796 0.1549 0.2500 
0.4120 0.0669 0.0106 0.5106 
0.3873 0.0035 0.0000 0.6092 
0.2993 0.0951 0.0000 0.6056 
0.2746 0.2183 0.2606 0.2465 
0.2570 0.2817 0.2254 0.2359 
0.2183 0.2993 0.2289 0.2535 

MOTIF filter2 
letter-probability matrix: alength= 4 w= 9 nsites= 9 
0.2315 0.2615 0.2625 0.2445 
0.3812 0.2126 0.2595 0.1467 
0.2285 0.3014 0.3114 0.1587 
0.0000 1.0000 0.0000 0.0000 
1.0000 0.0000 0.0000 0.0000 
0.0000 1.0000 0.0000 0.0000 
0.0000 0.0000 1.0000 0.0000 
0.0000 0.0000 0.0000 1.0000 
0.0000 0.0000 1.0000 0.0000 

MOTIF filter3 
letter-probability matrix: alength= 4 w= 12 nsites= 12 
0.2550 0.2952 0.2010 0.2487 
0.3053 0.2023 0.2186 0.2739 
0.2952 0.2349 0.2211 0.2487 
1.0000 0.0000 0.0000 0.0000 
0.0000 0.0000 0.0000 1.0000 
0.0000 0.3945 0.0000 0.6055 
1.0000 0.0000 0.0000 0.0000 
1.0000 0.0000 0.0000 0.0000 
0.9497 0.0000 0.0000 0.0503 
0.2525 0.2198 0.2412 0.2864 
0.2362 0.2525 0.2286 0.2827 
0.2437 0.2663 0.2450 0.2450 

MOTIF filter4 
letter-probability matrix: alength= 4 w= 14 nsites= 14 
0.1731 0.2155 0.3392 0.2721 
0.0247 0.5371 0.1873 0.2509 
0.0283 0.6360 0.1625 0.1731 
0.7668 0.0071 0.2226 0.0035 
0.0000 0.9894 0.0000 0.0106 
0.0000 0.0000 0.0000 1.0000 
0.0000 0.0000 0.0000 1.0000 
0.0000 1.0000 0.0000 0.0000 
0.0000 1.0000 0.0000 0.0000 
0.0000 0.0000 0.9929 0.0071 
0.0000 0.1661 0.8304 0.0035 
0.2756 0.1979 0.2756 0.2509 
0.2721 0.2473 0.2226 0.2580 
0.2509 0.2509 0.2226 0.2756 

MOTIF filter5 
letter-probability matrix: alength= 4 w= 13 nsites= 13 
0.2872 0.5743 0.0541 0.0845 
0.2432 0.2196 0.0507 0.4865 
0.2872 0.1892 0.3007 0.2230 
0.6689 0.0439 0.0845 0.2027 
0.1655 0.2703 0.5541 0.0101 
0.0000 0.0000 0.0000 1.0000 
0.0203 0.9797 0.0000 0.0000 
1.0000 0.0000 0.0000 0.0000 
0.0000 0.0000 0.9932 0.0068 
0.0000 1.0000 0.0000 0.0000 
0.9932 0.0000 0.0000 0.0068 
0.4730 0.1284 0.1047 0.2939 
0.3784 0.0068 0.0000 0.6149 

MOTIF filter6 
letter-probability matrix: alength= 4 w= 14 nsites= 14 
0.2364 0.2568 0.2409 0.2659 
0.2386 0.2727 0.2614 0.2273 
0.2273 0.2602 0.2557 0.2568 
0.5068 0.1318 0.3500 0.0114 
0.0000 0.0000 0.0000 1.0000 
0.0000 0.0000 0.0341 0.9659 
0.2943 0.0000 0.6193 0.0864 
0.0068 0.9159 0.0000 0.0773 
0.0852 0.0023 0.9102 0.0023 
0.0841 0.6727 0.0000 0.2432 
0.9591 0.0409 0.0000 0.0000 
1.0000 0.0000 0.0000 0.0000 
0.0068 0.3477 0.1432 0.5023 
0.2750 0.2489 0.2693 0.2068 

MOTIF filter7 
letter-probability matrix: alength= 4 w= 11 nsites= 11 
0.2821 0.2231 0.2333 0.2615 
0.2436 0.2436 0.3103 0.2026 
0.2051 0.2949 0.2462 0.2538 
0.0128 0.8590 0.1282 0.0000 
0.0410 0.9590 0.0000 0.0000 
0.0000 0.0000 1.0000 0.0000 
0.0000 0.0000 1.0000 0.0000 
1.0000 0.0000 0.0000 0.0000 
1.0000 0.0000 0.0000 0.0000 
0.0641 0.0179 0.9179 0.0000 
0.0051 0.3513 0.0077 0.6359 

MOTIF filter8 
letter-probability matrix: alength= 4 w= 14 nsites= 14 
0.2706 0.2798 0.2294 0.2202 
0.2232 0.3058 0.2416 0.2294 
0.1009 0.0336 0.3532 0.5122 
0.0046 0.9954 0.0000 0.0000 
0.0000 0.0000 0.0000 1.0000 
1.0000 0.0000 0.0000 0.0000 
0.2875 0.0000 0.0000 0.7125 
0.5199 0.0000 0.0000 0.4801 
0.6193 0.0000 0.0000 0.3807 
0.7401 0.0000 0.0000 0.2599 
0.0000 0.0000 0.0000 1.0000 
0.9985 0.0000 0.0015 0.0000 
0.0826 0.0000 0.9098 0.0076 
0.4709 0.3670 0.0275 0.1346 

MOTIF filter9 
letter-probability matrix: alength= 4 w= 16 nsites= 16 
0.2297 0.2823 0.2727 0.2153 
0.3014 0.1627 0.3206 0.2153 
0.0670 0.1579 0.6029 0.1722 
0.0000 0.8900 0.0048 0.1053 
0.0048 0.8517 0.0000 0.1435 
0.0000 1.0000 0.0000 0.0000 
0.0000 1.0000 0.0000 0.0000 
0.1388 0.0000 0.5550 0.3062 
0.0000 1.0000 0.0000 0.0000 
0.0000 1.0000 0.0000 0.0000 
0.0000 0.7177 0.0000 0.2823 
0.0813 0.7847 0.0000 0.1340 
0.0000 0.8517 0.0048 0.1435 
0.2057 0.2344 0.2775 0.2823 
0.3254 0.2679 0.1866 0.2201 
0.2392 0.3062 0.2297 0.2249 

MOTIF filter10 
letter-probability matrix: alength= 4 w= 15 nsites= 15 
0.1878 0.2204 0.2980 0.2939 
0.1061 0.2082 0.4041 0.2816 
0.0163 0.4408 0.2653 0.2776 
0.0735 0.7755 0.0776 0.0735 
0.6694 0.0041 0.2857 0.0408 
0.0000 0.9592 0.0082 0.0327 
0.0000 0.0000 0.0000 1.0000 
0.0000 0.0000 0.0000 1.0000 
0.0000 1.0000 0.0000 0.0000 
0.0000 1.0000 0.0000 0.0000 
0.0000 0.0000 0.9959 0.0041 
0.0000 0.1184 0.8816 0.0000 
0.2490 0.1918 0.1959 0.3633 
0.2245 0.2245 0.2735 0.2776 
0.2735 0.1959 0.2857 0.2449 

MOTIF filter11 
letter-probability matrix: alength= 4 w= 17 nsites= 17 
0.2530 0.2490 0.2289 0.2691 
0.2369 0.2771 0.2249 0.2610 
0.2410 0.2490 0.2691 0.2410 
0.2851 0.0040 0.6506 0.0602 
0.0964 0.0000 0.8635 0.0402 
0.1526 0.0000 0.8474 0.0000 
0.0000 0.0000 1.0000 0.0000 
0.0000 0.0000 1.0000 0.0000 
0.2209 0.6506 0.0000 0.1285 
0.0000 0.0000 1.0000 0.0000 
0.0000 0.0000 1.0000 0.0000 
0.1767 0.0000 0.8233 0.0000 
0.1365 0.0201 0.8434 0.0000 
0.1767 0.6506 0.1486 0.0241 
0.2972 0.2329 0.2851 0.1847 
0.2329 0.2932 0.2490 0.2249 
0.2490 0.2450 0.2490 0.2570 

MOTIF filter12 
letter-probability matrix: alength= 4 w= 17 nsites= 17 
0.1901 0.5263 0.0088 0.2749 
0.1784 0.2836 0.0789 0.4591 
0.0614 0.5848 0.2485 0.1053 
0.1550 0.0351 0.0000 0.8099 
0.3041 0.0058 0.1316 0.5585 
0.0000 0.0117 0.1988 0.7895 
0.0000 0.0058 0.0848 0.9094 
0.1199 0.5058 0.0965 0.2778 
0.2632 0.2953 0.0000 0.4415 
0.3070 0.4971 0.0965 0.0994 
0.2105 0.0029 0.4269 0.3596 
0.4708 0.2719 0.2573 0.0000 
0.0906 0.3246 0.2515 0.3333 
0.2281 0.1725 0.4152 0.1842 
0.6404 0.0234 0.2427 0.0936 
0.0702 0.7719 0.1462 0.0117 
0.3947 0.2251 0.3509 0.0292 

MOTIF filter13 
letter-probability matrix: alength= 4 w= 17 nsites= 17 
0.2398 0.2368 0.2515 0.2719 
0.2222 0.2953 0.2719 0.2105 
0.2807 0.2485 0.2047 0.2661 
0.1491 0.6696 0.1257 0.0556 
1.0000 0.0000 0.0000 0.0000 
0.9883 0.0000 0.0117 0.0000 
0.4240 0.0760 0.4766 0.0234 
1.0000 0.0000 0.0000 0.0000 
0.0000 0.0000 0.0000 1.0000 
0.0000 0.0000 1.0000 0.0000 
0.0000 0.0000 1.0000 0.0000 
0.0526 0.8772 0.0000 0.0702 
0.1140 0.1901 0.4240 0.2719 
0.0789 0.0848 0.7749 0.0614 
0.1199 0.7807 0.0175 0.0819 
0.2632 0.2427 0.2047 0.2895 
0.2310 0.2281 0.3099 0.2310 

MOTIF filter14 
letter-probability matrix: alength= 4 w= 12 nsites= 12 
0.2414 0.2337 0.2337 0.2912 
0.2107 0.2222 0.2720 0.2950 
0.2529 0.2107 0.2529 0.2835 
0.0038 0.8889 0.1073 0.0000 
0.0077 0.9923 0.0000 0.0000 
0.0000 0.0000 1.0000 0.0000 
0.0000 0.0000 1.0000 0.0000 
1.0000 0.0000 0.0000 0.0000 
1.0000 0.0000 0.0000 0.0000 
0.0536 0.0000 0.9464 0.0000 
0.0460 0.2874 0.0038 0.6628 
0.1341 0.0115 0.8506 0.0038 

MOTIF filter15 
letter-probability matrix: alength= 4 w= 16 nsites= 16 
0.2528 0.2360 0.2472 0.2640 
0.2219 0.2472 0.2640 0.2669 
0.0365 0.0140 0.3933 0.5562 
0.0000 0.8511 0.0000 0.1489 
0.0000 0.0000 0.0000 1.0000 
1.0000 0.0000 0.0000 0.0000 
0.0056 0.0000 0.0000 0.9944 
0.0281 0.0000 0.0000 0.9719 
0.1067 0.0000 0.0000 0.8933 
0.4438 0.0000 0.0000 0.5562 
0.0000 0.0000 0.0000 1.0000 
1.0000 0.0000 0.0000 0.0000 
0.0084 0.0000 0.9522 0.0393 
0.4213 0.4073 0.0421 0.1292 
0.3034 0.2528 0.2725 0.1713 
0.2640 0.2444 0.2388 0.2528 

MOTIF filter16 
letter-probability matrix: alength= 4 w= 12 nsites= 12 
0.3211 0.2237 0.2737 0.1816 
0.2289 0.3289 0.1842 0.2579 
0.0368 0.2289 0.4789 0.2553 
0.0000 0.7842 0.0658 0.1500 
0.0053 0.7474 0.0000 0.2474 
0.0000 1.0000 0.0000 0.0000 
0.0000 1.0000 0.0000 0.0000 
0.1000 0.0000 0.6158 0.2842 
0.0000 1.0000 0.0000 0.0000 
0.0000 1.0000 0.0000 0.0000 
0.0000 0.8421 0.0000 0.1579 
0.0895 0.8526 0.0000 0.0579 

MOTIF filter17 
letter-probability matrix: alength= 4 w= 13 nsites= 13 
0.2384 0.2229 0.2941 0.2446 
0.2322 0.2353 0.2446 0.2879 
0.2012 0.2477 0.2879 0.2632 
0.2508 0.0774 0.6254 0.0464 
0.0867 0.0000 0.8762 0.0372 
0.1672 0.0000 0.8328 0.0000 
0.0000 0.0000 1.0000 0.0000 
0.0000 0.0000 1.0000 0.0000 
0.3189 0.5666 0.0000 0.1146 
0.0000 0.0000 1.0000 0.0000 
0.0000 0.0000 1.0000 0.0000 
0.1548 0.0000 0.8421 0.0031 
0.1796 0.0031 0.8173 0.0000 

MOTIF filter18 
letter-probability matrix: alength= 4 w= 15 nsites= 15 
0.2761 0.2413 0.2146 0.2680 
0.2575 0.2471 0.2378 0.2575 
0.1334 0.2100 0.1624 0.4942 
0.0000 0.0000 0.0000 1.0000 
0.0000 0.0000 0.0070 0.9930 
0.0789 0.9211 0.0000 0.0000 
0.0058 0.7529 0.0000 0.2413 
0.2668 0.2158 0.2610 0.2564 
0.1972 0.0000 0.8016 0.0012 
0.0000 0.0000 0.9698 0.0302 
0.9988 0.0012 0.0000 0.0000 
1.0000 0.0000 0.0000 0.0000 
0.5174 0.1172 0.2088 0.1566 
0.2378 0.2773 0.2343 0.2506 
0.2587 0.2274 0.2691 0.2448 

MOTIF filter19 
letter-probability matrix: alength= 4 w= 18 nsites= 18 
0.2453 0.2547 0.2358 0.2642 
0.2767 0.2201 0.2579 0.2453 
0.2547 0.2673 0.2327 0.2453 
0.5189 0.0094 0.1289 0.3428 
0.6509 0.0094 0.0472 0.2925 
0.4560 0.0000 0.0189 0.5252 
0.2987 0.1509 0.1447 0.4057 
0.0094 0.0000 0.0000 0.9906 
0.0000 0.0000 1.0000 0.0000 
0.0252 0.9748 0.0000 0.0000 
0.0000 0.0000 0.0000 1.0000 
0.0000 0.0000 0.9906 0.0094 
1.0000 0.0000 0.0000 0.0000 
0.0314 0.5031 0.3145 0.1509 
0.1918 0.1226 0.0377 0.6478 
0.1824 0.3868 0.1101 0.3208 
0.5283 0.0566 0.1792 0.2358 
0.1509 0.0314 0.5597 0.2579 

MOTIF filter20 
letter-probability matrix: alength= 4 w= 20 nsites= 20 
0.2353 0.2745 0.2418 0.2484 
0.1634 0.2026 0.0588 0.5752 
0.4183 0.1895 0.3399 0.0523 
0.8105 0.0131 0.1765 0.0000 
0.0915 0.4314 0.1176 0.3595 
0.2810 0.0654 0.0980 0.5556 
0.4379 0.1242 0.3791 0.0588 
0.9216 0.0065 0.0719 0.0000 
0.3072 0.1307 0.3856 0.1765 
0.6013 0.0719 0.0850 0.2418 
0.4771 0.0458 0.3203 0.1569 
0.0784 0.5033 0.0261 0.3922 
0.6993 0.1830 0.1176 0.0000 
0.1307 0.1111 0.6275 0.1307 
0.5621 0.3203 0.0065 0.1111 
0.3268 0.0000 0.6732 0.0000 
0.5556 0.3660 0.0719 0.0065 
0.0784 0.3203 0.2941 0.3072 
0.0261 0.2222 0.2810 0.4706 
0.0131 0.1176 0.0000 0.8693 

MOTIF filter21 
letter-probability matrix: alength= 4 w= 16 nsites= 16 
0.3901 0.2222 0.1901 0.1975 
0.0889 0.3630 0.1111 0.4370 
0.0691 0.3235 0.3704 0.2370 
0.4198 0.1358 0.4444 0.0000 
0.5704 0.0074 0.3778 0.0444 
0.0000 1.0000 0.0000 0.0000 
0.0000 1.0000 0.0000 0.0000 
1.0000 0.0000 0.0000 0.0000 
1.0000 0.0000 0.0000 0.0000 
0.0000 0.0000 0.0000 1.0000 
0.0296 0.7630 0.2049 0.0025 
0.8173 0.0000 0.1827 0.0000 
0.0593 0.0716 0.8642 0.0049 
0.2148 0.2765 0.2272 0.2815 
0.2642 0.2049 0.2716 0.2593 
0.2272 0.2691 0.2173 0.2864 

MOTIF filter22 
letter-probability matrix: alength= 4 w= 13 nsites= 13 
0.2509 0.2274 0.2685 0.2532 
0.2016 0.1923 0.3986 0.2075 
0.4478 0.2274 0.3177 0.0070 
0.0000 0.0000 0.0000 1.0000 
0.0000 0.0000 0.9988 0.0012 
1.0000 0.0000 0.0000 0.0000 
0.0000 0.4830 0.5147 0.0023 
0.0000 0.0000 0.0000 1.0000 
0.0000 1.0000 0.0000 0.0000 
1.0000 0.0000 0.0000 0.0000 
0.0023 0.3845 0.1735 0.4396 
0.2216 0.4045 0.1208 0.2532 
0.2732 0.2040 0.2825 0.2403 

MOTIF filter23 
letter-probability matrix: alength= 4 w= 18 nsites= 18 
0.2769 0.2462 0.2123 0.2646 
0.2400 0.2769 0.2677 0.2154 
0.2492 0.2585 0.2462 0.2462 
0.1138 0.0185 0.6954 0.1723 
0.0738 0.7446 0.1077 0.0738 
0.3077 0.3446 0.2492 0.0985 
0.0523 0.0000 0.8431 0.1046 
0.0000 1.0000 0.0000 0.0000 
0.0000 1.0000 0.0000 0.0000 
1.0000 0.0000 0.0000 0.0000 
0.0000 0.0000 0.0000 1.0000 
0.0062 0.4462 0.1508 0.3969 
0.0000 0.0092 0.0000 0.9908 
0.0000 0.0062 0.0000 0.9938 
0.0923 0.0769 0.7138 0.1169 
0.2831 0.2154 0.2585 0.2431 
0.2092 0.2800 0.2431 0.2677 
0.2338 0.3046 0.2431 0.2185 

MOTIF filter24 
letter-probability matrix: alength= 4 w= 15 nsites= 15 
0.2822 0.2352 0.2018 0.2807 
0.2443 0.2610 0.2276 0.2671 
0.1335 0.1882 0.1153 0.5630 
0.0000 0.0000 0.0000 1.0000 
0.0000 0.0000 0.0000 1.0000 
0.0167 0.9818 0.0000 0.0015 
0.0000 0.9165 0.0000 0.0835 
0.2049 0.2701 0.1912 0.3338 
0.2534 0.0000 0.7420 0.0046 
0.0000 0.0000 0.9514 0.0486 
1.0000 0.0000 0.0000 0.0000 
1.0000 0.0000 0.0000 0.0000 
0.5493 0.1199 0.1988 0.1320 
0.2337 0.2625 0.2580 0.2458 
0.2610 0.2504 0.2398 0.2489 

MOTIF filter25 
letter-probability matrix: alength= 4 w= 20 nsites= 20 
0.2318 0.2548 0.2644 0.2490 
0.2088 0.5728 0.1801 0.0383 
0.0498 0.0096 0.5747 0.3659 
0.4464 0.0460 0.0000 0.5077 
0.3755 0.1609 0.0862 0.3774 
0.5326 0.0038 0.3218 0.1418 
0.4636 0.3123 0.0364 0.1877 
0.3946 0.3199 0.2625 0.0230 
0.1322 0.0651 0.2375 0.5651 
0.0000 0.0479 0.3391 0.6130 
0.0115 0.3908 0.2510 0.3467 
0.5881 0.0153 0.1015 0.2950 
0.5077 0.2184 0.1705 0.1034 
0.1877 0.0153 0.7375 0.0594 
0.2395 0.3793 0.1494 0.2318 
0.1935 0.1475 0.6226 0.0364 
0.0977 0.7720 0.0172 0.1130 
0.0268 0.5594 0.3831 0.0307 
0.1379 0.1322 0.3180 0.4119 
0.2318 0.5575 0.1973 0.0134 

MOTIF filter26 
letter-probability matrix: alength= 4 w= 16 nsites= 16 
0.2429 0.2758 0.2418 0.2396 
0.2407 0.2714 0.2484 0.2396 
0.1275 0.0747 0.3352 0.4626 
0.0505 0.8297 0.0011 0.1187 
0.0000 0.0022 0.0000 0.9978 
1.0000 0.0000 0.0000 0.0000 
0.3000 0.0000 0.0022 0.6978 
0.4857 0.0000 0.0000 0.5143 
0.5747 0.0000 0.0000 0.4253 
0.7000 0.0000 0.0000 0.3000 
0.0000 0.0000 0.0000 1.0000 
1.0000 0.0000 0.0000 0.0000 
0.1242 0.0000 0.8703 0.0055 
0.4429 0.3648 0.0495 0.1429 
0.2879 0.2264 0.2495 0.2363 
0.2396 0.2758 0.2396 0.2451 

MOTIF filter27 
letter-probability matrix: alength= 4 w= 13 nsites= 13 
0.2396 0.2318 0.2696 0.2590 
0.2367 0.1639 0.3948 0.2047 
0.3870 0.2182 0.3628 0.0320 
0.0000 0.0000 0.0000 1.0000 
0.0000 0.0000 1.0000 0.0000 
1.0000 0.0000 0.0000 0.0000 
0.0097 0.5044 0.4859 0.0000 
0.0000 0.0000 0.0000 1.0000 
0.0058 0.9942 0.0000 0.0000 
1.0000 0.0000 0.0000 0.0000 
0.0126 0.3307 0.2551 0.4016 
0.2163 0.3550 0.1950 0.2338 
0.2551 0.2250 0.2716 0.2483 

MOTIF filter28 
letter-probability matrix: alength= 4 w= 13 nsites= 13 
0.4199 0.2099 0.2044 0.1657 
0.2983 0.3591 0.2376 0.1050 
0.1381 0.1105 0.5580 0.1934 
0.0000 0.8508 0.0221 0.1271 
0.0000 0.9669 0.0000 0.0331 
0.0000 1.0000 0.0000 0.0000 
0.0000 1.0000 0.0000 0.0000 
0.1326 0.0000 0.5912 0.2762 
0.0000 1.0000 0.0000 0.0000 
0.0000 1.0000 0.0000 0.0000 
0.0000 0.8619 0.0000 0.1381 
0.0055 0.9724 0.0000 0.0221 
0.0221 0.6740 0.0221 0.2818 

MOTIF filter29 
letter-probability matrix: alength= 4 w= 16 nsites= 16 
0.2328 0.2426 0.2623 0.2623 
0.2106 0.2857 0.2759 0.2278 
0.2869 0.2389 0.2291 0.2451 
0.1552 0.0665 0.0394 0.7389 
0.0333 0.0776 0.6663 0.2229 
0.4236 0.3978 0.0690 0.1096 
0.0000 1.0000 0.0000 0.0000 
0.0000 1.0000 0.0000 0.0000 
0.8374 0.0000 0.0049 0.1576 
0.0111 0.0000 0.0000 0.9889 
0.9975 0.0025 0.0000 0.0000 
0.0000 0.0000 0.0012 0.9988 
0.9865 0.0000 0.0000 0.0135 
0.1441 0.0025 0.0025 0.8510 
0.0025 0.0037 0.9938 0.0000 
0.0012 0.0000 0.9988 0.0000 

MOTIF filter30 
letter-probability matrix: alength= 4 w= 15 nsites= 15 
0.2668 0.2993 0.2227 0.2111 
0.2761 0.2575 0.2274 0.2390 
0.2459 0.2506 0.2483 0.2552 
0.0093 0.7726 0.1206 0.0974 
0.0000 0.1949 0.0000 0.8051 
0.0000 0.2552 0.7100 0.0348 
1.0000 0.0000 0.0000 0.0000 
0.0000 0.0000 0.0000 1.0000 
0.0000 0.0000 0.0000 1.0000 
0.0000 0.0000 1.0000 0.0000 
0.0000 0.0000 1.0000 0.0000 
0.0487 0.4060 0.0070 0.5383 
0.0162 0.4246 0.1323 0.4269 
0.1972 0.4037 0.3132 0.0858 
0.4594 0.1485 0.3063 0.0858 

MOTIF filter31 
letter-probability matrix: alength= 4 w= 18 nsites= 18 
0.2242 0.2435 0.2616 0.2707 
0.2129 0.2786 0.2786 0.2299 
0.2888 0.2424 0.2242 0.2446 
0.1642 0.0713 0.0453 0.7191 
0.0328 0.0906 0.6580 0.2186 
0.4122 0.3851 0.0736 0.1291 
0.0023 0.9932 0.0023 0.0023 
0.0000 0.9887 0.0023 0.0091 
0.8301 0.0034 0.0079 0.1586 
0.0215 0.0000 0.0011 0.9773 
0.9989 0.0011 0.0000 0.0000 
0.0000 0.0011 0.0011 0.9977 
0.9841 0.0011 0.0000 0.0147 
0.1619 0.0057 0.0011 0.8313 
0.0034 0.0113 0.9853 0.0000 
0.0000 0.0023 0.9955 0.0023 
0.1121 0.0657 0.3862 0.4360 
0.2254 0.6478 0.0906 0.0362 

