MEME version 4

ALPHABET= ACGT

Background letter frequencies:
A 0.2500 C 0.2500 G 0.2500 T 0.2500 

MOTIF filter0 
letter-probability matrix: alength= 4 w= 12 nsites= 12 
0.2468 0.2390 0.2442 0.2701 
0.2494 0.2260 0.2779 0.2468 
0.2260 0.2753 0.2416 0.2571 
0.0026 0.8649 0.1325 0.0000 
0.0156 0.9844 0.0000 0.0000 
0.0000 0.0000 1.0000 0.0000 
0.0000 0.0000 1.0000 0.0000 
1.0000 0.0000 0.0000 0.0000 
1.0000 0.0000 0.0000 0.0000 
0.0468 0.0104 0.9429 0.0000 
0.0364 0.3117 0.0130 0.6390 
0.1922 0.1013 0.6442 0.0623 

MOTIF filter1 
letter-probability matrix: alength= 4 w= 20 nsites= 20 
0.2530 0.2349 0.2831 0.2289 
0.9458 0.0181 0.0000 0.0361 
0.0000 0.6506 0.2470 0.1024 
0.2169 0.0663 0.1988 0.5181 
0.1386 0.8072 0.0542 0.0000 
0.5783 0.1566 0.0241 0.2410 
0.2108 0.5422 0.1024 0.1446 
0.2771 0.5663 0.1386 0.0181 
0.0000 0.2590 0.0181 0.7229 
0.2952 0.0060 0.4759 0.2229 
0.1024 0.0904 0.1084 0.6988 
0.5361 0.0181 0.2229 0.2229 
0.4036 0.1084 0.3253 0.1627 
0.5060 0.3133 0.0000 0.1807 
0.3253 0.4036 0.0000 0.2711 
0.0723 0.4217 0.1988 0.3072 
0.0000 0.0241 0.6446 0.3313 
0.2410 0.1084 0.4277 0.2229 
0.1386 0.1928 0.4940 0.1747 
0.1325 0.6988 0.1265 0.0422 

MOTIF filter2 
letter-probability matrix: alength= 4 w= 19 nsites= 19 
0.3131 0.2077 0.2173 0.2620 
0.9872 0.0000 0.0064 0.0064 
0.0319 0.0000 0.0000 0.9681 
0.0096 0.5144 0.0000 0.4760 
0.9936 0.0000 0.0064 0.0000 
1.0000 0.0000 0.0000 0.0000 
0.8850 0.0000 0.0319 0.0831 
0.1342 0.1885 0.2684 0.4089 
0.3003 0.1757 0.3738 0.1502 
0.2875 0.3355 0.2173 0.1597 
0.2492 0.2492 0.2843 0.2173 
0.3706 0.3259 0.1278 0.1757 
0.2332 0.3003 0.2141 0.2524 
0.2812 0.1246 0.3195 0.2748 
0.2077 0.3387 0.3067 0.1470 
0.4345 0.4121 0.0000 0.1534 
0.1406 0.3323 0.2907 0.2364 
0.2843 0.3099 0.2013 0.2045 
0.2556 0.1182 0.3131 0.3131 

MOTIF filter3 
letter-probability matrix: alength= 4 w= 18 nsites= 18 
0.2833 0.2733 0.2133 0.2300 
0.2700 0.2733 0.2467 0.2100 
0.2600 0.2700 0.2433 0.2267 
0.1200 0.0200 0.6700 0.1900 
0.0767 0.7267 0.1067 0.0900 
0.3133 0.3433 0.2267 0.1167 
0.0400 0.0000 0.8633 0.0967 
0.0000 1.0000 0.0000 0.0000 
0.0000 1.0000 0.0000 0.0000 
1.0000 0.0000 0.0000 0.0000 
0.0000 0.0000 0.0000 1.0000 
0.0100 0.4467 0.1533 0.3900 
0.0000 0.0000 0.0000 1.0000 
0.0000 0.0000 0.0000 1.0000 
0.0700 0.0700 0.7733 0.0867 
0.3033 0.2167 0.2400 0.2400 
0.1967 0.2967 0.2500 0.2567 
0.2367 0.3033 0.2333 0.2267 

MOTIF filter4 
letter-probability matrix: alength= 4 w= 14 nsites= 14 
0.2489 0.1689 0.4000 0.1822 
0.2489 0.0000 0.6711 0.0800 
0.0178 0.0000 0.9822 0.0000 
0.0400 0.0044 0.9556 0.0000 
0.0000 0.0267 0.9733 0.0000 
0.1644 0.1600 0.6667 0.0089 
0.0978 0.2800 0.5200 0.1022 
0.0222 0.0089 0.9644 0.0044 
0.0400 0.0000 0.9556 0.0044 
0.0844 0.0267 0.8889 0.0000 
0.2578 0.1289 0.6133 0.0000 
0.2044 0.4089 0.3244 0.0622 
0.2756 0.2356 0.3289 0.1600 
0.3022 0.2711 0.1911 0.2356 

MOTIF filter5 
letter-probability matrix: alength= 4 w= 12 nsites= 12 
0.2350 0.2734 0.2655 0.2260 
0.4237 0.1910 0.2689 0.1164 
0.2158 0.3322 0.3311 0.1209 
0.0000 1.0000 0.0000 0.0000 
1.0000 0.0000 0.0000 0.0000 
0.0000 1.0000 0.0000 0.0000 
0.0000 0.0000 1.0000 0.0000 
0.0000 0.0000 0.0000 1.0000 
0.0000 0.0000 1.0000 0.0000 
0.1435 0.2802 0.3356 0.2407 
0.1345 0.2531 0.1503 0.4621 
0.2362 0.2610 0.2599 0.2429 

MOTIF filter6 
letter-probability matrix: alength= 4 w= 14 nsites= 14 
0.1437 0.1915 0.3803 0.2845 
0.0225 0.4873 0.2366 0.2535 
0.0789 0.6282 0.1324 0.1606 
0.6930 0.0169 0.2620 0.0282 
0.0000 0.9634 0.0000 0.0366 
0.0000 0.0000 0.0000 1.0000 
0.0000 0.0000 0.0000 1.0000 
0.0000 1.0000 0.0000 0.0000 
0.0000 1.0000 0.0000 0.0000 
0.0000 0.0000 0.9887 0.0113 
0.0000 0.1352 0.8507 0.0141 
0.2761 0.1944 0.2423 0.2873 
0.2592 0.2310 0.2620 0.2479 
0.2620 0.2282 0.2423 0.2676 

MOTIF filter7 
letter-probability matrix: alength= 4 w= 18 nsites= 18 
0.2431 0.2157 0.2804 0.2608 
0.2922 0.3078 0.1980 0.2020 
0.2137 0.2275 0.3137 0.2451 
0.0647 0.0157 0.3451 0.5745 
0.0078 0.9471 0.0000 0.0451 
0.0000 0.0000 0.0000 1.0000 
1.0000 0.0000 0.0000 0.0000 
0.2137 0.0000 0.0039 0.7824 
0.4824 0.0000 0.0000 0.5176 
0.5824 0.0000 0.0000 0.4176 
0.7451 0.0000 0.0000 0.2549 
0.0000 0.0000 0.0000 1.0000 
1.0000 0.0000 0.0000 0.0000 
0.0196 0.0000 0.9784 0.0020 
0.4843 0.4078 0.0157 0.0922 
0.2745 0.1804 0.3039 0.2412 
0.2863 0.1843 0.2392 0.2902 
0.2098 0.2667 0.2490 0.2745 

MOTIF filter8 
letter-probability matrix: alength= 4 w= 14 nsites= 14 
0.0697 0.0488 0.3868 0.4948 
0.0035 0.8571 0.0035 0.1359 
0.0000 0.0000 0.0000 1.0000 
1.0000 0.0000 0.0000 0.0000 
0.0000 0.0000 0.0000 1.0000 
0.0000 0.0000 0.0000 1.0000 
0.0105 0.0000 0.0000 0.9895 
0.3624 0.0000 0.0000 0.6376 
0.0000 0.0000 0.0000 1.0000 
1.0000 0.0000 0.0000 0.0000 
0.0488 0.0000 0.9024 0.0488 
0.4251 0.3798 0.0523 0.1429 
0.3066 0.2509 0.2753 0.1672 
0.2544 0.2648 0.2195 0.2613 

MOTIF filter9 
letter-probability matrix: alength= 4 w= 16 nsites= 16 
0.2862 0.2345 0.2931 0.1862 
0.2172 0.3552 0.2414 0.1862 
0.0414 0.1448 0.5103 0.3034 
0.0000 0.8172 0.0138 0.1690 
0.0069 0.8655 0.0000 0.1276 
0.0000 1.0000 0.0000 0.0000 
0.0000 1.0000 0.0000 0.0000 
0.0931 0.0000 0.6655 0.2414 
0.0000 1.0000 0.0000 0.0000 
0.0000 1.0000 0.0000 0.0000 
0.0000 0.8345 0.0000 0.1655 
0.0103 0.8655 0.0000 0.1241 
0.0241 0.6966 0.0414 0.2379 
0.2931 0.2655 0.2069 0.2345 
0.2931 0.2276 0.2552 0.2241 
0.2379 0.3241 0.2483 0.1897 

MOTIF filter10 
letter-probability matrix: alength= 4 w= 20 nsites= 20 
0.2249 0.2459 0.2613 0.2679 
0.2128 0.2789 0.2767 0.2315 
0.2922 0.2404 0.2282 0.2393 
0.1665 0.0761 0.0441 0.7133 
0.0331 0.0948 0.6549 0.2172 
0.4112 0.3881 0.0739 0.1268 
0.0022 0.9901 0.0055 0.0022 
0.0000 0.9901 0.0033 0.0066 
0.8280 0.0022 0.0088 0.1610 
0.0221 0.0000 0.0022 0.9757 
0.9945 0.0022 0.0022 0.0011 
0.0000 0.0022 0.0011 0.9967 
0.9768 0.0033 0.0000 0.0198 
0.1599 0.0044 0.0022 0.8335 
0.0044 0.0110 0.9846 0.0000 
0.0011 0.0022 0.9934 0.0033 
0.1136 0.0728 0.3837 0.4300 
0.2271 0.6417 0.0959 0.0353 
0.7078 0.0342 0.0717 0.1863 
0.2370 0.2756 0.2393 0.2481 

MOTIF filter11 
letter-probability matrix: alength= 4 w= 13 nsites= 13 
0.2645 0.2332 0.2801 0.2222 
0.2551 0.1549 0.3740 0.2160 
0.4194 0.1581 0.4131 0.0094 
0.0000 0.0000 0.0000 1.0000 
0.0000 0.0000 0.9984 0.0016 
1.0000 0.0000 0.0000 0.0000 
0.0000 0.5149 0.4851 0.0000 
0.0000 0.0000 0.0000 1.0000 
0.0000 1.0000 0.0000 0.0000 
1.0000 0.0000 0.0000 0.0000 
0.0000 0.3490 0.2207 0.4304 
0.2254 0.3740 0.1706 0.2300 
0.2394 0.2081 0.2973 0.2551 

MOTIF filter12 
letter-probability matrix: alength= 4 w= 11 nsites= 11 
0.2439 0.2318 0.2672 0.2570 
0.2263 0.1704 0.3957 0.2076 
0.3948 0.2123 0.3575 0.0354 
0.0000 0.0000 0.0000 1.0000 
0.0000 0.0000 0.9870 0.0130 
1.0000 0.0000 0.0000 0.0000 
0.0140 0.4851 0.4898 0.0112 
0.0000 0.0000 0.0000 1.0000 
0.0037 0.9963 0.0000 0.0000 
1.0000 0.0000 0.0000 0.0000 
0.0233 0.3343 0.2421 0.4004 

MOTIF filter13 
letter-probability matrix: alength= 4 w= 13 nsites= 13 
0.2395 0.2671 0.2511 0.2424 
0.2409 0.2525 0.2511 0.2554 
0.2453 0.2453 0.2395 0.2700 
0.5225 0.0943 0.3832 0.0000 
0.0000 0.0000 0.0000 1.0000 
0.0000 0.0000 0.0029 0.9971 
0.2903 0.0000 0.6415 0.0682 
0.0015 0.9303 0.0000 0.0682 
0.0406 0.0000 0.9594 0.0000 
0.0726 0.6763 0.0000 0.2511 
0.9739 0.0261 0.0000 0.0000 
1.0000 0.0000 0.0000 0.0000 
0.0044 0.3483 0.1408 0.5065 

MOTIF filter14 
letter-probability matrix: alength= 4 w= 17 nsites= 17 
0.2920 0.2214 0.2481 0.2385 
0.2443 0.2538 0.2805 0.2214 
0.2366 0.3397 0.2137 0.2099 
0.0382 0.0153 0.3740 0.5725 
0.0019 0.9866 0.0000 0.0115 
0.0000 0.0000 0.0000 1.0000 
1.0000 0.0000 0.0000 0.0000 
0.2042 0.0000 0.0000 0.7958 
0.4351 0.0000 0.0000 0.5649 
0.5401 0.0000 0.0000 0.4599 
0.7195 0.0000 0.0000 0.2805 
0.0000 0.0000 0.0000 1.0000 
0.9962 0.0000 0.0038 0.0000 
0.0324 0.0000 0.9466 0.0210 
0.5191 0.3397 0.0248 0.1164 
0.2939 0.2290 0.2920 0.1851 
0.2347 0.3053 0.2595 0.2004 

MOTIF filter15 
letter-probability matrix: alength= 4 w= 14 nsites= 14 
0.2714 0.2556 0.2264 0.2466 
0.1408 0.1982 0.1577 0.5034 
0.0000 0.0000 0.0000 1.0000 
0.0000 0.0000 0.0023 0.9977 
0.0574 0.9426 0.0000 0.0000 
0.0045 0.7793 0.0000 0.2162 
0.2477 0.2331 0.2410 0.2782 
0.2185 0.0000 0.7748 0.0068 
0.0000 0.0000 0.9223 0.0777 
0.9977 0.0023 0.0000 0.0000 
1.0000 0.0000 0.0000 0.0000 
0.5079 0.1205 0.2128 0.1588 
0.2387 0.2714 0.2421 0.2477 
0.2658 0.2376 0.2489 0.2477 

MOTIF filter16 
letter-probability matrix: alength= 4 w= 16 nsites= 16 
0.2353 0.1961 0.2510 0.3176 
0.2529 0.2549 0.2686 0.2235 
0.2039 0.3000 0.2373 0.2588 
0.5333 0.1137 0.3510 0.0020 
0.0000 0.0000 0.0000 1.0000 
0.0000 0.0000 0.0235 0.9765 
0.2941 0.0000 0.6667 0.0392 
0.0000 0.9745 0.0020 0.0235 
0.0451 0.0000 0.9549 0.0000 
0.0157 0.8216 0.0000 0.1627 
1.0000 0.0000 0.0000 0.0000 
1.0000 0.0000 0.0000 0.0000 
0.0020 0.3529 0.0686 0.5765 
0.2804 0.2686 0.2549 0.1961 
0.2333 0.2000 0.2784 0.2882 
0.2412 0.2412 0.2725 0.2451 

MOTIF filter17 
letter-probability matrix: alength= 4 w= 12 nsites= 12 
0.2573 0.2588 0.2356 0.2483 
0.2881 0.2633 0.2281 0.2206 
0.2566 0.2153 0.2296 0.2986 
0.6287 0.0000 0.0000 0.3713 
0.0000 0.0000 0.0000 1.0000 
0.0000 0.0053 0.0000 0.9947 
0.9550 0.0000 0.0450 0.0000 
1.0000 0.0000 0.0000 0.0000 
0.2971 0.0000 0.0000 0.7029 
0.2731 0.2416 0.2498 0.2356 
0.2363 0.2506 0.2573 0.2558 
0.2686 0.2423 0.2273 0.2618 

MOTIF filter18 
letter-probability matrix: alength= 4 w= 15 nsites= 15 
0.2740 0.2918 0.2242 0.2100 
0.1032 0.1708 0.5694 0.1566 
0.0000 0.8434 0.0142 0.1423 
0.0000 0.8434 0.0000 0.1566 
0.0000 1.0000 0.0000 0.0000 
0.0000 1.0000 0.0000 0.0000 
0.1103 0.0000 0.6085 0.2811 
0.0000 1.0000 0.0000 0.0000 
0.0000 1.0000 0.0000 0.0000 
0.0000 0.8078 0.0000 0.1922 
0.0961 0.8612 0.0000 0.0427 
0.0214 0.7402 0.0391 0.1993 
0.2313 0.2064 0.3060 0.2562 
0.2669 0.2705 0.1922 0.2705 
0.2206 0.3060 0.2100 0.2633 

MOTIF filter19 
letter-probability matrix: alength= 4 w= 11 nsites= 11 
0.4915 0.2102 0.1392 0.1591 
0.0312 0.3750 0.0909 0.5028 
0.0426 0.3068 0.3722 0.2784 
0.4403 0.0938 0.4659 0.0000 
0.5568 0.0028 0.4062 0.0341 
0.0000 1.0000 0.0000 0.0000 
0.0000 1.0000 0.0000 0.0000 
1.0000 0.0000 0.0000 0.0000 
1.0000 0.0000 0.0000 0.0000 
0.0000 0.0000 0.0000 1.0000 
0.0028 0.8097 0.1875 0.0000 

MOTIF filter20 
letter-probability matrix: alength= 4 w= 20 nsites= 20 
0.2642 0.2264 0.2028 0.3066 
0.2830 0.0094 0.3113 0.3962 
0.4481 0.1274 0.2972 0.1274 
0.2736 0.0000 0.5472 0.1792 
0.4858 0.3019 0.0000 0.2123 
0.3868 0.2170 0.1132 0.2830 
0.4057 0.4198 0.0802 0.0943 
0.0330 0.2028 0.1415 0.6226 
0.6887 0.1274 0.0236 0.1604 
0.7311 0.0094 0.2358 0.0236 
0.2217 0.2170 0.5613 0.0000 
0.2547 0.0660 0.5566 0.1226 
0.0000 0.4575 0.2311 0.3113 
0.2830 0.3255 0.2500 0.1415 
0.8066 0.0189 0.1226 0.0519 
0.2311 0.0472 0.4387 0.2830 
0.0142 0.0094 0.5802 0.3962 
0.0000 0.1651 0.1651 0.6698 
0.0047 0.1557 0.0142 0.8255 
0.3774 0.0283 0.0000 0.5943 

MOTIF filter21 
letter-probability matrix: alength= 4 w= 20 nsites= 20 
0.2230 0.2503 0.2627 0.2639 
0.2069 0.2875 0.2850 0.2206 
0.2838 0.2416 0.2305 0.2441 
0.1648 0.0669 0.0397 0.7286 
0.0260 0.0892 0.6679 0.2169 
0.4089 0.3965 0.0644 0.1301 
0.0000 1.0000 0.0000 0.0000 
0.0000 0.9926 0.0025 0.0050 
0.8414 0.0000 0.0037 0.1549 
0.0173 0.0000 0.0000 0.9827 
1.0000 0.0000 0.0000 0.0000 
0.0000 0.0000 0.0012 0.9988 
0.9888 0.0000 0.0000 0.0112 
0.1425 0.0037 0.0000 0.8538 
0.0000 0.0012 0.9988 0.0000 
0.0000 0.0000 0.9988 0.0012 
0.1016 0.0731 0.4027 0.4226 
0.2218 0.6605 0.0855 0.0322 
0.7447 0.0198 0.0620 0.1735 
0.2367 0.2825 0.2416 0.2392 

MOTIF filter22 
letter-probability matrix: alength= 4 w= 13 nsites= 13 
0.3070 0.2279 0.2093 0.2558 
0.2419 0.2837 0.2651 0.2093 
0.2093 0.2837 0.2698 0.2372 
0.0837 0.0047 0.7953 0.1163 
0.0605 0.8698 0.0558 0.0140 
0.2186 0.4000 0.2977 0.0837 
0.0465 0.0000 0.9023 0.0512 
0.0000 1.0000 0.0000 0.0000 
0.0000 1.0000 0.0000 0.0000 
1.0000 0.0000 0.0000 0.0000 
0.0000 0.0000 0.0000 1.0000 
0.0000 0.4791 0.1116 0.4093 
0.0000 0.0000 0.0000 1.0000 

MOTIF filter23 
letter-probability matrix: alength= 4 w= 16 nsites= 16 
0.2749 0.3073 0.2022 0.2156 
0.2776 0.2722 0.2075 0.2426 
0.2426 0.2507 0.2480 0.2588 
0.0081 0.8059 0.0970 0.0889 
0.0000 0.1563 0.0000 0.8437 
0.0000 0.2561 0.7224 0.0216 
1.0000 0.0000 0.0000 0.0000 
0.0000 0.0000 0.0000 1.0000 
0.0000 0.0000 0.0000 1.0000 
0.0000 0.0000 1.0000 0.0000 
0.0000 0.0000 1.0000 0.0000 
0.0458 0.4043 0.0054 0.5445 
0.0108 0.4340 0.1294 0.4259 
0.1779 0.4286 0.3154 0.0782 
0.4690 0.1429 0.3154 0.0728 
0.1456 0.1563 0.2588 0.4394 

MOTIF filter24 
letter-probability matrix: alength= 4 w= 18 nsites= 18 
0.2966 0.4495 0.0826 0.1713 
0.2202 0.1957 0.1407 0.4434 
0.2875 0.1713 0.3150 0.2263 
0.7370 0.0153 0.0459 0.2018 
0.4190 0.1070 0.3058 0.1682 
0.1346 0.0000 0.0000 0.8654 
0.1437 0.6606 0.0153 0.1804 
0.5015 0.0000 0.0000 0.4985 
0.0000 0.0000 0.9969 0.0031 
0.0000 1.0000 0.0000 0.0000 
0.4618 0.0000 0.0000 0.5382 
0.2018 0.0214 0.6361 0.1407 
0.8685 0.0000 0.0000 0.1315 
0.1835 0.2691 0.1254 0.4220 
0.1804 0.0856 0.0122 0.7217 
0.1988 0.3517 0.1621 0.2875 
0.4495 0.1070 0.2171 0.2263 
0.1407 0.1101 0.4893 0.2599 

MOTIF filter25 
letter-probability matrix: alength= 4 w= 16 nsites= 16 
0.2040 0.3229 0.2153 0.2578 
0.2550 0.2266 0.2351 0.2833 
0.1501 0.0538 0.3144 0.4816 
0.0340 0.9433 0.0000 0.0227 
0.0000 0.0000 0.0000 1.0000 
1.0000 0.0000 0.0000 0.0000 
0.4873 0.0000 0.0000 0.5127 
0.8159 0.0000 0.0000 0.1841 
0.9518 0.0000 0.0000 0.0482 
0.9915 0.0000 0.0000 0.0085 
0.0000 0.0000 0.0000 1.0000 
1.0000 0.0000 0.0000 0.0000 
0.0623 0.0000 0.9377 0.0000 
0.5439 0.3541 0.0170 0.0850 
0.2748 0.2606 0.2125 0.2521 
0.2181 0.3031 0.2465 0.2323 

MOTIF filter26 
letter-probability matrix: alength= 4 w= 16 nsites= 16 
0.2508 0.2542 0.2408 0.2542 
0.2441 0.2308 0.2408 0.2843 
0.2308 0.2375 0.2609 0.2709 
0.2609 0.0234 0.6722 0.0435 
0.1171 0.0000 0.8194 0.0635 
0.1806 0.0000 0.8194 0.0000 
0.0000 0.0000 1.0000 0.0000 
0.0000 0.0000 1.0000 0.0000 
0.2642 0.6187 0.0000 0.1171 
0.0000 0.0000 1.0000 0.0000 
0.0000 0.0000 1.0000 0.0000 
0.1672 0.0000 0.8328 0.0000 
0.1605 0.0100 0.8294 0.0000 
0.1572 0.6187 0.1706 0.0535 
0.3010 0.1973 0.2776 0.2241 
0.2341 0.3110 0.2140 0.2408 

MOTIF filter27 
letter-probability matrix: alength= 4 w= 12 nsites= 12 
0.2324 0.2602 0.2612 0.2463 
0.3992 0.2016 0.2522 0.1470 
0.2304 0.3069 0.3128 0.1500 
0.0000 1.0000 0.0000 0.0000 
1.0000 0.0000 0.0000 0.0000 
0.0000 1.0000 0.0000 0.0000 
0.0129 0.0000 0.9871 0.0000 
0.0000 0.0000 0.0000 1.0000 
0.0000 0.0000 1.0000 0.0000 
0.1529 0.2959 0.3178 0.2334 
0.1639 0.2463 0.1668 0.4230 
0.2314 0.2622 0.2483 0.2582 

MOTIF filter28 
letter-probability matrix: alength= 4 w= 20 nsites= 20 
0.2236 0.2927 0.2480 0.2358 
0.0569 0.5569 0.2317 0.1545 
0.0407 0.0244 0.9024 0.0325 
0.3780 0.1341 0.4878 0.0000 
0.3984 0.0285 0.0854 0.4878 
0.2805 0.2276 0.1789 0.3130 
0.4350 0.0244 0.2154 0.3252 
0.4146 0.1789 0.0041 0.4024 
0.7033 0.1707 0.0163 0.1098 
0.4431 0.1992 0.0447 0.3130 
0.6057 0.0732 0.0488 0.2724 
0.3740 0.5569 0.0528 0.0163 
0.0407 0.2602 0.3252 0.3740 
0.0244 0.5610 0.1789 0.2358 
0.0000 0.2602 0.0163 0.7236 
0.0813 0.0488 0.4634 0.4065 
0.0935 0.3537 0.2561 0.2967 
0.2195 0.0854 0.0325 0.6626 
0.0447 0.0528 0.0285 0.8740 
0.1463 0.5407 0.1463 0.1667 

MOTIF filter29 
letter-probability matrix: alength= 4 w= 14 nsites= 14 
0.2424 0.2342 0.2534 0.2700 
0.2094 0.2948 0.2837 0.2121 
0.2755 0.2479 0.1956 0.2810 
0.1570 0.6777 0.1074 0.0579 
1.0000 0.0000 0.0000 0.0000 
0.9835 0.0000 0.0165 0.0000 
0.4132 0.0826 0.4904 0.0138 
1.0000 0.0000 0.0000 0.0000 
0.0000 0.0000 0.0000 1.0000 
0.0000 0.0000 1.0000 0.0000 
0.0000 0.0000 1.0000 0.0000 
0.0468 0.8926 0.0000 0.0606 
0.1212 0.2121 0.4105 0.2562 
0.0937 0.0854 0.7631 0.0579 

MOTIF filter30 
letter-probability matrix: alength= 4 w= 15 nsites= 15 
0.1337 0.3396 0.1497 0.3770 
0.0668 0.3529 0.3422 0.2380 
0.3957 0.1364 0.4679 0.0000 
0.5882 0.0214 0.3503 0.0401 
0.0000 1.0000 0.0000 0.0000 
0.0000 0.9893 0.0000 0.0107 
0.9545 0.0000 0.0455 0.0000 
1.0000 0.0000 0.0000 0.0000 
0.0000 0.0000 0.0000 1.0000 
0.0535 0.6845 0.1684 0.0936 
0.7701 0.0000 0.2299 0.0000 
0.0053 0.0187 0.9759 0.0000 
0.1684 0.2807 0.2193 0.3316 
0.2380 0.2246 0.2567 0.2807 
0.2059 0.3048 0.2433 0.2460 

MOTIF filter31 
letter-probability matrix: alength= 4 w= 18 nsites= 18 
0.0687 0.6069 0.2099 0.1145 
0.3588 0.0954 0.0916 0.4542 
0.0725 0.3817 0.3130 0.2328 
0.3855 0.1756 0.0000 0.4389 
0.2595 0.3969 0.0496 0.2939 
0.0000 0.7824 0.1145 0.1031 
0.0000 0.8588 0.1412 0.0000 
0.0038 0.2481 0.4695 0.2786 
0.0725 0.2023 0.4618 0.2634 
0.2634 0.3130 0.2863 0.1374 
0.2977 0.5344 0.1679 0.0000 
0.3435 0.0000 0.2214 0.4351 
0.3015 0.1221 0.5496 0.0267 
0.0420 0.0267 0.9198 0.0115 
0.9008 0.0038 0.0954 0.0000 
0.2328 0.4580 0.0611 0.2481 
0.6756 0.1718 0.0229 0.1298 
0.2290 0.2634 0.0992 0.4084 

