MEME version 4

ALPHABET= ACGT

Background letter frequencies:
A 0.2500 C 0.2500 G 0.2500 T 0.2500 

MOTIF filter0 
letter-probability matrix: alength= 4 w= 12 nsites= 12 
0.2572 0.2439 0.2317 0.2672 
0.2461 0.2927 0.2494 0.2118 
0.2494 0.2118 0.2406 0.2982 
0.6131 0.0000 0.0000 0.3869 
0.0000 0.0000 0.0000 1.0000 
0.0000 0.0000 0.0000 1.0000 
0.8548 0.0000 0.1452 0.0000 
1.0000 0.0000 0.0000 0.0000 
0.0144 0.0000 0.0000 0.9856 
0.2849 0.2239 0.2639 0.2273 
0.2373 0.2417 0.2761 0.2450 
0.2627 0.2794 0.1752 0.2827 

MOTIF filter1 
letter-probability matrix: alength= 4 w= 19 nsites= 19 
0.2552 0.2218 0.2594 0.2636 
0.0000 0.8410 0.0921 0.0669 
0.0000 0.1172 0.0000 0.8828 
0.0000 0.2594 0.7406 0.0000 
1.0000 0.0000 0.0000 0.0000 
0.0000 0.0000 0.0000 1.0000 
0.0000 0.0000 0.0000 1.0000 
0.0000 0.0000 1.0000 0.0000 
0.0000 0.0000 1.0000 0.0000 
0.0460 0.4435 0.0084 0.5021 
0.0042 0.3724 0.1255 0.4979 
0.1297 0.4435 0.3724 0.0544 
0.5105 0.1172 0.3054 0.0669 
0.1423 0.1381 0.2636 0.4561 
0.1464 0.0795 0.2385 0.5356 
0.0084 0.3264 0.1548 0.5105 
0.1674 0.2469 0.3138 0.2720 
0.2887 0.2762 0.1757 0.2594 
0.2427 0.2594 0.1967 0.3013 

MOTIF filter2 
letter-probability matrix: alength= 4 w= 13 nsites= 13 
0.2241 0.2573 0.2545 0.2642 
0.1978 0.2974 0.2711 0.2337 
0.2725 0.2586 0.2241 0.2448 
0.1397 0.0553 0.0194 0.7856 
0.0207 0.0581 0.7206 0.2006 
0.4426 0.4011 0.0595 0.0968 
0.0000 1.0000 0.0000 0.0000 
0.0000 1.0000 0.0000 0.0000 
0.8603 0.0000 0.0000 0.1397 
0.0000 0.0000 0.0000 1.0000 
1.0000 0.0000 0.0000 0.0000 
0.0000 0.0000 0.0000 1.0000 
1.0000 0.0000 0.0000 0.0000 

MOTIF filter3 
letter-probability matrix: alength= 4 w= 19 nsites= 19 
0.2252 0.2730 0.2553 0.2465 
0.5071 0.0851 0.1188 0.2890 
0.0408 0.0567 0.5461 0.3564 
0.2057 0.3706 0.0691 0.3546 
0.1206 0.3759 0.2110 0.2926 
0.0000 0.1879 0.0426 0.7695 
0.0869 0.4078 0.0709 0.4344 
0.0089 0.1294 0.0479 0.8138 
0.8369 0.0124 0.0922 0.0585 
0.1968 0.3138 0.4592 0.0301 
0.1206 0.0762 0.4096 0.3936 
0.7677 0.0000 0.0071 0.2252 
0.2039 0.2713 0.1259 0.3989 
0.1028 0.1844 0.4486 0.2642 
0.4025 0.3848 0.0780 0.1348 
0.0957 0.5922 0.0018 0.3103 
0.0426 0.1826 0.2092 0.5656 
0.4167 0.0727 0.2376 0.2730 
0.5408 0.0638 0.3280 0.0674 

MOTIF filter4 
letter-probability matrix: alength= 4 w= 20 nsites= 20 
0.2640 0.2320 0.2160 0.2880 
0.3840 0.0720 0.5200 0.0240 
0.0320 0.6560 0.0000 0.3120 
0.1920 0.1760 0.6240 0.0080 
0.0320 0.3840 0.4560 0.1280 
0.4160 0.3040 0.0000 0.2800 
0.2880 0.1760 0.4640 0.0720 
0.1760 0.1600 0.0000 0.6640 
0.2560 0.4320 0.0720 0.2400 
0.1280 0.0160 0.0720 0.7840 
0.1920 0.3040 0.0400 0.4640 
0.0640 0.0000 0.4000 0.5360 
0.3040 0.4640 0.2160 0.0160 
0.0400 0.1600 0.0480 0.7520 
0.0000 0.0000 0.4720 0.5280 
0.2720 0.4240 0.2160 0.0880 
0.5840 0.2720 0.0960 0.0480 
0.4480 0.0160 0.2400 0.2960 
0.0160 0.0000 0.0240 0.9600 
0.6640 0.2560 0.0720 0.0080 

MOTIF filter5 
letter-probability matrix: alength= 4 w= 14 nsites= 14 
0.2161 0.2565 0.3026 0.2248 
0.1643 0.3199 0.3170 0.1988 
0.2277 0.3545 0.2622 0.1556 
0.6369 0.1816 0.1787 0.0029 
0.4899 0.1816 0.1700 0.1585 
0.4784 0.1873 0.1095 0.2248 
0.0259 0.3112 0.1124 0.5504 
0.0432 0.3401 0.4496 0.1671 
0.5014 0.0490 0.4496 0.0000 
0.6052 0.0000 0.3516 0.0432 
0.0000 1.0000 0.0000 0.0000 
0.0029 0.9971 0.0000 0.0000 
1.0000 0.0000 0.0000 0.0000 
0.9942 0.0029 0.0029 0.0000 

MOTIF filter6 
letter-probability matrix: alength= 4 w= 16 nsites= 16 
0.2385 0.2355 0.2599 0.2661 
0.2355 0.2232 0.2630 0.2783 
0.2355 0.2599 0.2844 0.2202 
0.2661 0.0000 0.6789 0.0550 
0.0856 0.0000 0.8624 0.0520 
0.1835 0.0000 0.8165 0.0000 
0.0000 0.0000 1.0000 0.0000 
0.0000 0.0000 1.0000 0.0000 
0.2630 0.5627 0.0000 0.1743 
0.0000 0.0000 1.0000 0.0000 
0.0000 0.0000 1.0000 0.0000 
0.1896 0.0000 0.8104 0.0000 
0.1896 0.0306 0.7798 0.0000 
0.1896 0.5382 0.1865 0.0856 
0.2752 0.2355 0.2661 0.2232 
0.2141 0.2966 0.2508 0.2385 

MOTIF filter7 
letter-probability matrix: alength= 4 w= 9 nsites= 9 
0.2522 0.2788 0.2345 0.2345 
0.2864 0.2167 0.2117 0.2852 
0.2801 0.2611 0.2370 0.2218 
1.0000 0.0000 0.0000 0.0000 
0.0000 0.0000 0.0000 1.0000 
0.0000 0.4284 0.0000 0.5716 
1.0000 0.0000 0.0000 0.0000 
1.0000 0.0000 0.0000 0.0000 
0.9924 0.0000 0.0000 0.0076 

MOTIF filter8 
letter-probability matrix: alength= 4 w= 12 nsites= 12 
0.2467 0.2750 0.2166 0.2618 
0.2618 0.2881 0.2373 0.2128 
0.3315 0.2561 0.2919 0.1205 
0.0000 0.0000 0.0000 1.0000 
0.0000 0.0000 0.0000 1.0000 
0.0000 0.0000 0.0000 1.0000 
0.7043 0.0000 0.2957 0.0000 
1.0000 0.0000 0.0000 0.0000 
0.0000 0.0000 0.0000 1.0000 
0.2392 0.2712 0.2373 0.2524 
0.2787 0.2524 0.2185 0.2505 
0.2222 0.1827 0.2994 0.2957 

MOTIF filter9 
letter-probability matrix: alength= 4 w= 13 nsites= 13 
0.2730 0.2463 0.2463 0.2344 
0.1899 0.2967 0.1988 0.3145 
0.4570 0.1958 0.3472 0.0000 
0.0000 0.0000 0.0000 1.0000 
0.0000 0.0000 0.0297 0.9703 
0.3680 0.0000 0.5430 0.0890 
0.0030 0.8516 0.0000 0.1454 
0.2018 0.0000 0.7982 0.0000 
0.1306 0.5519 0.0000 0.3175 
0.9763 0.0237 0.0000 0.0000 
0.0000 0.3561 0.3294 0.3145 
0.2582 0.2641 0.2315 0.2463 
0.2166 0.2433 0.2700 0.2700 

MOTIF filter10 
letter-probability matrix: alength= 4 w= 12 nsites= 12 
0.2403 0.2308 0.2697 0.2592 
0.2204 0.1763 0.3977 0.2057 
0.3998 0.2288 0.3547 0.0168 
0.0000 0.0000 0.0000 1.0000 
0.0000 0.0000 0.9990 0.0010 
1.0000 0.0000 0.0000 0.0000 
0.0000 0.5037 0.4963 0.0000 
0.0000 0.0000 0.0000 1.0000 
0.0000 1.0000 0.0000 0.0000 
1.0000 0.0000 0.0000 0.0000 
0.0000 0.3484 0.2350 0.4166 
0.2204 0.3683 0.1679 0.2434 

MOTIF filter11 
letter-probability matrix: alength= 4 w= 15 nsites= 15 
0.2910 0.3065 0.2043 0.1981 
0.2601 0.3065 0.1950 0.2384 
0.2415 0.2260 0.2817 0.2508 
0.0031 0.8638 0.0774 0.0557 
0.0000 0.1827 0.0000 0.8173 
0.0000 0.2012 0.7709 0.0279 
1.0000 0.0000 0.0000 0.0000 
0.0000 0.0000 0.0000 1.0000 
0.0000 0.0000 0.0000 1.0000 
0.0000 0.0000 1.0000 0.0000 
0.0000 0.0000 1.0000 0.0000 
0.0186 0.3932 0.0062 0.5820 
0.0093 0.4675 0.1300 0.3932 
0.2012 0.4334 0.2941 0.0712 
0.5015 0.1300 0.3127 0.0557 

MOTIF filter12 
letter-probability matrix: alength= 4 w= 13 nsites= 13 
0.3248 0.1911 0.3057 0.1783 
0.2739 0.3885 0.2293 0.1083 
0.1083 0.1783 0.4713 0.2420 
0.0000 0.9045 0.0127 0.0828 
0.0000 0.9554 0.0000 0.0446 
0.0000 1.0000 0.0000 0.0000 
0.0000 1.0000 0.0000 0.0000 
0.0955 0.0000 0.7325 0.1720 
0.0000 1.0000 0.0000 0.0000 
0.0000 1.0000 0.0000 0.0000 
0.0000 0.9045 0.0000 0.0955 
0.0000 0.9554 0.0000 0.0446 
0.0191 0.7261 0.0191 0.2357 

MOTIF filter13 
letter-probability matrix: alength= 4 w= 19 nsites= 19 
0.2280 0.2441 0.2570 0.2710 
0.2151 0.2785 0.2742 0.2323 
0.2903 0.2409 0.2290 0.2398 
0.1699 0.0742 0.0462 0.7097 
0.0344 0.0935 0.6516 0.2204 
0.4118 0.3892 0.0742 0.1247 
0.0022 0.9882 0.0075 0.0022 
0.0011 0.9871 0.0032 0.0086 
0.8194 0.0043 0.0108 0.1656 
0.0247 0.0000 0.0032 0.9720 
0.9935 0.0043 0.0022 0.0000 
0.0000 0.0022 0.0011 0.9968 
0.9731 0.0032 0.0000 0.0237 
0.1591 0.0075 0.0043 0.8290 
0.0032 0.0118 0.9839 0.0011 
0.0054 0.0054 0.9860 0.0032 
0.1129 0.0731 0.3828 0.4312 
0.2301 0.6344 0.0957 0.0398 
0.7032 0.0333 0.0785 0.1849 

MOTIF filter14 
letter-probability matrix: alength= 4 w= 10 nsites= 10 
0.2378 0.2342 0.2571 0.2709 
0.2351 0.1616 0.3930 0.2103 
0.3875 0.2204 0.3563 0.0358 
0.0000 0.0000 0.0000 1.0000 
0.0000 0.0000 1.0000 0.0000 
1.0000 0.0000 0.0000 0.0000 
0.0248 0.4931 0.4821 0.0000 
0.0000 0.0000 0.0000 1.0000 
0.0174 0.9826 0.0000 0.0000 
1.0000 0.0000 0.0000 0.0000 

MOTIF filter15 
letter-probability matrix: alength= 4 w= 16 nsites= 16 
0.2969 0.2162 0.2209 0.2660 
0.1853 0.2732 0.2494 0.2922 
0.1639 0.1710 0.1164 0.5487 
0.0000 0.0000 0.0000 1.0000 
0.0000 0.0000 0.0000 1.0000 
0.0166 0.8242 0.0000 0.1591 
0.0000 1.0000 0.0000 0.0000 
0.1591 0.3278 0.0356 0.4774 
0.3587 0.0000 0.6247 0.0166 
0.0000 0.0000 0.9857 0.0143 
0.8504 0.0048 0.1449 0.0000 
1.0000 0.0000 0.0000 0.0000 
0.7672 0.0950 0.0760 0.0618 
0.2969 0.2138 0.2470 0.2423 
0.3088 0.2732 0.1781 0.2399 
0.1853 0.3254 0.2637 0.2257 

MOTIF filter16 
letter-probability matrix: alength= 4 w= 15 nsites= 15 
0.2157 0.2431 0.2902 0.2510 
0.2627 0.1020 0.6000 0.0353 
0.1333 0.0000 0.8078 0.0588 
0.1216 0.0000 0.8784 0.0000 
0.0000 0.0000 1.0000 0.0000 
0.0000 0.0000 1.0000 0.0000 
0.3137 0.5843 0.0000 0.1020 
0.0000 0.0000 1.0000 0.0000 
0.0000 0.0000 1.0000 0.0000 
0.0667 0.0000 0.9333 0.0000 
0.1137 0.0000 0.8863 0.0000 
0.1765 0.6118 0.1765 0.0353 
0.2902 0.1922 0.3176 0.2000 
0.2588 0.2863 0.2078 0.2471 
0.2667 0.2118 0.2471 0.2745 

MOTIF filter17 
letter-probability matrix: alength= 4 w= 18 nsites= 18 
0.2384 0.2297 0.2471 0.2849 
0.2151 0.2849 0.2820 0.2180 
0.2733 0.2645 0.2035 0.2587 
0.1628 0.6541 0.1221 0.0610 
0.9971 0.0000 0.0029 0.0000 
0.9884 0.0000 0.0116 0.0000 
0.4186 0.0872 0.4767 0.0174 
1.0000 0.0000 0.0000 0.0000 
0.0000 0.0000 0.0000 1.0000 
0.0000 0.0000 1.0000 0.0000 
0.0000 0.0000 1.0000 0.0000 
0.0640 0.8692 0.0000 0.0669 
0.1134 0.1860 0.4390 0.2616 
0.0756 0.0785 0.7878 0.0581 
0.1337 0.7645 0.0233 0.0785 
0.2674 0.2209 0.2180 0.2936 
0.2326 0.2384 0.2994 0.2297 
0.2674 0.2413 0.2733 0.2180 

MOTIF filter18 
letter-probability matrix: alength= 4 w= 11 nsites= 11 
0.2610 0.2454 0.2454 0.2482 
0.4965 0.1702 0.2567 0.0766 
0.2199 0.3532 0.3518 0.0752 
0.0000 1.0000 0.0000 0.0000 
1.0000 0.0000 0.0000 0.0000 
0.0000 1.0000 0.0000 0.0000 
0.0014 0.0000 0.9986 0.0000 
0.0000 0.0000 0.0000 1.0000 
0.0000 0.0000 1.0000 0.0000 
0.0894 0.3447 0.3504 0.2156 
0.1262 0.2440 0.1220 0.5078 

MOTIF filter19 
letter-probability matrix: alength= 4 w= 11 nsites= 11 
0.2383 0.2403 0.2582 0.2632 
0.2383 0.2502 0.2622 0.2493 
0.2354 0.2771 0.2274 0.2602 
0.5372 0.1102 0.3525 0.0000 
0.0000 0.0000 0.0000 1.0000 
0.0000 0.0000 0.0169 0.9831 
0.3039 0.0000 0.6127 0.0834 
0.0000 0.9444 0.0000 0.0556 
0.0963 0.0000 0.9037 0.0000 
0.0924 0.6594 0.0000 0.2483 
0.9762 0.0238 0.0000 0.0000 

MOTIF filter20 
letter-probability matrix: alength= 4 w= 15 nsites= 15 
0.1902 0.3268 0.1951 0.2878 
0.3561 0.2439 0.1902 0.2098 
0.2293 0.2829 0.2683 0.2195 
0.0488 0.1122 0.6683 0.1707 
0.0000 0.9122 0.0098 0.0780 
0.0000 0.7951 0.0000 0.2049 
0.0000 1.0000 0.0000 0.0000 
0.0000 1.0000 0.0000 0.0000 
0.1220 0.0000 0.5122 0.3659 
0.0000 1.0000 0.0000 0.0000 
0.0000 1.0000 0.0000 0.0000 
0.0049 0.7659 0.0000 0.2293 
0.0780 0.9220 0.0000 0.0000 
0.0293 0.6878 0.0439 0.2390 
0.2049 0.2146 0.3366 0.2439 

MOTIF filter21 
letter-probability matrix: alength= 4 w= 14 nsites= 14 
0.2608 0.2262 0.2622 0.2507 
0.2478 0.2752 0.2522 0.2248 
0.2233 0.2939 0.2406 0.2421 
0.0778 0.0346 0.3746 0.5130 
0.0029 0.9337 0.0000 0.0634 
0.0000 0.0000 0.0000 1.0000 
1.0000 0.0000 0.0000 0.0000 
0.1988 0.0000 0.0000 0.8012 
0.4150 0.0000 0.0000 0.5850 
0.5216 0.0000 0.0000 0.4784 
0.6643 0.0000 0.0000 0.3357 
0.0000 0.0000 0.0000 1.0000 
1.0000 0.0000 0.0000 0.0000 
0.0461 0.0000 0.9409 0.0130 

MOTIF filter22 
letter-probability matrix: alength= 4 w= 13 nsites= 13 
0.2820 0.2410 0.2098 0.2673 
0.2741 0.2527 0.2302 0.2429 
0.1454 0.2176 0.1639 0.4732 
0.0000 0.0068 0.0000 0.9932 
0.0000 0.0000 0.0117 0.9883 
0.1220 0.8780 0.0000 0.0000 
0.0088 0.7395 0.0000 0.2517 
0.2634 0.2215 0.2468 0.2683 
0.2322 0.0000 0.7590 0.0088 
0.0000 0.0010 0.8937 0.1054 
0.9980 0.0020 0.0000 0.0000 
1.0000 0.0000 0.0000 0.0000 
0.4868 0.1366 0.2205 0.1561 

MOTIF filter23 
letter-probability matrix: alength= 4 w= 15 nsites= 15 
0.2400 0.2738 0.2308 0.2554 
0.2492 0.2277 0.2708 0.2523 
0.2492 0.2831 0.2400 0.2277 
0.4954 0.0062 0.1200 0.3785 
0.6400 0.0000 0.0431 0.3169 
0.4523 0.0000 0.0031 0.5446 
0.3046 0.1692 0.1631 0.3631 
0.0000 0.0000 0.0000 1.0000 
0.0000 0.0000 1.0000 0.0000 
0.0092 0.9908 0.0000 0.0000 
0.0000 0.0000 0.0000 1.0000 
0.0000 0.0000 1.0000 0.0000 
1.0000 0.0000 0.0000 0.0000 
0.0338 0.5015 0.3200 0.1446 
0.1846 0.1446 0.0462 0.6246 

MOTIF filter24 
letter-probability matrix: alength= 4 w= 14 nsites= 14 
0.2486 0.2647 0.2474 0.2393 
0.2405 0.2705 0.2439 0.2451 
0.1110 0.0671 0.3491 0.4728 
0.0347 0.8682 0.0000 0.0971 
0.0000 0.0012 0.0000 0.9988 
1.0000 0.0000 0.0000 0.0000 
0.2844 0.0000 0.0046 0.7110 
0.4832 0.0000 0.0000 0.5168 
0.5723 0.0000 0.0000 0.4277 
0.7179 0.0000 0.0000 0.2821 
0.0000 0.0000 0.0000 1.0000 
1.0000 0.0000 0.0000 0.0000 
0.0983 0.0012 0.8867 0.0139 
0.4520 0.3711 0.0439 0.1329 

MOTIF filter25 
letter-probability matrix: alength= 4 w= 18 nsites= 18 
0.3027 0.5341 0.0356 0.1276 
0.2374 0.1810 0.0742 0.5074 
0.2819 0.1543 0.3264 0.2374 
0.6202 0.0534 0.1187 0.2077 
0.1780 0.3056 0.4866 0.0297 
0.0000 0.0000 0.0000 1.0000 
0.0119 0.9881 0.0000 0.0000 
1.0000 0.0000 0.0000 0.0000 
0.0000 0.0000 0.9881 0.0119 
0.0000 1.0000 0.0000 0.0000 
0.9970 0.0000 0.0000 0.0030 
0.4421 0.1662 0.1246 0.2671 
0.4184 0.0534 0.0059 0.5223 
0.3947 0.0742 0.0000 0.5312 
0.2967 0.1187 0.0178 0.5668 
0.2700 0.2196 0.2582 0.2522 
0.2700 0.2789 0.2226 0.2285 
0.2136 0.2997 0.2315 0.2552 

MOTIF filter26 
letter-probability matrix: alength= 4 w= 13 nsites= 13 
0.2776 0.2805 0.2691 0.1728 
0.2238 0.3144 0.1586 0.3031 
0.0453 0.1756 0.5071 0.2720 
0.0000 0.7365 0.0198 0.2436 
0.0227 0.8329 0.0000 0.1445 
0.0028 0.9972 0.0000 0.0000 
0.0000 1.0000 0.0000 0.0000 
0.0708 0.0000 0.5807 0.3484 
0.0000 1.0000 0.0000 0.0000 
0.0000 1.0000 0.0000 0.0000 
0.0000 0.8300 0.0000 0.1700 
0.0850 0.7422 0.0000 0.1728 
0.0425 0.6261 0.0765 0.2550 

MOTIF filter27 
letter-probability matrix: alength= 4 w= 13 nsites= 13 
0.4624 0.2254 0.1503 0.1618 
0.0636 0.3728 0.1098 0.4538 
0.0723 0.3179 0.3671 0.2428 
0.4191 0.1127 0.4682 0.0000 
0.5867 0.0087 0.3584 0.0462 
0.0000 1.0000 0.0000 0.0000 
0.0000 1.0000 0.0000 0.0000 
1.0000 0.0000 0.0000 0.0000 
1.0000 0.0000 0.0000 0.0000 
0.0000 0.0000 0.0000 1.0000 
0.0173 0.7803 0.2023 0.0000 
0.8642 0.0000 0.1358 0.0000 
0.0520 0.0491 0.8960 0.0029 

MOTIF filter28 
letter-probability matrix: alength= 4 w= 12 nsites= 12 
0.0637 0.0781 0.0709 0.7873 
0.0000 0.0000 0.0188 0.9812 
0.2648 0.0000 0.6744 0.0608 
0.0014 0.9334 0.0000 0.0651 
0.0405 0.0000 0.9595 0.0000 
0.0593 0.7540 0.0000 0.1867 
1.0000 0.0000 0.0000 0.0000 
1.0000 0.0000 0.0000 0.0000 
0.0000 0.4211 0.0246 0.5543 
0.2648 0.2865 0.2475 0.2012 
0.2402 0.2489 0.2562 0.2547 
0.2677 0.2258 0.2576 0.2489 

MOTIF filter29 
letter-probability matrix: alength= 4 w= 19 nsites= 19 
0.2125 0.3000 0.2313 0.2562 
0.4875 0.0188 0.1813 0.3125 
0.6062 0.0437 0.0625 0.2875 
0.4000 0.0000 0.0375 0.5625 
0.3000 0.1375 0.0875 0.4750 
0.0188 0.0000 0.0000 0.9812 
0.0000 0.0000 1.0000 0.0000 
0.0312 0.9688 0.0000 0.0000 
0.0000 0.0063 0.0000 0.9937 
0.0063 0.0000 0.9500 0.0437 
1.0000 0.0000 0.0000 0.0000 
0.0125 0.3938 0.3750 0.2188 
0.2125 0.0250 0.0188 0.7437 
0.2438 0.6812 0.0750 0.0000 
0.6000 0.0250 0.1750 0.2000 
0.1688 0.0000 0.7125 0.1187 
0.3000 0.3000 0.2188 0.1813 
0.2812 0.1875 0.2688 0.2625 
0.2125 0.2750 0.2562 0.2562 

MOTIF filter30 
letter-probability matrix: alength= 4 w= 17 nsites= 17 
0.2500 0.2835 0.2561 0.2104 
0.2439 0.2530 0.2530 0.2500 
0.1128 0.0122 0.7104 0.1646 
0.0762 0.7226 0.1189 0.0823 
0.3049 0.3354 0.2591 0.1006 
0.0579 0.0000 0.8445 0.0976 
0.0000 1.0000 0.0000 0.0000 
0.0000 1.0000 0.0000 0.0000 
1.0000 0.0000 0.0000 0.0000 
0.0000 0.0000 0.0000 1.0000 
0.0091 0.4482 0.1402 0.4024 
0.0000 0.0122 0.0000 0.9878 
0.0000 0.0061 0.0000 0.9939 
0.0854 0.0793 0.7165 0.1189 
0.2866 0.2134 0.2530 0.2470 
0.1890 0.2835 0.2683 0.2591 
0.2378 0.2805 0.2409 0.2409 

MOTIF filter31 
letter-probability matrix: alength= 4 w= 10 nsites= 10 
0.2239 0.3037 0.3067 0.1657 
0.0000 1.0000 0.0000 0.0000 
1.0000 0.0000 0.0000 0.0000 
0.0000 1.0000 0.0000 0.0000 
0.0000 0.0000 1.0000 0.0000 
0.0000 0.0000 0.0000 1.0000 
0.0000 0.0000 1.0000 0.0000 
0.1657 0.2890 0.3116 0.2337 
0.1765 0.2416 0.1726 0.4093 
0.2308 0.2574 0.2495 0.2623 

