MEME version 4

ALPHABET= ACGT

Background letter frequencies:
A 0.2500 C 0.2500 G 0.2500 T 0.2500 

MOTIF filter0 
letter-probability matrix: alength= 4 w= 16 nsites= 16 
0.2317 0.1552 0.1204 0.4928 
0.0923 0.1572 0.5221 0.2284 
0.3260 0.4096 0.1398 0.1245 
0.0670 0.7021 0.1622 0.0687 
0.0443 0.7613 0.1390 0.0554 
0.4911 0.1051 0.2578 0.1460 
0.0058 0.0004 0.1138 0.8800 
0.5130 0.0261 0.4547 0.0062 
0.3682 0.0741 0.0513 0.5064 
0.3881 0.2598 0.3459 0.0062 
0.0836 0.0211 0.0008 0.8945 
0.0004 0.5569 0.4353 0.0074 
0.5507 0.0029 0.4315 0.0149 
0.0393 0.2503 0.3595 0.3508 
0.2987 0.4766 0.1510 0.0736 
0.4464 0.0968 0.2106 0.2462 

MOTIF filter1 
letter-probability matrix: alength= 4 w= 12 nsites= 12 
0.2550 0.2253 0.1670 0.3528 
0.2166 0.1478 0.3104 0.3252 
0.0920 0.1554 0.3832 0.3694 
0.3922 0.0094 0.4701 0.1282 
0.0018 0.7624 0.0101 0.2256 
0.0007 0.0833 0.0000 0.9160 
0.2246 0.0007 0.7686 0.0062 
0.7653 0.0000 0.2347 0.0000 
0.0580 0.1782 0.0062 0.7577 
0.0819 0.3202 0.2908 0.3071 
0.2698 0.2293 0.3365 0.1644 
0.2057 0.1398 0.5339 0.1206 

MOTIF filter2 
letter-probability matrix: alength= 4 w= 12 nsites= 12 
0.2552 0.1798 0.4108 0.1542 
0.2450 0.0663 0.4796 0.2090 
0.2941 0.0858 0.5382 0.0820 
0.0962 0.1375 0.7023 0.0640 
0.0707 0.1499 0.6979 0.0816 
0.2565 0.3574 0.1844 0.2017 
0.0908 0.1215 0.7693 0.0184 
0.0320 0.0048 0.8765 0.0867 
0.3186 0.0337 0.5540 0.0936 
0.3121 0.1656 0.5085 0.0138 
0.2324 0.3072 0.3206 0.1397 
0.2259 0.2578 0.2848 0.2314 

MOTIF filter3 
letter-probability matrix: alength= 4 w= 15 nsites= 15 
0.1104 0.1003 0.4894 0.2999 
0.1030 0.5437 0.2328 0.1205 
0.3588 0.2245 0.3569 0.0598 
0.1969 0.0184 0.6587 0.1260 
0.0000 0.9844 0.0156 0.0000 
0.0000 0.9338 0.0000 0.0662 
0.8887 0.0184 0.0478 0.0451 
0.5041 0.0064 0.0028 0.4867 
0.0055 0.2116 0.0672 0.7157 
0.0092 0.1831 0.0828 0.7249 
0.1610 0.0037 0.2208 0.6145 
0.0616 0.1214 0.7213 0.0957 
0.2751 0.2410 0.2318 0.2521 
0.1849 0.2475 0.2677 0.2999 
0.2475 0.2585 0.2456 0.2484 

MOTIF filter4 
letter-probability matrix: alength= 4 w= 13 nsites= 13 
0.1687 0.5080 0.1962 0.1272 
0.1504 0.5386 0.1007 0.2103 
0.3318 0.2227 0.1671 0.2784 
0.0809 0.1013 0.1565 0.6613 
0.4141 0.0422 0.5437 0.0000 
0.0002 0.1396 0.0063 0.8539 
0.3212 0.1881 0.0008 0.4899 
0.0921 0.0540 0.6436 0.2103 
0.1031 0.0116 0.8737 0.0116 
0.0035 0.4775 0.4593 0.0597 
0.2185 0.2468 0.1588 0.3758 
0.2146 0.4322 0.1577 0.1956 
0.4679 0.1221 0.1498 0.2602 

MOTIF filter5 
letter-probability matrix: alength= 4 w= 19 nsites= 19 
0.2346 0.3921 0.1387 0.2346 
0.2209 0.3202 0.2277 0.2312 
0.4315 0.1336 0.1387 0.2962 
0.5325 0.0291 0.0685 0.3699 
0.3322 0.1284 0.1610 0.3784 
0.6678 0.0274 0.1695 0.1353 
0.6318 0.0360 0.1421 0.1901 
0.1199 0.0086 0.2329 0.6387 
0.1284 0.0668 0.8048 0.0000 
0.0548 0.7226 0.2106 0.0120 
0.0171 0.3202 0.0120 0.6507 
0.0034 0.2637 0.7209 0.0120 
0.9846 0.0000 0.0137 0.0017 
0.0000 0.5291 0.3562 0.1147 
0.1798 0.1695 0.2038 0.4469 
0.0497 0.2568 0.1164 0.5771 
0.2757 0.0908 0.0445 0.5890 
0.2038 0.1387 0.4315 0.2260 
0.3185 0.3082 0.1712 0.2021 

MOTIF filter6 
letter-probability matrix: alength= 4 w= 14 nsites= 14 
0.2432 0.1854 0.2420 0.3294 
0.3537 0.1883 0.2276 0.2305 
0.0311 0.4230 0.2519 0.2940 
0.0103 0.3251 0.1331 0.5315 
0.2523 0.2374 0.5000 0.0103 
0.6549 0.2146 0.1276 0.0029 
0.0465 0.1366 0.0000 0.8169 
0.0121 0.5481 0.2416 0.1981 
0.7523 0.0000 0.2107 0.0370 
0.0272 0.0753 0.8975 0.0000 
0.0893 0.3786 0.0313 0.5008 
0.2383 0.4163 0.1807 0.1648 
0.4187 0.1907 0.2107 0.1798 
0.2695 0.1440 0.3514 0.2350 

MOTIF filter7 
letter-probability matrix: alength= 4 w= 11 nsites= 11 
0.3182 0.2741 0.1294 0.2783 
0.2676 0.1680 0.2948 0.2696 
0.3458 0.2110 0.3255 0.1177 
0.0134 0.2252 0.5842 0.1772 
0.5256 0.3810 0.0053 0.0881 
0.0602 0.9398 0.0000 0.0000 
0.0000 0.0233 0.9697 0.0070 
0.0140 0.0025 0.7240 0.2596 
0.1039 0.2156 0.3569 0.3237 
0.2668 0.3052 0.2416 0.1864 
0.3138 0.1902 0.2256 0.2704 

MOTIF filter8 
letter-probability matrix: alength= 4 w= 11 nsites= 11 
0.3613 0.2055 0.2210 0.2122 
0.2374 0.2129 0.1992 0.3505 
0.1711 0.1850 0.1805 0.4635 
0.3607 0.0000 0.6272 0.0121 
0.4220 0.5779 0.0002 0.0000 
0.5530 0.0761 0.0809 0.2900 
0.0000 0.0034 0.6296 0.3670 
0.0091 0.4194 0.0000 0.5715 
0.4744 0.1436 0.1979 0.1841 
0.2871 0.2492 0.1329 0.3308 
0.2837 0.2842 0.1593 0.2728 

MOTIF filter9 
letter-probability matrix: alength= 4 w= 14 nsites= 14 
0.2090 0.2904 0.2640 0.2366 
0.1141 0.2697 0.3689 0.2473 
0.0207 0.5550 0.1642 0.2601 
0.0638 0.6166 0.0490 0.2705 
0.0979 0.8027 0.0330 0.0665 
0.0482 0.7016 0.1742 0.0759 
0.1543 0.1973 0.4373 0.2110 
0.0443 0.7693 0.1363 0.0500 
0.0972 0.7977 0.0644 0.0406 
0.0137 0.6414 0.0250 0.3199 
0.2132 0.5879 0.0125 0.1863 
0.1309 0.4578 0.1661 0.2452 
0.2182 0.3176 0.2455 0.2187 
0.2474 0.3006 0.2209 0.2311 

MOTIF filter10 
letter-probability matrix: alength= 4 w= 12 nsites= 12 
0.1891 0.4190 0.2315 0.1604 
0.1584 0.3842 0.1611 0.2963 
0.3820 0.1615 0.3140 0.1426 
0.0428 0.0000 0.3751 0.5820 
0.5355 0.3392 0.0576 0.0676 
0.0814 0.0822 0.0054 0.8310 
0.8075 0.0988 0.0804 0.0133 
0.0021 0.0135 0.1078 0.8765 
0.6917 0.1515 0.1448 0.0119 
0.1237 0.1953 0.5384 0.1426 
0.3562 0.2169 0.2164 0.2106 
0.2390 0.2341 0.2889 0.2380 

MOTIF filter11 
letter-probability matrix: alength= 4 w= 14 nsites= 14 
0.1906 0.1563 0.2852 0.3679 
0.2920 0.2984 0.2293 0.1802 
0.1587 0.1519 0.2701 0.4194 
0.0082 0.8613 0.0014 0.1291 
0.1188 0.0006 0.2653 0.6154 
0.5735 0.0267 0.2263 0.1735 
0.1281 0.1529 0.1218 0.5972 
0.1862 0.6743 0.0238 0.1158 
0.0391 0.0174 0.8772 0.0663 
0.2705 0.2978 0.2519 0.1798 
0.0098 0.4016 0.0487 0.5399 
0.3836 0.2768 0.1988 0.1407 
0.1715 0.0830 0.4481 0.2974 
0.3848 0.3100 0.1974 0.1078 

MOTIF filter12 
letter-probability matrix: alength= 4 w= 12 nsites= 12 
0.2558 0.2746 0.1968 0.2728 
0.5049 0.0455 0.1934 0.2562 
0.1543 0.5609 0.1640 0.1208 
0.0463 0.0094 0.0135 0.9308 
0.0008 0.0700 0.4962 0.4330 
0.2374 0.7611 0.0000 0.0015 
0.0015 0.4093 0.3544 0.2348 
0.0233 0.0000 0.7081 0.2686 
0.6971 0.2532 0.0485 0.0011 
0.5617 0.2637 0.1102 0.0643 
0.0418 0.2144 0.4876 0.2562 
0.1238 0.3631 0.1132 0.3999 

MOTIF filter13 
letter-probability matrix: alength= 4 w= 13 nsites= 13 
0.3536 0.1919 0.2338 0.2207 
0.3220 0.1117 0.2378 0.3285 
0.3905 0.0734 0.2662 0.2700 
0.3563 0.0682 0.5748 0.0008 
0.0002 0.5512 0.1721 0.2766 
0.1931 0.1033 0.6947 0.0089 
0.0126 0.1257 0.8330 0.0287 
0.0801 0.8236 0.0000 0.0962 
0.0867 0.4224 0.3148 0.1761 
0.2081 0.0726 0.7097 0.0095 
0.0109 0.3698 0.2471 0.3722 
0.1957 0.3733 0.1784 0.2526 
0.3183 0.2387 0.1816 0.2614 

MOTIF filter14 
letter-probability matrix: alength= 4 w= 12 nsites= 12 
0.1699 0.2871 0.1882 0.3548 
0.3848 0.0012 0.4369 0.1771 
0.1893 0.2446 0.0390 0.5271 
0.0690 0.4762 0.4544 0.0004 
0.9913 0.0000 0.0007 0.0079 
0.0000 0.0795 0.0745 0.8460 
0.0249 0.2718 0.5170 0.1863 
0.0161 0.1467 0.4538 0.3834 
0.1587 0.5172 0.0000 0.3240 
0.2165 0.2322 0.2709 0.2804 
0.2543 0.1324 0.4291 0.1842 
0.2350 0.3994 0.1798 0.1858 

MOTIF filter15 
letter-probability matrix: alength= 4 w= 12 nsites= 12 
0.2421 0.2486 0.2436 0.2657 
0.2180 0.3619 0.2082 0.2119 
0.1902 0.2813 0.2233 0.3053 
0.6947 0.0028 0.0051 0.2973 
0.0122 0.0000 0.0004 0.9874 
0.1137 0.1849 0.0580 0.6434 
0.7035 0.0016 0.1859 0.1090 
0.9947 0.0000 0.0000 0.0053 
0.3410 0.0002 0.0148 0.6440 
0.3428 0.1930 0.2395 0.2247 
0.1873 0.2549 0.3566 0.2011 
0.2588 0.2639 0.2399 0.2375 

MOTIF filter16 
letter-probability matrix: alength= 4 w= 15 nsites= 15 
0.2007 0.3861 0.2024 0.2109 
0.2696 0.2024 0.2612 0.2668 
0.2199 0.0701 0.5393 0.1707 
0.0803 0.6518 0.1741 0.0938 
0.2482 0.6817 0.0577 0.0124 
0.5879 0.0373 0.3686 0.0062 
0.2182 0.1210 0.2759 0.3850 
0.1464 0.6761 0.1012 0.0763 
0.0062 0.3250 0.0023 0.6665 
0.0011 0.0034 0.6902 0.3053 
0.0153 0.0305 0.9282 0.0260 
0.3081 0.5760 0.0283 0.0876 
0.3652 0.1328 0.3070 0.1950 
0.1215 0.1679 0.5890 0.1215 
0.1956 0.4522 0.0577 0.2945 

MOTIF filter17 
letter-probability matrix: alength= 4 w= 16 nsites= 16 
0.1091 0.4513 0.1947 0.2448 
0.1165 0.5988 0.1431 0.1416 
0.5074 0.0929 0.3274 0.0723 
0.0501 0.8112 0.0944 0.0442 
0.1150 0.1106 0.1062 0.6681 
0.2212 0.0324 0.0575 0.6888 
0.0015 0.8923 0.1062 0.0000 
0.0295 0.9705 0.0000 0.0000 
0.0000 0.0000 0.9513 0.0487 
0.0000 0.2684 0.7050 0.0265 
0.5590 0.1224 0.0796 0.2389 
0.3451 0.2109 0.1637 0.2802 
0.0457 0.1652 0.6755 0.1136 
0.0929 0.3215 0.1106 0.4749 
0.2094 0.1799 0.4661 0.1445 
0.2493 0.2699 0.3392 0.1416 

MOTIF filter18 
letter-probability matrix: alength= 4 w= 14 nsites= 14 
0.2825 0.1584 0.2922 0.2668 
0.2388 0.2477 0.3441 0.1694 
0.2120 0.2623 0.3837 0.1420 
0.0335 0.4630 0.0587 0.4449 
0.0085 0.2325 0.7210 0.0380 
0.6923 0.0098 0.1441 0.1539 
0.4586 0.0243 0.1524 0.3647 
0.0003 0.3372 0.0020 0.6605 
0.0063 0.5365 0.4542 0.0030 
0.4329 0.0183 0.4369 0.1119 
0.7110 0.1540 0.0056 0.1294 
0.1933 0.1324 0.3272 0.3471 
0.1591 0.4146 0.2193 0.2070 
0.3622 0.2913 0.2269 0.1195 

MOTIF filter19 
letter-probability matrix: alength= 4 w= 12 nsites= 12 
0.2593 0.2593 0.2429 0.2385 
0.3811 0.2101 0.2483 0.1605 
0.2483 0.2802 0.2813 0.1902 
0.1249 0.7076 0.1043 0.0633 
0.7919 0.0434 0.0634 0.1013 
0.0247 0.7540 0.0227 0.1986 
0.1902 0.0221 0.7680 0.0196 
0.0538 0.0912 0.0295 0.8255 
0.0951 0.0551 0.7318 0.1180 
0.1895 0.2840 0.2943 0.2321 
0.1965 0.2647 0.1868 0.3520 
0.2562 0.2472 0.2425 0.2541 

MOTIF filter20 
letter-probability matrix: alength= 4 w= 15 nsites= 15 
0.2657 0.2465 0.2202 0.2675 
0.2970 0.2036 0.2467 0.2527 
0.1755 0.2609 0.1743 0.3893 
0.0496 0.0082 0.0215 0.9207 
0.0516 0.0900 0.1220 0.7363 
0.1871 0.7144 0.0423 0.0562 
0.0619 0.6594 0.0217 0.2570 
0.1814 0.2616 0.3228 0.2342 
0.2431 0.0276 0.6776 0.0516 
0.0571 0.0368 0.7402 0.1659 
0.7626 0.0907 0.0864 0.0603 
0.9143 0.0318 0.0091 0.0448 
0.4204 0.1652 0.2253 0.1892 
0.2499 0.2406 0.2310 0.2785 
0.2545 0.2435 0.2655 0.2365 

MOTIF filter21 
letter-probability matrix: alength= 4 w= 14 nsites= 14 
0.2453 0.2477 0.2621 0.2449 
0.2526 0.2698 0.2288 0.2487 
0.4030 0.1905 0.3391 0.0675 
0.0532 0.0437 0.0348 0.8684 
0.0186 0.0383 0.1826 0.7605 
0.3352 0.0152 0.4667 0.1829 
0.1037 0.6452 0.0568 0.1944 
0.2306 0.0504 0.6208 0.0982 
0.1780 0.4933 0.0241 0.3046 
0.7574 0.1649 0.0328 0.0449 
0.8634 0.0516 0.0545 0.0305 
0.0804 0.3244 0.1868 0.4085 
0.2487 0.2670 0.2535 0.2308 
0.2493 0.2416 0.2489 0.2602 

MOTIF filter22 
letter-probability matrix: alength= 4 w= 14 nsites= 14 
0.3003 0.2927 0.1663 0.2406 
0.1568 0.2288 0.2101 0.4043 
0.2364 0.2189 0.4895 0.0552 
0.6201 0.0643 0.2760 0.0396 
0.0841 0.4937 0.3784 0.0438 
0.0011 0.4827 0.1728 0.3434 
0.4001 0.5992 0.0000 0.0008 
0.6643 0.0000 0.3357 0.0000 
0.0004 0.0008 0.5337 0.4652 
0.3399 0.6106 0.0495 0.0000 
0.9817 0.0000 0.0179 0.0004 
0.2349 0.1268 0.5143 0.1241 
0.2531 0.1896 0.1005 0.4568 
0.3087 0.1397 0.2402 0.3114 

MOTIF filter23 
letter-probability matrix: alength= 4 w= 12 nsites= 12 
0.2297 0.2547 0.2528 0.2628 
0.3967 0.2223 0.1655 0.2155 
0.0944 0.3375 0.0896 0.4786 
0.0951 0.3090 0.5626 0.0334 
0.2046 0.4659 0.0471 0.2823 
0.0659 0.0279 0.8142 0.0921 
0.0083 0.4396 0.5429 0.0092 
0.3740 0.0000 0.0777 0.5483 
0.7404 0.1244 0.0906 0.0447 
0.3877 0.1516 0.2350 0.2257 
0.3815 0.1415 0.2661 0.2109 
0.0533 0.3963 0.3323 0.2181 

MOTIF filter24 
letter-probability matrix: alength= 4 w= 10 nsites= 10 
0.1598 0.2180 0.3272 0.2949 
0.1699 0.3115 0.3184 0.2003 
0.5776 0.1080 0.2282 0.0861 
0.0000 0.6121 0.3879 0.0000 
0.0000 0.0002 0.0198 0.9799 
0.6107 0.0000 0.0405 0.3488 
0.0038 0.7546 0.1085 0.1331 
0.3659 0.2336 0.3405 0.0600 
0.0521 0.4303 0.3076 0.2100 
0.3680 0.1798 0.3034 0.1488 

MOTIF filter25 
letter-probability matrix: alength= 4 w= 10 nsites= 10 
0.1443 0.3338 0.2759 0.2461 
0.1454 0.2502 0.5323 0.0721 
0.3547 0.0004 0.2300 0.4150 
0.0012 0.0391 0.9528 0.0069 
0.4816 0.0000 0.2297 0.2887 
0.0529 0.7682 0.1781 0.0009 
0.1924 0.1759 0.0164 0.6153 
0.1827 0.4120 0.1189 0.2863 
0.2635 0.3598 0.1726 0.2041 
0.1961 0.3199 0.2365 0.2475 

MOTIF filter26 
letter-probability matrix: alength= 4 w= 16 nsites= 16 
0.2016 0.1898 0.1732 0.4354 
0.1907 0.1869 0.3895 0.2328 
0.2650 0.2101 0.2257 0.2991 
0.0521 0.8315 0.0341 0.0823 
0.0540 0.4487 0.0540 0.4434 
0.6815 0.1978 0.0663 0.0544 
0.3351 0.0019 0.0000 0.6630 
0.6843 0.0620 0.1585 0.0951 
0.3829 0.0118 0.1008 0.5045 
0.8211 0.0000 0.0005 0.1784 
0.0213 0.0000 0.0014 0.9773 
0.2745 0.0000 0.7255 0.0000 
0.0033 0.0000 0.9953 0.0014 
0.2243 0.3833 0.1609 0.2314 
0.1500 0.4539 0.2215 0.1746 
0.4070 0.1529 0.2849 0.1552 

MOTIF filter27 
letter-probability matrix: alength= 4 w= 9 nsites= 9 
0.2711 0.0333 0.2114 0.4841 
0.2540 0.0627 0.3973 0.2860 
0.2542 0.1220 0.4289 0.1949 
0.0466 0.3710 0.5791 0.0033 
0.0007 0.0000 0.0000 0.9993 
0.0936 0.3619 0.5244 0.0201 
0.4864 0.2605 0.0000 0.2530 
0.0320 0.3984 0.4099 0.1596 
0.1079 0.3195 0.3293 0.2433 

MOTIF filter28 
letter-probability matrix: alength= 4 w= 18 nsites= 18 
0.2192 0.2168 0.1385 0.4254 
0.1703 0.1989 0.3945 0.2363 
0.2592 0.3447 0.1801 0.2160 
0.1345 0.7506 0.0432 0.0717 
0.2616 0.4499 0.0921 0.1964 
0.7066 0.0636 0.0864 0.1434 
0.2453 0.0693 0.0277 0.6577 
0.4808 0.1011 0.1817 0.2363 
0.0106 0.0000 0.0016 0.9878 
0.3121 0.4898 0.1972 0.0008 
0.4760 0.2877 0.0008 0.2355 
0.0016 0.0008 0.8126 0.1850 
0.0000 0.3488 0.6463 0.0049 
0.7376 0.0041 0.1443 0.1141 
0.2559 0.4010 0.1027 0.2404 
0.5550 0.0416 0.0081 0.3953 
0.3032 0.1606 0.0791 0.4572 
0.3643 0.1532 0.0880 0.3945 

MOTIF filter29 
letter-probability matrix: alength= 4 w= 15 nsites= 15 
0.2424 0.2960 0.2319 0.2297 
0.2252 0.1783 0.3178 0.2787 
0.1786 0.4496 0.1868 0.1850 
0.1054 0.0973 0.1335 0.6638 
0.6769 0.0610 0.2530 0.0092 
0.1184 0.2255 0.0388 0.6173 
0.1667 0.0000 0.2935 0.5398 
0.8608 0.0039 0.0000 0.1353 
0.2016 0.3347 0.3326 0.1311 
0.0032 0.0067 0.0021 0.9880 
0.6371 0.3499 0.0021 0.0109 
0.5444 0.0042 0.4137 0.0377 
0.1843 0.3654 0.0976 0.3527 
0.3383 0.1688 0.2984 0.1945 
0.1431 0.2759 0.2918 0.2893 

MOTIF filter30 
letter-probability matrix: alength= 4 w= 12 nsites= 12 
0.1023 0.3619 0.4290 0.1069 
0.4783 0.2180 0.2236 0.0800 
0.1874 0.1712 0.3224 0.3191 
0.0000 0.3353 0.0015 0.6632 
0.0025 0.6171 0.3778 0.0025 
0.9023 0.0000 0.0977 0.0000 
0.2537 0.1838 0.1398 0.4226 
0.0347 0.0544 0.1061 0.8048 
0.0076 0.3082 0.6837 0.0005 
0.4449 0.1385 0.3996 0.0170 
0.0788 0.3555 0.2482 0.3175 
0.1223 0.2173 0.3773 0.2831 

MOTIF filter31 
letter-probability matrix: alength= 4 w= 15 nsites= 15 
0.3344 0.1827 0.2247 0.2582 
0.3072 0.2504 0.2582 0.1843 
0.1267 0.0723 0.3787 0.4222 
0.0886 0.6625 0.0700 0.1788 
0.0163 0.0482 0.0420 0.8935 
0.8056 0.1392 0.0404 0.0148 
0.1431 0.1493 0.5342 0.1734 
0.0793 0.0459 0.7496 0.1252 
0.0544 0.8523 0.0583 0.0350 
0.1244 0.6835 0.0645 0.1275 
0.0039 0.1353 0.2753 0.5855 
0.7224 0.1322 0.0467 0.0988 
0.1773 0.1882 0.5365 0.0980 
0.4277 0.2970 0.1275 0.1477 
0.2201 0.2535 0.2605 0.2659 

