MEME version 4

ALPHABET= ACGT

Background letter frequencies:
A 0.2500 C 0.2500 G 0.2500 T 0.2500 

MOTIF filter0 
letter-probability matrix: alength= 4 w= 19 nsites= 19 
0.2082 0.2014 0.1618 0.4287 
0.0655 0.1399 0.5502 0.2444 
0.3304 0.3720 0.1461 0.1515 
0.0280 0.8212 0.1113 0.0396 
0.0218 0.6334 0.0232 0.3215 
0.5119 0.0341 0.3276 0.1263 
0.2853 0.0696 0.1147 0.5304 
0.6669 0.3017 0.0082 0.0232 
0.0710 0.3365 0.0396 0.5529 
0.8608 0.0075 0.0055 0.1263 
0.1311 0.0300 0.0109 0.8280 
0.2683 0.0853 0.6362 0.0102 
0.0041 0.0232 0.8239 0.1488 
0.3645 0.1352 0.1529 0.3474 
0.1802 0.5509 0.0389 0.2300 
0.5741 0.0232 0.3468 0.0560 
0.1631 0.1747 0.5652 0.0969 
0.1379 0.4239 0.1782 0.2601 
0.4075 0.2976 0.1386 0.1563 

MOTIF filter1 
letter-probability matrix: alength= 4 w= 14 nsites= 14 
0.1502 0.2175 0.3610 0.2713 
0.0269 0.4439 0.2377 0.2915 
0.1076 0.5785 0.1413 0.1726 
0.6659 0.0157 0.2758 0.0426 
0.0000 0.9013 0.0247 0.0740 
0.0000 0.0000 0.0090 0.9910 
0.0000 0.0022 0.0000 0.9978 
0.0000 0.9955 0.0022 0.0022 
0.0090 0.9910 0.0000 0.0000 
0.0000 0.0000 0.9507 0.0493 
0.0000 0.2377 0.7377 0.0247 
0.2758 0.2399 0.1996 0.2848 
0.1592 0.2668 0.2937 0.2803 
0.1973 0.2646 0.2287 0.3094 

MOTIF filter2 
letter-probability matrix: alength= 4 w= 13 nsites= 13 
0.2573 0.2464 0.2360 0.2603 
0.2715 0.2310 0.2411 0.2564 
0.2026 0.2304 0.1781 0.3889 
0.0346 0.0195 0.0207 0.9252 
0.0334 0.0367 0.0467 0.8832 
0.1857 0.7397 0.0240 0.0506 
0.0654 0.6063 0.0180 0.3103 
0.2550 0.2171 0.2665 0.2615 
0.3227 0.0204 0.6046 0.0524 
0.0562 0.0284 0.7347 0.1807 
0.8509 0.0698 0.0367 0.0426 
0.8997 0.0316 0.0435 0.0251 
0.4046 0.1872 0.2133 0.1949 

MOTIF filter3 
letter-probability matrix: alength= 4 w= 9 nsites= 9 
0.4217 0.0000 0.3448 0.2336 
0.3912 0.3145 0.2943 0.0000 
0.2307 0.0000 0.2830 0.4863 
0.0427 0.1541 0.1448 0.6585 
0.1845 0.3489 0.0977 0.3689 
0.0301 0.5161 0.0529 0.4009 
0.2968 0.2630 0.0250 0.4152 
0.3381 0.2986 0.1276 0.2358 
0.3065 0.2088 0.2624 0.2223 

MOTIF filter4 
letter-probability matrix: alength= 4 w= 12 nsites= 12 
0.2053 0.3790 0.2438 0.1718 
0.2579 0.0602 0.5687 0.1133 
0.1611 0.4278 0.2297 0.1813 
0.0875 0.6888 0.2221 0.0017 
0.8462 0.0010 0.0498 0.1030 
0.0467 0.0000 0.1663 0.7870 
0.0012 0.7763 0.1460 0.0765 
0.3027 0.0581 0.5447 0.0945 
0.1282 0.5480 0.0048 0.3191 
0.2343 0.1940 0.2461 0.3257 
0.2587 0.1179 0.3786 0.2448 
0.2016 0.4072 0.0575 0.3337 

MOTIF filter5 
letter-probability matrix: alength= 4 w= 16 nsites= 16 
0.2400 0.2215 0.2379 0.3005 
0.2250 0.2414 0.2883 0.2453 
0.1841 0.1216 0.3078 0.3864 
0.1055 0.6778 0.0328 0.1838 
0.0328 0.1653 0.0300 0.7718 
0.9193 0.0280 0.0276 0.0252 
0.3117 0.0189 0.0556 0.6139 
0.4693 0.0227 0.0535 0.4546 
0.4686 0.0171 0.0339 0.4804 
0.6761 0.0087 0.0112 0.3040 
0.0182 0.0377 0.0206 0.9235 
0.7715 0.0384 0.1817 0.0084 
0.2027 0.0164 0.7184 0.0625 
0.3665 0.3337 0.1181 0.1817 
0.2453 0.3022 0.2400 0.2124 
0.2928 0.2320 0.2491 0.2261 

MOTIF filter6 
letter-probability matrix: alength= 4 w= 16 nsites= 16 
0.1915 0.1111 0.3771 0.3203 
0.2033 0.4125 0.1986 0.1856 
0.2801 0.3546 0.2210 0.1442 
0.1123 0.0804 0.6690 0.1383 
0.0319 0.9125 0.0236 0.0319 
0.6005 0.3913 0.0083 0.0000 
0.9775 0.0047 0.0177 0.0000 
0.2080 0.0225 0.2388 0.5307 
0.5780 0.2210 0.0319 0.1690 
0.0000 0.0225 0.0012 0.9764 
0.0000 0.0071 0.5142 0.4787 
0.0721 0.0851 0.8038 0.0390 
0.2104 0.6206 0.0520 0.1170 
0.1738 0.2069 0.3180 0.3014 
0.1832 0.1690 0.4243 0.2234 
0.2482 0.4693 0.0745 0.2080 

MOTIF filter7 
letter-probability matrix: alength= 4 w= 13 nsites= 13 
0.1303 0.3156 0.3205 0.2336 
0.3591 0.1853 0.4006 0.0550 
0.4556 0.0367 0.3263 0.1815 
0.0000 0.8822 0.0000 0.1178 
0.0010 0.8436 0.0000 0.1554 
0.9971 0.0019 0.0010 0.0000 
0.9942 0.0000 0.0058 0.0000 
0.0222 0.0010 0.0000 0.9768 
0.0994 0.6255 0.2461 0.0290 
0.7008 0.0328 0.2423 0.0241 
0.1718 0.1496 0.6332 0.0454 
0.2452 0.2654 0.2297 0.2597 
0.2606 0.2288 0.2539 0.2568 

MOTIF filter8 
letter-probability matrix: alength= 4 w= 14 nsites= 14 
0.2271 0.2677 0.2694 0.2358 
0.2573 0.2642 0.2453 0.2332 
0.4836 0.1451 0.3437 0.0276 
0.0000 0.0000 0.0000 1.0000 
0.0000 0.0000 0.0674 0.9326 
0.3022 0.0000 0.5984 0.0993 
0.0155 0.8558 0.0060 0.1226 
0.1269 0.0000 0.8575 0.0155 
0.1071 0.6062 0.0000 0.2867 
0.9292 0.0708 0.0000 0.0000 
1.0000 0.0000 0.0000 0.0000 
0.0164 0.3411 0.1684 0.4741 
0.2660 0.2453 0.2677 0.2211 
0.2478 0.2107 0.2582 0.2832 

MOTIF filter9 
letter-probability matrix: alength= 4 w= 20 nsites= 20 
0.2358 0.2683 0.2416 0.2544 
0.2834 0.2636 0.2985 0.1545 
0.4460 0.0859 0.1963 0.2718 
0.3078 0.0546 0.0441 0.5935 
0.2311 0.0360 0.3496 0.3833 
0.3682 0.2393 0.1231 0.2695 
0.0128 0.6016 0.0058 0.3798 
0.0070 0.4611 0.5250 0.0070 
0.3635 0.5157 0.0035 0.1173 
0.0418 0.0441 0.0151 0.8990 
0.6144 0.0232 0.2590 0.1034 
0.3577 0.0012 0.0012 0.6400 
0.6562 0.0836 0.1417 0.1185 
0.1220 0.0465 0.0290 0.8026 
0.0221 0.3415 0.5494 0.0871 
0.2404 0.0441 0.6156 0.0999 
0.1010 0.0105 0.6318 0.2567 
0.1858 0.7085 0.0581 0.0476 
0.7886 0.0418 0.0697 0.0999 
0.2369 0.2358 0.2427 0.2846 

MOTIF filter10 
letter-probability matrix: alength= 4 w= 12 nsites= 12 
0.2137 0.1757 0.2843 0.3263 
0.2224 0.0498 0.3273 0.4005 
0.4185 0.2744 0.2953 0.0119 
0.0000 0.3763 0.6135 0.0101 
0.3951 0.0465 0.0001 0.5582 
0.3173 0.5588 0.0000 0.1239 
0.2238 0.5262 0.0000 0.2500 
0.0080 0.7676 0.1945 0.0299 
0.0023 0.2891 0.7085 0.0001 
0.2841 0.2016 0.3317 0.1827 
0.2954 0.3396 0.2301 0.1350 
0.3837 0.2839 0.1510 0.1814 

MOTIF filter11 
letter-probability matrix: alength= 4 w= 11 nsites= 11 
0.2900 0.2417 0.2417 0.2267 
0.2717 0.2433 0.3083 0.1767 
0.2517 0.2017 0.2883 0.2583 
0.0383 0.7017 0.2583 0.0017 
0.0833 0.9167 0.0000 0.0000 
0.0000 0.0000 0.9917 0.0083 
0.0000 0.0067 0.9933 0.0000 
0.9833 0.0167 0.0000 0.0000 
0.9983 0.0017 0.0000 0.0000 
0.0800 0.0533 0.8667 0.0000 
0.0733 0.2967 0.0400 0.5900 

MOTIF filter12 
letter-probability matrix: alength= 4 w= 12 nsites= 12 
0.2843 0.1582 0.2610 0.2965 
0.1531 0.1852 0.3132 0.3485 
0.3077 0.2437 0.2857 0.1629 
0.0540 0.6338 0.1739 0.1383 
0.4610 0.0427 0.3062 0.1901 
0.4965 0.0532 0.2555 0.1948 
0.5524 0.0062 0.3006 0.1408 
0.2641 0.4217 0.0000 0.3143 
0.0000 0.6311 0.3683 0.0006 
0.2178 0.4311 0.0001 0.3510 
0.3382 0.1900 0.4042 0.0676 
0.2314 0.3235 0.1923 0.2528 

MOTIF filter13 
letter-probability matrix: alength= 4 w= 11 nsites= 11 
0.3753 0.1728 0.2378 0.2141 
0.2678 0.1543 0.2491 0.3288 
0.5627 0.0687 0.1312 0.2374 
0.0181 0.0030 0.0010 0.9779 
0.0804 0.1987 0.0012 0.7198 
0.4086 0.0000 0.0000 0.5914 
0.7959 0.0000 0.1874 0.0167 
0.8096 0.0000 0.0984 0.0920 
0.1462 0.1179 0.2168 0.5191 
0.2499 0.2407 0.3055 0.2039 
0.2971 0.2463 0.2139 0.2427 

MOTIF filter14 
letter-probability matrix: alength= 4 w= 12 nsites= 12 
0.2393 0.2062 0.3352 0.2193 
0.4523 0.1365 0.1675 0.2437 
0.2102 0.3164 0.3732 0.1002 
0.0737 0.0565 0.0488 0.8210 
0.1314 0.7464 0.0354 0.0868 
0.9188 0.0002 0.0042 0.0767 
0.0223 0.0221 0.6939 0.2618 
0.0188 0.7617 0.0225 0.1970 
0.7483 0.0568 0.0676 0.1274 
0.2930 0.2184 0.2517 0.2369 
0.4018 0.1358 0.0474 0.4150 
0.3505 0.1844 0.0877 0.3774 

MOTIF filter15 
letter-probability matrix: alength= 4 w= 16 nsites= 16 
0.2801 0.1377 0.2563 0.3260 
0.3665 0.1597 0.2467 0.2271 
0.1758 0.1573 0.2676 0.3993 
0.0286 0.5942 0.0602 0.3170 
0.0274 0.1395 0.0852 0.7479 
0.6955 0.1800 0.1180 0.0066 
0.2896 0.2122 0.1681 0.3302 
0.2658 0.3242 0.2753 0.1347 
0.3874 0.3683 0.0626 0.1818 
0.1889 0.3260 0.4815 0.0036 
0.0036 0.0816 0.0018 0.9130 
0.9529 0.0435 0.0000 0.0036 
0.0310 0.0572 0.7616 0.1502 
0.5435 0.0983 0.0417 0.3164 
0.1180 0.2265 0.2950 0.3605 
0.2819 0.1496 0.1204 0.4482 

MOTIF filter16 
letter-probability matrix: alength= 4 w= 13 nsites= 13 
0.1237 0.2320 0.2708 0.3735 
0.3040 0.2791 0.2325 0.1844 
0.0752 0.4299 0.1481 0.3467 
0.2689 0.5542 0.1693 0.0076 
0.4790 0.0007 0.1527 0.3676 
0.0092 0.2432 0.7139 0.0337 
0.1383 0.5334 0.3283 0.0000 
0.1644 0.2369 0.0057 0.5930 
0.5097 0.4091 0.0383 0.0429 
0.3827 0.0471 0.0033 0.5669 
0.1827 0.0943 0.3442 0.3788 
0.1821 0.2258 0.3603 0.2318 
0.1964 0.2329 0.2875 0.2832 

MOTIF filter17 
letter-probability matrix: alength= 4 w= 16 nsites= 16 
0.4585 0.1389 0.1200 0.2826 
0.3262 0.1389 0.1389 0.3960 
0.3829 0.2848 0.0809 0.2514 
0.3490 0.0040 0.0251 0.6220 
0.5358 0.0690 0.3934 0.0018 
0.6251 0.2549 0.0026 0.1174 
0.3741 0.0022 0.0022 0.6215 
0.3534 0.0242 0.5653 0.0571 
0.8189 0.0000 0.1596 0.0215 
0.0708 0.3086 0.0418 0.5789 
0.5174 0.1376 0.2457 0.0993 
0.1081 0.0637 0.7284 0.0998 
0.1604 0.7108 0.0242 0.1046 
0.2585 0.2229 0.3099 0.2088 
0.2044 0.1899 0.3930 0.2127 
0.1987 0.3771 0.2084 0.2158 

MOTIF filter18 
letter-probability matrix: alength= 4 w= 13 nsites= 13 
0.2560 0.2786 0.2259 0.2395 
0.2741 0.2455 0.2304 0.2500 
0.2304 0.2605 0.2364 0.2726 
0.0617 0.6416 0.1416 0.1551 
0.0015 0.2018 0.0331 0.7636 
0.0000 0.2620 0.6431 0.0949 
0.9849 0.0030 0.0105 0.0015 
0.0000 0.0105 0.0045 0.9849 
0.0030 0.0000 0.0000 0.9970 
0.0000 0.0060 0.9925 0.0015 
0.0060 0.0060 0.9880 0.0000 
0.1039 0.3855 0.0241 0.4864 
0.0392 0.3886 0.1792 0.3931 

MOTIF filter19 
letter-probability matrix: alength= 4 w= 13 nsites= 13 
0.2471 0.2327 0.2336 0.2866 
0.2257 0.2294 0.3456 0.1994 
0.3125 0.2885 0.3202 0.0788 
0.0387 0.0706 0.0599 0.8308 
0.0356 0.0600 0.7346 0.1698 
0.8528 0.0596 0.0421 0.0455 
0.1120 0.4250 0.3756 0.0873 
0.0624 0.0624 0.0489 0.8263 
0.1471 0.7573 0.0389 0.0568 
0.8449 0.0300 0.0499 0.0752 
0.0769 0.3088 0.2844 0.3298 
0.2272 0.3083 0.2199 0.2446 
0.2546 0.2278 0.2651 0.2525 

MOTIF filter20 
letter-probability matrix: alength= 4 w= 12 nsites= 12 
0.1332 0.3653 0.2262 0.2753 
0.1100 0.4391 0.2768 0.1740 
0.1157 0.4794 0.3203 0.0846 
0.8738 0.0314 0.0540 0.0409 
0.0017 0.4052 0.0839 0.5093 
0.0054 0.1584 0.0023 0.8339 
0.3055 0.0591 0.6354 0.0000 
0.7244 0.0839 0.1755 0.0162 
0.1320 0.1072 0.1044 0.6564 
0.2226 0.2849 0.2878 0.2047 
0.2468 0.2203 0.2307 0.3022 
0.2048 0.2561 0.2281 0.3109 

MOTIF filter21 
letter-probability matrix: alength= 4 w= 13 nsites= 13 
0.1026 0.4596 0.0566 0.3812 
0.1755 0.3943 0.1663 0.2639 
0.3244 0.2596 0.1080 0.3079 
0.6043 0.2104 0.1853 0.0000 
0.1062 0.0748 0.3601 0.4589 
0.0000 0.0004 0.9423 0.0572 
0.3229 0.0341 0.0020 0.6411 
0.7508 0.1089 0.1343 0.0060 
0.6092 0.2033 0.0456 0.1418 
0.0252 0.3935 0.0165 0.5649 
0.2115 0.2049 0.2583 0.3253 
0.3100 0.2046 0.1487 0.3367 
0.2806 0.2216 0.2467 0.2512 

MOTIF filter22 
letter-probability matrix: alength= 4 w= 14 nsites= 14 
0.3142 0.2252 0.2151 0.2455 
0.4977 0.0845 0.1475 0.2703 
0.5293 0.0495 0.1408 0.2804 
0.4673 0.0259 0.0619 0.4448 
0.2252 0.1340 0.3164 0.3243 
0.0450 0.0045 0.0968 0.8536 
0.0011 0.0079 0.9865 0.0045 
0.0563 0.8919 0.0507 0.0011 
0.0090 0.0124 0.4426 0.5360 
0.0000 0.0056 0.9144 0.0800 
0.6194 0.1182 0.2613 0.0011 
0.0732 0.3570 0.4200 0.1498 
0.1869 0.2939 0.2489 0.2703 
0.3333 0.1149 0.1239 0.4279 

MOTIF filter23 
letter-probability matrix: alength= 4 w= 14 nsites= 14 
0.1236 0.1275 0.1825 0.5664 
0.0493 0.0990 0.2864 0.5653 
0.2039 0.1698 0.5551 0.0712 
0.1955 0.1722 0.6316 0.0007 
0.1053 0.1180 0.7644 0.0123 
0.1103 0.5287 0.3417 0.0194 
0.5830 0.3568 0.0289 0.0313 
0.5460 0.0335 0.2709 0.1497 
0.0088 0.0652 0.6710 0.2550 
0.1032 0.0916 0.7429 0.0623 
0.2152 0.1493 0.6150 0.0204 
0.0976 0.4928 0.3593 0.0504 
0.1617 0.3455 0.3459 0.1469 
0.2201 0.2959 0.3392 0.1448 

MOTIF filter24 
letter-probability matrix: alength= 4 w= 12 nsites= 12 
0.2606 0.2524 0.2483 0.2387 
0.3237 0.2183 0.2611 0.1969 
0.2396 0.2926 0.2636 0.2042 
0.0547 0.8649 0.0382 0.0421 
0.8841 0.0297 0.0496 0.0366 
0.0515 0.7999 0.0466 0.1020 
0.1097 0.0446 0.8087 0.0370 
0.0443 0.0549 0.0366 0.8642 
0.0405 0.0254 0.8695 0.0645 
0.2209 0.2616 0.2863 0.2311 
0.2119 0.2648 0.2051 0.3182 
0.2412 0.2440 0.2499 0.2648 

MOTIF filter25 
letter-probability matrix: alength= 4 w= 14 nsites= 14 
0.1156 0.6259 0.1263 0.1322 
0.1458 0.6414 0.0923 0.1205 
0.5500 0.0534 0.3090 0.0875 
0.0884 0.0000 0.3567 0.5549 
0.6404 0.0000 0.3596 0.0000 
0.0039 0.0039 0.4091 0.5831 
0.4276 0.0039 0.5627 0.0058 
0.1905 0.2818 0.0000 0.5277 
0.0000 0.0039 0.9961 0.0000 
0.0000 0.0000 1.0000 0.0000 
0.1856 0.0039 0.7366 0.0739 
0.2838 0.2225 0.4937 0.0000 
0.4937 0.2857 0.0845 0.1361 
0.2847 0.2255 0.2352 0.2546 

MOTIF filter26 
letter-probability matrix: alength= 4 w= 9 nsites= 9 
0.1994 0.3133 0.0992 0.3880 
0.0462 0.3371 0.1004 0.5163 
0.1617 0.4944 0.1981 0.1458 
0.1463 0.6546 0.1897 0.0095 
0.0636 0.0000 0.9362 0.0002 
0.0350 0.7315 0.2301 0.0034 
0.2777 0.4328 0.0067 0.2828 
0.4743 0.1498 0.1256 0.2503 
0.2236 0.3411 0.0995 0.3358 

MOTIF filter27 
letter-probability matrix: alength= 4 w= 17 nsites= 17 
0.2215 0.1170 0.4569 0.2047 
0.1579 0.3962 0.1601 0.2858 
0.2142 0.2434 0.3904 0.1520 
0.1133 0.0212 0.5387 0.3268 
0.0000 0.9861 0.0000 0.0139 
0.0000 0.5621 0.0000 0.4379 
0.9985 0.0000 0.0000 0.0015 
0.0307 0.0000 0.0007 0.9686 
0.3107 0.1637 0.0482 0.4773 
0.2032 0.0439 0.0007 0.7522 
0.4466 0.0205 0.0000 0.5329 
0.0417 0.0351 0.1937 0.7295 
0.5329 0.0468 0.3377 0.0826 
0.1199 0.0950 0.7032 0.0819 
0.2792 0.3070 0.1996 0.2142 
0.2354 0.3107 0.2551 0.1988 
0.3538 0.2288 0.2039 0.2135 

MOTIF filter28 
letter-probability matrix: alength= 4 w= 13 nsites= 13 
0.2198 0.2899 0.2726 0.2176 
0.1242 0.3142 0.3379 0.2237 
0.0140 0.5499 0.2131 0.2229 
0.0466 0.6235 0.0418 0.2882 
0.0894 0.7721 0.0902 0.0483 
0.0969 0.7207 0.0790 0.1034 
0.1435 0.2742 0.2810 0.3013 
0.0427 0.7634 0.0671 0.1268 
0.0000 0.9509 0.0262 0.0229 
0.0156 0.6742 0.0509 0.2592 
0.1714 0.5756 0.0335 0.2195 
0.1387 0.4421 0.1835 0.2357 
0.2119 0.3177 0.2396 0.2309 

MOTIF filter29 
letter-probability matrix: alength= 4 w= 14 nsites= 14 
0.3266 0.2488 0.2595 0.1651 
0.3489 0.2205 0.2119 0.2187 
0.2431 0.1770 0.3596 0.2203 
0.1391 0.6627 0.0807 0.1174 
0.2960 0.5131 0.1884 0.0025 
0.1482 0.7640 0.0189 0.0689 
0.1216 0.0007 0.2620 0.6157 
0.1448 0.0784 0.0000 0.7767 
0.0784 0.3674 0.5542 0.0000 
0.0000 0.3088 0.4246 0.2666 
0.4545 0.0000 0.5190 0.0265 
0.3097 0.3225 0.0369 0.3309 
0.1738 0.1339 0.2757 0.4166 
0.1457 0.1152 0.4632 0.2759 

MOTIF filter30 
letter-probability matrix: alength= 4 w= 14 nsites= 14 
0.0456 0.2238 0.4687 0.2620 
0.2298 0.3799 0.1786 0.2117 
0.1803 0.4076 0.3812 0.0309 
0.0281 0.6112 0.1248 0.2359 
0.4004 0.2246 0.0538 0.3212 
0.0067 0.0307 0.2603 0.7024 
0.6693 0.3225 0.0039 0.0043 
0.0244 0.7078 0.0004 0.2674 
0.1827 0.7382 0.0674 0.0117 
0.3577 0.1130 0.2203 0.3091 
0.0544 0.0898 0.7229 0.1328 
0.1337 0.2793 0.4650 0.1220 
0.2054 0.1162 0.2961 0.3823 
0.2618 0.3933 0.1257 0.2192 

MOTIF filter31 
letter-probability matrix: alength= 4 w= 11 nsites= 11 
0.2528 0.1914 0.2406 0.3152 
0.3756 0.1249 0.4619 0.0376 
0.1772 0.4041 0.3584 0.0604 
0.0086 0.0447 0.8619 0.0848 
0.0000 0.1777 0.8223 0.0000 
0.0000 0.0000 0.7381 0.2619 
0.7645 0.2112 0.0030 0.0213 
0.0584 0.0046 0.9223 0.0147 
0.2213 0.1970 0.4990 0.0827 
0.2305 0.2421 0.2970 0.2305 
0.3305 0.1954 0.3777 0.0964 

