MEME version 4

ALPHABET= ACGT

Background letter frequencies:
A 0.2500 C 0.2500 G 0.2500 T 0.2500 

MOTIF filter0 
letter-probability matrix: alength= 4 w= 9 nsites= 9 
0.2094 0.1285 0.1545 0.5075 
0.1214 0.5781 0.0909 0.2096 
0.3830 0.0637 0.2225 0.3308 
0.0002 0.0002 0.9814 0.0181 
0.0086 0.9881 0.0033 0.0000 
0.7987 0.1026 0.0005 0.0983 
0.1734 0.2259 0.5004 0.1004 
0.3506 0.3425 0.1498 0.1572 
0.5013 0.0758 0.0761 0.3468 

MOTIF filter1 
letter-probability matrix: alength= 4 w= 12 nsites= 12 
0.2635 0.1500 0.2991 0.2874 
0.3349 0.1375 0.2177 0.3099 
0.2092 0.1678 0.4658 0.1572 
0.1311 0.0011 0.7205 0.1473 
0.5012 0.2992 0.1854 0.0142 
0.0560 0.0988 0.0865 0.7587 
0.2403 0.0347 0.1336 0.5913 
0.1256 0.1128 0.0030 0.7586 
0.6182 0.0619 0.0476 0.2723 
0.5144 0.0466 0.1765 0.2625 
0.4287 0.2099 0.1391 0.2222 
0.4098 0.0907 0.1457 0.3539 

MOTIF filter2 
letter-probability matrix: alength= 4 w= 10 nsites= 10 
0.1034 0.4893 0.2990 0.1083 
0.2357 0.3079 0.1047 0.3517 
0.4092 0.2918 0.0047 0.2942 
0.0150 0.8977 0.0629 0.0244 
0.2800 0.0610 0.3694 0.2896 
0.2785 0.4222 0.0033 0.2960 
0.0143 0.7395 0.2251 0.0211 
0.2634 0.3168 0.1432 0.2767 
0.0550 0.3878 0.3334 0.2239 
0.2088 0.3203 0.2543 0.2166 

MOTIF filter3 
letter-probability matrix: alength= 4 w= 12 nsites= 12 
0.2971 0.0519 0.3543 0.2967 
0.3418 0.1570 0.2415 0.2597 
0.0011 0.3573 0.4286 0.2130 
0.5563 0.0530 0.3193 0.0714 
0.1597 0.7035 0.0000 0.1369 
0.3339 0.0686 0.0002 0.5973 
0.0014 0.5465 0.4396 0.0125 
0.4630 0.0737 0.4243 0.0390 
0.0305 0.3406 0.0032 0.6257 
0.0300 0.2396 0.4203 0.3102 
0.3401 0.2375 0.2567 0.1657 
0.3519 0.1765 0.2640 0.2076 

MOTIF filter4 
letter-probability matrix: alength= 4 w= 11 nsites= 11 
0.2859 0.1312 0.3168 0.2661 
0.1586 0.1910 0.4343 0.2161 
0.1038 0.3359 0.2350 0.3254 
0.0449 0.7147 0.1703 0.0701 
0.7502 0.0000 0.2046 0.0451 
0.3360 0.0011 0.2990 0.3638 
0.5418 0.1615 0.0000 0.2967 
0.0000 0.3998 0.5998 0.0004 
0.1434 0.2382 0.2811 0.3373 
0.2365 0.3210 0.3463 0.0961 
0.1888 0.3098 0.2300 0.2714 

MOTIF filter5 
letter-probability matrix: alength= 4 w= 15 nsites= 15 
0.2603 0.2696 0.2148 0.2553 
0.3074 0.2156 0.2433 0.2337 
0.1708 0.2433 0.1585 0.4273 
0.0378 0.0150 0.0177 0.9294 
0.0185 0.0424 0.0444 0.8947 
0.2090 0.7408 0.0177 0.0324 
0.0409 0.6946 0.0185 0.2460 
0.2306 0.2688 0.2919 0.2086 
0.2534 0.0193 0.6938 0.0336 
0.0382 0.0239 0.7879 0.1500 
0.8427 0.0625 0.0563 0.0386 
0.9364 0.0243 0.0127 0.0266 
0.4126 0.1697 0.2568 0.1608 
0.2302 0.2622 0.2329 0.2746 
0.2464 0.2418 0.2835 0.2283 

MOTIF filter6 
letter-probability matrix: alength= 4 w= 16 nsites= 16 
0.2020 0.1802 0.1672 0.4507 
0.1064 0.1599 0.4881 0.2456 
0.3349 0.3261 0.1314 0.2077 
0.0654 0.7238 0.1142 0.0966 
0.1314 0.7139 0.0675 0.0872 
0.5909 0.1075 0.1111 0.1906 
0.0929 0.2030 0.0711 0.6329 
0.8634 0.1153 0.0073 0.0140 
0.0005 0.2430 0.0005 0.7560 
0.9844 0.0000 0.0151 0.0005 
0.1319 0.1796 0.0005 0.6880 
0.0286 0.0000 0.9663 0.0052 
0.0633 0.0073 0.7144 0.2150 
0.1391 0.0332 0.5202 0.3074 
0.1402 0.4865 0.1921 0.1812 
0.6147 0.0561 0.1231 0.2061 

MOTIF filter7 
letter-probability matrix: alength= 4 w= 13 nsites= 13 
0.3553 0.3740 0.1248 0.1459 
0.2319 0.3241 0.1013 0.3428 
0.3639 0.0888 0.0538 0.4935 
0.1632 0.6841 0.1123 0.0403 
0.1080 0.8896 0.0000 0.0024 
0.1157 0.0475 0.6745 0.1623 
0.0173 0.3682 0.5871 0.0274 
0.8483 0.0168 0.0034 0.1315 
0.5334 0.1047 0.0043 0.3577 
0.0811 0.0298 0.7576 0.1315 
0.0720 0.2602 0.0735 0.5943 
0.1944 0.1277 0.6078 0.0701 
0.2458 0.2861 0.3980 0.0701 

MOTIF filter8 
letter-probability matrix: alength= 4 w= 15 nsites= 15 
0.2014 0.2002 0.3620 0.2363 
0.2963 0.3242 0.1892 0.1903 
0.0518 0.8606 0.0189 0.0687 
0.0815 0.6935 0.0861 0.1388 
0.5748 0.0818 0.0937 0.2497 
0.1205 0.0306 0.0250 0.8239 
0.7509 0.0838 0.0681 0.0972 
0.1510 0.0352 0.0850 0.7288 
0.8685 0.0175 0.0087 0.1054 
0.2276 0.0725 0.0739 0.6260 
0.1249 0.0751 0.7628 0.0373 
0.0215 0.0387 0.9019 0.0378 
0.1505 0.2378 0.2931 0.3187 
0.2756 0.4281 0.1586 0.1377 
0.4511 0.0870 0.2360 0.2258 

MOTIF filter9 
letter-probability matrix: alength= 4 w= 15 nsites= 15 
0.2315 0.3056 0.2480 0.2148 
0.2148 0.2533 0.3184 0.2135 
0.0675 0.1375 0.3271 0.4679 
0.0013 0.4411 0.0743 0.4833 
0.0013 0.2619 0.0011 0.7357 
0.1651 0.7591 0.0065 0.0693 
0.1201 0.7570 0.0126 0.1103 
0.3193 0.0165 0.2947 0.3695 
0.0754 0.2498 0.2452 0.4296 
0.1662 0.5543 0.0059 0.2737 
0.0015 0.4411 0.0634 0.4939 
0.4485 0.4948 0.0063 0.0504 
0.0689 0.3871 0.3156 0.2285 
0.2142 0.3879 0.2313 0.1666 
0.2596 0.3047 0.2769 0.1588 

MOTIF filter10 
letter-probability matrix: alength= 4 w= 12 nsites= 12 
0.3154 0.1918 0.2403 0.2524 
0.2931 0.2520 0.2164 0.2386 
0.1892 0.2066 0.2558 0.3483 
0.6399 0.0155 0.0167 0.3279 
0.0192 0.1073 0.0004 0.8731 
0.0307 0.3047 0.0092 0.6554 
0.5545 0.2129 0.2051 0.0274 
0.9683 0.0255 0.0003 0.0059 
0.2724 0.0126 0.0201 0.6948 
0.2299 0.2513 0.3227 0.1961 
0.2299 0.2482 0.2904 0.2316 
0.2101 0.2665 0.2675 0.2560 

MOTIF filter11 
letter-probability matrix: alength= 4 w= 14 nsites= 14 
0.2378 0.0682 0.3431 0.3509 
0.1049 0.4293 0.2338 0.2320 
0.0774 0.4535 0.2678 0.2013 
0.0509 0.7559 0.0601 0.1331 
0.0000 0.6508 0.0031 0.3461 
0.5457 0.4057 0.0029 0.0457 
0.1028 0.0006 0.1514 0.7451 
0.3371 0.1738 0.0006 0.4885 
0.4777 0.0000 0.1322 0.3901 
0.4460 0.2653 0.0035 0.2851 
0.1842 0.1070 0.0092 0.6996 
0.5117 0.1863 0.1809 0.1212 
0.1291 0.1147 0.5363 0.2199 
0.3294 0.3312 0.1982 0.1412 

MOTIF filter12 
letter-probability matrix: alength= 4 w= 13 nsites= 13 
0.1850 0.3208 0.2807 0.2134 
0.4037 0.1076 0.3483 0.1404 
0.2640 0.3884 0.2455 0.1021 
0.0570 0.1809 0.0852 0.6769 
0.0996 0.8255 0.0000 0.0749 
0.6748 0.3197 0.0050 0.0005 
0.0014 0.9764 0.0034 0.0188 
0.1820 0.0302 0.6751 0.1127 
0.0902 0.2565 0.2665 0.3868 
0.0321 0.2150 0.6306 0.1223 
0.0202 0.4344 0.2402 0.3052 
0.1924 0.2901 0.1537 0.3639 
0.2968 0.2624 0.1965 0.2443 

MOTIF filter13 
letter-probability matrix: alength= 4 w= 14 nsites= 14 
0.2272 0.2496 0.2771 0.2460 
0.0557 0.4298 0.2200 0.2945 
0.1143 0.4986 0.1997 0.1874 
0.6172 0.0456 0.2923 0.0449 
0.0246 0.8944 0.0507 0.0304 
0.2178 0.0470 0.1585 0.5767 
0.0760 0.0007 0.0904 0.8329 
0.0137 0.8133 0.1643 0.0087 
0.1664 0.7945 0.0369 0.0022 
0.0007 0.0007 0.8878 0.1107 
0.0014 0.4204 0.4834 0.0948 
0.4501 0.2909 0.0658 0.1932 
0.1867 0.2207 0.3090 0.2836 
0.0434 0.1932 0.4913 0.2721 

MOTIF filter14 
letter-probability matrix: alength= 4 w= 12 nsites= 12 
0.2586 0.1122 0.2415 0.3877 
0.1969 0.3681 0.1745 0.2605 
0.4743 0.0428 0.3184 0.1646 
0.7443 0.0363 0.1600 0.0594 
0.0064 0.9932 0.0000 0.0004 
0.4811 0.0001 0.1533 0.3655 
0.4315 0.0011 0.2603 0.3071 
0.3428 0.0470 0.0000 0.6102 
0.0002 0.4445 0.0582 0.4970 
0.3539 0.2436 0.0977 0.3047 
0.1937 0.2215 0.3341 0.2507 
0.2358 0.2803 0.2262 0.2577 

MOTIF filter15 
letter-probability matrix: alength= 4 w= 14 nsites= 14 
0.1946 0.2800 0.2904 0.2350 
0.3011 0.2374 0.3002 0.1613 
0.3214 0.1962 0.2835 0.1989 
0.0292 0.7337 0.1250 0.1121 
0.0208 0.5638 0.0298 0.3856 
0.4780 0.1349 0.2857 0.1014 
0.8080 0.0658 0.0372 0.0890 
0.0201 0.0286 0.0352 0.9161 
0.0878 0.1905 0.1513 0.5704 
0.3862 0.0196 0.5122 0.0820 
0.1683 0.0801 0.7293 0.0223 
0.2425 0.2898 0.1792 0.2885 
0.1825 0.3167 0.2095 0.2913 
0.2501 0.3161 0.2268 0.2070 

MOTIF filter16 
letter-probability matrix: alength= 4 w= 12 nsites= 12 
0.3083 0.3067 0.2206 0.1645 
0.4687 0.1173 0.2427 0.1713 
0.3444 0.3060 0.2229 0.1268 
0.1326 0.5537 0.3128 0.0009 
0.5590 0.0684 0.0140 0.3586 
0.0530 0.3528 0.3281 0.2662 
0.0773 0.0175 0.6572 0.2479 
0.0049 0.0000 0.0000 0.9951 
0.0023 0.0170 0.9807 0.0000 
0.1117 0.2939 0.1699 0.4245 
0.3325 0.2941 0.2411 0.1324 
0.2632 0.1876 0.2779 0.2713 

MOTIF filter17 
letter-probability matrix: alength= 4 w= 16 nsites= 16 
0.3376 0.1867 0.2861 0.1897 
0.2970 0.2255 0.2497 0.2279 
0.1206 0.1745 0.3582 0.3467 
0.0448 0.8188 0.0097 0.1267 
0.4133 0.0333 0.0006 0.5527 
0.9636 0.0315 0.0006 0.0042 
0.2558 0.1115 0.1455 0.4873 
0.2261 0.4412 0.0958 0.2370 
0.6188 0.1030 0.0006 0.2776 
0.5200 0.1655 0.0527 0.2618 
0.0024 0.0042 0.0885 0.9048 
0.8418 0.0448 0.1109 0.0024 
0.1285 0.0006 0.8424 0.0285 
0.3739 0.4097 0.0527 0.1636 
0.2242 0.2806 0.2430 0.2521 
0.2158 0.2697 0.2721 0.2424 

MOTIF filter18 
letter-probability matrix: alength= 4 w= 14 nsites= 14 
0.2141 0.3272 0.2333 0.2254 
0.2902 0.2188 0.3113 0.1798 
0.1566 0.0423 0.6319 0.1692 
0.1157 0.5340 0.1930 0.1573 
0.0482 0.8519 0.0853 0.0145 
0.9907 0.0000 0.0093 0.0000 
0.4177 0.0278 0.0595 0.4950 
0.0972 0.5169 0.2783 0.1077 
0.4475 0.0753 0.0132 0.4640 
0.0020 0.0059 0.0013 0.9907 
0.0205 0.0939 0.8506 0.0350 
0.2274 0.1659 0.4712 0.1355 
0.2525 0.5003 0.0582 0.1890 
0.2214 0.2479 0.2505 0.2802 

MOTIF filter19 
letter-probability matrix: alength= 4 w= 12 nsites= 12 
0.2092 0.2688 0.2617 0.2604 
0.0792 0.2610 0.2550 0.4047 
0.1129 0.3375 0.3337 0.2159 
0.0922 0.8128 0.0902 0.0048 
0.2278 0.5049 0.0977 0.1697 
0.1392 0.1060 0.1177 0.6371 
0.1480 0.8379 0.0011 0.0130 
0.4021 0.1280 0.2784 0.1916 
0.0001 0.5390 0.4551 0.0059 
0.2677 0.3760 0.0353 0.3211 
0.2435 0.3562 0.2263 0.1741 
0.1589 0.3110 0.4164 0.1136 

MOTIF filter20 
letter-probability matrix: alength= 4 w= 11 nsites= 11 
0.4402 0.0997 0.2577 0.2023 
0.4293 0.1078 0.3388 0.1241 
0.3772 0.1263 0.3819 0.1146 
0.4850 0.3247 0.1903 0.0000 
0.0000 0.5620 0.0227 0.4153 
0.2910 0.3397 0.2428 0.1264 
0.1279 0.0003 0.8527 0.0191 
0.1926 0.6547 0.0341 0.1185 
0.0000 0.2451 0.4629 0.2920 
0.3453 0.1930 0.4089 0.0529 
0.2502 0.3959 0.1179 0.2361 

MOTIF filter21 
letter-probability matrix: alength= 4 w= 15 nsites= 15 
0.1026 0.4554 0.3427 0.0993 
0.1503 0.4940 0.1990 0.1568 
0.0457 0.3662 0.4022 0.1859 
0.0124 0.9373 0.0013 0.0490 
0.0000 0.5475 0.1411 0.3113 
0.5515 0.0124 0.4263 0.0098 
0.3022 0.3581 0.0088 0.3309 
0.2555 0.4365 0.0020 0.3061 
0.1209 0.5387 0.1261 0.2143 
0.3303 0.2947 0.0000 0.3750 
0.0016 0.2261 0.1124 0.6599 
0.6857 0.1072 0.1147 0.0925 
0.1731 0.0549 0.6825 0.0895 
0.3368 0.2457 0.3175 0.1000 
0.2970 0.2535 0.2320 0.2176 

MOTIF filter22 
letter-probability matrix: alength= 4 w= 9 nsites= 9 
0.2126 0.2569 0.2813 0.2492 
0.2204 0.2814 0.2144 0.2838 
0.3007 0.2802 0.3279 0.0912 
0.0000 0.5145 0.0000 0.4855 
0.5157 0.0250 0.0000 0.4593 
0.7064 0.0002 0.2243 0.0691 
0.2927 0.0001 0.3498 0.3573 
0.2205 0.2434 0.4281 0.1080 
0.3065 0.3319 0.1037 0.2578 

MOTIF filter23 
letter-probability matrix: alength= 4 w= 11 nsites= 11 
0.1663 0.0775 0.1457 0.6106 
0.1076 0.1734 0.1492 0.5698 
0.3250 0.0127 0.3362 0.3261 
0.0056 0.8721 0.0029 0.1194 
0.0367 0.0026 0.9527 0.0080 
0.2609 0.2995 0.0197 0.4199 
0.7084 0.0355 0.1843 0.0719 
0.6912 0.0644 0.0517 0.1927 
0.0952 0.3629 0.2416 0.3003 
0.2980 0.1808 0.3324 0.1887 
0.2127 0.3758 0.2033 0.2083 

MOTIF filter24 
letter-probability matrix: alength= 4 w= 14 nsites= 14 
0.3085 0.1336 0.2685 0.2894 
0.3666 0.0201 0.3774 0.2360 
0.0625 0.5102 0.1770 0.2503 
0.0361 0.0683 0.3333 0.5623 
0.6102 0.1312 0.2453 0.0134 
0.5687 0.0638 0.1197 0.2479 
0.0475 0.8664 0.0000 0.0862 
0.0525 0.4306 0.3255 0.1915 
0.5497 0.2741 0.0802 0.0960 
0.1193 0.2350 0.0413 0.6044 
0.6803 0.0128 0.2479 0.0590 
0.2049 0.0711 0.5391 0.1850 
0.4317 0.2564 0.1267 0.1852 
0.1619 0.1651 0.2051 0.4680 

MOTIF filter25 
letter-probability matrix: alength= 4 w= 12 nsites= 12 
0.1059 0.3699 0.2880 0.2363 
0.2698 0.1694 0.4343 0.1265 
0.2987 0.0480 0.3381 0.3152 
0.0279 0.6945 0.1472 0.1304 
0.0489 0.8655 0.0856 0.0000 
0.2114 0.3838 0.0014 0.4035 
0.7721 0.0099 0.0857 0.1322 
0.0023 0.4022 0.3970 0.1986 
0.0743 0.4054 0.5203 0.0000 
0.2274 0.3893 0.0041 0.3791 
0.1889 0.4024 0.2058 0.2029 
0.2306 0.2341 0.3828 0.1525 

MOTIF filter26 
letter-probability matrix: alength= 4 w= 14 nsites= 14 
0.2530 0.2338 0.2723 0.2409 
0.2392 0.1506 0.4716 0.1386 
0.1861 0.0891 0.5677 0.1571 
0.2482 0.0790 0.6411 0.0318 
0.0642 0.1158 0.7984 0.0217 
0.0148 0.2432 0.7093 0.0328 
0.2854 0.3877 0.1552 0.1717 
0.0224 0.1144 0.8233 0.0399 
0.0448 0.0236 0.9145 0.0171 
0.3064 0.0230 0.5912 0.0793 
0.2919 0.1296 0.5642 0.0144 
0.2242 0.3517 0.3183 0.1058 
0.2286 0.2815 0.2489 0.2409 
0.2307 0.2543 0.2840 0.2309 

MOTIF filter27 
letter-probability matrix: alength= 4 w= 14 nsites= 14 
0.2671 0.2505 0.2417 0.2408 
0.2596 0.2451 0.2429 0.2524 
0.3871 0.2062 0.3408 0.0658 
0.0339 0.0425 0.0229 0.9007 
0.0189 0.0239 0.2162 0.7410 
0.2970 0.0410 0.4834 0.1786 
0.1071 0.6151 0.0662 0.2116 
0.2184 0.0705 0.6148 0.0963 
0.1714 0.4772 0.0610 0.2904 
0.7375 0.1967 0.0212 0.0446 
0.8647 0.0459 0.0585 0.0309 
0.0844 0.3186 0.1929 0.4041 
0.2433 0.2766 0.2370 0.2431 
0.2445 0.2347 0.2520 0.2688 

MOTIF filter28 
letter-probability matrix: alength= 4 w= 10 nsites= 10 
0.2297 0.2185 0.2943 0.2575 
0.2452 0.2423 0.2327 0.2798 
0.4498 0.1554 0.2589 0.1359 
0.1070 0.7078 0.1852 0.0000 
0.8189 0.0040 0.1699 0.0073 
0.0000 0.0088 0.2847 0.7065 
0.0005 0.5173 0.0000 0.4822 
0.3407 0.0144 0.4638 0.1811 
0.3576 0.2128 0.2319 0.1977 
0.2580 0.2156 0.3464 0.1800 

MOTIF filter29 
letter-probability matrix: alength= 4 w= 10 nsites= 10 
0.1743 0.2550 0.2286 0.3421 
0.0764 0.3689 0.1728 0.3818 
0.2202 0.3515 0.1001 0.3282 
0.0095 0.9905 0.0000 0.0000 
0.0009 0.0231 0.4427 0.5334 
0.5768 0.0020 0.4212 0.0000 
0.1013 0.0049 0.5583 0.3355 
0.4328 0.1355 0.1986 0.2331 
0.2780 0.2132 0.2676 0.2412 
0.2649 0.2289 0.2312 0.2750 

MOTIF filter30 
letter-probability matrix: alength= 4 w= 11 nsites= 11 
0.2649 0.2549 0.2512 0.2290 
0.1101 0.1089 0.0770 0.7039 
0.1095 0.0951 0.6605 0.1350 
0.7448 0.0483 0.1029 0.1039 
0.0874 0.4139 0.4275 0.0712 
0.0427 0.0202 0.0206 0.9165 
0.1174 0.7152 0.0969 0.0705 
0.8174 0.0309 0.0687 0.0830 
0.0644 0.2875 0.3120 0.3360 
0.2133 0.3258 0.2080 0.2529 
0.2873 0.2268 0.2484 0.2375 

MOTIF filter31 
letter-probability matrix: alength= 4 w= 14 nsites= 14 
0.1964 0.2052 0.2317 0.3667 
0.3758 0.0863 0.2205 0.3173 
0.1997 0.1275 0.5163 0.1566 
0.0797 0.6491 0.2165 0.0547 
0.5329 0.2217 0.0331 0.2123 
0.0011 0.9794 0.0059 0.0136 
0.4902 0.1039 0.4004 0.0054 
0.5302 0.0000 0.2355 0.2342 
0.0045 0.4220 0.2119 0.3616 
0.4812 0.2512 0.2327 0.0349 
0.0502 0.4237 0.0299 0.4963 
0.2328 0.3398 0.1068 0.3206 
0.2519 0.3018 0.2166 0.2296 
0.2358 0.2228 0.2401 0.3013 

