MEME version 4

ALPHABET= ACGT

Background letter frequencies:
A 0.2500 C 0.2500 G 0.2500 T 0.2500 

MOTIF filter0 
letter-probability matrix: alength= 4 w= 13 nsites= 13 
0.2341 0.2507 0.2484 0.2668 
0.2304 0.2289 0.2927 0.2480 
0.4334 0.2454 0.3137 0.0075 
0.0229 0.0349 0.0026 0.9396 
0.0173 0.0259 0.4702 0.4867 
0.6653 0.0011 0.2484 0.0852 
0.0038 0.6604 0.2814 0.0544 
0.0266 0.0000 0.2323 0.7411 
0.0589 0.8863 0.0000 0.0548 
0.9876 0.0124 0.0000 0.0000 
0.3981 0.2064 0.2281 0.1674 
0.0807 0.4773 0.1276 0.3144 
0.3114 0.2537 0.2341 0.2008 

MOTIF filter1 
letter-probability matrix: alength= 4 w= 14 nsites= 14 
0.2666 0.2722 0.2360 0.2252 
0.1767 0.4864 0.1861 0.1508 
0.2899 0.4019 0.3050 0.0032 
0.2205 0.0009 0.0366 0.7420 
0.0016 0.0000 0.0091 0.9893 
0.4300 0.0000 0.4757 0.0943 
0.1164 0.4669 0.0003 0.4164 
0.4874 0.0208 0.4918 0.0000 
0.1830 0.2498 0.0000 0.5672 
0.3555 0.2719 0.3612 0.0114 
0.7328 0.0000 0.2672 0.0000 
0.0066 0.3047 0.2394 0.4492 
0.2795 0.3107 0.2495 0.1603 
0.3155 0.1599 0.2735 0.2511 

MOTIF filter2 
letter-probability matrix: alength= 4 w= 11 nsites= 11 
0.2775 0.2709 0.1681 0.2835 
0.1642 0.2300 0.3377 0.2681 
0.3765 0.2428 0.2441 0.1366 
0.0116 0.7247 0.2634 0.0003 
0.1605 0.0011 0.1583 0.6802 
0.0331 0.4571 0.5012 0.0087 
0.8711 0.0346 0.0450 0.0492 
0.0000 0.0982 0.7674 0.1343 
0.2878 0.1789 0.1494 0.3839 
0.1756 0.3840 0.3464 0.0940 
0.2735 0.2148 0.1603 0.3514 

MOTIF filter3 
letter-probability matrix: alength= 4 w= 14 nsites= 14 
0.2146 0.4232 0.1956 0.1667 
0.1577 0.2176 0.2934 0.3313 
0.1347 0.1477 0.1158 0.6018 
0.0000 0.9830 0.0170 0.0000 
0.2635 0.7315 0.0010 0.0040 
0.0020 0.0000 0.9790 0.0190 
0.0010 0.2285 0.7565 0.0140 
0.9002 0.0329 0.0379 0.0289 
0.8313 0.0519 0.0200 0.0968 
0.0948 0.0968 0.6397 0.1687 
0.1208 0.2206 0.0339 0.6248 
0.2365 0.1617 0.4301 0.1717 
0.2575 0.2315 0.3802 0.1307 
0.1966 0.3174 0.2505 0.2355 

MOTIF filter4 
letter-probability matrix: alength= 4 w= 13 nsites= 13 
0.4551 0.0998 0.2580 0.1871 
0.1501 0.1192 0.1830 0.5477 
0.0717 0.1021 0.2588 0.5674 
0.1092 0.0641 0.8060 0.0207 
0.2050 0.5334 0.2338 0.0278 
0.0342 0.5158 0.4500 0.0000 
0.0510 0.7106 0.1508 0.0875 
0.8499 0.1136 0.0003 0.0362 
0.8910 0.0219 0.0003 0.0868 
0.0482 0.1519 0.1539 0.6460 
0.2221 0.3178 0.1958 0.2644 
0.3527 0.1156 0.3612 0.1705 
0.1457 0.2159 0.5145 0.1238 

MOTIF filter5 
letter-probability matrix: alength= 4 w= 11 nsites= 11 
0.1732 0.3858 0.2876 0.1534 
0.0890 0.2361 0.1727 0.5021 
0.3529 0.0027 0.3763 0.2681 
0.5413 0.1368 0.3218 0.0000 
0.0731 0.9236 0.0033 0.0000 
0.0002 0.0220 0.4055 0.5723 
0.0000 0.3201 0.2713 0.4086 
0.4316 0.1514 0.0004 0.4166 
0.1948 0.2893 0.3902 0.1256 
0.1730 0.2682 0.4002 0.1586 
0.2499 0.2737 0.2084 0.2679 

MOTIF filter6 
letter-probability matrix: alength= 4 w= 12 nsites= 12 
0.2605 0.2806 0.2177 0.2412 
0.3723 0.2471 0.2201 0.1605 
0.2418 0.3299 0.2213 0.2071 
0.0095 0.9691 0.0000 0.0214 
0.9066 0.0261 0.0178 0.0495 
0.0389 0.8573 0.0000 0.1038 
0.1077 0.0478 0.7953 0.0492 
0.0398 0.0596 0.0000 0.9006 
0.0543 0.0317 0.8449 0.0691 
0.1813 0.2904 0.2602 0.2682 
0.1878 0.2611 0.1792 0.3720 
0.2302 0.2616 0.2385 0.2697 

MOTIF filter7 
letter-probability matrix: alength= 4 w= 12 nsites= 12 
0.2247 0.2874 0.2126 0.2753 
0.1672 0.2914 0.2420 0.2994 
0.3775 0.1928 0.2516 0.1782 
0.6335 0.0569 0.2739 0.0358 
0.0002 0.4027 0.5971 0.0000 
0.1127 0.3458 0.0168 0.5247 
0.0229 0.0035 0.0367 0.9369 
0.0017 0.0209 0.7555 0.2219 
0.7001 0.1970 0.0067 0.0963 
0.2991 0.2247 0.2968 0.1794 
0.2680 0.2416 0.2589 0.2315 
0.1911 0.2982 0.2646 0.2460 

MOTIF filter8 
letter-probability matrix: alength= 4 w= 13 nsites= 13 
0.1698 0.5531 0.1848 0.0924 
0.2463 0.4379 0.2979 0.0180 
0.3432 0.1577 0.2200 0.2790 
0.1041 0.4196 0.0000 0.4763 
0.3717 0.1906 0.4369 0.0009 
0.0161 0.4560 0.2107 0.3172 
0.1376 0.0005 0.6170 0.2449 
0.3247 0.2738 0.0017 0.3999 
0.4092 0.0365 0.5511 0.0033 
0.0000 0.3468 0.6383 0.0148 
0.1988 0.0729 0.4106 0.3177 
0.2757 0.4048 0.0996 0.2199 
0.2942 0.2014 0.2456 0.2588 

MOTIF filter9 
letter-probability matrix: alength= 4 w= 10 nsites= 10 
0.1995 0.2027 0.2315 0.3663 
0.2370 0.2396 0.2324 0.2910 
0.3785 0.1149 0.3737 0.1329 
0.0120 0.8555 0.0038 0.1286 
0.0006 0.0121 0.9873 0.0000 
0.0631 0.1559 0.0817 0.6993 
0.6085 0.0038 0.3179 0.0698 
0.3586 0.2467 0.2779 0.1168 
0.1456 0.2401 0.2159 0.3985 
0.1513 0.3062 0.2302 0.3124 

MOTIF filter10 
letter-probability matrix: alength= 4 w= 12 nsites= 12 
0.2365 0.0906 0.3413 0.3316 
0.2331 0.2277 0.3705 0.1687 
0.5420 0.2648 0.1725 0.0207 
0.0201 0.0264 0.1112 0.8423 
0.0000 0.4988 0.2887 0.2124 
0.5715 0.0000 0.1202 0.3083 
0.4216 0.0743 0.5042 0.0000 
0.3635 0.0345 0.1690 0.4329 
0.0101 0.4779 0.0393 0.4726 
0.2997 0.1473 0.0866 0.4664 
0.2487 0.3117 0.2570 0.1826 
0.3505 0.3150 0.0041 0.3304 

MOTIF filter11 
letter-probability matrix: alength= 4 w= 14 nsites= 14 
0.1559 0.5125 0.1321 0.1995 
0.2083 0.2688 0.1204 0.4026 
0.2740 0.4404 0.1035 0.1821 
0.4799 0.0250 0.0140 0.4811 
0.4223 0.0762 0.2362 0.2653 
0.6841 0.0436 0.1955 0.0768 
0.5137 0.0093 0.0012 0.4759 
0.0529 0.0157 0.0611 0.8703 
0.2019 0.0000 0.7981 0.0000 
0.0000 0.0000 0.9994 0.0006 
0.1513 0.6917 0.0052 0.1518 
0.0233 0.2525 0.1926 0.5317 
0.1169 0.2019 0.5590 0.1222 
0.3455 0.3973 0.1355 0.1216 

MOTIF filter12 
letter-probability matrix: alength= 4 w= 10 nsites= 10 
0.2336 0.1562 0.2955 0.3147 
0.3660 0.2659 0.2654 0.1027 
0.2942 0.0000 0.2945 0.4112 
0.4298 0.0067 0.5632 0.0003 
0.5523 0.0201 0.3329 0.0947 
0.1788 0.3000 0.3268 0.1944 
0.0001 0.0000 0.0000 0.9999 
0.2721 0.4182 0.0000 0.3097 
0.1553 0.0557 0.3508 0.4383 
0.4151 0.3531 0.0297 0.2022 

MOTIF filter13 
letter-probability matrix: alength= 4 w= 13 nsites= 13 
0.4505 0.2110 0.3359 0.0026 
0.2946 0.1031 0.3941 0.2081 
0.3255 0.3993 0.1993 0.0759 
0.0278 0.6976 0.0073 0.2673 
0.0005 0.0327 0.4492 0.5175 
0.1556 0.1000 0.5833 0.1611 
0.8839 0.0647 0.0052 0.0462 
0.7942 0.1211 0.0177 0.0670 
0.0839 0.1593 0.6841 0.0727 
0.0553 0.3388 0.0333 0.5726 
0.1915 0.1863 0.4066 0.2156 
0.3081 0.3011 0.2858 0.1050 
0.2450 0.2990 0.2201 0.2359 

MOTIF filter14 
letter-probability matrix: alength= 4 w= 12 nsites= 12 
0.3173 0.2798 0.2478 0.1551 
0.2015 0.0120 0.5280 0.2585 
0.1683 0.5183 0.1358 0.1776 
0.1492 0.6071 0.2435 0.0002 
0.9834 0.0002 0.0148 0.0016 
0.0027 0.0000 0.0000 0.9973 
0.0000 0.3750 0.2862 0.3389 
0.4467 0.0036 0.1613 0.3884 
0.4960 0.1706 0.0000 0.3334 
0.3466 0.1120 0.2953 0.2462 
0.1747 0.0972 0.3207 0.4074 
0.2037 0.3454 0.0988 0.3520 

MOTIF filter15 
letter-probability matrix: alength= 4 w= 13 nsites= 13 
0.2482 0.2656 0.2466 0.2396 
0.2192 0.3851 0.1722 0.2236 
0.0977 0.0122 0.7537 0.1363 
0.1250 0.6440 0.1779 0.0532 
0.1688 0.4105 0.4161 0.0046 
0.7161 0.0098 0.0544 0.2197 
0.0783 0.3112 0.4207 0.1897 
0.2657 0.2000 0.3227 0.2117 
0.0352 0.8218 0.0337 0.1094 
0.0350 0.0677 0.4774 0.4198 
0.0844 0.4692 0.3929 0.0535 
0.2251 0.3450 0.3135 0.1165 
0.1860 0.4325 0.1550 0.2264 

MOTIF filter16 
letter-probability matrix: alength= 4 w= 15 nsites= 15 
0.2285 0.2897 0.2639 0.2179 
0.3464 0.2555 0.2313 0.1668 
0.1561 0.0483 0.6783 0.1173 
0.1106 0.6193 0.1757 0.0943 
0.4385 0.5244 0.0371 0.0000 
0.9270 0.0017 0.0707 0.0006 
0.3296 0.1606 0.2353 0.2746 
0.4975 0.2106 0.1999 0.0921 
0.0006 0.0135 0.0000 0.9860 
0.0000 0.0022 0.3060 0.6917 
0.0309 0.2055 0.6951 0.0685 
0.2325 0.5851 0.0174 0.1651 
0.1516 0.1286 0.3605 0.3593 
0.1578 0.1948 0.4986 0.1488 
0.2908 0.5121 0.0505 0.1465 

MOTIF filter17 
letter-probability matrix: alength= 4 w= 13 nsites= 13 
0.2374 0.3659 0.2924 0.1043 
0.1126 0.5387 0.1694 0.1793 
0.2008 0.3759 0.1681 0.2552 
0.4469 0.1662 0.3865 0.0004 
0.3581 0.0977 0.3638 0.1804 
0.0634 0.5800 0.0011 0.3555 
0.0131 0.1405 0.0000 0.8465 
0.1923 0.0002 0.6328 0.1747 
0.3971 0.0004 0.6016 0.0009 
0.0148 0.1933 0.0793 0.7127 
0.0528 0.5569 0.2642 0.1261 
0.4284 0.1745 0.1991 0.1980 
0.2518 0.1917 0.4518 0.1047 

MOTIF filter18 
letter-probability matrix: alength= 4 w= 14 nsites= 14 
0.2977 0.3090 0.1869 0.2064 
0.0051 0.7854 0.1057 0.1037 
0.0123 0.8819 0.0606 0.0452 
0.8460 0.0000 0.1057 0.0483 
0.0010 0.4127 0.0082 0.5780 
0.5483 0.0000 0.0021 0.4497 
0.0000 0.0000 0.0031 0.9969 
0.5585 0.4405 0.0000 0.0010 
0.1057 0.4179 0.0021 0.4743 
0.0010 0.0000 0.9425 0.0565 
0.0000 0.0852 0.8994 0.0154 
0.0575 0.1520 0.3706 0.4199 
0.1088 0.5462 0.2053 0.1396 
0.5729 0.1150 0.0760 0.2361 

MOTIF filter19 
letter-probability matrix: alength= 4 w= 12 nsites= 12 
0.2139 0.4128 0.2477 0.1257 
0.1956 0.2673 0.2357 0.3014 
0.1287 0.3363 0.3478 0.1872 
0.8195 0.0054 0.0985 0.0767 
0.0158 0.1672 0.2979 0.5192 
0.0000 0.2202 0.0809 0.6989 
0.5851 0.1076 0.3066 0.0007 
0.8791 0.0332 0.0874 0.0003 
0.0317 0.0863 0.0090 0.8730 
0.2381 0.3885 0.2788 0.0946 
0.4845 0.2500 0.1273 0.1382 
0.1493 0.2677 0.2692 0.3138 

MOTIF filter20 
letter-probability matrix: alength= 4 w= 10 nsites= 10 
0.1546 0.3488 0.3756 0.1210 
0.2367 0.3207 0.2617 0.1808 
0.3999 0.0000 0.4098 0.1903 
0.0001 0.9993 0.0006 0.0000 
0.0713 0.0000 0.1951 0.7336 
0.7545 0.0002 0.2453 0.0000 
0.0047 0.4283 0.1144 0.4525 
0.3501 0.2236 0.1041 0.3222 
0.1834 0.2334 0.0931 0.4900 
0.2291 0.2582 0.1824 0.3303 

MOTIF filter21 
letter-probability matrix: alength= 4 w= 13 nsites= 13 
0.2759 0.2497 0.2271 0.2474 
0.3670 0.0221 0.3231 0.2878 
0.2484 0.1487 0.3123 0.2906 
0.0528 0.2028 0.0681 0.6762 
0.0593 0.2508 0.6078 0.0821 
0.6162 0.3581 0.0000 0.0257 
0.0843 0.0628 0.4910 0.3619 
0.0016 0.1990 0.0000 0.7995 
0.6864 0.1630 0.0935 0.0571 
0.5426 0.0000 0.4574 0.0000 
0.1709 0.1901 0.2461 0.3929 
0.2304 0.2558 0.1653 0.3484 
0.3023 0.2501 0.2243 0.2233 

MOTIF filter22 
letter-probability matrix: alength= 4 w= 12 nsites= 12 
0.2633 0.1133 0.4120 0.2114 
0.4063 0.3883 0.1435 0.0619 
0.1010 0.4372 0.1941 0.2676 
0.8246 0.0169 0.1578 0.0007 
0.0476 0.0616 0.0843 0.8065 
0.1518 0.6584 0.1870 0.0028 
0.0000 0.0806 0.4309 0.4885 
0.7221 0.0740 0.0178 0.1862 
0.0169 0.3415 0.0411 0.6005 
0.4880 0.1142 0.2812 0.1166 
0.1337 0.2203 0.3343 0.3116 
0.2243 0.2992 0.1507 0.3259 

MOTIF filter23 
letter-probability matrix: alength= 4 w= 14 nsites= 14 
0.2613 0.2551 0.2229 0.2607 
0.0869 0.7041 0.1482 0.0608 
0.0331 0.4456 0.1898 0.3316 
0.5081 0.3907 0.0117 0.0895 
0.2605 0.1953 0.0181 0.5260 
0.9795 0.0011 0.0000 0.0194 
0.1334 0.0083 0.1319 0.7263 
0.5344 0.0361 0.0011 0.4285 
0.2003 0.1268 0.0009 0.6721 
0.4366 0.0224 0.2867 0.2543 
0.0233 0.0034 0.6343 0.3390 
0.5194 0.1684 0.1670 0.1452 
0.2980 0.2775 0.3734 0.0510 
0.4368 0.1864 0.1330 0.2438 

MOTIF filter24 
letter-probability matrix: alength= 4 w= 10 nsites= 10 
0.2699 0.2686 0.1939 0.2676 
0.2686 0.2325 0.2590 0.2399 
0.2644 0.1900 0.3798 0.1659 
0.1587 0.0102 0.7673 0.0639 
0.0359 0.0507 0.7772 0.1361 
0.2787 0.2464 0.0447 0.4301 
0.0585 0.8841 0.0498 0.0077 
0.3356 0.0843 0.0856 0.4945 
0.0977 0.3019 0.3750 0.2254 
0.2669 0.3048 0.1828 0.2456 

MOTIF filter25 
letter-probability matrix: alength= 4 w= 13 nsites= 13 
0.3121 0.2727 0.2820 0.1332 
0.2810 0.2623 0.2889 0.1678 
0.3381 0.3221 0.2889 0.0509 
0.0042 0.4550 0.0606 0.4803 
0.0149 0.3664 0.5699 0.0488 
0.7990 0.1069 0.0941 0.0000 
0.1844 0.0789 0.2529 0.4837 
0.0000 0.2356 0.0035 0.7609 
0.0000 0.5277 0.4723 0.0000 
0.7896 0.0017 0.2087 0.0000 
0.3730 0.2817 0.1370 0.2083 
0.0945 0.1280 0.1519 0.6256 
0.0702 0.5446 0.2391 0.1460 

MOTIF filter26 
letter-probability matrix: alength= 4 w= 15 nsites= 15 
0.2317 0.2405 0.2717 0.2561 
0.1674 0.1337 0.3335 0.3654 
0.0425 0.7739 0.0718 0.1118 
0.2074 0.1012 0.0731 0.6184 
0.6496 0.0000 0.0000 0.3504 
0.1918 0.0006 0.5166 0.2911 
0.7227 0.0181 0.0000 0.2592 
0.2242 0.2736 0.3573 0.1449 
0.3198 0.0000 0.0000 0.6802 
0.0000 0.5153 0.0000 0.4847 
1.0000 0.0000 0.0000 0.0000 
0.0394 0.1980 0.6265 0.1362 
0.3410 0.4266 0.1305 0.1018 
0.2948 0.2211 0.2130 0.2711 
0.2436 0.2786 0.1861 0.2917 

MOTIF filter27 
letter-probability matrix: alength= 4 w= 14 nsites= 14 
0.2626 0.2413 0.2350 0.2611 
0.2103 0.2244 0.2081 0.3572 
0.0995 0.0765 0.0677 0.7563 
0.0463 0.0667 0.0814 0.8056 
0.2000 0.6041 0.0698 0.1261 
0.0999 0.5488 0.0693 0.2820 
0.2441 0.2855 0.2363 0.2342 
0.2922 0.0196 0.6026 0.0856 
0.0529 0.0588 0.6761 0.2123 
0.7770 0.0919 0.0753 0.0558 
0.9203 0.0201 0.0202 0.0394 
0.3752 0.1752 0.2423 0.2074 
0.2387 0.2446 0.2295 0.2872 
0.2534 0.2464 0.2565 0.2437 

MOTIF filter28 
letter-probability matrix: alength= 4 w= 13 nsites= 13 
0.2292 0.2443 0.2664 0.2601 
0.2509 0.1535 0.4422 0.1535 
0.2417 0.0282 0.5350 0.1951 
0.2404 0.0924 0.6051 0.0622 
0.0641 0.0081 0.9223 0.0055 
0.1517 0.0234 0.8155 0.0094 
0.2960 0.3881 0.1335 0.1824 
0.1191 0.0289 0.8264 0.0256 
0.0392 0.0252 0.8584 0.0773 
0.2800 0.0670 0.5961 0.0569 
0.2680 0.1576 0.5352 0.0392 
0.2323 0.3573 0.2750 0.1355 
0.2515 0.2535 0.2682 0.2268 

MOTIF filter29 
letter-probability matrix: alength= 4 w= 14 nsites= 14 
0.3290 0.2374 0.2033 0.2303 
0.4548 0.0658 0.1422 0.3373 
0.5394 0.0623 0.1739 0.2244 
0.2938 0.0012 0.0317 0.6733 
0.2538 0.3655 0.1340 0.2468 
0.3020 0.0000 0.0071 0.6910 
0.0000 0.0000 1.0000 0.0000 
0.0294 0.9636 0.0071 0.0000 
0.2550 0.0000 0.0000 0.7450 
0.0517 0.0306 0.8061 0.1116 
0.9072 0.0024 0.0000 0.0905 
0.1622 0.3325 0.2385 0.2667 
0.2280 0.1269 0.0541 0.5911 
0.1904 0.3525 0.1528 0.3043 

MOTIF filter30 
letter-probability matrix: alength= 4 w= 11 nsites= 11 
0.1362 0.2844 0.3692 0.2102 
0.0255 0.5440 0.2006 0.2300 
0.1324 0.5399 0.0436 0.2841 
0.0842 0.7365 0.1395 0.0398 
0.0255 0.7330 0.1360 0.1055 
0.1858 0.1885 0.3430 0.2827 
0.1400 0.7333 0.0995 0.0273 
0.0421 0.8217 0.0920 0.0441 
0.0578 0.5478 0.0939 0.3006 
0.2045 0.5091 0.0481 0.2383 
0.1452 0.4248 0.1601 0.2699 

MOTIF filter31 
letter-probability matrix: alength= 4 w= 15 nsites= 15 
0.2647 0.2553 0.2405 0.2395 
0.2079 0.0505 0.5158 0.2258 
0.0121 0.7226 0.0089 0.2563 
0.0016 0.0247 0.3768 0.5968 
0.9363 0.0058 0.0579 0.0000 
0.0632 0.6079 0.1089 0.2200 
0.1242 0.0079 0.4426 0.4253 
0.4079 0.4247 0.0016 0.1658 
0.3521 0.3547 0.2326 0.0605 
0.0000 0.1084 0.0916 0.8000 
0.7211 0.0721 0.1747 0.0321 
0.2868 0.0568 0.5821 0.0742 
0.2563 0.4437 0.1295 0.1705 
0.1858 0.3363 0.2600 0.2179 
0.1863 0.2995 0.2658 0.2484 

