MEME version 4

ALPHABET= ACGT

Background letter frequencies:
A 0.2500 C 0.2500 G 0.2500 T 0.2500 

MOTIF filter0 
letter-probability matrix: alength= 4 w= 13 nsites= 13 
0.3462 0.1630 0.2067 0.2840 
0.5950 0.0387 0.0824 0.2840 
0.3933 0.0134 0.0202 0.5731 
0.1815 0.1429 0.3143 0.3613 
0.0908 0.0555 0.0034 0.8504 
0.0000 0.2235 0.7765 0.0000 
0.0303 0.9697 0.0000 0.0000 
0.1193 0.0000 0.0000 0.8807 
0.0034 0.0017 0.6807 0.3143 
0.9899 0.0000 0.0101 0.0000 
0.0454 0.3328 0.1748 0.4471 
0.4807 0.1345 0.0756 0.3092 
0.1966 0.1429 0.1580 0.5025 

MOTIF filter1 
letter-probability matrix: alength= 4 w= 12 nsites= 12 
0.2476 0.2465 0.2360 0.2699 
0.2425 0.2724 0.2256 0.2596 
0.2247 0.2658 0.2477 0.2618 
0.5229 0.0629 0.0351 0.3791 
0.0892 0.0198 0.0224 0.8686 
0.0954 0.2183 0.0117 0.6746 
0.6553 0.0191 0.2155 0.1102 
0.8465 0.0335 0.0602 0.0598 
0.3172 0.0449 0.0796 0.5582 
0.2741 0.2289 0.2467 0.2503 
0.2522 0.2389 0.2648 0.2440 
0.2647 0.2393 0.2488 0.2472 

MOTIF filter2 
letter-probability matrix: alength= 4 w= 11 nsites= 11 
0.1587 0.3914 0.2698 0.1801 
0.2617 0.2328 0.3683 0.1372 
0.0938 0.0932 0.5825 0.2305 
0.0000 0.8384 0.0006 0.1610 
0.0000 0.6369 0.1482 0.2148 
1.0000 0.0000 0.0000 0.0000 
0.1714 0.0313 0.0000 0.7973 
0.0000 0.0793 0.0041 0.9166 
0.0046 0.2953 0.2907 0.4094 
0.2154 0.0208 0.1946 0.5692 
0.0371 0.2478 0.2322 0.4829 

MOTIF filter3 
letter-probability matrix: alength= 4 w= 14 nsites= 14 
0.1908 0.3542 0.1445 0.3106 
0.1414 0.2706 0.2701 0.3179 
0.1992 0.1797 0.4882 0.1329 
0.5838 0.0594 0.3516 0.0053 
0.0053 0.3163 0.0000 0.6784 
0.0263 0.2470 0.6153 0.1114 
0.9595 0.0011 0.0158 0.0236 
0.1414 0.3053 0.5533 0.0000 
0.0005 0.0236 0.0032 0.9727 
0.0956 0.8749 0.0158 0.0137 
0.8560 0.1051 0.0158 0.0231 
0.1345 0.2375 0.3899 0.2380 
0.2696 0.2596 0.2796 0.1913 
0.2901 0.1576 0.2780 0.2743 

MOTIF filter4 
letter-probability matrix: alength= 4 w= 13 nsites= 13 
0.0548 0.3354 0.4270 0.1829 
0.5569 0.2256 0.1595 0.0580 
0.5806 0.1233 0.1563 0.1399 
0.0690 0.2393 0.0011 0.6907 
0.0008 0.4151 0.5838 0.0003 
0.8005 0.0330 0.1660 0.0005 
0.1622 0.2997 0.0832 0.4549 
0.0121 0.1684 0.0983 0.7213 
0.1106 0.5489 0.3099 0.0306 
0.6791 0.0255 0.2183 0.0771 
0.0908 0.2484 0.2086 0.4522 
0.0846 0.3467 0.2197 0.3491 
0.2857 0.2551 0.1896 0.2696 

MOTIF filter5 
letter-probability matrix: alength= 4 w= 12 nsites= 12 
0.2483 0.2540 0.2534 0.2443 
0.3346 0.2395 0.2347 0.1913 
0.2446 0.2761 0.2891 0.1902 
0.0228 0.8527 0.0684 0.0561 
0.8578 0.0405 0.0524 0.0493 
0.0454 0.8442 0.0370 0.0734 
0.0646 0.0298 0.8766 0.0291 
0.0430 0.0620 0.0425 0.8525 
0.1078 0.0357 0.8172 0.0394 
0.2045 0.2860 0.2579 0.2516 
0.2099 0.2496 0.2113 0.3292 
0.2443 0.2560 0.2433 0.2564 

MOTIF filter6 
letter-probability matrix: alength= 4 w= 10 nsites= 10 
0.2464 0.2619 0.2292 0.2625 
0.1343 0.1460 0.2895 0.4302 
0.2166 0.3360 0.2520 0.1955 
0.6379 0.0000 0.3506 0.0115 
0.0456 0.7183 0.2360 0.0001 
0.0091 0.4241 0.0481 0.5188 
0.0000 0.3217 0.6424 0.0359 
0.3812 0.2630 0.0051 0.3508 
0.1395 0.2019 0.3433 0.3154 
0.2179 0.2861 0.2283 0.2676 

MOTIF filter7 
letter-probability matrix: alength= 4 w= 13 nsites= 13 
0.2406 0.2285 0.2302 0.3008 
0.1965 0.2139 0.3339 0.2557 
0.3511 0.2526 0.3099 0.0864 
0.0561 0.0573 0.0385 0.8481 
0.0556 0.0210 0.7598 0.1636 
0.8065 0.0899 0.0206 0.0830 
0.0850 0.4501 0.4231 0.0418 
0.0486 0.0816 0.0505 0.8193 
0.1241 0.8199 0.0208 0.0351 
0.9085 0.0361 0.0176 0.0378 
0.0890 0.3112 0.2572 0.3426 
0.2266 0.3416 0.2130 0.2188 
0.2710 0.2118 0.2426 0.2746 

MOTIF filter8 
letter-probability matrix: alength= 4 w= 16 nsites= 16 
0.2798 0.0679 0.4543 0.1980 
0.2579 0.4558 0.0862 0.2001 
0.1885 0.1848 0.1402 0.4865 
0.0723 0.0358 0.7560 0.1359 
0.0679 0.8817 0.0205 0.0299 
0.0614 0.4310 0.2557 0.2520 
0.1804 0.0000 0.8181 0.0015 
0.6910 0.0000 0.0687 0.2403 
0.0723 0.3535 0.5515 0.0226 
0.3645 0.0117 0.1622 0.4617 
0.0467 0.4660 0.0015 0.4858 
0.2695 0.0957 0.5990 0.0358 
0.1169 0.0869 0.6501 0.1461 
0.2666 0.4974 0.1205 0.1154 
0.3302 0.2389 0.2345 0.1965 
0.2213 0.1695 0.4178 0.1914 

MOTIF filter9 
letter-probability matrix: alength= 4 w= 14 nsites= 14 
0.3431 0.1303 0.2807 0.2459 
0.3303 0.2404 0.3541 0.0752 
0.3101 0.2734 0.3046 0.1119 
0.0697 0.6037 0.3211 0.0055 
0.1468 0.8367 0.0037 0.0128 
0.0055 0.0037 0.9761 0.0147 
0.0055 0.0037 0.9835 0.0073 
0.9908 0.0055 0.0037 0.0000 
0.9927 0.0000 0.0018 0.0055 
0.1193 0.0459 0.8312 0.0037 
0.0734 0.2881 0.0440 0.5945 
0.2128 0.1321 0.5725 0.0826 
0.2422 0.2771 0.4220 0.0587 
0.2404 0.3376 0.2459 0.1761 

MOTIF filter10 
letter-probability matrix: alength= 4 w= 14 nsites= 14 
0.2298 0.2424 0.2848 0.2430 
0.2322 0.2218 0.3002 0.2458 
0.2756 0.1153 0.5026 0.1064 
0.2285 0.0114 0.6170 0.1430 
0.2627 0.0418 0.6792 0.0163 
0.0268 0.0283 0.8883 0.0566 
0.0794 0.0972 0.7939 0.0295 
0.2873 0.3544 0.1969 0.1615 
0.0588 0.0627 0.8284 0.0501 
0.0308 0.0397 0.8899 0.0397 
0.2532 0.0221 0.6906 0.0341 
0.2556 0.1424 0.5875 0.0145 
0.2461 0.3593 0.2796 0.1150 
0.2341 0.2645 0.2821 0.2193 

MOTIF filter11 
letter-probability matrix: alength= 4 w= 12 nsites= 12 
0.3213 0.2346 0.1913 0.2527 
0.2034 0.1525 0.3219 0.3222 
0.0678 0.1353 0.3141 0.4829 
0.2561 0.0338 0.6633 0.0468 
0.4209 0.0000 0.2988 0.2803 
0.0026 0.2499 0.4512 0.2962 
0.3847 0.0000 0.0100 0.6053 
0.2426 0.6327 0.0530 0.0717 
0.5567 0.1365 0.0000 0.3068 
0.1910 0.4654 0.1182 0.2255 
0.4426 0.2205 0.0963 0.2406 
0.1397 0.2737 0.2561 0.3304 

MOTIF filter12 
letter-probability matrix: alength= 4 w= 13 nsites= 13 
0.3400 0.1153 0.2631 0.2816 
0.1167 0.1256 0.3499 0.4078 
0.3459 0.0709 0.1631 0.4201 
0.0129 0.5581 0.4281 0.0009 
0.0819 0.5406 0.2535 0.1241 
0.1972 0.0006 0.2407 0.5616 
0.0353 0.7756 0.0274 0.1618 
0.3687 0.3284 0.0003 0.3026 
0.1057 0.3105 0.5837 0.0001 
0.0000 0.4812 0.4123 0.1065 
0.3845 0.2546 0.1836 0.1773 
0.3393 0.2490 0.1875 0.2242 
0.3238 0.2254 0.1795 0.2713 

MOTIF filter13 
letter-probability matrix: alength= 4 w= 12 nsites= 12 
0.0651 0.2731 0.1682 0.4935 
0.0004 0.4793 0.2737 0.2467 
0.0158 0.1734 0.4301 0.3806 
0.0728 0.5277 0.3835 0.0160 
0.2476 0.0000 0.7327 0.0197 
0.2014 0.4392 0.3594 0.0000 
0.5496 0.3024 0.0534 0.0946 
0.6988 0.0039 0.2918 0.0056 
0.0393 0.5596 0.0000 0.4010 
0.1546 0.3532 0.2638 0.2284 
0.1835 0.4311 0.0000 0.3854 
0.2158 0.1769 0.3253 0.2819 

MOTIF filter14 
letter-probability matrix: alength= 4 w= 15 nsites= 15 
0.1746 0.0998 0.1474 0.5781 
0.1011 0.0777 0.5521 0.2691 
0.2932 0.4013 0.1990 0.1065 
0.0748 0.5084 0.0269 0.3899 
0.0777 0.4143 0.4935 0.0146 
0.5537 0.3217 0.0190 0.1055 
0.3464 0.0273 0.0371 0.5892 
0.5344 0.1794 0.2260 0.0602 
0.0482 0.0073 0.0155 0.9290 
0.4415 0.2780 0.0726 0.2079 
0.5429 0.0019 0.0260 0.4292 
0.0735 0.0187 0.8929 0.0149 
0.1109 0.3201 0.5147 0.0542 
0.3217 0.1309 0.2130 0.3344 
0.2491 0.4326 0.1743 0.1439 

MOTIF filter15 
letter-probability matrix: alength= 4 w= 16 nsites= 16 
0.2424 0.2557 0.2590 0.2429 
0.2420 0.2703 0.2495 0.2382 
0.1654 0.1087 0.3138 0.4121 
0.1167 0.6626 0.0147 0.2060 
0.0213 0.0473 0.0302 0.9012 
0.9230 0.0302 0.0156 0.0312 
0.2958 0.0147 0.0269 0.6626 
0.4291 0.0217 0.0151 0.5340 
0.4830 0.0118 0.0255 0.4797 
0.6285 0.0109 0.0128 0.3478 
0.0336 0.0236 0.0359 0.9069 
0.8993 0.0180 0.0534 0.0293 
0.1848 0.0222 0.6961 0.0969 
0.3852 0.3403 0.1030 0.1716 
0.2429 0.2509 0.2713 0.2349 
0.2618 0.2675 0.2429 0.2278 

MOTIF filter16 
letter-probability matrix: alength= 4 w= 17 nsites= 17 
0.3357 0.3905 0.1700 0.1037 
0.3069 0.3444 0.1988 0.1499 
0.3646 0.0980 0.1657 0.3718 
0.0778 0.0461 0.1037 0.7723 
0.1671 0.0951 0.5461 0.1916 
0.1513 0.2911 0.1037 0.4539 
0.2305 0.4986 0.1787 0.0922 
0.1527 0.6686 0.1225 0.0562 
0.1037 0.0058 0.8631 0.0274 
0.0058 0.5735 0.2939 0.1268 
0.2032 0.7334 0.0187 0.0447 
0.0259 0.6988 0.0014 0.2738 
0.7493 0.0432 0.0086 0.1988 
0.0965 0.2032 0.0058 0.6945 
0.1124 0.3228 0.4553 0.1095 
0.1167 0.0648 0.6052 0.2133 
0.1009 0.1196 0.3775 0.4020 

MOTIF filter17 
letter-probability matrix: alength= 4 w= 13 nsites= 13 
0.2550 0.2596 0.2550 0.2304 
0.5108 0.1160 0.3487 0.0246 
0.0023 0.0000 0.0000 0.9977 
0.0000 0.0000 0.0929 0.9071 
0.3065 0.0000 0.5899 0.1037 
0.0261 0.8103 0.0154 0.1482 
0.1444 0.0223 0.8134 0.0200 
0.1144 0.6214 0.0000 0.2642 
0.9217 0.0783 0.0000 0.0000 
1.0000 0.0000 0.0000 0.0000 
0.0223 0.3479 0.1598 0.4700 
0.2496 0.2558 0.2788 0.2158 
0.2396 0.2220 0.2680 0.2704 

MOTIF filter18 
letter-probability matrix: alength= 4 w= 13 nsites= 13 
0.2471 0.1125 0.3355 0.3049 
0.2470 0.1151 0.4799 0.1580 
0.0619 0.3044 0.4421 0.1916 
0.1586 0.0000 0.5958 0.2456 
0.2671 0.3257 0.2766 0.1306 
0.9986 0.0000 0.0000 0.0014 
0.0322 0.1392 0.1199 0.7088 
0.0301 0.4101 0.1691 0.3907 
0.1339 0.7245 0.0006 0.1409 
0.5948 0.2125 0.0143 0.1784 
0.2756 0.2723 0.1971 0.2550 
0.3080 0.2916 0.1802 0.2202 
0.2046 0.1171 0.3576 0.3207 

MOTIF filter19 
letter-probability matrix: alength= 4 w= 12 nsites= 12 
0.2339 0.2201 0.2425 0.3036 
0.2532 0.2263 0.2621 0.2583 
0.0976 0.0314 0.5018 0.3692 
0.4034 0.5340 0.0626 0.0000 
0.0208 0.3391 0.2031 0.4371 
0.3732 0.2326 0.3834 0.0108 
0.0000 0.0440 0.4424 0.5137 
0.1292 0.5893 0.0000 0.2814 
0.0682 0.4101 0.0151 0.5065 
0.3590 0.2331 0.1673 0.2407 
0.2486 0.2236 0.2217 0.3061 
0.3102 0.2638 0.1745 0.2515 

MOTIF filter20 
letter-probability matrix: alength= 4 w= 14 nsites= 14 
0.1443 0.4749 0.1048 0.2760 
0.1738 0.0896 0.1720 0.5645 
0.5242 0.2527 0.1470 0.0762 
0.6416 0.0000 0.2115 0.1470 
0.8190 0.0403 0.1362 0.0045 
0.8217 0.0125 0.1649 0.0009 
0.9462 0.0538 0.0000 0.0000 
0.0358 0.0636 0.0269 0.8737 
0.3629 0.0421 0.5941 0.0009 
0.0412 0.0341 0.9247 0.0000 
0.3163 0.6398 0.0108 0.0332 
0.1685 0.1953 0.3656 0.2706 
0.1676 0.1765 0.5179 0.1380 
0.1953 0.5466 0.0950 0.1631 

MOTIF filter21 
letter-probability matrix: alength= 4 w= 13 nsites= 13 
0.1981 0.2613 0.3171 0.2235 
0.2456 0.2623 0.1948 0.2973 
0.2298 0.3904 0.1950 0.1848 
0.0003 0.5029 0.1832 0.3135 
0.2638 0.0000 0.1928 0.5434 
0.2486 0.0000 0.0147 0.7367 
0.9185 0.0815 0.0000 0.0000 
0.0442 0.0519 0.0786 0.8253 
0.8005 0.1115 0.0879 0.0000 
0.0000 0.3929 0.1247 0.4824 
0.3267 0.2258 0.3267 0.1209 
0.2462 0.1948 0.4771 0.0818 
0.2951 0.1680 0.3074 0.2295 

MOTIF filter22 
letter-probability matrix: alength= 4 w= 14 nsites= 14 
0.2653 0.2766 0.2592 0.1990 
0.2775 0.2072 0.3064 0.2089 
0.3306 0.1212 0.3057 0.2425 
0.0000 0.7331 0.1776 0.0893 
0.0117 0.4133 0.1182 0.4568 
0.3790 0.0416 0.5359 0.0435 
0.8680 0.0181 0.1140 0.0000 
0.0000 0.3118 0.0181 0.6701 
0.0117 0.6445 0.1022 0.2415 
0.4375 0.0303 0.4892 0.0430 
0.1102 0.2441 0.6450 0.0007 
0.1856 0.3374 0.0301 0.4469 
0.1231 0.4229 0.2094 0.2446 
0.3012 0.3353 0.1513 0.2122 

MOTIF filter23 
letter-probability matrix: alength= 4 w= 11 nsites= 11 
0.2212 0.2779 0.2556 0.2454 
0.2237 0.2568 0.2610 0.2585 
0.2335 0.2416 0.2942 0.2308 
0.0000 0.5123 0.4856 0.0020 
0.4244 0.2511 0.0118 0.3126 
0.2358 0.3422 0.0008 0.4213 
0.0000 0.4979 0.5008 0.0013 
0.0000 0.2067 0.0009 0.7924 
0.1706 0.3062 0.3399 0.1833 
0.3001 0.2685 0.1966 0.2347 
0.3175 0.2295 0.2564 0.1966 

MOTIF filter24 
letter-probability matrix: alength= 4 w= 15 nsites= 15 
0.2625 0.2806 0.2377 0.2192 
0.2119 0.2814 0.2719 0.2348 
0.1170 0.2817 0.3621 0.2392 
0.0145 0.6081 0.1265 0.2508 
0.0258 0.6656 0.0265 0.2821 
0.0560 0.9113 0.0113 0.0214 
0.0087 0.8521 0.0774 0.0618 
0.1705 0.2032 0.3566 0.2697 
0.0345 0.8379 0.0338 0.0938 
0.0011 0.8964 0.0832 0.0193 
0.0073 0.6903 0.0342 0.2683 
0.1694 0.6143 0.0276 0.1887 
0.1130 0.4831 0.1483 0.2555 
0.2334 0.2973 0.2366 0.2326 
0.2475 0.2897 0.2286 0.2341 

MOTIF filter25 
letter-probability matrix: alength= 4 w= 12 nsites= 12 
0.1851 0.3992 0.2404 0.1753 
0.4196 0.0365 0.4083 0.1356 
0.3368 0.1830 0.3166 0.1635 
0.0996 0.6319 0.2436 0.0249 
0.9989 0.0000 0.0000 0.0011 
0.0776 0.0433 0.0134 0.8657 
0.0254 0.5158 0.3572 0.1016 
0.3833 0.1762 0.2286 0.2118 
0.0020 0.2298 0.0007 0.7675 
0.1873 0.1438 0.5176 0.1513 
0.1340 0.1982 0.3563 0.3114 
0.2470 0.4221 0.0714 0.2595 

MOTIF filter26 
letter-probability matrix: alength= 4 w= 12 nsites= 12 
0.2396 0.2788 0.2471 0.2346 
0.3310 0.1703 0.3687 0.1301 
0.2009 0.4073 0.2597 0.1321 
0.0889 0.9111 0.0000 0.0000 
1.0000 0.0000 0.0000 0.0000 
0.0276 0.7755 0.0527 0.1441 
0.2562 0.0321 0.6801 0.0316 
0.0000 0.0015 0.0000 0.9985 
0.0000 0.0015 0.9201 0.0784 
0.1251 0.2496 0.4114 0.2140 
0.1783 0.3471 0.1100 0.3646 
0.2195 0.2341 0.2803 0.2662 

MOTIF filter27 
letter-probability matrix: alength= 4 w= 14 nsites= 14 
0.2876 0.2346 0.2340 0.2438 
0.1737 0.2352 0.1548 0.4363 
0.0073 0.0293 0.0055 0.9580 
0.0104 0.0140 0.0451 0.9305 
0.1310 0.8282 0.0122 0.0286 
0.0366 0.7020 0.0085 0.2529 
0.2620 0.2352 0.2547 0.2480 
0.2498 0.0012 0.7112 0.0378 
0.0268 0.0085 0.8367 0.1280 
0.9488 0.0341 0.0067 0.0104 
0.9768 0.0018 0.0152 0.0061 
0.4412 0.1395 0.2431 0.1761 
0.2346 0.2596 0.2474 0.2584 
0.2608 0.2328 0.2657 0.2407 

MOTIF filter28 
letter-probability matrix: alength= 4 w= 12 nsites= 12 
0.3160 0.2381 0.1948 0.2511 
0.4286 0.1039 0.1905 0.2771 
0.2208 0.2835 0.4177 0.0779 
0.0000 0.0173 0.0000 0.9827 
0.0736 0.9264 0.0000 0.0000 
0.9892 0.0000 0.0108 0.0000 
0.0000 0.0000 0.9502 0.0498 
0.0000 1.0000 0.0000 0.0000 
0.9957 0.0000 0.0000 0.0043 
0.4221 0.1623 0.1385 0.2771 
0.4199 0.0498 0.0022 0.5281 
0.3788 0.0693 0.0130 0.5390 

MOTIF filter29 
letter-probability matrix: alength= 4 w= 20 nsites= 20 
0.2686 0.2304 0.2593 0.2417 
0.1002 0.1353 0.0610 0.7035 
0.0537 0.0671 0.6663 0.2128 
0.4256 0.3585 0.1302 0.0857 
0.0083 0.9008 0.0517 0.0393 
0.0010 0.9783 0.0041 0.0165 
0.7066 0.0114 0.1426 0.1395 
0.0248 0.0196 0.1932 0.7624 
0.7076 0.1302 0.1622 0.0000 
0.0021 0.0568 0.0857 0.8554 
0.9814 0.0010 0.0000 0.0176 
0.1818 0.0258 0.0000 0.7924 
0.0589 0.1064 0.8295 0.0052 
0.0021 0.0806 0.7345 0.1829 
0.2273 0.1116 0.2314 0.4298 
0.1798 0.6302 0.0599 0.1302 
0.6674 0.0320 0.1705 0.1302 
0.1653 0.2076 0.3812 0.2459 
0.2262 0.2211 0.3337 0.2190 
0.2335 0.3006 0.2035 0.2624 

MOTIF filter30 
letter-probability matrix: alength= 4 w= 15 nsites= 15 
0.5073 0.1511 0.2639 0.0777 
0.3412 0.1105 0.2485 0.2998 
0.0958 0.4969 0.1785 0.2287 
0.0131 0.9401 0.0336 0.0131 
0.3702 0.0077 0.1426 0.4795 
0.0591 0.0282 0.8056 0.1070 
0.6507 0.1944 0.0726 0.0823 
0.2183 0.3281 0.1233 0.3304 
0.2628 0.0015 0.0611 0.6747 
0.0367 0.2318 0.7125 0.0189 
0.2755 0.1236 0.4749 0.1260 
0.1113 0.6488 0.0008 0.2392 
0.1248 0.2651 0.1978 0.4123 
0.1252 0.2674 0.4169 0.1905 
0.3481 0.3111 0.2624 0.0784 

MOTIF filter31 
letter-probability matrix: alength= 4 w= 11 nsites= 11 
0.3074 0.2111 0.2760 0.2055 
0.0457 0.7279 0.0775 0.1489 
0.0257 0.0305 0.0344 0.9094 
0.0283 0.0366 0.0305 0.9047 
0.0235 0.9190 0.0357 0.0218 
0.0340 0.9295 0.0061 0.0305 
0.0409 0.0178 0.8363 0.1049 
0.0244 0.1846 0.7379 0.0531 
0.2891 0.2116 0.2643 0.2351 
0.3439 0.2216 0.2094 0.2251 
0.3095 0.2107 0.2560 0.2238 

