MEME version 4

ALPHABET= ACGT

Background letter frequencies:
A 0.2500 C 0.2500 G 0.2500 T 0.2500 

MOTIF filter0 
letter-probability matrix: alength= 4 w= 16 nsites= 16 
0.3884 0.2204 0.1763 0.2149 
0.0661 0.3526 0.1185 0.4628 
0.0661 0.3223 0.3774 0.2342 
0.4380 0.1157 0.4463 0.0000 
0.5840 0.0000 0.3774 0.0386 
0.0000 1.0000 0.0000 0.0000 
0.0000 1.0000 0.0000 0.0000 
1.0000 0.0000 0.0000 0.0000 
1.0000 0.0000 0.0000 0.0000 
0.0000 0.0000 0.0000 1.0000 
0.0165 0.7658 0.2176 0.0000 
0.8981 0.0000 0.1019 0.0000 
0.0854 0.0992 0.8017 0.0138 
0.2259 0.2452 0.2534 0.2755 
0.2782 0.2039 0.2617 0.2562 
0.2397 0.2727 0.2176 0.2700 

MOTIF filter1 
letter-probability matrix: alength= 4 w= 11 nsites= 11 
0.2494 0.2617 0.2617 0.2272 
0.2580 0.2593 0.2383 0.2444 
0.0025 0.0000 0.0000 0.9975 
0.0000 0.0000 0.0000 1.0000 
0.0000 0.0000 0.0000 1.0000 
0.5531 0.0000 0.4469 0.0000 
1.0000 0.0000 0.0000 0.0000 
0.0000 0.0000 0.0000 1.0000 
0.2272 0.2630 0.2543 0.2556 
0.2580 0.2444 0.2543 0.2432 
0.2383 0.2407 0.2704 0.2506 

MOTIF filter2 
letter-probability matrix: alength= 4 w= 18 nsites= 18 
0.2429 0.2500 0.2393 0.2679 
0.1964 0.3143 0.3071 0.1821 
0.2393 0.2857 0.2071 0.2679 
0.1750 0.6964 0.0714 0.0571 
0.9929 0.0000 0.0071 0.0000 
0.9893 0.0000 0.0107 0.0000 
0.4250 0.0964 0.4786 0.0000 
1.0000 0.0000 0.0000 0.0000 
0.0000 0.0000 0.0000 1.0000 
0.0000 0.0000 1.0000 0.0000 
0.0000 0.0000 1.0000 0.0000 
0.0607 0.9036 0.0000 0.0357 
0.0929 0.2036 0.4429 0.2607 
0.0643 0.0464 0.8214 0.0679 
0.1071 0.8179 0.0143 0.0607 
0.2786 0.2071 0.2321 0.2821 
0.1964 0.2679 0.3286 0.2071 
0.2607 0.2357 0.3036 0.2000 

MOTIF filter3 
letter-probability matrix: alength= 4 w= 16 nsites= 16 
0.2256 0.2475 0.2565 0.2704 
0.2207 0.2734 0.2714 0.2346 
0.2843 0.2416 0.2396 0.2346 
0.1740 0.0805 0.0537 0.6918 
0.0487 0.1024 0.6282 0.2207 
0.3986 0.3738 0.1004 0.1272 
0.0070 0.9652 0.0169 0.0109 
0.0010 0.9791 0.0109 0.0089 
0.7922 0.0040 0.0119 0.1918 
0.0447 0.0020 0.0030 0.9503 
0.9871 0.0060 0.0070 0.0000 
0.0000 0.0040 0.0010 0.9950 
0.9612 0.0040 0.0010 0.0338 
0.1849 0.0060 0.0070 0.8022 
0.0109 0.0159 0.9612 0.0119 
0.0050 0.0119 0.9732 0.0099 

MOTIF filter4 
letter-probability matrix: alength= 4 w= 14 nsites= 14 
0.2012 0.2500 0.2652 0.2835 
0.1402 0.1982 0.3720 0.2896 
0.0183 0.4848 0.2256 0.2713 
0.0518 0.6585 0.1494 0.1402 
0.7165 0.0152 0.2530 0.0152 
0.0000 0.9665 0.0000 0.0335 
0.0000 0.0000 0.0000 1.0000 
0.0000 0.0000 0.0000 1.0000 
0.0000 1.0000 0.0000 0.0000 
0.0000 1.0000 0.0000 0.0000 
0.0000 0.0000 0.9878 0.0122 
0.0000 0.1707 0.8140 0.0152 
0.2256 0.2226 0.2470 0.3049 
0.1890 0.2622 0.2652 0.2835 

MOTIF filter5 
letter-probability matrix: alength= 4 w= 16 nsites= 16 
0.2660 0.2401 0.2204 0.2734 
0.2746 0.2599 0.2229 0.2426 
0.2365 0.4360 0.1379 0.1897 
0.4286 0.0345 0.0591 0.4778 
0.4618 0.0751 0.1478 0.3153 
0.5924 0.0049 0.0209 0.3818 
0.2488 0.1786 0.3436 0.2291 
0.0000 0.0000 0.0000 1.0000 
0.0000 0.4187 0.5813 0.0000 
0.5468 0.4532 0.0000 0.0000 
0.0000 0.0000 0.4039 0.5961 
0.0000 0.4791 0.5209 0.0000 
1.0000 0.0000 0.0000 0.0000 
0.2426 0.3288 0.2131 0.2155 
0.2993 0.0382 0.0074 0.6552 
0.2697 0.2451 0.0382 0.4470 

MOTIF filter6 
letter-probability matrix: alength= 4 w= 13 nsites= 13 
0.2486 0.2480 0.2445 0.2590 
0.2701 0.2363 0.2413 0.2523 
0.2087 0.2487 0.1883 0.3543 
0.0436 0.0647 0.0384 0.8533 
0.0321 0.0365 0.1137 0.8177 
0.2222 0.6778 0.0441 0.0558 
0.0861 0.5763 0.0169 0.3207 
0.2424 0.2322 0.2614 0.2640 
0.3155 0.0160 0.5839 0.0846 
0.0410 0.0404 0.7032 0.2154 
0.8089 0.1198 0.0313 0.0399 
0.8588 0.0497 0.0633 0.0282 
0.3758 0.1855 0.2291 0.2096 

MOTIF filter7 
letter-probability matrix: alength= 4 w= 10 nsites= 10 
0.2336 0.2361 0.2495 0.2808 
0.2183 0.1729 0.4027 0.2061 
0.4033 0.2278 0.3357 0.0332 
0.0006 0.0000 0.0262 0.9732 
0.0000 0.0000 0.9234 0.0766 
0.9840 0.0006 0.0051 0.0102 
0.0402 0.4518 0.4646 0.0434 
0.0147 0.0013 0.0038 0.9802 
0.0791 0.9043 0.0096 0.0070 
0.9866 0.0000 0.0026 0.0108 

MOTIF filter8 
letter-probability matrix: alength= 4 w= 16 nsites= 16 
0.3077 0.2222 0.2963 0.1738 
0.2678 0.3191 0.2080 0.2051 
0.0598 0.2023 0.4900 0.2479 
0.0000 0.8177 0.0313 0.1510 
0.0057 0.8262 0.0000 0.1681 
0.0000 1.0000 0.0000 0.0000 
0.0000 1.0000 0.0000 0.0000 
0.0798 0.0000 0.6211 0.2991 
0.0000 1.0000 0.0000 0.0000 
0.0000 1.0000 0.0000 0.0000 
0.0000 0.8547 0.0000 0.1453 
0.0427 0.8889 0.0000 0.0684 
0.0570 0.6125 0.0598 0.2707 
0.2536 0.2393 0.2707 0.2365 
0.2621 0.2479 0.2137 0.2764 
0.2080 0.3048 0.2564 0.2308 

MOTIF filter9 
letter-probability matrix: alength= 4 w= 16 nsites= 16 
0.2779 0.3123 0.1920 0.2178 
0.2751 0.2808 0.2006 0.2436 
0.2464 0.2321 0.2464 0.2751 
0.0143 0.7908 0.0860 0.1089 
0.0000 0.1404 0.0000 0.8596 
0.0000 0.2407 0.7364 0.0229 
1.0000 0.0000 0.0000 0.0000 
0.0000 0.0000 0.0000 1.0000 
0.0000 0.0000 0.0000 1.0000 
0.0000 0.0000 1.0000 0.0000 
0.0000 0.0000 1.0000 0.0000 
0.0401 0.3868 0.0029 0.5702 
0.0000 0.4413 0.1347 0.4241 
0.1805 0.4241 0.3209 0.0745 
0.4842 0.1375 0.3152 0.0630 
0.1404 0.1519 0.2550 0.4527 

MOTIF filter10 
letter-probability matrix: alength= 4 w= 14 nsites= 14 
0.1146 0.5989 0.1662 0.1203 
0.2837 0.3553 0.2378 0.1232 
0.0344 0.0000 0.8711 0.0946 
0.0000 1.0000 0.0000 0.0000 
0.0000 1.0000 0.0000 0.0000 
1.0000 0.0000 0.0000 0.0000 
0.0000 0.0000 0.0000 1.0000 
0.0172 0.4756 0.1519 0.3553 
0.0000 0.0000 0.0000 1.0000 
0.0000 0.0000 0.0000 1.0000 
0.0659 0.0688 0.7163 0.1490 
0.3009 0.2350 0.2321 0.2321 
0.2063 0.3066 0.2607 0.2264 
0.2321 0.2865 0.2350 0.2464 

MOTIF filter11 
letter-probability matrix: alength= 4 w= 11 nsites= 11 
0.2347 0.2602 0.2622 0.2429 
0.3959 0.2143 0.2612 0.1286 
0.2296 0.3133 0.3163 0.1408 
0.0000 1.0000 0.0000 0.0000 
1.0000 0.0000 0.0000 0.0000 
0.0000 1.0000 0.0000 0.0000 
0.0031 0.0000 0.9969 0.0000 
0.0000 0.0000 0.0000 1.0000 
0.0000 0.0000 1.0000 0.0000 
0.1571 0.2939 0.3204 0.2286 
0.1653 0.2398 0.1745 0.4204 

MOTIF filter12 
letter-probability matrix: alength= 4 w= 17 nsites= 17 
0.2526 0.2526 0.2632 0.2316 
0.2561 0.2754 0.2649 0.2035 
0.2526 0.2912 0.2158 0.2404 
0.0614 0.0263 0.3789 0.5333 
0.0035 0.9368 0.0000 0.0596 
0.0000 0.0000 0.0000 1.0000 
1.0000 0.0000 0.0000 0.0000 
0.1386 0.0000 0.0000 0.8614 
0.3491 0.0000 0.0000 0.6509 
0.4789 0.0000 0.0000 0.5211 
0.6439 0.0000 0.0000 0.3561 
0.0000 0.0000 0.0000 1.0000 
1.0000 0.0000 0.0000 0.0000 
0.0193 0.0000 0.9632 0.0175 
0.4807 0.4053 0.0404 0.0737 
0.2754 0.2351 0.2807 0.2088 
0.2649 0.2509 0.2211 0.2632 

MOTIF filter13 
letter-probability matrix: alength= 4 w= 20 nsites= 20 
0.2458 0.2793 0.2561 0.2188 
0.2227 0.1815 0.0000 0.5959 
0.2484 0.4582 0.2497 0.0438 
0.0283 0.5354 0.0759 0.3604 
0.1725 0.4286 0.3514 0.0476 
0.4054 0.5457 0.0219 0.0270 
0.0154 0.8353 0.1313 0.0180 
0.1995 0.1416 0.4659 0.1931 
0.1055 0.8481 0.0373 0.0090 
0.2716 0.3192 0.3629 0.0463 
0.0090 0.1995 0.2600 0.5315 
0.2072 0.3604 0.2471 0.1853 
0.1544 0.3024 0.2008 0.3423 
0.3037 0.4376 0.1892 0.0695 
0.2059 0.0154 0.7580 0.0206 
0.2999 0.2227 0.3140 0.1634 
0.3642 0.0631 0.5225 0.0502 
0.0386 0.0772 0.6371 0.2471 
0.1403 0.4389 0.2625 0.1583 
0.0579 0.2896 0.6088 0.0438 

MOTIF filter14 
letter-probability matrix: alength= 4 w= 19 nsites= 19 
0.1593 0.0797 0.0484 0.7127 
0.0199 0.0868 0.6913 0.2020 
0.4125 0.4068 0.0569 0.1238 
0.0000 1.0000 0.0000 0.0000 
0.0000 0.9929 0.0014 0.0057 
0.8549 0.0000 0.0028 0.1422 
0.0142 0.0000 0.0000 0.9858 
1.0000 0.0000 0.0000 0.0000 
0.0000 0.0000 0.0014 0.9986 
0.9900 0.0000 0.0000 0.0100 
0.1380 0.0014 0.0000 0.8606 
0.0000 0.0028 0.9972 0.0000 
0.0000 0.0000 1.0000 0.0000 
0.0910 0.0555 0.4211 0.4324 
0.2119 0.7155 0.0640 0.0085 
0.7952 0.0071 0.0370 0.1607 
0.2376 0.2845 0.2276 0.2504 
0.2119 0.2646 0.2603 0.2632 
0.2575 0.2304 0.2817 0.2304 

MOTIF filter15 
letter-probability matrix: alength= 4 w= 18 nsites= 18 
0.2669 0.2415 0.2246 0.2669 
0.2500 0.2881 0.2585 0.2034 
0.2034 0.2712 0.2669 0.2585 
0.0890 0.0000 0.7542 0.1568 
0.0636 0.8475 0.0593 0.0297 
0.3008 0.3390 0.2627 0.0975 
0.0297 0.0000 0.8856 0.0847 
0.0000 1.0000 0.0000 0.0000 
0.0000 1.0000 0.0000 0.0000 
1.0000 0.0000 0.0000 0.0000 
0.0000 0.0000 0.0000 1.0000 
0.0042 0.4915 0.1144 0.3898 
0.0000 0.0254 0.0000 0.9746 
0.0000 0.0127 0.0000 0.9873 
0.0636 0.0805 0.7839 0.0720 
0.2585 0.2246 0.2712 0.2458 
0.2034 0.2627 0.2415 0.2924 
0.2415 0.3051 0.2246 0.2288 

MOTIF filter16 
letter-probability matrix: alength= 4 w= 13 nsites= 13 
0.2505 0.2679 0.2382 0.2434 
0.2423 0.2689 0.2536 0.2352 
0.1176 0.0767 0.3436 0.4622 
0.0521 0.8333 0.0000 0.1145 
0.0000 0.0082 0.0000 0.9918 
0.9990 0.0000 0.0000 0.0010 
0.2955 0.0010 0.0020 0.7014 
0.4734 0.0041 0.0000 0.5225 
0.5644 0.0010 0.0010 0.4335 
0.6973 0.0051 0.0000 0.2975 
0.0010 0.0010 0.0000 0.9980 
0.9857 0.0010 0.0112 0.0020 
0.1237 0.0000 0.8466 0.0297 

MOTIF filter17 
letter-probability matrix: alength= 4 w= 18 nsites= 18 
0.2378 0.2736 0.2345 0.2541 
0.2704 0.2248 0.2606 0.2443 
0.2378 0.2704 0.2410 0.2508 
0.5244 0.0098 0.1336 0.3322 
0.6743 0.0098 0.0293 0.2866 
0.4300 0.0000 0.0261 0.5440 
0.2899 0.1531 0.1531 0.4039 
0.0098 0.0000 0.0000 0.9902 
0.0000 0.0000 1.0000 0.0000 
0.0033 0.9967 0.0000 0.0000 
0.0000 0.0000 0.0000 1.0000 
0.0000 0.0000 0.9935 0.0065 
1.0000 0.0000 0.0000 0.0000 
0.0195 0.5342 0.3029 0.1433 
0.1922 0.1336 0.0521 0.6221 
0.1792 0.3876 0.1205 0.3127 
0.5114 0.0489 0.1954 0.2443 
0.1433 0.0423 0.5668 0.2476 

MOTIF filter18 
letter-probability matrix: alength= 4 w= 14 nsites= 14 
0.2582 0.2514 0.2432 0.2473 
0.2337 0.2595 0.2663 0.2405 
0.1318 0.0340 0.3302 0.5041 
0.0054 0.9076 0.0054 0.0815 
0.0000 0.0041 0.0000 0.9959 
1.0000 0.0000 0.0000 0.0000 
0.2582 0.0000 0.0014 0.7405 
0.4511 0.0000 0.0000 0.5489 
0.5503 0.0000 0.0000 0.4497 
0.7160 0.0000 0.0000 0.2840 
0.0000 0.0000 0.0000 1.0000 
0.9959 0.0000 0.0041 0.0000 
0.0679 0.0000 0.9185 0.0136 
0.5136 0.3668 0.0136 0.1060 

MOTIF filter19 
letter-probability matrix: alength= 4 w= 15 nsites= 15 
0.2366 0.2294 0.2652 0.2688 
0.2222 0.2151 0.2688 0.2939 
0.2007 0.2581 0.3011 0.2401 
0.2294 0.0251 0.6953 0.0502 
0.1219 0.0000 0.8244 0.0538 
0.1326 0.0000 0.8674 0.0000 
0.0000 0.0000 1.0000 0.0000 
0.0000 0.0000 1.0000 0.0000 
0.2975 0.5950 0.0000 0.1075 
0.0000 0.0000 1.0000 0.0000 
0.0000 0.0000 1.0000 0.0000 
0.1111 0.0000 0.8853 0.0036 
0.1685 0.0143 0.8172 0.0000 
0.1434 0.5986 0.1864 0.0717 
0.2760 0.2007 0.3082 0.2151 

MOTIF filter20 
letter-probability matrix: alength= 4 w= 15 nsites= 15 
0.2351 0.2320 0.2759 0.2571 
0.2476 0.2853 0.2633 0.2038 
0.3103 0.2100 0.2226 0.2571 
0.1223 0.7367 0.1034 0.0376 
1.0000 0.0000 0.0000 0.0000 
0.9843 0.0000 0.0157 0.0000 
0.4295 0.0408 0.5110 0.0188 
1.0000 0.0000 0.0000 0.0000 
0.0000 0.0000 0.0000 1.0000 
0.0000 0.0000 1.0000 0.0000 
0.0000 0.0000 1.0000 0.0000 
0.0408 0.8621 0.0000 0.0972 
0.1160 0.1787 0.4357 0.2696 
0.0846 0.1097 0.7367 0.0690 
0.1066 0.7743 0.0219 0.0972 

MOTIF filter21 
letter-probability matrix: alength= 4 w= 15 nsites= 15 
0.2629 0.2286 0.2257 0.2829 
0.2714 0.2229 0.3029 0.2029 
0.2200 0.2714 0.2686 0.2400 
0.0086 0.8343 0.1571 0.0000 
0.0343 0.9657 0.0000 0.0000 
0.0000 0.0000 1.0000 0.0000 
0.0000 0.0000 1.0000 0.0000 
1.0000 0.0000 0.0000 0.0000 
1.0000 0.0000 0.0000 0.0000 
0.0286 0.0114 0.9600 0.0000 
0.0257 0.2971 0.0057 0.6714 
0.1800 0.1000 0.6714 0.0486 
0.2571 0.2657 0.4514 0.0257 
0.2143 0.3743 0.2457 0.1657 
0.2200 0.2914 0.2571 0.2314 

MOTIF filter22 
letter-probability matrix: alength= 4 w= 16 nsites= 16 
0.2521 0.2593 0.2249 0.2636 
0.0688 0.3467 0.3095 0.2751 
0.5501 0.1934 0.0172 0.2393 
0.8338 0.0315 0.0287 0.1060 
0.7178 0.0645 0.1519 0.0659 
0.3052 0.4011 0.0201 0.2736 
0.6017 0.1791 0.1734 0.0458 
0.5774 0.1332 0.0989 0.1905 
0.0716 0.4685 0.4570 0.0029 
0.0057 0.2249 0.7693 0.0000 
0.0888 0.5344 0.2421 0.1347 
0.3983 0.0630 0.1189 0.4198 
0.0014 0.5831 0.0029 0.4126 
0.3152 0.2034 0.3195 0.1619 
0.3295 0.1218 0.4943 0.0544 
0.2235 0.5559 0.1991 0.0215 

MOTIF filter23 
letter-probability matrix: alength= 4 w= 12 nsites= 12 
0.2293 0.2638 0.2618 0.2451 
0.3868 0.2057 0.2559 0.1516 
0.2254 0.3012 0.3120 0.1614 
0.0000 1.0000 0.0000 0.0000 
0.9990 0.0000 0.0010 0.0000 
0.0000 0.9970 0.0000 0.0030 
0.0000 0.0000 1.0000 0.0000 
0.0000 0.0000 0.0000 1.0000 
0.0000 0.0000 1.0000 0.0000 
0.1663 0.2874 0.3130 0.2333 
0.1722 0.2402 0.1722 0.4154 
0.2323 0.2608 0.2480 0.2589 

MOTIF filter24 
letter-probability matrix: alength= 4 w= 16 nsites= 16 
0.2541 0.2378 0.2508 0.2573 
0.2606 0.2476 0.2378 0.2541 
0.2541 0.2182 0.2769 0.2508 
0.2997 0.0489 0.5993 0.0521 
0.1107 0.0000 0.8567 0.0326 
0.1824 0.0000 0.8176 0.0000 
0.0000 0.0000 1.0000 0.0000 
0.0000 0.0000 1.0000 0.0000 
0.2964 0.5700 0.0000 0.1336 
0.0000 0.0000 1.0000 0.0000 
0.0000 0.0000 1.0000 0.0000 
0.1596 0.0000 0.8404 0.0000 
0.1531 0.0130 0.8339 0.0000 
0.2248 0.6026 0.1303 0.0423 
0.2801 0.2117 0.2801 0.2280 
0.2410 0.3029 0.2117 0.2443 

MOTIF filter25 
letter-probability matrix: alength= 4 w= 14 nsites= 14 
0.2478 0.2494 0.2561 0.2467 
0.2692 0.2578 0.2331 0.2400 
0.4217 0.1764 0.3506 0.0514 
0.0156 0.0150 0.0331 0.9364 
0.0214 0.0197 0.1519 0.8069 
0.3175 0.0192 0.5025 0.1608 
0.0764 0.6881 0.0525 0.1831 
0.1931 0.0581 0.6808 0.0681 
0.1633 0.5447 0.0064 0.2856 
0.8122 0.1375 0.0278 0.0225 
0.9317 0.0228 0.0311 0.0144 
0.0611 0.3208 0.1744 0.4436 
0.2486 0.2675 0.2608 0.2231 
0.2450 0.2347 0.2639 0.2564 

MOTIF filter26 
letter-probability matrix: alength= 4 w= 12 nsites= 12 
0.2826 0.1739 0.3179 0.2255 
0.5842 0.0761 0.1277 0.2120 
0.1739 0.3207 0.4701 0.0353 
0.0000 0.0000 0.0000 1.0000 
0.0109 0.9891 0.0000 0.0000 
1.0000 0.0000 0.0000 0.0000 
0.0000 0.0000 1.0000 0.0000 
0.0000 1.0000 0.0000 0.0000 
0.9918 0.0000 0.0000 0.0082 
0.4266 0.1549 0.1440 0.2745 
0.4266 0.0516 0.0000 0.5217 
0.3859 0.0652 0.0082 0.5408 

MOTIF filter27 
letter-probability matrix: alength= 4 w= 14 nsites= 14 
0.1364 0.3182 0.3182 0.2273 
0.3264 0.2252 0.3843 0.0640 
0.3926 0.1343 0.3657 0.1074 
0.0000 0.9917 0.0083 0.0000 
0.0000 0.6054 0.0000 0.3946 
0.4938 0.0826 0.4174 0.0062 
1.0000 0.0000 0.0000 0.0000 
0.0000 0.0000 0.0000 1.0000 
0.0041 0.3864 0.0289 0.5806 
0.3161 0.0000 0.6839 0.0000 
0.0000 0.0021 0.9979 0.0000 
0.0930 0.3471 0.1033 0.4566 
0.0971 0.3595 0.1632 0.3802 
0.2149 0.4153 0.2624 0.1074 

MOTIF filter28 
letter-probability matrix: alength= 4 w= 16 nsites= 16 
0.1250 0.2404 0.3606 0.2740 
0.0721 0.4760 0.2260 0.2260 
0.1346 0.5913 0.1202 0.1538 
0.6346 0.0721 0.2596 0.0337 
0.0337 0.7981 0.0625 0.1058 
0.0337 0.0240 0.0337 0.9087 
0.0144 0.0192 0.0192 0.9471 
0.0000 1.0000 0.0000 0.0000 
0.0000 1.0000 0.0000 0.0000 
0.0000 0.0000 0.9952 0.0048 
0.0000 0.0577 0.9423 0.0000 
0.6346 0.0673 0.1394 0.1587 
0.6683 0.0769 0.1442 0.1106 
0.2067 0.1394 0.4760 0.1779 
0.1827 0.2981 0.1106 0.4087 
0.2837 0.1635 0.4038 0.1490 

MOTIF filter29 
letter-probability matrix: alength= 4 w= 12 nsites= 12 
0.2657 0.2589 0.2258 0.2496 
0.2784 0.2385 0.2207 0.2623 
0.2462 0.2309 0.2199 0.3031 
1.0000 0.0000 0.0000 0.0000 
0.0000 0.0000 0.0000 1.0000 
0.0000 0.2445 0.0000 0.7555 
1.0000 0.0000 0.0000 0.0000 
1.0000 0.0000 0.0000 0.0000 
0.5569 0.0000 0.0000 0.4431 
0.2818 0.2207 0.2504 0.2470 
0.2301 0.2343 0.2818 0.2538 
0.2334 0.2649 0.2292 0.2725 

MOTIF filter30 
letter-probability matrix: alength= 4 w= 18 nsites= 18 
0.2122 0.2507 0.2653 0.2719 
0.1950 0.2878 0.2732 0.2440 
0.2905 0.2533 0.2095 0.2467 
0.1286 0.0690 0.0345 0.7679 
0.0305 0.0690 0.6950 0.2056 
0.4218 0.3939 0.0676 0.1167 
0.0000 0.9987 0.0013 0.0000 
0.0000 0.9934 0.0000 0.0066 
0.8369 0.0000 0.0027 0.1605 
0.0146 0.0000 0.0000 0.9854 
1.0000 0.0000 0.0000 0.0000 
0.0000 0.0000 0.0013 0.9987 
0.9987 0.0000 0.0000 0.0013 
0.1472 0.0027 0.0000 0.8501 
0.0013 0.0027 0.9960 0.0000 
0.0000 0.0013 0.9987 0.0000 
0.0875 0.0597 0.4005 0.4523 
0.2003 0.6857 0.0849 0.0292 

MOTIF filter31 
letter-probability matrix: alength= 4 w= 14 nsites= 14 
0.3062 0.2541 0.2573 0.1824 
0.2476 0.3160 0.2378 0.1987 
0.0879 0.1303 0.5733 0.2085 
0.0000 0.8404 0.0033 0.1564 
0.0000 0.8827 0.0000 0.1173 
0.0000 1.0000 0.0000 0.0000 
0.0000 1.0000 0.0000 0.0000 
0.1336 0.0000 0.5863 0.2801 
0.0000 1.0000 0.0000 0.0000 
0.0000 1.0000 0.0000 0.0000 
0.0000 0.8013 0.0000 0.1987 
0.0814 0.8469 0.0000 0.0717 
0.0195 0.6938 0.0261 0.2606 
0.2410 0.2834 0.2215 0.2541 

