MEME version 4

ALPHABET= ACGT

Background letter frequencies:
A 0.2500 C 0.2500 G 0.2500 T 0.2500 

MOTIF filter0 
letter-probability matrix: alength= 4 w= 13 nsites= 13 
0.2511 0.2388 0.2383 0.2717 
0.2401 0.2251 0.3034 0.2314 
0.3598 0.2307 0.3061 0.1035 
0.0414 0.0596 0.0535 0.8455 
0.0309 0.0350 0.7585 0.1755 
0.8543 0.0452 0.0615 0.0389 
0.1231 0.4041 0.4103 0.0626 
0.0292 0.0551 0.0432 0.8725 
0.1469 0.7857 0.0308 0.0366 
0.8848 0.0413 0.0427 0.0313 
0.0983 0.3094 0.2714 0.3208 
0.2211 0.3153 0.2251 0.2385 
0.2685 0.2209 0.2566 0.2540 

MOTIF filter1 
letter-probability matrix: alength= 4 w= 12 nsites= 12 
0.2529 0.2593 0.2547 0.2332 
0.3341 0.2249 0.2544 0.1865 
0.2378 0.2855 0.2756 0.2011 
0.0475 0.8697 0.0512 0.0316 
0.8531 0.0201 0.0889 0.0379 
0.0472 0.7341 0.0364 0.1822 
0.1543 0.0452 0.7633 0.0372 
0.0508 0.0928 0.0329 0.8236 
0.0311 0.0374 0.8528 0.0787 
0.2029 0.2774 0.2811 0.2385 
0.2058 0.2631 0.2062 0.3249 
0.2364 0.2568 0.2451 0.2617 

MOTIF filter2 
letter-probability matrix: alength= 4 w= 14 nsites= 14 
0.2972 0.2368 0.2645 0.2015 
0.2720 0.3023 0.2191 0.2065 
0.0680 0.1990 0.4962 0.2368 
0.0000 0.8136 0.0151 0.1713 
0.0000 0.8312 0.0000 0.1688 
0.0000 1.0000 0.0000 0.0000 
0.0000 1.0000 0.0000 0.0000 
0.1058 0.0000 0.5995 0.2947 
0.0000 1.0000 0.0000 0.0000 
0.0000 1.0000 0.0000 0.0000 
0.0000 0.8010 0.0000 0.1990 
0.0756 0.8212 0.0000 0.1033 
0.0428 0.6398 0.0529 0.2645 
0.2594 0.2519 0.2418 0.2469 

MOTIF filter3 
letter-probability matrix: alength= 4 w= 17 nsites= 17 
0.3639 0.3391 0.1219 0.1751 
0.0027 0.9872 0.0027 0.0073 
0.0000 0.8698 0.0027 0.1274 
0.8497 0.0009 0.0082 0.1412 
0.0357 0.0000 0.0027 0.9615 
0.9523 0.0009 0.0018 0.0449 
0.0642 0.0000 0.0009 0.9349 
0.9615 0.0027 0.0000 0.0357 
0.1567 0.0082 0.0027 0.8323 
0.1173 0.0082 0.8744 0.0000 
0.0092 0.0018 0.9835 0.0055 
0.1604 0.0907 0.3511 0.3978 
0.2273 0.6077 0.1219 0.0431 
0.6654 0.0458 0.0862 0.2026 
0.2365 0.2777 0.2282 0.2576 
0.2328 0.2548 0.2640 0.2484 
0.2521 0.2301 0.2612 0.2566 

MOTIF filter4 
letter-probability matrix: alength= 4 w= 19 nsites= 19 
0.3077 0.2088 0.2015 0.2821 
0.2601 0.2564 0.2564 0.2271 
0.2381 0.3187 0.1832 0.2601 
0.2784 0.5934 0.0147 0.1136 
0.2894 0.1758 0.0696 0.4652 
0.3040 0.1575 0.3004 0.2381 
0.5824 0.0403 0.1355 0.2418 
0.1319 0.3480 0.5128 0.0073 
0.0000 0.0000 0.0000 1.0000 
0.0256 0.9744 0.0000 0.0000 
1.0000 0.0000 0.0000 0.0000 
0.0000 0.0000 0.9707 0.0293 
0.0000 1.0000 0.0000 0.0000 
0.9853 0.0000 0.0000 0.0147 
0.5201 0.1795 0.0476 0.2527 
0.4286 0.0549 0.0000 0.5165 
0.3590 0.0659 0.0000 0.5751 
0.3443 0.0696 0.0073 0.5788 
0.2527 0.2527 0.2527 0.2418 

MOTIF filter5 
letter-probability matrix: alength= 4 w= 16 nsites= 16 
0.2472 0.2331 0.2500 0.2697 
0.2303 0.2388 0.2528 0.2781 
0.2303 0.2388 0.2837 0.2472 
0.2528 0.0506 0.6348 0.0618 
0.1208 0.0000 0.8034 0.0758 
0.1742 0.0000 0.8258 0.0000 
0.0000 0.0000 1.0000 0.0000 
0.0000 0.0000 1.0000 0.0000 
0.3062 0.5787 0.0000 0.1152 
0.0000 0.0000 1.0000 0.0000 
0.0000 0.0000 1.0000 0.0000 
0.1461 0.0000 0.8539 0.0000 
0.2022 0.0169 0.7809 0.0000 
0.1657 0.5843 0.1713 0.0787 
0.2837 0.1994 0.2837 0.2331 
0.2416 0.3006 0.2191 0.2388 

MOTIF filter6 
letter-probability matrix: alength= 4 w= 18 nsites= 18 
0.4296 0.0704 0.1519 0.3481 
0.7111 0.0037 0.0074 0.2778 
0.4704 0.0000 0.0259 0.5037 
0.2963 0.1556 0.1074 0.4407 
0.0037 0.0000 0.0000 0.9963 
0.0000 0.0000 1.0000 0.0000 
0.0111 0.9889 0.0000 0.0000 
0.0000 0.0000 0.0000 1.0000 
0.0000 0.0000 0.9778 0.0222 
1.0000 0.0000 0.0000 0.0000 
0.0259 0.4889 0.3148 0.1704 
0.2074 0.1148 0.0481 0.6296 
0.1704 0.3778 0.1222 0.3296 
0.5519 0.0667 0.1889 0.1926 
0.1111 0.0333 0.5926 0.2630 
0.2556 0.2889 0.2296 0.2259 
0.2148 0.2333 0.2889 0.2630 
0.2000 0.2481 0.2704 0.2815 

MOTIF filter7 
letter-probability matrix: alength= 4 w= 20 nsites= 20 
0.1333 0.3333 0.2000 0.3333 
0.2000 0.5333 0.2667 0.0000 
0.0000 0.0000 0.7333 0.2667 
0.0000 0.9333 0.0000 0.0667 
0.7333 0.0000 0.0667 0.2000 
0.0000 0.8000 0.2000 0.0000 
0.3333 0.0000 0.4000 0.2667 
0.3333 0.4000 0.0000 0.2667 
0.7333 0.0000 0.2000 0.0667 
0.4667 0.2000 0.0667 0.2667 
0.0667 0.8667 0.0000 0.0667 
0.3333 0.4000 0.2667 0.0000 
0.0000 0.3333 0.6667 0.0000 
0.0667 0.0000 0.8667 0.0667 
0.0000 0.4000 0.0000 0.6000 
0.4000 0.4000 0.1333 0.0667 
0.1333 0.0000 0.8667 0.0000 
0.0667 0.3333 0.0667 0.5333 
0.4000 0.0000 0.6000 0.0000 
0.7333 0.0000 0.2667 0.0000 

MOTIF filter8 
letter-probability matrix: alength= 4 w= 14 nsites= 14 
0.1185 0.0761 0.3454 0.4601 
0.0062 0.9127 0.0000 0.0810 
0.0000 0.0000 0.0000 1.0000 
1.0000 0.0000 0.0000 0.0000 
0.2793 0.0000 0.0000 0.7207 
0.4576 0.0000 0.0000 0.5424 
0.5686 0.0000 0.0000 0.4314 
0.7057 0.0000 0.0000 0.2943 
0.0000 0.0000 0.0000 1.0000 
1.0000 0.0000 0.0000 0.0000 
0.0898 0.0000 0.9040 0.0062 
0.4863 0.3579 0.0424 0.1135 
0.2993 0.2294 0.2431 0.2282 
0.2606 0.2631 0.2382 0.2382 

MOTIF filter9 
letter-probability matrix: alength= 4 w= 13 nsites= 13 
0.2318 0.2562 0.2642 0.2478 
0.2408 0.3641 0.2158 0.1793 
0.1419 0.5325 0.2732 0.0524 
0.1409 0.0065 0.1793 0.6733 
0.2712 0.5250 0.1149 0.0889 
0.1828 0.0195 0.0894 0.7083 
0.3841 0.0350 0.0000 0.5809 
0.1633 0.4815 0.3516 0.0035 
0.2458 0.6394 0.0005 0.1144 
0.0350 0.1738 0.7792 0.0120 
0.3392 0.1394 0.0854 0.4361 
0.3082 0.1968 0.1583 0.3367 
0.4520 0.0120 0.3012 0.2348 

MOTIF filter10 
letter-probability matrix: alength= 4 w= 13 nsites= 13 
0.1493 0.2021 0.1622 0.4865 
0.0000 0.0039 0.0000 0.9961 
0.0000 0.0000 0.0039 0.9961 
0.0399 0.9562 0.0000 0.0039 
0.0051 0.7864 0.0013 0.2072 
0.2600 0.2291 0.2432 0.2677 
0.1840 0.0000 0.8160 0.0000 
0.0000 0.0000 0.9949 0.0051 
0.9987 0.0013 0.0000 0.0000 
1.0000 0.0000 0.0000 0.0000 
0.5238 0.1158 0.2098 0.1506 
0.2304 0.2728 0.2342 0.2625 
0.2625 0.2252 0.2625 0.2497 

MOTIF filter11 
letter-probability matrix: alength= 4 w= 12 nsites= 12 
0.2379 0.2583 0.2626 0.2412 
0.2476 0.2658 0.2497 0.2369 
0.5005 0.1265 0.3537 0.0193 
0.0000 0.0000 0.0000 1.0000 
0.0000 0.0000 0.0450 0.9550 
0.2947 0.0000 0.6227 0.0825 
0.0075 0.9121 0.0043 0.0761 
0.0932 0.0021 0.8928 0.0118 
0.0793 0.6720 0.0000 0.2487 
0.9571 0.0429 0.0000 0.0000 
1.0000 0.0000 0.0000 0.0000 
0.0129 0.3558 0.1308 0.5005 

MOTIF filter12 
letter-probability matrix: alength= 4 w= 12 nsites= 12 
0.2305 0.3210 0.2028 0.2456 
0.0436 0.0360 0.0369 0.8835 
0.3881 0.0134 0.0293 0.5692 
0.2439 0.0008 0.0721 0.6832 
0.3512 0.0193 0.1626 0.4669 
0.5180 0.0067 0.0025 0.4728 
0.2188 0.0000 0.0067 0.7745 
0.4091 0.0469 0.0251 0.5189 
0.6689 0.0134 0.0319 0.2858 
0.2649 0.1651 0.3345 0.2355 
0.5306 0.2716 0.1878 0.0101 
0.0830 0.1475 0.3705 0.3990 

MOTIF filter13 
letter-probability matrix: alength= 4 w= 17 nsites= 17 
0.2459 0.2689 0.2361 0.2492 
0.2656 0.2164 0.2787 0.2393 
0.2295 0.2918 0.1967 0.2820 
0.5902 0.0000 0.0721 0.3377 
0.6295 0.0262 0.0459 0.2984 
0.4721 0.0066 0.0262 0.4951 
0.2951 0.1213 0.1738 0.4098 
0.0033 0.0000 0.0000 0.9967 
0.0000 0.0000 1.0000 0.0000 
0.0492 0.9508 0.0000 0.0000 
0.0000 0.0000 0.0000 1.0000 
0.0000 0.0000 0.9967 0.0033 
1.0000 0.0000 0.0000 0.0000 
0.0197 0.5443 0.3115 0.1246 
0.1803 0.1311 0.0623 0.6262 
0.1803 0.3836 0.1279 0.3082 
0.4984 0.0459 0.2033 0.2525 

MOTIF filter14 
letter-probability matrix: alength= 4 w= 16 nsites= 16 
0.2696 0.3159 0.1942 0.2203 
0.2783 0.2812 0.2000 0.2406 
0.2464 0.2406 0.2406 0.2725 
0.0116 0.7971 0.0870 0.1043 
0.0000 0.1478 0.0000 0.8522 
0.0000 0.2551 0.7188 0.0261 
1.0000 0.0000 0.0000 0.0000 
0.0000 0.0000 0.0000 1.0000 
0.0000 0.0000 0.0000 1.0000 
0.0000 0.0000 1.0000 0.0000 
0.0000 0.0000 1.0000 0.0000 
0.0435 0.4029 0.0029 0.5507 
0.0087 0.4348 0.1362 0.4203 
0.1797 0.4522 0.3014 0.0667 
0.5072 0.1362 0.3043 0.0522 
0.1391 0.1507 0.2638 0.4464 

MOTIF filter15 
letter-probability matrix: alength= 4 w= 18 nsites= 18 
0.2415 0.2533 0.2703 0.2349 
0.0029 0.1068 0.6878 0.2025 
0.1281 0.1576 0.6900 0.0243 
0.0766 0.4669 0.3711 0.0854 
0.2754 0.3189 0.3211 0.0847 
0.5169 0.1657 0.2216 0.0957 
0.0052 0.3306 0.5670 0.0972 
0.2135 0.2180 0.5677 0.0007 
0.0243 0.1694 0.7393 0.0670 
0.4904 0.1532 0.1244 0.2320 
0.2231 0.0920 0.5707 0.1141 
0.0272 0.1487 0.4566 0.3675 
0.1281 0.5538 0.0736 0.2445 
0.2349 0.2459 0.4971 0.0221 
0.0015 0.1311 0.4293 0.4381 
0.5368 0.1097 0.1487 0.2047 
0.3306 0.4345 0.1362 0.0987 
0.0331 0.4853 0.3373 0.1443 

MOTIF filter16 
letter-probability matrix: alength= 4 w= 15 nsites= 15 
0.2585 0.2548 0.2434 0.2434 
0.2428 0.2760 0.2452 0.2361 
0.1365 0.0821 0.3448 0.4366 
0.0857 0.7421 0.0199 0.1522 
0.0030 0.0453 0.0205 0.9312 
0.9493 0.0097 0.0308 0.0103 
0.3104 0.0145 0.0211 0.6540 
0.4269 0.0115 0.0139 0.5477 
0.5217 0.0121 0.0079 0.4583 
0.6479 0.0157 0.0079 0.3285 
0.0205 0.0199 0.0423 0.9173 
0.9372 0.0079 0.0332 0.0217 
0.1612 0.0296 0.7216 0.0876 
0.4046 0.3569 0.0755 0.1630 
0.2391 0.2355 0.2856 0.2397 

MOTIF filter17 
letter-probability matrix: alength= 4 w= 17 nsites= 17 
0.2344 0.2819 0.2819 0.2018 
0.2641 0.2641 0.2166 0.2552 
0.1662 0.6647 0.1098 0.0593 
0.9970 0.0000 0.0030 0.0000 
0.9881 0.0000 0.0119 0.0000 
0.4036 0.0920 0.4926 0.0119 
1.0000 0.0000 0.0000 0.0000 
0.0000 0.0000 0.0000 1.0000 
0.0000 0.0000 1.0000 0.0000 
0.0000 0.0000 1.0000 0.0000 
0.0415 0.8754 0.0000 0.0831 
0.1098 0.1869 0.4303 0.2730 
0.0861 0.0831 0.7685 0.0623 
0.1276 0.7685 0.0237 0.0801 
0.2522 0.2196 0.2226 0.3056 
0.2226 0.2315 0.3086 0.2374 
0.2582 0.2226 0.2967 0.2226 

MOTIF filter18 
letter-probability matrix: alength= 4 w= 15 nsites= 15 
0.4392 0.2293 0.1519 0.1796 
0.0635 0.3674 0.1133 0.4558 
0.0608 0.3287 0.3702 0.2403 
0.4420 0.0939 0.4641 0.0000 
0.5912 0.0055 0.3674 0.0359 
0.0000 1.0000 0.0000 0.0000 
0.0000 1.0000 0.0000 0.0000 
1.0000 0.0000 0.0000 0.0000 
1.0000 0.0000 0.0000 0.0000 
0.0000 0.0000 0.0000 1.0000 
0.0276 0.7652 0.2072 0.0000 
0.8564 0.0028 0.1409 0.0000 
0.0718 0.0773 0.8343 0.0166 
0.2210 0.2735 0.2514 0.2541 
0.2928 0.1961 0.2652 0.2459 

MOTIF filter19 
letter-probability matrix: alength= 4 w= 20 nsites= 20 
0.2291 0.2439 0.2601 0.2668 
0.1995 0.2925 0.2749 0.2332 
0.3005 0.2358 0.2237 0.2399 
0.1388 0.0674 0.0337 0.7601 
0.0270 0.0728 0.6941 0.2062 
0.4326 0.4084 0.0458 0.1132 
0.0000 1.0000 0.0000 0.0000 
0.0000 0.9987 0.0000 0.0013 
0.8235 0.0000 0.0067 0.1698 
0.0108 0.0000 0.0000 0.9892 
0.9987 0.0013 0.0000 0.0000 
0.0000 0.0013 0.0013 0.9973 
0.9973 0.0000 0.0000 0.0027 
0.1280 0.0027 0.0000 0.8693 
0.0000 0.0067 0.9933 0.0000 
0.0000 0.0000 1.0000 0.0000 
0.0943 0.0660 0.4070 0.4326 
0.2251 0.6685 0.0849 0.0216 
0.7547 0.0216 0.0593 0.1644 
0.2345 0.2507 0.2520 0.2628 

MOTIF filter20 
letter-probability matrix: alength= 4 w= 9 nsites= 9 
0.2400 0.2662 0.2433 0.2505 
0.2531 0.2800 0.2295 0.2374 
0.2570 0.2361 0.2393 0.2675 
0.6715 0.0000 0.0000 0.3285 
0.0000 0.0000 0.0000 1.0000 
0.0000 0.0466 0.0000 0.9534 
0.9489 0.0000 0.0511 0.0000 
1.0000 0.0000 0.0000 0.0000 
0.3331 0.0000 0.0000 0.6669 

MOTIF filter21 
letter-probability matrix: alength= 4 w= 20 nsites= 20 
0.2866 0.2374 0.2311 0.2449 
0.1465 0.0745 0.0391 0.7399 
0.0202 0.0732 0.7008 0.2058 
0.4116 0.4015 0.0720 0.1149 
0.0000 0.9975 0.0025 0.0000 
0.0000 0.9962 0.0000 0.0038 
0.8434 0.0000 0.0038 0.1528 
0.0202 0.0000 0.0000 0.9798 
0.9987 0.0013 0.0000 0.0000 
0.0000 0.0000 0.0000 1.0000 
0.9912 0.0000 0.0000 0.0088 
0.1439 0.0025 0.0000 0.8535 
0.0000 0.0038 0.9962 0.0000 
0.0000 0.0013 0.9975 0.0013 
0.0997 0.0707 0.3965 0.4331 
0.2071 0.6730 0.0884 0.0316 
0.7513 0.0227 0.0593 0.1667 
0.2437 0.2866 0.2336 0.2361 
0.2210 0.2576 0.2677 0.2538 
0.2386 0.2374 0.2765 0.2475 

MOTIF filter22 
letter-probability matrix: alength= 4 w= 14 nsites= 14 
0.1394 0.3141 0.3011 0.2454 
0.3104 0.2156 0.3978 0.0762 
0.4033 0.1115 0.3810 0.1041 
0.0000 0.9944 0.0056 0.0000 
0.0000 0.6375 0.0000 0.3625 
0.5428 0.0595 0.3903 0.0074 
1.0000 0.0000 0.0000 0.0000 
0.0000 0.0000 0.0000 1.0000 
0.0019 0.4238 0.0520 0.5223 
0.3736 0.0000 0.6264 0.0000 
0.0000 0.0074 0.9926 0.0000 
0.0892 0.3532 0.1152 0.4424 
0.0948 0.3234 0.2045 0.3773 
0.2138 0.3587 0.2937 0.1338 

MOTIF filter23 
letter-probability matrix: alength= 4 w= 14 nsites= 14 
0.3475 0.1726 0.2624 0.2175 
0.6761 0.0520 0.0024 0.2695 
0.1537 0.2009 0.4326 0.2128 
0.0000 0.0000 0.0000 1.0000 
0.0000 0.4917 0.5083 0.0000 
0.5177 0.4823 0.0000 0.0000 
0.0000 0.0000 0.5130 0.4870 
0.0000 0.6076 0.3924 0.0000 
1.0000 0.0000 0.0000 0.0000 
0.3475 0.2553 0.1797 0.2175 
0.2222 0.0118 0.0024 0.7636 
0.3664 0.0946 0.0686 0.4704 
0.2884 0.0946 0.0686 0.5485 
0.2979 0.0686 0.5059 0.1277 

MOTIF filter24 
letter-probability matrix: alength= 4 w= 14 nsites= 14 
0.2796 0.2317 0.2191 0.2695 
0.2582 0.2582 0.2305 0.2531 
0.1348 0.1927 0.1348 0.5378 
0.0000 0.0000 0.0000 1.0000 
0.0000 0.0000 0.0000 1.0000 
0.0340 0.9660 0.0000 0.0000 
0.0013 0.7985 0.0000 0.2003 
0.2431 0.2267 0.2380 0.2922 
0.2116 0.0000 0.7783 0.0101 
0.0000 0.0000 0.9509 0.0491 
0.9987 0.0013 0.0000 0.0000 
1.0000 0.0000 0.0000 0.0000 
0.5378 0.1259 0.1952 0.1411 
0.2443 0.2670 0.2469 0.2418 

MOTIF filter25 
letter-probability matrix: alength= 4 w= 13 nsites= 13 
0.3077 0.1612 0.2674 0.2637 
0.6190 0.0733 0.0989 0.2088 
0.1941 0.2821 0.5055 0.0183 
0.0000 0.0000 0.0000 1.0000 
0.0037 0.9963 0.0000 0.0000 
1.0000 0.0000 0.0000 0.0000 
0.0000 0.0000 1.0000 0.0000 
0.0000 1.0000 0.0000 0.0000 
1.0000 0.0000 0.0000 0.0000 
0.4176 0.1722 0.1282 0.2821 
0.3480 0.0440 0.0000 0.6081 
0.4249 0.0330 0.0000 0.5421 
0.3004 0.1136 0.0293 0.5568 

MOTIF filter26 
letter-probability matrix: alength= 4 w= 18 nsites= 18 
0.2843 0.2524 0.2204 0.2428 
0.2396 0.2971 0.2588 0.2045 
0.2236 0.2492 0.2556 0.2716 
0.1214 0.0192 0.6997 0.1597 
0.0671 0.7348 0.1150 0.0831 
0.2939 0.3578 0.2428 0.1054 
0.0415 0.0000 0.8786 0.0799 
0.0000 1.0000 0.0000 0.0000 
0.0000 1.0000 0.0000 0.0000 
1.0000 0.0000 0.0000 0.0000 
0.0000 0.0000 0.0000 1.0000 
0.0064 0.4728 0.1438 0.3770 
0.0000 0.0128 0.0000 0.9872 
0.0000 0.0096 0.0000 0.9904 
0.0671 0.0831 0.7316 0.1182 
0.2716 0.2332 0.2428 0.2524 
0.1917 0.2780 0.2684 0.2620 
0.2332 0.3003 0.2428 0.2236 

MOTIF filter27 
letter-probability matrix: alength= 4 w= 14 nsites= 14 
0.2545 0.2390 0.2234 0.2831 
0.2519 0.2156 0.2883 0.2442 
0.2286 0.2675 0.2519 0.2519 
0.0104 0.8494 0.1403 0.0000 
0.0338 0.9662 0.0000 0.0000 
0.0000 0.0000 1.0000 0.0000 
0.0000 0.0000 1.0000 0.0000 
1.0000 0.0000 0.0000 0.0000 
1.0000 0.0000 0.0000 0.0000 
0.0468 0.0078 0.9455 0.0000 
0.0364 0.2987 0.0130 0.6519 
0.1792 0.1091 0.6571 0.0545 
0.2727 0.2442 0.4519 0.0312 
0.2208 0.3506 0.2519 0.1766 

MOTIF filter28 
letter-probability matrix: alength= 4 w= 18 nsites= 18 
0.1818 0.5981 0.0383 0.1818 
0.1818 0.2297 0.0670 0.5215 
0.2823 0.1962 0.3014 0.2201 
0.8038 0.0096 0.0335 0.1531 
0.2823 0.1100 0.4019 0.2057 
0.0287 0.0000 0.0000 0.9713 
0.1148 0.7799 0.0000 0.1053 
0.7321 0.0000 0.0000 0.2679 
0.0000 0.0000 0.9856 0.0144 
0.0000 1.0000 0.0000 0.0000 
0.6555 0.0000 0.0000 0.3445 
0.1914 0.0096 0.5550 0.2440 
0.7799 0.0096 0.0191 0.1914 
0.2105 0.1866 0.0957 0.5072 
0.1962 0.1579 0.0239 0.6220 
0.1914 0.3349 0.1818 0.2919 
0.4163 0.1244 0.1005 0.3589 
0.2153 0.2249 0.3589 0.2010 

MOTIF filter29 
letter-probability matrix: alength= 4 w= 12 nsites= 12 
0.2330 0.2653 0.2592 0.2426 
0.4206 0.1990 0.2408 0.1396 
0.2461 0.2949 0.3098 0.1492 
0.0000 1.0000 0.0000 0.0000 
0.9852 0.0009 0.0026 0.0113 
0.0000 0.9738 0.0017 0.0244 
0.0445 0.0000 0.9555 0.0000 
0.0017 0.0044 0.0000 0.9939 
0.0192 0.0000 0.9808 0.0000 
0.1606 0.2949 0.3054 0.2391 
0.1623 0.2347 0.1597 0.4433 
0.2435 0.2696 0.2373 0.2496 

MOTIF filter30 
letter-probability matrix: alength= 4 w= 16 nsites= 16 
0.2372 0.2302 0.2628 0.2698 
0.2140 0.2953 0.2605 0.2302 
0.2628 0.2581 0.2000 0.2791 
0.1651 0.6395 0.1395 0.0558 
0.9930 0.0000 0.0070 0.0000 
0.9674 0.0070 0.0256 0.0000 
0.4326 0.0884 0.4512 0.0279 
1.0000 0.0000 0.0000 0.0000 
0.0000 0.0000 0.0000 1.0000 
0.0000 0.0000 1.0000 0.0000 
0.0000 0.0000 1.0000 0.0000 
0.0767 0.8326 0.0000 0.0907 
0.1233 0.2209 0.3977 0.2581 
0.1070 0.1140 0.7140 0.0651 
0.1488 0.7163 0.0419 0.0930 
0.2605 0.2395 0.2372 0.2628 

MOTIF filter31 
letter-probability matrix: alength= 4 w= 13 nsites= 13 
0.1563 0.2109 0.3623 0.2705 
0.0273 0.4665 0.2457 0.2605 
0.0844 0.6203 0.1414 0.1538 
0.6725 0.0174 0.2730 0.0372 
0.0000 0.9429 0.0050 0.0521 
0.0000 0.0000 0.0000 1.0000 
0.0000 0.0000 0.0000 1.0000 
0.0000 1.0000 0.0000 0.0000 
0.0000 1.0000 0.0000 0.0000 
0.0000 0.0000 0.9752 0.0248 
0.0000 0.1563 0.8313 0.0124 
0.2581 0.2010 0.2531 0.2878 
0.2630 0.2283 0.2506 0.2581 

