MEME version 4

ALPHABET= ACGT

Background letter frequencies:
A 0.2500 C 0.2500 G 0.2500 T 0.2500 

MOTIF filter0 
letter-probability matrix: alength= 4 w= 20 nsites= 20 
0.2321 0.2292 0.2560 0.2827 
0.0030 0.0863 0.8185 0.0923 
0.0387 0.0536 0.0298 0.8780 
0.1101 0.6488 0.2232 0.0179 
0.2381 0.3036 0.2649 0.1935 
0.6250 0.0119 0.2411 0.1220 
0.4196 0.0000 0.1458 0.4345 
0.0476 0.1637 0.0060 0.7827 
0.1518 0.3155 0.2292 0.3036 
0.1280 0.1280 0.6607 0.0833 
0.2619 0.3690 0.2768 0.0923 
0.1607 0.7113 0.1161 0.0119 
0.5893 0.2827 0.0625 0.0655 
0.1696 0.1696 0.3512 0.3095 
0.4018 0.1548 0.3333 0.1101 
0.5685 0.1399 0.2024 0.0893 
0.0000 0.3244 0.3006 0.3750 
0.6220 0.0625 0.2917 0.0238 
0.6161 0.0774 0.1845 0.1220 
0.1131 0.2560 0.0387 0.5923 

MOTIF filter1 
letter-probability matrix: alength= 4 w= 18 nsites= 18 
0.0341 0.0937 0.6521 0.2202 
0.4063 0.4015 0.0681 0.1241 
0.0000 0.9988 0.0012 0.0000 
0.0000 0.9964 0.0012 0.0024 
0.8406 0.0000 0.0073 0.1521 
0.0158 0.0000 0.0000 0.9842 
1.0000 0.0000 0.0000 0.0000 
0.0000 0.0000 0.0000 1.0000 
0.9891 0.0000 0.0000 0.0109 
0.1448 0.0024 0.0000 0.8528 
0.0012 0.0024 0.9964 0.0000 
0.0000 0.0000 1.0000 0.0000 
0.0985 0.0608 0.4015 0.4392 
0.2214 0.6606 0.0912 0.0268 
0.7336 0.0255 0.0633 0.1776 
0.2409 0.2798 0.2409 0.2384 
0.2251 0.2628 0.2652 0.2470 
0.2397 0.2421 0.2689 0.2494 

MOTIF filter2 
letter-probability matrix: alength= 4 w= 19 nsites= 19 
0.2174 0.2339 0.2769 0.2718 
0.2111 0.2769 0.2819 0.2301 
0.2882 0.2453 0.2276 0.2389 
0.1542 0.0683 0.0316 0.7459 
0.0228 0.0708 0.6928 0.2137 
0.4147 0.4020 0.0695 0.1138 
0.0000 1.0000 0.0000 0.0000 
0.0000 0.9962 0.0000 0.0038 
0.8357 0.0013 0.0038 0.1593 
0.0139 0.0000 0.0013 0.9848 
1.0000 0.0000 0.0000 0.0000 
0.0000 0.0000 0.0013 0.9987 
0.9899 0.0000 0.0000 0.0101 
0.1429 0.0025 0.0000 0.8546 
0.0025 0.0051 0.9924 0.0000 
0.0000 0.0000 0.9987 0.0013 
0.0948 0.0708 0.3944 0.4399 
0.2174 0.6612 0.0885 0.0329 
0.7307 0.0278 0.0645 0.1770 

MOTIF filter3 
letter-probability matrix: alength= 4 w= 15 nsites= 15 
0.2553 0.2481 0.2286 0.2680 
0.2549 0.2458 0.2454 0.2540 
0.1907 0.2377 0.1609 0.4108 
0.0221 0.0330 0.0099 0.9349 
0.0145 0.0063 0.0596 0.9196 
0.1609 0.7677 0.0244 0.0470 
0.0524 0.6534 0.0036 0.2906 
0.2558 0.2395 0.2354 0.2693 
0.2752 0.0005 0.6774 0.0470 
0.0221 0.0217 0.7985 0.1577 
0.8992 0.0827 0.0131 0.0050 
0.9331 0.0303 0.0280 0.0086 
0.4343 0.1591 0.2336 0.1731 
0.2359 0.2625 0.2350 0.2666 
0.2454 0.2259 0.2829 0.2458 

MOTIF filter4 
letter-probability matrix: alength= 4 w= 14 nsites= 14 
0.2703 0.2520 0.2651 0.2126 
0.2861 0.2992 0.2310 0.1837 
0.0919 0.1732 0.5039 0.2310 
0.0000 0.8373 0.0026 0.1601 
0.0000 0.8478 0.0000 0.1522 
0.0000 1.0000 0.0000 0.0000 
0.0000 1.0000 0.0000 0.0000 
0.1155 0.0000 0.5827 0.3018 
0.0000 1.0000 0.0000 0.0000 
0.0000 1.0000 0.0000 0.0000 
0.0000 0.7874 0.0000 0.2126 
0.1050 0.7874 0.0000 0.1076 
0.0367 0.6535 0.0472 0.2625 
0.2625 0.2625 0.2388 0.2362 

MOTIF filter5 
letter-probability matrix: alength= 4 w= 18 nsites= 18 
0.2406 0.4812 0.1212 0.1570 
0.4198 0.0563 0.0887 0.4352 
0.5273 0.0785 0.1468 0.2474 
0.6058 0.0205 0.0341 0.3396 
0.2167 0.1962 0.3976 0.1894 
0.0000 0.0000 0.0000 1.0000 
0.0017 0.5495 0.4488 0.0000 
0.6024 0.3976 0.0000 0.0000 
0.0000 0.0000 0.4915 0.5085 
0.0000 0.5700 0.4300 0.0000 
1.0000 0.0000 0.0000 0.0000 
0.2423 0.3259 0.1775 0.2543 
0.3481 0.0188 0.0017 0.6314 
0.3208 0.1758 0.0307 0.4727 
0.4386 0.0614 0.0341 0.4659 
0.2338 0.1126 0.4249 0.2287 
0.2304 0.2457 0.2747 0.2491 
0.2577 0.2372 0.2287 0.2765 

MOTIF filter6 
letter-probability matrix: alength= 4 w= 18 nsites= 18 
0.3012 0.2432 0.1969 0.2587 
0.2510 0.3282 0.2278 0.1931 
0.2201 0.2510 0.2664 0.2625 
0.1158 0.0116 0.7413 0.1313 
0.0618 0.7954 0.0695 0.0734 
0.2896 0.3629 0.2548 0.0927 
0.0579 0.0000 0.8842 0.0579 
0.0000 1.0000 0.0000 0.0000 
0.0000 1.0000 0.0000 0.0000 
1.0000 0.0000 0.0000 0.0000 
0.0000 0.0000 0.0000 1.0000 
0.0077 0.5174 0.1467 0.3282 
0.0000 0.0309 0.0000 0.9691 
0.0000 0.0154 0.0000 0.9846 
0.0502 0.0811 0.7799 0.0888 
0.2664 0.2046 0.2780 0.2510 
0.2008 0.2819 0.2587 0.2587 
0.2124 0.3050 0.2471 0.2355 

MOTIF filter7 
letter-probability matrix: alength= 4 w= 16 nsites= 16 
0.3827 0.2222 0.1827 0.2123 
0.0815 0.3605 0.1235 0.4346 
0.0593 0.3235 0.3778 0.2395 
0.4148 0.1284 0.4543 0.0025 
0.5753 0.0148 0.3580 0.0519 
0.0000 1.0000 0.0000 0.0000 
0.0000 1.0000 0.0000 0.0000 
1.0000 0.0000 0.0000 0.0000 
1.0000 0.0000 0.0000 0.0000 
0.0000 0.0000 0.0000 1.0000 
0.0395 0.7383 0.2198 0.0025 
0.8568 0.0000 0.1432 0.0000 
0.0593 0.0988 0.8321 0.0099 
0.2000 0.2741 0.2469 0.2790 
0.2790 0.2025 0.2519 0.2667 
0.2296 0.2815 0.2222 0.2667 

MOTIF filter8 
letter-probability matrix: alength= 4 w= 15 nsites= 15 
0.2696 0.2377 0.2638 0.2290 
0.2435 0.2667 0.2464 0.2435 
0.5101 0.0174 0.1420 0.3304 
0.6145 0.0174 0.0493 0.3188 
0.4522 0.0000 0.0319 0.5159 
0.3101 0.1478 0.1275 0.4145 
0.0145 0.0000 0.0000 0.9855 
0.0000 0.0000 1.0000 0.0000 
0.0087 0.9913 0.0000 0.0000 
0.0000 0.0000 0.0000 1.0000 
0.0000 0.0000 0.9768 0.0232 
1.0000 0.0000 0.0000 0.0000 
0.0261 0.5043 0.3246 0.1449 
0.1913 0.1275 0.0696 0.6116 
0.1710 0.3971 0.1304 0.3014 

MOTIF filter9 
letter-probability matrix: alength= 4 w= 20 nsites= 20 
0.3333 0.3333 0.0000 0.3333 
0.0000 0.0000 0.3333 0.6667 
0.6667 0.0000 0.0000 0.3333 
0.0000 0.0000 0.0000 1.0000 
0.0000 0.0000 0.0000 1.0000 
0.0000 1.0000 0.0000 0.0000 
0.3333 0.6667 0.0000 0.0000 
0.0000 0.6667 0.0000 0.3333 
0.0000 0.6667 0.3333 0.0000 
0.0000 0.0000 1.0000 0.0000 
0.0000 1.0000 0.0000 0.0000 
1.0000 0.0000 0.0000 0.0000 
0.0000 0.3333 0.0000 0.6667 
0.0000 0.0000 0.6667 0.3333 
0.3333 0.3333 0.0000 0.3333 
0.0000 0.0000 1.0000 0.0000 
1.0000 0.0000 0.0000 0.0000 
0.0000 0.6667 0.0000 0.3333 
0.0000 0.6667 0.3333 0.0000 
0.3333 0.3333 0.0000 0.3333 

MOTIF filter10 
letter-probability matrix: alength= 4 w= 13 nsites= 13 
0.2487 0.2351 0.2571 0.2591 
0.2341 0.1651 0.3918 0.2090 
0.4054 0.2142 0.3720 0.0084 
0.0000 0.0000 0.0000 1.0000 
0.0000 0.0000 0.9990 0.0010 
1.0000 0.0000 0.0000 0.0000 
0.0000 0.4995 0.5005 0.0000 
0.0000 0.0000 0.0000 1.0000 
0.0000 1.0000 0.0000 0.0000 
1.0000 0.0000 0.0000 0.0000 
0.0000 0.3417 0.2466 0.4117 
0.2153 0.3595 0.1870 0.2382 
0.2550 0.2194 0.2780 0.2476 

MOTIF filter11 
letter-probability matrix: alength= 4 w= 15 nsites= 15 
0.2437 0.1809 0.3568 0.2186 
0.5905 0.0704 0.1357 0.2035 
0.1809 0.3266 0.4623 0.0302 
0.0000 0.0000 0.0000 1.0000 
0.0226 0.9749 0.0000 0.0025 
1.0000 0.0000 0.0000 0.0000 
0.0000 0.0000 1.0000 0.0000 
0.0000 1.0000 0.0000 0.0000 
0.9774 0.0000 0.0000 0.0226 
0.4347 0.1608 0.1482 0.2563 
0.4271 0.0603 0.0151 0.4975 
0.3920 0.0754 0.0050 0.5276 
0.2990 0.1307 0.0553 0.5151 
0.2638 0.2362 0.2437 0.2563 
0.2588 0.2940 0.2060 0.2412 

MOTIF filter12 
letter-probability matrix: alength= 4 w= 9 nsites= 9 
0.2381 0.2297 0.2574 0.2747 
0.2385 0.1746 0.3504 0.2365 
0.3990 0.2068 0.3423 0.0519 
0.0129 0.0000 0.0024 0.9847 
0.0016 0.0000 0.9425 0.0559 
0.9477 0.0398 0.0125 0.0000 
0.0764 0.4047 0.4582 0.0607 
0.0000 0.0000 0.0024 0.9976 
0.1384 0.8496 0.0008 0.0113 

MOTIF filter13 
letter-probability matrix: alength= 4 w= 16 nsites= 16 
0.3386 0.2163 0.2884 0.1567 
0.2884 0.3103 0.2006 0.2006 
0.0533 0.1912 0.5204 0.2351 
0.0000 0.8464 0.0282 0.1254 
0.0000 0.8652 0.0000 0.1348 
0.0000 1.0000 0.0000 0.0000 
0.0000 1.0000 0.0000 0.0000 
0.0846 0.0000 0.6426 0.2727 
0.0000 1.0000 0.0000 0.0000 
0.0000 1.0000 0.0000 0.0000 
0.0000 0.8558 0.0000 0.1442 
0.0564 0.8903 0.0000 0.0533 
0.0533 0.6301 0.0627 0.2539 
0.2226 0.2508 0.2602 0.2665 
0.2665 0.2351 0.2132 0.2853 
0.2132 0.2821 0.2476 0.2571 

MOTIF filter14 
letter-probability matrix: alength= 4 w= 14 nsites= 14 
0.1481 0.2165 0.3732 0.2621 
0.0427 0.4900 0.2165 0.2507 
0.0883 0.6154 0.1396 0.1567 
0.6781 0.0114 0.2792 0.0313 
0.0000 0.9516 0.0000 0.0484 
0.0000 0.0000 0.0000 1.0000 
0.0000 0.0000 0.0000 1.0000 
0.0000 1.0000 0.0000 0.0000 
0.0000 1.0000 0.0000 0.0000 
0.0000 0.0000 0.9943 0.0057 
0.0000 0.1453 0.8405 0.0142 
0.3077 0.1795 0.2450 0.2678 
0.2336 0.2536 0.2393 0.2735 
0.2621 0.2393 0.2251 0.2735 

MOTIF filter15 
letter-probability matrix: alength= 4 w= 16 nsites= 16 
0.2557 0.2730 0.1954 0.2759 
0.1552 0.6667 0.1264 0.0517 
0.9971 0.0000 0.0029 0.0000 
0.9856 0.0000 0.0144 0.0000 
0.4310 0.0747 0.4741 0.0201 
1.0000 0.0000 0.0000 0.0000 
0.0000 0.0000 0.0000 1.0000 
0.0000 0.0000 1.0000 0.0000 
0.0000 0.0000 1.0000 0.0000 
0.0489 0.8736 0.0000 0.0776 
0.1207 0.1954 0.4253 0.2586 
0.0805 0.0747 0.7787 0.0661 
0.1408 0.7557 0.0230 0.0805 
0.2730 0.2270 0.2155 0.2845 
0.2356 0.2443 0.2989 0.2213 
0.2529 0.2471 0.2816 0.2184 

MOTIF filter16 
letter-probability matrix: alength= 4 w= 15 nsites= 15 
0.2636 0.1727 0.2727 0.2909 
0.3227 0.1955 0.3864 0.0955 
0.2864 0.2227 0.2000 0.2909 
0.0000 0.8409 0.1591 0.0000 
0.0273 0.9727 0.0000 0.0000 
0.0000 0.0000 1.0000 0.0000 
0.0000 0.0000 1.0000 0.0000 
1.0000 0.0000 0.0000 0.0000 
1.0000 0.0000 0.0000 0.0000 
0.0409 0.0045 0.9545 0.0000 
0.0091 0.2364 0.0045 0.7500 
0.1636 0.0273 0.7409 0.0682 
0.3091 0.2591 0.4318 0.0000 
0.1955 0.4000 0.2318 0.1727 
0.1773 0.2545 0.2909 0.2773 

MOTIF filter17 
letter-probability matrix: alength= 4 w= 12 nsites= 12 
0.2279 0.2651 0.2641 0.2430 
0.3926 0.2068 0.2580 0.1426 
0.2249 0.3082 0.3143 0.1526 
0.0000 1.0000 0.0000 0.0000 
1.0000 0.0000 0.0000 0.0000 
0.0000 1.0000 0.0000 0.0000 
0.0000 0.0000 1.0000 0.0000 
0.0000 0.0000 0.0000 1.0000 
0.0000 0.0000 1.0000 0.0000 
0.1606 0.2892 0.3153 0.2349 
0.1647 0.2420 0.1717 0.4217 
0.2319 0.2550 0.2490 0.2641 

MOTIF filter18 
letter-probability matrix: alength= 4 w= 15 nsites= 15 
0.2453 0.2981 0.1811 0.2755 
0.1698 0.2679 0.2528 0.3094 
0.1170 0.3019 0.2943 0.2868 
0.0151 0.9396 0.0453 0.0000 
0.0377 0.9623 0.0000 0.0000 
0.0000 0.0000 1.0000 0.0000 
0.0000 0.0000 1.0000 0.0000 
1.0000 0.0000 0.0000 0.0000 
1.0000 0.0000 0.0000 0.0000 
0.0340 0.0075 0.9585 0.0000 
0.0151 0.3849 0.0075 0.5925 
0.1887 0.1132 0.6755 0.0226 
0.2679 0.2491 0.4604 0.0226 
0.2264 0.3434 0.2830 0.1472 
0.1849 0.3170 0.2038 0.2943 

MOTIF filter19 
letter-probability matrix: alength= 4 w= 16 nsites= 16 
0.2824 0.2588 0.2196 0.2392 
0.1294 0.0000 0.6980 0.1725 
0.0784 0.7255 0.1490 0.0471 
0.3059 0.3843 0.2039 0.1059 
0.0118 0.0000 0.8863 0.1020 
0.0000 1.0000 0.0000 0.0000 
0.0000 1.0000 0.0000 0.0000 
1.0000 0.0000 0.0000 0.0000 
0.0000 0.0000 0.0000 1.0000 
0.0078 0.4745 0.1098 0.4078 
0.0000 0.0000 0.0000 1.0000 
0.0000 0.0000 0.0000 1.0000 
0.0706 0.0588 0.7647 0.1059 
0.3098 0.2314 0.2078 0.2510 
0.2196 0.2784 0.2549 0.2471 
0.2706 0.2549 0.2196 0.2549 

MOTIF filter20 
letter-probability matrix: alength= 4 w= 15 nsites= 15 
0.2076 0.2630 0.2630 0.2664 
0.1522 0.1626 0.3772 0.3080 
0.0104 0.5190 0.2249 0.2457 
0.0588 0.6747 0.1107 0.1557 
0.7336 0.0104 0.2457 0.0104 
0.0000 0.9723 0.0104 0.0173 
0.0000 0.0000 0.0000 1.0000 
0.0000 0.0000 0.0000 1.0000 
0.0000 1.0000 0.0000 0.0000 
0.0000 1.0000 0.0000 0.0000 
0.0000 0.0000 0.9723 0.0277 
0.0000 0.1176 0.8824 0.0000 
0.2284 0.2145 0.2699 0.2872 
0.2872 0.2042 0.2664 0.2422 
0.2803 0.2007 0.2457 0.2734 

MOTIF filter21 
letter-probability matrix: alength= 4 w= 15 nsites= 15 
0.2545 0.2545 0.2697 0.2212 
0.2424 0.2152 0.2515 0.2909 
0.1879 0.2515 0.3091 0.2515 
0.2667 0.0424 0.6424 0.0485 
0.1182 0.0000 0.8030 0.0788 
0.1758 0.0000 0.8242 0.0000 
0.0000 0.0000 1.0000 0.0000 
0.0000 0.0000 1.0000 0.0000 
0.2909 0.5818 0.0000 0.1273 
0.0000 0.0000 1.0000 0.0000 
0.0000 0.0000 1.0000 0.0000 
0.1212 0.0000 0.8758 0.0030 
0.2152 0.0030 0.7818 0.0000 
0.1879 0.5606 0.1879 0.0636 
0.2788 0.1909 0.2788 0.2515 

MOTIF filter22 
letter-probability matrix: alength= 4 w= 14 nsites= 14 
0.2586 0.1901 0.2814 0.2700 
0.2510 0.2852 0.2586 0.2053 
0.0000 0.9240 0.0760 0.0000 
0.0000 1.0000 0.0000 0.0000 
0.0000 0.0000 1.0000 0.0000 
0.0000 0.0000 1.0000 0.0000 
1.0000 0.0000 0.0000 0.0000 
1.0000 0.0000 0.0000 0.0000 
0.0228 0.0000 0.9772 0.0000 
0.0190 0.2700 0.0076 0.7034 
0.1255 0.0837 0.7567 0.0342 
0.2471 0.2395 0.4677 0.0456 
0.2281 0.3612 0.2319 0.1787 
0.2319 0.2966 0.2814 0.1901 

MOTIF filter23 
letter-probability matrix: alength= 4 w= 12 nsites= 12 
0.2495 0.2632 0.2534 0.2340 
0.3408 0.2277 0.2414 0.1901 
0.2438 0.2981 0.2845 0.1736 
0.0548 0.8803 0.0491 0.0158 
0.8767 0.0115 0.0591 0.0527 
0.0443 0.8496 0.0251 0.0809 
0.0759 0.0388 0.8513 0.0340 
0.0536 0.0620 0.0045 0.8798 
0.0211 0.0314 0.8898 0.0577 
0.1923 0.2790 0.2878 0.2409 
0.2138 0.2644 0.1925 0.3293 
0.2378 0.2682 0.2469 0.2471 

MOTIF filter24 
letter-probability matrix: alength= 4 w= 11 nsites= 11 
0.2117 0.2336 0.2214 0.3333 
0.2360 0.2092 0.3406 0.2141 
0.2944 0.3139 0.3285 0.0633 
0.0024 0.0000 0.0000 0.9976 
0.0000 0.0000 1.0000 0.0000 
0.9927 0.0049 0.0000 0.0024 
0.0706 0.4550 0.4720 0.0024 
0.0000 0.0000 0.0024 0.9976 
0.0584 0.9416 0.0000 0.0000 
0.0000 0.3090 0.3333 0.3577 
0.2579 0.2993 0.2433 0.1995 

MOTIF filter25 
letter-probability matrix: alength= 4 w= 12 nsites= 12 
0.2409 0.2457 0.2767 0.2366 
0.2022 0.1625 0.2968 0.3386 
0.1574 0.5847 0.0490 0.2089 
0.0398 0.1764 0.0751 0.7088 
0.8061 0.0623 0.0724 0.0592 
0.3304 0.0642 0.0616 0.5438 
0.4519 0.0511 0.0263 0.4707 
0.4513 0.0448 0.0578 0.4462 
0.5508 0.0593 0.0343 0.3555 
0.0576 0.0593 0.0719 0.8111 
0.6974 0.0586 0.1831 0.0609 
0.2286 0.0553 0.5846 0.1315 

MOTIF filter26 
letter-probability matrix: alength= 4 w= 15 nsites= 15 
0.2746 0.3023 0.2141 0.2091 
0.2620 0.2746 0.2267 0.2368 
0.2343 0.2469 0.2519 0.2670 
0.0076 0.8060 0.0932 0.0932 
0.0000 0.1889 0.0000 0.8111 
0.0000 0.2494 0.7280 0.0227 
1.0000 0.0000 0.0000 0.0000 
0.0000 0.0000 0.0000 1.0000 
0.0000 0.0000 0.0000 1.0000 
0.0000 0.0000 1.0000 0.0000 
0.0000 0.0000 1.0000 0.0000 
0.0428 0.3955 0.0076 0.5542 
0.0151 0.4358 0.1360 0.4131 
0.1990 0.4106 0.3123 0.0781 
0.4635 0.1461 0.3249 0.0655 

MOTIF filter27 
letter-probability matrix: alength= 4 w= 15 nsites= 15 
0.4966 0.1946 0.1309 0.1779 
0.0638 0.3926 0.1074 0.4362 
0.0671 0.3356 0.3591 0.2383 
0.4430 0.0839 0.4732 0.0000 
0.5638 0.0034 0.4060 0.0268 
0.0000 1.0000 0.0000 0.0000 
0.0000 1.0000 0.0000 0.0000 
1.0000 0.0000 0.0000 0.0000 
1.0000 0.0000 0.0000 0.0000 
0.0000 0.0000 0.0000 1.0000 
0.0000 0.8188 0.1812 0.0000 
0.8456 0.0034 0.1510 0.0000 
0.0537 0.0336 0.9094 0.0034 
0.2215 0.2718 0.2483 0.2584 
0.2852 0.1812 0.2718 0.2617 

MOTIF filter28 
letter-probability matrix: alength= 4 w= 8 nsites= 8 
0.2398 0.2522 0.2511 0.2569 
0.2534 0.2620 0.2351 0.2495 
0.2565 0.2211 0.2487 0.2737 
0.5548 0.0000 0.0000 0.4452 
0.0000 0.0000 0.0000 1.0000 
0.0000 0.0055 0.0000 0.9945 
0.9832 0.0000 0.0168 0.0000 
1.0000 0.0000 0.0000 0.0000 

MOTIF filter29 
letter-probability matrix: alength= 4 w= 16 nsites= 16 
0.2517 0.2133 0.2413 0.2937 
0.2168 0.2797 0.2587 0.2448 
0.2343 0.2308 0.2832 0.2517 
0.2622 0.0524 0.6329 0.0524 
0.1154 0.0000 0.8566 0.0280 
0.1503 0.0000 0.8497 0.0000 
0.0000 0.0000 1.0000 0.0000 
0.0000 0.0000 1.0000 0.0000 
0.3077 0.5874 0.0000 0.1049 
0.0000 0.0000 1.0000 0.0000 
0.0000 0.0000 1.0000 0.0000 
0.1329 0.0000 0.8671 0.0000 
0.1399 0.0280 0.8322 0.0000 
0.1888 0.6049 0.1434 0.0629 
0.2832 0.2203 0.3112 0.1853 
0.2273 0.3182 0.2203 0.2343 

MOTIF filter30 
letter-probability matrix: alength= 4 w= 14 nsites= 14 
0.2386 0.2636 0.2560 0.2419 
0.2430 0.2603 0.2527 0.2440 
0.5054 0.1291 0.3492 0.0163 
0.0000 0.0000 0.0000 1.0000 
0.0000 0.0000 0.0412 0.9588 
0.2928 0.0000 0.6215 0.0857 
0.0076 0.9132 0.0043 0.0748 
0.0889 0.0011 0.8970 0.0130 
0.0803 0.6725 0.0000 0.2473 
0.9566 0.0434 0.0000 0.0000 
1.0000 0.0000 0.0000 0.0000 
0.0130 0.3514 0.1302 0.5054 
0.2690 0.2495 0.2766 0.2050 
0.2570 0.2126 0.2560 0.2744 

MOTIF filter31 
letter-probability matrix: alength= 4 w= 15 nsites= 15 
0.2693 0.2471 0.2144 0.2693 
0.2601 0.2484 0.2444 0.2471 
0.1412 0.1987 0.1451 0.5150 
0.0000 0.0000 0.0000 1.0000 
0.0000 0.0000 0.0000 1.0000 
0.0261 0.9739 0.0000 0.0000 
0.0013 0.7869 0.0000 0.2118 
0.2471 0.2196 0.2510 0.2824 
0.1935 0.0000 0.8065 0.0000 
0.0000 0.0000 0.9843 0.0157 
1.0000 0.0000 0.0000 0.0000 
1.0000 0.0000 0.0000 0.0000 
0.5229 0.1242 0.2000 0.1529 
0.2405 0.2706 0.2510 0.2379 
0.2588 0.2392 0.2614 0.2405 

