MEME version 4

ALPHABET= ACGT

Background letter frequencies:
A 0.2500 C 0.2500 G 0.2500 T 0.2500 

MOTIF filter0 
letter-probability matrix: alength= 4 w= 13 nsites= 13 
0.2448 0.2483 0.2310 0.2759 
0.2517 0.2000 0.2828 0.2655 
0.2034 0.2345 0.2828 0.2793 
0.0000 0.8724 0.1276 0.0000 
0.0552 0.9448 0.0000 0.0000 
0.0000 0.0000 1.0000 0.0000 
0.0000 0.0000 1.0000 0.0000 
1.0000 0.0000 0.0000 0.0000 
1.0000 0.0000 0.0000 0.0000 
0.0517 0.0172 0.9310 0.0000 
0.0000 0.2690 0.0000 0.7310 
0.1345 0.0552 0.7759 0.0345 
0.2552 0.2448 0.4966 0.0034 

MOTIF filter1 
letter-probability matrix: alength= 4 w= 12 nsites= 12 
0.2762 0.2469 0.2140 0.2629 
0.2691 0.2460 0.2478 0.2371 
0.1590 0.2194 0.1616 0.4600 
0.0000 0.0053 0.0000 0.9947 
0.0000 0.0000 0.0284 0.9716 
0.1190 0.8810 0.0000 0.0000 
0.0266 0.7362 0.0000 0.2371 
0.2531 0.2291 0.2540 0.2638 
0.2318 0.0000 0.7451 0.0231 
0.0036 0.0009 0.8881 0.1075 
0.9831 0.0169 0.0000 0.0000 
0.9964 0.0000 0.0036 0.0000 

MOTIF filter2 
letter-probability matrix: alength= 4 w= 14 nsites= 14 
0.2530 0.2439 0.2409 0.2622 
0.2287 0.2348 0.2652 0.2713 
0.2195 0.2256 0.2988 0.2561 
0.2561 0.0335 0.6494 0.0610 
0.1159 0.0000 0.8140 0.0701 
0.1524 0.0000 0.8476 0.0000 
0.0000 0.0000 1.0000 0.0000 
0.0000 0.0000 1.0000 0.0000 
0.3140 0.5488 0.0000 0.1372 
0.0000 0.0000 1.0000 0.0000 
0.0000 0.0000 1.0000 0.0000 
0.1402 0.0000 0.8598 0.0000 
0.1555 0.0183 0.8262 0.0000 
0.1585 0.6006 0.1707 0.0701 

MOTIF filter3 
letter-probability matrix: alength= 4 w= 20 nsites= 20 
0.2460 0.2494 0.2494 0.2551 
0.2105 0.2963 0.2483 0.2449 
0.2586 0.2700 0.2346 0.2368 
0.1899 0.0881 0.0355 0.6865 
0.0572 0.0961 0.6293 0.2174 
0.3535 0.3158 0.1236 0.2071 
0.0000 0.9989 0.0000 0.0011 
0.0000 0.8078 0.0000 0.1922 
0.9085 0.0000 0.0000 0.0915 
0.0206 0.0000 0.0000 0.9794 
0.9005 0.0000 0.0000 0.0995 
0.0778 0.0000 0.0000 0.9222 
0.9657 0.0000 0.0000 0.0343 
0.0789 0.0023 0.0000 0.9188 
0.1899 0.0000 0.8101 0.0000 
0.0034 0.0000 0.9966 0.0000 
0.1819 0.1224 0.3032 0.3924 
0.1888 0.6178 0.1453 0.0481 
0.7082 0.0378 0.0812 0.1728 
0.2540 0.2551 0.2437 0.2471 

MOTIF filter4 
letter-probability matrix: alength= 4 w= 20 nsites= 20 
0.0000 1.0000 0.0000 0.0000 
0.0000 0.0000 0.0000 1.0000 
0.0000 0.0000 0.0000 1.0000 
0.0000 0.0000 1.0000 0.0000 
1.0000 0.0000 0.0000 0.0000 
0.0000 1.0000 0.0000 0.0000 
0.0000 0.0000 1.0000 0.0000 
0.0000 1.0000 0.0000 0.0000 
1.0000 0.0000 0.0000 0.0000 
0.0000 0.0000 0.0000 1.0000 
0.0000 1.0000 0.0000 0.0000 
0.0000 0.0000 1.0000 0.0000 
0.0000 0.0000 1.0000 0.0000 
0.0000 0.0000 1.0000 0.0000 
0.0000 0.0000 1.0000 0.0000 
1.0000 0.0000 0.0000 0.0000 
1.0000 0.0000 0.0000 0.0000 
0.0000 1.0000 0.0000 0.0000 
0.0000 0.0000 1.0000 0.0000 
0.0000 1.0000 0.0000 0.0000 

MOTIF filter5 
letter-probability matrix: alength= 4 w= 14 nsites= 14 
0.1697 0.2121 0.3364 0.2818 
0.0303 0.5242 0.2061 0.2394 
0.0545 0.6515 0.1303 0.1636 
0.7424 0.0121 0.2303 0.0152 
0.0000 0.9545 0.0212 0.0242 
0.0000 0.0000 0.0000 1.0000 
0.0000 0.0000 0.0000 1.0000 
0.0000 1.0000 0.0000 0.0000 
0.0000 1.0000 0.0000 0.0000 
0.0000 0.0000 0.9576 0.0424 
0.0000 0.1515 0.8485 0.0000 
0.3061 0.1758 0.2727 0.2455 
0.3000 0.2273 0.2152 0.2576 
0.2818 0.2091 0.2273 0.2818 

MOTIF filter6 
letter-probability matrix: alength= 4 w= 16 nsites= 16 
0.2503 0.2720 0.2383 0.2395 
0.2323 0.2780 0.2575 0.2323 
0.1035 0.0638 0.3454 0.4874 
0.0084 0.8953 0.0000 0.0963 
0.0000 0.0000 0.0000 1.0000 
1.0000 0.0000 0.0000 0.0000 
0.2527 0.0000 0.0072 0.7401 
0.4284 0.0000 0.0000 0.5716 
0.5259 0.0000 0.0000 0.4741 
0.6823 0.0024 0.0000 0.3153 
0.0000 0.0000 0.0000 1.0000 
0.9976 0.0000 0.0024 0.0000 
0.0662 0.0000 0.9037 0.0301 
0.4597 0.3718 0.0457 0.1227 
0.2816 0.2335 0.2647 0.2202 
0.2479 0.2780 0.2298 0.2443 

MOTIF filter7 
letter-probability matrix: alength= 4 w= 17 nsites= 17 
0.2509 0.3118 0.2007 0.2366 
0.2366 0.3118 0.2437 0.2079 
0.2258 0.2652 0.2186 0.2903 
0.0036 0.8746 0.0538 0.0681 
0.0000 0.1792 0.0000 0.8208 
0.0000 0.2222 0.7706 0.0072 
1.0000 0.0000 0.0000 0.0000 
0.0000 0.0000 0.0000 1.0000 
0.0000 0.0000 0.0000 1.0000 
0.0000 0.0000 1.0000 0.0000 
0.0000 0.0000 1.0000 0.0000 
0.0323 0.4158 0.0143 0.5376 
0.0179 0.4767 0.1075 0.3978 
0.1398 0.4552 0.3405 0.0645 
0.5412 0.1254 0.3190 0.0143 
0.1290 0.1147 0.2760 0.4803 
0.1613 0.0753 0.2437 0.5197 

MOTIF filter8 
letter-probability matrix: alength= 4 w= 18 nsites= 18 
0.2279 0.2206 0.2647 0.2868 
0.2353 0.2978 0.2610 0.2059 
0.2978 0.2574 0.2059 0.2390 
0.1544 0.7610 0.0625 0.0221 
1.0000 0.0000 0.0000 0.0000 
0.9816 0.0000 0.0184 0.0000 
0.4338 0.0331 0.5294 0.0037 
1.0000 0.0000 0.0000 0.0000 
0.0000 0.0000 0.0000 1.0000 
0.0000 0.0000 1.0000 0.0000 
0.0000 0.0000 1.0000 0.0000 
0.0404 0.8750 0.0000 0.0846 
0.1066 0.1912 0.4632 0.2390 
0.0662 0.0919 0.7831 0.0588 
0.1140 0.7904 0.0110 0.0846 
0.2868 0.2243 0.2132 0.2757 
0.2390 0.2574 0.3015 0.2022 
0.2647 0.2426 0.2941 0.1985 

MOTIF filter9 
letter-probability matrix: alength= 4 w= 16 nsites= 16 
0.2727 0.2517 0.2063 0.2692 
0.1294 0.6958 0.1119 0.0629 
0.9895 0.0000 0.0105 0.0000 
0.9930 0.0000 0.0070 0.0000 
0.4196 0.0909 0.4755 0.0140 
1.0000 0.0000 0.0000 0.0000 
0.0000 0.0000 0.0000 1.0000 
0.0000 0.0000 1.0000 0.0000 
0.0000 0.0000 1.0000 0.0000 
0.0455 0.9196 0.0000 0.0350 
0.1119 0.1958 0.4266 0.2657 
0.0594 0.0490 0.8252 0.0664 
0.1224 0.7797 0.0140 0.0839 
0.2273 0.2203 0.2063 0.3462 
0.2063 0.2273 0.3217 0.2448 
0.2483 0.2343 0.2902 0.2273 

MOTIF filter10 
letter-probability matrix: alength= 4 w= 11 nsites= 11 
0.2827 0.2427 0.2522 0.2224 
0.2500 0.2825 0.2763 0.1912 
0.0502 0.8643 0.0461 0.0394 
0.8660 0.0280 0.0577 0.0483 
0.0479 0.8071 0.0388 0.1062 
0.0985 0.0419 0.8471 0.0126 
0.0475 0.0768 0.0149 0.8608 
0.0361 0.0373 0.8803 0.0463 
0.2025 0.2835 0.2790 0.2350 
0.2211 0.2609 0.1931 0.3250 
0.2491 0.2597 0.2421 0.2491 

MOTIF filter11 
letter-probability matrix: alength= 4 w= 11 nsites= 11 
0.2408 0.2441 0.2507 0.2644 
0.2526 0.2598 0.2277 0.2598 
0.2513 0.2395 0.2461 0.2631 
0.6191 0.0000 0.0000 0.3809 
0.0000 0.0000 0.0000 1.0000 
0.0000 0.0144 0.0000 0.9856 
0.9764 0.0000 0.0236 0.0000 
1.0000 0.0000 0.0000 0.0000 
0.3933 0.0000 0.0000 0.6067 
0.2768 0.2310 0.2349 0.2572 
0.2565 0.2480 0.2533 0.2421 

MOTIF filter12 
letter-probability matrix: alength= 4 w= 14 nsites= 14 
0.1090 0.2125 0.4251 0.2534 
0.0000 0.8447 0.0027 0.1526 
0.0000 0.8828 0.0000 0.1172 
0.0000 1.0000 0.0000 0.0000 
0.0000 1.0000 0.0000 0.0000 
0.1172 0.0000 0.5858 0.2970 
0.0000 1.0000 0.0000 0.0000 
0.0000 1.0000 0.0000 0.0000 
0.0000 0.7738 0.0000 0.2262 
0.0872 0.8583 0.0000 0.0545 
0.0572 0.6267 0.0436 0.2725 
0.2589 0.2616 0.2262 0.2534 
0.2507 0.2534 0.2480 0.2480 
0.2425 0.3025 0.2180 0.2371 

MOTIF filter13 
letter-probability matrix: alength= 4 w= 14 nsites= 14 
0.1458 0.1875 0.3988 0.2679 
0.0268 0.4762 0.2351 0.2619 
0.1071 0.6310 0.1339 0.1280 
0.6815 0.0030 0.2857 0.0298 
0.0000 0.9702 0.0000 0.0298 
0.0000 0.0000 0.0000 1.0000 
0.0000 0.0000 0.0000 1.0000 
0.0000 1.0000 0.0000 0.0000 
0.0000 1.0000 0.0000 0.0000 
0.0000 0.0000 0.9940 0.0060 
0.0000 0.1637 0.8244 0.0119 
0.2232 0.1845 0.2589 0.3333 
0.2440 0.2500 0.2411 0.2649 
0.2440 0.2143 0.2649 0.2768 

MOTIF filter14 
letter-probability matrix: alength= 4 w= 13 nsites= 13 
0.2444 0.2383 0.2560 0.2613 
0.2275 0.1752 0.3797 0.2175 
0.3920 0.2283 0.3467 0.0331 
0.0000 0.0000 0.0000 1.0000 
0.0000 0.0000 0.9347 0.0653 
1.0000 0.0000 0.0000 0.0000 
0.0300 0.4704 0.4635 0.0361 
0.0000 0.0000 0.0000 1.0000 
0.0615 0.9385 0.0000 0.0000 
1.0000 0.0000 0.0000 0.0000 
0.0300 0.3167 0.2659 0.3874 
0.2068 0.3643 0.2014 0.2275 
0.2629 0.2221 0.2721 0.2429 

MOTIF filter15 
letter-probability matrix: alength= 4 w= 16 nsites= 16 
0.3169 0.2289 0.2746 0.1796 
0.3028 0.2711 0.2254 0.2007 
0.0387 0.1655 0.5915 0.2042 
0.0000 0.8380 0.0211 0.1408 
0.0035 0.8345 0.0000 0.1620 
0.0000 1.0000 0.0000 0.0000 
0.0000 1.0000 0.0000 0.0000 
0.0845 0.0000 0.6690 0.2465 
0.0000 1.0000 0.0000 0.0000 
0.0000 1.0000 0.0000 0.0000 
0.0000 0.8204 0.0000 0.1796 
0.0352 0.8697 0.0000 0.0951 
0.0141 0.7007 0.0352 0.2500 
0.2676 0.2394 0.2430 0.2500 
0.2958 0.2570 0.2113 0.2359 
0.2254 0.3099 0.2500 0.2148 

MOTIF filter16 
letter-probability matrix: alength= 4 w= 17 nsites= 17 
0.2065 0.2437 0.2779 0.2719 
0.1753 0.2853 0.2972 0.2422 
0.2734 0.2585 0.2288 0.2392 
0.1293 0.0639 0.0149 0.7920 
0.0193 0.0401 0.7311 0.2095 
0.4339 0.3982 0.0639 0.1040 
0.0000 1.0000 0.0000 0.0000 
0.0000 0.9985 0.0000 0.0015 
0.8484 0.0000 0.0015 0.1501 
0.0119 0.0000 0.0000 0.9881 
1.0000 0.0000 0.0000 0.0000 
0.0000 0.0000 0.0000 1.0000 
1.0000 0.0000 0.0000 0.0000 
0.1397 0.0015 0.0000 0.8588 
0.0000 0.0000 1.0000 0.0000 
0.0000 0.0000 1.0000 0.0000 
0.0906 0.0431 0.4160 0.4502 

MOTIF filter17 
letter-probability matrix: alength= 4 w= 18 nsites= 18 
0.2294 0.2724 0.2473 0.2509 
0.2903 0.2186 0.2545 0.2366 
0.2401 0.2760 0.2545 0.2294 
0.5556 0.0287 0.0932 0.3226 
0.6416 0.0108 0.0323 0.3154 
0.4767 0.0036 0.0215 0.4982 
0.3297 0.1792 0.0573 0.4337 
0.0108 0.0000 0.0000 0.9892 
0.0000 0.0000 1.0000 0.0000 
0.0108 0.9892 0.0000 0.0000 
0.0000 0.0000 0.0000 1.0000 
0.0000 0.0000 0.9892 0.0108 
1.0000 0.0000 0.0000 0.0000 
0.0251 0.5090 0.3118 0.1541 
0.2043 0.0789 0.0430 0.6738 
0.1541 0.4229 0.0968 0.3262 
0.4946 0.0538 0.1971 0.2545 
0.1828 0.0323 0.5412 0.2437 

MOTIF filter18 
letter-probability matrix: alength= 4 w= 10 nsites= 10 
0.2213 0.2493 0.2213 0.3081 
0.2269 0.2157 0.2745 0.2829 
0.2073 0.2997 0.2437 0.2493 
0.0000 0.9692 0.0308 0.0000 
0.0028 0.9972 0.0000 0.0000 
0.0000 0.0000 1.0000 0.0000 
0.0000 0.0000 1.0000 0.0000 
1.0000 0.0000 0.0000 0.0000 
1.0000 0.0000 0.0000 0.0000 
0.0028 0.0000 0.9972 0.0000 

MOTIF filter19 
letter-probability matrix: alength= 4 w= 16 nsites= 16 
0.2418 0.2661 0.2540 0.2381 
0.2474 0.2652 0.2493 0.2381 
0.1270 0.0840 0.3333 0.4556 
0.0579 0.8086 0.0065 0.1270 
0.0009 0.0121 0.0000 0.9869 
0.9972 0.0009 0.0000 0.0019 
0.2969 0.0019 0.0103 0.6909 
0.4463 0.0047 0.0009 0.5481 
0.5593 0.0000 0.0009 0.4398 
0.6807 0.0075 0.0000 0.3119 
0.0019 0.0019 0.0019 0.9944 
0.9879 0.0009 0.0075 0.0037 
0.1345 0.0075 0.8039 0.0542 
0.4342 0.3557 0.0635 0.1466 
0.2689 0.2306 0.2614 0.2390 
0.2409 0.2820 0.2409 0.2362 

MOTIF filter20 
letter-probability matrix: alength= 4 w= 18 nsites= 18 
0.0327 0.0957 0.6532 0.2185 
0.4088 0.3919 0.0721 0.1273 
0.0011 0.9944 0.0034 0.0011 
0.0000 0.9899 0.0034 0.0068 
0.8300 0.0023 0.0101 0.1577 
0.0225 0.0000 0.0023 0.9752 
0.9966 0.0011 0.0023 0.0000 
0.0000 0.0011 0.0011 0.9977 
0.9809 0.0034 0.0000 0.0158 
0.1520 0.0045 0.0011 0.8423 
0.0023 0.0079 0.9899 0.0000 
0.0000 0.0023 0.9955 0.0023 
0.1126 0.0698 0.3896 0.4279 
0.2275 0.6532 0.0912 0.0282 
0.7185 0.0282 0.0676 0.1858 
0.2432 0.2748 0.2399 0.2421 
0.2331 0.2590 0.2545 0.2534 
0.2421 0.2354 0.2725 0.2500 

MOTIF filter21 
letter-probability matrix: alength= 4 w= 12 nsites= 12 
0.2341 0.2600 0.2621 0.2438 
0.4186 0.1996 0.2708 0.1111 
0.2319 0.3085 0.3323 0.1273 
0.0000 1.0000 0.0000 0.0000 
1.0000 0.0000 0.0000 0.0000 
0.0000 1.0000 0.0000 0.0000 
0.0000 0.0000 1.0000 0.0000 
0.0000 0.0000 0.0000 1.0000 
0.0000 0.0000 1.0000 0.0000 
0.1402 0.3042 0.3225 0.2330 
0.1553 0.2406 0.1640 0.4401 
0.2362 0.2503 0.2492 0.2643 

MOTIF filter22 
letter-probability matrix: alength= 4 w= 14 nsites= 14 
0.1280 0.5610 0.1677 0.1433 
0.2896 0.3232 0.2561 0.1311 
0.0549 0.0000 0.7652 0.1799 
0.0000 1.0000 0.0000 0.0000 
0.0000 1.0000 0.0000 0.0000 
1.0000 0.0000 0.0000 0.0000 
0.0000 0.0000 0.0000 1.0000 
0.0274 0.4299 0.2012 0.3415 
0.0000 0.0000 0.0000 1.0000 
0.0000 0.0000 0.0000 1.0000 
0.0366 0.0579 0.7378 0.1677 
0.3140 0.1860 0.2683 0.2317 
0.2043 0.3384 0.2896 0.1677 
0.2591 0.2348 0.2104 0.2957 

MOTIF filter23 
letter-probability matrix: alength= 4 w= 14 nsites= 14 
0.2523 0.2475 0.2511 0.2490 
0.2594 0.2590 0.2276 0.2540 
0.4126 0.1880 0.3382 0.0611 
0.0370 0.0337 0.0487 0.8806 
0.0219 0.0258 0.1870 0.7653 
0.3172 0.0216 0.4789 0.1823 
0.0990 0.6153 0.0804 0.2053 
0.2191 0.0794 0.6195 0.0819 
0.1920 0.4971 0.0163 0.2946 
0.7437 0.1862 0.0353 0.0347 
0.8835 0.0397 0.0486 0.0282 
0.0850 0.3172 0.1973 0.4005 
0.2462 0.2667 0.2498 0.2374 
0.2510 0.2276 0.2511 0.2703 

MOTIF filter24 
letter-probability matrix: alength= 4 w= 18 nsites= 18 
0.2571 0.2735 0.2327 0.2367 
0.2571 0.2531 0.2531 0.2367 
0.2571 0.2898 0.2041 0.2490 
0.5061 0.0000 0.1224 0.3714 
0.7265 0.0041 0.0286 0.2408 
0.4286 0.0000 0.0000 0.5714 
0.2694 0.1020 0.2041 0.4245 
0.0000 0.0000 0.0000 1.0000 
0.0000 0.0000 1.0000 0.0000 
0.0122 0.9878 0.0000 0.0000 
0.0000 0.0000 0.0000 1.0000 
0.0000 0.0000 1.0000 0.0000 
0.9959 0.0000 0.0041 0.0000 
0.0286 0.5347 0.2939 0.1429 
0.1714 0.1306 0.0449 0.6531 
0.1878 0.3510 0.1306 0.3306 
0.5510 0.0367 0.1633 0.2490 
0.1224 0.0449 0.5796 0.2531 

MOTIF filter25 
letter-probability matrix: alength= 4 w= 14 nsites= 14 
0.4337 0.2245 0.1633 0.1786 
0.0765 0.3673 0.1097 0.4464 
0.0663 0.3189 0.3699 0.2449 
0.4362 0.1173 0.4464 0.0000 
0.5918 0.0077 0.3520 0.0485 
0.0000 1.0000 0.0000 0.0000 
0.0000 1.0000 0.0000 0.0000 
1.0000 0.0000 0.0000 0.0000 
1.0000 0.0000 0.0000 0.0000 
0.0000 0.0000 0.0000 1.0000 
0.0255 0.7781 0.1964 0.0000 
0.8240 0.0026 0.1735 0.0000 
0.0587 0.0816 0.8444 0.0153 
0.2117 0.2857 0.2347 0.2679 

MOTIF filter26 
letter-probability matrix: alength= 4 w= 16 nsites= 16 
0.2679 0.2798 0.2143 0.2381 
0.1250 0.0000 0.7738 0.1012 
0.0536 0.7917 0.1131 0.0417 
0.2917 0.3869 0.2321 0.0893 
0.0238 0.0000 0.9405 0.0357 
0.0000 1.0000 0.0000 0.0000 
0.0000 1.0000 0.0000 0.0000 
1.0000 0.0000 0.0000 0.0000 
0.0000 0.0000 0.0000 1.0000 
0.0000 0.6071 0.0476 0.3452 
0.0000 0.0060 0.0000 0.9940 
0.0000 0.0000 0.0000 1.0000 
0.0655 0.0952 0.7917 0.0476 
0.3036 0.2143 0.2202 0.2619 
0.2143 0.2500 0.1964 0.3393 
0.2619 0.2857 0.2500 0.2024 

MOTIF filter27 
letter-probability matrix: alength= 4 w= 20 nsites= 20 
0.3073 0.2294 0.2156 0.2477 
0.2890 0.2248 0.2752 0.2110 
0.2431 0.2477 0.2202 0.2890 
0.2752 0.6101 0.0229 0.0917 
0.2706 0.1881 0.0321 0.5092 
0.2890 0.1193 0.3440 0.2477 
0.6284 0.0459 0.1009 0.2248 
0.1284 0.3257 0.5321 0.0138 
0.0000 0.0000 0.0000 1.0000 
0.0183 0.9817 0.0000 0.0000 
1.0000 0.0000 0.0000 0.0000 
0.0000 0.0000 1.0000 0.0000 
0.0000 1.0000 0.0000 0.0000 
0.9954 0.0000 0.0000 0.0046 
0.4633 0.1514 0.1101 0.2752 
0.4037 0.0413 0.0000 0.5550 
0.3486 0.0550 0.0000 0.5963 
0.3165 0.0367 0.0000 0.6468 
0.2431 0.2156 0.2844 0.2569 
0.2982 0.2523 0.1972 0.2523 

MOTIF filter28 
letter-probability matrix: alength= 4 w= 18 nsites= 18 
0.2876 0.2212 0.2124 0.2788 
0.2655 0.3363 0.2389 0.1593 
0.1726 0.2743 0.2876 0.2655 
0.0929 0.0000 0.7965 0.1106 
0.0664 0.7920 0.0752 0.0664 
0.2743 0.3451 0.2743 0.1062 
0.0531 0.0000 0.9071 0.0398 
0.0000 1.0000 0.0000 0.0000 
0.0000 1.0000 0.0000 0.0000 
1.0000 0.0000 0.0000 0.0000 
0.0000 0.0000 0.0000 1.0000 
0.0044 0.5000 0.1106 0.3850 
0.0000 0.0354 0.0000 0.9646 
0.0000 0.0133 0.0000 0.9867 
0.0442 0.0841 0.7699 0.1018 
0.2345 0.2389 0.3053 0.2212 
0.2080 0.2257 0.2699 0.2965 
0.2212 0.3407 0.2212 0.2168 

MOTIF filter29 
letter-probability matrix: alength= 4 w= 17 nsites= 17 
0.1111 0.1806 0.4653 0.2431 
0.1875 0.1736 0.4722 0.1667 
0.1806 0.0764 0.6042 0.1389 
0.0486 0.2083 0.6250 0.1181 
0.1944 0.1181 0.5278 0.1597 
0.0833 0.1667 0.6319 0.1181 
0.2361 0.0903 0.5764 0.0972 
0.0694 0.0069 0.7986 0.1250 
0.1319 0.0556 0.8125 0.0000 
0.1042 0.0347 0.8611 0.0000 
0.0069 0.1042 0.8889 0.0000 
0.1389 0.8264 0.0000 0.0347 
0.0000 0.0208 0.9375 0.0417 
0.0069 0.0556 0.9167 0.0208 
0.4861 0.0278 0.4792 0.0069 
0.4792 0.0000 0.5069 0.0139 
0.1667 0.4306 0.3889 0.0139 

MOTIF filter30 
letter-probability matrix: alength= 4 w= 14 nsites= 14 
0.2978 0.2978 0.2079 0.1966 
0.2865 0.2444 0.2135 0.2556 
0.2528 0.2107 0.2753 0.2612 
0.0000 0.8230 0.0927 0.0843 
0.0000 0.1292 0.0000 0.8708 
0.0000 0.2275 0.7388 0.0337 
1.0000 0.0000 0.0000 0.0000 
0.0000 0.0000 0.0000 1.0000 
0.0000 0.0000 0.0000 1.0000 
0.0000 0.0000 1.0000 0.0000 
0.0000 0.0000 1.0000 0.0000 
0.0449 0.3961 0.0000 0.5590 
0.0000 0.4101 0.1489 0.4410 
0.1910 0.3961 0.3315 0.0815 

MOTIF filter31 
letter-probability matrix: alength= 4 w= 14 nsites= 14 
0.2469 0.5679 0.0370 0.1481 
0.2315 0.1975 0.0833 0.4877 
0.2932 0.1605 0.2747 0.2716 
0.6327 0.0370 0.1111 0.2191 
0.1883 0.2963 0.4938 0.0216 
0.0000 0.0000 0.0000 1.0000 
0.0000 1.0000 0.0000 0.0000 
1.0000 0.0000 0.0000 0.0000 
0.0000 0.0000 0.9599 0.0401 
0.0000 1.0000 0.0000 0.0000 
1.0000 0.0000 0.0000 0.0000 
0.4352 0.1574 0.1389 0.2685 
0.4259 0.0309 0.0062 0.5370 
0.4043 0.0370 0.0093 0.5494 

