MEME version 4

ALPHABET= ACGT

Background letter frequencies:
A 0.2500 C 0.2500 G 0.2500 T 0.2500 

MOTIF filter0 
letter-probability matrix: alength= 4 w= 11 nsites= 11 
0.2318 0.2647 0.2734 0.2301 
0.5329 0.1713 0.2370 0.0588 
0.1557 0.3858 0.3408 0.1176 
0.0000 1.0000 0.0000 0.0000 
1.0000 0.0000 0.0000 0.0000 
0.0000 1.0000 0.0000 0.0000 
0.0000 0.0000 1.0000 0.0000 
0.0000 0.0000 0.0000 1.0000 
0.0000 0.0000 1.0000 0.0000 
0.0433 0.3339 0.3581 0.2647 
0.0727 0.2630 0.1159 0.5484 

MOTIF filter1 
letter-probability matrix: alength= 4 w= 15 nsites= 15 
0.2476 0.2468 0.2313 0.2743 
0.2693 0.2309 0.2547 0.2451 
0.1963 0.2514 0.1692 0.3831 
0.0175 0.0442 0.0175 0.9208 
0.0142 0.0175 0.0534 0.9150 
0.1401 0.8028 0.0179 0.0392 
0.0488 0.6565 0.0125 0.2822 
0.2459 0.2280 0.2572 0.2689 
0.2801 0.0058 0.6690 0.0450 
0.0258 0.0233 0.8124 0.1384 
0.8870 0.0725 0.0175 0.0229 
0.9225 0.0292 0.0308 0.0175 
0.4010 0.1817 0.2372 0.1801 
0.2401 0.2614 0.2384 0.2601 
0.2439 0.2505 0.2676 0.2380 

MOTIF filter2 
letter-probability matrix: alength= 4 w= 19 nsites= 19 
0.2135 0.3405 0.1189 0.3270 
0.1622 0.3162 0.3081 0.2135 
0.3081 0.1568 0.2892 0.2459 
0.1378 0.0000 0.0000 0.8622 
0.0135 0.0324 0.7703 0.1838 
0.4189 0.5027 0.0568 0.0216 
0.0000 1.0000 0.0000 0.0000 
0.0000 0.9973 0.0000 0.0027 
0.8514 0.0000 0.0054 0.1432 
0.0027 0.0000 0.0027 0.9946 
1.0000 0.0000 0.0000 0.0000 
0.0000 0.0000 0.0000 1.0000 
1.0000 0.0000 0.0000 0.0000 
0.1622 0.0027 0.0000 0.8351 
0.0000 0.0000 1.0000 0.0000 
0.0000 0.0000 1.0000 0.0000 
0.0459 0.0730 0.4757 0.4054 
0.2378 0.6946 0.0568 0.0108 
0.8676 0.0000 0.0027 0.1297 

MOTIF filter3 
letter-probability matrix: alength= 4 w= 15 nsites= 15 
0.1488 0.0689 0.5813 0.2011 
0.0826 0.7218 0.1129 0.0826 
0.2837 0.3416 0.2645 0.1102 
0.0193 0.0000 0.8705 0.1102 
0.0000 1.0000 0.0000 0.0000 
0.0000 1.0000 0.0000 0.0000 
1.0000 0.0000 0.0000 0.0000 
0.0000 0.0000 0.0000 1.0000 
0.0055 0.4711 0.1322 0.3912 
0.0000 0.0358 0.0000 0.9642 
0.0000 0.0055 0.0000 0.9945 
0.0964 0.1129 0.6529 0.1377 
0.2865 0.2094 0.2452 0.2590 
0.2287 0.2645 0.2479 0.2590 
0.2507 0.2837 0.2397 0.2259 

MOTIF filter4 
letter-probability matrix: alength= 4 w= 15 nsites= 15 
0.1872 0.5508 0.1604 0.1016 
1.0000 0.0000 0.0000 0.0000 
0.9679 0.0000 0.0321 0.0000 
0.4305 0.0775 0.4920 0.0000 
1.0000 0.0000 0.0000 0.0000 
0.0000 0.0000 0.0000 1.0000 
0.0000 0.0000 1.0000 0.0000 
0.0000 0.0000 1.0000 0.0000 
0.0775 0.8529 0.0000 0.0695 
0.1310 0.2059 0.4037 0.2594 
0.0936 0.0722 0.7513 0.0829 
0.1658 0.7299 0.0241 0.0802 
0.2567 0.2299 0.2326 0.2807 
0.2246 0.2433 0.2914 0.2406 
0.2781 0.2166 0.2861 0.2193 

MOTIF filter5 
letter-probability matrix: alength= 4 w= 13 nsites= 13 
0.2413 0.2358 0.2433 0.2796 
0.2472 0.2115 0.3234 0.2180 
0.3497 0.2809 0.3013 0.0681 
0.0295 0.0259 0.0376 0.9069 
0.0256 0.0276 0.8638 0.0830 
0.8959 0.0295 0.0464 0.0282 
0.0581 0.4564 0.4492 0.0363 
0.0217 0.0276 0.0256 0.9251 
0.0775 0.8686 0.0259 0.0279 
0.9137 0.0292 0.0311 0.0259 
0.0594 0.3111 0.2906 0.3390 
0.2069 0.3302 0.2248 0.2381 
0.2718 0.2316 0.2481 0.2485 

MOTIF filter6 
letter-probability matrix: alength= 4 w= 14 nsites= 14 
0.2653 0.2764 0.2597 0.1985 
0.1503 0.1020 0.5677 0.1800 
0.0204 0.9722 0.0074 0.0000 
0.5547 0.4453 0.0000 0.0000 
0.9870 0.0037 0.0093 0.0000 
0.2486 0.0297 0.2449 0.4768 
0.6234 0.1466 0.0241 0.2059 
0.0000 0.0000 0.0000 1.0000 
0.0000 0.0000 0.5770 0.4230 
0.0204 0.0130 0.9592 0.0074 
0.1874 0.6364 0.0798 0.0965 
0.1521 0.2375 0.3506 0.2597 
0.1558 0.1150 0.5417 0.1874 
0.1688 0.5640 0.1076 0.1596 

MOTIF filter7 
letter-probability matrix: alength= 4 w= 12 nsites= 12 
0.2442 0.2763 0.2807 0.1988 
0.5088 0.1243 0.2749 0.0921 
0.2442 0.2880 0.4035 0.0643 
0.0000 1.0000 0.0000 0.0000 
0.9971 0.0000 0.0029 0.0000 
0.0000 1.0000 0.0000 0.0000 
0.0015 0.0000 0.9985 0.0000 
0.0000 0.0000 0.0000 1.0000 
0.0000 0.0000 1.0000 0.0000 
0.1594 0.2836 0.3538 0.2032 
0.1520 0.2149 0.1579 0.4751 
0.2193 0.2675 0.2807 0.2325 

MOTIF filter8 
letter-probability matrix: alength= 4 w= 15 nsites= 15 
0.2984 0.2209 0.2132 0.2674 
0.2364 0.2209 0.3256 0.2171 
0.2209 0.2442 0.2829 0.2519 
0.0000 0.8837 0.1163 0.0000 
0.0233 0.9729 0.0039 0.0000 
0.0000 0.0000 1.0000 0.0000 
0.0000 0.0000 1.0000 0.0000 
1.0000 0.0000 0.0000 0.0000 
1.0000 0.0000 0.0000 0.0000 
0.0310 0.0000 0.9690 0.0000 
0.0155 0.3295 0.0039 0.6512 
0.1240 0.0426 0.7829 0.0504 
0.2364 0.2364 0.5155 0.0116 
0.1705 0.4225 0.2519 0.1550 
0.1938 0.3217 0.2558 0.2287 

MOTIF filter9 
letter-probability matrix: alength= 4 w= 14 nsites= 14 
0.1881 0.1964 0.3927 0.2228 
0.1848 0.5974 0.1007 0.1172 
0.2442 0.5380 0.1254 0.0924 
0.5561 0.0000 0.4356 0.0083 
0.4439 0.5561 0.0000 0.0000 
0.1502 0.6155 0.2327 0.0017 
1.0000 0.0000 0.0000 0.0000 
0.0000 0.0000 0.0000 1.0000 
0.0017 0.2310 0.6766 0.0908 
0.0000 0.0000 0.5875 0.4125 
0.0363 0.4406 0.0000 0.5231 
0.0644 0.1386 0.6056 0.1914 
0.1650 0.1271 0.5990 0.1089 
0.1914 0.5347 0.1254 0.1485 

MOTIF filter10 
letter-probability matrix: alength= 4 w= 15 nsites= 15 
0.2310 0.2427 0.2339 0.2924 
0.2573 0.2193 0.2836 0.2398 
0.2339 0.2690 0.2485 0.2485 
0.0117 0.8421 0.1462 0.0000 
0.0234 0.9766 0.0000 0.0000 
0.0000 0.0000 1.0000 0.0000 
0.0000 0.0000 1.0000 0.0000 
1.0000 0.0000 0.0000 0.0000 
1.0000 0.0000 0.0000 0.0000 
0.0205 0.0117 0.9678 0.0000 
0.0292 0.2982 0.0058 0.6667 
0.1930 0.1199 0.6550 0.0322 
0.2485 0.2719 0.4561 0.0234 
0.2251 0.3655 0.2485 0.1608 
0.2368 0.2661 0.2427 0.2544 

MOTIF filter11 
letter-probability matrix: alength= 4 w= 16 nsites= 16 
0.2848 0.3079 0.1921 0.2152 
0.2848 0.2914 0.2020 0.2219 
0.2616 0.2318 0.2450 0.2616 
0.0033 0.8709 0.0596 0.0662 
0.0000 0.1821 0.0000 0.8179 
0.0000 0.2450 0.7384 0.0166 
1.0000 0.0000 0.0000 0.0000 
0.0000 0.0000 0.0000 1.0000 
0.0000 0.0000 0.0000 1.0000 
0.0000 0.0000 1.0000 0.0000 
0.0000 0.0000 1.0000 0.0000 
0.0298 0.4106 0.0000 0.5596 
0.0000 0.4371 0.1291 0.4338 
0.1722 0.4404 0.3377 0.0497 
0.5232 0.1325 0.3013 0.0430 
0.1490 0.1391 0.2748 0.4371 

MOTIF filter12 
letter-probability matrix: alength= 4 w= 12 nsites= 12 
0.2539 0.2633 0.2390 0.2438 
0.2627 0.2654 0.2154 0.2566 
0.2674 0.2485 0.2127 0.2714 
1.0000 0.0000 0.0000 0.0000 
0.0000 0.0000 0.0000 1.0000 
0.0000 0.4004 0.0000 0.5996 
1.0000 0.0000 0.0000 0.0000 
1.0000 0.0000 0.0000 0.0000 
0.5287 0.0000 0.0000 0.4713 
0.2789 0.2282 0.2289 0.2640 
0.2471 0.2343 0.2741 0.2444 
0.2370 0.2721 0.2431 0.2478 

MOTIF filter13 
letter-probability matrix: alength= 4 w= 12 nsites= 12 
0.2440 0.2622 0.2316 0.2622 
0.2440 0.2855 0.2396 0.2309 
0.2600 0.2294 0.2367 0.2739 
0.4501 0.0000 0.0000 0.5499 
0.0000 0.0000 0.0000 1.0000 
0.0000 0.0000 0.0000 1.0000 
0.6344 0.0000 0.3656 0.0000 
1.0000 0.0000 0.0000 0.0000 
0.0000 0.0000 0.0000 1.0000 
0.2462 0.2586 0.2462 0.2491 
0.2513 0.2586 0.2476 0.2425 
0.2527 0.2425 0.2571 0.2476 

MOTIF filter14 
letter-probability matrix: alength= 4 w= 20 nsites= 20 
0.2849 0.3035 0.2104 0.2011 
0.0875 0.0261 0.1453 0.7412 
0.6145 0.1248 0.2104 0.0503 
0.6182 0.1155 0.1620 0.1043 
0.4562 0.0000 0.2775 0.2663 
0.6629 0.1359 0.1825 0.0186 
0.6667 0.1024 0.1769 0.0540 
0.0801 0.1173 0.0000 0.8026 
0.5493 0.3762 0.0596 0.0149 
0.1657 0.1453 0.3501 0.3389 
0.4115 0.0130 0.5196 0.0559 
0.0968 0.1639 0.5661 0.1732 
0.3073 0.2104 0.4153 0.0670 
0.1974 0.0279 0.5829 0.1918 
0.0875 0.1136 0.1136 0.6853 
0.0559 0.4302 0.0708 0.4432 
0.3873 0.0894 0.1583 0.3650 
0.4618 0.0764 0.2421 0.2197 
0.0335 0.4004 0.2980 0.2682 
0.0987 0.0894 0.0577 0.7542 

MOTIF filter15 
letter-probability matrix: alength= 4 w= 14 nsites= 14 
0.2584 0.3176 0.1972 0.2268 
0.2821 0.2446 0.2564 0.2170 
0.2268 0.2465 0.2919 0.2347 
0.0099 0.7515 0.1302 0.1085 
0.0197 0.1381 0.0217 0.8205 
0.0000 0.1913 0.7475 0.0611 
0.9882 0.0039 0.0020 0.0059 
0.0059 0.0000 0.0000 0.9941 
0.0158 0.0000 0.0000 0.9842 
0.0000 0.0000 0.9862 0.0138 
0.0039 0.0079 0.9882 0.0000 
0.0947 0.4004 0.0138 0.4911 
0.0414 0.4339 0.1460 0.3787 
0.2209 0.4280 0.2663 0.0848 

MOTIF filter16 
letter-probability matrix: alength= 4 w= 16 nsites= 16 
0.0343 0.8932 0.0392 0.0333 
0.0010 0.9765 0.0088 0.0137 
0.7953 0.0049 0.0235 0.1763 
0.0372 0.0020 0.0049 0.9559 
0.9931 0.0029 0.0039 0.0000 
0.0000 0.0078 0.0039 0.9882 
0.9745 0.0010 0.0000 0.0245 
0.1861 0.0088 0.0029 0.8022 
0.0059 0.0186 0.9726 0.0029 
0.0049 0.0088 0.9785 0.0078 
0.1195 0.0793 0.3918 0.4094 
0.2302 0.6219 0.1068 0.0411 
0.6876 0.0411 0.0803 0.1910 
0.2380 0.2782 0.2409 0.2429 
0.2331 0.2576 0.2654 0.2439 
0.2478 0.2360 0.2625 0.2537 

MOTIF filter17 
letter-probability matrix: alength= 4 w= 16 nsites= 16 
0.2403 0.2403 0.2704 0.2489 
0.2275 0.2232 0.2833 0.2661 
0.2661 0.0129 0.6910 0.0300 
0.1459 0.0000 0.8112 0.0429 
0.1202 0.0000 0.8798 0.0000 
0.0000 0.0000 1.0000 0.0000 
0.0000 0.0000 1.0000 0.0000 
0.2961 0.6052 0.0000 0.0987 
0.0000 0.0000 1.0000 0.0000 
0.0000 0.0000 1.0000 0.0000 
0.1288 0.0000 0.8712 0.0000 
0.1073 0.0000 0.8927 0.0000 
0.1159 0.6652 0.1717 0.0472 
0.2747 0.1888 0.3133 0.2232 
0.2446 0.3090 0.2146 0.2318 
0.2833 0.2146 0.2532 0.2489 

MOTIF filter18 
letter-probability matrix: alength= 4 w= 16 nsites= 16 
0.4222 0.2148 0.1877 0.1753 
0.0864 0.3605 0.1235 0.4296 
0.0741 0.3136 0.3679 0.2444 
0.4198 0.1235 0.4568 0.0000 
0.5778 0.0099 0.3704 0.0420 
0.0000 1.0000 0.0000 0.0000 
0.0000 1.0000 0.0000 0.0000 
1.0000 0.0000 0.0000 0.0000 
1.0000 0.0000 0.0000 0.0000 
0.0000 0.0000 0.0000 1.0000 
0.0321 0.7728 0.1951 0.0000 
0.8296 0.0025 0.1679 0.0000 
0.0691 0.0765 0.8444 0.0099 
0.2025 0.2864 0.2420 0.2691 
0.2691 0.1926 0.2716 0.2667 
0.2346 0.2741 0.2272 0.2642 

MOTIF filter19 
letter-probability matrix: alength= 4 w= 11 nsites= 11 
0.5593 0.0993 0.2518 0.0896 
0.0000 0.9927 0.0000 0.0073 
0.0000 0.0000 0.0000 1.0000 
0.0000 0.0000 0.0000 1.0000 
0.0000 1.0000 0.0000 0.0000 
0.0000 1.0000 0.0000 0.0000 
0.0000 0.0000 1.0000 0.0000 
0.0000 0.1259 0.8741 0.0000 
0.3002 0.1792 0.2639 0.2567 
0.3220 0.2252 0.2252 0.2276 
0.2736 0.2567 0.2276 0.2421 

MOTIF filter20 
letter-probability matrix: alength= 4 w= 19 nsites= 19 
0.2273 0.2426 0.2601 0.2699 
0.2131 0.2776 0.2765 0.2328 
0.2918 0.2383 0.2273 0.2426 
0.1639 0.0743 0.0459 0.7158 
0.0350 0.0940 0.6525 0.2186 
0.4109 0.3891 0.0743 0.1257 
0.0022 0.9967 0.0000 0.0011 
0.0011 0.9847 0.0033 0.0109 
0.8230 0.0044 0.0098 0.1628 
0.0251 0.0000 0.0033 0.9716 
0.9923 0.0044 0.0022 0.0011 
0.0000 0.0022 0.0011 0.9967 
0.9760 0.0033 0.0000 0.0208 
0.1563 0.0066 0.0033 0.8339 
0.0033 0.0109 0.9858 0.0000 
0.0011 0.0033 0.9923 0.0033 
0.1137 0.0732 0.3825 0.4306 
0.2295 0.6372 0.0929 0.0404 
0.7060 0.0339 0.0776 0.1825 

MOTIF filter21 
letter-probability matrix: alength= 4 w= 12 nsites= 12 
0.2920 0.1680 0.3003 0.2397 
0.5950 0.0799 0.1102 0.2149 
0.1680 0.3416 0.4793 0.0110 
0.0000 0.0000 0.0000 1.0000 
0.0220 0.9780 0.0000 0.0000 
1.0000 0.0000 0.0000 0.0000 
0.0000 0.0000 0.9449 0.0551 
0.0000 1.0000 0.0000 0.0000 
1.0000 0.0000 0.0000 0.0000 
0.4242 0.1598 0.1598 0.2562 
0.4353 0.0083 0.0000 0.5565 
0.3802 0.0579 0.0000 0.5620 

MOTIF filter22 
letter-probability matrix: alength= 4 w= 15 nsites= 15 
0.2089 0.2603 0.2466 0.2842 
0.1473 0.1541 0.4075 0.2911 
0.0068 0.5068 0.2363 0.2500 
0.0479 0.7021 0.1199 0.1301 
0.7842 0.0000 0.2158 0.0000 
0.0000 0.9486 0.0068 0.0445 
0.0000 0.0000 0.0000 1.0000 
0.0000 0.0000 0.0000 1.0000 
0.0000 1.0000 0.0000 0.0000 
0.0000 1.0000 0.0000 0.0000 
0.0000 0.0000 0.9692 0.0308 
0.0000 0.1473 0.8425 0.0103 
0.2603 0.2123 0.2500 0.2774 
0.2671 0.2260 0.2329 0.2740 
0.2603 0.1849 0.2397 0.3151 

MOTIF filter23 
letter-probability matrix: alength= 4 w= 16 nsites= 16 
0.2317 0.2805 0.2317 0.2561 
0.5183 0.0091 0.1463 0.3262 
0.6463 0.0122 0.0427 0.2988 
0.4482 0.0000 0.0305 0.5213 
0.2896 0.1524 0.1585 0.3994 
0.0061 0.0000 0.0000 0.9939 
0.0000 0.0000 1.0000 0.0000 
0.0183 0.9817 0.0000 0.0000 
0.0000 0.0000 0.0000 1.0000 
0.0000 0.0000 0.9939 0.0061 
1.0000 0.0000 0.0000 0.0000 
0.0244 0.5091 0.3110 0.1555 
0.2104 0.1220 0.0366 0.6311 
0.1860 0.3780 0.1220 0.3140 
0.5183 0.0518 0.1860 0.2439 
0.1677 0.0457 0.5274 0.2591 

MOTIF filter24 
letter-probability matrix: alength= 4 w= 15 nsites= 15 
0.2617 0.2266 0.2031 0.3086 
0.2461 0.2695 0.2227 0.2617 
0.2070 0.2734 0.2188 0.3008 
0.1953 0.7461 0.0039 0.0547 
0.2500 0.1797 0.0625 0.5078 
0.2422 0.1602 0.3438 0.2539 
0.7109 0.0195 0.0625 0.2070 
0.1406 0.3320 0.4883 0.0391 
0.0000 0.0000 0.0000 1.0000 
0.0000 1.0000 0.0000 0.0000 
1.0000 0.0000 0.0000 0.0000 
0.0000 0.0000 1.0000 0.0000 
0.0000 1.0000 0.0000 0.0000 
0.9883 0.0000 0.0000 0.0117 
0.4414 0.1367 0.1289 0.2930 

MOTIF filter25 
letter-probability matrix: alength= 4 w= 13 nsites= 13 
0.3132 0.2447 0.2474 0.1947 
0.2526 0.3026 0.2237 0.2211 
0.0789 0.1605 0.5263 0.2342 
0.0000 0.8447 0.0158 0.1395 
0.0000 0.8211 0.0000 0.1789 
0.0000 1.0000 0.0000 0.0000 
0.0000 1.0000 0.0000 0.0000 
0.1105 0.0000 0.5842 0.3053 
0.0000 1.0000 0.0000 0.0000 
0.0000 1.0000 0.0000 0.0000 
0.0000 0.7921 0.0000 0.2079 
0.0816 0.8158 0.0000 0.1026 
0.0526 0.6368 0.0579 0.2526 

MOTIF filter26 
letter-probability matrix: alength= 4 w= 16 nsites= 16 
0.2554 0.2732 0.2363 0.2351 
0.2402 0.2681 0.2503 0.2414 
0.1042 0.0534 0.3418 0.5006 
0.0064 0.9136 0.0000 0.0801 
0.0000 0.0000 0.0000 1.0000 
1.0000 0.0000 0.0000 0.0000 
0.2363 0.0000 0.0000 0.7637 
0.4307 0.0000 0.0000 0.5693 
0.5324 0.0000 0.0000 0.4676 
0.6874 0.0000 0.0000 0.3126 
0.0000 0.0000 0.0000 1.0000 
1.0000 0.0000 0.0000 0.0000 
0.0699 0.0000 0.9034 0.0267 
0.4816 0.3583 0.0407 0.1194 
0.2986 0.2287 0.2554 0.2173 
0.2529 0.2706 0.2376 0.2389 

MOTIF filter27 
letter-probability matrix: alength= 4 w= 14 nsites= 14 
0.2308 0.2393 0.2564 0.2735 
0.2450 0.2251 0.2479 0.2821 
0.2222 0.2450 0.3020 0.2308 
0.2707 0.0513 0.6154 0.0627 
0.0997 0.0000 0.8604 0.0399 
0.1652 0.0000 0.8348 0.0000 
0.0000 0.0000 1.0000 0.0000 
0.0000 0.0000 1.0000 0.0000 
0.2877 0.5641 0.0000 0.1481 
0.0000 0.0000 1.0000 0.0000 
0.0000 0.0000 1.0000 0.0000 
0.1624 0.0000 0.8376 0.0000 
0.1937 0.0285 0.7778 0.0000 
0.1966 0.5499 0.1766 0.0769 

MOTIF filter28 
letter-probability matrix: alength= 4 w= 16 nsites= 16 
0.2518 0.2605 0.2367 0.2510 
0.2518 0.2677 0.2383 0.2423 
0.1485 0.0882 0.3272 0.4361 
0.0612 0.7887 0.0103 0.1398 
0.0032 0.0357 0.0056 0.9555 
0.9841 0.0056 0.0040 0.0064 
0.2986 0.0064 0.0111 0.6839 
0.4543 0.0071 0.0056 0.5330 
0.5353 0.0032 0.0024 0.4591 
0.6823 0.0079 0.0008 0.3090 
0.0135 0.0095 0.0087 0.9682 
0.9579 0.0064 0.0286 0.0071 
0.1454 0.0103 0.7903 0.0540 
0.4178 0.3527 0.0659 0.1636 
0.2542 0.2407 0.2629 0.2423 
0.2573 0.2685 0.2383 0.2359 

MOTIF filter29 
letter-probability matrix: alength= 4 w= 16 nsites= 16 
0.2910 0.2090 0.2985 0.2015 
0.2948 0.3097 0.2201 0.1754 
0.0784 0.1978 0.5112 0.2127 
0.0000 0.8657 0.0037 0.1306 
0.0037 0.8955 0.0000 0.1007 
0.0000 1.0000 0.0000 0.0000 
0.0000 1.0000 0.0000 0.0000 
0.0821 0.0000 0.6940 0.2239 
0.0000 1.0000 0.0000 0.0000 
0.0000 1.0000 0.0000 0.0000 
0.0000 0.8843 0.0000 0.1157 
0.0634 0.8843 0.0000 0.0522 
0.0149 0.6604 0.0485 0.2761 
0.2239 0.2687 0.2537 0.2537 
0.2761 0.2239 0.2052 0.2948 
0.2052 0.2948 0.2351 0.2649 

MOTIF filter30 
letter-probability matrix: alength= 4 w= 12 nsites= 12 
0.2349 0.2479 0.2444 0.2728 
0.4223 0.1874 0.2586 0.1317 
0.2456 0.3155 0.3144 0.1246 
0.0000 1.0000 0.0000 0.0000 
1.0000 0.0000 0.0000 0.0000 
0.0000 0.9988 0.0000 0.0012 
0.0036 0.0000 0.9964 0.0000 
0.0000 0.0000 0.0000 1.0000 
0.0000 0.0000 1.0000 0.0000 
0.1139 0.3191 0.3440 0.2230 
0.1293 0.2550 0.1234 0.4923 
0.2586 0.2313 0.2491 0.2610 

MOTIF filter31 
letter-probability matrix: alength= 4 w= 15 nsites= 15 
0.2345 0.2763 0.2522 0.2370 
0.2357 0.2560 0.2586 0.2497 
0.5260 0.1115 0.3523 0.0101 
0.0000 0.0000 0.0000 1.0000 
0.0000 0.0000 0.0304 0.9696 
0.2928 0.0000 0.6375 0.0697 
0.0025 0.9316 0.0000 0.0659 
0.0786 0.0000 0.9214 0.0000 
0.0722 0.6984 0.0000 0.2294 
0.9734 0.0266 0.0000 0.0000 
1.0000 0.0000 0.0000 0.0000 
0.0063 0.3536 0.1267 0.5133 
0.2763 0.2484 0.2801 0.1952 
0.2433 0.2091 0.2636 0.2839 
0.2548 0.2205 0.2687 0.2560 

