MEME version 4

ALPHABET= ACGT

Background letter frequencies:
A 0.2500 C 0.2500 G 0.2500 T 0.2500 

MOTIF filter0 
letter-probability matrix: alength= 4 w= 13 nsites= 13 
0.2250 0.2560 0.2162 0.3028 
0.0422 0.0804 0.0391 0.8382 
0.0468 0.0296 0.0876 0.8361 
0.2071 0.6932 0.0482 0.0515 
0.0670 0.6018 0.0157 0.3154 
0.2439 0.2403 0.2613 0.2546 
0.3028 0.0048 0.6154 0.0771 
0.0518 0.0227 0.7390 0.1866 
0.8626 0.0876 0.0236 0.0262 
0.9019 0.0279 0.0370 0.0332 
0.3853 0.1878 0.2341 0.1928 
0.2312 0.2415 0.2415 0.2859 
0.2522 0.2214 0.2761 0.2503 

MOTIF filter1 
letter-probability matrix: alength= 4 w= 20 nsites= 20 
0.2907 0.2364 0.2304 0.2425 
0.1508 0.0688 0.0386 0.7419 
0.0302 0.0832 0.6683 0.2183 
0.4150 0.3993 0.0700 0.1158 
0.0000 1.0000 0.0000 0.0000 
0.0000 0.9940 0.0000 0.0060 
0.8311 0.0000 0.0072 0.1616 
0.0121 0.0000 0.0000 0.9879 
1.0000 0.0000 0.0000 0.0000 
0.0000 0.0000 0.0012 0.9988 
0.9891 0.0000 0.0000 0.0109 
0.1472 0.0024 0.0000 0.8504 
0.0024 0.0048 0.9928 0.0000 
0.0000 0.0012 0.9976 0.0012 
0.1074 0.0688 0.3920 0.4318 
0.2244 0.6562 0.0893 0.0302 
0.7310 0.0302 0.0639 0.1749 
0.2328 0.2750 0.2461 0.2461 
0.2220 0.2630 0.2654 0.2497 
0.2497 0.2352 0.2678 0.2473 

MOTIF filter2 
letter-probability matrix: alength= 4 w= 13 nsites= 13 
0.0977 0.4224 0.2356 0.2443 
0.0718 0.6149 0.1552 0.1580 
0.7241 0.0057 0.2615 0.0086 
0.0000 0.9598 0.0057 0.0345 
0.0000 0.0000 0.0000 1.0000 
0.0000 0.0000 0.0000 1.0000 
0.0000 1.0000 0.0000 0.0000 
0.0000 1.0000 0.0000 0.0000 
0.0000 0.0000 0.9799 0.0201 
0.0000 0.1494 0.8477 0.0029 
0.3448 0.1868 0.2155 0.2529 
0.3161 0.2299 0.2011 0.2529 
0.2586 0.1983 0.2644 0.2787 

MOTIF filter3 
letter-probability matrix: alength= 4 w= 15 nsites= 15 
0.2521 0.2479 0.2411 0.2589 
0.2452 0.2576 0.2541 0.2431 
0.1497 0.1003 0.3221 0.4279 
0.0742 0.7672 0.0082 0.1504 
0.0034 0.0419 0.0096 0.9451 
0.9691 0.0076 0.0124 0.0110 
0.2878 0.0082 0.0144 0.6896 
0.4485 0.0089 0.0082 0.5343 
0.5158 0.0103 0.0069 0.4670 
0.6573 0.0089 0.0027 0.3310 
0.0172 0.0213 0.0220 0.9396 
0.9203 0.0117 0.0543 0.0137 
0.1408 0.0103 0.7837 0.0652 
0.4155 0.3441 0.0762 0.1641 
0.2603 0.2555 0.2562 0.2280 

MOTIF filter4 
letter-probability matrix: alength= 4 w= 15 nsites= 15 
0.2375 0.2536 0.2500 0.2589 
0.2107 0.2875 0.2446 0.2571 
0.5429 0.1000 0.3571 0.0000 
0.0000 0.0000 0.0000 1.0000 
0.0000 0.0000 0.0196 0.9804 
0.2946 0.0000 0.6661 0.0393 
0.0000 0.9643 0.0000 0.0357 
0.0375 0.0000 0.9625 0.0000 
0.0464 0.7732 0.0000 0.1804 
0.9982 0.0018 0.0000 0.0000 
1.0000 0.0000 0.0000 0.0000 
0.0000 0.3482 0.0857 0.5661 
0.2696 0.2500 0.2661 0.2143 
0.2196 0.2179 0.2839 0.2786 
0.2571 0.2357 0.2732 0.2339 

MOTIF filter5 
letter-probability matrix: alength= 4 w= 16 nsites= 16 
0.2614 0.2614 0.2438 0.2335 
0.2531 0.2676 0.2655 0.2138 
0.1198 0.0620 0.3409 0.4773 
0.0320 0.8667 0.0031 0.0981 
0.0021 0.0010 0.0031 0.9938 
0.9917 0.0021 0.0031 0.0031 
0.2665 0.0031 0.0103 0.7200 
0.4432 0.0041 0.0021 0.5506 
0.5300 0.0000 0.0010 0.4690 
0.6736 0.0031 0.0000 0.3233 
0.0031 0.0000 0.0000 0.9969 
0.9804 0.0031 0.0093 0.0072 
0.0950 0.0031 0.8636 0.0382 
0.4618 0.3554 0.0455 0.1374 
0.2717 0.2273 0.2552 0.2459 
0.2479 0.2851 0.2211 0.2459 

MOTIF filter6 
letter-probability matrix: alength= 4 w= 14 nsites= 14 
0.0919 0.3403 0.1545 0.4134 
0.0981 0.3132 0.3549 0.2338 
0.4008 0.1336 0.4322 0.0334 
0.4739 0.0292 0.4322 0.0647 
0.0000 1.0000 0.0000 0.0000 
0.0000 0.8372 0.0000 0.1628 
0.8288 0.0063 0.1649 0.0000 
1.0000 0.0000 0.0000 0.0000 
0.0000 0.0000 0.0000 1.0000 
0.0188 0.6305 0.1086 0.2422 
0.6096 0.0000 0.3904 0.0000 
0.0104 0.0230 0.9666 0.0000 
0.1670 0.3278 0.1524 0.3528 
0.1754 0.2672 0.2735 0.2839 

MOTIF filter7 
letter-probability matrix: alength= 4 w= 14 nsites= 14 
0.2201 0.2864 0.2540 0.2395 
0.2557 0.2573 0.2152 0.2718 
0.1861 0.5631 0.1618 0.0890 
0.9709 0.0000 0.0227 0.0065 
0.9191 0.0146 0.0631 0.0032 
0.4013 0.1165 0.4369 0.0453 
0.9984 0.0000 0.0016 0.0000 
0.0000 0.0000 0.0000 1.0000 
0.0113 0.0000 0.9887 0.0000 
0.0000 0.0000 1.0000 0.0000 
0.1537 0.7006 0.0113 0.1343 
0.1634 0.2055 0.3625 0.2686 
0.1375 0.1343 0.6278 0.1003 
0.1796 0.6197 0.0680 0.1327 

MOTIF filter8 
letter-probability matrix: alength= 4 w= 12 nsites= 12 
0.2375 0.2654 0.2515 0.2456 
0.4342 0.1863 0.2817 0.0978 
0.2386 0.3201 0.3434 0.0978 
0.0000 1.0000 0.0000 0.0000 
1.0000 0.0000 0.0000 0.0000 
0.0000 1.0000 0.0000 0.0000 
0.0081 0.0000 0.9919 0.0000 
0.0000 0.0000 0.0000 1.0000 
0.0000 0.0000 1.0000 0.0000 
0.1444 0.3248 0.3155 0.2154 
0.1513 0.2212 0.1548 0.4726 
0.2456 0.2456 0.2584 0.2503 

MOTIF filter9 
letter-probability matrix: alength= 4 w= 15 nsites= 15 
0.2707 0.1624 0.3390 0.2279 
0.6011 0.0655 0.1254 0.2080 
0.1709 0.3048 0.4929 0.0313 
0.0000 0.0000 0.0000 1.0000 
0.0142 0.9858 0.0000 0.0000 
1.0000 0.0000 0.0000 0.0000 
0.0000 0.0000 0.9915 0.0085 
0.0000 1.0000 0.0000 0.0000 
0.9915 0.0000 0.0000 0.0085 
0.4330 0.1624 0.1339 0.2707 
0.4217 0.0541 0.0085 0.5157 
0.3960 0.0684 0.0000 0.5356 
0.3105 0.1254 0.0228 0.5413 
0.2764 0.2222 0.2536 0.2479 
0.2678 0.2906 0.2165 0.2251 

MOTIF filter10 
letter-probability matrix: alength= 4 w= 19 nsites= 19 
0.1731 0.1151 0.0749 0.6369 
0.0562 0.1222 0.6057 0.2159 
0.3961 0.3738 0.0910 0.1392 
0.0161 0.9465 0.0321 0.0054 
0.0018 0.9643 0.0178 0.0161 
0.7690 0.0152 0.0169 0.1989 
0.0428 0.0018 0.0071 0.9483 
0.9697 0.0116 0.0116 0.0071 
0.0062 0.0045 0.0098 0.9795 
0.9536 0.0062 0.0027 0.0375 
0.2025 0.0169 0.0152 0.7654 
0.0098 0.0357 0.9492 0.0054 
0.0134 0.0205 0.9545 0.0116 
0.1240 0.0803 0.3907 0.4050 
0.2435 0.5986 0.1088 0.0491 
0.6637 0.0491 0.0865 0.2007 
0.2373 0.2792 0.2364 0.2471 
0.2302 0.2605 0.2632 0.2462 
0.2444 0.2284 0.2703 0.2569 

MOTIF filter11 
letter-probability matrix: alength= 4 w= 15 nsites= 15 
0.2747 0.2360 0.2185 0.2709 
0.2722 0.2509 0.2297 0.2472 
0.1336 0.1973 0.1423 0.5268 
0.0000 0.0000 0.0000 1.0000 
0.0000 0.0000 0.0025 0.9975 
0.0424 0.9576 0.0000 0.0000 
0.0025 0.7965 0.0000 0.2010 
0.2459 0.2210 0.2534 0.2797 
0.2010 0.0000 0.7915 0.0075 
0.0000 0.0000 0.9638 0.0362 
0.9988 0.0012 0.0000 0.0000 
1.0000 0.0000 0.0000 0.0000 
0.5343 0.1223 0.2085 0.1348 
0.2434 0.2722 0.2497 0.2347 
0.2597 0.2360 0.2634 0.2409 

MOTIF filter12 
letter-probability matrix: alength= 4 w= 18 nsites= 18 
0.2467 0.2782 0.2572 0.2178 
0.3281 0.2940 0.2231 0.1549 
0.2835 0.2231 0.2493 0.2441 
0.0551 0.7402 0.1181 0.0866 
0.0052 0.1286 0.0105 0.8556 
0.0026 0.2336 0.7244 0.0394 
0.9816 0.0052 0.0131 0.0000 
0.0525 0.0000 0.0157 0.9318 
0.0000 0.0367 0.0026 0.9606 
0.0000 0.0604 0.9396 0.0000 
0.1365 0.0000 0.8635 0.0000 
0.1417 0.3517 0.0000 0.5066 
0.0052 0.3780 0.0840 0.5328 
0.1969 0.5223 0.2178 0.0630 
0.5512 0.1181 0.2677 0.0630 
0.1050 0.1076 0.3281 0.4593 
0.2598 0.1181 0.2441 0.3780 
0.0026 0.3150 0.1732 0.5092 

MOTIF filter13 
letter-probability matrix: alength= 4 w= 16 nsites= 16 
0.2203 0.2810 0.2684 0.2304 
0.2759 0.2557 0.2278 0.2405 
0.1570 0.6354 0.1316 0.0759 
0.9924 0.0000 0.0076 0.0000 
0.9696 0.0051 0.0203 0.0051 
0.4127 0.0835 0.4785 0.0253 
1.0000 0.0000 0.0000 0.0000 
0.0000 0.0000 0.0000 1.0000 
0.0000 0.0000 1.0000 0.0000 
0.0000 0.0000 1.0000 0.0000 
0.0633 0.8127 0.0000 0.1241 
0.1114 0.2025 0.4101 0.2759 
0.0785 0.1013 0.7519 0.0684 
0.1316 0.7595 0.0177 0.0911 
0.2810 0.2127 0.2228 0.2835 
0.2481 0.2203 0.3013 0.2304 

MOTIF filter14 
letter-probability matrix: alength= 4 w= 18 nsites= 18 
0.2697 0.5124 0.0996 0.1183 
0.4046 0.0581 0.0851 0.4523 
0.5560 0.0539 0.1266 0.2635 
0.6266 0.0166 0.0145 0.3423 
0.2178 0.2261 0.3859 0.1701 
0.0000 0.0000 0.0000 1.0000 
0.0000 0.6390 0.3610 0.0000 
0.6494 0.3506 0.0000 0.0000 
0.0000 0.0000 0.5498 0.4502 
0.0000 0.5602 0.4398 0.0000 
1.0000 0.0000 0.0000 0.0000 
0.2261 0.3485 0.1950 0.2303 
0.3631 0.0145 0.0000 0.6224 
0.3154 0.1598 0.0290 0.4959 
0.3880 0.0726 0.0353 0.5041 
0.2386 0.1432 0.4025 0.2158 
0.2407 0.2510 0.2759 0.2324 
0.2490 0.2324 0.2510 0.2676 

MOTIF filter15 
letter-probability matrix: alength= 4 w= 16 nsites= 16 
0.2353 0.2136 0.2322 0.3189 
0.2167 0.2663 0.2724 0.2446 
0.1300 0.1672 0.4272 0.2755 
0.0031 0.5325 0.2167 0.2477 
0.0929 0.6378 0.1176 0.1517 
0.7028 0.0217 0.2415 0.0341 
0.0000 0.9536 0.0093 0.0372 
0.0000 0.0000 0.0000 1.0000 
0.0000 0.0000 0.0000 1.0000 
0.0000 1.0000 0.0000 0.0000 
0.0000 1.0000 0.0000 0.0000 
0.0000 0.0000 0.9907 0.0093 
0.0000 0.1517 0.8421 0.0062 
0.2322 0.2012 0.2601 0.3065 
0.2136 0.2198 0.2817 0.2848 
0.2601 0.2105 0.2322 0.2972 

MOTIF filter16 
letter-probability matrix: alength= 4 w= 12 nsites= 12 
0.2154 0.2742 0.2656 0.2448 
0.4529 0.1995 0.2154 0.1322 
0.2277 0.3403 0.3121 0.1200 
0.0000 1.0000 0.0000 0.0000 
1.0000 0.0000 0.0000 0.0000 
0.0000 0.9988 0.0000 0.0012 
0.0000 0.0000 1.0000 0.0000 
0.0000 0.0000 0.0000 1.0000 
0.0000 0.0000 1.0000 0.0000 
0.1261 0.2791 0.3513 0.2436 
0.1457 0.2375 0.1285 0.4884 
0.2411 0.2252 0.2754 0.2583 

MOTIF filter17 
letter-probability matrix: alength= 4 w= 15 nsites= 15 
0.1723 0.2672 0.2321 0.3285 
0.2161 0.3766 0.2569 0.1504 
0.4234 0.2876 0.1956 0.0934 
0.1883 0.0044 0.2482 0.5591 
0.0934 0.0088 0.7971 0.1007 
0.3255 0.0161 0.0029 0.6555 
0.0000 0.0745 0.9182 0.0073 
0.5723 0.0029 0.0058 0.4190 
0.0642 0.8321 0.1036 0.0000 
0.4861 0.0015 0.0073 0.5051 
0.0526 0.8774 0.0000 0.0701 
0.8190 0.1197 0.0015 0.0599 
0.0613 0.1080 0.4131 0.4175 
0.2613 0.2292 0.4058 0.1036 
0.1372 0.1562 0.3504 0.3562 

MOTIF filter18 
letter-probability matrix: alength= 4 w= 12 nsites= 12 
0.2421 0.2530 0.2415 0.2633 
0.2579 0.2500 0.2361 0.2561 
0.2609 0.2306 0.2458 0.2627 
0.6356 0.0000 0.0000 0.3644 
0.0000 0.0000 0.0000 1.0000 
0.0000 0.0460 0.0000 0.9540 
0.9485 0.0000 0.0515 0.0000 
1.0000 0.0000 0.0000 0.0000 
0.3753 0.0000 0.0000 0.6247 
0.2573 0.2397 0.2512 0.2518 
0.2530 0.2397 0.2621 0.2452 
0.2615 0.2470 0.2415 0.2500 

MOTIF filter19 
letter-probability matrix: alength= 4 w= 15 nsites= 15 
0.2746 0.3264 0.1943 0.2047 
0.2539 0.2798 0.2280 0.2383 
0.2409 0.2487 0.2461 0.2642 
0.0052 0.7798 0.1088 0.1062 
0.0000 0.1684 0.0000 0.8316 
0.0000 0.2591 0.7202 0.0207 
1.0000 0.0000 0.0000 0.0000 
0.0000 0.0000 0.0000 1.0000 
0.0000 0.0000 0.0000 1.0000 
0.0000 0.0000 1.0000 0.0000 
0.0000 0.0000 1.0000 0.0000 
0.0311 0.4093 0.0026 0.5570 
0.0104 0.4404 0.1399 0.4093 
0.1788 0.4275 0.3161 0.0777 
0.4689 0.1528 0.3083 0.0699 

MOTIF filter20 
letter-probability matrix: alength= 4 w= 15 nsites= 15 
0.4588 0.2253 0.1484 0.1676 
0.0522 0.3626 0.1264 0.4588 
0.0714 0.3352 0.3709 0.2225 
0.4478 0.0879 0.4643 0.0000 
0.5824 0.0055 0.3736 0.0385 
0.0000 1.0000 0.0000 0.0000 
0.0000 1.0000 0.0000 0.0000 
1.0000 0.0000 0.0000 0.0000 
1.0000 0.0000 0.0000 0.0000 
0.0000 0.0000 0.0000 1.0000 
0.0192 0.7527 0.2280 0.0000 
0.8407 0.0027 0.1566 0.0000 
0.0769 0.0824 0.8214 0.0192 
0.2335 0.2747 0.2555 0.2363 
0.2885 0.1951 0.2582 0.2582 

MOTIF filter21 
letter-probability matrix: alength= 4 w= 17 nsites= 17 
0.2448 0.2272 0.2352 0.2928 
0.1920 0.3040 0.2416 0.2624 
0.2832 0.2336 0.2112 0.2720 
0.1392 0.0544 0.0288 0.7776 
0.0224 0.0688 0.8128 0.0960 
0.4080 0.3776 0.0880 0.1264 
0.0016 0.9952 0.0000 0.0032 
0.0000 0.9936 0.0032 0.0032 
0.9072 0.0000 0.0080 0.0848 
0.0160 0.0016 0.0016 0.9808 
0.9968 0.0016 0.0016 0.0000 
0.0000 0.0064 0.0032 0.9904 
0.9936 0.0016 0.0032 0.0016 
0.0944 0.0080 0.0032 0.8944 
0.0016 0.0128 0.9856 0.0000 
0.0016 0.0016 0.9936 0.0032 
0.0640 0.0624 0.4464 0.4272 

MOTIF filter22 
letter-probability matrix: alength= 4 w= 15 nsites= 15 
0.2575 0.2385 0.2222 0.2818 
0.2575 0.2168 0.2791 0.2466 
0.2249 0.2656 0.2493 0.2602 
0.0054 0.8428 0.1518 0.0000 
0.0217 0.9783 0.0000 0.0000 
0.0000 0.0000 1.0000 0.0000 
0.0000 0.0000 1.0000 0.0000 
1.0000 0.0000 0.0000 0.0000 
1.0000 0.0000 0.0000 0.0000 
0.0379 0.0054 0.9566 0.0000 
0.0244 0.3062 0.0108 0.6585 
0.1843 0.1111 0.6504 0.0542 
0.2602 0.2602 0.4553 0.0244 
0.2141 0.3550 0.2547 0.1762 
0.2276 0.2900 0.2493 0.2331 

MOTIF filter23 
letter-probability matrix: alength= 4 w= 17 nsites= 17 
0.2665 0.2246 0.2575 0.2515 
0.2605 0.2814 0.2305 0.2275 
0.5269 0.0180 0.1377 0.3174 
0.6527 0.0210 0.0389 0.2874 
0.4431 0.0000 0.0329 0.5240 
0.3114 0.1587 0.1347 0.3952 
0.0120 0.0000 0.0000 0.9880 
0.0000 0.0000 1.0000 0.0000 
0.0120 0.9880 0.0000 0.0000 
0.0000 0.0000 0.0000 1.0000 
0.0000 0.0000 0.9790 0.0210 
1.0000 0.0000 0.0000 0.0000 
0.0269 0.5030 0.3174 0.1527 
0.1916 0.1198 0.0629 0.6257 
0.1826 0.3892 0.1198 0.3084 
0.5210 0.0479 0.1856 0.2455 
0.1497 0.0509 0.5479 0.2515 

MOTIF filter24 
letter-probability matrix: alength= 4 w= 18 nsites= 18 
0.2887 0.2570 0.2289 0.2254 
0.2993 0.2887 0.2148 0.1972 
0.2500 0.2394 0.2430 0.2676 
0.0915 0.0070 0.7218 0.1796 
0.0669 0.7500 0.0915 0.0915 
0.3028 0.3451 0.2641 0.0880 
0.0387 0.0000 0.8838 0.0775 
0.0000 1.0000 0.0000 0.0000 
0.0000 1.0000 0.0000 0.0000 
1.0000 0.0000 0.0000 0.0000 
0.0000 0.0000 0.0000 1.0000 
0.0070 0.4859 0.1268 0.3803 
0.0000 0.0246 0.0035 0.9718 
0.0000 0.0141 0.0000 0.9859 
0.0634 0.0739 0.7641 0.0986 
0.3028 0.2183 0.2606 0.2183 
0.1901 0.2641 0.2641 0.2817 
0.2218 0.2923 0.2430 0.2430 

MOTIF filter25 
letter-probability matrix: alength= 4 w= 14 nsites= 14 
0.2468 0.2774 0.2481 0.2277 
0.2545 0.2455 0.2659 0.2341 
0.2570 0.1476 0.3791 0.2163 
0.4911 0.0560 0.4529 0.0000 
0.0000 0.0000 0.0000 1.0000 
0.0000 0.0000 1.0000 0.0000 
1.0000 0.0000 0.0000 0.0000 
0.0013 0.5038 0.4949 0.0000 
0.0000 0.0000 0.0000 1.0000 
0.0000 1.0000 0.0000 0.0000 
1.0000 0.0000 0.0000 0.0000 
0.0000 0.3206 0.2481 0.4313 
0.2252 0.3550 0.2137 0.2061 
0.2545 0.2226 0.2672 0.2557 

MOTIF filter26 
letter-probability matrix: alength= 4 w= 13 nsites= 13 
0.2415 0.2462 0.2591 0.2532 
0.1993 0.1876 0.3927 0.2204 
0.4420 0.2122 0.3458 0.0000 
0.0000 0.0000 0.0000 1.0000 
0.0000 0.0000 0.9977 0.0023 
1.0000 0.0000 0.0000 0.0000 
0.0000 0.4877 0.5111 0.0012 
0.0000 0.0000 0.0000 1.0000 
0.0000 1.0000 0.0000 0.0000 
1.0000 0.0000 0.0000 0.0000 
0.0059 0.3798 0.1653 0.4490 
0.2216 0.3716 0.1536 0.2532 
0.2450 0.2181 0.2872 0.2497 

MOTIF filter27 
letter-probability matrix: alength= 4 w= 16 nsites= 16 
0.2430 0.2253 0.2633 0.2684 
0.2354 0.2430 0.2506 0.2709 
0.2329 0.2430 0.2709 0.2532 
0.2481 0.0684 0.6152 0.0684 
0.1291 0.0000 0.7823 0.0886 
0.1772 0.0000 0.8228 0.0000 
0.0000 0.0000 1.0000 0.0000 
0.0000 0.0000 1.0000 0.0000 
0.3139 0.5544 0.0000 0.1316 
0.0000 0.0000 1.0000 0.0000 
0.0000 0.0000 1.0000 0.0000 
0.1595 0.0000 0.8405 0.0000 
0.2127 0.0329 0.7544 0.0000 
0.1722 0.5646 0.1848 0.0785 
0.2608 0.2000 0.2835 0.2557 
0.2329 0.3063 0.2253 0.2354 

MOTIF filter28 
letter-probability matrix: alength= 4 w= 18 nsites= 18 
0.3074 0.2451 0.1868 0.2607 
0.2179 0.2918 0.2646 0.2257 
0.1907 0.2568 0.2763 0.2763 
0.1323 0.0156 0.7237 0.1284 
0.0778 0.7743 0.1051 0.0428 
0.2685 0.3735 0.2529 0.1051 
0.0545 0.0000 0.8794 0.0661 
0.0000 1.0000 0.0000 0.0000 
0.0000 1.0000 0.0000 0.0000 
1.0000 0.0000 0.0000 0.0000 
0.0000 0.0000 0.0000 1.0000 
0.0039 0.4708 0.1673 0.3580 
0.0000 0.0000 0.0000 1.0000 
0.0000 0.0039 0.0000 0.9961 
0.0506 0.0623 0.7743 0.1128 
0.2724 0.2140 0.2529 0.2607 
0.2101 0.3035 0.2529 0.2335 
0.2218 0.2724 0.2763 0.2296 

MOTIF filter29 
letter-probability matrix: alength= 4 w= 14 nsites= 14 
0.2514 0.2626 0.2402 0.2458 
0.1291 0.2065 0.4186 0.2458 
0.0000 0.6184 0.1302 0.2514 
0.0247 0.6914 0.0011 0.2828 
0.0079 0.9820 0.0067 0.0034 
0.0056 0.9742 0.0079 0.0123 
0.1717 0.0045 0.5017 0.3221 
0.0123 0.9798 0.0022 0.0056 
0.0067 0.9877 0.0011 0.0045 
0.0056 0.7093 0.0011 0.2840 
0.1560 0.6554 0.0045 0.1841 
0.0976 0.5140 0.1178 0.2705 
0.2290 0.2750 0.2548 0.2413 
0.2761 0.2536 0.2346 0.2357 

MOTIF filter30 
letter-probability matrix: alength= 4 w= 17 nsites= 17 
0.3429 0.1263 0.1808 0.3501 
0.3429 0.1506 0.2382 0.2683 
0.4964 0.1549 0.0588 0.2898 
0.1406 0.0990 0.0674 0.6930 
0.0473 0.0617 0.3372 0.5538 
0.4003 0.0000 0.5768 0.0230 
0.0760 0.6098 0.3113 0.0029 
0.0000 0.0000 0.0000 1.0000 
0.0000 0.3156 0.6801 0.0043 
1.0000 0.0000 0.0000 0.0000 
0.0287 0.5466 0.3644 0.0603 
0.0459 0.3128 0.0014 0.6399 
0.3027 0.5768 0.0574 0.0631 
0.7733 0.0574 0.0732 0.0961 
0.1535 0.0603 0.3501 0.4362 
0.2898 0.2410 0.2109 0.2582 
0.2511 0.2080 0.2582 0.2826 

MOTIF filter31 
letter-probability matrix: alength= 4 w= 16 nsites= 16 
0.2176 0.2604 0.2500 0.2720 
0.2435 0.2461 0.2552 0.2552 
0.2526 0.2539 0.2409 0.2526 
0.5130 0.1101 0.3640 0.0130 
0.0000 0.0000 0.0000 1.0000 
0.0000 0.0000 0.0259 0.9741 
0.2824 0.0000 0.6554 0.0622 
0.0000 0.9404 0.0000 0.0596 
0.0570 0.0000 0.9430 0.0000 
0.0751 0.6503 0.0000 0.2746 
0.9624 0.0376 0.0000 0.0000 
1.0000 0.0000 0.0000 0.0000 
0.0130 0.3472 0.1308 0.5091 
0.2785 0.2448 0.2837 0.1930 
0.2474 0.1956 0.2707 0.2863 
0.2500 0.2422 0.2694 0.2383 

