MEME version 4

ALPHABET= ACGT

Background letter frequencies:
A 0.2500 C 0.2500 G 0.2500 T 0.2500 

MOTIF filter0 
letter-probability matrix: alength= 4 w= 14 nsites= 14 
0.2688 0.2340 0.2617 0.2356 
0.4767 0.2909 0.1486 0.0838 
0.1012 0.0300 0.1881 0.6806 
0.1557 0.2435 0.0672 0.5336 
0.0443 0.0870 0.1881 0.6806 
0.1178 0.5328 0.0071 0.3423 
0.3178 0.0000 0.6308 0.0514 
0.3549 0.6300 0.0063 0.0087 
0.6538 0.0870 0.2292 0.0300 
0.8593 0.0000 0.1249 0.0158 
0.0269 0.1383 0.0640 0.7708 
0.2474 0.2593 0.4419 0.0514 
0.0854 0.1573 0.5858 0.1715 
0.2514 0.4032 0.2332 0.1123 

MOTIF filter1 
letter-probability matrix: alength= 4 w= 12 nsites= 12 
0.2552 0.2539 0.2474 0.2435 
0.3434 0.2200 0.2663 0.1703 
0.2535 0.2949 0.2677 0.1839 
0.0789 0.7977 0.0738 0.0496 
0.7927 0.0513 0.0853 0.0707 
0.0458 0.6664 0.0355 0.2523 
0.2337 0.0350 0.7020 0.0294 
0.0996 0.1107 0.0221 0.7676 
0.0609 0.0314 0.8198 0.0879 
0.1975 0.2683 0.2915 0.2427 
0.1966 0.2651 0.2109 0.3274 
0.2480 0.2523 0.2438 0.2560 

MOTIF filter2 
letter-probability matrix: alength= 4 w= 13 nsites= 13 
0.2354 0.2328 0.2549 0.2769 
0.2231 0.1534 0.4092 0.2143 
0.3854 0.2381 0.3430 0.0335 
0.0000 0.0000 0.0000 1.0000 
0.0000 0.0000 0.9788 0.0212 
1.0000 0.0000 0.0000 0.0000 
0.0291 0.4665 0.4771 0.0273 
0.0000 0.0000 0.0000 1.0000 
0.0044 0.9947 0.0000 0.0009 
0.9991 0.0000 0.0000 0.0009 
0.0265 0.3175 0.2628 0.3933 
0.2116 0.3748 0.1781 0.2354 
0.2663 0.2169 0.2681 0.2487 

MOTIF filter3 
letter-probability matrix: alength= 4 w= 18 nsites= 18 
0.2890 0.2321 0.3038 0.1751 
0.5206 0.0585 0.1577 0.2632 
0.1677 0.0422 0.1835 0.6065 
0.1514 0.0791 0.7400 0.0295 
0.1530 0.5443 0.0000 0.3027 
0.2706 0.4156 0.1978 0.1160 
0.0037 0.0448 0.0000 0.9515 
0.1682 0.3987 0.1804 0.2526 
0.8507 0.1229 0.0232 0.0032 
0.0206 0.4684 0.1092 0.4019 
0.4019 0.0607 0.3592 0.1783 
0.1661 0.3935 0.1414 0.2991 
0.4451 0.3782 0.1635 0.0132 
0.2579 0.4831 0.1957 0.0633 
0.3940 0.1640 0.1646 0.2774 
0.0591 0.0432 0.4805 0.4172 
0.1371 0.2041 0.2437 0.4151 
0.2690 0.3323 0.1777 0.2210 

MOTIF filter4 
letter-probability matrix: alength= 4 w= 20 nsites= 20 
0.2872 0.2376 0.2376 0.2376 
0.1690 0.0760 0.0475 0.7075 
0.0348 0.0950 0.6484 0.2218 
0.4055 0.3875 0.0803 0.1267 
0.0021 0.9852 0.0106 0.0021 
0.0011 0.9852 0.0032 0.0106 
0.8141 0.0021 0.0116 0.1721 
0.0264 0.0000 0.0032 0.9704 
0.9937 0.0042 0.0021 0.0000 
0.0000 0.0021 0.0011 0.9968 
0.9747 0.0021 0.0000 0.0232 
0.1626 0.0074 0.0042 0.8258 
0.0084 0.0116 0.9789 0.0011 
0.0011 0.0095 0.9863 0.0032 
0.1151 0.0739 0.3833 0.4277 
0.2249 0.6325 0.1003 0.0422 
0.6980 0.0380 0.0803 0.1837 
0.2397 0.2724 0.2355 0.2524 
0.2334 0.2566 0.2619 0.2482 
0.2408 0.2376 0.2682 0.2534 

MOTIF filter5 
letter-probability matrix: alength= 4 w= 15 nsites= 15 
0.1150 0.2380 0.3075 0.3396 
0.2086 0.4358 0.1444 0.2112 
0.5107 0.1123 0.2112 0.1658 
0.0856 0.7567 0.0882 0.0695 
0.0695 0.0455 0.0481 0.8369 
0.0000 0.3075 0.0856 0.6070 
0.0214 0.9786 0.0000 0.0000 
0.0000 0.5882 0.4118 0.0000 
0.0000 0.0000 1.0000 0.0000 
0.5802 0.0241 0.3957 0.0000 
0.7460 0.0909 0.0775 0.0856 
0.0561 0.1123 0.6471 0.1845 
0.1364 0.2326 0.0615 0.5695 
0.2353 0.1257 0.4733 0.1658 
0.3717 0.2086 0.3075 0.1123 

MOTIF filter6 
letter-probability matrix: alength= 4 w= 16 nsites= 16 
0.2016 0.2694 0.2267 0.3023 
0.2810 0.2616 0.1919 0.2655 
0.2674 0.2558 0.2461 0.2306 
0.5426 0.0407 0.4167 0.0000 
0.0000 0.0000 0.0000 1.0000 
0.0000 0.0000 0.0174 0.9826 
0.2345 0.0000 0.7054 0.0601 
0.0000 0.9535 0.0000 0.0465 
0.0484 0.0039 0.9477 0.0000 
0.0271 0.6899 0.0000 0.2829 
1.0000 0.0000 0.0000 0.0000 
1.0000 0.0000 0.0000 0.0000 
0.0116 0.4089 0.0775 0.5019 
0.3004 0.2306 0.2597 0.2093 
0.2422 0.2035 0.2733 0.2810 
0.2326 0.2326 0.2558 0.2791 

MOTIF filter7 
letter-probability matrix: alength= 4 w= 15 nsites= 15 
0.2007 0.2843 0.1940 0.3211 
0.2040 0.1405 0.2408 0.4147 
0.1839 0.2742 0.2074 0.3344 
0.0000 0.9231 0.0769 0.0000 
0.0100 0.9900 0.0000 0.0000 
0.0000 0.0000 1.0000 0.0000 
0.0000 0.0067 0.9933 0.0000 
0.9933 0.0067 0.0000 0.0000 
1.0000 0.0000 0.0000 0.0000 
0.0569 0.0435 0.8997 0.0000 
0.0167 0.3512 0.0301 0.6020 
0.1672 0.0903 0.7023 0.0401 
0.2575 0.2575 0.4649 0.0201 
0.2040 0.3478 0.2542 0.1940 
0.1773 0.3077 0.2475 0.2676 

MOTIF filter8 
letter-probability matrix: alength= 4 w= 14 nsites= 14 
0.2249 0.0144 0.3062 0.4545 
0.0909 0.3461 0.2982 0.2648 
0.5391 0.1164 0.0478 0.2967 
0.8246 0.1276 0.0335 0.0144 
0.1372 0.5455 0.0781 0.2392 
0.6108 0.1451 0.1467 0.0973 
0.0080 0.7496 0.2408 0.0016 
0.0000 0.0447 0.7400 0.2153 
0.1882 0.1611 0.0096 0.6411 
0.4322 0.0000 0.4498 0.1180 
0.0048 0.0893 0.0000 0.9059 
0.1930 0.1260 0.1818 0.4992 
0.4561 0.2360 0.2217 0.0861 
0.4944 0.1308 0.1069 0.2679 

MOTIF filter9 
letter-probability matrix: alength= 4 w= 15 nsites= 15 
0.3442 0.2757 0.2790 0.1011 
0.3312 0.2202 0.1403 0.3083 
0.3622 0.2659 0.1305 0.2414 
0.0832 0.2235 0.0767 0.6166 
0.0881 0.2496 0.2300 0.4323 
0.3507 0.2692 0.3670 0.0131 
0.5090 0.0555 0.2773 0.1582 
0.0375 0.7879 0.1746 0.0000 
0.0669 0.8874 0.0179 0.0277 
0.9951 0.0000 0.0000 0.0049 
0.9543 0.0033 0.0016 0.0408 
0.0098 0.0065 0.0294 0.9543 
0.0212 0.5938 0.3850 0.0000 
0.6721 0.1990 0.0538 0.0750 
0.1126 0.2137 0.6362 0.0375 

MOTIF filter10 
letter-probability matrix: alength= 4 w= 18 nsites= 18 
0.2559 0.2691 0.2296 0.2454 
0.2480 0.2876 0.2559 0.2084 
0.2427 0.2480 0.2559 0.2533 
0.1108 0.0237 0.6755 0.1900 
0.0844 0.7045 0.1214 0.0897 
0.2929 0.3272 0.2507 0.1293 
0.0739 0.0000 0.8047 0.1214 
0.0000 1.0000 0.0000 0.0000 
0.0000 1.0000 0.0000 0.0000 
1.0000 0.0000 0.0000 0.0000 
0.0000 0.0000 0.0000 1.0000 
0.0106 0.4512 0.1451 0.3931 
0.0000 0.0211 0.0000 0.9789 
0.0000 0.0106 0.0000 0.9894 
0.1003 0.0844 0.6807 0.1346 
0.2982 0.2269 0.2401 0.2348 
0.2058 0.2797 0.2612 0.2533 
0.2401 0.2744 0.2401 0.2454 

MOTIF filter11 
letter-probability matrix: alength= 4 w= 14 nsites= 14 
0.2972 0.1788 0.2821 0.2418 
0.5542 0.0730 0.1385 0.2343 
0.1914 0.2947 0.4610 0.0529 
0.0000 0.0000 0.0000 1.0000 
0.0176 0.9824 0.0000 0.0000 
1.0000 0.0000 0.0000 0.0000 
0.0000 0.0000 0.9647 0.0353 
0.0000 1.0000 0.0000 0.0000 
0.9975 0.0000 0.0000 0.0025 
0.4307 0.1763 0.1259 0.2670 
0.4307 0.0479 0.0000 0.5214 
0.3980 0.0730 0.0025 0.5264 
0.3098 0.1209 0.0302 0.5390 
0.2796 0.2292 0.2494 0.2418 

MOTIF filter12 
letter-probability matrix: alength= 4 w= 13 nsites= 13 
0.1300 0.3040 0.3289 0.2371 
0.3461 0.2046 0.4092 0.0402 
0.4073 0.0975 0.3862 0.1090 
0.0000 0.9981 0.0019 0.0000 
0.0000 0.7036 0.0000 0.2964 
0.6291 0.0249 0.3423 0.0038 
1.0000 0.0000 0.0000 0.0000 
0.0000 0.0000 0.0000 1.0000 
0.0076 0.4895 0.0688 0.4340 
0.4398 0.0019 0.5583 0.0000 
0.0038 0.0076 0.9885 0.0000 
0.1166 0.3155 0.1281 0.4398 
0.1205 0.3021 0.2294 0.3480 

MOTIF filter13 
letter-probability matrix: alength= 4 w= 16 nsites= 16 
0.2884 0.2490 0.2635 0.1992 
0.2718 0.2884 0.2282 0.2116 
0.0830 0.1950 0.4689 0.2531 
0.0000 0.7614 0.0394 0.1992 
0.0021 0.8050 0.0000 0.1929 
0.0000 1.0000 0.0000 0.0000 
0.0000 1.0000 0.0000 0.0000 
0.1162 0.0000 0.5851 0.2988 
0.0000 1.0000 0.0000 0.0000 
0.0000 1.0000 0.0000 0.0000 
0.0000 0.7905 0.0000 0.2095 
0.0954 0.7676 0.0000 0.1369 
0.0456 0.6037 0.0602 0.2905 
0.2614 0.2469 0.2386 0.2531 
0.2801 0.2344 0.2448 0.2407 
0.2386 0.2842 0.2552 0.2220 

MOTIF filter14 
letter-probability matrix: alength= 4 w= 15 nsites= 15 
0.2117 0.2330 0.3204 0.2350 
0.1922 0.2641 0.2369 0.3068 
0.5184 0.1282 0.3243 0.0291 
0.0000 0.0000 0.0019 0.9981 
0.0000 0.0000 0.0175 0.9825 
0.3456 0.0019 0.6175 0.0350 
0.0000 0.9883 0.0000 0.0117 
0.0544 0.0000 0.9456 0.0000 
0.0233 0.8505 0.0000 0.1262 
0.9903 0.0097 0.0000 0.0000 
1.0000 0.0000 0.0000 0.0000 
0.0000 0.3728 0.0854 0.5417 
0.2757 0.2660 0.2699 0.1883 
0.2078 0.2175 0.3010 0.2738 
0.2699 0.2583 0.2816 0.1903 

MOTIF filter15 
letter-probability matrix: alength= 4 w= 12 nsites= 12 
0.2477 0.2854 0.2526 0.2142 
0.2610 0.2708 0.2589 0.2094 
0.2491 0.2380 0.2589 0.2540 
0.6546 0.0000 0.0000 0.3454 
0.0000 0.0000 0.0000 1.0000 
0.0000 0.0300 0.0000 0.9700 
0.9449 0.0000 0.0551 0.0000 
1.0000 0.0000 0.0000 0.0000 
0.3217 0.0000 0.0000 0.6783 
0.2470 0.2540 0.2631 0.2359 
0.2066 0.2770 0.2756 0.2408 
0.2226 0.2673 0.2484 0.2617 

MOTIF filter16 
letter-probability matrix: alength= 4 w= 16 nsites= 16 
0.2424 0.2616 0.2504 0.2456 
0.2440 0.2568 0.2697 0.2295 
0.2472 0.2809 0.2247 0.2472 
0.5136 0.1043 0.3820 0.0000 
0.0000 0.0000 0.0000 1.0000 
0.0000 0.0000 0.0032 0.9968 
0.2343 0.0000 0.7207 0.0449 
0.0016 0.9551 0.0000 0.0433 
0.0273 0.0000 0.9727 0.0000 
0.0690 0.6726 0.0000 0.2584 
0.9518 0.0482 0.0000 0.0000 
1.0000 0.0000 0.0000 0.0000 
0.0016 0.2905 0.1557 0.5522 
0.2648 0.2681 0.2841 0.1830 
0.2376 0.2135 0.2504 0.2986 
0.2552 0.2231 0.2793 0.2424 

MOTIF filter17 
letter-probability matrix: alength= 4 w= 11 nsites= 11 
0.3344 0.2134 0.2537 0.1985 
0.2546 0.1265 0.3270 0.2919 
0.3015 0.4611 0.1523 0.0851 
0.0676 0.6488 0.2741 0.0094 
0.3528 0.0860 0.5179 0.0432 
0.0090 0.1939 0.0649 0.7323 
0.0037 0.3195 0.6127 0.0642 
0.0048 0.0221 0.7065 0.2666 
0.1053 0.4202 0.1166 0.3579 
0.2794 0.1647 0.4563 0.0996 
0.1874 0.2424 0.2748 0.2953 

MOTIF filter18 
letter-probability matrix: alength= 4 w= 15 nsites= 15 
0.2445 0.2299 0.2694 0.2562 
0.2430 0.2606 0.2592 0.2372 
0.2767 0.1230 0.4934 0.1069 
0.1830 0.0000 0.6325 0.1845 
0.2650 0.0015 0.7335 0.0000 
0.0000 0.0000 1.0000 0.0000 
0.0000 0.0000 1.0000 0.0000 
0.3250 0.4671 0.0000 0.2079 
0.0000 0.0000 0.9985 0.0015 
0.0015 0.0000 0.9985 0.0000 
0.2665 0.0000 0.7130 0.0205 
0.2621 0.0805 0.6574 0.0000 
0.2108 0.4480 0.2182 0.1230 
0.2635 0.2225 0.2796 0.2343 
0.2504 0.2826 0.2079 0.2592 

MOTIF filter19 
letter-probability matrix: alength= 4 w= 14 nsites= 14 
0.2255 0.2878 0.2404 0.2463 
0.5074 0.0148 0.1365 0.3412 
0.6320 0.0148 0.0386 0.3145 
0.4392 0.0000 0.0237 0.5371 
0.2789 0.1691 0.1543 0.3976 
0.0030 0.0000 0.0000 0.9970 
0.0000 0.0000 1.0000 0.0000 
0.0119 0.9881 0.0000 0.0000 
0.0000 0.0000 0.0000 1.0000 
0.0000 0.0000 0.9941 0.0059 
1.0000 0.0000 0.0000 0.0000 
0.0356 0.5074 0.2967 0.1602 
0.2166 0.1424 0.0386 0.6024 
0.2047 0.3472 0.1276 0.3205 

MOTIF filter20 
letter-probability matrix: alength= 4 w= 15 nsites= 15 
0.2612 0.2440 0.2182 0.2766 
0.2833 0.2329 0.2403 0.2434 
0.1770 0.2323 0.1561 0.4345 
0.0012 0.0264 0.0049 0.9674 
0.0025 0.0049 0.0393 0.9533 
0.1371 0.8199 0.0160 0.0270 
0.0412 0.6958 0.0061 0.2569 
0.2520 0.2342 0.2502 0.2637 
0.2502 0.0043 0.7087 0.0369 
0.0098 0.0104 0.8525 0.1272 
0.9213 0.0535 0.0061 0.0191 
0.9711 0.0129 0.0154 0.0006 
0.4370 0.1530 0.2342 0.1758 
0.2329 0.2686 0.2477 0.2508 
0.2563 0.2348 0.2667 0.2422 

MOTIF filter21 
letter-probability matrix: alength= 4 w= 15 nsites= 15 
0.2656 0.3993 0.2030 0.1320 
0.2583 0.2316 0.3921 0.1180 
0.2950 0.1116 0.2236 0.3698 
0.0479 0.7099 0.0967 0.1454 
0.1416 0.5696 0.2615 0.0273 
0.0718 0.0423 0.6463 0.2396 
0.1816 0.0771 0.4428 0.2985 
0.2392 0.2750 0.1206 0.3652 
0.2123 0.0007 0.2055 0.5815 
0.0175 0.6635 0.2546 0.0644 
0.4128 0.1340 0.1122 0.3410 
0.6746 0.0443 0.1910 0.0901 
0.1660 0.4954 0.1957 0.1428 
0.3878 0.2959 0.1167 0.1996 
0.2157 0.2166 0.3490 0.2186 

MOTIF filter22 
letter-probability matrix: alength= 4 w= 14 nsites= 14 
0.2650 0.2299 0.2855 0.2196 
0.2401 0.2635 0.3148 0.1816 
0.1464 0.1684 0.0717 0.6135 
0.0717 0.0673 0.0820 0.7789 
0.0966 0.0410 0.0893 0.7731 
0.3206 0.1054 0.4231 0.1508 
0.9956 0.0044 0.0000 0.0000 
0.0000 0.0000 0.0029 0.9971 
0.0937 0.4129 0.0176 0.4758 
0.8477 0.0439 0.0307 0.0776 
0.7848 0.0454 0.1010 0.0688 
0.6105 0.1362 0.1742 0.0791 
0.2387 0.2064 0.3016 0.2533 
0.3177 0.2211 0.2211 0.2401 

MOTIF filter23 
letter-probability matrix: alength= 4 w= 18 nsites= 18 
0.0341 0.0957 0.6524 0.2178 
0.4103 0.3883 0.0726 0.1287 
0.0011 0.9945 0.0033 0.0011 
0.0000 0.9890 0.0033 0.0077 
0.8306 0.0022 0.0099 0.1573 
0.0242 0.0000 0.0022 0.9736 
0.9967 0.0022 0.0011 0.0000 
0.0000 0.0033 0.0022 0.9945 
0.9791 0.0033 0.0000 0.0176 
0.1595 0.0055 0.0022 0.8328 
0.0022 0.0077 0.9901 0.0000 
0.0033 0.0011 0.9923 0.0033 
0.1100 0.0704 0.3905 0.4290 
0.2255 0.6425 0.0957 0.0363 
0.7151 0.0330 0.0682 0.1837 
0.2453 0.2717 0.2365 0.2464 
0.2332 0.2607 0.2541 0.2519 
0.2431 0.2376 0.2695 0.2497 

MOTIF filter24 
letter-probability matrix: alength= 4 w= 15 nsites= 15 
0.2673 0.3055 0.2100 0.2172 
0.2721 0.2530 0.2220 0.2530 
0.2482 0.2506 0.2387 0.2625 
0.0143 0.7518 0.1146 0.1193 
0.0000 0.1742 0.0072 0.8186 
0.0000 0.2697 0.6945 0.0358 
1.0000 0.0000 0.0000 0.0000 
0.0000 0.0000 0.0000 1.0000 
0.0000 0.0000 0.0000 1.0000 
0.0000 0.0000 1.0000 0.0000 
0.0000 0.0000 1.0000 0.0000 
0.0501 0.3938 0.0048 0.5513 
0.0167 0.4177 0.1527 0.4129 
0.1909 0.4105 0.3150 0.0835 
0.4654 0.1384 0.3270 0.0692 

MOTIF filter25 
letter-probability matrix: alength= 4 w= 16 nsites= 16 
0.2537 0.2550 0.2460 0.2453 
0.2486 0.2646 0.2498 0.2370 
0.1558 0.1011 0.3187 0.4243 
0.0747 0.7411 0.0161 0.1681 
0.0090 0.0361 0.0090 0.9459 
0.9633 0.0097 0.0129 0.0142 
0.3026 0.0122 0.0232 0.6619 
0.4346 0.0103 0.0116 0.5435 
0.5280 0.0071 0.0116 0.4533 
0.6516 0.0122 0.0006 0.3355 
0.0354 0.0109 0.0193 0.9343 
0.9343 0.0103 0.0431 0.0122 
0.1674 0.0129 0.7482 0.0715 
0.4012 0.3535 0.0786 0.1668 
0.2524 0.2524 0.2582 0.2370 
0.2537 0.2711 0.2382 0.2370 

MOTIF filter26 
letter-probability matrix: alength= 4 w= 14 nsites= 14 
0.2789 0.2143 0.2075 0.2993 
0.3027 0.2245 0.3367 0.1361 
0.2517 0.2585 0.2959 0.1939 
0.0238 0.8741 0.1020 0.0000 
0.0442 0.9558 0.0000 0.0000 
0.0034 0.0000 0.9932 0.0034 
0.0000 0.0000 1.0000 0.0000 
1.0000 0.0000 0.0000 0.0000 
1.0000 0.0000 0.0000 0.0000 
0.0476 0.0102 0.9422 0.0000 
0.0340 0.2551 0.0000 0.7109 
0.1565 0.0816 0.7177 0.0442 
0.2551 0.2245 0.4932 0.0272 
0.2211 0.3707 0.2585 0.1497 

MOTIF filter27 
letter-probability matrix: alength= 4 w= 13 nsites= 13 
0.2195 0.2919 0.2557 0.2330 
0.2579 0.2557 0.2036 0.2828 
0.1719 0.6176 0.1493 0.0611 
0.9977 0.0000 0.0023 0.0000 
0.9842 0.0000 0.0158 0.0000 
0.4140 0.0950 0.4683 0.0226 
1.0000 0.0000 0.0000 0.0000 
0.0000 0.0000 0.0000 1.0000 
0.0000 0.0000 1.0000 0.0000 
0.0000 0.0000 1.0000 0.0000 
0.0792 0.8235 0.0000 0.0973 
0.1357 0.2104 0.3891 0.2647 
0.1018 0.1018 0.7149 0.0814 

MOTIF filter28 
letter-probability matrix: alength= 4 w= 13 nsites= 13 
0.2438 0.2517 0.2478 0.2567 
0.2443 0.1923 0.3447 0.2188 
0.3876 0.2223 0.3556 0.0345 
0.0190 0.0140 0.0270 0.9401 
0.0060 0.0300 0.9001 0.0639 
0.9540 0.0020 0.0400 0.0040 
0.0320 0.4705 0.4685 0.0290 
0.0200 0.0330 0.0170 0.9301 
0.0589 0.8966 0.0385 0.0060 
0.9640 0.0185 0.0135 0.0040 
0.0390 0.3372 0.2473 0.3766 
0.2083 0.3442 0.2168 0.2308 
0.2458 0.2253 0.2777 0.2512 

MOTIF filter29 
letter-probability matrix: alength= 4 w= 16 nsites= 16 
0.4282 0.2298 0.1619 0.1802 
0.0705 0.3577 0.1201 0.4517 
0.0731 0.3159 0.3786 0.2324 
0.4517 0.1018 0.4465 0.0000 
0.5770 0.0026 0.3681 0.0522 
0.0000 1.0000 0.0000 0.0000 
0.0000 1.0000 0.0000 0.0000 
1.0000 0.0000 0.0000 0.0000 
1.0000 0.0000 0.0000 0.0000 
0.0000 0.0000 0.0000 1.0000 
0.0313 0.7415 0.2272 0.0000 
0.8590 0.0000 0.1410 0.0000 
0.0862 0.0914 0.8016 0.0209 
0.2298 0.2742 0.2663 0.2298 
0.2950 0.1906 0.2663 0.2480 
0.2324 0.2820 0.2376 0.2480 

MOTIF filter30 
letter-probability matrix: alength= 4 w= 14 nsites= 14 
0.1471 0.2153 0.3569 0.2807 
0.0163 0.5014 0.2125 0.2698 
0.0763 0.6158 0.1471 0.1608 
0.6894 0.0082 0.2834 0.0191 
0.0000 0.9591 0.0000 0.0409 
0.0000 0.0000 0.0000 1.0000 
0.0000 0.0000 0.0000 1.0000 
0.0000 1.0000 0.0000 0.0000 
0.0000 1.0000 0.0000 0.0000 
0.0000 0.0000 0.9591 0.0409 
0.0000 0.1689 0.8147 0.0163 
0.2207 0.2016 0.2616 0.3161 
0.2425 0.2534 0.2398 0.2643 
0.2725 0.2180 0.2371 0.2725 

MOTIF filter31 
letter-probability matrix: alength= 4 w= 13 nsites= 13 
0.0881 0.5181 0.1469 0.2468 
0.2390 0.1753 0.0235 0.5622 
0.1459 0.2635 0.4691 0.1214 
0.8394 0.0264 0.0323 0.1019 
0.0215 0.0578 0.1920 0.7287 
0.1469 0.0304 0.0127 0.8100 
0.0039 0.0627 0.9324 0.0010 
0.0362 0.0255 0.9050 0.0333 
0.2782 0.2693 0.0529 0.3996 
0.0010 0.6680 0.0294 0.3017 
0.1166 0.4858 0.3438 0.0539 
0.5769 0.1146 0.1528 0.1557 
0.3046 0.0950 0.1724 0.4280 

