MEME version 4

ALPHABET= ACGT

Background letter frequencies:
A 0.2500 C 0.2500 G 0.2500 T 0.2500 

MOTIF filter0 
letter-probability matrix: alength= 4 w= 15 nsites= 15 
0.2284 0.2027 0.4073 0.1616 
0.4019 0.3131 0.1270 0.1580 
0.1843 0.3858 0.2153 0.2147 
0.4925 0.0143 0.1020 0.3912 
0.0185 0.3220 0.0411 0.6184 
0.3256 0.0113 0.6363 0.0268 
0.2701 0.1610 0.0048 0.5641 
0.0644 0.2987 0.6351 0.0018 
0.3578 0.1336 0.1789 0.3298 
0.1175 0.6112 0.2171 0.0543 
0.3989 0.0078 0.1771 0.4162 
0.0113 0.7955 0.0620 0.1312 
0.1849 0.0191 0.6887 0.1073 
0.0334 0.3339 0.3787 0.2540 
0.2922 0.0012 0.4824 0.2242 

MOTIF filter1 
letter-probability matrix: alength= 4 w= 14 nsites= 14 
0.4565 0.2267 0.1366 0.1801 
0.0683 0.3665 0.0963 0.4689 
0.0590 0.3106 0.3758 0.2547 
0.4130 0.0932 0.4938 0.0000 
0.6087 0.0031 0.3571 0.0311 
0.0000 1.0000 0.0000 0.0000 
0.0000 1.0000 0.0000 0.0000 
1.0000 0.0000 0.0000 0.0000 
1.0000 0.0000 0.0000 0.0000 
0.0000 0.0000 0.0000 1.0000 
0.0311 0.7795 0.1894 0.0000 
0.8416 0.0031 0.1553 0.0000 
0.0683 0.0497 0.8820 0.0000 
0.2174 0.2578 0.2484 0.2764 

MOTIF filter2 
letter-probability matrix: alength= 4 w= 15 nsites= 15 
0.2280 0.2352 0.2496 0.2873 
0.2280 0.2460 0.2549 0.2711 
0.2280 0.2513 0.2388 0.2819 
0.5583 0.1113 0.3303 0.0000 
0.0000 0.0000 0.0000 1.0000 
0.0000 0.0000 0.0144 0.9856 
0.2855 0.0000 0.6750 0.0395 
0.0000 0.9677 0.0000 0.0323 
0.0377 0.0018 0.9605 0.0000 
0.0449 0.7469 0.0000 0.2083 
0.9982 0.0018 0.0000 0.0000 
1.0000 0.0000 0.0000 0.0000 
0.0018 0.3734 0.0862 0.5386 
0.3088 0.2478 0.2406 0.2029 
0.2585 0.2065 0.2639 0.2711 

MOTIF filter3 
letter-probability matrix: alength= 4 w= 13 nsites= 13 
0.1404 0.2994 0.3610 0.1991 
0.3825 0.1304 0.4341 0.0530 
0.3266 0.4097 0.2006 0.0630 
0.0000 0.6232 0.0000 0.3768 
0.0000 0.6734 0.3266 0.0000 
1.0000 0.0000 0.0000 0.0000 
0.4742 0.0000 0.0000 0.5258 
0.0000 0.0000 0.0000 1.0000 
0.0000 0.2736 0.7264 0.0000 
0.3138 0.0000 0.6862 0.0000 
0.0487 0.2292 0.3725 0.3496 
0.0430 0.3711 0.2521 0.3338 
0.3266 0.3223 0.2736 0.0774 

MOTIF filter4 
letter-probability matrix: alength= 4 w= 13 nsites= 13 
0.2427 0.2370 0.2531 0.2672 
0.2285 0.1681 0.3890 0.2144 
0.3947 0.2219 0.3503 0.0331 
0.0000 0.0000 0.0000 1.0000 
0.0000 0.0000 0.9821 0.0179 
1.0000 0.0000 0.0000 0.0000 
0.0094 0.5014 0.4844 0.0047 
0.0000 0.0000 0.0000 1.0000 
0.0000 1.0000 0.0000 0.0000 
1.0000 0.0000 0.0000 0.0000 
0.0208 0.3333 0.2512 0.3947 
0.2162 0.3588 0.1898 0.2351 
0.2502 0.2238 0.2776 0.2483 

MOTIF filter5 
letter-probability matrix: alength= 4 w= 17 nsites= 17 
0.2727 0.2382 0.2571 0.2320 
0.2414 0.2790 0.2351 0.2445 
0.5235 0.0094 0.1348 0.3323 
0.6364 0.0125 0.0345 0.3166 
0.4451 0.0000 0.0219 0.5329 
0.2884 0.1473 0.1630 0.4013 
0.0031 0.0000 0.0000 0.9969 
0.0000 0.0000 1.0000 0.0000 
0.0188 0.9812 0.0000 0.0000 
0.0000 0.0000 0.0000 1.0000 
0.0000 0.0000 0.9937 0.0063 
1.0000 0.0000 0.0000 0.0000 
0.0313 0.5141 0.2978 0.1567 
0.2038 0.1317 0.0345 0.6301 
0.1912 0.3511 0.1317 0.3260 
0.5204 0.0564 0.1787 0.2445 
0.1599 0.0502 0.5423 0.2476 

MOTIF filter6 
letter-probability matrix: alength= 4 w= 15 nsites= 15 
0.2714 0.2557 0.2123 0.2606 
0.2087 0.1846 0.1785 0.4282 
0.0253 0.1327 0.0495 0.7925 
0.0410 0.0434 0.0362 0.8794 
0.0615 0.6140 0.0362 0.2883 
0.0024 0.9614 0.0277 0.0084 
0.1279 0.6092 0.0362 0.2268 
0.1641 0.0000 0.8323 0.0036 
0.0000 0.0036 0.9928 0.0036 
0.8480 0.0036 0.1399 0.0084 
0.9940 0.0036 0.0024 0.0000 
0.5187 0.0881 0.3619 0.0314 
0.2437 0.2328 0.1182 0.4053 
0.2220 0.1942 0.3836 0.2002 
0.2569 0.2618 0.3124 0.1689 

MOTIF filter7 
letter-probability matrix: alength= 4 w= 16 nsites= 16 
0.2735 0.3118 0.2088 0.2059 
0.2882 0.2618 0.1912 0.2588 
0.2559 0.2353 0.2353 0.2735 
0.0059 0.7912 0.0941 0.1088 
0.0000 0.1029 0.0029 0.8941 
0.0000 0.2500 0.7059 0.0441 
1.0000 0.0000 0.0000 0.0000 
0.0000 0.0000 0.0000 1.0000 
0.0000 0.0000 0.0000 1.0000 
0.0000 0.0000 1.0000 0.0000 
0.0000 0.0000 1.0000 0.0000 
0.0471 0.3882 0.0000 0.5647 
0.0000 0.4206 0.1176 0.4618 
0.1824 0.4206 0.3059 0.0912 
0.4765 0.1559 0.2824 0.0853 
0.1500 0.1441 0.2588 0.4471 

MOTIF filter8 
letter-probability matrix: alength= 4 w= 17 nsites= 17 
0.2803 0.2543 0.2659 0.1994 
0.2139 0.3006 0.2197 0.2659 
0.2457 0.2601 0.2341 0.2601 
0.1040 0.0145 0.6908 0.1908 
0.0694 0.6908 0.0925 0.1474 
0.2312 0.3150 0.3295 0.1243 
0.0694 0.0087 0.8208 0.1012 
0.0000 1.0000 0.0000 0.0000 
0.0000 0.9653 0.0000 0.0347 
1.0000 0.0000 0.0000 0.0000 
0.0000 0.0000 0.0000 1.0000 
0.0578 0.3988 0.0867 0.4566 
0.0000 0.0000 0.0000 1.0000 
0.0376 0.0145 0.0000 0.9480 
0.0578 0.0549 0.6445 0.2428 
0.3295 0.1590 0.3237 0.1879 
0.1821 0.2341 0.3468 0.2370 

MOTIF filter9 
letter-probability matrix: alength= 4 w= 16 nsites= 16 
0.2894 0.2376 0.2657 0.2073 
0.2765 0.2808 0.2160 0.2268 
0.0756 0.2009 0.4838 0.2397 
0.0000 0.7775 0.0389 0.1836 
0.0043 0.8143 0.0000 0.1814 
0.0000 1.0000 0.0000 0.0000 
0.0000 1.0000 0.0000 0.0000 
0.1015 0.0000 0.6091 0.2894 
0.0000 1.0000 0.0000 0.0000 
0.0000 1.0000 0.0000 0.0000 
0.0000 0.7905 0.0000 0.2095 
0.0864 0.7883 0.0000 0.1253 
0.0475 0.6069 0.0778 0.2678 
0.2765 0.2462 0.2376 0.2397 
0.2851 0.2376 0.2376 0.2397 
0.2441 0.2851 0.2397 0.2311 

MOTIF filter10 
letter-probability matrix: alength= 4 w= 15 nsites= 15 
0.1664 0.1978 0.4263 0.2095 
0.2284 0.2014 0.4101 0.1601 
0.2113 0.0935 0.5998 0.0953 
0.0881 0.0953 0.7716 0.0450 
0.1268 0.2005 0.6709 0.0018 
0.0045 0.0369 0.9487 0.0099 
0.0135 0.0414 0.9451 0.0000 
0.3228 0.3552 0.2626 0.0594 
0.1673 0.0000 0.8201 0.0126 
0.0495 0.0162 0.9263 0.0081 
0.2194 0.0701 0.6322 0.0782 
0.2311 0.0432 0.6960 0.0297 
0.1556 0.4433 0.3354 0.0656 
0.2275 0.2707 0.3183 0.1835 
0.1835 0.3040 0.2923 0.2203 

MOTIF filter11 
letter-probability matrix: alength= 4 w= 13 nsites= 13 
0.2413 0.2465 0.2532 0.2591 
0.2249 0.1759 0.3764 0.2227 
0.3838 0.2368 0.3474 0.0319 
0.0000 0.0000 0.0000 1.0000 
0.0007 0.0000 0.9235 0.0757 
0.9993 0.0000 0.0007 0.0000 
0.0312 0.4655 0.4633 0.0401 
0.0000 0.0000 0.0000 1.0000 
0.0631 0.9324 0.0000 0.0045 
0.9970 0.0000 0.0030 0.0000 
0.0304 0.3148 0.2710 0.3838 
0.2056 0.3682 0.2019 0.2242 
0.2673 0.2272 0.2650 0.2405 

MOTIF filter12 
letter-probability matrix: alength= 4 w= 14 nsites= 14 
0.2716 0.2418 0.2119 0.2746 
0.2687 0.2269 0.2806 0.2239 
0.2299 0.2448 0.2687 0.2567 
0.0090 0.8836 0.1075 0.0000 
0.0299 0.9701 0.0000 0.0000 
0.0000 0.0000 1.0000 0.0000 
0.0000 0.0000 1.0000 0.0000 
1.0000 0.0000 0.0000 0.0000 
1.0000 0.0000 0.0000 0.0000 
0.0448 0.0119 0.9433 0.0000 
0.0179 0.3194 0.0030 0.6597 
0.1612 0.0955 0.6896 0.0537 
0.2537 0.2507 0.4716 0.0239 
0.2090 0.3582 0.2687 0.1642 

MOTIF filter13 
letter-probability matrix: alength= 4 w= 14 nsites= 14 
0.1707 0.1921 0.3598 0.2774 
0.0213 0.4909 0.1982 0.2896 
0.0945 0.5945 0.1524 0.1585 
0.6921 0.0091 0.2774 0.0213 
0.0000 0.9665 0.0000 0.0335 
0.0000 0.0000 0.0000 1.0000 
0.0000 0.0000 0.0000 1.0000 
0.0000 1.0000 0.0000 0.0000 
0.0000 1.0000 0.0000 0.0000 
0.0000 0.0000 0.9970 0.0030 
0.0000 0.1585 0.8293 0.0122 
0.2744 0.1829 0.2195 0.3232 
0.1799 0.2591 0.2744 0.2866 
0.2561 0.2439 0.2348 0.2652 

MOTIF filter14 
letter-probability matrix: alength= 4 w= 12 nsites= 12 
0.2537 0.2476 0.2538 0.2449 
0.3246 0.2274 0.2505 0.1975 
0.2385 0.2806 0.2669 0.2140 
0.0433 0.8687 0.0511 0.0369 
0.8649 0.0366 0.0581 0.0404 
0.0473 0.7812 0.0419 0.1297 
0.1351 0.0356 0.7936 0.0356 
0.0503 0.0702 0.0325 0.8471 
0.0363 0.0390 0.8596 0.0651 
0.2131 0.2788 0.2705 0.2376 
0.2144 0.2630 0.2056 0.3170 
0.2390 0.2581 0.2443 0.2586 

MOTIF filter15 
letter-probability matrix: alength= 4 w= 13 nsites= 13 
0.2198 0.2574 0.3327 0.1901 
0.2495 0.4119 0.1901 0.1485 
0.2634 0.2911 0.2713 0.1743 
0.6297 0.1168 0.0693 0.1842 
0.0000 0.3644 0.0594 0.5762 
0.0000 0.5822 0.0000 0.4178 
0.0000 0.0000 0.0000 1.0000 
0.9921 0.0000 0.0079 0.0000 
0.1089 0.0000 0.8891 0.0020 
0.6119 0.0436 0.3446 0.0000 
0.1723 0.1287 0.2277 0.4713 
0.3228 0.3505 0.1366 0.1901 
0.1743 0.2119 0.3584 0.2554 

MOTIF filter16 
letter-probability matrix: alength= 4 w= 15 nsites= 15 
0.2284 0.2457 0.2593 0.2667 
0.2037 0.2864 0.2802 0.2296 
0.2877 0.2432 0.2160 0.2531 
0.1580 0.0667 0.0383 0.7370 
0.0346 0.0790 0.6654 0.2210 
0.4235 0.3914 0.0716 0.1136 
0.0000 1.0000 0.0000 0.0000 
0.0000 0.9938 0.0000 0.0062 
0.8296 0.0000 0.0049 0.1654 
0.0037 0.0000 0.0000 0.9963 
1.0000 0.0000 0.0000 0.0000 
0.0000 0.0000 0.0012 0.9988 
0.9988 0.0000 0.0000 0.0012 
0.1494 0.0049 0.0000 0.8457 
0.0025 0.0074 0.9901 0.0000 

MOTIF filter17 
letter-probability matrix: alength= 4 w= 12 nsites= 12 
0.2498 0.2846 0.2196 0.2459 
0.2784 0.2305 0.2227 0.2684 
0.2676 0.2235 0.2746 0.2343 
0.8121 0.0673 0.0503 0.0704 
0.0008 0.0000 0.0000 0.9992 
0.0000 0.0866 0.0000 0.9134 
0.6535 0.0000 0.0000 0.3465 
0.9196 0.0000 0.0804 0.0000 
0.8940 0.0000 0.0000 0.1060 
0.1292 0.1029 0.1261 0.6419 
0.2312 0.2653 0.2544 0.2490 
0.2776 0.2436 0.2467 0.2320 

MOTIF filter18 
letter-probability matrix: alength= 4 w= 15 nsites= 15 
0.2631 0.2412 0.2558 0.2399 
0.2406 0.2724 0.2498 0.2372 
0.1385 0.0928 0.3227 0.4460 
0.0729 0.7548 0.0146 0.1577 
0.0080 0.0345 0.0119 0.9457 
0.9496 0.0040 0.0298 0.0166 
0.2989 0.0106 0.0258 0.6647 
0.4115 0.0133 0.0139 0.5613 
0.5368 0.0139 0.0113 0.4380 
0.6534 0.0119 0.0066 0.3280 
0.0318 0.0126 0.0152 0.9404 
0.9549 0.0106 0.0245 0.0099 
0.1769 0.0106 0.7429 0.0696 
0.4188 0.3632 0.0636 0.1544 
0.2604 0.2551 0.2531 0.2313 

MOTIF filter19 
letter-probability matrix: alength= 4 w= 14 nsites= 14 
0.2331 0.2493 0.2304 0.2873 
0.2087 0.2927 0.2818 0.2168 
0.2547 0.2737 0.2005 0.2710 
0.1572 0.6450 0.1247 0.0732 
0.9648 0.0000 0.0352 0.0000 
0.9756 0.0081 0.0163 0.0000 
0.4092 0.1111 0.4553 0.0244 
1.0000 0.0000 0.0000 0.0000 
0.0000 0.0000 0.0000 1.0000 
0.0000 0.0000 1.0000 0.0000 
0.0000 0.0000 0.9973 0.0027 
0.0678 0.8455 0.0000 0.0867 
0.0976 0.1843 0.4390 0.2791 
0.0488 0.0461 0.8699 0.0352 

MOTIF filter20 
letter-probability matrix: alength= 4 w= 15 nsites= 15 
0.0836 0.3331 0.1719 0.4114 
0.0475 0.4943 0.2843 0.1739 
0.1960 0.1411 0.1900 0.4729 
0.1967 0.0528 0.7171 0.0334 
0.4415 0.5585 0.0000 0.0000 
0.0000 0.4508 0.0007 0.5485 
0.4930 0.0000 0.0000 0.5070 
0.4990 0.0000 0.5010 0.0000 
0.0000 0.0000 0.5010 0.4990 
0.0214 0.7311 0.0448 0.2027 
0.4548 0.1699 0.2000 0.1753 
0.1043 0.3124 0.5525 0.0308 
0.3906 0.1518 0.3946 0.0629 
0.2308 0.1358 0.3090 0.3244 
0.1338 0.2234 0.2495 0.3933 

MOTIF filter21 
letter-probability matrix: alength= 4 w= 16 nsites= 16 
0.2298 0.2386 0.2614 0.2702 
0.2058 0.2955 0.2778 0.2210 
0.2854 0.2437 0.2311 0.2399 
0.1553 0.0644 0.0328 0.7475 
0.0303 0.0745 0.6755 0.2197 
0.4242 0.3977 0.0657 0.1124 
0.0013 0.9975 0.0013 0.0000 
0.0000 1.0000 0.0000 0.0000 
0.8384 0.0000 0.0063 0.1553 
0.0076 0.0000 0.0000 0.9924 
0.9975 0.0025 0.0000 0.0000 
0.0000 0.0000 0.0000 1.0000 
0.9937 0.0000 0.0000 0.0063 
0.1389 0.0025 0.0000 0.8586 
0.0025 0.0076 0.9899 0.0000 
0.0000 0.0000 1.0000 0.0000 

MOTIF filter22 
letter-probability matrix: alength= 4 w= 13 nsites= 13 
0.2514 0.2630 0.2457 0.2399 
0.2468 0.2677 0.2526 0.2329 
0.1078 0.0626 0.3534 0.4762 
0.0371 0.8679 0.0000 0.0950 
0.0000 0.0000 0.0000 1.0000 
1.0000 0.0000 0.0000 0.0000 
0.2769 0.0000 0.0046 0.7184 
0.4728 0.0000 0.0000 0.5272 
0.5655 0.0000 0.0000 0.4345 
0.6964 0.0000 0.0000 0.3036 
0.0000 0.0000 0.0000 1.0000 
1.0000 0.0000 0.0000 0.0000 
0.0950 0.0000 0.8911 0.0139 

MOTIF filter23 
letter-probability matrix: alength= 4 w= 16 nsites= 16 
0.2825 0.2342 0.1933 0.2900 
0.2416 0.2974 0.2528 0.2082 
0.2156 0.2825 0.2416 0.2602 
0.1152 0.0074 0.7175 0.1599 
0.0706 0.7807 0.1078 0.0409 
0.2937 0.3680 0.2491 0.0892 
0.0372 0.0000 0.8885 0.0743 
0.0000 1.0000 0.0000 0.0000 
0.0000 1.0000 0.0000 0.0000 
1.0000 0.0000 0.0000 0.0000 
0.0000 0.0000 0.0000 1.0000 
0.0037 0.4758 0.1599 0.3606 
0.0000 0.0112 0.0000 0.9888 
0.0000 0.0074 0.0000 0.9926 
0.0743 0.0781 0.7621 0.0855 
0.2825 0.2454 0.2156 0.2565 

MOTIF filter24 
letter-probability matrix: alength= 4 w= 14 nsites= 14 
0.1426 0.2170 0.3940 0.2465 
0.3565 0.3337 0.2188 0.0910 
0.2446 0.4266 0.2465 0.0824 
0.0018 0.9490 0.0486 0.0006 
0.3448 0.2526 0.0006 0.4020 
0.2243 0.0584 0.1567 0.5605 
0.9982 0.0000 0.0012 0.0006 
0.0031 0.0031 0.0000 0.9939 
0.4548 0.1911 0.0086 0.3454 
0.3589 0.0006 0.3012 0.3393 
0.0000 0.0676 0.9219 0.0104 
0.1530 0.1506 0.4259 0.2704 
0.0799 0.2612 0.2993 0.3596 
0.2145 0.5618 0.1346 0.0891 

MOTIF filter25 
letter-probability matrix: alength= 4 w= 12 nsites= 12 
0.2730 0.1939 0.3087 0.2245 
0.5969 0.0663 0.1173 0.2194 
0.1939 0.3061 0.4643 0.0357 
0.0000 0.0000 0.0000 1.0000 
0.0102 0.9898 0.0000 0.0000 
1.0000 0.0000 0.0000 0.0000 
0.0000 0.0000 0.9770 0.0230 
0.0000 1.0000 0.0000 0.0000 
0.9974 0.0000 0.0000 0.0026 
0.4133 0.1633 0.1429 0.2806 
0.4005 0.0510 0.0026 0.5459 
0.3801 0.0791 0.0102 0.5306 

MOTIF filter26 
letter-probability matrix: alength= 4 w= 16 nsites= 16 
0.2202 0.2385 0.2642 0.2771 
0.2041 0.2868 0.2836 0.2256 
0.3008 0.2546 0.1987 0.2460 
0.1579 0.0945 0.0687 0.6788 
0.0322 0.1096 0.6412 0.2170 
0.4092 0.3641 0.0924 0.1343 
0.0054 0.9860 0.0043 0.0043 
0.0075 0.8883 0.0193 0.0849 
0.8335 0.0215 0.0118 0.1332 
0.1267 0.0000 0.0000 0.8733 
1.0000 0.0000 0.0000 0.0000 
0.0956 0.0000 0.0172 0.8872 
1.0000 0.0000 0.0000 0.0000 
0.1031 0.0011 0.0000 0.8958 
0.0655 0.0000 0.9345 0.0000 
0.0000 0.0000 1.0000 0.0000 

MOTIF filter27 
letter-probability matrix: alength= 4 w= 15 nsites= 15 
0.1916 0.2509 0.2613 0.2962 
0.1394 0.1951 0.3798 0.2857 
0.0139 0.4564 0.2787 0.2509 
0.0453 0.7143 0.1185 0.1220 
0.7491 0.0070 0.2369 0.0070 
0.0000 0.9721 0.0070 0.0209 
0.0000 0.0000 0.0000 1.0000 
0.0000 0.0000 0.0000 1.0000 
0.0000 1.0000 0.0000 0.0000 
0.0000 1.0000 0.0000 0.0000 
0.0000 0.0000 0.9826 0.0174 
0.0000 0.1568 0.8293 0.0139 
0.2544 0.1951 0.2648 0.2857 
0.3031 0.2091 0.2265 0.2613 
0.2369 0.1951 0.2439 0.3240 

MOTIF filter28 
letter-probability matrix: alength= 4 w= 12 nsites= 12 
0.2472 0.2415 0.2528 0.2585 
0.2386 0.2756 0.2500 0.2358 
0.2841 0.2301 0.1989 0.2869 
0.1392 0.7017 0.1193 0.0398 
1.0000 0.0000 0.0000 0.0000 
0.9830 0.0000 0.0170 0.0000 
0.4148 0.0540 0.5227 0.0085 
1.0000 0.0000 0.0000 0.0000 
0.0000 0.0000 0.0000 1.0000 
0.0000 0.0000 1.0000 0.0000 
0.0000 0.0000 1.0000 0.0000 
0.0398 0.8977 0.0000 0.0625 

MOTIF filter29 
letter-probability matrix: alength= 4 w= 15 nsites= 15 
0.2416 0.2482 0.2405 0.2697 
0.2655 0.2285 0.2496 0.2564 
0.2023 0.2573 0.1901 0.3503 
0.0326 0.0568 0.0286 0.8820 
0.0357 0.0333 0.0779 0.8531 
0.2451 0.6684 0.0390 0.0475 
0.0779 0.5816 0.0195 0.3210 
0.2465 0.2382 0.2602 0.2551 
0.3287 0.0169 0.5827 0.0717 
0.0359 0.0344 0.7008 0.2289 
0.8072 0.1209 0.0242 0.0477 
0.8971 0.0335 0.0406 0.0288 
0.3784 0.1841 0.2267 0.2107 
0.2374 0.2555 0.2478 0.2593 
0.2571 0.2462 0.2527 0.2440 

MOTIF filter30 
letter-probability matrix: alength= 4 w= 15 nsites= 15 
0.2318 0.2571 0.2363 0.2749 
0.2437 0.2407 0.2689 0.2467 
0.2452 0.2615 0.2496 0.2437 
0.4903 0.1189 0.3834 0.0074 
0.0000 0.0000 0.0000 1.0000 
0.0000 0.0000 0.0119 0.9881 
0.2942 0.0000 0.6404 0.0654 
0.0015 0.9658 0.0000 0.0327 
0.0609 0.0000 0.9376 0.0015 
0.0446 0.7296 0.0000 0.2259 
0.9733 0.0267 0.0000 0.0000 
1.0000 0.0000 0.0000 0.0000 
0.0045 0.3328 0.1263 0.5364 
0.2630 0.2600 0.2927 0.1842 
0.2155 0.2125 0.2823 0.2897 

MOTIF filter31 
letter-probability matrix: alength= 4 w= 13 nsites= 13 
0.2652 0.2432 0.2475 0.2441 
0.2650 0.1541 0.4165 0.1644 
0.2767 0.0184 0.4818 0.2231 
0.3303 0.0304 0.6070 0.0323 
0.0400 0.0488 0.8454 0.0658 
0.0572 0.0653 0.8301 0.0474 
0.3078 0.4414 0.0053 0.2456 
0.0584 0.0369 0.8542 0.0505 
0.0495 0.0551 0.8351 0.0603 
0.3128 0.0290 0.6017 0.0565 
0.3128 0.1506 0.5191 0.0175 
0.2405 0.3547 0.2487 0.1561 
0.2401 0.2468 0.2597 0.2535 

