MEME version 4

ALPHABET= ACGT

Background letter frequencies:
A 0.2500 C 0.2500 G 0.2500 T 0.2500 

MOTIF filter0 
letter-probability matrix: alength= 4 w= 19 nsites= 19 
0.1617 0.0777 0.0464 0.7143 
0.0238 0.0802 0.6842 0.2118 
0.4148 0.3935 0.0677 0.1241 
0.0000 0.9975 0.0025 0.0000 
0.0000 0.9950 0.0013 0.0038 
0.8446 0.0000 0.0025 0.1529 
0.0125 0.0000 0.0000 0.9875 
0.9975 0.0013 0.0013 0.0000 
0.0000 0.0013 0.0013 0.9975 
0.9900 0.0000 0.0000 0.0100 
0.1554 0.0063 0.0013 0.8371 
0.0000 0.0050 0.9950 0.0000 
0.0000 0.0025 0.9962 0.0013 
0.0890 0.0614 0.4023 0.4474 
0.1980 0.6930 0.0840 0.0251 
0.7368 0.0213 0.0639 0.1779 
0.2419 0.2757 0.2469 0.2356 
0.2068 0.2682 0.2682 0.2569 
0.2431 0.2281 0.2794 0.2494 

MOTIF filter1 
letter-probability matrix: alength= 4 w= 16 nsites= 16 
0.2884 0.2992 0.2075 0.2049 
0.2722 0.2722 0.2237 0.2318 
0.2372 0.2318 0.2588 0.2722 
0.0027 0.8005 0.0809 0.1159 
0.0000 0.1725 0.0000 0.8275 
0.0000 0.2426 0.7197 0.0377 
1.0000 0.0000 0.0000 0.0000 
0.0000 0.0000 0.0000 1.0000 
0.0000 0.0000 0.0000 1.0000 
0.0000 0.0000 1.0000 0.0000 
0.0000 0.0000 1.0000 0.0000 
0.0377 0.4097 0.0027 0.5499 
0.0027 0.4313 0.1402 0.4259 
0.1833 0.4205 0.3127 0.0836 
0.4636 0.1482 0.3127 0.0755 
0.1348 0.1563 0.2561 0.4528 

MOTIF filter2 
letter-probability matrix: alength= 4 w= 15 nsites= 15 
0.5292 0.1200 0.0862 0.2646 
0.3354 0.1815 0.0215 0.4615 
0.2585 0.1354 0.1415 0.4646 
0.1231 0.0769 0.0431 0.7569 
0.1846 0.0092 0.7508 0.0554 
0.0585 0.7692 0.1723 0.0000 
0.0000 0.0000 0.0000 1.0000 
0.0000 0.5108 0.4892 0.0000 
1.0000 0.0000 0.0000 0.0000 
0.0154 0.2031 0.6862 0.0954 
0.1046 0.6400 0.0031 0.2523 
0.7723 0.0954 0.0246 0.1077 
0.3815 0.1046 0.1877 0.3262 
0.3600 0.0215 0.2215 0.3969 
0.3231 0.1354 0.0708 0.4708 

MOTIF filter3 
letter-probability matrix: alength= 4 w= 14 nsites= 14 
0.1905 0.2037 0.3548 0.2510 
0.2273 0.2254 0.2773 0.2700 
0.0940 0.5315 0.2799 0.0946 
0.0565 0.8752 0.0407 0.0276 
0.5788 0.0020 0.4106 0.0085 
0.0013 0.4777 0.5039 0.0171 
0.6491 0.0000 0.0000 0.3509 
0.7260 0.0007 0.0000 0.2733 
0.0493 0.3791 0.4961 0.0756 
0.0000 0.3121 0.0039 0.6840 
0.0558 0.0499 0.7234 0.1708 
0.2109 0.1616 0.5486 0.0788 
0.1360 0.4415 0.2957 0.1268 
0.1281 0.3436 0.2503 0.2779 

MOTIF filter4 
letter-probability matrix: alength= 4 w= 17 nsites= 17 
0.2599 0.2740 0.2232 0.2429 
0.2232 0.3220 0.2288 0.2260 
0.2316 0.2316 0.2825 0.2542 
0.1412 0.0141 0.6864 0.1582 
0.0650 0.7458 0.0876 0.1017 
0.2627 0.3164 0.2994 0.1215 
0.0650 0.0028 0.8107 0.1215 
0.0000 0.9915 0.0000 0.0085 
0.0000 1.0000 0.0000 0.0000 
1.0000 0.0000 0.0000 0.0000 
0.0000 0.0000 0.0000 1.0000 
0.0056 0.4915 0.1667 0.3362 
0.0395 0.0339 0.0000 0.9266 
0.0000 0.0085 0.0000 0.9915 
0.0904 0.0819 0.7401 0.0876 
0.2768 0.2288 0.2571 0.2373 
0.1921 0.2825 0.2684 0.2571 

MOTIF filter5 
letter-probability matrix: alength= 4 w= 16 nsites= 16 
0.2723 0.2443 0.2545 0.2290 
0.2875 0.2723 0.2265 0.2137 
0.2774 0.2545 0.2316 0.2366 
0.1043 0.0407 0.6743 0.1807 
0.1043 0.6845 0.1349 0.0763 
0.2850 0.3308 0.2570 0.1272 
0.0153 0.0102 0.8295 0.1450 
0.0000 0.9949 0.0051 0.0000 
0.0000 1.0000 0.0000 0.0000 
0.9924 0.0025 0.0025 0.0025 
0.0000 0.0025 0.0025 0.9949 
0.0025 0.4911 0.0814 0.4249 
0.0000 0.0738 0.0051 0.9211 
0.0051 0.0178 0.0000 0.9771 
0.1018 0.1221 0.6234 0.1527 
0.3079 0.2188 0.2417 0.2316 

MOTIF filter6 
letter-probability matrix: alength= 4 w= 13 nsites= 13 
0.2307 0.2702 0.2667 0.2324 
0.2573 0.2650 0.2419 0.2358 
0.4846 0.1449 0.3465 0.0240 
0.0000 0.0000 0.0000 1.0000 
0.0000 0.0000 0.0703 0.9297 
0.3113 0.0009 0.5943 0.0935 
0.0163 0.8636 0.0103 0.1098 
0.1149 0.0146 0.8533 0.0172 
0.0969 0.6407 0.0000 0.2624 
0.9237 0.0763 0.0000 0.0000 
1.0000 0.0000 0.0000 0.0000 
0.0206 0.3516 0.1518 0.4760 
0.2624 0.2504 0.2684 0.2187 

MOTIF filter7 
letter-probability matrix: alength= 4 w= 15 nsites= 15 
0.1937 0.2262 0.2423 0.3377 
0.2797 0.1435 0.3181 0.2587 
0.1725 0.0755 0.2864 0.4656 
0.1150 0.7120 0.0261 0.1470 
0.0258 0.3017 0.5056 0.1668 
0.3812 0.4320 0.1061 0.0806 
0.0199 0.0553 0.1531 0.7716 
0.5027 0.1193 0.0975 0.2805 
0.0744 0.0293 0.0723 0.8240 
0.3248 0.1188 0.0758 0.4807 
0.3563 0.0860 0.1155 0.4422 
0.7372 0.0277 0.0290 0.2061 
0.4653 0.0406 0.1287 0.3654 
0.4750 0.1660 0.1064 0.2526 
0.1241 0.1368 0.3498 0.3893 

MOTIF filter8 
letter-probability matrix: alength= 4 w= 12 nsites= 12 
0.2462 0.2630 0.2401 0.2507 
0.2552 0.2596 0.2440 0.2412 
0.2652 0.2373 0.2496 0.2479 
0.6505 0.0000 0.0000 0.3495 
0.0000 0.0000 0.0000 1.0000 
0.0000 0.0642 0.0000 0.9358 
0.9095 0.0000 0.0905 0.0000 
1.0000 0.0000 0.0000 0.0000 
0.3585 0.0000 0.0000 0.6415 
0.2552 0.2406 0.2574 0.2468 
0.2507 0.2585 0.2546 0.2362 
0.2540 0.2468 0.2529 0.2462 

MOTIF filter9 
letter-probability matrix: alength= 4 w= 16 nsites= 16 
0.1813 0.1825 0.1442 0.4921 
0.1271 0.1848 0.4715 0.2166 
0.2719 0.2460 0.1948 0.2872 
0.0106 0.9347 0.0100 0.0447 
0.0047 0.5221 0.0065 0.4667 
0.8917 0.0094 0.0088 0.0901 
0.1601 0.0000 0.0006 0.8393 
0.7893 0.0000 0.0000 0.2107 
0.2625 0.0000 0.0200 0.7175 
0.8829 0.0006 0.0000 0.1165 
0.0624 0.0012 0.0000 0.9364 
0.4379 0.0006 0.5615 0.0000 
0.0129 0.0000 0.9818 0.0053 
0.2855 0.2225 0.2225 0.2696 
0.2501 0.4426 0.1889 0.1183 
0.5038 0.1377 0.1595 0.1989 

MOTIF filter10 
letter-probability matrix: alength= 4 w= 14 nsites= 14 
0.1335 0.2045 0.3693 0.2926 
0.0170 0.4744 0.2188 0.2898 
0.0767 0.6193 0.1449 0.1591 
0.6960 0.0114 0.2699 0.0227 
0.0000 0.9375 0.0114 0.0511 
0.0000 0.0000 0.0000 1.0000 
0.0000 0.0000 0.0000 1.0000 
0.0000 1.0000 0.0000 0.0000 
0.0000 1.0000 0.0000 0.0000 
0.0000 0.0000 0.9489 0.0511 
0.0000 0.2159 0.7443 0.0398 
0.1960 0.2159 0.2216 0.3665 
0.1506 0.2670 0.2699 0.3125 
0.2443 0.2244 0.2301 0.3011 

MOTIF filter11 
letter-probability matrix: alength= 4 w= 19 nsites= 19 
0.2132 0.2403 0.2636 0.2829 
0.1977 0.2881 0.2855 0.2287 
0.2791 0.2506 0.2287 0.2416 
0.1576 0.0672 0.0349 0.7403 
0.0271 0.0853 0.6809 0.2067 
0.4225 0.4031 0.0594 0.1150 
0.0000 1.0000 0.0000 0.0000 
0.0000 0.9961 0.0013 0.0026 
0.8230 0.0000 0.0078 0.1693 
0.0065 0.0000 0.0013 0.9922 
0.9987 0.0013 0.0000 0.0000 
0.0000 0.0013 0.0013 0.9974 
0.9884 0.0000 0.0000 0.0116 
0.1382 0.0039 0.0000 0.8579 
0.0000 0.0039 0.9961 0.0000 
0.0000 0.0000 1.0000 0.0000 
0.0801 0.0762 0.4070 0.4367 
0.2158 0.6757 0.0775 0.0310 
0.7390 0.0233 0.0594 0.1783 

MOTIF filter12 
letter-probability matrix: alength= 4 w= 16 nsites= 16 
0.2589 0.2612 0.2447 0.2352 
0.2530 0.2600 0.2482 0.2388 
0.1017 0.0390 0.3652 0.4941 
0.0248 0.8735 0.0012 0.1005 
0.0024 0.0000 0.0000 0.9976 
0.9988 0.0000 0.0012 0.0000 
0.2707 0.0142 0.0130 0.7021 
0.4078 0.0035 0.0000 0.5887 
0.5792 0.0035 0.0000 0.4173 
0.6714 0.0083 0.0059 0.3144 
0.0000 0.0024 0.0000 0.9976 
0.9965 0.0000 0.0000 0.0035 
0.1288 0.0012 0.8511 0.0189 
0.4456 0.3865 0.0366 0.1312 
0.2896 0.2518 0.2482 0.2104 
0.2222 0.2813 0.2541 0.2423 

MOTIF filter13 
letter-probability matrix: alength= 4 w= 15 nsites= 15 
0.2542 0.2405 0.2554 0.2499 
0.2580 0.2376 0.2467 0.2577 
0.2102 0.2433 0.1976 0.3489 
0.0653 0.1102 0.0473 0.7772 
0.0527 0.0505 0.1413 0.7554 
0.2210 0.6278 0.0563 0.0949 
0.1019 0.5317 0.0223 0.3440 
0.2511 0.2474 0.2488 0.2527 
0.3203 0.0385 0.5512 0.0901 
0.0762 0.0527 0.6559 0.2152 
0.7453 0.1468 0.0569 0.0510 
0.8148 0.0629 0.0711 0.0512 
0.3608 0.1905 0.2365 0.2122 
0.2398 0.2476 0.2505 0.2621 
0.2512 0.2447 0.2662 0.2379 

MOTIF filter14 
letter-probability matrix: alength= 4 w= 15 nsites= 15 
0.2950 0.2586 0.2452 0.2011 
0.2778 0.2720 0.2261 0.2241 
0.0900 0.1992 0.4713 0.2395 
0.0000 0.7375 0.0479 0.2146 
0.0057 0.7797 0.0000 0.2146 
0.0000 1.0000 0.0000 0.0000 
0.0000 1.0000 0.0000 0.0000 
0.1245 0.0000 0.5747 0.3008 
0.0000 1.0000 0.0000 0.0000 
0.0000 1.0000 0.0000 0.0000 
0.0000 0.7759 0.0000 0.2241 
0.1073 0.7567 0.0000 0.1360 
0.0517 0.5881 0.0766 0.2835 
0.2605 0.2510 0.2452 0.2433 
0.2682 0.2375 0.2471 0.2471 

MOTIF filter15 
letter-probability matrix: alength= 4 w= 17 nsites= 17 
0.2730 0.2500 0.2500 0.2270 
0.2471 0.2874 0.2299 0.2356 
0.5144 0.0115 0.1379 0.3362 
0.6149 0.0230 0.0431 0.3190 
0.4569 0.0000 0.0230 0.5201 
0.3075 0.1580 0.1408 0.3937 
0.0086 0.0000 0.0000 0.9914 
0.0000 0.0000 1.0000 0.0000 
0.0287 0.9713 0.0000 0.0000 
0.0000 0.0000 0.0000 1.0000 
0.0000 0.0000 0.9885 0.0115 
1.0000 0.0000 0.0000 0.0000 
0.0431 0.5086 0.2816 0.1667 
0.1954 0.1092 0.0546 0.6408 
0.1695 0.3736 0.1351 0.3218 
0.5086 0.0603 0.1897 0.2414 
0.1552 0.0603 0.5230 0.2615 

MOTIF filter16 
letter-probability matrix: alength= 4 w= 16 nsites= 16 
0.4459 0.2541 0.1486 0.1514 
0.0757 0.3459 0.1081 0.4703 
0.0730 0.3081 0.3811 0.2378 
0.4703 0.0811 0.4486 0.0000 
0.5595 0.0027 0.3649 0.0730 
0.0000 1.0000 0.0000 0.0000 
0.0000 1.0000 0.0000 0.0000 
0.9973 0.0027 0.0000 0.0000 
1.0000 0.0000 0.0000 0.0000 
0.0000 0.0000 0.0000 1.0000 
0.0405 0.7459 0.2135 0.0000 
0.8459 0.0027 0.1324 0.0189 
0.0703 0.1000 0.8054 0.0243 
0.2324 0.2757 0.2270 0.2649 
0.2865 0.1730 0.3000 0.2405 
0.2135 0.2973 0.2216 0.2676 

MOTIF filter17 
letter-probability matrix: alength= 4 w= 14 nsites= 14 
0.1190 0.3979 0.2769 0.2062 
0.3007 0.2019 0.2948 0.2026 
0.1800 0.5527 0.2231 0.0441 
0.0962 0.0143 0.2573 0.6323 
0.0302 0.2298 0.0186 0.7215 
0.1038 0.8471 0.0169 0.0322 
0.0133 0.5511 0.3326 0.1031 
0.2115 0.0288 0.6575 0.1021 
0.7066 0.0259 0.2158 0.0517 
0.6336 0.2208 0.0338 0.1117 
0.0216 0.3465 0.5710 0.0610 
0.1661 0.2858 0.1920 0.3561 
0.3216 0.1495 0.3810 0.1479 
0.2095 0.3070 0.3594 0.1240 

MOTIF filter18 
letter-probability matrix: alength= 4 w= 16 nsites= 16 
0.1758 0.1553 0.4863 0.1826 
0.2055 0.4498 0.1370 0.2078 
0.2352 0.5457 0.1461 0.0731 
0.7808 0.0000 0.2146 0.0046 
0.6986 0.3014 0.0000 0.0000 
0.2192 0.4612 0.3196 0.0000 
1.0000 0.0000 0.0000 0.0000 
0.0000 0.0000 0.0000 1.0000 
0.0000 0.0913 0.8470 0.0616 
0.0000 0.0000 0.7785 0.2215 
0.0548 0.5731 0.0000 0.3721 
0.0959 0.1530 0.5365 0.2146 
0.1050 0.1073 0.6872 0.1005 
0.1187 0.7603 0.0388 0.0822 
0.2922 0.2443 0.2443 0.2192 
0.2626 0.2489 0.2694 0.2192 

MOTIF filter19 
letter-probability matrix: alength= 4 w= 15 nsites= 15 
0.2785 0.1830 0.3103 0.2281 
0.6021 0.0663 0.1088 0.2228 
0.1857 0.2759 0.4987 0.0398 
0.0000 0.0000 0.0000 1.0000 
0.0212 0.9788 0.0000 0.0000 
1.0000 0.0000 0.0000 0.0000 
0.0000 0.0000 0.9708 0.0292 
0.0000 1.0000 0.0000 0.0000 
0.9947 0.0000 0.0000 0.0053 
0.4271 0.1830 0.1353 0.2546 
0.4271 0.0477 0.0027 0.5225 
0.4005 0.0690 0.0080 0.5225 
0.3236 0.1141 0.0239 0.5385 
0.2891 0.2281 0.2467 0.2361 
0.2785 0.2599 0.2255 0.2361 

MOTIF filter20 
letter-probability matrix: alength= 4 w= 15 nsites= 15 
0.2176 0.3449 0.2384 0.1991 
0.2708 0.3009 0.2338 0.1944 
0.1944 0.2546 0.3241 0.2269 
0.0162 0.9074 0.0764 0.0000 
0.0000 0.2963 0.0185 0.6852 
0.1250 0.1852 0.6782 0.0116 
0.9954 0.0000 0.0046 0.0000 
0.0093 0.0023 0.0000 0.9884 
0.0000 0.0278 0.0023 0.9699 
0.0394 0.0000 0.9606 0.0000 
0.0000 0.0000 1.0000 0.0000 
0.0926 0.3866 0.0278 0.4931 
0.0579 0.4051 0.1366 0.4005 
0.1782 0.4514 0.3125 0.0579 
0.4329 0.1736 0.3310 0.0625 

MOTIF filter21 
letter-probability matrix: alength= 4 w= 13 nsites= 13 
0.2374 0.2998 0.2374 0.2254 
0.2998 0.2350 0.2110 0.2542 
0.1775 0.5947 0.1559 0.0719 
0.9976 0.0000 0.0024 0.0000 
0.9113 0.0000 0.0887 0.0000 
0.4365 0.0743 0.4820 0.0072 
1.0000 0.0000 0.0000 0.0000 
0.0000 0.0000 0.0000 1.0000 
0.0000 0.0000 1.0000 0.0000 
0.0000 0.0000 1.0000 0.0000 
0.0863 0.8561 0.0000 0.0576 
0.1319 0.2110 0.3813 0.2758 
0.0887 0.0911 0.7386 0.0815 

MOTIF filter22 
letter-probability matrix: alength= 4 w= 14 nsites= 14 
0.0684 0.5285 0.2003 0.2028 
0.0781 0.3559 0.4642 0.1017 
0.1212 0.4306 0.4153 0.0330 
0.1375 0.0028 0.6840 0.1757 
0.5594 0.0847 0.0167 0.3392 
0.2892 0.0993 0.5875 0.0240 
0.0437 0.4396 0.1174 0.3993 
0.4566 0.1500 0.2250 0.1684 
0.0378 0.6990 0.1365 0.1267 
0.3663 0.2042 0.0931 0.3365 
0.2472 0.5236 0.0434 0.1858 
0.0156 0.1562 0.8139 0.0142 
0.1858 0.0674 0.4795 0.2674 
0.2486 0.2035 0.4944 0.0535 

MOTIF filter23 
letter-probability matrix: alength= 4 w= 15 nsites= 15 
0.2468 0.2391 0.2571 0.2571 
0.2339 0.2391 0.2802 0.2468 
0.2365 0.0617 0.6375 0.0643 
0.1260 0.0000 0.7918 0.0823 
0.1979 0.0000 0.8021 0.0000 
0.0000 0.0000 1.0000 0.0000 
0.0000 0.0000 1.0000 0.0000 
0.3085 0.5527 0.0000 0.1388 
0.0000 0.0000 1.0000 0.0000 
0.0000 0.0000 1.0000 0.0000 
0.1568 0.0000 0.8432 0.0000 
0.2082 0.0257 0.7661 0.0000 
0.1928 0.5553 0.1851 0.0668 
0.2674 0.1928 0.2853 0.2545 
0.2494 0.2828 0.2185 0.2494 

MOTIF filter24 
letter-probability matrix: alength= 4 w= 16 nsites= 16 
0.4321 0.2049 0.1630 0.2000 
0.0617 0.3605 0.1284 0.4494 
0.0889 0.3086 0.3531 0.2494 
0.4099 0.1333 0.4568 0.0000 
0.5852 0.0025 0.3679 0.0444 
0.0000 1.0000 0.0000 0.0000 
0.0000 1.0000 0.0000 0.0000 
1.0000 0.0000 0.0000 0.0000 
1.0000 0.0000 0.0000 0.0000 
0.0000 0.0000 0.0000 1.0000 
0.0099 0.7605 0.2296 0.0000 
0.8247 0.0000 0.1753 0.0000 
0.0914 0.1086 0.7827 0.0173 
0.2198 0.2938 0.2222 0.2642 
0.2741 0.2173 0.2444 0.2642 
0.2370 0.2568 0.2346 0.2716 

MOTIF filter25 
letter-probability matrix: alength= 4 w= 16 nsites= 16 
0.2525 0.2386 0.2542 0.2547 
0.2412 0.2664 0.2403 0.2521 
0.1651 0.1100 0.3151 0.4098 
0.1178 0.6680 0.0252 0.1890 
0.0143 0.0791 0.0313 0.8753 
0.9183 0.0113 0.0304 0.0400 
0.3086 0.0109 0.0395 0.6410 
0.4316 0.0196 0.0183 0.5306 
0.5007 0.0100 0.0209 0.4685 
0.6402 0.0174 0.0048 0.3377 
0.0391 0.0330 0.0426 0.8853 
0.8783 0.0222 0.0761 0.0235 
0.1838 0.0269 0.6910 0.0982 
0.3929 0.3299 0.1152 0.1621 
0.2421 0.2499 0.2660 0.2421 
0.2590 0.2551 0.2482 0.2377 

MOTIF filter26 
letter-probability matrix: alength= 4 w= 15 nsites= 15 
0.1504 0.3413 0.2482 0.2601 
0.1408 0.4487 0.1838 0.2267 
0.4916 0.1265 0.2434 0.1384 
0.0573 0.5800 0.0764 0.2864 
0.0453 0.0525 0.0382 0.8640 
0.0430 0.1098 0.0382 0.8091 
0.0000 0.9737 0.0263 0.0000 
0.0024 0.9976 0.0000 0.0000 
0.0000 0.0000 0.9809 0.0191 
0.0000 0.0406 0.9594 0.0000 
0.6325 0.0573 0.2601 0.0501 
0.7804 0.0597 0.0883 0.0716 
0.3508 0.0931 0.4582 0.0979 
0.1909 0.2601 0.1408 0.4081 
0.2029 0.1695 0.4654 0.1623 

MOTIF filter27 
letter-probability matrix: alength= 4 w= 13 nsites= 13 
0.3063 0.2051 0.2278 0.2608 
0.3038 0.2329 0.2937 0.1696 
0.2506 0.2759 0.2886 0.1848 
0.0278 0.7772 0.1949 0.0000 
0.0582 0.9418 0.0000 0.0000 
0.0000 0.0000 1.0000 0.0000 
0.0000 0.0000 1.0000 0.0000 
1.0000 0.0000 0.0000 0.0000 
1.0000 0.0000 0.0000 0.0000 
0.0582 0.0101 0.9316 0.0000 
0.0430 0.2810 0.0177 0.6582 
0.1949 0.1139 0.6329 0.0582 
0.2430 0.2785 0.4456 0.0329 

MOTIF filter28 
letter-probability matrix: alength= 4 w= 10 nsites= 10 
0.2507 0.2564 0.2563 0.2367 
0.3387 0.2276 0.2544 0.1792 
0.2509 0.2949 0.2728 0.1814 
0.0740 0.8263 0.0687 0.0310 
0.8064 0.0341 0.0997 0.0598 
0.0428 0.6775 0.0393 0.2404 
0.2432 0.0338 0.6820 0.0410 
0.0717 0.1153 0.0303 0.7827 
0.0375 0.0350 0.8470 0.0805 
0.1824 0.2694 0.2921 0.2562 

MOTIF filter29 
letter-probability matrix: alength= 4 w= 13 nsites= 13 
0.2501 0.2371 0.2377 0.2752 
0.2417 0.2192 0.3164 0.2227 
0.3487 0.2447 0.2983 0.1083 
0.0403 0.0566 0.0329 0.8703 
0.0198 0.0492 0.7853 0.1457 
0.8765 0.0249 0.0541 0.0445 
0.1215 0.4022 0.4039 0.0723 
0.0307 0.0539 0.0268 0.8886 
0.1186 0.7907 0.0523 0.0383 
0.8742 0.0389 0.0543 0.0327 
0.1048 0.3084 0.2553 0.3314 
0.2295 0.3082 0.2190 0.2433 
0.2608 0.2314 0.2530 0.2548 

MOTIF filter30 
letter-probability matrix: alength= 4 w= 19 nsites= 19 
0.2617 0.2297 0.2826 0.2260 
0.2432 0.2875 0.2457 0.2236 
0.3464 0.2371 0.2138 0.2027 
0.0934 0.0860 0.0307 0.7899 
0.0258 0.0848 0.7027 0.1867 
0.4238 0.3968 0.1118 0.0676 
0.0590 0.8882 0.0516 0.0012 
0.0000 1.0000 0.0000 0.0000 
0.7297 0.1278 0.0000 0.1425 
0.1413 0.0000 0.0000 0.8587 
0.9988 0.0000 0.0012 0.0000 
0.0000 0.0000 0.0000 1.0000 
0.8796 0.1057 0.0147 0.0000 
0.2727 0.0012 0.0061 0.7199 
0.0000 0.0147 0.9853 0.0000 
0.0049 0.0123 0.9595 0.0233 
0.1265 0.0700 0.3747 0.4287 
0.2420 0.6253 0.0946 0.0381 
0.6929 0.0541 0.0885 0.1646 

MOTIF filter31 
letter-probability matrix: alength= 4 w= 15 nsites= 15 
0.1968 0.0856 0.4398 0.2778 
0.1620 0.4861 0.2060 0.1458 
0.2708 0.3588 0.1991 0.1713 
0.1829 0.0324 0.6204 0.1644 
0.0093 0.9815 0.0046 0.0046 
0.4699 0.5301 0.0000 0.0000 
0.9954 0.0000 0.0046 0.0000 
0.1759 0.0185 0.2384 0.5671 
0.5880 0.2222 0.0370 0.1528 
0.0000 0.0000 0.0000 1.0000 
0.0046 0.0000 0.5417 0.4537 
0.0231 0.0255 0.9120 0.0394 
0.1435 0.6412 0.0556 0.1597 
0.1713 0.1574 0.4259 0.2454 
0.1435 0.2083 0.4769 0.1713 

