MEME version 4

ALPHABET= ACGT

Background letter frequencies:
A 0.2500 C 0.2500 G 0.2500 T 0.2500 

MOTIF filter0 
letter-probability matrix: alength= 4 w= 14 nsites= 14 
0.2804 0.1737 0.2953 0.2506 
0.5558 0.0695 0.1390 0.2357 
0.1811 0.3102 0.4789 0.0298 
0.0000 0.0000 0.0000 1.0000 
0.0248 0.9752 0.0000 0.0000 
1.0000 0.0000 0.0000 0.0000 
0.0000 0.0000 0.9429 0.0571 
0.0000 1.0000 0.0000 0.0000 
1.0000 0.0000 0.0000 0.0000 
0.4243 0.1787 0.1166 0.2804 
0.4119 0.0546 0.0025 0.5310 
0.4045 0.0769 0.0025 0.5161 
0.3201 0.1266 0.0298 0.5236 
0.2829 0.2357 0.2457 0.2357 

MOTIF filter1 
letter-probability matrix: alength= 4 w= 13 nsites= 13 
0.2487 0.2343 0.2612 0.2558 
0.2227 0.1717 0.3936 0.2120 
0.3927 0.2111 0.3578 0.0385 
0.0000 0.0000 0.0000 1.0000 
0.0000 0.0000 0.9732 0.0268 
1.0000 0.0000 0.0000 0.0000 
0.0170 0.4955 0.4821 0.0054 
0.0000 0.0000 0.0000 1.0000 
0.0143 0.9857 0.0000 0.0000 
1.0000 0.0000 0.0000 0.0000 
0.0313 0.3372 0.2397 0.3918 
0.2191 0.3587 0.1896 0.2326 
0.2522 0.2182 0.2746 0.2549 

MOTIF filter2 
letter-probability matrix: alength= 4 w= 15 nsites= 15 
0.2367 0.3326 0.2740 0.1567 
0.3635 0.1482 0.3923 0.0959 
0.1482 0.0853 0.4893 0.2772 
0.1269 0.1418 0.6610 0.0704 
0.0096 0.0810 0.7878 0.1215 
0.0000 0.3006 0.6386 0.0608 
0.0341 0.8667 0.0320 0.0672 
0.0021 0.4382 0.5565 0.0032 
0.0000 0.4350 0.5650 0.0000 
0.1610 0.0021 0.8177 0.0192 
0.1887 0.4574 0.3539 0.0000 
0.1461 0.7729 0.0672 0.0139 
0.2719 0.3987 0.1333 0.1962 
0.2036 0.5810 0.0725 0.1429 
0.1130 0.2878 0.1951 0.4041 

MOTIF filter3 
letter-probability matrix: alength= 4 w= 8 nsites= 8 
0.1085 0.5047 0.2291 0.1578 
0.1751 0.1841 0.3542 0.2866 
0.2045 0.2662 0.0784 0.4509 
0.6022 0.0029 0.1264 0.2685 
0.0000 0.5878 0.4109 0.0012 
0.2410 0.1718 0.0387 0.5485 
0.4670 0.1359 0.3500 0.0471 
0.2721 0.3342 0.1407 0.2530 

MOTIF filter4 
letter-probability matrix: alength= 4 w= 16 nsites= 16 
0.3835 0.2161 0.1886 0.2119 
0.0975 0.3411 0.1314 0.4301 
0.0763 0.3093 0.3729 0.2415 
0.4110 0.1483 0.4386 0.0021 
0.5530 0.0127 0.3771 0.0572 
0.0000 1.0000 0.0000 0.0000 
0.0000 1.0000 0.0000 0.0000 
1.0000 0.0000 0.0000 0.0000 
1.0000 0.0000 0.0000 0.0000 
0.0000 0.0000 0.0000 1.0000 
0.0403 0.7352 0.2225 0.0021 
0.8220 0.0021 0.1758 0.0000 
0.0911 0.1081 0.7839 0.0169 
0.2182 0.2669 0.2331 0.2818 
0.2797 0.1970 0.2564 0.2669 
0.2331 0.2733 0.2182 0.2754 

MOTIF filter5 
letter-probability matrix: alength= 4 w= 16 nsites= 16 
0.2398 0.2451 0.2289 0.2862 
0.2229 0.2630 0.2917 0.2224 
0.2219 0.1350 0.2944 0.3487 
0.1145 0.6738 0.0360 0.1758 
0.0133 0.1864 0.0408 0.7595 
0.9082 0.0268 0.0372 0.0278 
0.3072 0.0360 0.0659 0.5909 
0.4624 0.0461 0.0162 0.4752 
0.4557 0.0205 0.0302 0.4936 
0.6221 0.0452 0.0270 0.3057 
0.0548 0.0403 0.0650 0.8399 
0.7435 0.0314 0.1828 0.0423 
0.1635 0.0505 0.6892 0.0968 
0.3366 0.3093 0.1521 0.2019 
0.2263 0.2765 0.2726 0.2246 
0.2953 0.2166 0.2514 0.2367 

MOTIF filter6 
letter-probability matrix: alength= 4 w= 14 nsites= 14 
0.1556 0.2000 0.3667 0.2778 
0.0194 0.4639 0.2194 0.2972 
0.0944 0.6028 0.1389 0.1639 
0.6944 0.0139 0.2722 0.0194 
0.0000 0.9667 0.0028 0.0306 
0.0000 0.0000 0.0000 1.0000 
0.0000 0.0000 0.0000 1.0000 
0.0000 1.0000 0.0000 0.0000 
0.0000 1.0000 0.0000 0.0000 
0.0000 0.0000 0.9583 0.0417 
0.0000 0.1944 0.7917 0.0139 
0.2583 0.2167 0.2333 0.2917 
0.1917 0.2500 0.2722 0.2861 
0.2194 0.2278 0.2556 0.2972 

MOTIF filter7 
letter-probability matrix: alength= 4 w= 15 nsites= 15 
0.0911 0.4408 0.2966 0.1716 
0.0560 0.3039 0.3926 0.2475 
0.0449 0.2382 0.5551 0.1618 
0.0192 0.1328 0.6560 0.1920 
0.2051 0.2565 0.3378 0.2006 
0.7422 0.0355 0.0400 0.1822 
0.2520 0.5817 0.1487 0.0176 
0.0441 0.1491 0.4763 0.3305 
0.5372 0.0053 0.2014 0.2561 
0.0425 0.7949 0.1324 0.0302 
0.0441 0.7247 0.1806 0.0507 
0.1467 0.1270 0.0715 0.6548 
0.2582 0.3681 0.3145 0.0592 
0.0310 0.2414 0.5613 0.1663 
0.2880 0.1413 0.2594 0.3113 

MOTIF filter8 
letter-probability matrix: alength= 4 w= 15 nsites= 15 
0.1970 0.3956 0.2256 0.1818 
0.2912 0.3805 0.1667 0.1616 
0.2239 0.0488 0.5421 0.1852 
0.0556 0.8822 0.0354 0.0269 
0.4966 0.5034 0.0000 0.0000 
0.9731 0.0000 0.0269 0.0000 
0.2239 0.0152 0.2744 0.4865 
0.6835 0.1582 0.0236 0.1347 
0.0000 0.0084 0.0000 0.9916 
0.0000 0.0017 0.5791 0.4192 
0.0337 0.0286 0.9007 0.0370 
0.1751 0.6549 0.0253 0.1448 
0.1684 0.1684 0.3704 0.2929 
0.1313 0.1902 0.5051 0.1734 
0.2121 0.5673 0.0606 0.1599 

MOTIF filter9 
letter-probability matrix: alength= 4 w= 12 nsites= 12 
0.2458 0.2764 0.2236 0.2542 
0.2468 0.2794 0.2295 0.2443 
0.2527 0.2428 0.2374 0.2670 
0.5977 0.0000 0.0000 0.4023 
0.0000 0.0000 0.0000 1.0000 
0.0000 0.0523 0.0000 0.9477 
0.8327 0.0000 0.1673 0.0000 
1.0000 0.0000 0.0000 0.0000 
0.4003 0.0000 0.0000 0.5997 
0.2547 0.2453 0.2586 0.2414 
0.2335 0.2808 0.2631 0.2226 
0.2591 0.2374 0.2399 0.2636 

MOTIF filter10 
letter-probability matrix: alength= 4 w= 13 nsites= 13 
0.2538 0.2420 0.2557 0.2485 
0.2680 0.2595 0.2255 0.2469 
0.4073 0.1892 0.3379 0.0657 
0.0331 0.0244 0.0479 0.8946 
0.0275 0.0297 0.1814 0.7614 
0.3250 0.0222 0.4704 0.1823 
0.0859 0.6341 0.0687 0.2112 
0.2165 0.0671 0.6477 0.0687 
0.1910 0.5028 0.0125 0.2937 
0.7672 0.1653 0.0315 0.0360 
0.9126 0.0336 0.0282 0.0255 
0.0763 0.3183 0.1910 0.4144 
0.2458 0.2644 0.2530 0.2368 

MOTIF filter11 
letter-probability matrix: alength= 4 w= 20 nsites= 20 
0.2153 0.2797 0.2748 0.2302 
0.2859 0.2327 0.2327 0.2488 
0.1473 0.0718 0.0334 0.7475 
0.0235 0.0817 0.6881 0.2067 
0.4282 0.3923 0.0656 0.1139 
0.0000 0.9988 0.0012 0.0000 
0.0000 0.9926 0.0000 0.0074 
0.8329 0.0012 0.0037 0.1621 
0.0198 0.0000 0.0012 0.9790 
0.9963 0.0037 0.0000 0.0000 
0.0000 0.0000 0.0012 0.9988 
0.9864 0.0000 0.0000 0.0136 
0.1510 0.0025 0.0000 0.8465 
0.0037 0.0062 0.9901 0.0000 
0.0000 0.0012 0.9963 0.0025 
0.1101 0.0693 0.3824 0.4381 
0.2079 0.6819 0.0780 0.0322 
0.7562 0.0248 0.0569 0.1621 
0.2376 0.2772 0.2438 0.2413 
0.2129 0.2599 0.2698 0.2574 

MOTIF filter12 
letter-probability matrix: alength= 4 w= 15 nsites= 15 
0.2685 0.3032 0.2037 0.2245 
0.2685 0.2662 0.2292 0.2361 
0.2477 0.2431 0.2431 0.2662 
0.0116 0.7708 0.1111 0.1065 
0.0000 0.1991 0.0000 0.8009 
0.0000 0.2708 0.6991 0.0301 
1.0000 0.0000 0.0000 0.0000 
0.0000 0.0000 0.0000 1.0000 
0.0000 0.0000 0.0000 1.0000 
0.0000 0.0000 1.0000 0.0000 
0.0000 0.0000 1.0000 0.0000 
0.0509 0.4005 0.0069 0.5417 
0.0231 0.4259 0.1435 0.4074 
0.1991 0.4167 0.2986 0.0856 
0.4583 0.1435 0.3125 0.0856 

MOTIF filter13 
letter-probability matrix: alength= 4 w= 15 nsites= 15 
0.1283 0.5912 0.1242 0.1563 
0.2285 0.3146 0.3146 0.1423 
0.0922 0.1503 0.5912 0.1663 
0.0461 0.7896 0.0721 0.0922 
0.0321 0.8617 0.0521 0.0541 
1.0000 0.0000 0.0000 0.0000 
0.3868 0.0000 0.0080 0.6052 
0.2224 0.3066 0.2826 0.1884 
0.5651 0.0220 0.0000 0.4128 
0.0000 0.0020 0.0000 0.9980 
0.0421 0.0421 0.8778 0.0381 
0.0721 0.0521 0.7615 0.1142 
0.1523 0.5711 0.1403 0.1363 
0.1804 0.2926 0.2766 0.2505 
0.1543 0.1263 0.5832 0.1363 

MOTIF filter14 
letter-probability matrix: alength= 4 w= 20 nsites= 20 
0.2432 0.2437 0.2601 0.2530 
0.0534 0.3893 0.2814 0.2759 
0.0311 0.3664 0.1767 0.4258 
0.5453 0.0038 0.1369 0.3141 
0.2764 0.5420 0.0224 0.1592 
0.7072 0.0027 0.1723 0.1178 
0.3866 0.1123 0.0965 0.4046 
0.0027 0.7426 0.0491 0.2056 
0.5174 0.2088 0.1799 0.0938 
0.3975 0.1609 0.3424 0.0992 
0.1734 0.1429 0.5104 0.1734 
0.1538 0.1756 0.2356 0.4351 
0.2552 0.0245 0.1401 0.5802 
0.1663 0.1249 0.0649 0.6439 
0.2743 0.2241 0.2835 0.2181 
0.6478 0.0382 0.0273 0.2868 
0.2917 0.3462 0.1756 0.1865 
0.1134 0.1341 0.0660 0.6865 
0.3550 0.0774 0.1298 0.4378 
0.6074 0.1543 0.0436 0.1947 

MOTIF filter15 
letter-probability matrix: alength= 4 w= 15 nsites= 15 
0.2945 0.2575 0.2540 0.1940 
0.2716 0.2716 0.2222 0.2346 
0.0917 0.2046 0.4533 0.2504 
0.0000 0.7108 0.0564 0.2328 
0.0053 0.7619 0.0000 0.2328 
0.0000 1.0000 0.0000 0.0000 
0.0000 1.0000 0.0000 0.0000 
0.1270 0.0000 0.5608 0.3122 
0.0000 1.0000 0.0000 0.0000 
0.0000 1.0000 0.0000 0.0000 
0.0000 0.7672 0.0000 0.2328 
0.1076 0.7354 0.0000 0.1570 
0.0529 0.5767 0.0864 0.2840 
0.2540 0.2540 0.2451 0.2469 
0.2734 0.2416 0.2399 0.2451 

MOTIF filter16 
letter-probability matrix: alength= 4 w= 15 nsites= 15 
0.2718 0.2308 0.2333 0.2641 
0.2821 0.2282 0.2821 0.2077 
0.2308 0.2513 0.2692 0.2487 
0.0103 0.8359 0.1538 0.0000 
0.0462 0.9538 0.0000 0.0000 
0.0000 0.0000 1.0000 0.0000 
0.0000 0.0000 1.0000 0.0000 
1.0000 0.0000 0.0000 0.0000 
1.0000 0.0000 0.0000 0.0000 
0.0487 0.0103 0.9410 0.0000 
0.0410 0.2974 0.0128 0.6487 
0.2000 0.0923 0.6487 0.0590 
0.2436 0.2590 0.4641 0.0333 
0.2231 0.3462 0.2538 0.1769 
0.2256 0.2872 0.2538 0.2333 

MOTIF filter17 
letter-probability matrix: alength= 4 w= 16 nsites= 16 
0.2571 0.2670 0.2396 0.2363 
0.2418 0.2747 0.2451 0.2385 
0.1143 0.0692 0.3451 0.4714 
0.0352 0.8692 0.0000 0.0956 
0.0000 0.0000 0.0000 1.0000 
0.9989 0.0011 0.0000 0.0000 
0.2703 0.0000 0.0022 0.7275 
0.4681 0.0000 0.0000 0.5319 
0.5571 0.0000 0.0011 0.4418 
0.6978 0.0000 0.0000 0.3022 
0.0000 0.0000 0.0000 1.0000 
0.9945 0.0000 0.0055 0.0000 
0.1022 0.0000 0.8659 0.0319 
0.4516 0.3549 0.0571 0.1363 
0.2901 0.2253 0.2549 0.2297 
0.2440 0.2857 0.2341 0.2363 

MOTIF filter18 
letter-probability matrix: alength= 4 w= 14 nsites= 14 
0.2334 0.2709 0.2363 0.2594 
0.4957 0.0202 0.1412 0.3429 
0.6340 0.0058 0.0346 0.3256 
0.4582 0.0000 0.0317 0.5101 
0.2939 0.1441 0.1643 0.3977 
0.0029 0.0000 0.0000 0.9971 
0.0000 0.0000 1.0000 0.0000 
0.0375 0.9625 0.0000 0.0000 
0.0000 0.0000 0.0000 1.0000 
0.0000 0.0000 0.9914 0.0086 
1.0000 0.0000 0.0000 0.0000 
0.0346 0.5187 0.3055 0.1412 
0.2161 0.1470 0.0576 0.5793 
0.1988 0.3545 0.1210 0.3256 

MOTIF filter19 
letter-probability matrix: alength= 4 w= 14 nsites= 14 
0.1853 0.1436 0.4672 0.2039 
0.2376 0.4672 0.1427 0.1525 
0.2926 0.3936 0.2278 0.0860 
0.5133 0.0000 0.4601 0.0266 
0.4424 0.5505 0.0071 0.0000 
0.1480 0.6020 0.2500 0.0000 
1.0000 0.0000 0.0000 0.0000 
0.0000 0.0000 0.0000 1.0000 
0.0000 0.2207 0.6232 0.1560 
0.0000 0.0027 0.5975 0.3998 
0.0284 0.4991 0.0000 0.4725 
0.1002 0.2101 0.4637 0.2261 
0.1977 0.1268 0.5106 0.1649 
0.1915 0.4947 0.1374 0.1764 

MOTIF filter20 
letter-probability matrix: alength= 4 w= 16 nsites= 16 
0.2000 0.2660 0.2383 0.2957 
0.2277 0.3532 0.2234 0.1957 
0.4468 0.1617 0.2638 0.1277 
0.1191 0.6383 0.1596 0.0830 
0.0979 0.0638 0.2106 0.6277 
0.1532 0.0660 0.0489 0.7319 
0.0043 0.8596 0.1362 0.0000 
0.0000 1.0000 0.0000 0.0000 
0.0149 0.0000 0.9830 0.0021 
0.0043 0.1319 0.8362 0.0277 
0.8149 0.0213 0.0255 0.1383 
0.7340 0.0617 0.0596 0.1447 
0.0404 0.1319 0.6745 0.1532 
0.1255 0.2766 0.1106 0.4872 
0.1894 0.1681 0.5532 0.0894 
0.2830 0.1298 0.4426 0.1447 

MOTIF filter21 
letter-probability matrix: alength= 4 w= 16 nsites= 16 
0.1538 0.1551 0.1043 0.5867 
0.0834 0.1265 0.5606 0.2295 
0.3377 0.3651 0.1734 0.1239 
0.0000 0.8840 0.0665 0.0495 
0.0026 0.9413 0.0183 0.0378 
0.8670 0.0000 0.0821 0.0508 
0.0013 0.2920 0.0039 0.7027 
0.6571 0.0000 0.0000 0.3429 
0.0000 0.0000 0.0000 1.0000 
0.6623 0.3364 0.0000 0.0013 
0.0626 0.3546 0.0000 0.5828 
0.0000 0.0000 0.9987 0.0013 
0.0000 0.0378 0.9622 0.0000 
0.1525 0.1512 0.3377 0.3585 
0.1617 0.5919 0.1356 0.1108 
0.6180 0.0834 0.0965 0.2021 

MOTIF filter22 
letter-probability matrix: alength= 4 w= 17 nsites= 17 
0.2296 0.4444 0.1012 0.2247 
0.2519 0.2296 0.1432 0.3753 
0.2420 0.2469 0.2593 0.2519 
0.7235 0.0494 0.0642 0.1630 
0.4173 0.1210 0.3037 0.1580 
0.1333 0.0000 0.0049 0.8617 
0.1062 0.6617 0.0074 0.2247 
0.5605 0.0000 0.0000 0.4395 
0.0000 0.0000 0.9975 0.0025 
0.0074 0.9926 0.0000 0.0000 
0.4963 0.0000 0.0000 0.5037 
0.1679 0.0370 0.6494 0.1457 
0.8049 0.0025 0.0025 0.1901 
0.1185 0.2000 0.1654 0.5160 
0.2123 0.0741 0.0123 0.7012 
0.1975 0.2963 0.2148 0.2914 
0.4074 0.1111 0.2025 0.2790 

MOTIF filter23 
letter-probability matrix: alength= 4 w= 20 nsites= 20 
0.2156 0.2765 0.2741 0.2339 
0.2789 0.2460 0.2314 0.2436 
0.1510 0.0731 0.0317 0.7442 
0.0305 0.0767 0.6784 0.2144 
0.4214 0.3946 0.0719 0.1121 
0.0000 1.0000 0.0000 0.0000 
0.0000 0.9951 0.0000 0.0049 
0.8356 0.0000 0.0024 0.1620 
0.0195 0.0000 0.0000 0.9805 
0.9976 0.0000 0.0024 0.0000 
0.0000 0.0024 0.0012 0.9963 
0.9890 0.0000 0.0000 0.0110 
0.1510 0.0024 0.0012 0.8453 
0.0024 0.0073 0.9903 0.0000 
0.0012 0.0000 0.9963 0.0024 
0.0974 0.0694 0.3946 0.4385 
0.2217 0.6626 0.0877 0.0280 
0.7296 0.0280 0.0646 0.1778 
0.2302 0.2826 0.2436 0.2436 
0.2217 0.2594 0.2631 0.2558 

MOTIF filter24 
letter-probability matrix: alength= 4 w= 14 nsites= 14 
0.1586 0.2835 0.4329 0.1250 
0.2390 0.4913 0.1501 0.1195 
0.1572 0.5735 0.2081 0.0611 
0.0258 0.9063 0.0465 0.0214 
0.2825 0.3205 0.0598 0.3372 
0.2778 0.0014 0.3093 0.4115 
0.9650 0.0000 0.0350 0.0000 
0.0000 0.0818 0.0000 0.9182 
0.4998 0.2309 0.0092 0.2601 
0.2115 0.0224 0.3990 0.3671 
0.0071 0.0513 0.8618 0.0798 
0.1059 0.1854 0.4669 0.2418 
0.0672 0.1599 0.3973 0.3756 
0.1694 0.4761 0.2109 0.1436 

MOTIF filter25 
letter-probability matrix: alength= 4 w= 12 nsites= 12 
0.1721 0.2113 0.2407 0.3759 
0.3209 0.1881 0.4293 0.0617 
0.3135 0.4755 0.1058 0.1053 
0.0266 0.2928 0.0769 0.6037 
0.0196 0.4817 0.3478 0.1509 
0.9296 0.0021 0.0526 0.0157 
0.3741 0.1148 0.2356 0.2755 
0.0003 0.0356 0.0021 0.9621 
0.0637 0.3715 0.5573 0.0075 
0.4776 0.1078 0.3483 0.0663 
0.1969 0.0735 0.4074 0.3222 
0.0410 0.4017 0.1442 0.4131 

MOTIF filter26 
letter-probability matrix: alength= 4 w= 12 nsites= 12 
0.1484 0.3709 0.2363 0.2445 
0.2473 0.2518 0.3315 0.1694 
0.3663 0.1236 0.4020 0.1081 
0.0000 0.0330 0.0009 0.9661 
0.0000 0.0000 0.0018 0.9982 
0.0000 0.3993 0.0852 0.5156 
0.7024 0.0339 0.2637 0.0000 
0.9469 0.0531 0.0000 0.0000 
0.6630 0.2271 0.1099 0.0000 
0.2436 0.3141 0.1941 0.2482 
0.1859 0.3086 0.2976 0.2079 
0.2894 0.2015 0.2454 0.2637 

MOTIF filter27 
letter-probability matrix: alength= 4 w= 17 nsites= 17 
0.1542 0.1470 0.1513 0.5476 
0.0749 0.1794 0.4957 0.2500 
0.2860 0.3148 0.0612 0.3379 
0.0353 0.5865 0.2795 0.0987 
0.1614 0.7298 0.0641 0.0447 
0.5166 0.3847 0.0079 0.0908 
0.0000 0.4042 0.0000 0.5958 
0.9719 0.0094 0.0000 0.0187 
0.0058 0.0029 0.0151 0.9762 
0.9561 0.0065 0.0043 0.0331 
0.0670 0.0007 0.0000 0.9323 
0.3033 0.0000 0.6967 0.0000 
0.0014 0.0122 0.6527 0.3336 
0.0468 0.0461 0.6268 0.2803 
0.1895 0.3898 0.3883 0.0324 
0.4496 0.0519 0.2176 0.2810 
0.2161 0.3804 0.2183 0.1852 

MOTIF filter28 
letter-probability matrix: alength= 4 w= 15 nsites= 15 
0.2675 0.2419 0.2197 0.2709 
0.2684 0.2469 0.2461 0.2386 
0.1594 0.2188 0.1627 0.4591 
0.0017 0.0083 0.0000 0.9901 
0.0000 0.0000 0.0306 0.9694 
0.1197 0.8737 0.0000 0.0066 
0.0297 0.7267 0.0008 0.2428 
0.2585 0.2254 0.2510 0.2651 
0.2378 0.0000 0.7341 0.0281 
0.0041 0.0058 0.8844 0.1057 
0.9678 0.0314 0.0008 0.0000 
0.9959 0.0033 0.0008 0.0000 
0.4756 0.1486 0.2155 0.1602 
0.2386 0.2626 0.2461 0.2527 
0.2552 0.2329 0.2593 0.2527 

MOTIF filter29 
letter-probability matrix: alength= 4 w= 12 nsites= 12 
0.3404 0.3522 0.2020 0.1054 
0.5243 0.2618 0.1820 0.0318 
0.3510 0.1796 0.1758 0.2936 
0.7039 0.0087 0.2687 0.0187 
0.9464 0.0062 0.0474 0.0000 
0.3965 0.1141 0.1116 0.3778 
0.7556 0.0393 0.1708 0.0343 
0.0000 0.0461 0.0000 0.9539 
0.0006 0.3909 0.0000 0.6085 
0.2382 0.1197 0.5418 0.1004 
0.1490 0.2251 0.3921 0.2338 
0.1365 0.3192 0.3423 0.2020 

MOTIF filter30 
letter-probability matrix: alength= 4 w= 12 nsites= 12 
0.2555 0.2596 0.2452 0.2397 
0.3456 0.2215 0.2578 0.1752 
0.2531 0.2956 0.2659 0.1854 
0.0669 0.8233 0.0592 0.0506 
0.8014 0.0399 0.0984 0.0602 
0.0409 0.6575 0.0419 0.2598 
0.2368 0.0339 0.6867 0.0426 
0.0819 0.1191 0.0330 0.7660 
0.0563 0.0381 0.8245 0.0811 
0.1979 0.2686 0.2846 0.2489 
0.1975 0.2607 0.2093 0.3325 
0.2477 0.2454 0.2471 0.2599 

MOTIF filter31 
letter-probability matrix: alength= 4 w= 15 nsites= 15 
0.2447 0.2255 0.2660 0.2638 
0.2298 0.2681 0.2638 0.2383 
0.2723 0.0830 0.5617 0.0830 
0.1447 0.0000 0.7596 0.0957 
0.2064 0.0000 0.7936 0.0000 
0.0000 0.0000 1.0000 0.0000 
0.0000 0.0000 1.0000 0.0000 
0.3298 0.5170 0.0000 0.1532 
0.0000 0.0000 1.0000 0.0000 
0.0000 0.0000 1.0000 0.0000 
0.1979 0.0000 0.8000 0.0021 
0.2340 0.0255 0.7404 0.0000 
0.1936 0.5106 0.1936 0.1021 
0.2617 0.2064 0.2894 0.2426 
0.2426 0.2915 0.2170 0.2489 

