MEME version 4

ALPHABET= ACGT

Background letter frequencies:
A 0.2500 C 0.2500 G 0.2500 T 0.2500 

MOTIF filter0 
letter-probability matrix: alength= 4 w= 13 nsites= 13 
0.2156 0.2884 0.2426 0.2534 
0.0027 0.8544 0.1429 0.0000 
0.0189 0.9811 0.0000 0.0000 
0.0000 0.0000 1.0000 0.0000 
0.0000 0.0000 1.0000 0.0000 
1.0000 0.0000 0.0000 0.0000 
1.0000 0.0000 0.0000 0.0000 
0.0512 0.0270 0.9218 0.0000 
0.0216 0.3154 0.0216 0.6415 
0.1644 0.1159 0.6658 0.0539 
0.2668 0.2830 0.4394 0.0108 
0.2399 0.3261 0.2453 0.1887 
0.2022 0.3127 0.2561 0.2291 

MOTIF filter1 
letter-probability matrix: alength= 4 w= 15 nsites= 15 
0.2576 0.1801 0.3186 0.2438 
0.5956 0.0665 0.1357 0.2022 
0.1773 0.3130 0.4765 0.0332 
0.0000 0.0000 0.0000 1.0000 
0.0194 0.9806 0.0000 0.0000 
1.0000 0.0000 0.0000 0.0000 
0.0000 0.0000 0.9945 0.0055 
0.0000 1.0000 0.0000 0.0000 
0.9945 0.0000 0.0000 0.0055 
0.4266 0.1745 0.1302 0.2687 
0.3989 0.0526 0.0083 0.5402 
0.3878 0.0748 0.0055 0.5319 
0.2992 0.1302 0.0277 0.5429 
0.2715 0.2355 0.2465 0.2465 
0.2659 0.2881 0.1967 0.2493 

MOTIF filter2 
letter-probability matrix: alength= 4 w= 17 nsites= 17 
0.3156 0.1492 0.2007 0.3345 
0.5660 0.0395 0.0875 0.3070 
0.5780 0.0120 0.0223 0.3877 
0.2367 0.1973 0.3465 0.2196 
0.0000 0.0000 0.0000 1.0000 
0.0000 0.3756 0.6244 0.0000 
0.4563 0.5437 0.0000 0.0000 
0.0000 0.0000 0.3705 0.6295 
0.0000 0.3997 0.6003 0.0000 
1.0000 0.0000 0.0000 0.0000 
0.1801 0.4048 0.1955 0.2196 
0.3053 0.0206 0.0000 0.6741 
0.2247 0.1938 0.0497 0.5317 
0.4477 0.0446 0.0583 0.4494 
0.2093 0.1063 0.4288 0.2556 
0.2659 0.2264 0.2830 0.2247 
0.2487 0.2350 0.2401 0.2762 

MOTIF filter3 
letter-probability matrix: alength= 4 w= 12 nsites= 12 
0.2731 0.2666 0.2242 0.2362 
0.2740 0.2629 0.2168 0.2463 
0.2463 0.2334 0.2269 0.2934 
0.9991 0.0000 0.0000 0.0009 
0.0000 0.0000 0.0000 1.0000 
0.0000 0.1799 0.0000 0.8201 
1.0000 0.0000 0.0000 0.0000 
1.0000 0.0000 0.0000 0.0000 
0.5212 0.0000 0.0000 0.4788 
0.2712 0.2297 0.2638 0.2352 
0.2223 0.2454 0.2878 0.2445 
0.2574 0.2611 0.2223 0.2592 

MOTIF filter4 
letter-probability matrix: alength= 4 w= 16 nsites= 16 
0.2470 0.2289 0.2510 0.2731 
0.3253 0.2269 0.2209 0.2269 
0.2410 0.2470 0.2972 0.2149 
0.5643 0.0422 0.3936 0.0000 
0.0000 0.0000 0.0000 1.0000 
0.0000 0.0000 0.0161 0.9839 
0.1767 0.0000 0.7811 0.0422 
0.0000 0.9578 0.0020 0.0402 
0.0361 0.0000 0.9639 0.0000 
0.0622 0.6627 0.0000 0.2751 
0.9779 0.0221 0.0000 0.0000 
1.0000 0.0000 0.0000 0.0000 
0.0161 0.3012 0.1024 0.5803 
0.2791 0.2631 0.2691 0.1888 
0.2490 0.1807 0.2450 0.3253 
0.2269 0.2390 0.2610 0.2731 

MOTIF filter5 
letter-probability matrix: alength= 4 w= 14 nsites= 14 
0.2876 0.2343 0.2370 0.2411 
0.1735 0.2296 0.1506 0.4463 
0.0041 0.0209 0.0068 0.9683 
0.0007 0.0027 0.0398 0.9568 
0.1256 0.8413 0.0142 0.0189 
0.0344 0.7130 0.0054 0.2471 
0.2478 0.2350 0.2559 0.2613 
0.2451 0.0014 0.7171 0.0365 
0.0142 0.0095 0.8582 0.1182 
0.9460 0.0439 0.0047 0.0054 
0.9737 0.0108 0.0149 0.0007 
0.4598 0.1438 0.2242 0.1722 
0.2411 0.2667 0.2343 0.2579 
0.2546 0.2384 0.2586 0.2485 

MOTIF filter6 
letter-probability matrix: alength= 4 w= 17 nsites= 17 
0.2598 0.2883 0.2135 0.2384 
0.2562 0.2420 0.2491 0.2527 
0.0000 0.8292 0.0605 0.1103 
0.0000 0.1815 0.0000 0.8185 
0.0000 0.2349 0.7509 0.0142 
1.0000 0.0000 0.0000 0.0000 
0.0000 0.0000 0.0000 1.0000 
0.0000 0.0000 0.0000 1.0000 
0.0000 0.0000 1.0000 0.0000 
0.0000 0.0000 1.0000 0.0000 
0.0320 0.4128 0.0036 0.5516 
0.0142 0.4733 0.1246 0.3879 
0.1815 0.4662 0.3274 0.0249 
0.5089 0.0819 0.3772 0.0320 
0.1566 0.0961 0.2883 0.4591 
0.1566 0.1174 0.2135 0.5125 
0.0498 0.2918 0.2278 0.4306 

MOTIF filter7 
letter-probability matrix: alength= 4 w= 10 nsites= 10 
0.2279 0.3026 0.3046 0.1649 
0.0000 1.0000 0.0000 0.0000 
1.0000 0.0000 0.0000 0.0000 
0.0000 0.9952 0.0000 0.0048 
0.0116 0.0000 0.9884 0.0000 
0.0000 0.0000 0.0000 1.0000 
0.0000 0.0000 1.0000 0.0000 
0.1629 0.2910 0.3152 0.2308 
0.1736 0.2376 0.1697 0.4190 
0.2328 0.2561 0.2502 0.2609 

MOTIF filter8 
letter-probability matrix: alength= 4 w= 15 nsites= 15 
0.2222 0.2222 0.2874 0.2682 
0.2318 0.2567 0.2471 0.2644 
0.4943 0.1322 0.3448 0.0287 
0.0000 0.0000 0.0000 1.0000 
0.0000 0.0000 0.0383 0.9617 
0.3314 0.0000 0.6284 0.0402 
0.0000 0.9885 0.0000 0.0115 
0.0556 0.0000 0.9444 0.0000 
0.0249 0.8544 0.0000 0.1207 
1.0000 0.0000 0.0000 0.0000 
1.0000 0.0000 0.0000 0.0000 
0.0000 0.3831 0.0747 0.5421 
0.2644 0.2874 0.2605 0.1877 
0.2146 0.2471 0.2490 0.2893 
0.2893 0.2356 0.2682 0.2069 

MOTIF filter9 
letter-probability matrix: alength= 4 w= 13 nsites= 13 
0.2524 0.2400 0.2386 0.2690 
0.2453 0.2358 0.2970 0.2220 
0.3467 0.2427 0.3097 0.1010 
0.0506 0.0584 0.0538 0.8373 
0.0348 0.0364 0.7614 0.1673 
0.8615 0.0377 0.0591 0.0417 
0.1250 0.4169 0.3939 0.0642 
0.0173 0.0529 0.0462 0.8836 
0.1505 0.7814 0.0318 0.0363 
0.8750 0.0424 0.0493 0.0333 
0.0957 0.3100 0.2674 0.3268 
0.2138 0.3194 0.2299 0.2368 
0.2710 0.2264 0.2531 0.2496 

MOTIF filter10 
letter-probability matrix: alength= 4 w= 20 nsites= 20 
0.5000 0.0000 0.5000 0.0000 
0.5000 0.0000 0.0000 0.5000 
0.0000 0.0000 0.0000 1.0000 
0.5000 0.0000 0.0000 0.5000 
0.0000 0.5000 0.5000 0.0000 
0.5000 0.0000 0.0000 0.5000 
0.5000 0.5000 0.0000 0.0000 
0.0000 0.0000 1.0000 0.0000 
0.0000 0.0000 1.0000 0.0000 
0.0000 1.0000 0.0000 0.0000 
1.0000 0.0000 0.0000 0.0000 
0.0000 0.0000 0.5000 0.5000 
0.0000 0.0000 0.5000 0.5000 
0.0000 0.0000 1.0000 0.0000 
0.0000 1.0000 0.0000 0.0000 
1.0000 0.0000 0.0000 0.0000 
0.0000 0.0000 0.0000 1.0000 
0.0000 1.0000 0.0000 0.0000 
0.0000 0.0000 0.0000 1.0000 
0.0000 1.0000 0.0000 0.0000 

MOTIF filter11 
letter-probability matrix: alength= 4 w= 13 nsites= 13 
0.2230 0.2509 0.2613 0.2648 
0.0000 0.9512 0.0383 0.0105 
0.0000 0.2369 0.0000 0.7631 
0.0488 0.1707 0.7491 0.0314 
1.0000 0.0000 0.0000 0.0000 
0.0000 0.0000 0.0000 1.0000 
0.0000 0.0035 0.0035 0.9930 
0.0000 0.0000 1.0000 0.0000 
0.0000 0.0000 1.0000 0.0000 
0.0383 0.4042 0.0070 0.5505 
0.0348 0.4286 0.1289 0.4077 
0.2300 0.3589 0.3275 0.0836 
0.4042 0.1986 0.3624 0.0348 

MOTIF filter12 
letter-probability matrix: alength= 4 w= 16 nsites= 16 
0.2468 0.2390 0.2468 0.2675 
0.2182 0.2779 0.2805 0.2234 
0.2623 0.2519 0.2078 0.2779 
0.1584 0.6519 0.1325 0.0571 
1.0000 0.0000 0.0000 0.0000 
0.9870 0.0000 0.0130 0.0000 
0.4182 0.0909 0.4675 0.0234 
1.0000 0.0000 0.0000 0.0000 
0.0000 0.0000 0.0000 1.0000 
0.0000 0.0000 1.0000 0.0000 
0.0000 0.0000 1.0000 0.0000 
0.0623 0.8545 0.0000 0.0831 
0.1195 0.2052 0.4156 0.2597 
0.0909 0.0935 0.7429 0.0727 
0.1429 0.7377 0.0286 0.0909 
0.2571 0.2442 0.2234 0.2753 

MOTIF filter13 
letter-probability matrix: alength= 4 w= 8 nsites= 8 
0.2092 0.2502 0.2691 0.2715 
0.2502 0.2218 0.2052 0.3228 
0.2841 0.2013 0.2431 0.2715 
0.9984 0.0000 0.0000 0.0016 
0.0000 0.0000 0.0000 1.0000 
0.0016 0.2470 0.0000 0.7514 
0.9992 0.0008 0.0000 0.0000 
1.0000 0.0000 0.0000 0.0000 

MOTIF filter14 
letter-probability matrix: alength= 4 w= 16 nsites= 16 
0.4504 0.1898 0.1530 0.2068 
0.0453 0.3824 0.1275 0.4448 
0.0595 0.3569 0.3484 0.2351 
0.4674 0.1246 0.4079 0.0000 
0.5722 0.0000 0.3938 0.0340 
0.0000 1.0000 0.0000 0.0000 
0.0000 1.0000 0.0000 0.0000 
1.0000 0.0000 0.0000 0.0000 
1.0000 0.0000 0.0000 0.0000 
0.0000 0.0000 0.0000 1.0000 
0.0113 0.7734 0.2153 0.0000 
0.8102 0.0028 0.1870 0.0000 
0.0708 0.0510 0.8612 0.0170 
0.2351 0.2295 0.2635 0.2720 
0.2805 0.1671 0.2776 0.2748 
0.2266 0.2833 0.2210 0.2691 

MOTIF filter15 
letter-probability matrix: alength= 4 w= 16 nsites= 16 
0.0082 0.9684 0.0152 0.0082 
0.0000 0.9953 0.0012 0.0035 
0.8279 0.0035 0.0082 0.1604 
0.0117 0.0000 0.0000 0.9883 
1.0000 0.0000 0.0000 0.0000 
0.0000 0.0000 0.0012 0.9988 
0.9883 0.0000 0.0000 0.0117 
0.1674 0.0000 0.0000 0.8326 
0.0000 0.0035 0.9965 0.0000 
0.0000 0.0000 1.0000 0.0000 
0.1089 0.0703 0.4005 0.4204 
0.2260 0.6487 0.0937 0.0316 
0.7260 0.0304 0.0714 0.1721 
0.2389 0.2752 0.2447 0.2412 
0.2260 0.2646 0.2600 0.2494 
0.2436 0.2389 0.2752 0.2424 

MOTIF filter16 
letter-probability matrix: alength= 4 w= 15 nsites= 15 
0.1303 0.2553 0.4084 0.2059 
0.0732 0.1715 0.3944 0.3609 
0.3522 0.0344 0.3750 0.2384 
0.4205 0.5160 0.0233 0.0402 
0.2694 0.6269 0.1032 0.0005 
0.3818 0.4283 0.1710 0.0189 
0.1177 0.7592 0.0048 0.1182 
0.2258 0.0620 0.4637 0.2485 
0.0896 0.4462 0.0131 0.4511 
0.0015 0.0480 0.9486 0.0019 
0.0010 0.1114 0.3450 0.5426 
0.5465 0.0024 0.3362 0.1148 
0.4079 0.2771 0.1085 0.2064 
0.2272 0.2534 0.1609 0.3585 
0.3687 0.1294 0.1691 0.3328 

MOTIF filter17 
letter-probability matrix: alength= 4 w= 16 nsites= 16 
0.3687 0.2448 0.1711 0.2153 
0.3127 0.2419 0.2360 0.2094 
0.1563 0.2832 0.4100 0.1504 
0.0029 0.7109 0.0383 0.2478 
0.0088 0.8319 0.0147 0.1445 
0.0029 0.9853 0.0000 0.0118 
0.0059 0.9705 0.0059 0.0177 
0.0590 0.3540 0.3923 0.1947 
0.0000 0.8614 0.1091 0.0295 
0.0029 0.9381 0.0501 0.0088 
0.0000 0.8850 0.0118 0.1032 
0.0059 0.9499 0.0000 0.0442 
0.0295 0.7699 0.0354 0.1652 
0.1593 0.4218 0.1209 0.2979 
0.1829 0.3982 0.1357 0.2832 
0.2094 0.2920 0.2153 0.2832 

MOTIF filter18 
letter-probability matrix: alength= 4 w= 11 nsites= 11 
0.2497 0.2608 0.2632 0.2263 
0.2546 0.2583 0.2374 0.2497 
0.0000 0.0000 0.0000 1.0000 
0.0000 0.0000 0.0000 1.0000 
0.0000 0.0000 0.0000 1.0000 
0.5486 0.0000 0.4514 0.0000 
1.0000 0.0000 0.0000 0.0000 
0.0000 0.0000 0.0000 1.0000 
0.2300 0.2620 0.2534 0.2546 
0.2571 0.2435 0.2583 0.2411 
0.2399 0.2435 0.2681 0.2485 

MOTIF filter19 
letter-probability matrix: alength= 4 w= 20 nsites= 20 
0.2314 0.2448 0.2838 0.2400 
0.0581 0.0933 0.7467 0.1019 
0.2410 0.2810 0.1400 0.3381 
0.1095 0.0410 0.7400 0.1095 
0.1276 0.0238 0.5714 0.2771 
0.1000 0.0638 0.5990 0.2371 
0.1181 0.0705 0.8076 0.0038 
0.3495 0.1067 0.3810 0.1629 
0.0810 0.2952 0.4667 0.1571 
0.1219 0.1267 0.6562 0.0952 
0.2086 0.0857 0.6029 0.1029 
0.0286 0.1895 0.7400 0.0419 
0.2314 0.4848 0.0971 0.1867 
0.1419 0.3057 0.2162 0.3362 
0.0571 0.4619 0.0686 0.4124 
0.1886 0.6114 0.1905 0.0095 
0.2543 0.2762 0.1648 0.3048 
0.5029 0.2390 0.0429 0.2152 
0.0095 0.3590 0.1305 0.5010 
0.4181 0.4105 0.1686 0.0029 

MOTIF filter20 
letter-probability matrix: alength= 4 w= 15 nsites= 15 
0.2450 0.2369 0.2490 0.2691 
0.2329 0.2369 0.3213 0.2088 
0.2329 0.1928 0.2811 0.2932 
0.0000 0.9237 0.0763 0.0000 
0.0361 0.9639 0.0000 0.0000 
0.0000 0.0000 1.0000 0.0000 
0.0000 0.0000 1.0000 0.0000 
1.0000 0.0000 0.0000 0.0000 
1.0000 0.0000 0.0000 0.0000 
0.0241 0.0000 0.9759 0.0000 
0.0080 0.2851 0.0040 0.7028 
0.1767 0.0482 0.7550 0.0201 
0.2610 0.2289 0.4739 0.0361 
0.2088 0.4297 0.2249 0.1365 
0.1847 0.2851 0.2610 0.2691 

MOTIF filter21 
letter-probability matrix: alength= 4 w= 14 nsites= 14 
0.2293 0.2787 0.2337 0.2583 
0.2032 0.2758 0.2656 0.2554 
0.2453 0.2642 0.2148 0.2758 
0.5312 0.1132 0.3498 0.0058 
0.0000 0.0000 0.0000 1.0000 
0.0000 0.0000 0.0058 0.9942 
0.2874 0.0000 0.6502 0.0624 
0.0015 0.9332 0.0029 0.0624 
0.0479 0.0000 0.9478 0.0044 
0.0682 0.6705 0.0000 0.2612 
0.9724 0.0276 0.0000 0.0000 
1.0000 0.0000 0.0000 0.0000 
0.0015 0.3483 0.1480 0.5022 
0.2598 0.2540 0.2729 0.2134 

MOTIF filter22 
letter-probability matrix: alength= 4 w= 20 nsites= 20 
0.2895 0.2334 0.2334 0.2437 
0.1602 0.0744 0.0400 0.7254 
0.0297 0.0881 0.6613 0.2208 
0.4153 0.3936 0.0698 0.1213 
0.0000 1.0000 0.0000 0.0000 
0.0000 0.9920 0.0011 0.0069 
0.8295 0.0011 0.0080 0.1613 
0.0195 0.0000 0.0011 0.9794 
0.9966 0.0023 0.0011 0.0000 
0.0000 0.0011 0.0011 0.9977 
0.9851 0.0000 0.0000 0.0149 
0.1499 0.0046 0.0011 0.8444 
0.0034 0.0069 0.9897 0.0000 
0.0011 0.0011 0.9954 0.0023 
0.1098 0.0698 0.3867 0.4336 
0.2220 0.6510 0.0938 0.0332 
0.7151 0.0332 0.0686 0.1831 
0.2380 0.2757 0.2368 0.2494 
0.2300 0.2609 0.2609 0.2483 
0.2426 0.2346 0.2689 0.2540 

MOTIF filter23 
letter-probability matrix: alength= 4 w= 20 nsites= 20 
0.2679 0.2714 0.2357 0.2250 
0.2214 0.2679 0.2714 0.2393 
0.0107 0.8464 0.0750 0.0679 
0.0000 0.1286 0.0036 0.8679 
0.0000 0.2500 0.7429 0.0071 
1.0000 0.0000 0.0000 0.0000 
0.0000 0.0000 0.0000 1.0000 
0.0000 0.0000 0.0000 1.0000 
0.0000 0.0000 1.0000 0.0000 
0.0000 0.0000 1.0000 0.0000 
0.0536 0.4214 0.0000 0.5250 
0.0000 0.4321 0.1071 0.4607 
0.1429 0.4857 0.3071 0.0643 
0.5071 0.1643 0.2357 0.0929 
0.1679 0.1893 0.2607 0.3821 
0.1179 0.1429 0.3071 0.4321 
0.0071 0.2857 0.1679 0.5393 
0.2000 0.2536 0.2857 0.2607 
0.2643 0.2714 0.1857 0.2786 
0.2786 0.2821 0.2393 0.2000 

MOTIF filter24 
letter-probability matrix: alength= 4 w= 15 nsites= 15 
0.2466 0.2312 0.2637 0.2586 
0.2432 0.2723 0.2466 0.2380 
0.2757 0.1079 0.5274 0.0890 
0.1678 0.0000 0.6798 0.1524 
0.2414 0.0017 0.7568 0.0000 
0.0000 0.0000 1.0000 0.0000 
0.0000 0.0000 1.0000 0.0000 
0.3253 0.4914 0.0000 0.1832 
0.0000 0.0000 1.0000 0.0000 
0.0000 0.0000 1.0000 0.0000 
0.2192 0.0000 0.7637 0.0171 
0.2449 0.0565 0.6986 0.0000 
0.2055 0.4692 0.2072 0.1182 
0.2740 0.2021 0.2860 0.2380 
0.2380 0.2860 0.2158 0.2603 

MOTIF filter25 
letter-probability matrix: alength= 4 w= 16 nsites= 16 
0.2246 0.2665 0.2455 0.2635 
0.2725 0.2275 0.2515 0.2485 
0.2515 0.2665 0.2455 0.2365 
0.5299 0.0030 0.1228 0.3443 
0.6527 0.0180 0.0389 0.2904 
0.4251 0.0000 0.0269 0.5479 
0.2874 0.1587 0.1407 0.4132 
0.0120 0.0000 0.0000 0.9880 
0.0000 0.0000 1.0000 0.0000 
0.0150 0.9850 0.0000 0.0000 
0.0000 0.0000 0.0000 1.0000 
0.0000 0.0000 0.9760 0.0240 
1.0000 0.0000 0.0000 0.0000 
0.0210 0.5090 0.3204 0.1497 
0.1946 0.1407 0.0599 0.6048 
0.1856 0.3922 0.1257 0.2964 

MOTIF filter26 
letter-probability matrix: alength= 4 w= 11 nsites= 11 
0.1307 0.0682 0.6155 0.1856 
0.0000 1.0000 0.0000 0.0000 
0.0000 1.0000 0.0000 0.0000 
1.0000 0.0000 0.0000 0.0000 
0.0000 0.0000 0.0000 1.0000 
0.0189 0.4621 0.1515 0.3674 
0.0000 0.0019 0.0000 0.9981 
0.0000 0.0000 0.0000 1.0000 
0.1117 0.1212 0.5720 0.1951 
0.2803 0.2254 0.2330 0.2614 
0.2292 0.2917 0.2311 0.2481 

MOTIF filter27 
letter-probability matrix: alength= 4 w= 14 nsites= 14 
0.3187 0.2339 0.2749 0.1725 
0.2602 0.3158 0.2047 0.2193 
0.0614 0.1579 0.5526 0.2281 
0.0000 0.8596 0.0117 0.1287 
0.0000 0.8246 0.0000 0.1754 
0.0000 1.0000 0.0000 0.0000 
0.0000 1.0000 0.0000 0.0000 
0.0994 0.0000 0.5965 0.3041 
0.0000 1.0000 0.0000 0.0000 
0.0000 1.0000 0.0000 0.0000 
0.0000 0.8275 0.0000 0.1725 
0.0819 0.8363 0.0000 0.0819 
0.0439 0.6345 0.0409 0.2807 
0.2602 0.2281 0.2602 0.2515 

MOTIF filter28 
letter-probability matrix: alength= 4 w= 14 nsites= 14 
0.1471 0.1989 0.3706 0.2834 
0.0218 0.4796 0.2452 0.2534 
0.0845 0.6267 0.1335 0.1553 
0.7057 0.0109 0.2534 0.0300 
0.0000 0.9537 0.0054 0.0409 
0.0000 0.0000 0.0000 1.0000 
0.0000 0.0000 0.0000 1.0000 
0.0000 1.0000 0.0000 0.0000 
0.0000 1.0000 0.0000 0.0000 
0.0000 0.0000 0.9782 0.0218 
0.0000 0.1444 0.8420 0.0136 
0.2779 0.1853 0.2534 0.2834 
0.2698 0.2343 0.2398 0.2561 
0.2616 0.2153 0.2452 0.2779 

MOTIF filter29 
letter-probability matrix: alength= 4 w= 16 nsites= 16 
0.2608 0.2671 0.2430 0.2291 
0.2316 0.2797 0.2519 0.2367 
0.1063 0.0506 0.3494 0.4937 
0.0038 0.9139 0.0000 0.0823 
0.0000 0.0000 0.0000 1.0000 
1.0000 0.0000 0.0000 0.0000 
0.2608 0.0000 0.0000 0.7392 
0.4481 0.0000 0.0000 0.5519 
0.5456 0.0000 0.0000 0.4544 
0.6975 0.0000 0.0000 0.3025 
0.0000 0.0000 0.0000 1.0000 
1.0000 0.0000 0.0000 0.0000 
0.0684 0.0000 0.9101 0.0215 
0.4810 0.3544 0.0405 0.1241 
0.2861 0.2367 0.2506 0.2266 
0.2608 0.2734 0.2291 0.2367 

MOTIF filter30 
letter-probability matrix: alength= 4 w= 16 nsites= 16 
0.4752 0.2267 0.1522 0.1460 
0.0776 0.3385 0.1056 0.4783 
0.0590 0.3261 0.3913 0.2236 
0.4565 0.0807 0.4596 0.0031 
0.5994 0.0093 0.3478 0.0435 
0.0000 1.0000 0.0000 0.0000 
0.0000 1.0000 0.0000 0.0000 
1.0000 0.0000 0.0000 0.0000 
1.0000 0.0000 0.0000 0.0000 
0.0000 0.0000 0.0000 1.0000 
0.0093 0.7888 0.2019 0.0000 
0.8882 0.0000 0.1118 0.0000 
0.0683 0.0590 0.8727 0.0000 
0.1925 0.2919 0.2547 0.2609 
0.2547 0.2143 0.2826 0.2484 
0.2391 0.2671 0.2205 0.2733 

MOTIF filter31 
letter-probability matrix: alength= 4 w= 14 nsites= 14 
0.2529 0.2644 0.2455 0.2371 
0.2392 0.2718 0.2518 0.2371 
0.1175 0.0693 0.3526 0.4607 
0.0451 0.8510 0.0000 0.1039 
0.0000 0.0094 0.0000 0.9906 
1.0000 0.0000 0.0000 0.0000 
0.2728 0.0000 0.0084 0.7188 
0.4575 0.0000 0.0000 0.5425 
0.5551 0.0000 0.0000 0.4449 
0.6852 0.0042 0.0000 0.3106 
0.0021 0.0010 0.0000 0.9969 
0.9885 0.0000 0.0115 0.0000 
0.1049 0.0010 0.8604 0.0336 
0.4386 0.3673 0.0546 0.1396 

