MEME version 4

ALPHABET= ACGT

Background letter frequencies:
A 0.2500 C 0.2500 G 0.2500 T 0.2500 

MOTIF filter0 
letter-probability matrix: alength= 4 w= 14 nsites= 14 
0.1388 0.2313 0.3737 0.2562 
0.0427 0.4626 0.2313 0.2633 
0.1210 0.5943 0.1423 0.1423 
0.7046 0.0142 0.2633 0.0178 
0.0000 0.9181 0.0071 0.0747 
0.0000 0.0000 0.0036 0.9964 
0.0000 0.0000 0.0000 1.0000 
0.0000 1.0000 0.0000 0.0000 
0.0000 1.0000 0.0000 0.0000 
0.0000 0.0000 0.9822 0.0178 
0.0000 0.1423 0.8505 0.0071 
0.2811 0.1673 0.2776 0.2740 
0.3025 0.2206 0.2171 0.2598 
0.0000 0.3274 0.3132 0.3594 

MOTIF filter1 
letter-probability matrix: alength= 4 w= 19 nsites= 19 
0.1261 0.3153 0.0631 0.4955 
0.4955 0.0811 0.3243 0.0991 
0.5045 0.1261 0.3063 0.0631 
0.1982 0.0450 0.1351 0.6216 
0.0090 0.0000 0.1351 0.8559 
0.2523 0.6486 0.0270 0.0721 
0.4865 0.2342 0.0360 0.2432 
0.6216 0.0000 0.2072 0.1712 
0.0270 0.0000 0.1982 0.7748 
0.0721 0.1532 0.0090 0.7658 
0.3604 0.5405 0.0811 0.0180 
0.8919 0.0360 0.0721 0.0000 
0.0090 0.5856 0.0450 0.3604 
0.5495 0.2523 0.1982 0.0000 
0.4505 0.1622 0.0811 0.3063 
0.2072 0.5405 0.1802 0.0721 
0.0270 0.0090 0.3964 0.5676 
0.0450 0.1441 0.4054 0.4054 
0.5315 0.0811 0.3694 0.0180 

MOTIF filter2 
letter-probability matrix: alength= 4 w= 15 nsites= 15 
0.2143 0.2698 0.2381 0.2778 
0.1468 0.1587 0.3929 0.3016 
0.0119 0.5159 0.1905 0.2817 
0.0397 0.7421 0.0833 0.1349 
0.7302 0.0079 0.2500 0.0119 
0.0000 0.9722 0.0079 0.0198 
0.0000 0.0000 0.0000 1.0000 
0.0000 0.0000 0.0000 1.0000 
0.0000 1.0000 0.0000 0.0000 
0.0000 1.0000 0.0000 0.0000 
0.0000 0.0000 0.9841 0.0159 
0.0000 0.1151 0.8770 0.0079 
0.2500 0.2103 0.2659 0.2738 
0.2619 0.2381 0.2738 0.2262 
0.4008 0.1667 0.2103 0.2222 

MOTIF filter3 
letter-probability matrix: alength= 4 w= 11 nsites= 11 
0.2700 0.2152 0.2257 0.2890 
0.2321 0.2257 0.2584 0.2838 
0.1719 0.1656 0.0738 0.5886 
0.0032 0.0000 0.0000 0.9968 
0.0084 0.0000 0.0876 0.9040 
0.0886 0.9051 0.0011 0.0053 
0.0000 0.9968 0.0000 0.0032 
0.1192 0.4325 0.0506 0.3977 
0.4494 0.0000 0.4958 0.0549 
0.0053 0.0011 0.7110 0.2827 
0.8523 0.1203 0.0011 0.0264 

MOTIF filter4 
letter-probability matrix: alength= 4 w= 12 nsites= 12 
0.2383 0.2461 0.2266 0.2891 
0.2461 0.2070 0.2656 0.2812 
0.2305 0.2578 0.2617 0.2500 
0.0000 0.8906 0.1094 0.0000 
0.0117 0.9883 0.0000 0.0000 
0.0000 0.0000 1.0000 0.0000 
0.0000 0.0000 1.0000 0.0000 
1.0000 0.0000 0.0000 0.0000 
1.0000 0.0000 0.0000 0.0000 
0.0469 0.0000 0.9531 0.0000 
0.0000 0.2578 0.0000 0.7422 
0.1523 0.0273 0.8047 0.0156 

MOTIF filter5 
letter-probability matrix: alength= 4 w= 13 nsites= 13 
0.2729 0.2377 0.2588 0.2306 
0.2535 0.2359 0.2852 0.2254 
0.6021 0.0898 0.2870 0.0211 
0.1989 0.3609 0.3838 0.0563 
0.0000 1.0000 0.0000 0.0000 
1.0000 0.0000 0.0000 0.0000 
0.0000 1.0000 0.0000 0.0000 
0.0070 0.0000 0.9930 0.0000 
0.0000 0.0035 0.0000 0.9965 
0.0000 0.0000 1.0000 0.0000 
0.1021 0.3257 0.3310 0.2412 
0.1444 0.1937 0.1408 0.5211 
0.2518 0.2799 0.2377 0.2306 

MOTIF filter6 
letter-probability matrix: alength= 4 w= 14 nsites= 14 
0.2690 0.2336 0.2177 0.2796 
0.2743 0.2584 0.2478 0.2195 
0.1097 0.1876 0.1593 0.5434 
0.0000 0.0000 0.0000 1.0000 
0.0000 0.0000 0.0035 0.9965 
0.0283 0.9717 0.0000 0.0000 
0.0035 0.7434 0.0000 0.2531 
0.3027 0.1274 0.3274 0.2425 
0.0832 0.0000 0.9168 0.0000 
0.0000 0.0000 0.9876 0.0124 
1.0000 0.0000 0.0000 0.0000 
1.0000 0.0000 0.0000 0.0000 
0.6301 0.0478 0.1451 0.1770 
0.2336 0.2973 0.2619 0.2071 

MOTIF filter7 
letter-probability matrix: alength= 4 w= 19 nsites= 19 
0.2578 0.2943 0.1693 0.2786 
0.2604 0.2578 0.2031 0.2786 
0.2500 0.5286 0.0885 0.1328 
0.4427 0.0599 0.0495 0.4479 
0.5469 0.0573 0.1094 0.2865 
0.5729 0.0104 0.0078 0.4089 
0.2344 0.1953 0.3906 0.1797 
0.0000 0.0000 0.0000 1.0000 
0.0000 0.5599 0.4401 0.0000 
0.6484 0.3516 0.0000 0.0000 
0.0000 0.0000 0.4427 0.5573 
0.0000 0.5286 0.4714 0.0000 
1.0000 0.0000 0.0000 0.0000 
0.2214 0.3646 0.1719 0.2422 
0.3151 0.0130 0.0000 0.6719 
0.2865 0.1745 0.0208 0.5182 
0.4453 0.0495 0.0182 0.4870 
0.1615 0.1302 0.4688 0.2396 
0.2266 0.2578 0.2760 0.2396 

MOTIF filter8 
letter-probability matrix: alength= 4 w= 16 nsites= 16 
0.2573 0.2732 0.2415 0.2280 
0.2402 0.2732 0.2537 0.2329 
0.1049 0.0561 0.3488 0.4902 
0.0110 0.9073 0.0000 0.0817 
0.0000 0.0000 0.0000 1.0000 
1.0000 0.0000 0.0000 0.0000 
0.2573 0.0000 0.0000 0.7427 
0.4524 0.0000 0.0000 0.5476 
0.5439 0.0000 0.0000 0.4561 
0.6951 0.0000 0.0000 0.3049 
0.0000 0.0000 0.0000 1.0000 
1.0000 0.0000 0.0000 0.0000 
0.0768 0.0000 0.8963 0.0268 
0.4671 0.3573 0.0463 0.1293 
0.2854 0.2244 0.2561 0.2341 
0.2549 0.2744 0.2354 0.2354 

MOTIF filter9 
letter-probability matrix: alength= 4 w= 11 nsites= 11 
0.3901 0.2033 0.2506 0.1560 
0.2435 0.3026 0.3061 0.1478 
0.0000 1.0000 0.0000 0.0000 
1.0000 0.0000 0.0000 0.0000 
0.0000 0.9894 0.0000 0.0106 
0.0024 0.0000 0.9976 0.0000 
0.0000 0.0000 0.0000 1.0000 
0.0000 0.0000 1.0000 0.0000 
0.1206 0.3203 0.3392 0.2199 
0.1418 0.2435 0.1336 0.4811 
0.2340 0.2565 0.2577 0.2518 

MOTIF filter10 
letter-probability matrix: alength= 4 w= 14 nsites= 14 
0.2334 0.2208 0.2681 0.2776 
0.2429 0.2839 0.2555 0.2177 
0.3218 0.2145 0.2114 0.2524 
0.1293 0.6877 0.1262 0.0568 
1.0000 0.0000 0.0000 0.0000 
0.9968 0.0000 0.0032 0.0000 
0.4511 0.0568 0.4700 0.0221 
1.0000 0.0000 0.0000 0.0000 
0.0000 0.0000 0.0000 1.0000 
0.0000 0.0000 1.0000 0.0000 
0.0000 0.0000 1.0000 0.0000 
0.0221 0.9211 0.0000 0.0568 
0.1356 0.1640 0.4164 0.2839 
0.0915 0.0789 0.7760 0.0536 

MOTIF filter11 
letter-probability matrix: alength= 4 w= 16 nsites= 16 
0.2319 0.2434 0.2368 0.2878 
0.2632 0.2599 0.2171 0.2599 
0.2188 0.1941 0.1957 0.3914 
0.0197 0.1628 0.1266 0.6908 
0.0000 0.0000 0.0000 1.0000 
0.0000 0.3059 0.0132 0.6809 
0.0477 0.9523 0.0000 0.0000 
0.0691 0.5362 0.0000 0.3947 
0.4128 0.0000 0.5181 0.0691 
0.0000 0.0000 1.0000 0.0000 
0.3388 0.0099 0.6480 0.0033 
1.0000 0.0000 0.0000 0.0000 
0.9901 0.0033 0.0066 0.0000 
0.4737 0.0822 0.2220 0.2220 
0.2418 0.2780 0.1793 0.3010 
0.2484 0.2418 0.3158 0.1941 

MOTIF filter12 
letter-probability matrix: alength= 4 w= 10 nsites= 10 
0.2626 0.2298 0.2222 0.2854 
0.2298 0.2071 0.3182 0.2449 
0.2298 0.2828 0.2323 0.2551 
0.0000 0.9066 0.0934 0.0000 
0.0177 0.9823 0.0000 0.0000 
0.0000 0.0000 1.0000 0.0000 
0.0000 0.0000 1.0000 0.0000 
1.0000 0.0000 0.0000 0.0000 
1.0000 0.0000 0.0000 0.0000 
0.0152 0.0126 0.9722 0.0000 

MOTIF filter13 
letter-probability matrix: alength= 4 w= 18 nsites= 18 
0.2851 0.2645 0.2107 0.2397 
0.2521 0.2893 0.2314 0.2273 
0.2273 0.2645 0.2314 0.2769 
0.1116 0.0000 0.7562 0.1322 
0.0579 0.8182 0.0826 0.0413 
0.2769 0.3843 0.2603 0.0785 
0.0331 0.0000 0.9050 0.0620 
0.0000 1.0000 0.0000 0.0000 
0.0000 1.0000 0.0000 0.0000 
1.0000 0.0000 0.0000 0.0000 
0.0000 0.0000 0.0000 1.0000 
0.0083 0.4711 0.1281 0.3926 
0.0000 0.0207 0.0000 0.9793 
0.0000 0.0165 0.0000 0.9835 
0.0537 0.0909 0.7603 0.0950 
0.2934 0.2066 0.2521 0.2479 
0.1942 0.2810 0.2438 0.2810 
0.2231 0.2851 0.2521 0.2397 

MOTIF filter14 
letter-probability matrix: alength= 4 w= 18 nsites= 18 
0.2400 0.2738 0.2400 0.2462 
0.2862 0.2277 0.2554 0.2308 
0.2369 0.2769 0.2369 0.2492 
0.5262 0.0123 0.1385 0.3231 
0.6492 0.0154 0.0400 0.2954 
0.4462 0.0000 0.0308 0.5231 
0.2985 0.1477 0.1477 0.4062 
0.0123 0.0000 0.0000 0.9877 
0.0000 0.0000 1.0000 0.0000 
0.0092 0.9908 0.0000 0.0000 
0.0000 0.0000 0.0000 1.0000 
0.0000 0.0000 0.9908 0.0092 
1.0000 0.0000 0.0000 0.0000 
0.0246 0.5077 0.3231 0.1446 
0.1877 0.1292 0.0523 0.6308 
0.1815 0.3815 0.1200 0.3169 
0.5077 0.0462 0.2092 0.2369 
0.1600 0.0431 0.5446 0.2523 

MOTIF filter15 
letter-probability matrix: alength= 4 w= 13 nsites= 13 
0.2785 0.3133 0.2373 0.1709 
0.0222 0.0000 0.9019 0.0759 
0.0000 1.0000 0.0000 0.0000 
0.0000 1.0000 0.0000 0.0000 
1.0000 0.0000 0.0000 0.0000 
0.0000 0.0000 0.0000 1.0000 
0.0095 0.4747 0.1487 0.3671 
0.0000 0.0000 0.0000 1.0000 
0.0000 0.0000 0.0000 1.0000 
0.0791 0.0475 0.7500 0.1234 
0.3038 0.2437 0.2373 0.2152 
0.2247 0.2943 0.2532 0.2278 
0.2373 0.2785 0.2532 0.2310 

MOTIF filter16 
letter-probability matrix: alength= 4 w= 16 nsites= 16 
0.2521 0.2486 0.2451 0.2542 
0.2422 0.2634 0.2465 0.2479 
0.1462 0.0968 0.3220 0.4350 
0.0685 0.7726 0.0106 0.1483 
0.0028 0.0452 0.0113 0.9407 
0.9675 0.0099 0.0141 0.0085 
0.2987 0.0035 0.0198 0.6780 
0.4463 0.0113 0.0099 0.5325 
0.5169 0.0056 0.0064 0.4710 
0.6681 0.0120 0.0014 0.3185 
0.0226 0.0099 0.0198 0.9477 
0.9421 0.0064 0.0395 0.0120 
0.1504 0.0120 0.7804 0.0572 
0.4138 0.3566 0.0664 0.1631 
0.2528 0.2408 0.2641 0.2422 
0.2655 0.2592 0.2380 0.2373 

MOTIF filter17 
letter-probability matrix: alength= 4 w= 14 nsites= 14 
0.4230 0.2249 0.1687 0.1834 
0.0782 0.3545 0.1198 0.4474 
0.0709 0.3130 0.3765 0.2396 
0.4377 0.1198 0.4425 0.0000 
0.5819 0.0073 0.3643 0.0465 
0.0000 1.0000 0.0000 0.0000 
0.0000 1.0000 0.0000 0.0000 
1.0000 0.0000 0.0000 0.0000 
1.0000 0.0000 0.0000 0.0000 
0.0000 0.0000 0.0000 1.0000 
0.0318 0.7579 0.2103 0.0000 
0.8166 0.0024 0.1809 0.0000 
0.0587 0.0880 0.8362 0.0171 
0.2054 0.2885 0.2396 0.2665 

MOTIF filter18 
letter-probability matrix: alength= 4 w= 13 nsites= 13 
0.2494 0.2412 0.2334 0.2760 
0.2302 0.2210 0.3166 0.2322 
0.3566 0.2322 0.3027 0.1085 
0.0441 0.0404 0.0582 0.8573 
0.0294 0.0264 0.7872 0.1571 
0.8586 0.0473 0.0574 0.0366 
0.1159 0.4046 0.4102 0.0692 
0.0426 0.0525 0.0365 0.8684 
0.1367 0.7936 0.0376 0.0322 
0.8755 0.0430 0.0525 0.0290 
0.0970 0.3123 0.2629 0.3278 
0.2272 0.3156 0.2203 0.2369 
0.2549 0.2285 0.2592 0.2575 

MOTIF filter19 
letter-probability matrix: alength= 4 w= 16 nsites= 16 
0.0305 0.8947 0.0384 0.0364 
0.0020 0.9744 0.0079 0.0157 
0.7992 0.0039 0.0167 0.1801 
0.0335 0.0020 0.0039 0.9606 
0.9882 0.0069 0.0049 0.0000 
0.0000 0.0030 0.0030 0.9941 
0.9685 0.0039 0.0010 0.0266 
0.1890 0.0089 0.0030 0.7992 
0.0098 0.0217 0.9665 0.0020 
0.0010 0.0039 0.9902 0.0049 
0.1161 0.0778 0.3917 0.4144 
0.2333 0.6142 0.1093 0.0433 
0.6850 0.0404 0.0787 0.1959 
0.2352 0.2785 0.2372 0.2490 
0.2382 0.2579 0.2608 0.2431 
0.2530 0.2333 0.2638 0.2500 

MOTIF filter20 
letter-probability matrix: alength= 4 w= 20 nsites= 20 
0.2540 0.1905 0.2222 0.3333 
0.3810 0.3333 0.0952 0.1905 
0.3175 0.0317 0.6508 0.0000 
0.0000 0.2698 0.1587 0.5714 
0.1746 0.6508 0.0000 0.1746 
0.0000 0.0476 0.9048 0.0476 
0.5714 0.1270 0.3016 0.0000 
0.4127 0.0000 0.3651 0.2222 
0.3492 0.1905 0.4603 0.0000 
0.0000 0.1905 0.3810 0.4286 
0.0952 0.2063 0.6984 0.0000 
0.1270 0.6825 0.1270 0.0635 
0.0000 0.3175 0.1746 0.5079 
0.0159 0.5873 0.3492 0.0476 
0.1746 0.0000 0.7302 0.0952 
0.0159 0.0000 0.0476 0.9365 
0.3492 0.4444 0.2063 0.0000 
0.0476 0.2857 0.2698 0.3968 
0.6032 0.0000 0.3810 0.0159 
0.1746 0.1905 0.2222 0.4127 

MOTIF filter21 
letter-probability matrix: alength= 4 w= 13 nsites= 13 
0.2689 0.2485 0.2238 0.2587 
0.2485 0.2587 0.2558 0.2369 
0.1584 0.1904 0.1192 0.5320 
0.0000 0.0000 0.0000 1.0000 
0.0000 0.0000 0.0000 1.0000 
0.0247 0.9753 0.0000 0.0000 
0.0000 0.8735 0.0000 0.1265 
0.2355 0.2616 0.1948 0.3081 
0.2209 0.0000 0.7733 0.0058 
0.0000 0.0000 0.9549 0.0451 
0.9985 0.0015 0.0000 0.0000 
1.0000 0.0000 0.0000 0.0000 
0.5160 0.1424 0.2311 0.1105 

MOTIF filter22 
letter-probability matrix: alength= 4 w= 13 nsites= 13 
0.2751 0.1662 0.3123 0.2464 
0.6046 0.0659 0.1232 0.2063 
0.1777 0.3095 0.4842 0.0287 
0.0000 0.0000 0.0000 1.0000 
0.0143 0.9857 0.0000 0.0000 
1.0000 0.0000 0.0000 0.0000 
0.0000 0.0000 1.0000 0.0000 
0.0000 1.0000 0.0000 0.0000 
0.9943 0.0000 0.0000 0.0057 
0.4327 0.1662 0.1318 0.2693 
0.4155 0.0401 0.0029 0.5415 
0.3954 0.0802 0.0000 0.5244 
0.2980 0.1203 0.0201 0.5616 

MOTIF filter23 
letter-probability matrix: alength= 4 w= 18 nsites= 18 
0.2289 0.2570 0.2465 0.2676 
0.2077 0.2993 0.2958 0.1972 
0.2289 0.2887 0.2042 0.2782 
0.1690 0.7113 0.0775 0.0423 
0.9965 0.0000 0.0035 0.0000 
0.9789 0.0000 0.0176 0.0035 
0.4120 0.0810 0.5000 0.0070 
1.0000 0.0000 0.0000 0.0000 
0.0000 0.0000 0.0000 1.0000 
0.0000 0.0000 1.0000 0.0000 
0.0000 0.0000 1.0000 0.0000 
0.0563 0.8803 0.0000 0.0634 
0.0951 0.2148 0.4437 0.2465 
0.0599 0.0599 0.8063 0.0739 
0.0951 0.8415 0.0106 0.0528 
0.2817 0.2007 0.2289 0.2887 
0.2148 0.2359 0.3239 0.2254 
0.2641 0.2289 0.3063 0.2007 

MOTIF filter24 
letter-probability matrix: alength= 4 w= 19 nsites= 19 
0.1651 0.0759 0.0434 0.7157 
0.0205 0.0867 0.6747 0.2181 
0.4096 0.3952 0.0687 0.1265 
0.0000 1.0000 0.0000 0.0000 
0.0000 0.9928 0.0012 0.0060 
0.8398 0.0000 0.0048 0.1554 
0.0205 0.0000 0.0000 0.9795 
0.9988 0.0012 0.0000 0.0000 
0.0000 0.0000 0.0012 0.9988 
0.9880 0.0000 0.0000 0.0120 
0.1458 0.0024 0.0000 0.8518 
0.0012 0.0036 0.9952 0.0000 
0.0000 0.0024 0.9964 0.0012 
0.1048 0.0687 0.3904 0.4361 
0.2133 0.6663 0.0916 0.0289 
0.7386 0.0265 0.0639 0.1711 
0.2458 0.2759 0.2361 0.2422 
0.2265 0.2602 0.2602 0.2530 
0.2458 0.2373 0.2663 0.2506 

MOTIF filter25 
letter-probability matrix: alength= 4 w= 15 nsites= 15 
0.2800 0.2925 0.2150 0.2125 
0.0625 0.1950 0.5025 0.2400 
0.0000 0.8025 0.0200 0.1775 
0.0000 0.8225 0.0000 0.1775 
0.0000 1.0000 0.0000 0.0000 
0.0000 1.0000 0.0000 0.0000 
0.0950 0.0000 0.6075 0.2975 
0.0000 1.0000 0.0000 0.0000 
0.0000 1.0000 0.0000 0.0000 
0.0000 0.7975 0.0000 0.2025 
0.0700 0.8350 0.0000 0.0950 
0.0425 0.6375 0.0500 0.2700 
0.2550 0.2550 0.2425 0.2475 
0.2875 0.2300 0.2375 0.2450 
0.2275 0.3000 0.2325 0.2400 

MOTIF filter26 
letter-probability matrix: alength= 4 w= 16 nsites= 16 
0.2407 0.2436 0.2464 0.2693 
0.2350 0.2350 0.2636 0.2665 
0.2206 0.2350 0.2980 0.2464 
0.2464 0.0487 0.6361 0.0688 
0.1232 0.0000 0.8195 0.0573 
0.1662 0.0000 0.8338 0.0000 
0.0000 0.0000 1.0000 0.0000 
0.0000 0.0000 1.0000 0.0000 
0.2980 0.5731 0.0000 0.1289 
0.0000 0.0000 1.0000 0.0000 
0.0000 0.0000 1.0000 0.0000 
0.1433 0.0000 0.8567 0.0000 
0.1948 0.0143 0.7908 0.0000 
0.1748 0.5731 0.1777 0.0745 
0.2693 0.2034 0.2865 0.2407 
0.2292 0.3066 0.2292 0.2350 

MOTIF filter27 
letter-probability matrix: alength= 4 w= 13 nsites= 13 
0.4912 0.1449 0.3110 0.0530 
0.0000 0.0000 0.0000 1.0000 
0.0000 0.0000 0.0088 0.9912 
0.3057 0.0000 0.6431 0.0512 
0.0000 0.9806 0.0000 0.0194 
0.0371 0.0000 0.9629 0.0000 
0.0424 0.7827 0.0000 0.1749 
1.0000 0.0000 0.0000 0.0000 
1.0000 0.0000 0.0000 0.0000 
0.0000 0.3410 0.0795 0.5795 
0.2845 0.2633 0.2562 0.1961 
0.2261 0.2085 0.3004 0.2650 
0.2633 0.2297 0.2721 0.2350 

MOTIF filter28 
letter-probability matrix: alength= 4 w= 10 nsites= 10 
0.2182 0.3095 0.3194 0.1529 
0.0000 1.0000 0.0000 0.0000 
1.0000 0.0000 0.0000 0.0000 
0.0000 1.0000 0.0000 0.0000 
0.0000 0.0000 1.0000 0.0000 
0.0000 0.0000 0.0000 1.0000 
0.0000 0.0000 1.0000 0.0000 
0.1603 0.3181 0.3305 0.1911 
0.1665 0.2478 0.1443 0.4414 
0.2244 0.2306 0.2725 0.2725 

MOTIF filter29 
letter-probability matrix: alength= 4 w= 16 nsites= 16 
0.2536 0.2393 0.2436 0.2636 
0.2479 0.2479 0.2479 0.2564 
0.2507 0.2464 0.2436 0.2593 
0.5530 0.0688 0.3782 0.0000 
0.0000 0.0000 0.0000 1.0000 
0.0000 0.0000 0.0258 0.9742 
0.2364 0.0000 0.7049 0.0587 
0.0029 0.9370 0.0000 0.0602 
0.0559 0.0000 0.9441 0.0000 
0.0745 0.6461 0.0000 0.2794 
0.9756 0.0244 0.0000 0.0000 
1.0000 0.0000 0.0000 0.0000 
0.0115 0.3381 0.1361 0.5143 
0.2751 0.2479 0.2779 0.1991 
0.2292 0.2178 0.2536 0.2994 
0.2436 0.2350 0.2779 0.2436 

MOTIF filter30 
letter-probability matrix: alength= 4 w= 14 nsites= 14 
0.2612 0.2744 0.2269 0.2375 
0.2401 0.2427 0.2559 0.2612 
0.0106 0.8021 0.0897 0.0976 
0.0000 0.1847 0.0000 0.8153 
0.0000 0.2533 0.7256 0.0211 
1.0000 0.0000 0.0000 0.0000 
0.0000 0.0000 0.0000 1.0000 
0.0000 0.0000 0.0000 1.0000 
0.0000 0.0000 1.0000 0.0000 
0.0000 0.0000 1.0000 0.0000 
0.0422 0.4011 0.0079 0.5488 
0.0106 0.4354 0.1372 0.4169 
0.1900 0.4301 0.3087 0.0712 
0.4697 0.1451 0.3245 0.0607 

MOTIF filter31 
letter-probability matrix: alength= 4 w= 11 nsites= 11 
0.2416 0.2738 0.2346 0.2500 
0.2558 0.2307 0.2365 0.2770 
0.6228 0.0000 0.0000 0.3772 
0.0000 0.0000 0.0000 1.0000 
0.0000 0.0141 0.0000 0.9859 
0.9544 0.0000 0.0456 0.0000 
1.0000 0.0000 0.0000 0.0000 
0.3811 0.0000 0.0000 0.6189 
0.2680 0.2365 0.2474 0.2481 
0.2397 0.2558 0.2712 0.2333 
0.2635 0.2506 0.2256 0.2603 

