MEME version 4

ALPHABET= ACGT

Background letter frequencies:
A 0.2500 C 0.2500 G 0.2500 T 0.2500 

MOTIF filter0 
letter-probability matrix: alength= 4 w= 14 nsites= 14 
0.1657 0.2127 0.3398 0.2818 
0.0166 0.4751 0.2376 0.2707 
0.0746 0.6215 0.1298 0.1740 
0.7072 0.0110 0.2376 0.0442 
0.0000 0.9503 0.0028 0.0470 
0.0000 0.0000 0.0000 1.0000 
0.0000 0.0000 0.0000 1.0000 
0.0000 1.0000 0.0000 0.0000 
0.0000 1.0000 0.0000 0.0000 
0.0000 0.0000 0.9807 0.0193 
0.0000 0.1961 0.8039 0.0000 
0.2983 0.1989 0.2265 0.2762 
0.2459 0.2348 0.2348 0.2845 
0.2099 0.2459 0.2459 0.2983 

MOTIF filter1 
letter-probability matrix: alength= 4 w= 20 nsites= 20 
0.2391 0.2340 0.2494 0.2775 
0.4108 0.0769 0.1879 0.3245 
0.0743 0.0256 0.0649 0.8352 
0.4458 0.5431 0.0026 0.0085 
0.5132 0.0845 0.3066 0.0956 
0.1520 0.1435 0.5816 0.1230 
0.0820 0.1939 0.6166 0.1076 
0.0299 0.3894 0.1264 0.4543 
0.1904 0.0051 0.7635 0.0410 
0.3604 0.1879 0.2289 0.2229 
0.3305 0.3049 0.3646 0.0000 
0.0009 0.2289 0.3151 0.4552 
0.3527 0.3424 0.1699 0.1349 
0.3886 0.3160 0.0811 0.2143 
0.3655 0.3296 0.0000 0.3049 
0.3587 0.1315 0.2553 0.2545 
0.1426 0.0734 0.2357 0.5482 
0.0043 0.3348 0.0051 0.6558 
0.1691 0.1810 0.1016 0.5482 
0.3143 0.5038 0.0504 0.1315 

MOTIF filter2 
letter-probability matrix: alength= 4 w= 20 nsites= 20 
0.4000 0.4000 0.0000 0.2000 
0.0000 0.0000 0.6000 0.4000 
0.0000 0.0000 0.8000 0.2000 
0.0000 1.0000 0.0000 0.0000 
0.2000 0.6000 0.2000 0.0000 
0.0000 0.2000 0.6000 0.2000 
0.0000 0.0000 0.6000 0.4000 
0.0000 1.0000 0.0000 0.0000 
0.2000 0.6000 0.2000 0.0000 
0.2000 0.0000 0.4000 0.4000 
0.4000 0.6000 0.0000 0.0000 
0.2000 0.0000 0.6000 0.2000 
0.0000 0.0000 0.0000 1.0000 
0.0000 0.0000 1.0000 0.0000 
0.8000 0.2000 0.0000 0.0000 
0.6000 0.2000 0.2000 0.0000 
0.4000 0.2000 0.0000 0.4000 
0.0000 0.6000 0.4000 0.0000 
0.0000 0.0000 1.0000 0.0000 
0.2000 0.0000 0.6000 0.2000 

MOTIF filter3 
letter-probability matrix: alength= 4 w= 18 nsites= 18 
0.0307 0.0973 0.6466 0.2254 
0.4174 0.4110 0.0525 0.1191 
0.0000 0.9987 0.0000 0.0013 
0.0000 0.9987 0.0013 0.0000 
0.8348 0.0000 0.0064 0.1588 
0.0026 0.0000 0.0000 0.9974 
1.0000 0.0000 0.0000 0.0000 
0.0000 0.0000 0.0000 1.0000 
0.9872 0.0038 0.0000 0.0090 
0.1293 0.0026 0.0000 0.8681 
0.0000 0.0013 0.9987 0.0000 
0.0000 0.0000 1.0000 0.0000 
0.1050 0.0691 0.3956 0.4302 
0.2254 0.6569 0.0883 0.0294 
0.7567 0.0243 0.0538 0.1652 
0.2318 0.2817 0.2394 0.2471 
0.2202 0.2561 0.2676 0.2561 
0.2420 0.2318 0.2804 0.2458 

MOTIF filter4 
letter-probability matrix: alength= 4 w= 12 nsites= 12 
0.2392 0.1867 0.3529 0.2213 
0.4085 0.2058 0.3436 0.0420 
0.0142 0.0087 0.0087 0.9685 
0.0068 0.0074 0.9184 0.0674 
0.9759 0.0037 0.0179 0.0025 
0.0383 0.4462 0.4821 0.0334 
0.0062 0.0130 0.0179 0.9629 
0.0581 0.9110 0.0167 0.0142 
0.9852 0.0019 0.0099 0.0031 
0.0284 0.3344 0.2460 0.3912 
0.2052 0.3801 0.1885 0.2262 
0.2565 0.2120 0.2750 0.2565 

MOTIF filter5 
letter-probability matrix: alength= 4 w= 15 nsites= 15 
0.2466 0.2397 0.2055 0.3082 
0.2192 0.2397 0.2705 0.2705 
0.2397 0.2397 0.2842 0.2363 
0.0034 0.9212 0.0753 0.0000 
0.0171 0.9829 0.0000 0.0000 
0.0000 0.0000 1.0000 0.0000 
0.0000 0.0000 1.0000 0.0000 
1.0000 0.0000 0.0000 0.0000 
1.0000 0.0000 0.0000 0.0000 
0.0240 0.0000 0.9760 0.0000 
0.0205 0.3151 0.0205 0.6438 
0.1507 0.0822 0.7363 0.0308 
0.2226 0.2705 0.4760 0.0308 
0.2089 0.3664 0.2568 0.1678 
0.2055 0.3082 0.2637 0.2226 

MOTIF filter6 
letter-probability matrix: alength= 4 w= 15 nsites= 15 
0.2610 0.2881 0.2271 0.2237 
0.2203 0.2441 0.2610 0.2746 
0.0000 0.8780 0.0441 0.0780 
0.0000 0.1831 0.0000 0.8169 
0.0000 0.1898 0.7966 0.0136 
1.0000 0.0000 0.0000 0.0000 
0.0000 0.0000 0.0000 1.0000 
0.0000 0.0000 0.0000 1.0000 
0.0000 0.0000 1.0000 0.0000 
0.0000 0.0000 1.0000 0.0000 
0.0203 0.4136 0.0102 0.5559 
0.0169 0.4407 0.1051 0.4373 
0.1661 0.4644 0.3220 0.0475 
0.4746 0.1559 0.3254 0.0441 
0.1492 0.1356 0.2576 0.4576 

MOTIF filter7 
letter-probability matrix: alength= 4 w= 15 nsites= 15 
0.1886 0.2727 0.2559 0.2828 
0.1380 0.1549 0.4074 0.2997 
0.0269 0.4848 0.2323 0.2559 
0.0875 0.6667 0.1212 0.1246 
0.7104 0.0101 0.2694 0.0101 
0.0000 0.9697 0.0067 0.0236 
0.0000 0.0000 0.0000 1.0000 
0.0000 0.0000 0.0000 1.0000 
0.0000 1.0000 0.0000 0.0000 
0.0000 1.0000 0.0000 0.0000 
0.0000 0.0000 0.9933 0.0067 
0.0000 0.1212 0.8653 0.0135 
0.2458 0.2088 0.2492 0.2963 
0.2256 0.2525 0.2660 0.2559 
0.2626 0.2088 0.2525 0.2761 

MOTIF filter8 
letter-probability matrix: alength= 4 w= 16 nsites= 16 
0.2708 0.2361 0.2292 0.2639 
0.2222 0.2500 0.2604 0.2674 
0.2257 0.2604 0.2812 0.2326 
0.2361 0.0312 0.6806 0.0521 
0.1250 0.0000 0.8264 0.0486 
0.1701 0.0000 0.8299 0.0000 
0.0000 0.0000 1.0000 0.0000 
0.0000 0.0000 1.0000 0.0000 
0.3194 0.5660 0.0000 0.1146 
0.0000 0.0000 1.0000 0.0000 
0.0000 0.0000 1.0000 0.0000 
0.1076 0.0000 0.8924 0.0000 
0.1632 0.0104 0.8264 0.0000 
0.1667 0.6181 0.1562 0.0590 
0.2812 0.1944 0.2917 0.2326 
0.2326 0.3090 0.2326 0.2257 

MOTIF filter9 
letter-probability matrix: alength= 4 w= 20 nsites= 20 
0.2319 0.2210 0.2790 0.2681 
0.2101 0.2681 0.2826 0.2391 
0.2971 0.2464 0.2138 0.2428 
0.5290 0.1703 0.2935 0.0072 
0.4565 0.1848 0.1413 0.2174 
0.4167 0.2065 0.1558 0.2210 
0.0833 0.3768 0.1051 0.4348 
0.0978 0.2826 0.4022 0.2174 
0.3696 0.1341 0.4964 0.0000 
0.5906 0.0072 0.3732 0.0290 
0.0000 1.0000 0.0000 0.0000 
0.0000 1.0000 0.0000 0.0000 
1.0000 0.0000 0.0000 0.0000 
0.9964 0.0000 0.0036 0.0000 
0.0000 0.0000 0.0000 1.0000 
0.0036 0.8478 0.1486 0.0000 
0.8659 0.0000 0.1341 0.0000 
0.0399 0.0688 0.8841 0.0072 
0.2355 0.1993 0.2826 0.2826 
0.2391 0.2065 0.2536 0.3007 

MOTIF filter10 
letter-probability matrix: alength= 4 w= 17 nsites= 17 
0.2244 0.2310 0.2805 0.2640 
0.2442 0.2871 0.2574 0.2112 
0.3036 0.2178 0.2343 0.2442 
0.1188 0.7294 0.1155 0.0363 
1.0000 0.0000 0.0000 0.0000 
0.9901 0.0000 0.0099 0.0000 
0.4521 0.0594 0.4620 0.0264 
1.0000 0.0000 0.0000 0.0000 
0.0000 0.0000 0.0000 1.0000 
0.0000 0.0000 1.0000 0.0000 
0.0000 0.0000 1.0000 0.0000 
0.0297 0.8515 0.0000 0.1188 
0.1122 0.1749 0.4356 0.2772 
0.0660 0.0924 0.7921 0.0495 
0.0891 0.8119 0.0165 0.0825 
0.2904 0.2178 0.1881 0.3036 
0.2475 0.2310 0.2871 0.2343 

MOTIF filter11 
letter-probability matrix: alength= 4 w= 12 nsites= 12 
0.2465 0.2575 0.2422 0.2538 
0.2630 0.2575 0.2348 0.2446 
0.2532 0.2238 0.2532 0.2698 
0.6327 0.0000 0.0000 0.3673 
0.0000 0.0000 0.0000 1.0000 
0.0000 0.0202 0.0000 0.9798 
0.9319 0.0000 0.0681 0.0000 
1.0000 0.0000 0.0000 0.0000 
0.3783 0.0000 0.0000 0.6217 
0.2594 0.2446 0.2440 0.2520 
0.2397 0.2495 0.2612 0.2495 
0.2630 0.2471 0.2397 0.2502 

MOTIF filter12 
letter-probability matrix: alength= 4 w= 19 nsites= 19 
0.1619 0.0790 0.0439 0.7152 
0.0188 0.0753 0.6888 0.2171 
0.4103 0.4040 0.0602 0.1255 
0.0013 0.9962 0.0025 0.0000 
0.0000 0.9950 0.0013 0.0038 
0.8407 0.0000 0.0038 0.1556 
0.0188 0.0000 0.0000 0.9812 
0.9987 0.0013 0.0000 0.0000 
0.0000 0.0013 0.0013 0.9975 
0.9912 0.0000 0.0000 0.0088 
0.1556 0.0025 0.0000 0.8419 
0.0013 0.0038 0.9950 0.0000 
0.0000 0.0000 1.0000 0.0000 
0.0941 0.0602 0.4053 0.4404 
0.2083 0.6813 0.0841 0.0263 
0.7415 0.0238 0.0652 0.1694 
0.2497 0.2823 0.2296 0.2384 
0.2133 0.2647 0.2647 0.2572 
0.2396 0.2422 0.2748 0.2434 

MOTIF filter13 
letter-probability matrix: alength= 4 w= 14 nsites= 14 
0.2802 0.1711 0.3097 0.2389 
0.5870 0.0590 0.1268 0.2271 
0.1829 0.3333 0.4631 0.0206 
0.0000 0.0000 0.0000 1.0000 
0.0206 0.9794 0.0000 0.0000 
1.0000 0.0000 0.0000 0.0000 
0.0000 0.0000 0.9971 0.0029 
0.0000 1.0000 0.0000 0.0000 
1.0000 0.0000 0.0000 0.0000 
0.4395 0.1976 0.0914 0.2714 
0.4041 0.0560 0.0000 0.5398 
0.4307 0.0619 0.0000 0.5074 
0.3038 0.1209 0.0324 0.5428 
0.2714 0.2330 0.2419 0.2537 

MOTIF filter14 
letter-probability matrix: alength= 4 w= 17 nsites= 17 
0.2341 0.2475 0.2408 0.2776 
0.2074 0.3110 0.3144 0.1672 
0.2341 0.2709 0.2074 0.2876 
0.1706 0.6789 0.0903 0.0602 
0.9866 0.0000 0.0134 0.0000 
0.9833 0.0000 0.0167 0.0000 
0.4314 0.0803 0.4849 0.0033 
1.0000 0.0000 0.0000 0.0000 
0.0000 0.0000 0.0000 1.0000 
0.0000 0.0000 1.0000 0.0000 
0.0000 0.0000 1.0000 0.0000 
0.0535 0.9197 0.0000 0.0268 
0.0903 0.1973 0.4548 0.2575 
0.0702 0.0502 0.7993 0.0803 
0.1271 0.7860 0.0134 0.0736 
0.2542 0.2207 0.2274 0.2977 
0.2207 0.2508 0.3144 0.2140 

MOTIF filter15 
letter-probability matrix: alength= 4 w= 14 nsites= 14 
0.2746 0.2271 0.2339 0.2644 
0.2983 0.2881 0.2339 0.1797 
0.2407 0.2576 0.2441 0.2576 
0.0678 0.0102 0.7424 0.1797 
0.0644 0.7593 0.1153 0.0610 
0.2678 0.3593 0.2780 0.0949 
0.0305 0.0000 0.8644 0.1051 
0.0000 1.0000 0.0000 0.0000 
0.0000 1.0000 0.0000 0.0000 
1.0000 0.0000 0.0000 0.0000 
0.0000 0.0000 0.0000 1.0000 
0.0102 0.4576 0.1288 0.4034 
0.0000 0.0169 0.0000 0.9831 
0.0000 0.0068 0.0000 0.9932 

MOTIF filter16 
letter-probability matrix: alength= 4 w= 14 nsites= 14 
0.2631 0.2389 0.2537 0.2443 
0.2456 0.2725 0.2389 0.2430 
0.2389 0.2832 0.2564 0.2215 
0.0805 0.0268 0.3718 0.5208 
0.0081 0.9154 0.0000 0.0765 
0.0000 0.0000 0.0000 1.0000 
1.0000 0.0000 0.0000 0.0000 
0.2510 0.0000 0.0000 0.7490 
0.4577 0.0000 0.0000 0.5423 
0.5503 0.0000 0.0000 0.4497 
0.7060 0.0000 0.0000 0.2940 
0.0000 0.0000 0.0000 1.0000 
1.0000 0.0000 0.0000 0.0000 
0.0698 0.0000 0.9128 0.0174 

MOTIF filter17 
letter-probability matrix: alength= 4 w= 13 nsites= 13 
0.3005 0.2500 0.2548 0.1947 
0.2716 0.3005 0.2236 0.2043 
0.0745 0.1923 0.5000 0.2332 
0.0000 0.8053 0.0216 0.1731 
0.0000 0.8341 0.0000 0.1659 
0.0000 1.0000 0.0000 0.0000 
0.0000 1.0000 0.0000 0.0000 
0.1034 0.0000 0.5889 0.3077 
0.0000 1.0000 0.0000 0.0000 
0.0000 1.0000 0.0000 0.0000 
0.0000 0.7909 0.0000 0.2091 
0.0793 0.8101 0.0000 0.1106 
0.0433 0.6202 0.0577 0.2788 

MOTIF filter18 
letter-probability matrix: alength= 4 w= 18 nsites= 18 
0.2896 0.4627 0.0687 0.1791 
0.1970 0.2239 0.1343 0.4448 
0.2896 0.2179 0.2925 0.2000 
0.7254 0.0567 0.0657 0.1522 
0.3164 0.1433 0.3642 0.1761 
0.0716 0.0000 0.0000 0.9284 
0.1284 0.7433 0.0000 0.1284 
0.6299 0.0000 0.0000 0.3701 
0.0000 0.0000 0.9970 0.0030 
0.0000 1.0000 0.0000 0.0000 
0.5433 0.0000 0.0000 0.4567 
0.2418 0.0060 0.5910 0.1612 
0.8269 0.0030 0.0090 0.1612 
0.1761 0.2119 0.1582 0.4537 
0.1821 0.1224 0.0149 0.6806 
0.1761 0.3433 0.1910 0.2896 
0.4418 0.1224 0.1701 0.2657 
0.2090 0.1642 0.4119 0.2149 

MOTIF filter19 
letter-probability matrix: alength= 4 w= 16 nsites= 16 
0.2424 0.2259 0.2727 0.2590 
0.2231 0.2452 0.2507 0.2810 
0.2369 0.2342 0.3030 0.2259 
0.2617 0.0441 0.6391 0.0551 
0.1047 0.0000 0.8320 0.0634 
0.1488 0.0000 0.8512 0.0000 
0.0000 0.0000 1.0000 0.0000 
0.0000 0.0000 1.0000 0.0000 
0.2727 0.5840 0.0000 0.1433 
0.0000 0.0000 1.0000 0.0000 
0.0000 0.0000 1.0000 0.0000 
0.1708 0.0000 0.8209 0.0083 
0.2094 0.0386 0.7521 0.0000 
0.1736 0.5482 0.1901 0.0882 
0.2810 0.2287 0.2727 0.2176 
0.2424 0.3196 0.2011 0.2369 

MOTIF filter20 
letter-probability matrix: alength= 4 w= 14 nsites= 14 
0.1603 0.1227 0.3090 0.4080 
0.0583 0.7945 0.0077 0.1396 
0.0038 0.0284 0.0046 0.9632 
0.9739 0.0046 0.0084 0.0130 
0.2845 0.0115 0.0146 0.6894 
0.4387 0.0092 0.0084 0.5437 
0.5291 0.0031 0.0038 0.4640 
0.6672 0.0092 0.0015 0.3221 
0.0199 0.0092 0.0107 0.9601 
0.9601 0.0069 0.0268 0.0061 
0.1472 0.0084 0.7845 0.0598 
0.4363 0.3512 0.0567 0.1557 
0.2638 0.2377 0.2669 0.2316 
0.2531 0.2745 0.2370 0.2354 

MOTIF filter21 
letter-probability matrix: alength= 4 w= 15 nsites= 15 
0.2843 0.2204 0.2588 0.2364 
0.2396 0.2939 0.2173 0.2492 
0.5240 0.0160 0.1406 0.3195 
0.6581 0.0128 0.0224 0.3067 
0.4760 0.0000 0.0383 0.4856 
0.3067 0.1342 0.1406 0.4185 
0.0032 0.0000 0.0000 0.9968 
0.0000 0.0000 1.0000 0.0000 
0.0192 0.9808 0.0000 0.0000 
0.0000 0.0000 0.0000 1.0000 
0.0000 0.0000 0.9904 0.0096 
1.0000 0.0000 0.0000 0.0000 
0.0319 0.5367 0.3099 0.1214 
0.1917 0.1310 0.0703 0.6070 
0.1885 0.3706 0.1182 0.3227 

MOTIF filter22 
letter-probability matrix: alength= 4 w= 12 nsites= 12 
0.2538 0.2522 0.2549 0.2391 
0.3194 0.2295 0.2535 0.1976 
0.2370 0.2827 0.2690 0.2113 
0.0485 0.8705 0.0436 0.0374 
0.8536 0.0308 0.0741 0.0416 
0.0458 0.7749 0.0403 0.1389 
0.1281 0.0392 0.7966 0.0361 
0.0444 0.0753 0.0372 0.8430 
0.0372 0.0369 0.8652 0.0607 
0.2136 0.2755 0.2720 0.2389 
0.2125 0.2648 0.2081 0.3146 
0.2358 0.2547 0.2472 0.2623 

MOTIF filter23 
letter-probability matrix: alength= 4 w= 15 nsites= 15 
0.2785 0.2450 0.2416 0.2349 
0.2785 0.2047 0.3154 0.2013 
0.2148 0.2584 0.2383 0.2886 
0.0034 0.8490 0.1477 0.0000 
0.0201 0.9799 0.0000 0.0000 
0.0000 0.0000 1.0000 0.0000 
0.0000 0.0000 1.0000 0.0000 
1.0000 0.0000 0.0000 0.0000 
1.0000 0.0000 0.0000 0.0000 
0.0369 0.0134 0.9497 0.0000 
0.0134 0.2752 0.0034 0.7081 
0.1846 0.0638 0.7081 0.0436 
0.2953 0.2215 0.4832 0.0000 
0.2215 0.3859 0.2081 0.1846 
0.1980 0.2953 0.2651 0.2416 

MOTIF filter24 
letter-probability matrix: alength= 4 w= 18 nsites= 18 
0.2829 0.2403 0.2364 0.2403 
0.2248 0.2868 0.2597 0.2287 
0.2248 0.2674 0.2674 0.2403 
0.1279 0.0116 0.7132 0.1473 
0.0659 0.7481 0.1124 0.0736 
0.2946 0.3605 0.2248 0.1202 
0.0465 0.0000 0.8760 0.0775 
0.0000 1.0000 0.0000 0.0000 
0.0000 1.0000 0.0000 0.0000 
1.0000 0.0000 0.0000 0.0000 
0.0000 0.0000 0.0000 1.0000 
0.0078 0.4806 0.1628 0.3488 
0.0000 0.0000 0.0000 1.0000 
0.0000 0.0039 0.0000 0.9961 
0.0233 0.0504 0.8411 0.0853 
0.2752 0.2364 0.2519 0.2364 
0.1860 0.2946 0.2636 0.2558 
0.2403 0.3256 0.2287 0.2054 

MOTIF filter25 
letter-probability matrix: alength= 4 w= 16 nsites= 16 
0.2827 0.3222 0.2036 0.1915 
0.2796 0.2827 0.1976 0.2401 
0.2462 0.2188 0.2614 0.2736 
0.0030 0.8480 0.0821 0.0669 
0.0000 0.1611 0.0030 0.8359 
0.0000 0.2371 0.7356 0.0274 
1.0000 0.0000 0.0000 0.0000 
0.0000 0.0000 0.0000 1.0000 
0.0000 0.0000 0.0000 1.0000 
0.0000 0.0000 1.0000 0.0000 
0.0000 0.0000 1.0000 0.0000 
0.0456 0.4073 0.0000 0.5471 
0.0000 0.4468 0.1277 0.4255 
0.1854 0.4468 0.2918 0.0760 
0.4681 0.1368 0.3283 0.0669 
0.1520 0.1641 0.2584 0.4255 

MOTIF filter26 
letter-probability matrix: alength= 4 w= 14 nsites= 14 
0.2512 0.2521 0.2512 0.2454 
0.2665 0.2555 0.2302 0.2479 
0.4154 0.1863 0.3397 0.0587 
0.0273 0.0262 0.0459 0.9006 
0.0222 0.0213 0.1614 0.7951 
0.3157 0.0193 0.5004 0.1646 
0.0788 0.6621 0.0625 0.1966 
0.2038 0.0638 0.6666 0.0658 
0.1686 0.5338 0.0103 0.2873 
0.7826 0.1617 0.0228 0.0329 
0.9210 0.0313 0.0296 0.0181 
0.0692 0.3220 0.1785 0.4304 
0.2456 0.2611 0.2579 0.2353 
0.2472 0.2396 0.2537 0.2595 

MOTIF filter27 
letter-probability matrix: alength= 4 w= 14 nsites= 14 
0.4310 0.1915 0.1887 0.1887 
0.0901 0.3493 0.0873 0.4732 
0.0225 0.3577 0.3380 0.2817 
0.4451 0.0958 0.4592 0.0000 
0.5465 0.0028 0.4056 0.0451 
0.0000 0.9972 0.0000 0.0028 
0.0000 1.0000 0.0000 0.0000 
1.0000 0.0000 0.0000 0.0000 
1.0000 0.0000 0.0000 0.0000 
0.0000 0.0000 0.0000 1.0000 
0.0620 0.7549 0.1831 0.0000 
0.8056 0.0028 0.1915 0.0000 
0.0704 0.0423 0.8704 0.0169 
0.2056 0.2873 0.2394 0.2676 

MOTIF filter28 
letter-probability matrix: alength= 4 w= 16 nsites= 16 
0.5107 0.2179 0.1214 0.1500 
0.0357 0.3607 0.1214 0.4821 
0.0679 0.3036 0.4036 0.2250 
0.4821 0.0571 0.4571 0.0036 
0.6071 0.0036 0.3571 0.0321 
0.0000 1.0000 0.0000 0.0000 
0.0000 1.0000 0.0000 0.0000 
1.0000 0.0000 0.0000 0.0000 
1.0000 0.0000 0.0000 0.0000 
0.0000 0.0000 0.0000 1.0000 
0.0000 0.7679 0.2321 0.0000 
0.8643 0.0000 0.1321 0.0036 
0.0500 0.0357 0.9071 0.0071 
0.2071 0.3143 0.2464 0.2321 
0.3000 0.1857 0.2964 0.2179 
0.2357 0.2929 0.2214 0.2500 

MOTIF filter29 
letter-probability matrix: alength= 4 w= 13 nsites= 13 
0.2492 0.2423 0.2529 0.2557 
0.2718 0.2338 0.2414 0.2531 
0.2106 0.2451 0.1878 0.3565 
0.0482 0.0669 0.0384 0.8465 
0.0300 0.0363 0.1047 0.8289 
0.2238 0.6830 0.0404 0.0528 
0.0894 0.5693 0.0178 0.3235 
0.2449 0.2314 0.2590 0.2647 
0.3118 0.0200 0.5829 0.0853 
0.0389 0.0476 0.7032 0.2102 
0.8141 0.1101 0.0315 0.0443 
0.8569 0.0538 0.0656 0.0237 
0.3747 0.1856 0.2304 0.2093 

MOTIF filter30 
letter-probability matrix: alength= 4 w= 16 nsites= 16 
0.2405 0.3400 0.2007 0.2189 
0.3964 0.0315 0.1045 0.4677 
0.5224 0.0531 0.1493 0.2753 
0.5655 0.0100 0.0232 0.4013 
0.2338 0.1476 0.3881 0.2305 
0.0000 0.0000 0.0000 1.0000 
0.0000 0.4527 0.5473 0.0000 
0.5307 0.4693 0.0000 0.0000 
0.0000 0.0000 0.3466 0.6534 
0.0000 0.4594 0.5406 0.0000 
1.0000 0.0000 0.0000 0.0000 
0.1907 0.3300 0.2322 0.2471 
0.2338 0.0232 0.0033 0.7396 
0.2421 0.2620 0.0299 0.4660 
0.3897 0.0879 0.0846 0.4378 
0.2172 0.1277 0.4461 0.2090 

MOTIF filter31 
letter-probability matrix: alength= 4 w= 19 nsites= 19 
0.2278 0.2393 0.2623 0.2706 
0.2100 0.2832 0.2706 0.2362 
0.2894 0.2403 0.2278 0.2424 
0.1599 0.0773 0.0470 0.7158 
0.0355 0.0940 0.6479 0.2226 
0.4023 0.3804 0.0909 0.1264 
0.0031 0.9875 0.0052 0.0042 
0.0000 0.9801 0.0031 0.0167 
0.8098 0.0115 0.0094 0.1693 
0.0355 0.0010 0.0031 0.9603 
0.9927 0.0052 0.0021 0.0000 
0.0000 0.0031 0.0021 0.9948 
0.9697 0.0031 0.0000 0.0272 
0.1682 0.0084 0.0073 0.8161 
0.0063 0.0136 0.9791 0.0010 
0.0031 0.0146 0.9760 0.0063 
0.1139 0.0752 0.3783 0.4326 
0.2288 0.6311 0.0993 0.0408 
0.6949 0.0355 0.0815 0.1881 

