MEME version 4

ALPHABET= ACGT

Background letter frequencies:
A 0.2500 C 0.2500 G 0.2500 T 0.2500 

MOTIF filter0 
letter-probability matrix: alength= 4 w= 13 nsites= 13 
0.2439 0.2265 0.2718 0.2578 
0.2509 0.2666 0.2561 0.2265 
0.2822 0.0993 0.5279 0.0906 
0.1603 0.0000 0.7003 0.1394 
0.2213 0.0000 0.7770 0.0017 
0.0000 0.0000 1.0000 0.0000 
0.0000 0.0000 1.0000 0.0000 
0.3258 0.5000 0.0000 0.1742 
0.0000 0.0000 1.0000 0.0000 
0.0000 0.0000 1.0000 0.0000 
0.2282 0.0000 0.7561 0.0157 
0.2491 0.0505 0.7003 0.0000 
0.2073 0.4652 0.2056 0.1220 

MOTIF filter1 
letter-probability matrix: alength= 4 w= 13 nsites= 13 
0.2281 0.2690 0.2485 0.2544 
0.2222 0.3070 0.2778 0.1930 
0.2953 0.2193 0.1988 0.2865 
0.1287 0.7515 0.0673 0.0526 
1.0000 0.0000 0.0000 0.0000 
0.9942 0.0000 0.0058 0.0000 
0.4269 0.0585 0.4942 0.0205 
1.0000 0.0000 0.0000 0.0000 
0.0000 0.0000 0.0000 1.0000 
0.0000 0.0000 1.0000 0.0000 
0.0000 0.0000 1.0000 0.0000 
0.0468 0.8655 0.0000 0.0877 
0.1287 0.2251 0.3977 0.2485 

MOTIF filter2 
letter-probability matrix: alength= 4 w= 12 nsites= 12 
0.2532 0.2766 0.2266 0.2436 
0.2872 0.2213 0.2160 0.2755 
0.2702 0.2521 0.2309 0.2468 
1.0000 0.0000 0.0000 0.0000 
0.0000 0.0000 0.0000 1.0000 
0.0000 0.3947 0.0000 0.6053 
1.0000 0.0000 0.0000 0.0000 
1.0000 0.0000 0.0000 0.0000 
0.8819 0.0000 0.0000 0.1181 
0.2521 0.2287 0.2319 0.2872 
0.2543 0.2511 0.2340 0.2606 
0.2096 0.2734 0.2585 0.2585 

MOTIF filter3 
letter-probability matrix: alength= 4 w= 16 nsites= 16 
0.2503 0.2754 0.2424 0.2319 
0.2332 0.2793 0.2596 0.2279 
0.0949 0.0553 0.3452 0.5046 
0.0079 0.9302 0.0000 0.0619 
0.0000 0.0000 0.0000 1.0000 
1.0000 0.0000 0.0000 0.0000 
0.2556 0.0000 0.0000 0.7444 
0.4585 0.0000 0.0000 0.5415 
0.5428 0.0000 0.0000 0.4572 
0.7022 0.0000 0.0000 0.2978 
0.0000 0.0000 0.0000 1.0000 
1.0000 0.0000 0.0000 0.0000 
0.0567 0.0000 0.9289 0.0145 
0.4611 0.3768 0.0395 0.1225 
0.2859 0.2292 0.2582 0.2266 
0.2569 0.2596 0.2372 0.2464 

MOTIF filter4 
letter-probability matrix: alength= 4 w= 16 nsites= 16 
0.2338 0.2158 0.2626 0.2878 
0.2122 0.3094 0.2806 0.1978 
0.2482 0.2626 0.2014 0.2878 
0.1583 0.6799 0.1079 0.0540 
0.9928 0.0000 0.0072 0.0000 
0.9820 0.0000 0.0180 0.0000 
0.4424 0.0755 0.4712 0.0108 
1.0000 0.0000 0.0000 0.0000 
0.0000 0.0000 0.0000 1.0000 
0.0000 0.0000 1.0000 0.0000 
0.0000 0.0000 1.0000 0.0000 
0.0468 0.9029 0.0000 0.0504 
0.1007 0.1835 0.4460 0.2698 
0.0396 0.0324 0.8669 0.0612 
0.0863 0.8345 0.0108 0.0683 
0.2626 0.2014 0.2338 0.3022 

MOTIF filter5 
letter-probability matrix: alength= 4 w= 15 nsites= 15 
0.2723 0.2970 0.2104 0.2203 
0.0767 0.1906 0.4950 0.2376 
0.0000 0.8020 0.0248 0.1733 
0.0000 0.8292 0.0000 0.1708 
0.0000 1.0000 0.0000 0.0000 
0.0000 1.0000 0.0000 0.0000 
0.0916 0.0000 0.6040 0.3045 
0.0000 1.0000 0.0000 0.0000 
0.0000 1.0000 0.0000 0.0000 
0.0000 0.7871 0.0000 0.2129 
0.0718 0.8366 0.0000 0.0916 
0.0446 0.6411 0.0520 0.2624 
0.2574 0.2550 0.2376 0.2500 
0.2847 0.2426 0.2302 0.2426 
0.2228 0.3045 0.2376 0.2351 

MOTIF filter6 
letter-probability matrix: alength= 4 w= 13 nsites= 13 
0.2430 0.2190 0.2565 0.2815 
0.2252 0.1575 0.4129 0.2044 
0.3910 0.2357 0.3660 0.0073 
0.0000 0.0000 0.0000 1.0000 
0.0000 0.0000 1.0000 0.0000 
1.0000 0.0000 0.0000 0.0000 
0.0000 0.4943 0.5047 0.0010 
0.0000 0.0000 0.0000 1.0000 
0.0000 1.0000 0.0000 0.0000 
1.0000 0.0000 0.0000 0.0000 
0.0250 0.3191 0.2544 0.4015 
0.2190 0.3629 0.1825 0.2357 
0.2690 0.1992 0.2836 0.2482 

MOTIF filter7 
letter-probability matrix: alength= 4 w= 15 nsites= 15 
0.2834 0.2308 0.2065 0.2794 
0.2470 0.3036 0.2510 0.1984 
0.2065 0.2551 0.2713 0.2672 
0.0850 0.0000 0.8178 0.0972 
0.0769 0.7490 0.1174 0.0567 
0.2753 0.3360 0.2915 0.0972 
0.0567 0.0000 0.8988 0.0445 
0.0000 1.0000 0.0000 0.0000 
0.0000 1.0000 0.0000 0.0000 
1.0000 0.0000 0.0000 0.0000 
0.0000 0.0000 0.0000 1.0000 
0.0081 0.4818 0.1296 0.3806 
0.0000 0.0283 0.0000 0.9717 
0.0000 0.0121 0.0000 0.9879 
0.0405 0.0850 0.7854 0.0891 

MOTIF filter8 
letter-probability matrix: alength= 4 w= 12 nsites= 12 
0.1703 0.2044 0.3552 0.2701 
0.0341 0.4428 0.2506 0.2725 
0.0803 0.6253 0.1363 0.1582 
0.6594 0.0170 0.2871 0.0365 
0.0000 0.9440 0.0049 0.0511 
0.0000 0.0000 0.0000 1.0000 
0.0000 0.0000 0.0000 1.0000 
0.0000 1.0000 0.0000 0.0000 
0.0000 1.0000 0.0000 0.0000 
0.0000 0.0000 0.9805 0.0195 
0.0000 0.1533 0.8321 0.0146 
0.2579 0.1995 0.2506 0.2920 

MOTIF filter9 
letter-probability matrix: alength= 4 w= 19 nsites= 19 
0.2257 0.2398 0.2690 0.2655 
0.2129 0.2830 0.2737 0.2304 
0.2842 0.2374 0.2281 0.2503 
0.1614 0.0760 0.0386 0.7240 
0.0281 0.0865 0.6655 0.2199 
0.4187 0.3906 0.0713 0.1193 
0.0000 0.9977 0.0023 0.0000 
0.0000 0.9930 0.0023 0.0047 
0.8281 0.0023 0.0058 0.1637 
0.0199 0.0000 0.0000 0.9801 
0.9988 0.0012 0.0000 0.0000 
0.0000 0.0000 0.0012 0.9988 
0.9871 0.0000 0.0000 0.0129 
0.1532 0.0035 0.0000 0.8433 
0.0035 0.0047 0.9918 0.0000 
0.0000 0.0035 0.9942 0.0023 
0.1111 0.0725 0.3836 0.4327 
0.2269 0.6444 0.0947 0.0339 
0.7205 0.0316 0.0678 0.1801 

MOTIF filter10 
letter-probability matrix: alength= 4 w= 14 nsites= 14 
0.2465 0.2703 0.2479 0.2353 
0.2661 0.2591 0.2563 0.2185 
0.2605 0.0938 0.4174 0.2283 
0.4594 0.0490 0.4916 0.0000 
0.0000 0.0000 0.0000 1.0000 
0.0000 0.0000 1.0000 0.0000 
1.0000 0.0000 0.0000 0.0000 
0.0014 0.5182 0.4804 0.0000 
0.0000 0.0000 0.0000 1.0000 
0.0000 1.0000 0.0000 0.0000 
1.0000 0.0000 0.0000 0.0000 
0.0000 0.2955 0.2395 0.4650 
0.2213 0.3641 0.2395 0.1751 
0.2409 0.2255 0.2857 0.2479 

MOTIF filter11 
letter-probability matrix: alength= 4 w= 20 nsites= 20 
0.2135 0.2865 0.2686 0.2314 
0.2906 0.2493 0.2300 0.2300 
0.1419 0.0606 0.0317 0.7658 
0.0220 0.0468 0.7121 0.2190 
0.4132 0.4036 0.0620 0.1212 
0.0000 1.0000 0.0000 0.0000 
0.0000 0.9986 0.0000 0.0014 
0.8320 0.0000 0.0028 0.1653 
0.0152 0.0000 0.0000 0.9848 
1.0000 0.0000 0.0000 0.0000 
0.0000 0.0000 0.0014 0.9986 
0.9931 0.0000 0.0000 0.0069 
0.1377 0.0028 0.0000 0.8595 
0.0014 0.0028 0.9959 0.0000 
0.0000 0.0000 0.9986 0.0014 
0.0937 0.0661 0.3953 0.4449 
0.2176 0.6846 0.0826 0.0152 
0.7686 0.0289 0.0620 0.1405 
0.2190 0.2824 0.2410 0.2576 
0.2094 0.2658 0.2576 0.2672 

MOTIF filter12 
letter-probability matrix: alength= 4 w= 15 nsites= 15 
0.1424 0.0644 0.5831 0.2102 
0.0712 0.7254 0.1153 0.0881 
0.2949 0.3797 0.2000 0.1254 
0.0271 0.0000 0.8949 0.0780 
0.0000 1.0000 0.0000 0.0000 
0.0000 1.0000 0.0000 0.0000 
1.0000 0.0000 0.0000 0.0000 
0.0000 0.0000 0.0000 1.0000 
0.0169 0.4678 0.1525 0.3627 
0.0000 0.0000 0.0000 1.0000 
0.0000 0.0000 0.0000 1.0000 
0.0847 0.0610 0.7525 0.1017 
0.2949 0.2542 0.2068 0.2441 
0.2068 0.2847 0.2576 0.2508 
0.2373 0.3017 0.2169 0.2441 

MOTIF filter13 
letter-probability matrix: alength= 4 w= 18 nsites= 18 
0.0336 0.0965 0.6573 0.2126 
0.4056 0.4098 0.0643 0.1203 
0.0000 0.9986 0.0014 0.0000 
0.0000 0.9944 0.0014 0.0042 
0.8853 0.0000 0.0014 0.1133 
0.0140 0.0000 0.0000 0.9860 
1.0000 0.0000 0.0000 0.0000 
0.0000 0.0000 0.0000 1.0000 
0.9888 0.0000 0.0000 0.0112 
0.1510 0.0000 0.0000 0.8490 
0.0000 0.0028 0.9972 0.0000 
0.0000 0.0000 1.0000 0.0000 
0.0867 0.0559 0.4378 0.4196 
0.2252 0.6923 0.0615 0.0210 
0.7469 0.0042 0.0615 0.1874 
0.2713 0.2853 0.2126 0.2308 
0.2154 0.2699 0.2699 0.2448 
0.2503 0.2252 0.2923 0.2322 

MOTIF filter14 
letter-probability matrix: alength= 4 w= 14 nsites= 14 
0.4358 0.2246 0.1658 0.1738 
0.0936 0.3503 0.1176 0.4385 
0.0722 0.3102 0.3743 0.2433 
0.4144 0.1203 0.4599 0.0053 
0.5882 0.0107 0.3529 0.0481 
0.0000 1.0000 0.0000 0.0000 
0.0000 1.0000 0.0000 0.0000 
1.0000 0.0000 0.0000 0.0000 
1.0000 0.0000 0.0000 0.0000 
0.0000 0.0000 0.0000 1.0000 
0.0321 0.7513 0.2166 0.0000 
0.8610 0.0000 0.1390 0.0000 
0.0561 0.0455 0.8984 0.0000 
0.1925 0.3048 0.2487 0.2540 

MOTIF filter15 
letter-probability matrix: alength= 4 w= 16 nsites= 16 
0.2875 0.2906 0.2094 0.2125 
0.2812 0.2781 0.2031 0.2375 
0.2406 0.2219 0.2625 0.2750 
0.0000 0.8719 0.0562 0.0719 
0.0000 0.1750 0.0000 0.8250 
0.0000 0.2469 0.7281 0.0250 
1.0000 0.0000 0.0000 0.0000 
0.0000 0.0000 0.0000 1.0000 
0.0000 0.0000 0.0000 1.0000 
0.0000 0.0000 1.0000 0.0000 
0.0000 0.0000 1.0000 0.0000 
0.0344 0.4062 0.0000 0.5594 
0.0000 0.4406 0.1344 0.4250 
0.1750 0.4406 0.3125 0.0719 
0.4938 0.1312 0.3219 0.0531 
0.1625 0.1281 0.2656 0.4437 

MOTIF filter16 
letter-probability matrix: alength= 4 w= 10 nsites= 10 
0.2913 0.2323 0.1929 0.2835 
0.3346 0.1535 0.3937 0.1181 
0.2638 0.2677 0.2520 0.2165 
0.0079 0.8937 0.0984 0.0000 
0.0039 0.9961 0.0000 0.0000 
0.0000 0.0000 1.0000 0.0000 
0.0000 0.0000 1.0000 0.0000 
1.0000 0.0000 0.0000 0.0000 
1.0000 0.0000 0.0000 0.0000 
0.0118 0.0079 0.9803 0.0000 

MOTIF filter17 
letter-probability matrix: alength= 4 w= 15 nsites= 15 
0.2508 0.2474 0.2350 0.2668 
0.2637 0.2359 0.2482 0.2522 
0.2019 0.2350 0.1886 0.3745 
0.0337 0.0506 0.0309 0.8847 
0.0188 0.0298 0.0827 0.8687 
0.2021 0.7228 0.0295 0.0455 
0.0675 0.6016 0.0132 0.3177 
0.2494 0.2283 0.2567 0.2657 
0.3166 0.0127 0.6134 0.0574 
0.0349 0.0360 0.7481 0.1811 
0.8684 0.0841 0.0225 0.0250 
0.8946 0.0413 0.0450 0.0191 
0.3874 0.1872 0.2339 0.1915 
0.2392 0.2530 0.2407 0.2671 
0.2482 0.2435 0.2662 0.2421 

MOTIF filter18 
letter-probability matrix: alength= 4 w= 20 nsites= 20 
0.2500 0.7500 0.0000 0.0000 
0.0000 0.2500 0.5000 0.2500 
0.0000 1.0000 0.0000 0.0000 
0.0000 0.5000 0.5000 0.0000 
0.0000 1.0000 0.0000 0.0000 
0.7500 0.0000 0.0000 0.2500 
0.2500 0.2500 0.0000 0.5000 
0.0000 1.0000 0.0000 0.0000 
0.2500 0.5000 0.0000 0.2500 
0.0000 0.0000 1.0000 0.0000 
0.0000 0.5000 0.0000 0.5000 
0.0000 0.5000 0.5000 0.0000 
0.2500 0.2500 0.5000 0.0000 
0.0000 0.7500 0.2500 0.0000 
0.0000 0.5000 0.5000 0.0000 
0.0000 1.0000 0.0000 0.0000 
0.0000 0.7500 0.2500 0.0000 
0.0000 0.2500 0.5000 0.2500 
0.2500 0.0000 0.0000 0.7500 
0.0000 0.0000 1.0000 0.0000 

MOTIF filter19 
letter-probability matrix: alength= 4 w= 13 nsites= 13 
0.2378 0.2486 0.2541 0.2595 
0.0135 0.8189 0.0730 0.0946 
0.0000 0.1946 0.0027 0.8027 
0.0000 0.2378 0.7405 0.0216 
1.0000 0.0000 0.0000 0.0000 
0.0000 0.0000 0.0000 1.0000 
0.0000 0.0000 0.0000 1.0000 
0.0000 0.0000 1.0000 0.0000 
0.0000 0.0000 1.0000 0.0000 
0.0486 0.3784 0.0108 0.5622 
0.0108 0.4324 0.1351 0.4216 
0.1946 0.4270 0.3189 0.0595 
0.4676 0.1459 0.3189 0.0676 

MOTIF filter20 
letter-probability matrix: alength= 4 w= 16 nsites= 16 
0.2320 0.2543 0.2444 0.2692 
0.2357 0.2705 0.2605 0.2333 
0.2370 0.2605 0.2494 0.2531 
0.5161 0.1191 0.3561 0.0087 
0.0000 0.0000 0.0000 1.0000 
0.0000 0.0000 0.0298 0.9702 
0.2928 0.0000 0.6414 0.0658 
0.0037 0.9305 0.0000 0.0658 
0.0819 0.0000 0.9181 0.0000 
0.0720 0.6824 0.0000 0.2457 
0.9665 0.0335 0.0000 0.0000 
1.0000 0.0000 0.0000 0.0000 
0.0074 0.3474 0.1278 0.5174 
0.2767 0.2469 0.2742 0.2022 
0.2457 0.2109 0.2630 0.2804 
0.2568 0.2258 0.2605 0.2568 

MOTIF filter21 
letter-probability matrix: alength= 4 w= 12 nsites= 12 
0.1782 0.3317 0.2327 0.2574 
0.2178 0.2376 0.1485 0.3960 
0.1683 0.1881 0.3168 0.3267 
0.0050 0.8911 0.1040 0.0000 
0.0050 0.9950 0.0000 0.0000 
0.0000 0.0000 1.0000 0.0000 
0.0000 0.0000 1.0000 0.0000 
0.9901 0.0099 0.0000 0.0000 
1.0000 0.0000 0.0000 0.0000 
0.0297 0.0594 0.9109 0.0000 
0.0000 0.2376 0.0050 0.7574 
0.0941 0.0693 0.8267 0.0099 

MOTIF filter22 
letter-probability matrix: alength= 4 w= 14 nsites= 14 
0.2692 0.2308 0.2530 0.2470 
0.1760 0.2293 0.3728 0.2219 
0.4867 0.2249 0.2885 0.0000 
0.0000 0.0000 0.0000 1.0000 
0.0000 0.0000 0.9985 0.0015 
1.0000 0.0000 0.0000 0.0000 
0.0000 0.4438 0.5547 0.0015 
0.0000 0.0000 0.0000 1.0000 
0.0000 1.0000 0.0000 0.0000 
1.0000 0.0000 0.0000 0.0000 
0.0000 0.4527 0.0902 0.4571 
0.2204 0.4275 0.0636 0.2885 
0.2396 0.2130 0.2973 0.2500 
0.2751 0.2456 0.2470 0.2322 

MOTIF filter23 
letter-probability matrix: alength= 4 w= 16 nsites= 16 
0.2966 0.1977 0.2357 0.2700 
0.2433 0.2395 0.3156 0.2015 
0.2319 0.2357 0.2471 0.2852 
0.0114 0.8859 0.1027 0.0000 
0.0456 0.9544 0.0000 0.0000 
0.0000 0.0000 1.0000 0.0000 
0.0000 0.0000 1.0000 0.0000 
1.0000 0.0000 0.0000 0.0000 
1.0000 0.0000 0.0000 0.0000 
0.0456 0.0000 0.9544 0.0000 
0.0152 0.3080 0.0000 0.6768 
0.1559 0.0304 0.7795 0.0342 
0.2357 0.2281 0.5361 0.0000 
0.2015 0.4183 0.2471 0.1331 
0.1863 0.2852 0.2814 0.2471 
0.2624 0.2776 0.2662 0.1939 

MOTIF filter24 
letter-probability matrix: alength= 4 w= 16 nsites= 16 
0.2602 0.2564 0.2413 0.2421 
0.2534 0.2700 0.2413 0.2353 
0.1410 0.0905 0.3265 0.4419 
0.0603 0.7881 0.0106 0.1410 
0.0008 0.0309 0.0113 0.9570 
0.9729 0.0075 0.0075 0.0121 
0.3009 0.0075 0.0136 0.6780 
0.4427 0.0098 0.0060 0.5415 
0.5370 0.0038 0.0060 0.4532 
0.6576 0.0098 0.0030 0.3296 
0.0166 0.0090 0.0158 0.9585 
0.9540 0.0075 0.0271 0.0113 
0.1523 0.0090 0.7821 0.0566 
0.4314 0.3424 0.0633 0.1629 
0.2519 0.2338 0.2670 0.2474 
0.2564 0.2760 0.2338 0.2338 

MOTIF filter25 
letter-probability matrix: alength= 4 w= 12 nsites= 12 
0.2323 0.2689 0.2205 0.2783 
0.2500 0.2512 0.2712 0.2276 
0.2759 0.2547 0.2276 0.2417 
0.0684 0.0000 0.0000 0.9316 
0.0000 0.0000 0.0000 1.0000 
0.0000 0.0000 0.0000 1.0000 
0.5837 0.0000 0.4163 0.0000 
1.0000 0.0000 0.0000 0.0000 
0.0000 0.0000 0.0000 1.0000 
0.2229 0.2653 0.2653 0.2465 
0.2500 0.2559 0.2417 0.2524 
0.2417 0.2311 0.2736 0.2535 

MOTIF filter26 
letter-probability matrix: alength= 4 w= 13 nsites= 13 
0.4760 0.2156 0.2874 0.0210 
0.4820 0.2216 0.1168 0.1796 
0.4641 0.2036 0.1437 0.1886 
0.0329 0.3743 0.0868 0.5060 
0.0269 0.3353 0.3743 0.2635 
0.4281 0.0808 0.4910 0.0000 
0.5449 0.0000 0.4102 0.0449 
0.0000 1.0000 0.0000 0.0000 
0.0000 1.0000 0.0000 0.0000 
1.0000 0.0000 0.0000 0.0000 
1.0000 0.0000 0.0000 0.0000 
0.0000 0.0000 0.0000 1.0000 
0.0060 0.8054 0.1886 0.0000 

MOTIF filter27 
letter-probability matrix: alength= 4 w= 15 nsites= 15 
0.4212 0.0630 0.1691 0.3467 
0.6590 0.0115 0.0430 0.2865 
0.4499 0.0000 0.0229 0.5272 
0.2837 0.1576 0.1576 0.4011 
0.0057 0.0000 0.0000 0.9943 
0.0000 0.0000 1.0000 0.0000 
0.0287 0.9713 0.0000 0.0000 
0.0000 0.0000 0.0000 1.0000 
0.0000 0.0000 0.9857 0.0143 
1.0000 0.0000 0.0000 0.0000 
0.0315 0.5014 0.3095 0.1576 
0.1977 0.1175 0.0344 0.6504 
0.1920 0.3926 0.1175 0.2980 
0.5072 0.0487 0.1920 0.2521 
0.1719 0.0372 0.5158 0.2751 

MOTIF filter28 
letter-probability matrix: alength= 4 w= 12 nsites= 12 
0.2322 0.2593 0.2650 0.2435 
0.4439 0.1755 0.2797 0.1008 
0.2265 0.3250 0.3296 0.1189 
0.0000 1.0000 0.0000 0.0000 
1.0000 0.0000 0.0000 0.0000 
0.0000 1.0000 0.0000 0.0000 
0.0000 0.0000 1.0000 0.0000 
0.0000 0.0000 0.0000 1.0000 
0.0000 0.0000 1.0000 0.0000 
0.1336 0.3137 0.3182 0.2344 
0.1438 0.2469 0.1563 0.4530 
0.2378 0.2514 0.2514 0.2593 

MOTIF filter29 
letter-probability matrix: alength= 4 w= 15 nsites= 15 
0.1176 0.3227 0.1395 0.4202 
0.1496 0.0992 0.3832 0.3681 
0.3647 0.1210 0.4538 0.0605 
0.3597 0.0017 0.5765 0.0622 
0.0101 0.7983 0.0218 0.1697 
0.0874 0.8403 0.0723 0.0000 
0.8336 0.0168 0.0000 0.1496 
0.5782 0.2336 0.1832 0.0050 
0.0857 0.0050 0.0067 0.9025 
0.0672 0.7311 0.1630 0.0387 
0.9328 0.0034 0.0286 0.0353 
0.0252 0.1378 0.7328 0.1042 
0.4101 0.0555 0.4067 0.1277 
0.2118 0.2151 0.2370 0.3361 
0.0941 0.2773 0.3832 0.2454 

MOTIF filter30 
letter-probability matrix: alength= 4 w= 16 nsites= 16 
0.2747 0.1648 0.3269 0.2335 
0.6126 0.0687 0.1181 0.2005 
0.1786 0.3049 0.4780 0.0385 
0.0000 0.0000 0.0000 1.0000 
0.0082 0.9918 0.0000 0.0000 
1.0000 0.0000 0.0000 0.0000 
0.0000 0.0000 0.9780 0.0220 
0.0000 1.0000 0.0000 0.0000 
0.9945 0.0000 0.0000 0.0055 
0.4286 0.1703 0.1319 0.2692 
0.4121 0.0549 0.0055 0.5275 
0.3791 0.0769 0.0055 0.5385 
0.3022 0.1209 0.0247 0.5522 
0.2747 0.2198 0.2610 0.2445 
0.2665 0.2885 0.2225 0.2225 
0.2060 0.2940 0.2527 0.2473 

MOTIF filter31 
letter-probability matrix: alength= 4 w= 11 nsites= 11 
0.2697 0.2451 0.2604 0.2248 
0.2495 0.2935 0.2662 0.1909 
0.0781 0.8477 0.0471 0.0270 
0.8076 0.0281 0.1131 0.0512 
0.0345 0.7125 0.0328 0.2202 
0.1422 0.0359 0.7953 0.0265 
0.0686 0.1208 0.0273 0.7834 
0.0325 0.0302 0.8640 0.0733 
0.1989 0.2729 0.2924 0.2358 
0.2074 0.2602 0.2075 0.3250 
0.2494 0.2556 0.2409 0.2541 

