MEME version 4

ALPHABET= ACGT

Background letter frequencies:
A 0.2500 C 0.2500 G 0.2500 T 0.2500 

MOTIF filter0 
letter-probability matrix: alength= 4 w= 18 nsites= 18 
0.2737 0.2613 0.2037 0.2613 
0.2613 0.2407 0.2160 0.2819 
0.2551 0.4897 0.0967 0.1584 
0.4712 0.0514 0.0473 0.4300 
0.5288 0.0638 0.1091 0.2984 
0.5905 0.0123 0.0103 0.3868 
0.2428 0.2037 0.3683 0.1852 
0.0000 0.0000 0.0000 1.0000 
0.0000 0.5453 0.4547 0.0000 
0.6132 0.3868 0.0000 0.0000 
0.0000 0.0000 0.4650 0.5350 
0.0000 0.5576 0.4424 0.0000 
1.0000 0.0000 0.0000 0.0000 
0.2428 0.3683 0.1831 0.2058 
0.3272 0.0103 0.0021 0.6605 
0.2984 0.2058 0.0267 0.4691 
0.4053 0.0658 0.0247 0.5041 
0.1914 0.1296 0.4115 0.2675 

MOTIF filter1 
letter-probability matrix: alength= 4 w= 12 nsites= 12 
0.2499 0.2422 0.2316 0.2762 
0.2395 0.2223 0.3019 0.2363 
0.3391 0.2625 0.3033 0.0952 
0.0477 0.0558 0.0597 0.8368 
0.0317 0.0361 0.7468 0.1854 
0.8507 0.0416 0.0618 0.0459 
0.1216 0.3889 0.3982 0.0913 
0.0394 0.0539 0.0450 0.8616 
0.1748 0.7569 0.0328 0.0355 
0.8569 0.0426 0.0561 0.0444 
0.0919 0.3081 0.2720 0.3280 
0.2251 0.3089 0.2300 0.2360 

MOTIF filter2 
letter-probability matrix: alength= 4 w= 12 nsites= 12 
0.2278 0.2607 0.2637 0.2478 
0.3876 0.2098 0.2537 0.1489 
0.2268 0.3047 0.3147 0.1538 
0.0000 1.0000 0.0000 0.0000 
1.0000 0.0000 0.0000 0.0000 
0.0000 1.0000 0.0000 0.0000 
0.0000 0.0000 1.0000 0.0000 
0.0000 0.0000 0.0000 1.0000 
0.0000 0.0000 1.0000 0.0000 
0.1648 0.2907 0.3137 0.2308 
0.1738 0.2408 0.1678 0.4176 
0.2348 0.2557 0.2507 0.2587 

MOTIF filter3 
letter-probability matrix: alength= 4 w= 14 nsites= 14 
0.2294 0.2718 0.2632 0.2357 
0.2490 0.2679 0.2419 0.2412 
0.4808 0.1469 0.3449 0.0275 
0.0008 0.0000 0.0008 0.9984 
0.0000 0.0000 0.0683 0.9317 
0.3064 0.0039 0.5899 0.0998 
0.0267 0.8358 0.0212 0.1163 
0.1194 0.0157 0.8437 0.0212 
0.1131 0.6269 0.0000 0.2600 
0.9167 0.0801 0.0000 0.0031 
0.9961 0.0008 0.0031 0.0000 
0.0244 0.3456 0.1532 0.4768 
0.2537 0.2404 0.2734 0.2325 
0.2451 0.2239 0.2553 0.2757 

MOTIF filter4 
letter-probability matrix: alength= 4 w= 12 nsites= 12 
0.2500 0.2706 0.2488 0.2306 
0.2439 0.2731 0.2536 0.2294 
0.1104 0.0461 0.3592 0.4842 
0.0049 0.9199 0.0000 0.0752 
0.0000 0.0000 0.0000 1.0000 
1.0000 0.0000 0.0000 0.0000 
0.2500 0.0000 0.0000 0.7500 
0.4600 0.0000 0.0000 0.5400 
0.5461 0.0000 0.0000 0.4539 
0.7039 0.0000 0.0000 0.2961 
0.0000 0.0000 0.0000 1.0000 
1.0000 0.0000 0.0000 0.0000 

MOTIF filter5 
letter-probability matrix: alength= 4 w= 16 nsites= 16 
0.2530 0.2643 0.2393 0.2434 
0.2466 0.2627 0.2522 0.2385 
0.1426 0.0935 0.3207 0.4432 
0.0532 0.7994 0.0097 0.1378 
0.0008 0.0282 0.0105 0.9605 
0.9774 0.0081 0.0089 0.0056 
0.2933 0.0032 0.0193 0.6841 
0.4488 0.0073 0.0064 0.5375 
0.5391 0.0024 0.0040 0.4545 
0.6575 0.0113 0.0016 0.3296 
0.0161 0.0064 0.0073 0.9702 
0.9605 0.0048 0.0258 0.0089 
0.1322 0.0024 0.8211 0.0443 
0.4319 0.3594 0.0604 0.1483 
0.2603 0.2401 0.2659 0.2337 
0.2498 0.2756 0.2345 0.2401 

MOTIF filter6 
letter-probability matrix: alength= 4 w= 13 nsites= 13 
0.3206 0.2529 0.2500 0.1765 
0.2471 0.3059 0.2353 0.2118 
0.0765 0.1647 0.5353 0.2235 
0.0000 0.8176 0.0118 0.1706 
0.0000 0.8618 0.0000 0.1382 
0.0000 1.0000 0.0000 0.0000 
0.0000 1.0000 0.0000 0.0000 
0.1118 0.0000 0.5794 0.3088 
0.0000 1.0000 0.0000 0.0000 
0.0000 1.0000 0.0000 0.0000 
0.0000 0.8118 0.0000 0.1882 
0.0912 0.8471 0.0000 0.0618 
0.0412 0.6765 0.0412 0.2412 

MOTIF filter7 
letter-probability matrix: alength= 4 w= 15 nsites= 15 
0.2609 0.2446 0.2201 0.2745 
0.2690 0.2120 0.2826 0.2364 
0.2283 0.2582 0.2609 0.2527 
0.0082 0.8533 0.1386 0.0000 
0.0380 0.9620 0.0000 0.0000 
0.0000 0.0000 1.0000 0.0000 
0.0000 0.0000 1.0000 0.0000 
1.0000 0.0000 0.0000 0.0000 
1.0000 0.0000 0.0000 0.0000 
0.0380 0.0109 0.9511 0.0000 
0.0272 0.2989 0.0109 0.6630 
0.1821 0.0978 0.6685 0.0516 
0.2527 0.2473 0.4728 0.0272 
0.2120 0.3560 0.2609 0.1712 
0.2147 0.2962 0.2582 0.2310 

MOTIF filter8 
letter-probability matrix: alength= 4 w= 17 nsites= 17 
0.2085 0.2359 0.2730 0.2826 
0.1962 0.2798 0.2894 0.2346 
0.2743 0.2593 0.2263 0.2401 
0.1317 0.0604 0.0192 0.7888 
0.0206 0.0535 0.7160 0.2099 
0.4198 0.3951 0.0796 0.1056 
0.0000 1.0000 0.0000 0.0000 
0.0000 0.9959 0.0000 0.0041 
0.8505 0.0000 0.0014 0.1481 
0.0137 0.0000 0.0000 0.9863 
1.0000 0.0000 0.0000 0.0000 
0.0000 0.0000 0.0014 0.9986 
0.9931 0.0000 0.0000 0.0069 
0.1454 0.0041 0.0000 0.8505 
0.0014 0.0014 0.9973 0.0000 
0.0000 0.0000 0.9986 0.0014 
0.0892 0.0672 0.3951 0.4486 

MOTIF filter9 
letter-probability matrix: alength= 4 w= 16 nsites= 16 
0.3020 0.2163 0.2245 0.2571 
0.2408 0.2000 0.2571 0.3020 
0.2082 0.1592 0.1204 0.5122 
0.0061 0.0796 0.0673 0.8469 
0.0020 0.0020 0.0000 0.9959 
0.0224 0.3918 0.0204 0.5653 
0.1224 0.8776 0.0000 0.0000 
0.0429 0.3122 0.0000 0.6449 
0.5204 0.0224 0.4551 0.0020 
0.0020 0.0224 0.9122 0.0633 
0.4429 0.0184 0.5061 0.0327 
0.9796 0.0000 0.0122 0.0082 
0.9327 0.0184 0.0204 0.0286 
0.4898 0.0714 0.2347 0.2041 
0.2857 0.3163 0.1510 0.2469 
0.2388 0.2122 0.3959 0.1531 

MOTIF filter10 
letter-probability matrix: alength= 4 w= 16 nsites= 16 
0.2394 0.2366 0.2507 0.2732 
0.2451 0.2394 0.2451 0.2704 
0.2197 0.2310 0.2986 0.2507 
0.2704 0.0592 0.6113 0.0592 
0.0930 0.0000 0.8535 0.0535 
0.1859 0.0000 0.8141 0.0000 
0.0000 0.0000 1.0000 0.0000 
0.0000 0.0000 1.0000 0.0000 
0.2704 0.5887 0.0000 0.1408 
0.0000 0.0000 1.0000 0.0000 
0.0000 0.0000 1.0000 0.0000 
0.1746 0.0000 0.8254 0.0000 
0.1831 0.0310 0.7859 0.0000 
0.1944 0.5634 0.1465 0.0958 
0.2901 0.2141 0.2789 0.2169 
0.2507 0.2901 0.2197 0.2394 

MOTIF filter11 
letter-probability matrix: alength= 4 w= 13 nsites= 13 
0.2267 0.2617 0.2178 0.2938 
0.0375 0.0772 0.0298 0.8555 
0.0242 0.0231 0.1064 0.8463 
0.2461 0.6962 0.0296 0.0281 
0.0697 0.5746 0.0202 0.3354 
0.2401 0.2469 0.2619 0.2511 
0.3390 0.0142 0.5719 0.0750 
0.0327 0.0414 0.6860 0.2399 
0.8286 0.1097 0.0275 0.0341 
0.8486 0.0573 0.0637 0.0304 
0.3477 0.1997 0.2384 0.2142 
0.2342 0.2613 0.2415 0.2630 
0.2451 0.2492 0.2588 0.2469 

MOTIF filter12 
letter-probability matrix: alength= 4 w= 15 nsites= 15 
0.2113 0.2566 0.2491 0.2830 
0.1132 0.1358 0.4528 0.2981 
0.0038 0.5057 0.2377 0.2528 
0.0189 0.7698 0.0981 0.1132 
0.7321 0.0226 0.2377 0.0075 
0.0000 0.9434 0.0189 0.0377 
0.0000 0.0000 0.0000 1.0000 
0.0000 0.0000 0.0000 1.0000 
0.0000 1.0000 0.0000 0.0000 
0.0000 1.0000 0.0000 0.0000 
0.0000 0.0000 0.9811 0.0189 
0.0000 0.1434 0.8528 0.0038 
0.2415 0.2151 0.2755 0.2679 
0.2340 0.2453 0.2642 0.2566 
0.2830 0.1849 0.2491 0.2830 

MOTIF filter13 
letter-probability matrix: alength= 4 w= 12 nsites= 12 
0.2454 0.2573 0.2365 0.2608 
0.2733 0.2525 0.2377 0.2365 
0.2555 0.2204 0.2472 0.2769 
0.6381 0.0000 0.0000 0.3619 
0.0000 0.0000 0.0000 1.0000 
0.0000 0.0463 0.0000 0.9537 
0.9370 0.0000 0.0630 0.0000 
1.0000 0.0000 0.0000 0.0000 
0.3725 0.0000 0.0000 0.6275 
0.2775 0.2371 0.2365 0.2490 
0.2448 0.2389 0.2674 0.2490 
0.2715 0.2418 0.2365 0.2501 

MOTIF filter14 
letter-probability matrix: alength= 4 w= 13 nsites= 13 
0.2911 0.2394 0.2793 0.1901 
0.2770 0.3099 0.2207 0.1925 
0.0634 0.2230 0.4765 0.2371 
0.0000 0.7864 0.0235 0.1901 
0.0047 0.8122 0.0000 0.1831 
0.0000 1.0000 0.0000 0.0000 
0.0000 1.0000 0.0000 0.0000 
0.1033 0.0000 0.5962 0.3005 
0.0000 1.0000 0.0000 0.0000 
0.0000 1.0000 0.0000 0.0000 
0.0000 0.8169 0.0000 0.1831 
0.0657 0.8005 0.0000 0.1338 
0.0423 0.6197 0.0610 0.2770 

MOTIF filter15 
letter-probability matrix: alength= 4 w= 16 nsites= 16 
0.2460 0.2540 0.2218 0.2782 
0.1774 0.7137 0.0685 0.0403 
0.9960 0.0000 0.0040 0.0000 
0.9960 0.0000 0.0040 0.0000 
0.4194 0.0806 0.5000 0.0000 
1.0000 0.0000 0.0000 0.0000 
0.0000 0.0000 0.0000 1.0000 
0.0000 0.0000 1.0000 0.0000 
0.0000 0.0000 1.0000 0.0000 
0.0565 0.9073 0.0000 0.0363 
0.0968 0.1895 0.4556 0.2581 
0.0524 0.0403 0.8427 0.0645 
0.0968 0.8185 0.0161 0.0685 
0.2419 0.1976 0.2177 0.3427 
0.1935 0.2661 0.3065 0.2339 
0.2379 0.2258 0.3105 0.2258 

MOTIF filter16 
letter-probability matrix: alength= 4 w= 12 nsites= 12 
0.2334 0.2713 0.2413 0.2539 
0.5063 0.1688 0.2603 0.0647 
0.1782 0.3880 0.3486 0.0852 
0.0000 1.0000 0.0000 0.0000 
1.0000 0.0000 0.0000 0.0000 
0.0000 1.0000 0.0000 0.0000 
0.0000 0.0000 1.0000 0.0000 
0.0000 0.0000 0.0000 1.0000 
0.0000 0.0000 1.0000 0.0000 
0.0568 0.3360 0.3549 0.2524 
0.0915 0.2129 0.1656 0.5300 
0.2539 0.2350 0.2366 0.2744 

MOTIF filter17 
letter-probability matrix: alength= 4 w= 18 nsites= 18 
0.2406 0.2219 0.2531 0.2844 
0.2344 0.3094 0.2656 0.1906 
0.3031 0.2406 0.2125 0.2438 
0.1250 0.7156 0.1063 0.0531 
1.0000 0.0000 0.0000 0.0000 
0.9844 0.0000 0.0156 0.0000 
0.4375 0.0500 0.4875 0.0250 
1.0000 0.0000 0.0000 0.0000 
0.0000 0.0000 0.0000 1.0000 
0.0000 0.0000 1.0000 0.0000 
0.0000 0.0000 1.0000 0.0000 
0.0344 0.8687 0.0000 0.0969 
0.1156 0.1875 0.4375 0.2594 
0.0750 0.0938 0.7656 0.0656 
0.1250 0.7812 0.0125 0.0812 
0.2781 0.2375 0.2156 0.2688 
0.2469 0.2344 0.3000 0.2188 
0.2688 0.2438 0.2719 0.2156 

MOTIF filter18 
letter-probability matrix: alength= 4 w= 17 nsites= 17 
0.3984 0.3918 0.0752 0.1346 
0.0000 0.9987 0.0013 0.0000 
0.0000 0.9960 0.0013 0.0026 
0.8338 0.0013 0.0026 0.1623 
0.0092 0.0000 0.0000 0.9908 
0.9987 0.0000 0.0013 0.0000 
0.0000 0.0000 0.0013 0.9987 
0.9881 0.0000 0.0000 0.0119 
0.1385 0.0013 0.0000 0.8602 
0.0013 0.0040 0.9947 0.0000 
0.0000 0.0026 0.9960 0.0013 
0.0989 0.0633 0.3958 0.4420 
0.2203 0.6966 0.0778 0.0053 
0.7625 0.0145 0.0501 0.1728 
0.2388 0.2770 0.2414 0.2427 
0.2164 0.2612 0.2639 0.2586 
0.2480 0.2348 0.2810 0.2361 

MOTIF filter19 
letter-probability matrix: alength= 4 w= 14 nsites= 14 
0.1196 0.5951 0.1687 0.1166 
0.3129 0.3620 0.2147 0.1104 
0.0337 0.0000 0.8712 0.0951 
0.0000 1.0000 0.0000 0.0000 
0.0000 1.0000 0.0000 0.0000 
1.0000 0.0000 0.0000 0.0000 
0.0000 0.0000 0.0000 1.0000 
0.0184 0.4663 0.1626 0.3528 
0.0000 0.0000 0.0000 1.0000 
0.0000 0.0000 0.0000 1.0000 
0.0613 0.0460 0.7607 0.1319 
0.3067 0.2393 0.2331 0.2209 
0.2086 0.2853 0.2607 0.2454 
0.2270 0.3067 0.2209 0.2454 

MOTIF filter20 
letter-probability matrix: alength= 4 w= 12 nsites= 12 
0.1354 0.5110 0.1547 0.1989 
0.7044 0.0028 0.2735 0.0193 
0.0000 0.9945 0.0000 0.0055 
0.0000 0.0000 0.0000 1.0000 
0.0000 0.0000 0.0000 1.0000 
0.0000 1.0000 0.0000 0.0000 
0.0000 1.0000 0.0000 0.0000 
0.0000 0.0000 0.9972 0.0028 
0.0000 0.1547 0.8453 0.0000 
0.2956 0.1906 0.2348 0.2790 
0.2956 0.2238 0.2320 0.2486 
0.2514 0.2376 0.2403 0.2707 

MOTIF filter21 
letter-probability matrix: alength= 4 w= 20 nsites= 20 
0.5000 0.0000 0.3333 0.1667 
0.1667 0.0000 0.8333 0.0000 
0.0000 0.5000 0.1667 0.3333 
0.0000 0.1667 0.8333 0.0000 
0.5000 0.5000 0.0000 0.0000 
0.0000 0.0000 0.5000 0.5000 
0.5000 0.5000 0.0000 0.0000 
0.3333 0.3333 0.0000 0.3333 
0.3333 0.0000 0.6667 0.0000 
0.0000 0.0000 0.0000 1.0000 
0.1667 0.1667 0.0000 0.6667 
0.0000 0.3333 0.0000 0.6667 
0.0000 0.0000 1.0000 0.0000 
0.0000 0.5000 0.1667 0.3333 
1.0000 0.0000 0.0000 0.0000 
0.3333 0.3333 0.0000 0.3333 
0.0000 0.6667 0.0000 0.3333 
0.0000 0.5000 0.5000 0.0000 
0.0000 0.3333 0.0000 0.6667 
0.1667 0.3333 0.5000 0.0000 

MOTIF filter22 
letter-probability matrix: alength= 4 w= 18 nsites= 18 
0.2895 0.2675 0.1974 0.2456 
0.2675 0.2851 0.2456 0.2018 
0.2193 0.2719 0.2456 0.2632 
0.1228 0.0000 0.7675 0.1096 
0.0570 0.8246 0.0746 0.0439 
0.2675 0.3465 0.2851 0.1009 
0.0351 0.0000 0.9211 0.0439 
0.0000 1.0000 0.0000 0.0000 
0.0000 1.0000 0.0000 0.0000 
1.0000 0.0000 0.0000 0.0000 
0.0000 0.0000 0.0000 1.0000 
0.0044 0.4825 0.1140 0.3991 
0.0000 0.0219 0.0000 0.9781 
0.0000 0.0175 0.0000 0.9825 
0.0395 0.1009 0.7763 0.0833 
0.2763 0.2061 0.2675 0.2500 
0.2061 0.2675 0.2368 0.2895 
0.2237 0.2851 0.2500 0.2412 

MOTIF filter23 
letter-probability matrix: alength= 4 w= 15 nsites= 15 
0.2463 0.2346 0.2610 0.2581 
0.2229 0.2434 0.2874 0.2463 
0.2463 0.0352 0.6510 0.0674 
0.1320 0.0000 0.8035 0.0645 
0.1584 0.0000 0.8416 0.0000 
0.0000 0.0000 1.0000 0.0000 
0.0000 0.0000 1.0000 0.0000 
0.3050 0.5718 0.0000 0.1232 
0.0000 0.0000 1.0000 0.0000 
0.0000 0.0000 1.0000 0.0000 
0.1496 0.0000 0.8504 0.0000 
0.2053 0.0088 0.7859 0.0000 
0.1525 0.5865 0.1877 0.0733 
0.2786 0.1848 0.2874 0.2493 
0.2287 0.3109 0.2141 0.2463 

MOTIF filter24 
letter-probability matrix: alength= 4 w= 14 nsites= 14 
0.2629 0.2446 0.2240 0.2686 
0.1749 0.2034 0.1063 0.5154 
0.0114 0.0126 0.0000 0.9760 
0.0080 0.0000 0.0091 0.9829 
0.0286 0.9326 0.0069 0.0320 
0.0126 0.7029 0.0091 0.2754 
0.3394 0.1417 0.2206 0.2983 
0.2709 0.0000 0.7143 0.0149 
0.0000 0.0000 0.9714 0.0286 
0.9611 0.0286 0.0103 0.0000 
0.9817 0.0057 0.0057 0.0069 
0.5131 0.1314 0.1509 0.2046 
0.2011 0.2926 0.2640 0.2423 
0.2126 0.2240 0.2789 0.2846 

MOTIF filter25 
letter-probability matrix: alength= 4 w= 19 nsites= 19 
0.2289 0.2386 0.2675 0.2651 
0.2060 0.2843 0.2783 0.2313 
0.2855 0.2386 0.2241 0.2518 
0.1590 0.0687 0.0386 0.7337 
0.0277 0.0843 0.6663 0.2217 
0.4217 0.3904 0.0663 0.1217 
0.0012 0.9988 0.0000 0.0000 
0.0000 0.9904 0.0024 0.0072 
0.8301 0.0012 0.0084 0.1602 
0.0181 0.0000 0.0000 0.9819 
0.9988 0.0012 0.0000 0.0000 
0.0000 0.0000 0.0012 0.9988 
0.9892 0.0000 0.0000 0.0108 
0.1410 0.0012 0.0000 0.8578 
0.0024 0.0048 0.9928 0.0000 
0.0000 0.0000 1.0000 0.0000 
0.1145 0.0687 0.3940 0.4229 
0.2193 0.6590 0.0904 0.0313 
0.7277 0.0289 0.0663 0.1771 

MOTIF filter26 
letter-probability matrix: alength= 4 w= 16 nsites= 16 
0.3827 0.2190 0.1947 0.2035 
0.0929 0.3562 0.1217 0.4292 
0.0708 0.3208 0.3717 0.2367 
0.4137 0.1416 0.4403 0.0044 
0.5664 0.0111 0.3717 0.0509 
0.0000 1.0000 0.0000 0.0000 
0.0000 1.0000 0.0000 0.0000 
1.0000 0.0000 0.0000 0.0000 
1.0000 0.0000 0.0000 0.0000 
0.0000 0.0000 0.0000 1.0000 
0.0310 0.7522 0.2146 0.0022 
0.8142 0.0044 0.1814 0.0000 
0.0885 0.0885 0.8075 0.0155 
0.2035 0.2677 0.2456 0.2832 
0.2677 0.2058 0.2677 0.2588 
0.2301 0.2788 0.2257 0.2655 

MOTIF filter27 
letter-probability matrix: alength= 4 w= 18 nsites= 18 
0.2409 0.2683 0.2348 0.2561 
0.2774 0.2226 0.2591 0.2409 
0.2348 0.2805 0.2409 0.2439 
0.5183 0.0122 0.1341 0.3354 
0.6524 0.0152 0.0457 0.2866 
0.4421 0.0000 0.0274 0.5305 
0.3018 0.1524 0.1402 0.4055 
0.0122 0.0000 0.0000 0.9878 
0.0000 0.0000 1.0000 0.0000 
0.0122 0.9878 0.0000 0.0000 
0.0000 0.0000 0.0000 1.0000 
0.0000 0.0000 0.9909 0.0091 
1.0000 0.0000 0.0000 0.0000 
0.0244 0.5152 0.3079 0.1524 
0.1890 0.1341 0.0488 0.6280 
0.1890 0.3750 0.1250 0.3110 
0.5122 0.0518 0.2104 0.2256 
0.1616 0.0457 0.5518 0.2409 

MOTIF filter28 
letter-probability matrix: alength= 4 w= 16 nsites= 16 
0.2650 0.1709 0.3305 0.2336 
0.6011 0.0684 0.1339 0.1966 
0.1766 0.3219 0.4758 0.0256 
0.0000 0.0000 0.0000 1.0000 
0.0085 0.9915 0.0000 0.0000 
1.0000 0.0000 0.0000 0.0000 
0.0000 0.0000 1.0000 0.0000 
0.0000 1.0000 0.0000 0.0000 
0.9915 0.0000 0.0000 0.0085 
0.4359 0.1624 0.1282 0.2735 
0.4103 0.0570 0.0114 0.5214 
0.3960 0.0741 0.0000 0.5299 
0.3020 0.1225 0.0199 0.5556 
0.2849 0.2336 0.2393 0.2422 
0.2707 0.2877 0.2108 0.2308 
0.2108 0.2991 0.2564 0.2336 

MOTIF filter29 
letter-probability matrix: alength= 4 w= 15 nsites= 15 
0.2785 0.3038 0.2127 0.2051 
0.2684 0.2684 0.2228 0.2405 
0.2354 0.2456 0.2532 0.2658 
0.0101 0.8076 0.0861 0.0962 
0.0000 0.1873 0.0000 0.8127 
0.0000 0.2481 0.7291 0.0228 
1.0000 0.0000 0.0000 0.0000 
0.0000 0.0000 0.0000 1.0000 
0.0000 0.0000 0.0000 1.0000 
0.0000 0.0000 1.0000 0.0000 
0.0000 0.0000 1.0000 0.0000 
0.0456 0.3924 0.0101 0.5519 
0.0177 0.4253 0.1443 0.4127 
0.1975 0.4203 0.3063 0.0759 
0.4709 0.1367 0.3215 0.0709 

MOTIF filter30 
letter-probability matrix: alength= 4 w= 16 nsites= 16 
0.2642 0.1952 0.2366 0.3040 
0.2522 0.2504 0.2815 0.2159 
0.2159 0.1865 0.1606 0.4370 
0.0501 0.1054 0.0708 0.7737 
0.0190 0.0345 0.0501 0.8964 
0.0259 0.5786 0.0380 0.3575 
0.0069 0.9758 0.0155 0.0017 
0.0035 0.7392 0.0570 0.2003 
0.1693 0.0000 0.8256 0.0052 
0.0000 0.0000 0.9983 0.0017 
0.7789 0.0000 0.2211 0.0000 
1.0000 0.0000 0.0000 0.0000 
0.5389 0.0518 0.3886 0.0207 
0.2435 0.2418 0.1572 0.3575 
0.2435 0.2073 0.3765 0.1727 
0.2781 0.2781 0.2832 0.1606 

MOTIF filter31 
letter-probability matrix: alength= 4 w= 16 nsites= 16 
0.2245 0.2645 0.2562 0.2548 
0.2466 0.2576 0.2521 0.2438 
0.2507 0.2452 0.2452 0.2590 
0.5193 0.1129 0.3595 0.0083 
0.0000 0.0000 0.0000 1.0000 
0.0000 0.0000 0.0317 0.9683 
0.2906 0.0000 0.6446 0.0647 
0.0000 0.9380 0.0000 0.0620 
0.0551 0.0000 0.9449 0.0000 
0.0537 0.6983 0.0000 0.2479 
0.9793 0.0207 0.0000 0.0000 
1.0000 0.0000 0.0000 0.0000 
0.0055 0.3540 0.1185 0.5220 
0.2755 0.2576 0.2782 0.1887 
0.2300 0.2107 0.2672 0.2920 
0.2617 0.2231 0.2755 0.2397 

