MEME version 4

ALPHABET= ACGT

Background letter frequencies:
A 0.2500 C 0.2500 G 0.2500 T 0.2500 

MOTIF filter0 
letter-probability matrix: alength= 4 w= 12 nsites= 12 
0.2109 0.2374 0.2377 0.3140 
0.2273 0.2342 0.2063 0.3323 
0.1923 0.3319 0.2008 0.2750 
0.0672 0.8506 0.0335 0.0486 
0.0001 0.2162 0.6471 0.1366 
0.0444 0.3690 0.5031 0.0835 
0.3623 0.0000 0.3991 0.2386 
0.9963 0.0000 0.0036 0.0001 
0.0807 0.2662 0.6272 0.0260 
0.1789 0.3160 0.2772 0.2278 
0.1527 0.3152 0.2580 0.2741 
0.2792 0.3244 0.1003 0.2960 

MOTIF filter1 
letter-probability matrix: alength= 4 w= 12 nsites= 12 
0.1262 0.2332 0.3019 0.3387 
0.0329 0.4718 0.3767 0.1186 
0.1552 0.5066 0.2182 0.1200 
0.4312 0.0018 0.4374 0.1297 
0.0148 0.7409 0.2161 0.0282 
0.4096 0.0000 0.0000 0.5904 
0.6434 0.0887 0.0000 0.2679 
0.0008 0.3331 0.6563 0.0099 
0.1625 0.3740 0.0003 0.4632 
0.1032 0.2956 0.4189 0.1823 
0.2725 0.3050 0.2913 0.1311 
0.2046 0.2569 0.2595 0.2790 

MOTIF filter2 
letter-probability matrix: alength= 4 w= 12 nsites= 12 
0.3415 0.1435 0.3257 0.1892 
0.2269 0.5109 0.1429 0.1193 
0.1345 0.3264 0.1956 0.3435 
0.7741 0.0427 0.1610 0.0222 
0.0477 0.0239 0.0286 0.8998 
0.2992 0.6370 0.0545 0.0094 
0.0007 0.1388 0.5603 0.3002 
0.8040 0.1217 0.0003 0.0739 
0.0874 0.0662 0.0232 0.8232 
0.3882 0.1297 0.4343 0.0477 
0.0669 0.1543 0.5351 0.2437 
0.2027 0.2669 0.0965 0.4339 

MOTIF filter3 
letter-probability matrix: alength= 4 w= 15 nsites= 15 
0.2486 0.2373 0.2599 0.2542 
0.2373 0.2693 0.2580 0.2354 
0.2655 0.0998 0.5556 0.0791 
0.1488 0.0000 0.7175 0.1337 
0.2147 0.0000 0.7853 0.0000 
0.0000 0.0019 0.9981 0.0000 
0.0000 0.0000 1.0000 0.0000 
0.2938 0.5235 0.0000 0.1827 
0.0000 0.0000 1.0000 0.0000 
0.0000 0.0000 1.0000 0.0000 
0.2392 0.0000 0.7571 0.0038 
0.2298 0.0565 0.7137 0.0000 
0.1996 0.4972 0.1864 0.1168 
0.2712 0.2147 0.2674 0.2467 
0.2316 0.3013 0.2128 0.2542 

MOTIF filter4 
letter-probability matrix: alength= 4 w= 15 nsites= 15 
0.3253 0.1811 0.2119 0.2817 
0.3666 0.2840 0.1029 0.2464 
0.2667 0.2044 0.0841 0.4448 
0.0466 0.0533 0.0631 0.8370 
0.0909 0.0068 0.3306 0.5718 
0.1330 0.7258 0.1330 0.0083 
0.0000 0.2322 0.0000 0.7678 
0.1104 0.4380 0.3373 0.1142 
0.7896 0.0000 0.2006 0.0098 
0.0030 0.0939 0.7844 0.1187 
0.4470 0.4463 0.0060 0.1007 
0.9437 0.0361 0.0128 0.0075 
0.5004 0.1563 0.1112 0.2322 
0.3103 0.1360 0.1555 0.3982 
0.3231 0.1938 0.1180 0.3651 

MOTIF filter5 
letter-probability matrix: alength= 4 w= 12 nsites= 12 
0.2841 0.2242 0.2489 0.2429 
0.2577 0.1982 0.3357 0.2084 
0.3316 0.2943 0.2766 0.0975 
0.0765 0.7111 0.1609 0.0515 
0.0080 0.8932 0.0072 0.0916 
0.4989 0.0301 0.1576 0.3134 
0.0518 0.5839 0.0591 0.3052 
0.4873 0.0000 0.5127 0.0000 
0.0000 0.4461 0.1183 0.4355 
0.3135 0.2760 0.2740 0.1366 
0.1918 0.2774 0.2181 0.3127 
0.1918 0.2774 0.2722 0.2586 

MOTIF filter6 
letter-probability matrix: alength= 4 w= 13 nsites= 13 
0.1839 0.4106 0.1539 0.2515 
0.2522 0.3272 0.1304 0.2902 
0.3617 0.1913 0.3990 0.0480 
0.3069 0.5826 0.0064 0.1040 
0.0003 0.0419 0.1575 0.8003 
0.0006 0.0010 0.2003 0.7981 
0.5862 0.4138 0.0000 0.0000 
0.8248 0.1729 0.0023 0.0000 
0.0551 0.0006 0.6467 0.2976 
0.0216 0.5710 0.2709 0.1366 
0.4457 0.1330 0.1842 0.2370 
0.2940 0.2602 0.2042 0.2415 
0.2908 0.2106 0.2126 0.2860 

MOTIF filter7 
letter-probability matrix: alength= 4 w= 18 nsites= 18 
0.2327 0.2928 0.2882 0.1863 
0.2253 0.2161 0.2248 0.3337 
0.1267 0.2137 0.0745 0.5851 
0.0580 0.0311 0.4240 0.4870 
0.3946 0.5159 0.0418 0.0476 
0.0087 0.5818 0.0219 0.3876 
0.3487 0.6116 0.0157 0.0240 
0.3896 0.0000 0.3222 0.2882 
0.1516 0.0021 0.2849 0.5615 
0.8998 0.0000 0.0012 0.0990 
0.4977 0.0008 0.0000 0.5014 
0.5511 0.0037 0.2526 0.1925 
0.4484 0.0634 0.0041 0.4841 
0.0870 0.0269 0.8377 0.0484 
0.2099 0.1296 0.6141 0.0464 
0.2058 0.2058 0.2907 0.2977 
0.2460 0.4576 0.1433 0.1532 
0.4725 0.1068 0.1727 0.2480 

MOTIF filter8 
letter-probability matrix: alength= 4 w= 11 nsites= 11 
0.2496 0.2535 0.2342 0.2627 
0.2098 0.2677 0.2687 0.2538 
0.4623 0.1239 0.3205 0.0932 
0.6635 0.0243 0.3122 0.0000 
0.0695 0.6364 0.2934 0.0006 
0.3059 0.3403 0.3421 0.0117 
0.0000 0.2085 0.0900 0.7015 
0.0000 0.0043 0.5634 0.4323 
0.1636 0.3386 0.1226 0.3752 
0.1977 0.3511 0.1178 0.3334 
0.2642 0.2432 0.2385 0.2541 

MOTIF filter9 
letter-probability matrix: alength= 4 w= 12 nsites= 12 
0.2476 0.2039 0.2315 0.3170 
0.3218 0.1946 0.3574 0.1261 
0.3088 0.1732 0.3622 0.1558 
0.0000 0.9999 0.0000 0.0001 
0.4233 0.1512 0.0003 0.4252 
0.1516 0.4716 0.3589 0.0179 
0.4419 0.0364 0.5217 0.0000 
0.0490 0.0552 0.0020 0.8938 
0.0000 0.2975 0.6737 0.0288 
0.3482 0.2239 0.2326 0.1953 
0.2335 0.1903 0.2933 0.2829 
0.2564 0.2037 0.1987 0.3413 

MOTIF filter10 
letter-probability matrix: alength= 4 w= 10 nsites= 10 
0.3656 0.2278 0.3493 0.0573 
0.1998 0.4977 0.0886 0.2139 
0.4579 0.0005 0.2257 0.3159 
0.0011 0.9619 0.0370 0.0000 
0.3295 0.0000 0.0969 0.5736 
0.1942 0.0482 0.6842 0.0734 
0.1383 0.3475 0.0003 0.5140 
0.4015 0.1932 0.1075 0.2979 
0.2843 0.2714 0.2454 0.1989 
0.2374 0.1773 0.2744 0.3108 

MOTIF filter11 
letter-probability matrix: alength= 4 w= 13 nsites= 13 
0.2520 0.2439 0.2409 0.2632 
0.2298 0.2295 0.2933 0.2475 
0.3472 0.2093 0.3615 0.0821 
0.1337 0.0519 0.1285 0.6859 
0.0573 0.0096 0.8125 0.1206 
0.8148 0.0738 0.0665 0.0449 
0.0757 0.4327 0.4649 0.0267 
0.0404 0.0000 0.0961 0.8635 
0.1140 0.7017 0.0507 0.1336 
0.7209 0.0721 0.0640 0.1431 
0.0534 0.3504 0.2707 0.3255 
0.2330 0.3018 0.2398 0.2253 
0.2460 0.2363 0.2692 0.2484 

MOTIF filter12 
letter-probability matrix: alength= 4 w= 10 nsites= 10 
0.1900 0.2915 0.2533 0.2652 
0.2579 0.4080 0.3162 0.0179 
0.5195 0.1271 0.3118 0.0417 
0.0000 0.2766 0.0000 0.7234 
0.0045 0.4459 0.2441 0.3055 
0.9035 0.0000 0.0402 0.0563 
0.1604 0.0031 0.8366 0.0000 
0.0725 0.3533 0.1241 0.4501 
0.1558 0.3294 0.1360 0.3789 
0.3312 0.2195 0.1767 0.2726 

MOTIF filter13 
letter-probability matrix: alength= 4 w= 11 nsites= 11 
0.3468 0.2015 0.2221 0.2296 
0.2243 0.2722 0.1884 0.3150 
0.3584 0.1917 0.0926 0.3573 
0.0627 0.1449 0.0765 0.7159 
0.1593 0.8393 0.0000 0.0015 
0.0027 0.3283 0.0348 0.6342 
0.3226 0.0000 0.6264 0.0510 
0.0000 0.0028 0.8383 0.1590 
0.3006 0.2428 0.1237 0.3329 
0.3454 0.2164 0.2368 0.2014 
0.3027 0.1706 0.2887 0.2380 

MOTIF filter14 
letter-probability matrix: alength= 4 w= 10 nsites= 10 
0.3507 0.2234 0.2061 0.2197 
0.3663 0.1277 0.2351 0.2709 
0.0450 0.3719 0.1045 0.4785 
0.0001 0.3571 0.1720 0.4708 
0.5771 0.0009 0.4012 0.0208 
0.5237 0.0077 0.0000 0.4686 
0.0178 0.1699 0.0054 0.8069 
0.3247 0.3414 0.3303 0.0036 
0.3558 0.1556 0.4264 0.0622 
0.2321 0.2712 0.1261 0.3707 

MOTIF filter15 
letter-probability matrix: alength= 4 w= 15 nsites= 15 
0.2392 0.2639 0.2439 0.2530 
0.2582 0.2378 0.3010 0.2030 
0.1217 0.2392 0.2810 0.3581 
0.0000 0.1902 0.0005 0.8093 
0.0000 0.2292 0.0000 0.7708 
0.0637 0.9363 0.0000 0.0000 
0.0571 0.8483 0.0005 0.0942 
0.2078 0.1165 0.3424 0.3333 
0.1160 0.4318 0.4479 0.0043 
0.0000 0.4475 0.5021 0.0504 
0.6776 0.2748 0.0000 0.0476 
0.6885 0.2825 0.0000 0.0290 
0.3319 0.4189 0.0970 0.1522 
0.2282 0.3096 0.2710 0.1912 
0.2273 0.2825 0.2553 0.2349 

MOTIF filter16 
letter-probability matrix: alength= 4 w= 14 nsites= 14 
0.2371 0.2653 0.2646 0.2330 
0.2762 0.2507 0.2333 0.2398 
0.4442 0.1639 0.3435 0.0483 
0.0303 0.0190 0.0204 0.9303 
0.0146 0.0170 0.1401 0.8282 
0.3245 0.0245 0.5088 0.1422 
0.0724 0.7133 0.0388 0.1755 
0.1986 0.0670 0.6963 0.0381 
0.1616 0.5837 0.0041 0.2507 
0.8231 0.1367 0.0238 0.0163 
0.9663 0.0122 0.0092 0.0122 
0.0571 0.3109 0.1561 0.4759 
0.2476 0.2561 0.2793 0.2170 
0.2299 0.2238 0.2629 0.2833 

MOTIF filter17 
letter-probability matrix: alength= 4 w= 13 nsites= 13 
0.2191 0.2652 0.2414 0.2742 
0.2162 0.2245 0.3535 0.2058 
0.3250 0.3236 0.3114 0.0400 
0.0342 0.1196 0.0371 0.8090 
0.0068 0.0670 0.8796 0.0465 
0.9640 0.0259 0.0065 0.0036 
0.0562 0.4454 0.3924 0.1059 
0.0011 0.0180 0.0011 0.9798 
0.0014 0.8710 0.1095 0.0180 
0.7665 0.0205 0.1942 0.0187 
0.0281 0.3604 0.2220 0.3895 
0.1766 0.3254 0.2317 0.2663 
0.2915 0.2404 0.2231 0.2450 

MOTIF filter18 
letter-probability matrix: alength= 4 w= 11 nsites= 11 
0.3784 0.4654 0.1170 0.0393 
0.5510 0.0837 0.1608 0.2045 
0.4177 0.0771 0.4416 0.0636 
0.2529 0.5829 0.0000 0.1642 
0.0228 0.5929 0.0008 0.3835 
0.4456 0.0025 0.5371 0.0148 
0.0875 0.0011 0.8282 0.0832 
0.0370 0.8508 0.0114 0.1008 
0.2808 0.1075 0.1671 0.4447 
0.1289 0.1604 0.2911 0.4196 
0.3097 0.2850 0.1232 0.2821 

MOTIF filter19 
letter-probability matrix: alength= 4 w= 15 nsites= 15 
0.2067 0.1799 0.3283 0.2850 
0.1553 0.3855 0.2230 0.2362 
0.1587 0.1369 0.1508 0.5537 
0.5980 0.0258 0.1654 0.2108 
0.2931 0.2161 0.1972 0.2936 
0.3599 0.0000 0.3807 0.2594 
0.5875 0.0503 0.2960 0.0663 
0.2091 0.0067 0.0000 0.7842 
0.0000 0.1005 0.3355 0.5640 
0.5291 0.3151 0.0000 0.1558 
0.0866 0.0091 0.7789 0.1254 
0.0806 0.5958 0.0043 0.3192 
0.5642 0.3001 0.0727 0.0629 
0.3623 0.1857 0.4015 0.0505 
0.3233 0.1809 0.2175 0.2783 

MOTIF filter20 
letter-probability matrix: alength= 4 w= 11 nsites= 11 
0.1213 0.3274 0.1202 0.4311 
0.1107 0.1977 0.2627 0.4289 
0.3086 0.0000 0.2786 0.4128 
0.0000 0.1826 0.8170 0.0004 
0.3694 0.0000 0.3464 0.2841 
0.0602 0.8144 0.0106 0.1147 
0.1920 0.6330 0.0015 0.1736 
0.6571 0.1458 0.1007 0.0964 
0.3442 0.4380 0.0033 0.2144 
0.1847 0.2885 0.2477 0.2791 
0.2585 0.2019 0.2089 0.3307 

MOTIF filter21 
letter-probability matrix: alength= 4 w= 13 nsites= 13 
0.0573 0.4125 0.2583 0.2718 
0.1741 0.2018 0.1540 0.4701 
0.1155 0.3286 0.2599 0.2960 
0.1800 0.8200 0.0000 0.0000 
0.0480 0.6881 0.0000 0.2639 
0.3541 0.1003 0.0066 0.5389 
0.3393 0.0005 0.6517 0.0085 
0.0000 0.0000 0.6682 0.3318 
0.6437 0.2745 0.0329 0.0488 
0.6321 0.0828 0.0629 0.2222 
0.1590 0.1938 0.5922 0.0550 
0.1938 0.2384 0.4585 0.1094 
0.2264 0.2416 0.2097 0.3223 

MOTIF filter22 
letter-probability matrix: alength= 4 w= 15 nsites= 15 
0.1836 0.3141 0.2527 0.2496 
0.2318 0.3057 0.2558 0.2067 
0.1210 0.4583 0.2883 0.1324 
0.0000 0.5025 0.2597 0.2378 
0.2384 0.4024 0.1847 0.1745 
0.4092 0.3820 0.0889 0.1199 
0.1345 0.5209 0.1663 0.1783 
0.0003 0.7147 0.1811 0.1039 
0.0084 0.0397 0.9426 0.0094 
0.0055 0.1960 0.7984 0.0000 
0.0682 0.5218 0.0774 0.3327 
0.0011 0.4951 0.1603 0.3434 
0.2269 0.3834 0.2557 0.1339 
0.2721 0.2123 0.3262 0.1894 
0.3060 0.2043 0.2298 0.2600 

MOTIF filter23 
letter-probability matrix: alength= 4 w= 11 nsites= 11 
0.1941 0.2436 0.2319 0.3304 
0.2286 0.1572 0.1704 0.4438 
0.0987 0.1801 0.2199 0.5012 
0.1613 0.7062 0.0550 0.0776 
0.2484 0.7383 0.0000 0.0134 
0.0160 0.5654 0.4098 0.0088 
0.0053 0.0000 0.9731 0.0216 
0.1564 0.0000 0.5033 0.3403 
0.4930 0.1294 0.2679 0.1097 
0.5134 0.2554 0.1599 0.0713 
0.2052 0.2281 0.2084 0.3583 

MOTIF filter24 
letter-probability matrix: alength= 4 w= 15 nsites= 15 
0.1297 0.5003 0.2350 0.1350 
0.2931 0.0655 0.4983 0.1430 
0.2166 0.1989 0.3476 0.2370 
0.0064 0.6547 0.3386 0.0003 
0.9221 0.0040 0.0699 0.0040 
0.2938 0.0261 0.3155 0.3646 
0.1160 0.0043 0.3041 0.5755 
0.2209 0.0117 0.5789 0.1885 
0.0772 0.4926 0.0204 0.4098 
0.0097 0.3653 0.5866 0.0384 
0.2848 0.1611 0.4820 0.0722 
0.2540 0.6594 0.0324 0.0541 
0.2400 0.3793 0.2330 0.1477 
0.1648 0.2460 0.3078 0.2814 
0.2109 0.4425 0.0916 0.2550 

MOTIF filter25 
letter-probability matrix: alength= 4 w= 9 nsites= 9 
0.2742 0.3062 0.3652 0.0545 
0.3731 0.0941 0.3424 0.1905 
0.4347 0.1544 0.1896 0.2212 
0.1446 0.7734 0.0001 0.0819 
0.0045 0.6318 0.3637 0.0000 
0.1803 0.0111 0.7038 0.1048 
0.4669 0.1372 0.0669 0.3290 
0.1431 0.2449 0.0991 0.5129 
0.0352 0.3068 0.4841 0.1740 

MOTIF filter26 
letter-probability matrix: alength= 4 w= 17 nsites= 17 
0.1922 0.2743 0.2462 0.2873 
0.1882 0.3033 0.2482 0.2603 
0.1762 0.2783 0.2062 0.3393 
0.0581 0.0531 0.6937 0.1952 
0.0380 0.8078 0.0851 0.0691 
0.0771 0.7588 0.1141 0.0501 
0.0090 0.5105 0.3534 0.1271 
0.0951 0.8448 0.0210 0.0390 
0.0811 0.4655 0.1491 0.3043 
0.7598 0.2392 0.0010 0.0000 
0.0000 0.2913 0.0030 0.7057 
0.1411 0.5495 0.0781 0.2312 
0.0320 0.2342 0.0010 0.7327 
0.0030 0.0861 0.1421 0.7688 
0.1181 0.1141 0.6266 0.1411 
0.2132 0.2262 0.2553 0.3053 
0.2773 0.3093 0.2062 0.2072 

MOTIF filter27 
letter-probability matrix: alength= 4 w= 14 nsites= 14 
0.1917 0.1897 0.2592 0.3593 
0.0920 0.5789 0.1955 0.1337 
0.2229 0.2704 0.1052 0.4014 
0.5572 0.3505 0.0821 0.0102 
0.1313 0.5979 0.0000 0.2708 
0.8497 0.0000 0.0014 0.1490 
0.1625 0.4483 0.0081 0.3811 
0.4710 0.0000 0.4622 0.0668 
0.0000 0.0007 0.0020 0.9973 
0.4004 0.0000 0.5952 0.0044 
0.1286 0.0360 0.6620 0.1734 
0.1815 0.2956 0.3210 0.2019 
0.1225 0.3186 0.4347 0.1242 
0.2592 0.1826 0.2535 0.3047 

MOTIF filter28 
letter-probability matrix: alength= 4 w= 19 nsites= 19 
0.2420 0.2571 0.2245 0.2764 
0.3836 0.1097 0.2161 0.2906 
0.4590 0.0946 0.1474 0.2990 
0.3300 0.0276 0.0360 0.6064 
0.1340 0.0905 0.4397 0.3358 
0.2270 0.2018 0.0704 0.5008 
0.0000 0.6290 0.3710 0.0000 
0.0318 0.9673 0.0000 0.0008 
0.3116 0.0059 0.2831 0.3995 
0.0000 0.0000 0.6164 0.3836 
0.9975 0.0008 0.0017 0.0000 
0.1859 0.1943 0.0888 0.5310 
0.5268 0.0628 0.2052 0.2052 
0.0436 0.1893 0.0570 0.7102 
0.1809 0.0310 0.6767 0.1114 
0.0720 0.0486 0.8174 0.0620 
0.1817 0.2152 0.3635 0.2395 
0.2303 0.4296 0.2194 0.1206 
0.4598 0.1625 0.1859 0.1918 

MOTIF filter29 
letter-probability matrix: alength= 4 w= 15 nsites= 15 
0.2968 0.2399 0.2324 0.2310 
0.3139 0.2611 0.2371 0.1878 
0.1206 0.0651 0.5188 0.2954 
0.0027 0.9054 0.0110 0.0809 
0.0000 0.2029 0.0000 0.7971 
0.6888 0.3112 0.0000 0.0000 
0.1282 0.5469 0.0171 0.3077 
0.2659 0.0000 0.2735 0.4606 
0.2605 0.5182 0.0000 0.2214 
0.3016 0.5600 0.0000 0.1385 
0.0000 0.3153 0.0103 0.6744 
0.6333 0.3406 0.0027 0.0233 
0.1391 0.2769 0.4983 0.0857 
0.3379 0.4633 0.0624 0.1364 
0.2228 0.3379 0.1947 0.2447 

MOTIF filter30 
letter-probability matrix: alength= 4 w= 14 nsites= 14 
0.3638 0.1609 0.3069 0.1684 
0.2206 0.2658 0.2083 0.3053 
0.1983 0.2939 0.1690 0.3388 
0.5787 0.0350 0.3863 0.0000 
0.0253 0.2634 0.0005 0.7109 
0.0810 0.6023 0.3160 0.0008 
0.5318 0.1431 0.1494 0.1757 
0.1101 0.4038 0.2725 0.2136 
0.0024 0.1305 0.8446 0.0225 
0.1930 0.1366 0.3115 0.3589 
0.0387 0.3933 0.0721 0.4959 
0.2243 0.2947 0.2268 0.2541 
0.2620 0.2119 0.2621 0.2640 
0.2368 0.2534 0.1847 0.3251 

MOTIF filter31 
letter-probability matrix: alength= 4 w= 12 nsites= 12 
0.1946 0.2863 0.2773 0.2418 
0.1434 0.3747 0.1912 0.2907 
0.5055 0.0095 0.2150 0.2700 
0.0328 0.7775 0.1788 0.0110 
0.2228 0.0910 0.3825 0.3037 
0.0491 0.1361 0.0014 0.8133 
0.2147 0.4223 0.3056 0.0574 
0.0582 0.8288 0.0032 0.1098 
0.0181 0.1952 0.6795 0.1072 
0.1563 0.3887 0.2543 0.2007 
0.4148 0.2614 0.1571 0.1667 
0.2492 0.2922 0.2865 0.1722 

