MEME version 4

ALPHABET= ACGT

Background letter frequencies:
A 0.2500 C 0.2500 G 0.2500 T 0.2500 

MOTIF filter0 
letter-probability matrix: alength= 4 w= 13 nsites= 13 
0.2481 0.2422 0.2591 0.2506 
0.2219 0.1747 0.3823 0.2211 
0.3916 0.1992 0.3730 0.0363 
0.0000 0.0000 0.0000 1.0000 
0.0000 0.0000 0.9586 0.0414 
1.0000 0.0000 0.0000 0.0000 
0.0177 0.4819 0.4827 0.0177 
0.0000 0.0017 0.0000 0.9983 
0.0380 0.9620 0.0000 0.0000 
0.9992 0.0008 0.0000 0.0000 
0.0287 0.3392 0.2371 0.3949 
0.2143 0.3544 0.1975 0.2338 
0.2447 0.2228 0.2827 0.2498 

MOTIF filter1 
letter-probability matrix: alength= 4 w= 16 nsites= 16 
0.2067 0.1590 0.1375 0.4969 
0.1632 0.1327 0.4423 0.2618 
0.3116 0.2377 0.1983 0.2524 
0.0325 0.6726 0.0960 0.1988 
0.0262 0.6390 0.0761 0.2587 
0.6941 0.0189 0.0677 0.2193 
0.0000 0.1779 0.0037 0.8185 
0.3851 0.0000 0.0005 0.6144 
0.0000 0.0740 0.0000 0.9260 
0.4701 0.4402 0.0000 0.0897 
0.1123 0.3589 0.0010 0.5278 
0.1805 0.0000 0.7891 0.0304 
0.0000 0.0420 0.9491 0.0089 
0.2455 0.1034 0.3877 0.2634 
0.4391 0.3736 0.1154 0.0719 
0.6364 0.0808 0.1217 0.1611 

MOTIF filter2 
letter-probability matrix: alength= 4 w= 18 nsites= 18 
0.2143 0.2805 0.2624 0.2429 
0.3023 0.2699 0.2323 0.1955 
0.2195 0.1158 0.0624 0.6023 
0.0955 0.0669 0.6707 0.1669 
0.4955 0.2872 0.0872 0.1301 
0.0436 0.9120 0.0308 0.0135 
0.0466 0.8323 0.1083 0.0128 
0.6286 0.0459 0.0361 0.2895 
0.1045 0.0015 0.0451 0.8489 
0.6820 0.1586 0.1511 0.0083 
0.0000 0.2797 0.0579 0.6624 
0.8241 0.1203 0.0075 0.0481 
0.3165 0.0023 0.0000 0.6812 
0.0090 0.0955 0.8827 0.0128 
0.0316 0.0000 0.9632 0.0053 
0.1346 0.1150 0.3383 0.4120 
0.2504 0.5977 0.0977 0.0541 
0.6030 0.0226 0.1173 0.2571 

MOTIF filter3 
letter-probability matrix: alength= 4 w= 11 nsites= 11 
0.4020 0.2528 0.3446 0.0006 
0.1661 0.0991 0.2686 0.4663 
0.0858 0.4678 0.2198 0.2265 
0.0595 0.6575 0.0897 0.1933 
0.0211 0.0682 0.7756 0.1352 
0.0000 0.0330 0.8361 0.1309 
0.4187 0.0730 0.0211 0.4872 
0.1699 0.8255 0.0033 0.0013 
0.0941 0.5252 0.2912 0.0895 
0.1590 0.2799 0.3024 0.2588 
0.1505 0.2486 0.4588 0.1421 

MOTIF filter4 
letter-probability matrix: alength= 4 w= 14 nsites= 14 
0.4445 0.1969 0.1145 0.2440 
0.2820 0.0385 0.1272 0.5523 
0.3893 0.1105 0.4115 0.0887 
0.1123 0.6247 0.0063 0.2567 
0.0389 0.0258 0.6053 0.3300 
0.0285 0.0267 0.6772 0.2675 
0.5609 0.3775 0.0109 0.0507 
0.5115 0.0978 0.1661 0.2245 
0.0299 0.0471 0.6306 0.2924 
0.0598 0.8696 0.0226 0.0480 
0.7198 0.1150 0.0960 0.0693 
0.3368 0.1784 0.3513 0.1335 
0.2838 0.3880 0.1621 0.1661 
0.3667 0.1227 0.0933 0.4174 

MOTIF filter5 
letter-probability matrix: alength= 4 w= 16 nsites= 16 
0.2456 0.2242 0.1754 0.3548 
0.1559 0.1631 0.4464 0.2346 
0.3119 0.2268 0.1611 0.3002 
0.0188 0.7771 0.1702 0.0338 
0.0188 0.9688 0.0052 0.0071 
0.5179 0.0026 0.4451 0.0344 
0.0104 0.2807 0.3054 0.4035 
0.7641 0.0000 0.0000 0.2359 
0.1572 0.0000 0.0000 0.8428 
0.4360 0.3164 0.2476 0.0000 
0.0637 0.3632 0.0026 0.5705 
0.0143 0.0104 0.9487 0.0266 
0.0793 0.1793 0.7329 0.0084 
0.1507 0.2086 0.3236 0.3171 
0.1657 0.5010 0.1988 0.1345 
0.4263 0.1865 0.1572 0.2300 

MOTIF filter6 
letter-probability matrix: alength= 4 w= 12 nsites= 12 
0.2530 0.2512 0.2375 0.2584 
0.2658 0.2402 0.2449 0.2491 
0.2527 0.2482 0.2405 0.2587 
0.6038 0.0003 0.0000 0.3959 
0.0000 0.0000 0.0000 1.0000 
0.0000 0.2625 0.0000 0.7375 
0.7279 0.0000 0.2703 0.0018 
1.0000 0.0000 0.0000 0.0000 
0.4045 0.0000 0.0009 0.5946 
0.2551 0.2375 0.2536 0.2539 
0.2506 0.2378 0.2670 0.2446 
0.2512 0.2539 0.2545 0.2405 

MOTIF filter7 
letter-probability matrix: alength= 4 w= 12 nsites= 12 
0.2396 0.2748 0.2648 0.2208 
0.4308 0.1931 0.2516 0.1245 
0.2384 0.2975 0.3409 0.1233 
0.0189 0.9736 0.0069 0.0006 
0.9509 0.0013 0.0465 0.0013 
0.0013 0.8717 0.0101 0.1170 
0.1063 0.0006 0.8849 0.0082 
0.0088 0.0270 0.0006 0.9635 
0.0013 0.0000 0.9937 0.0050 
0.1377 0.3145 0.3195 0.2283 
0.1591 0.2585 0.1799 0.4025 
0.2377 0.2453 0.2843 0.2327 

MOTIF filter8 
letter-probability matrix: alength= 4 w= 7 nsites= 7 
0.1040 0.1737 0.2725 0.4498 
0.1886 0.0437 0.1671 0.6005 
0.4544 0.0061 0.2473 0.2922 
0.0043 0.9423 0.0362 0.0172 
0.2889 0.3579 0.3531 0.0002 
0.0203 0.3035 0.1520 0.5242 
0.3197 0.2364 0.0000 0.4440 

MOTIF filter9 
letter-probability matrix: alength= 4 w= 9 nsites= 9 
0.4465 0.0712 0.2665 0.2158 
0.0599 0.2899 0.1070 0.5432 
0.1493 0.2336 0.5381 0.0789 
0.0688 0.0176 0.7822 0.1314 
0.0201 0.9293 0.0077 0.0429 
0.0182 0.7851 0.1247 0.0720 
0.4359 0.2179 0.3049 0.0413 
0.1237 0.3447 0.0564 0.4751 
0.0989 0.3729 0.2392 0.2890 

MOTIF filter10 
letter-probability matrix: alength= 4 w= 19 nsites= 19 
0.3137 0.2174 0.2651 0.2038 
0.2251 0.2566 0.2984 0.2199 
0.2344 0.1679 0.1901 0.4075 
0.0392 0.0213 0.0111 0.9284 
0.0085 0.0332 0.4263 0.5320 
0.2174 0.5277 0.1245 0.1304 
0.0000 0.9974 0.0026 0.0000 
0.0136 0.6880 0.0111 0.2873 
0.5942 0.0009 0.1918 0.2131 
0.0153 0.0000 0.2975 0.6871 
0.8338 0.0392 0.1270 0.0000 
0.3205 0.0051 0.0111 0.6633 
0.8517 0.0443 0.0153 0.0887 
0.2677 0.0622 0.1066 0.5635 
0.0878 0.0818 0.7639 0.0665 
0.0256 0.1040 0.7997 0.0708 
0.1441 0.1304 0.3402 0.3853 
0.1893 0.5541 0.1117 0.1449 
0.5899 0.0980 0.1014 0.2106 

MOTIF filter11 
letter-probability matrix: alength= 4 w= 15 nsites= 15 
0.1115 0.3221 0.1469 0.4195 
0.0991 0.2903 0.3628 0.2478 
0.4000 0.1540 0.4389 0.0071 
0.5115 0.0124 0.3841 0.0920 
0.0000 1.0000 0.0000 0.0000 
0.0000 1.0000 0.0000 0.0000 
1.0000 0.0000 0.0000 0.0000 
1.0000 0.0000 0.0000 0.0000 
0.0000 0.0000 0.0000 1.0000 
0.0655 0.6885 0.2460 0.0000 
0.7699 0.0159 0.2106 0.0035 
0.1115 0.1381 0.7204 0.0301 
0.2159 0.2726 0.2389 0.2726 
0.2708 0.2053 0.2619 0.2619 
0.2354 0.2726 0.2354 0.2566 

MOTIF filter12 
letter-probability matrix: alength= 4 w= 11 nsites= 11 
0.3420 0.2615 0.1728 0.2237 
0.1280 0.2908 0.0256 0.5556 
0.0579 0.3725 0.4329 0.1366 
0.6048 0.0104 0.3388 0.0460 
0.0777 0.3345 0.4409 0.1469 
0.0000 0.0000 0.0000 1.0000 
0.0000 0.9808 0.0192 0.0000 
0.7328 0.0000 0.0826 0.1846 
0.2528 0.2848 0.3589 0.1035 
0.1668 0.2724 0.3051 0.2557 
0.2851 0.2566 0.2428 0.2154 

MOTIF filter13 
letter-probability matrix: alength= 4 w= 13 nsites= 13 
0.2794 0.2204 0.2415 0.2587 
0.2858 0.1751 0.4017 0.1373 
0.2938 0.0189 0.4769 0.2104 
0.3348 0.0229 0.5719 0.0704 
0.0294 0.0547 0.8756 0.0403 
0.1087 0.0510 0.7973 0.0430 
0.3308 0.3923 0.0206 0.2562 
0.0945 0.0020 0.8669 0.0366 
0.0507 0.0254 0.8813 0.0425 
0.3097 0.0341 0.5993 0.0570 
0.3087 0.1488 0.5070 0.0356 
0.2577 0.3435 0.2562 0.1425 
0.2634 0.2465 0.2789 0.2112 

MOTIF filter14 
letter-probability matrix: alength= 4 w= 13 nsites= 13 
0.2494 0.3159 0.2786 0.1561 
0.3408 0.1947 0.1968 0.2677 
0.0892 0.4108 0.4164 0.0836 
0.4192 0.5159 0.0628 0.0022 
0.1082 0.1126 0.1828 0.5964 
0.0345 0.0317 0.7456 0.1881 
0.3514 0.4372 0.2096 0.0019 
0.0211 0.9754 0.0034 0.0000 
0.4515 0.0121 0.2341 0.3022 
0.0028 0.0538 0.1194 0.8240 
0.2233 0.3476 0.2525 0.1766 
0.1085 0.2217 0.2450 0.4248 
0.0911 0.1651 0.2481 0.4956 

MOTIF filter15 
letter-probability matrix: alength= 4 w= 16 nsites= 16 
0.2297 0.2292 0.2364 0.3047 
0.2209 0.2314 0.2963 0.2514 
0.1582 0.1110 0.3119 0.4190 
0.0694 0.7758 0.0122 0.1426 
0.0100 0.1548 0.0128 0.8224 
0.9772 0.0044 0.0155 0.0028 
0.2569 0.0094 0.0216 0.7120 
0.5239 0.0172 0.0155 0.4434 
0.4501 0.0089 0.0172 0.5239 
0.7037 0.0111 0.0122 0.2730 
0.0061 0.0122 0.0272 0.9545 
0.7991 0.0122 0.1748 0.0139 
0.1404 0.0122 0.7947 0.0527 
0.3857 0.3346 0.1171 0.1626 
0.2486 0.2974 0.2442 0.2098 
0.3152 0.2347 0.2353 0.2148 

MOTIF filter16 
letter-probability matrix: alength= 4 w= 13 nsites= 13 
0.2316 0.2801 0.2557 0.2327 
0.1570 0.2651 0.3255 0.2524 
0.0191 0.5406 0.1448 0.2955 
0.0739 0.5810 0.0322 0.3129 
0.0798 0.8671 0.0046 0.0485 
0.0470 0.8447 0.0087 0.0996 
0.2009 0.1718 0.3403 0.2870 
0.0613 0.8274 0.0170 0.0944 
0.0457 0.8445 0.0546 0.0552 
0.0198 0.6314 0.0367 0.3120 
0.1998 0.5669 0.0217 0.2116 
0.1405 0.4344 0.1581 0.2670 
0.2231 0.2801 0.2592 0.2377 

MOTIF filter17 
letter-probability matrix: alength= 4 w= 16 nsites= 16 
0.2741 0.2537 0.2056 0.2666 
0.2377 0.2398 0.2752 0.2473 
0.1617 0.1895 0.2109 0.4379 
0.0728 0.0857 0.0653 0.7762 
0.0407 0.0632 0.0503 0.8458 
0.1328 0.7441 0.0332 0.0899 
0.0653 0.8030 0.0257 0.1060 
0.1692 0.5310 0.1595 0.1403 
0.0493 0.0054 0.9379 0.0075 
0.0064 0.0000 0.9818 0.0118 
0.9347 0.0171 0.0000 0.0482 
0.8522 0.1467 0.0011 0.0000 
0.2709 0.0332 0.6092 0.0867 
0.1178 0.3533 0.1585 0.3704 
0.1520 0.2612 0.4026 0.1842 
0.1852 0.2934 0.2976 0.2238 

MOTIF filter18 
letter-probability matrix: alength= 4 w= 16 nsites= 16 
0.2508 0.2566 0.2648 0.2278 
0.2434 0.2714 0.2508 0.2344 
0.1143 0.0839 0.3758 0.4260 
0.0452 0.8084 0.0090 0.1373 
0.0000 0.0000 0.0033 0.9967 
0.9646 0.0058 0.0271 0.0025 
0.3150 0.0049 0.0387 0.6414 
0.4531 0.0288 0.0156 0.5025 
0.5238 0.0255 0.0049 0.4457 
0.6373 0.0148 0.0058 0.3421 
0.0082 0.0206 0.0058 0.9655 
0.9877 0.0033 0.0058 0.0033 
0.1242 0.0058 0.8240 0.0461 
0.4219 0.3668 0.0633 0.1480 
0.2673 0.2237 0.2697 0.2393 
0.2311 0.2870 0.2410 0.2410 

MOTIF filter19 
letter-probability matrix: alength= 4 w= 16 nsites= 16 
0.2592 0.2360 0.2169 0.2879 
0.2633 0.2415 0.2237 0.2715 
0.1664 0.2387 0.1664 0.4284 
0.0778 0.0819 0.0396 0.8008 
0.0873 0.0614 0.1037 0.7476 
0.1105 0.7681 0.0532 0.0682 
0.0055 0.9100 0.0259 0.0587 
0.2347 0.5280 0.1132 0.1241 
0.0750 0.0000 0.9250 0.0000 
0.0000 0.0000 0.9891 0.0109 
0.9959 0.0014 0.0027 0.0000 
0.9986 0.0000 0.0014 0.0000 
0.4775 0.0477 0.4543 0.0205 
0.1583 0.2387 0.1460 0.4570 
0.3001 0.2033 0.3261 0.1705 
0.4025 0.2401 0.2360 0.1214 

MOTIF filter20 
letter-probability matrix: alength= 4 w= 15 nsites= 15 
0.2751 0.2452 0.2129 0.2667 
0.2871 0.2356 0.2321 0.2452 
0.1459 0.2022 0.1483 0.5036 
0.0000 0.0000 0.0000 1.0000 
0.0000 0.0000 0.0012 0.9988 
0.0263 0.9737 0.0000 0.0000 
0.0000 0.7392 0.0000 0.2608 
0.2536 0.1950 0.2691 0.2823 
0.2225 0.0000 0.7775 0.0000 
0.0000 0.0000 0.9246 0.0754 
0.9856 0.0144 0.0000 0.0000 
1.0000 0.0000 0.0000 0.0000 
0.4844 0.1471 0.1986 0.1699 
0.2321 0.2931 0.2608 0.2141 
0.2572 0.2488 0.2392 0.2548 

MOTIF filter21 
letter-probability matrix: alength= 4 w= 12 nsites= 12 
0.2366 0.2529 0.2758 0.2347 
0.2510 0.2634 0.2395 0.2462 
0.4847 0.1365 0.3578 0.0210 
0.0000 0.0000 0.0000 1.0000 
0.0000 0.0000 0.0620 0.9380 
0.3034 0.0000 0.5992 0.0973 
0.0115 0.8865 0.0010 0.1011 
0.1078 0.0038 0.8731 0.0153 
0.0964 0.6508 0.0000 0.2529 
0.9447 0.0553 0.0000 0.0000 
1.0000 0.0000 0.0000 0.0000 
0.0172 0.3521 0.1450 0.4857 

MOTIF filter22 
letter-probability matrix: alength= 4 w= 15 nsites= 15 
0.2707 0.2439 0.2415 0.2439 
0.2415 0.2732 0.2244 0.2610 
0.4634 0.0317 0.1537 0.3512 
0.6146 0.0146 0.0610 0.3098 
0.4341 0.0024 0.0317 0.5317 
0.2732 0.1659 0.1780 0.3829 
0.0073 0.0000 0.0000 0.9927 
0.0000 0.0000 1.0000 0.0000 
0.0341 0.9659 0.0000 0.0000 
0.0000 0.0000 0.0000 1.0000 
0.0000 0.0000 0.9707 0.0293 
1.0000 0.0000 0.0000 0.0000 
0.0512 0.4756 0.2951 0.1780 
0.2366 0.1634 0.0585 0.5415 
0.2122 0.3098 0.1317 0.3463 

MOTIF filter23 
letter-probability matrix: alength= 4 w= 12 nsites= 12 
0.1780 0.2640 0.3288 0.2292 
0.3603 0.1594 0.3082 0.1721 
0.1900 0.4022 0.3603 0.0474 
0.0000 0.0905 0.0763 0.8332 
0.0206 0.1028 0.0943 0.7823 
0.0050 0.9417 0.0006 0.0527 
0.0439 0.9305 0.0256 0.0000 
0.0433 0.6229 0.2339 0.0999 
0.4420 0.1338 0.4178 0.0065 
0.1108 0.1774 0.5698 0.1420 
0.3824 0.2472 0.1874 0.1830 
0.4001 0.1939 0.2012 0.2048 

MOTIF filter24 
letter-probability matrix: alength= 4 w= 15 nsites= 15 
0.3153 0.2013 0.2073 0.2761 
0.2095 0.1927 0.2288 0.3690 
0.1135 0.4159 0.2654 0.2052 
0.6460 0.0430 0.1798 0.1312 
0.6817 0.2133 0.0847 0.0202 
0.5389 0.0735 0.3363 0.0512 
0.4327 0.5196 0.0477 0.0000 
0.0009 0.0082 0.0004 0.9905 
0.1548 0.0060 0.6684 0.1708 
0.0004 0.2813 0.7148 0.0034 
0.4357 0.5196 0.0206 0.0241 
0.2297 0.0516 0.3708 0.3480 
0.0465 0.2267 0.6284 0.0985 
0.2237 0.4310 0.1544 0.1910 
0.1806 0.2701 0.2310 0.3183 

MOTIF filter25 
letter-probability matrix: alength= 4 w= 13 nsites= 13 
0.1227 0.2203 0.2849 0.3721 
0.0636 0.2637 0.1493 0.5234 
0.2242 0.2361 0.2681 0.2716 
0.7275 0.0907 0.1217 0.0601 
0.0473 0.6555 0.2440 0.0532 
0.0917 0.2277 0.3159 0.3647 
0.0044 0.0350 0.2681 0.6925 
0.0000 0.7910 0.0005 0.2085 
0.0010 0.9842 0.0010 0.0138 
0.0000 0.2449 0.6752 0.0798 
0.0054 0.1957 0.4357 0.3632 
0.1809 0.2666 0.1385 0.4140 
0.1380 0.0877 0.3174 0.4569 

MOTIF filter26 
letter-probability matrix: alength= 4 w= 11 nsites= 11 
0.2905 0.1338 0.3867 0.1889 
0.2223 0.1244 0.4787 0.1745 
0.2744 0.2008 0.4660 0.0588 
0.1344 0.0566 0.7265 0.0824 
0.0114 0.1375 0.8155 0.0356 
0.3617 0.3893 0.0494 0.1996 
0.1041 0.0000 0.7835 0.1123 
0.1152 0.0018 0.8616 0.0215 
0.3147 0.0210 0.4691 0.1952 
0.3600 0.0736 0.5205 0.0458 
0.1684 0.3287 0.3313 0.1717 

MOTIF filter27 
letter-probability matrix: alength= 4 w= 15 nsites= 15 
0.2613 0.2768 0.2286 0.2333 
0.2582 0.2644 0.2348 0.2426 
0.2566 0.2395 0.2582 0.2457 
0.0513 0.6781 0.1415 0.1291 
0.0047 0.2084 0.0420 0.7449 
0.0249 0.2768 0.6252 0.0731 
0.9938 0.0016 0.0031 0.0016 
0.0000 0.0140 0.0016 0.9844 
0.0047 0.0016 0.0016 0.9922 
0.0016 0.0000 0.9984 0.0000 
0.0000 0.0000 1.0000 0.0000 
0.0980 0.4028 0.0156 0.4837 
0.0373 0.3872 0.1820 0.3935 
0.2022 0.3935 0.3033 0.1011 
0.4059 0.1664 0.3142 0.1135 

MOTIF filter28 
letter-probability matrix: alength= 4 w= 11 nsites= 11 
0.2810 0.2153 0.2536 0.2500 
0.5328 0.0766 0.1569 0.2336 
0.2135 0.2974 0.4215 0.0675 
0.0000 0.0036 0.0000 0.9964 
0.0456 0.9544 0.0000 0.0000 
1.0000 0.0000 0.0000 0.0000 
0.0000 0.0000 0.9361 0.0639 
0.0000 1.0000 0.0000 0.0000 
0.9964 0.0000 0.0000 0.0036 
0.3850 0.1825 0.1533 0.2792 
0.4434 0.0584 0.0055 0.4927 

MOTIF filter29 
letter-probability matrix: alength= 4 w= 9 nsites= 9 
0.4185 0.2330 0.1140 0.2344 
0.2040 0.4076 0.2107 0.1777 
0.0062 0.2082 0.3945 0.3911 
0.7793 0.0558 0.1648 0.0001 
0.0000 0.0443 0.0132 0.9425 
0.6858 0.2178 0.0964 0.0000 
0.0089 0.3998 0.2073 0.3840 
0.4302 0.2555 0.1804 0.1339 
0.0540 0.1725 0.5038 0.2696 

MOTIF filter30 
letter-probability matrix: alength= 4 w= 11 nsites= 11 
0.1299 0.1120 0.1441 0.6141 
0.3974 0.0175 0.2753 0.3098 
0.1302 0.1634 0.4194 0.2870 
0.0116 0.0101 0.6997 0.2787 
0.7217 0.0140 0.2236 0.0407 
0.3527 0.2452 0.0428 0.3593 
0.1132 0.4567 0.0146 0.4155 
0.3057 0.5995 0.0473 0.0475 
0.2877 0.2406 0.2459 0.2257 
0.2503 0.3251 0.1184 0.3062 
0.2875 0.2051 0.2009 0.3066 

MOTIF filter31 
letter-probability matrix: alength= 4 w= 12 nsites= 12 
0.2464 0.0971 0.3158 0.3407 
0.0893 0.3206 0.2766 0.3136 
0.4095 0.2316 0.0292 0.3297 
0.7901 0.0050 0.1468 0.0581 
0.2055 0.2112 0.0657 0.5176 
0.8158 0.0380 0.0116 0.1345 
0.0000 0.5500 0.4500 0.0000 
0.0050 0.3212 0.0443 0.6295 
0.6587 0.0053 0.2894 0.0465 
0.0239 0.3702 0.1125 0.4934 
0.3224 0.0443 0.2577 0.3755 
0.2140 0.2492 0.3972 0.1395 

