MEME version 4

ALPHABET= ACGT

Background letter frequencies:
A 0.2500 C 0.2500 G 0.2500 T 0.2500 

MOTIF filter0 
letter-probability matrix: alength= 4 w= 10 nsites= 10 
0.3123 0.1846 0.3230 0.1801 
0.3625 0.2216 0.2569 0.1590 
0.3165 0.3276 0.2624 0.0935 
0.0912 0.0790 0.0743 0.7556 
0.2407 0.5447 0.2142 0.0004 
0.7239 0.0236 0.1027 0.1498 
0.0027 0.9131 0.0109 0.0732 
0.0659 0.2167 0.6113 0.1062 
0.5086 0.0585 0.0981 0.3348 
0.2222 0.1990 0.4655 0.1133 

MOTIF filter1 
letter-probability matrix: alength= 4 w= 10 nsites= 10 
0.1926 0.3335 0.2539 0.2200 
0.2337 0.2681 0.2753 0.2229 
0.2426 0.2907 0.2824 0.1843 
0.8044 0.0880 0.0749 0.0327 
0.0000 0.0000 0.0018 0.9982 
0.0000 0.2574 0.0000 0.7426 
0.6801 0.0000 0.0071 0.3127 
0.9352 0.0000 0.0648 0.0000 
0.8377 0.0000 0.0018 0.1605 
0.0880 0.1296 0.1433 0.6391 

MOTIF filter2 
letter-probability matrix: alength= 4 w= 13 nsites= 13 
0.2671 0.2951 0.2152 0.2226 
0.2183 0.2982 0.2445 0.2390 
0.1091 0.2921 0.3543 0.2445 
0.0091 0.6622 0.1024 0.2262 
0.0402 0.6866 0.0116 0.2616 
0.0152 0.9506 0.0110 0.0232 
0.0220 0.8732 0.0848 0.0201 
0.1561 0.1537 0.4049 0.2854 
0.0177 0.9238 0.0311 0.0274 
0.0159 0.9506 0.0226 0.0110 
0.0067 0.7061 0.0390 0.2482 
0.1579 0.6591 0.0116 0.1713 
0.1207 0.4933 0.1390 0.2470 

MOTIF filter3 
letter-probability matrix: alength= 4 w= 11 nsites= 11 
0.2304 0.2709 0.2647 0.2339 
0.2471 0.2595 0.2454 0.2480 
0.4802 0.1381 0.3588 0.0229 
0.0000 0.0000 0.0000 1.0000 
0.0000 0.0000 0.0756 0.9244 
0.3043 0.0000 0.6033 0.0923 
0.0141 0.8654 0.0070 0.1135 
0.1099 0.0018 0.8734 0.0150 
0.0967 0.6473 0.0000 0.2559 
0.9402 0.0598 0.0000 0.0000 
1.0000 0.0000 0.0000 0.0000 

MOTIF filter4 
letter-probability matrix: alength= 4 w= 5 nsites= 5 
0.3198 0.2533 0.4269 0.0000 
0.0000 0.3269 0.4308 0.2423 
0.3200 0.4735 0.2040 0.0025 
0.0097 0.5302 0.1114 0.3487 
0.9570 0.0291 0.0079 0.0060 

MOTIF filter5 
letter-probability matrix: alength= 4 w= 15 nsites= 15 
0.2554 0.2536 0.2221 0.2689 
0.2644 0.2140 0.1754 0.3462 
0.0944 0.1493 0.1169 0.6394 
0.0009 0.0135 0.0009 0.9847 
0.0018 0.2392 0.0171 0.7419 
0.0647 0.9173 0.0018 0.0162 
0.0405 0.6844 0.0045 0.2707 
0.2959 0.1070 0.4730 0.1241 
0.0135 0.0000 0.9748 0.0117 
0.3264 0.0081 0.6619 0.0036 
1.0000 0.0000 0.0000 0.0000 
0.8336 0.0953 0.0710 0.0000 
0.4083 0.1439 0.1538 0.2941 
0.2221 0.2941 0.2293 0.2545 
0.2374 0.2437 0.3031 0.2158 

MOTIF filter6 
letter-probability matrix: alength= 4 w= 10 nsites= 10 
0.2429 0.2297 0.2340 0.2934 
0.2275 0.2200 0.3420 0.2104 
0.3642 0.2841 0.3113 0.0404 
0.0358 0.0354 0.0397 0.8891 
0.0043 0.0004 0.9442 0.0512 
0.9166 0.0247 0.0376 0.0211 
0.0261 0.4580 0.4912 0.0247 
0.0322 0.0365 0.0397 0.8916 
0.0476 0.8869 0.0311 0.0343 
0.8970 0.0258 0.0354 0.0419 

MOTIF filter7 
letter-probability matrix: alength= 4 w= 15 nsites= 15 
0.2323 0.2315 0.2854 0.2508 
0.2348 0.2517 0.2609 0.2525 
0.2694 0.0968 0.5404 0.0934 
0.1684 0.0017 0.6801 0.1498 
0.2374 0.0109 0.7475 0.0042 
0.0084 0.0152 0.9722 0.0042 
0.0168 0.0842 0.8754 0.0236 
0.2660 0.4663 0.0943 0.1734 
0.0370 0.0715 0.8535 0.0379 
0.0042 0.0227 0.9680 0.0051 
0.2357 0.0017 0.7399 0.0227 
0.2517 0.0926 0.6540 0.0017 
0.2231 0.4158 0.2559 0.1052 
0.2222 0.2525 0.2938 0.2315 
0.2399 0.2694 0.2525 0.2382 

MOTIF filter8 
letter-probability matrix: alength= 4 w= 12 nsites= 12 
0.2381 0.2635 0.2603 0.2381 
0.4085 0.1862 0.2624 0.1429 
0.2254 0.2952 0.3302 0.1492 
0.0011 0.9989 0.0000 0.0000 
0.9989 0.0000 0.0011 0.0000 
0.0000 0.9989 0.0000 0.0011 
0.0021 0.0000 0.9968 0.0011 
0.0000 0.0021 0.0000 0.9979 
0.0000 0.0000 1.0000 0.0000 
0.1746 0.3005 0.3143 0.2106 
0.1788 0.2434 0.1365 0.4413 
0.2476 0.2519 0.2307 0.2698 

MOTIF filter9 
letter-probability matrix: alength= 4 w= 12 nsites= 12 
0.2038 0.2544 0.2660 0.2758 
0.3723 0.1175 0.3250 0.1852 
0.1517 0.2429 0.3701 0.2354 
0.0111 0.3044 0.0035 0.6810 
0.0003 0.6919 0.3043 0.0035 
0.5967 0.0000 0.3584 0.0449 
0.0757 0.0128 0.5063 0.4052 
0.1314 0.1063 0.1717 0.5906 
0.0000 0.5437 0.4552 0.0011 
0.2783 0.0807 0.4785 0.1625 
0.2324 0.3633 0.1138 0.2905 
0.0970 0.3895 0.1493 0.3642 

MOTIF filter10 
letter-probability matrix: alength= 4 w= 15 nsites= 15 
0.2371 0.2694 0.2887 0.2048 
0.2839 0.2742 0.2355 0.2065 
0.2516 0.2194 0.2855 0.2435 
0.0016 0.8355 0.0935 0.0694 
0.0000 0.3629 0.0129 0.6242 
0.1855 0.1887 0.5565 0.0694 
0.9984 0.0016 0.0000 0.0000 
0.0000 0.0000 0.0000 1.0000 
0.0000 0.0806 0.0097 0.9097 
0.1355 0.0000 0.8629 0.0016 
0.0000 0.0000 1.0000 0.0000 
0.0758 0.4177 0.0274 0.4790 
0.0306 0.3806 0.1742 0.4145 
0.2306 0.4032 0.2710 0.0952 
0.4016 0.1758 0.3161 0.1065 

MOTIF filter11 
letter-probability matrix: alength= 4 w= 13 nsites= 13 
0.2179 0.3050 0.2808 0.1963 
0.2813 0.0916 0.2389 0.3883 
0.1362 0.5915 0.2196 0.0527 
0.1446 0.7938 0.0413 0.0202 
0.0228 0.2705 0.6641 0.0426 
0.0025 0.2988 0.6473 0.0513 
0.5735 0.1978 0.0711 0.1576 
0.1400 0.4794 0.3508 0.0298 
0.0256 0.2564 0.6884 0.0296 
0.0256 0.1767 0.1644 0.6333 
0.0685 0.1907 0.4968 0.2439 
0.1621 0.3420 0.2543 0.2416 
0.2293 0.3434 0.2258 0.2015 

MOTIF filter12 
letter-probability matrix: alength= 4 w= 16 nsites= 16 
0.0977 0.5625 0.2080 0.1318 
0.1489 0.5523 0.1955 0.1034 
0.4864 0.1841 0.1205 0.2091 
0.3000 0.0523 0.0591 0.5886 
0.8000 0.0068 0.0443 0.1489 
0.3477 0.0159 0.0364 0.6000 
0.5307 0.0193 0.1807 0.2693 
0.0034 0.0000 0.0023 0.9943 
0.0000 0.0000 1.0000 0.0000 
0.0352 0.4386 0.5250 0.0011 
0.0000 0.0784 0.1284 0.7932 
0.0216 0.2670 0.6909 0.0205 
0.8750 0.0114 0.1034 0.0102 
0.1034 0.4977 0.2830 0.1159 
0.2318 0.2080 0.2034 0.3568 
0.2034 0.2193 0.2102 0.3670 

MOTIF filter13 
letter-probability matrix: alength= 4 w= 10 nsites= 10 
0.2486 0.2532 0.2452 0.2530 
0.4833 0.1237 0.2633 0.1297 
0.2152 0.0942 0.1941 0.4965 
0.1678 0.1443 0.6576 0.0303 
0.4438 0.1038 0.2489 0.2035 
0.2345 0.0166 0.0706 0.6783 
0.1002 0.0142 0.1052 0.7804 
0.2559 0.1262 0.4108 0.2071 
0.3172 0.2518 0.3128 0.1182 
0.0583 0.5927 0.1352 0.2137 

MOTIF filter14 
letter-probability matrix: alength= 4 w= 16 nsites= 16 
0.4167 0.2021 0.1542 0.2271 
0.0750 0.3292 0.1375 0.4583 
0.0625 0.3000 0.3938 0.2438 
0.4208 0.1354 0.4437 0.0000 
0.5604 0.0146 0.3604 0.0646 
0.0000 1.0000 0.0000 0.0000 
0.0021 0.9979 0.0000 0.0000 
1.0000 0.0000 0.0000 0.0000 
1.0000 0.0000 0.0000 0.0000 
0.0000 0.0021 0.0000 0.9979 
0.1021 0.6979 0.2000 0.0000 
0.7521 0.0458 0.2000 0.0021 
0.1333 0.1500 0.6938 0.0229 
0.2271 0.2313 0.2688 0.2729 
0.3333 0.1833 0.2396 0.2438 
0.2354 0.2688 0.2250 0.2708 

MOTIF filter15 
letter-probability matrix: alength= 4 w= 13 nsites= 13 
0.5533 0.0962 0.1615 0.1890 
0.3746 0.0997 0.2302 0.2955 
0.0928 0.3643 0.4158 0.1271 
0.0069 0.7973 0.1512 0.0447 
0.0000 0.6151 0.2990 0.0859 
0.8213 0.1753 0.0034 0.0000 
0.0000 0.1065 0.3505 0.5430 
0.0000 0.0034 0.9966 0.0000 
0.0000 0.2199 0.0241 0.7560 
0.9244 0.0584 0.0172 0.0000 
0.5086 0.0584 0.2268 0.2062 
0.2062 0.1753 0.2062 0.4124 
0.2337 0.3780 0.1340 0.2543 

MOTIF filter16 
letter-probability matrix: alength= 4 w= 17 nsites= 17 
0.2473 0.2292 0.2336 0.2899 
0.1576 0.2350 0.3796 0.2278 
0.3550 0.2220 0.2169 0.2061 
0.2777 0.6312 0.0738 0.0174 
0.2567 0.3926 0.0998 0.2509 
0.3912 0.1569 0.2993 0.1526 
0.3362 0.2068 0.0521 0.4049 
0.2379 0.2364 0.5192 0.0065 
0.0000 0.0072 0.2936 0.6992 
0.5488 0.4512 0.0000 0.0000 
0.9660 0.0029 0.0029 0.0282 
0.0152 0.0007 0.9689 0.0152 
0.0022 0.6609 0.2198 0.1171 
0.5698 0.0528 0.3290 0.0484 
0.3341 0.4483 0.0709 0.1468 
0.2885 0.2155 0.1027 0.3933 
0.3789 0.1396 0.1041 0.3774 

MOTIF filter17 
letter-probability matrix: alength= 4 w= 10 nsites= 10 
0.2251 0.3034 0.2367 0.2348 
0.4982 0.0850 0.3301 0.0868 
0.0170 0.7045 0.0388 0.2397 
0.0000 0.0000 0.0000 1.0000 
0.0000 0.0000 0.0000 1.0000 
0.1080 0.8914 0.0006 0.0000 
0.0000 0.7718 0.0012 0.2269 
0.1220 0.0455 0.4873 0.3453 
0.2021 0.2002 0.4157 0.1820 
0.0382 0.1990 0.4551 0.3076 

MOTIF filter18 
letter-probability matrix: alength= 4 w= 14 nsites= 14 
0.1774 0.2405 0.3547 0.2275 
0.5321 0.0411 0.2335 0.1934 
0.2685 0.2966 0.2255 0.2094 
0.1162 0.0361 0.0411 0.8066 
0.0591 0.8808 0.0080 0.0521 
0.5391 0.0120 0.0020 0.4469 
0.0000 0.0040 0.9409 0.0551 
0.0431 0.9569 0.0000 0.0000 
0.6283 0.0090 0.0000 0.3627 
0.1924 0.0752 0.4980 0.2345 
0.6733 0.0381 0.0110 0.2776 
0.2214 0.2024 0.0872 0.4890 
0.3317 0.1433 0.0461 0.4790 
0.2625 0.2395 0.2084 0.2896 

MOTIF filter19 
letter-probability matrix: alength= 4 w= 12 nsites= 12 
0.3815 0.1692 0.3517 0.0977 
0.2493 0.0844 0.2957 0.3706 
0.2515 0.1215 0.3134 0.3136 
0.0720 0.6809 0.1096 0.1375 
0.1651 0.2157 0.0892 0.5299 
0.0033 0.7612 0.0008 0.2347 
0.1637 0.1867 0.2804 0.3692 
0.2037 0.6605 0.0006 0.1353 
0.0066 0.2468 0.7466 0.0000 
0.1166 0.2547 0.3105 0.3182 
0.2584 0.2326 0.3271 0.1820 
0.2889 0.3318 0.1973 0.1819 

MOTIF filter20 
letter-probability matrix: alength= 4 w= 12 nsites= 12 
0.1305 0.2032 0.3828 0.2835 
0.3165 0.1118 0.3258 0.2459 
0.1276 0.2699 0.2108 0.3918 
0.2545 0.6710 0.0147 0.0599 
0.0022 0.2746 0.7115 0.0118 
0.4789 0.1147 0.0014 0.4050 
0.5789 0.3444 0.0706 0.0061 
0.0254 0.4054 0.5047 0.0645 
0.2133 0.1627 0.4978 0.1262 
0.0556 0.0548 0.3681 0.5215 
0.0892 0.0688 0.8086 0.0333 
0.1222 0.1108 0.5620 0.2050 

MOTIF filter21 
letter-probability matrix: alength= 4 w= 16 nsites= 16 
0.2369 0.2081 0.2026 0.3523 
0.1913 0.1206 0.5103 0.1778 
0.2684 0.2856 0.3793 0.0667 
0.1476 0.6006 0.2315 0.0203 
0.0305 0.4235 0.1818 0.3642 
0.4838 0.0019 0.1712 0.3431 
0.0338 0.0002 0.0603 0.9057 
0.5926 0.0348 0.0000 0.3727 
0.4051 0.0832 0.0061 0.5056 
0.7101 0.1260 0.1038 0.0601 
0.1213 0.0783 0.0253 0.7751 
0.1523 0.1528 0.6460 0.0489 
0.0863 0.1324 0.7285 0.0527 
0.3433 0.1740 0.1875 0.2951 
0.3764 0.2899 0.2594 0.0742 
0.4687 0.1220 0.2034 0.2060 

MOTIF filter22 
letter-probability matrix: alength= 4 w= 11 nsites= 11 
0.1800 0.4152 0.2019 0.2029 
0.2009 0.1104 0.2158 0.4729 
0.1870 0.1750 0.1636 0.4744 
0.0114 0.8170 0.1711 0.0005 
0.0766 0.9125 0.0104 0.0005 
0.0010 0.0020 0.9771 0.0199 
0.0000 0.0970 0.8921 0.0109 
0.7713 0.0855 0.0766 0.0666 
0.6405 0.1014 0.1353 0.1228 
0.1492 0.1626 0.5903 0.0980 
0.1109 0.2561 0.1000 0.5331 

MOTIF filter23 
letter-probability matrix: alength= 4 w= 9 nsites= 9 
0.3605 0.2393 0.2489 0.1513 
0.2773 0.3749 0.1878 0.1600 
0.1801 0.0849 0.6305 0.1046 
0.0026 0.0132 0.0217 0.9625 
0.0000 0.3405 0.5135 0.1460 
0.9554 0.0211 0.0057 0.0177 
0.0177 0.4281 0.1480 0.4062 
0.1227 0.2539 0.1993 0.4241 
0.2852 0.2239 0.3613 0.1296 

MOTIF filter24 
letter-probability matrix: alength= 4 w= 11 nsites= 11 
0.2906 0.2622 0.2384 0.2088 
0.1313 0.3671 0.1697 0.3320 
0.3214 0.2384 0.2881 0.1521 
0.1362 0.1338 0.0144 0.7156 
0.0646 0.1859 0.7285 0.0210 
0.2078 0.1154 0.4806 0.1961 
0.1410 0.0828 0.0248 0.7514 
0.0702 0.9119 0.0170 0.0008 
0.2133 0.1125 0.3282 0.3461 
0.2787 0.0535 0.5477 0.1200 
0.2163 0.1966 0.3448 0.2423 

MOTIF filter25 
letter-probability matrix: alength= 4 w= 13 nsites= 13 
0.2031 0.0880 0.2361 0.4728 
0.1648 0.1569 0.2767 0.4016 
0.2587 0.3859 0.3045 0.0509 
0.0485 0.6848 0.1482 0.1186 
0.2842 0.4309 0.2380 0.0469 
0.0858 0.2686 0.5722 0.0734 
0.0345 0.0342 0.9156 0.0157 
0.5757 0.0333 0.0019 0.3892 
0.6137 0.0040 0.3781 0.0041 
0.0997 0.0429 0.8305 0.0269 
0.2712 0.2759 0.1599 0.2930 
0.2850 0.2373 0.2886 0.1891 
0.2860 0.2130 0.3072 0.1938 

MOTIF filter26 
letter-probability matrix: alength= 4 w= 14 nsites= 14 
0.3549 0.1751 0.2303 0.2397 
0.1563 0.5572 0.1868 0.0998 
0.1422 0.3325 0.0130 0.5123 
0.5969 0.0298 0.1563 0.2170 
0.2148 0.1054 0.1235 0.5563 
0.4818 0.4123 0.0363 0.0695 
0.0787 0.2587 0.3217 0.3408 
0.5962 0.0002 0.0002 0.4034 
0.0161 0.3383 0.0188 0.6267 
0.6794 0.0370 0.2592 0.0244 
0.0027 0.0007 0.8513 0.1453 
0.2587 0.5121 0.0585 0.1706 
0.3325 0.3327 0.0377 0.2971 
0.3011 0.2287 0.3029 0.1673 

MOTIF filter27 
letter-probability matrix: alength= 4 w= 13 nsites= 13 
0.2307 0.2412 0.2340 0.2941 
0.2524 0.2602 0.2400 0.2474 
0.1914 0.1122 0.2931 0.4032 
0.1208 0.6683 0.0331 0.1778 
0.0293 0.1196 0.0269 0.8241 
0.8639 0.0272 0.0560 0.0529 
0.3031 0.0439 0.0572 0.5958 
0.4399 0.0355 0.0658 0.4588 
0.4547 0.0348 0.0582 0.4523 
0.6237 0.0341 0.0231 0.3191 
0.0589 0.0534 0.0698 0.8179 
0.8005 0.0379 0.1316 0.0300 
0.1942 0.0403 0.6764 0.0891 

MOTIF filter28 
letter-probability matrix: alength= 4 w= 13 nsites= 13 
0.2273 0.1687 0.1231 0.4809 
0.1107 0.2225 0.4197 0.2472 
0.4326 0.2993 0.1284 0.1397 
0.1268 0.6771 0.1515 0.0446 
0.0000 0.9855 0.0000 0.0145 
0.9941 0.0005 0.0048 0.0005 
0.0005 0.5250 0.0102 0.4643 
0.5046 0.0000 0.4954 0.0000 
0.0000 0.0021 0.0075 0.9903 
0.4546 0.0000 0.5454 0.0000 
0.1338 0.1419 0.2203 0.5040 
0.0817 0.1134 0.5535 0.2515 
0.1365 0.1521 0.5954 0.1161 

MOTIF filter29 
letter-probability matrix: alength= 4 w= 19 nsites= 19 
0.1605 0.0772 0.0466 0.7157 
0.0221 0.0797 0.6838 0.2145 
0.4069 0.4093 0.0686 0.1152 
0.0000 0.9975 0.0025 0.0000 
0.0000 0.9963 0.0000 0.0037 
0.8309 0.0000 0.0049 0.1642 
0.0184 0.0000 0.0000 0.9816 
1.0000 0.0000 0.0000 0.0000 
0.0000 0.0025 0.0012 0.9963 
0.9816 0.0012 0.0000 0.0172 
0.1471 0.0037 0.0012 0.8480 
0.0012 0.0061 0.9926 0.0000 
0.0000 0.0000 0.9975 0.0025 
0.0980 0.0723 0.3958 0.4338 
0.2157 0.6728 0.0833 0.0282 
0.7475 0.0196 0.0600 0.1728 
0.2377 0.2782 0.2377 0.2463 
0.2157 0.2623 0.2696 0.2525 
0.2426 0.2341 0.2770 0.2463 

MOTIF filter30 
letter-probability matrix: alength= 4 w= 12 nsites= 12 
0.2704 0.1745 0.3032 0.2519 
0.2925 0.0612 0.3427 0.3036 
0.1231 0.3980 0.0980 0.3808 
0.0000 0.9382 0.0615 0.0003 
0.3360 0.3136 0.0005 0.3499 
0.1374 0.2935 0.0005 0.5686 
0.0173 0.0861 0.1893 0.7072 
0.0000 0.2445 0.7555 0.0000 
0.4626 0.0000 0.5270 0.0104 
0.3220 0.1567 0.1712 0.3501 
0.2418 0.2204 0.1890 0.3489 
0.1890 0.1683 0.3855 0.2572 

MOTIF filter31 
letter-probability matrix: alength= 4 w= 14 nsites= 14 
0.2622 0.2351 0.2178 0.2849 
0.1950 0.1213 0.2319 0.4518 
0.0119 0.0282 0.0000 0.9599 
0.0000 0.0943 0.0011 0.9047 
0.0509 0.9491 0.0000 0.0000 
0.1408 0.5720 0.0000 0.2871 
0.2503 0.2416 0.0834 0.4247 
0.4724 0.0000 0.5222 0.0054 
0.0000 0.0000 0.7161 0.2839 
0.9848 0.0152 0.0000 0.0000 
0.8830 0.0000 0.0000 0.1170 
0.3922 0.1701 0.3196 0.1181 
0.1506 0.2124 0.4810 0.1560 
0.2546 0.2134 0.2611 0.2709 

