MEME version 4

ALPHABET= ACGT

Background letter frequencies:
A 0.2500 C 0.2500 G 0.2500 T 0.2500 

MOTIF filter0 
letter-probability matrix: alength= 4 w= 15 nsites= 15 
0.3174 0.2188 0.2512 0.2126 
0.2666 0.2696 0.2311 0.2327 
0.1032 0.1556 0.5254 0.2157 
0.0031 0.7026 0.0955 0.1988 
0.0108 0.7812 0.0000 0.2080 
0.0031 0.9938 0.0000 0.0031 
0.0277 0.9230 0.0478 0.0015 
0.1849 0.0262 0.5069 0.2820 
0.0046 0.9954 0.0000 0.0000 
0.0000 1.0000 0.0000 0.0000 
0.0000 0.7704 0.0000 0.2296 
0.1233 0.7180 0.0000 0.1587 
0.0524 0.5424 0.0801 0.3251 
0.2388 0.2496 0.2450 0.2666 
0.2758 0.2712 0.2219 0.2311 

MOTIF filter1 
letter-probability matrix: alength= 4 w= 16 nsites= 16 
0.2314 0.2193 0.2087 0.3406 
0.0631 0.0396 0.0372 0.8600 
0.0566 0.0227 0.3002 0.6206 
0.2338 0.6464 0.0615 0.0583 
0.0081 0.9272 0.0138 0.0510 
0.0809 0.7654 0.0761 0.0777 
0.3738 0.0000 0.5372 0.0890 
0.0016 0.0000 0.5971 0.4013 
0.9976 0.0024 0.0000 0.0000 
0.6165 0.0000 0.0000 0.3835 
0.6764 0.0283 0.2532 0.0421 
0.1367 0.1383 0.1003 0.6246 
0.1068 0.1117 0.6926 0.0890 
0.1286 0.1359 0.6392 0.0963 
0.1731 0.1828 0.3374 0.3066 
0.2063 0.4684 0.1748 0.1505 

MOTIF filter2 
letter-probability matrix: alength= 4 w= 11 nsites= 11 
0.0450 0.5290 0.3363 0.0897 
0.5257 0.1902 0.2588 0.0252 
0.1187 0.0657 0.5155 0.3001 
0.0115 0.1627 0.0076 0.8182 
0.0000 0.4833 0.4978 0.0190 
0.7195 0.0000 0.2800 0.0006 
0.1937 0.2023 0.0264 0.5775 
0.0440 0.1241 0.1216 0.7103 
0.1601 0.5427 0.2422 0.0549 
0.4246 0.2360 0.2217 0.1177 
0.2454 0.2800 0.2147 0.2600 

MOTIF filter3 
letter-probability matrix: alength= 4 w= 12 nsites= 12 
0.1313 0.2151 0.1393 0.5143 
0.0319 0.2797 0.3015 0.3869 
0.2106 0.3875 0.0000 0.4019 
0.2090 0.7099 0.0798 0.0013 
0.1023 0.8928 0.0048 0.0001 
0.2006 0.0987 0.6988 0.0020 
0.0000 0.3131 0.4002 0.2867 
0.3251 0.1872 0.2307 0.2570 
0.0025 0.3193 0.0510 0.6271 
0.4748 0.2396 0.0949 0.1907 
0.2568 0.3350 0.1035 0.3047 
0.2378 0.2095 0.2993 0.2535 

MOTIF filter4 
letter-probability matrix: alength= 4 w= 14 nsites= 14 
0.1582 0.0731 0.5505 0.2181 
0.1476 0.5665 0.1476 0.1383 
0.2646 0.2872 0.3005 0.1476 
0.1237 0.0186 0.6702 0.1875 
0.0000 0.9867 0.0027 0.0106 
0.0000 0.9468 0.0080 0.0452 
0.9920 0.0040 0.0027 0.0013 
0.0000 0.0013 0.0053 0.9934 
0.0519 0.4016 0.1449 0.4016 
0.0000 0.0838 0.0160 0.9003 
0.0080 0.0665 0.0013 0.9242 
0.1316 0.1197 0.5226 0.2261 
0.3191 0.2074 0.2434 0.2301 
0.2207 0.2527 0.2806 0.2460 

MOTIF filter5 
letter-probability matrix: alength= 4 w= 10 nsites= 10 
0.1850 0.2832 0.2676 0.2642 
0.1777 0.0494 0.3563 0.4167 
0.2195 0.1323 0.4662 0.1820 
0.7838 0.0000 0.1059 0.1104 
0.6375 0.3621 0.0000 0.0004 
0.4612 0.0000 0.3669 0.1720 
0.2862 0.0462 0.0312 0.6364 
0.0304 0.3360 0.1018 0.5318 
0.1992 0.4277 0.0486 0.3246 
0.4554 0.2068 0.1621 0.1757 

MOTIF filter6 
letter-probability matrix: alength= 4 w= 19 nsites= 19 
0.2180 0.2457 0.2630 0.2734 
0.2030 0.2837 0.2757 0.2376 
0.2780 0.2284 0.2341 0.2595 
0.1615 0.0773 0.0438 0.7174 
0.0323 0.0807 0.6794 0.2076 
0.4048 0.3887 0.0704 0.1361 
0.0012 0.9965 0.0023 0.0000 
0.0012 0.9873 0.0023 0.0092 
0.8178 0.0092 0.0069 0.1661 
0.0334 0.0000 0.0012 0.9654 
0.9804 0.0058 0.0023 0.0115 
0.0000 0.0254 0.0058 0.9689 
0.9735 0.0000 0.0000 0.0265 
0.1857 0.0058 0.0012 0.8074 
0.0012 0.0150 0.9839 0.0000 
0.0000 0.0000 0.9988 0.0012 
0.1038 0.0704 0.3968 0.4291 
0.2318 0.6563 0.0819 0.0300 
0.7497 0.0185 0.0554 0.1765 

MOTIF filter7 
letter-probability matrix: alength= 4 w= 13 nsites= 13 
0.0914 0.3897 0.2561 0.2628 
0.1462 0.4537 0.2073 0.1928 
0.4811 0.1188 0.3198 0.0803 
0.0418 0.7254 0.0936 0.1392 
0.0063 0.1188 0.0648 0.8101 
0.0226 0.0603 0.0322 0.8849 
0.0333 0.8868 0.0655 0.0144 
0.0244 0.9252 0.0204 0.0300 
0.0215 0.0222 0.7791 0.1773 
0.0189 0.3016 0.5959 0.0836 
0.2702 0.2276 0.2513 0.2509 
0.2935 0.2313 0.2628 0.2124 
0.2646 0.2291 0.2487 0.2576 

MOTIF filter8 
letter-probability matrix: alength= 4 w= 12 nsites= 12 
0.2277 0.2488 0.2448 0.2786 
0.2068 0.3082 0.2284 0.2565 
0.2222 0.2319 0.2299 0.3159 
0.6540 0.0005 0.0000 0.3455 
0.0000 0.0000 0.0000 1.0000 
0.0462 0.2220 0.0000 0.7318 
0.6617 0.0000 0.2327 0.1056 
0.9948 0.0000 0.0000 0.0052 
0.3386 0.0000 0.0017 0.6597 
0.3144 0.2406 0.2177 0.2272 
0.2429 0.2309 0.3102 0.2160 
0.2637 0.2647 0.2349 0.2366 

MOTIF filter9 
letter-probability matrix: alength= 4 w= 12 nsites= 12 
0.2366 0.2502 0.2105 0.3027 
0.1387 0.2806 0.3619 0.2188 
0.2509 0.2158 0.3602 0.1731 
0.0183 0.5718 0.3233 0.0866 
0.0145 0.5829 0.2176 0.1850 
0.2639 0.0015 0.2525 0.4822 
0.0093 0.0964 0.0011 0.8931 
0.3716 0.5375 0.0908 0.0002 
0.0058 0.5550 0.0235 0.4157 
0.5097 0.1664 0.3019 0.0220 
0.0742 0.3357 0.2462 0.3440 
0.2006 0.2475 0.3941 0.1578 

MOTIF filter10 
letter-probability matrix: alength= 4 w= 13 nsites= 13 
0.1890 0.2373 0.1823 0.3914 
0.1205 0.1269 0.4491 0.3036 
0.2847 0.2877 0.3822 0.0454 
0.2635 0.5973 0.0735 0.0657 
0.0023 0.2954 0.4488 0.2534 
0.2168 0.0000 0.3531 0.4301 
0.3827 0.0116 0.0004 0.6053 
0.8486 0.0425 0.0281 0.0808 
0.0969 0.0549 0.1657 0.6824 
0.2260 0.6251 0.0018 0.1470 
0.3877 0.2649 0.0306 0.3169 
0.1400 0.3070 0.4915 0.0615 
0.0988 0.2255 0.4510 0.2247 

MOTIF filter11 
letter-probability matrix: alength= 4 w= 14 nsites= 14 
0.2302 0.2816 0.2334 0.2548 
0.2473 0.2355 0.2345 0.2827 
0.2377 0.4946 0.1520 0.1156 
0.9336 0.0000 0.0503 0.0161 
0.8512 0.0236 0.1103 0.0150 
0.4101 0.1306 0.4015 0.0578 
0.9797 0.0096 0.0107 0.0000 
0.0000 0.0161 0.0043 0.9797 
0.0557 0.0128 0.9208 0.0107 
0.0182 0.0075 0.9732 0.0011 
0.1467 0.6927 0.0236 0.1370 
0.1692 0.2077 0.3469 0.2762 
0.1660 0.1403 0.5717 0.1221 
0.1970 0.5557 0.0889 0.1585 

MOTIF filter12 
letter-probability matrix: alength= 4 w= 11 nsites= 11 
0.2139 0.1811 0.2852 0.3198 
0.2694 0.1538 0.4571 0.1198 
0.2685 0.4045 0.2778 0.0492 
0.2176 0.1258 0.0386 0.6180 
0.0001 0.4350 0.5077 0.0572 
0.1139 0.0682 0.0000 0.8178 
0.5040 0.0542 0.0002 0.4416 
0.0000 0.4899 0.5101 0.0000 
0.2069 0.3326 0.0910 0.3695 
0.1709 0.2584 0.2890 0.2817 
0.3067 0.2388 0.2692 0.1852 

MOTIF filter13 
letter-probability matrix: alength= 4 w= 12 nsites= 12 
0.2750 0.2397 0.2495 0.2358 
0.4637 0.1179 0.1768 0.2417 
0.1906 0.3026 0.4244 0.0825 
0.0000 0.0020 0.0000 0.9980 
0.0373 0.9627 0.0000 0.0000 
1.0000 0.0000 0.0000 0.0000 
0.0000 0.0000 0.9253 0.0747 
0.0000 1.0000 0.0000 0.0000 
0.9941 0.0000 0.0000 0.0059 
0.4145 0.1611 0.1434 0.2809 
0.4126 0.0806 0.0059 0.5010 
0.3752 0.0864 0.0216 0.5167 

MOTIF filter14 
letter-probability matrix: alength= 4 w= 15 nsites= 15 
0.2074 0.1959 0.3190 0.2777 
0.2223 0.2826 0.3694 0.1256 
0.1405 0.1727 0.4388 0.2479 
0.0876 0.6372 0.2264 0.0488 
0.0008 0.7711 0.0025 0.2256 
0.2066 0.2736 0.1455 0.3744 
0.9835 0.0025 0.0025 0.0116 
0.2554 0.0008 0.0000 0.7438 
0.0033 0.1620 0.0421 0.7926 
0.2240 0.1248 0.4950 0.1562 
0.1612 0.0752 0.7322 0.0314 
0.0099 0.4355 0.0694 0.4851 
0.4711 0.3050 0.0413 0.1826 
0.1521 0.2504 0.5182 0.0793 
0.2777 0.3058 0.2074 0.2091 

MOTIF filter15 
letter-probability matrix: alength= 4 w= 16 nsites= 16 
0.4077 0.2123 0.2597 0.1204 
0.3450 0.2276 0.2239 0.2035 
0.2845 0.2473 0.2086 0.2597 
0.0095 0.6258 0.1138 0.2509 
0.0190 0.2837 0.0751 0.6222 
0.1459 0.2385 0.5762 0.0394 
0.8468 0.0007 0.1379 0.0146 
0.0000 0.5310 0.0000 0.4690 
0.0226 0.4194 0.0007 0.5573 
0.5281 0.0000 0.4705 0.0015 
0.2684 0.0080 0.7236 0.0000 
0.0292 0.2713 0.0000 0.6995 
0.0124 0.5536 0.1802 0.2538 
0.4252 0.2633 0.2276 0.0839 
0.3662 0.1969 0.3691 0.0678 
0.2305 0.1597 0.2108 0.3990 

MOTIF filter16 
letter-probability matrix: alength= 4 w= 16 nsites= 16 
0.1712 0.1520 0.0860 0.5908 
0.0645 0.1505 0.5864 0.1987 
0.4107 0.3106 0.1942 0.0845 
0.1668 0.6827 0.1349 0.0156 
0.0148 0.9711 0.0030 0.0111 
0.5537 0.3084 0.0133 0.1245 
0.3558 0.0000 0.0015 0.6427 
0.9629 0.0074 0.0289 0.0007 
0.0000 0.0007 0.0030 0.9963 
0.6738 0.2728 0.0497 0.0037 
0.4233 0.0000 0.0222 0.5545 
0.0059 0.0119 0.9778 0.0044 
0.0519 0.1935 0.7191 0.0356 
0.2609 0.0860 0.3113 0.3417 
0.2528 0.5019 0.1290 0.1164 
0.5649 0.0882 0.1016 0.2454 

MOTIF filter17 
letter-probability matrix: alength= 4 w= 16 nsites= 16 
0.2174 0.2006 0.1510 0.4310 
0.1555 0.2039 0.4239 0.2168 
0.2284 0.1781 0.2368 0.3568 
0.0123 0.9097 0.0019 0.0761 
0.0000 0.3729 0.0019 0.6252 
0.9826 0.0026 0.0084 0.0065 
0.1774 0.0045 0.0123 0.8058 
0.6884 0.0052 0.0045 0.3019 
0.3006 0.0135 0.0019 0.6839 
0.7916 0.0084 0.0000 0.2000 
0.0090 0.0058 0.0006 0.9845 
0.6058 0.0019 0.3916 0.0006 
0.0303 0.0000 0.9626 0.0071 
0.3239 0.2529 0.1761 0.2471 
0.2355 0.4039 0.2110 0.1497 
0.4381 0.1871 0.1632 0.2116 

MOTIF filter18 
letter-probability matrix: alength= 4 w= 12 nsites= 12 
0.2709 0.1852 0.2979 0.2460 
0.1451 0.1696 0.4235 0.2618 
0.0925 0.2027 0.4107 0.2942 
0.1068 0.1982 0.6557 0.0393 
0.6745 0.0357 0.1817 0.1082 
0.4937 0.0175 0.0815 0.4073 
0.0036 0.3357 0.0641 0.5966 
0.0012 0.9089 0.0602 0.0297 
0.6747 0.0293 0.2614 0.0346 
0.3497 0.3303 0.1534 0.1666 
0.2388 0.1584 0.2656 0.3372 
0.2224 0.3579 0.1722 0.2476 

MOTIF filter19 
letter-probability matrix: alength= 4 w= 13 nsites= 13 
0.4303 0.1994 0.1754 0.1949 
0.2840 0.2211 0.2268 0.2681 
0.3817 0.1232 0.3106 0.1845 
0.1347 0.0015 0.0674 0.7963 
0.2956 0.0001 0.4098 0.2944 
0.1826 0.0013 0.4939 0.3221 
0.0001 0.7737 0.2262 0.0000 
0.3401 0.5009 0.0193 0.1396 
0.0459 0.5820 0.0000 0.3721 
0.7244 0.1698 0.0261 0.0796 
0.1826 0.2972 0.0768 0.4434 
0.2161 0.1794 0.3375 0.2669 
0.2847 0.2228 0.2268 0.2657 

MOTIF filter20 
letter-probability matrix: alength= 4 w= 13 nsites= 13 
0.1541 0.2208 0.1727 0.4525 
0.0000 0.0000 0.0000 1.0000 
0.0000 0.0000 0.0000 1.0000 
0.0383 0.9617 0.0000 0.0000 
0.0197 0.7399 0.0000 0.2404 
0.2481 0.1967 0.2656 0.2896 
0.2109 0.0000 0.7727 0.0164 
0.0000 0.0000 0.8874 0.1126 
0.9923 0.0077 0.0000 0.0000 
0.9913 0.0000 0.0087 0.0000 
0.4951 0.1454 0.1923 0.1672 
0.2240 0.2842 0.2732 0.2186 
0.2546 0.2481 0.2404 0.2568 

MOTIF filter21 
letter-probability matrix: alength= 4 w= 14 nsites= 14 
0.2181 0.3450 0.3261 0.1108 
0.1986 0.4194 0.3397 0.0422 
0.1978 0.1939 0.3431 0.2653 
0.0111 0.7172 0.2717 0.0000 
0.0350 0.9647 0.0003 0.0000 
0.0006 0.3369 0.5297 0.1328 
0.0139 0.5550 0.4303 0.0008 
0.4050 0.4097 0.1556 0.0297 
0.2875 0.5789 0.0714 0.0622 
0.0281 0.4264 0.5381 0.0075 
0.0611 0.5061 0.0297 0.4031 
0.2294 0.3069 0.3450 0.1186 
0.2275 0.3958 0.3094 0.0672 
0.1944 0.4428 0.2144 0.1483 

MOTIF filter22 
letter-probability matrix: alength= 4 w= 13 nsites= 13 
0.1948 0.2276 0.1869 0.3907 
0.0785 0.0825 0.0427 0.7962 
0.0865 0.0398 0.0656 0.8082 
0.1402 0.6879 0.0656 0.1064 
0.0099 0.7316 0.0765 0.1819 
0.2654 0.4513 0.1590 0.1243 
0.0586 0.0000 0.9414 0.0000 
0.0000 0.0000 1.0000 0.0000 
1.0000 0.0000 0.0000 0.0000 
1.0000 0.0000 0.0000 0.0000 
0.4145 0.0537 0.4583 0.0736 
0.1581 0.3022 0.1223 0.4175 
0.2435 0.1561 0.4026 0.1978 

MOTIF filter23 
letter-probability matrix: alength= 4 w= 13 nsites= 13 
0.2423 0.2443 0.2517 0.2617 
0.2269 0.1821 0.3688 0.2222 
0.3929 0.2316 0.3461 0.0295 
0.0181 0.0174 0.0000 0.9645 
0.0000 0.0234 0.9083 0.0683 
0.9940 0.0000 0.0000 0.0060 
0.0315 0.4618 0.4692 0.0375 
0.0013 0.0000 0.0047 0.9940 
0.0622 0.9137 0.0234 0.0007 
0.9993 0.0000 0.0007 0.0000 
0.0295 0.3153 0.2684 0.3869 
0.2236 0.3568 0.1988 0.2209 
0.2537 0.2222 0.2718 0.2523 

MOTIF filter24 
letter-probability matrix: alength= 4 w= 13 nsites= 13 
0.4058 0.0942 0.1637 0.3363 
0.6076 0.0247 0.0673 0.3004 
0.4507 0.0022 0.0336 0.5135 
0.2713 0.1659 0.1749 0.3879 
0.0045 0.0000 0.0000 0.9955 
0.0000 0.0000 1.0000 0.0000 
0.0516 0.9484 0.0000 0.0000 
0.0000 0.0000 0.0000 1.0000 
0.0000 0.0000 0.9686 0.0314 
1.0000 0.0000 0.0000 0.0000 
0.0605 0.4709 0.2623 0.2063 
0.2511 0.1570 0.0874 0.5045 
0.2175 0.3027 0.1614 0.3184 

MOTIF filter25 
letter-probability matrix: alength= 4 w= 13 nsites= 13 
0.1997 0.2632 0.2254 0.3117 
0.0000 0.1835 0.0013 0.8151 
0.0000 0.1880 0.0000 0.8120 
0.0108 0.9892 0.0000 0.0000 
0.0009 0.8812 0.0000 0.1179 
0.2123 0.1925 0.2623 0.3329 
0.1759 0.3747 0.4381 0.0112 
0.0000 0.4732 0.5011 0.0256 
0.5367 0.3468 0.0000 0.1165 
0.5879 0.4008 0.0000 0.0112 
0.3401 0.3068 0.1287 0.2245 
0.2443 0.2987 0.2317 0.2254 
0.2344 0.2429 0.2240 0.2987 

MOTIF filter26 
letter-probability matrix: alength= 4 w= 15 nsites= 15 
0.2617 0.1480 0.1356 0.4548 
0.2473 0.1055 0.1919 0.4553 
0.2202 0.4268 0.1821 0.1709 
0.1073 0.1577 0.0731 0.6620 
0.0775 0.1376 0.6460 0.1388 
0.3101 0.5553 0.0996 0.0351 
0.0569 0.0519 0.1919 0.6994 
0.2042 0.0041 0.4881 0.3036 
0.4819 0.0015 0.5055 0.0112 
0.0065 0.3445 0.6201 0.0289 
0.0245 0.2594 0.1948 0.5214 
0.0480 0.6732 0.0365 0.2423 
0.5367 0.2104 0.0651 0.1877 
0.0858 0.1403 0.5128 0.2611 
0.1082 0.5060 0.2246 0.1612 

MOTIF filter27 
letter-probability matrix: alength= 4 w= 12 nsites= 12 
0.0798 0.4115 0.1930 0.3157 
0.1409 0.1754 0.2215 0.4623 
0.2587 0.2720 0.3450 0.1243 
0.0514 0.6259 0.3170 0.0057 
0.1026 0.0011 0.5170 0.3792 
0.1672 0.4577 0.0000 0.3751 
0.1671 0.8183 0.0000 0.0146 
0.2463 0.4308 0.0472 0.2757 
0.0015 0.6315 0.1785 0.1885 
0.2200 0.5127 0.2106 0.0567 
0.3659 0.4103 0.1220 0.1019 
0.2612 0.2606 0.1990 0.2792 

MOTIF filter28 
letter-probability matrix: alength= 4 w= 16 nsites= 16 
0.2413 0.2313 0.2587 0.2687 
0.2488 0.2413 0.2463 0.2637 
0.2413 0.2388 0.2736 0.2463 
0.2512 0.0522 0.6318 0.0647 
0.1418 0.0000 0.7687 0.0896 
0.1866 0.0000 0.8134 0.0000 
0.0000 0.0000 1.0000 0.0000 
0.0000 0.0000 1.0000 0.0000 
0.3085 0.5423 0.0000 0.1493 
0.0000 0.0000 1.0000 0.0000 
0.0000 0.0000 1.0000 0.0000 
0.1791 0.0000 0.8209 0.0000 
0.2015 0.0398 0.7587 0.0000 
0.1692 0.5721 0.1816 0.0771 
0.2662 0.2065 0.2861 0.2413 
0.2313 0.3085 0.2164 0.2438 

MOTIF filter29 
letter-probability matrix: alength= 4 w= 13 nsites= 13 
0.2922 0.1293 0.3607 0.2178 
0.3062 0.2537 0.3918 0.0483 
0.1398 0.5266 0.1450 0.1885 
0.0017 0.2444 0.7539 0.0000 
0.0005 0.0024 0.6362 0.3609 
0.2817 0.5782 0.0514 0.0887 
0.1450 0.0766 0.6786 0.0999 
0.0335 0.0183 0.9482 0.0000 
0.0278 0.1403 0.5031 0.3288 
0.1560 0.1579 0.6315 0.0547 
0.1731 0.3436 0.3329 0.1505 
0.2221 0.2789 0.3279 0.1712 
0.3003 0.2030 0.2884 0.2083 

MOTIF filter30 
letter-probability matrix: alength= 4 w= 12 nsites= 12 
0.2496 0.2575 0.2632 0.2296 
0.4099 0.2024 0.2597 0.1280 
0.2310 0.3183 0.3155 0.1352 
0.0014 0.9957 0.0029 0.0000 
0.9850 0.0000 0.0122 0.0029 
0.0029 0.8927 0.0000 0.1044 
0.1259 0.0000 0.8741 0.0000 
0.0043 0.0143 0.0000 0.9814 
0.0000 0.0000 0.9971 0.0029 
0.1609 0.3133 0.2890 0.2368 
0.1567 0.2618 0.1652 0.4163 
0.2318 0.2661 0.2525 0.2496 

MOTIF filter31 
letter-probability matrix: alength= 4 w= 14 nsites= 14 
0.2597 0.2356 0.2597 0.2451 
0.1778 0.1106 0.3108 0.4008 
0.1216 0.5780 0.0548 0.2457 
0.0107 0.0573 0.0395 0.8924 
0.8552 0.0365 0.0827 0.0256 
0.2710 0.0543 0.1046 0.5700 
0.3806 0.0754 0.0780 0.4661 
0.3799 0.1246 0.0563 0.4392 
0.5898 0.0842 0.0367 0.2893 
0.0157 0.0808 0.0668 0.8368 
0.8585 0.0642 0.0537 0.0236 
0.2227 0.0726 0.5973 0.1074 
0.4016 0.3280 0.1186 0.1518 
0.2575 0.2448 0.2524 0.2453 

