MEME version 4

ALPHABET= ACGT

Background letter frequencies:
A 0.2500 C 0.2500 G 0.2500 T 0.2500 

MOTIF filter0 
letter-probability matrix: alength= 4 w= 11 nsites= 11 
0.2606 0.2424 0.2148 0.2822 
0.2274 0.2334 0.2128 0.3263 
0.1655 0.4781 0.1490 0.2073 
0.0081 0.0091 0.9748 0.0080 
0.3638 0.0000 0.2781 0.3581 
0.0277 0.8958 0.0728 0.0037 
0.3013 0.2306 0.1244 0.3437 
0.1219 0.0318 0.6449 0.2014 
0.3780 0.1702 0.1556 0.2962 
0.3270 0.1965 0.2126 0.2638 
0.2315 0.2700 0.2422 0.2563 

MOTIF filter1 
letter-probability matrix: alength= 4 w= 15 nsites= 15 
0.2664 0.2739 0.2408 0.2190 
0.2483 0.2730 0.2408 0.2379 
0.1213 0.2360 0.3991 0.2436 
0.0057 0.6351 0.1318 0.2275 
0.0341 0.6844 0.0009 0.2806 
0.0152 0.9678 0.0114 0.0057 
0.0028 0.9668 0.0237 0.0066 
0.1526 0.0682 0.4616 0.3175 
0.0142 0.9763 0.0047 0.0047 
0.0076 0.9782 0.0085 0.0057 
0.0000 0.6834 0.0256 0.2910 
0.1479 0.6569 0.0009 0.1943 
0.1024 0.5043 0.1166 0.2768 
0.2427 0.2929 0.2474 0.2171 
0.2626 0.2796 0.2284 0.2294 

MOTIF filter2 
letter-probability matrix: alength= 4 w= 14 nsites= 14 
0.1364 0.2109 0.2733 0.3794 
0.2659 0.1491 0.3945 0.1905 
0.2354 0.3964 0.2274 0.1408 
0.1953 0.0000 0.2985 0.5063 
0.4660 0.2612 0.2455 0.0273 
0.9900 0.0077 0.0007 0.0016 
0.6641 0.0398 0.1902 0.1059 
0.0175 0.2595 0.1998 0.5231 
0.4219 0.3640 0.0367 0.1774 
0.2783 0.2514 0.0447 0.4256 
0.1781 0.0833 0.7136 0.0249 
0.5949 0.1517 0.1569 0.0964 
0.2616 0.2519 0.1894 0.2972 
0.2072 0.2087 0.2398 0.3443 

MOTIF filter3 
letter-probability matrix: alength= 4 w= 16 nsites= 16 
0.2749 0.2915 0.2062 0.2275 
0.2701 0.2417 0.2417 0.2464 
0.2180 0.2464 0.2251 0.3104 
0.0047 0.7299 0.1398 0.1256 
0.0000 0.1919 0.0024 0.8057 
0.0095 0.3033 0.6256 0.0616 
0.9976 0.0000 0.0000 0.0024 
0.0000 0.0000 0.0000 1.0000 
0.0000 0.0000 0.0000 1.0000 
0.0000 0.0000 1.0000 0.0000 
0.0000 0.0000 1.0000 0.0000 
0.0806 0.3791 0.0000 0.5403 
0.0024 0.4336 0.1588 0.4052 
0.2062 0.4171 0.2986 0.0782 
0.4692 0.1611 0.2915 0.0782 
0.1682 0.1445 0.2441 0.4431 

MOTIF filter4 
letter-probability matrix: alength= 4 w= 13 nsites= 13 
0.1982 0.2608 0.3690 0.1720 
0.3457 0.1985 0.4013 0.0545 
0.1175 0.4691 0.2511 0.1623 
0.0673 0.7396 0.1486 0.0446 
0.0357 0.8708 0.0510 0.0425 
0.1363 0.3261 0.0951 0.4425 
0.0086 0.4359 0.1561 0.3994 
0.0725 0.4893 0.1174 0.3208 
0.2469 0.3137 0.1985 0.2409 
0.0000 0.4780 0.5220 0.0000 
0.3509 0.2618 0.1562 0.2310 
0.3150 0.2908 0.1289 0.2653 
0.3104 0.1647 0.2009 0.3240 

MOTIF filter5 
letter-probability matrix: alength= 4 w= 14 nsites= 14 
0.3037 0.2104 0.2451 0.2408 
0.4837 0.0889 0.1627 0.2646 
0.2039 0.3102 0.4230 0.0629 
0.0000 0.0000 0.0000 1.0000 
0.0564 0.9436 0.0000 0.0000 
1.0000 0.0000 0.0000 0.0000 
0.0000 0.0000 0.9566 0.0434 
0.0000 1.0000 0.0000 0.0000 
0.9957 0.0000 0.0000 0.0043 
0.4121 0.1822 0.1453 0.2603 
0.4187 0.0564 0.0022 0.5228 
0.3753 0.0868 0.0174 0.5206 
0.3124 0.1258 0.0499 0.5119 
0.2842 0.2299 0.2538 0.2321 

MOTIF filter6 
letter-probability matrix: alength= 4 w= 14 nsites= 14 
0.2123 0.2680 0.2787 0.2410 
0.2861 0.1344 0.2475 0.3320 
0.2623 0.1115 0.5238 0.1025 
0.0131 0.9582 0.0131 0.0156 
0.0697 0.4246 0.0320 0.4738 
0.4123 0.0270 0.5164 0.0443 
0.9762 0.0049 0.0189 0.0000 
0.0246 0.0541 0.0172 0.9041 
0.0787 0.3492 0.0828 0.4893 
0.3484 0.0328 0.5492 0.0697 
0.0148 0.0484 0.9164 0.0205 
0.0754 0.4410 0.1836 0.3000 
0.2172 0.3082 0.1934 0.2811 
0.2393 0.3328 0.2820 0.1459 

MOTIF filter7 
letter-probability matrix: alength= 4 w= 14 nsites= 14 
0.1490 0.2257 0.3657 0.2596 
0.0293 0.4357 0.2483 0.2867 
0.1106 0.5824 0.1422 0.1648 
0.6298 0.0203 0.2912 0.0587 
0.0000 0.9097 0.0203 0.0700 
0.0000 0.0000 0.0023 0.9977 
0.0000 0.0000 0.0000 1.0000 
0.0000 0.9932 0.0045 0.0023 
0.0068 0.9932 0.0000 0.0000 
0.0000 0.0023 0.9413 0.0564 
0.0000 0.2709 0.6885 0.0406 
0.2664 0.2506 0.1986 0.2844 
0.1558 0.2709 0.2709 0.3025 
0.1693 0.2641 0.2483 0.3183 

MOTIF filter8 
letter-probability matrix: alength= 4 w= 15 nsites= 15 
0.2375 0.2713 0.2434 0.2478 
0.0938 0.0279 0.3651 0.5132 
0.0073 0.9267 0.0000 0.0660 
0.0000 0.0000 0.0000 1.0000 
1.0000 0.0000 0.0000 0.0000 
0.1745 0.0000 0.0059 0.8196 
0.4032 0.0000 0.0000 0.5968 
0.5088 0.0000 0.0000 0.4912 
0.6628 0.0044 0.0000 0.3328 
0.0000 0.0000 0.0000 1.0000 
0.9941 0.0000 0.0059 0.0000 
0.0572 0.0000 0.9223 0.0205 
0.4267 0.3959 0.0601 0.1173 
0.2889 0.2361 0.2801 0.1950 
0.2757 0.2449 0.2155 0.2639 

MOTIF filter9 
letter-probability matrix: alength= 4 w= 13 nsites= 13 
0.1192 0.5426 0.0893 0.2489 
0.1683 0.1702 0.5113 0.1502 
0.1518 0.1891 0.1561 0.5030 
0.2419 0.7246 0.0289 0.0046 
0.0000 0.6483 0.0467 0.3050 
0.8506 0.0038 0.0609 0.0847 
0.1305 0.0860 0.0011 0.7824 
0.3465 0.0636 0.4930 0.0968 
0.0520 0.0240 0.4078 0.5162 
0.5027 0.0494 0.2230 0.2249 
0.0725 0.2834 0.0372 0.6068 
0.4107 0.0076 0.4746 0.1071 
0.0852 0.1227 0.6324 0.1597 

MOTIF filter10 
letter-probability matrix: alength= 4 w= 13 nsites= 13 
0.2218 0.2744 0.2594 0.2444 
0.2519 0.2444 0.2124 0.2914 
0.1748 0.5996 0.1447 0.0808 
0.9831 0.0000 0.0169 0.0000 
0.9586 0.0132 0.0263 0.0019 
0.4117 0.1259 0.4267 0.0357 
1.0000 0.0000 0.0000 0.0000 
0.0000 0.0000 0.0000 1.0000 
0.0000 0.0019 0.9981 0.0000 
0.0000 0.0000 1.0000 0.0000 
0.0959 0.7726 0.0000 0.1316 
0.1466 0.2105 0.3703 0.2726 
0.1184 0.1241 0.6635 0.0940 

MOTIF filter11 
letter-probability matrix: alength= 4 w= 10 nsites= 10 
0.1430 0.0480 0.4221 0.3869 
0.6147 0.0967 0.1305 0.1581 
0.2950 0.1628 0.1344 0.4077 
0.4291 0.5359 0.0244 0.0106 
0.0000 0.2762 0.0757 0.6481 
0.7929 0.1284 0.0645 0.0142 
0.0188 0.3395 0.6417 0.0000 
0.2824 0.2824 0.1076 0.3276 
0.1053 0.3528 0.3292 0.2127 
0.1826 0.3318 0.3568 0.1287 

MOTIF filter12 
letter-probability matrix: alength= 4 w= 11 nsites= 11 
0.3472 0.1825 0.2460 0.2242 
0.3115 0.2401 0.3016 0.1468 
0.2302 0.2421 0.2817 0.2460 
0.0536 0.6786 0.2679 0.0000 
0.0635 0.9365 0.0000 0.0000 
0.0000 0.0000 1.0000 0.0000 
0.0000 0.0000 1.0000 0.0000 
0.9980 0.0020 0.0000 0.0000 
0.9921 0.0020 0.0000 0.0060 
0.0734 0.0536 0.8730 0.0000 
0.0476 0.2877 0.0238 0.6409 

MOTIF filter13 
letter-probability matrix: alength= 4 w= 14 nsites= 14 
0.2104 0.1585 0.0931 0.5381 
0.0890 0.1153 0.5131 0.2825 
0.3661 0.3756 0.1389 0.1194 
0.0169 0.8908 0.0519 0.0405 
0.0465 0.8375 0.0708 0.0452 
0.5786 0.0297 0.1510 0.2407 
0.0088 0.3001 0.0641 0.6271 
0.7336 0.2657 0.0000 0.0007 
0.0067 0.0007 0.2893 0.7033 
0.6777 0.0101 0.2778 0.0344 
0.4370 0.0067 0.0027 0.5536 
0.1524 0.0007 0.8469 0.0000 
0.0094 0.0108 0.9798 0.0000 
0.0823 0.1301 0.3243 0.4633 

MOTIF filter14 
letter-probability matrix: alength= 4 w= 13 nsites= 13 
0.2555 0.2421 0.2689 0.2334 
0.2563 0.2650 0.2374 0.2413 
0.2752 0.1222 0.4850 0.1175 
0.1932 0.0197 0.6222 0.1648 
0.2603 0.0229 0.7161 0.0008 
0.0418 0.0110 0.9432 0.0039 
0.0047 0.0268 0.9550 0.0134 
0.3194 0.4645 0.0268 0.1893 
0.0363 0.0174 0.9314 0.0150 
0.0142 0.0213 0.9464 0.0181 
0.2776 0.0150 0.6585 0.0489 
0.2634 0.1159 0.6112 0.0095 
0.2248 0.4227 0.2263 0.1262 

MOTIF filter15 
letter-probability matrix: alength= 4 w= 16 nsites= 16 
0.3753 0.2053 0.2053 0.2141 
0.0397 0.3885 0.1479 0.4238 
0.0684 0.2848 0.3709 0.2759 
0.3885 0.1611 0.4503 0.0000 
0.6026 0.0066 0.3377 0.0530 
0.0000 0.9978 0.0022 0.0000 
0.0000 1.0000 0.0000 0.0000 
0.9956 0.0000 0.0000 0.0044 
1.0000 0.0000 0.0000 0.0000 
0.0000 0.0000 0.0000 1.0000 
0.0839 0.7174 0.1987 0.0000 
0.7726 0.0287 0.1987 0.0000 
0.1744 0.1082 0.7108 0.0066 
0.2561 0.2539 0.2185 0.2715 
0.2870 0.1987 0.2274 0.2870 
0.2274 0.2914 0.2119 0.2693 

MOTIF filter16 
letter-probability matrix: alength= 4 w= 13 nsites= 13 
0.2511 0.2345 0.2363 0.2782 
0.2105 0.1895 0.3772 0.2228 
0.3988 0.2351 0.3378 0.0283 
0.0000 0.0043 0.0006 0.9951 
0.0018 0.0000 0.9354 0.0628 
0.9428 0.0000 0.0240 0.0332 
0.0283 0.4671 0.4720 0.0326 
0.0117 0.0074 0.0074 0.9735 
0.0597 0.8942 0.0160 0.0302 
0.9668 0.0043 0.0111 0.0178 
0.0265 0.3163 0.2658 0.3914 
0.2031 0.3760 0.2000 0.2209 
0.2677 0.2129 0.2529 0.2665 

MOTIF filter17 
letter-probability matrix: alength= 4 w= 15 nsites= 15 
0.2536 0.2536 0.2475 0.2454 
0.2505 0.2770 0.2169 0.2556 
0.1324 0.0733 0.3493 0.4450 
0.0356 0.8075 0.0000 0.1568 
0.0010 0.0000 0.0010 0.9980 
0.9969 0.0010 0.0020 0.0000 
0.3014 0.0000 0.0468 0.6517 
0.4837 0.0010 0.0010 0.5143 
0.5591 0.0081 0.0468 0.3859 
0.7118 0.0061 0.0000 0.2821 
0.0000 0.0010 0.0041 0.9949 
0.9745 0.0000 0.0255 0.0000 
0.0957 0.0010 0.8941 0.0092 
0.4246 0.3788 0.0621 0.1344 
0.2749 0.2424 0.2424 0.2403 

MOTIF filter18 
letter-probability matrix: alength= 4 w= 12 nsites= 12 
0.2391 0.2922 0.2340 0.2348 
0.2426 0.2717 0.2454 0.2403 
0.2257 0.2812 0.2646 0.2285 
0.6764 0.0000 0.0000 0.3236 
0.0000 0.0000 0.0000 1.0000 
0.0000 0.1864 0.0000 0.8136 
0.6996 0.0000 0.3004 0.0000 
1.0000 0.0000 0.0000 0.0000 
0.2918 0.0000 0.0000 0.7082 
0.2261 0.2717 0.2391 0.2631 
0.2194 0.2812 0.2643 0.2352 
0.2414 0.2521 0.2568 0.2497 

MOTIF filter19 
letter-probability matrix: alength= 4 w= 12 nsites= 12 
0.2145 0.1911 0.2925 0.3019 
0.3019 0.1422 0.3182 0.2378 
0.2611 0.1061 0.3252 0.3077 
0.1002 0.6492 0.2051 0.0455 
0.8834 0.0583 0.0583 0.0000 
0.7739 0.0373 0.1608 0.0280 
0.3578 0.1783 0.4476 0.0163 
0.9347 0.0361 0.0140 0.0152 
0.0140 0.0455 0.0128 0.9277 
0.0012 0.0023 0.9942 0.0023 
0.0618 0.0291 0.8858 0.0233 
0.0897 0.8007 0.0000 0.1096 

MOTIF filter20 
letter-probability matrix: alength= 4 w= 11 nsites= 11 
0.3691 0.1111 0.1036 0.4162 
0.2618 0.1789 0.1846 0.3748 
0.0038 0.0000 0.0000 0.9962 
0.0000 0.0000 1.0000 0.0000 
0.0358 0.9642 0.0000 0.0000 
0.0000 0.0000 0.0000 1.0000 
0.0019 0.0000 0.9548 0.0433 
1.0000 0.0000 0.0000 0.0000 
0.0584 0.4576 0.2693 0.2147 
0.2618 0.1676 0.0960 0.4746 
0.2147 0.2976 0.1356 0.3522 

MOTIF filter21 
letter-probability matrix: alength= 4 w= 16 nsites= 16 
0.2712 0.2115 0.3095 0.2078 
0.2353 0.2848 0.2780 0.2019 
0.3036 0.1320 0.2112 0.3531 
0.0489 0.7294 0.0659 0.1558 
0.1549 0.2495 0.1370 0.4586 
0.7350 0.0841 0.0606 0.1203 
0.5909 0.0334 0.0325 0.3432 
0.1147 0.0538 0.3142 0.5173 
0.5436 0.1704 0.1608 0.1252 
0.5829 0.0009 0.0538 0.3624 
0.0362 0.0433 0.1432 0.7774 
0.4957 0.0396 0.4542 0.0105 
0.0588 0.0161 0.9023 0.0229 
0.5145 0.1803 0.1092 0.1960 
0.0857 0.2276 0.3776 0.3092 
0.2056 0.2492 0.2183 0.3268 

MOTIF filter22 
letter-probability matrix: alength= 4 w= 19 nsites= 19 
0.2556 0.2814 0.2392 0.2239 
0.1559 0.1688 0.3060 0.3693 
0.1817 0.5170 0.1090 0.1923 
0.0293 0.0199 0.0094 0.9414 
0.3822 0.0422 0.4502 0.1254 
0.3986 0.2872 0.0211 0.2931 
0.1290 0.7327 0.0000 0.1383 
0.1817 0.7011 0.0000 0.1172 
0.7808 0.0117 0.0047 0.2028 
0.0047 0.0000 0.0000 0.9953 
0.9988 0.0000 0.0000 0.0012 
0.0152 0.0012 0.3259 0.6577 
0.8136 0.1606 0.0141 0.0117 
0.1841 0.1125 0.0774 0.6260 
0.0492 0.0703 0.8089 0.0715 
0.0633 0.0668 0.8171 0.0528 
0.1278 0.1184 0.3716 0.3822 
0.2321 0.6049 0.1172 0.0457 
0.6471 0.0563 0.1008 0.1958 

MOTIF filter23 
letter-probability matrix: alength= 4 w= 9 nsites= 9 
0.2969 0.1318 0.3337 0.2376 
0.1969 0.1610 0.3004 0.3417 
0.1793 0.5001 0.2476 0.0729 
0.0000 0.4439 0.5271 0.0289 
0.4857 0.0230 0.0957 0.3955 
0.0021 0.7272 0.2707 0.0000 
0.3286 0.0586 0.4296 0.1832 
0.4243 0.3724 0.1372 0.0661 
0.1312 0.1962 0.2981 0.3744 

MOTIF filter24 
letter-probability matrix: alength= 4 w= 14 nsites= 14 
0.1960 0.1859 0.1065 0.5116 
0.1016 0.1651 0.5005 0.2328 
0.3441 0.3446 0.1583 0.1530 
0.0339 0.8621 0.0557 0.0484 
0.0460 0.8688 0.0595 0.0257 
0.6457 0.0726 0.0508 0.2309 
0.1181 0.0106 0.0053 0.8659 
0.8020 0.0784 0.1094 0.0102 
0.0184 0.0247 0.0557 0.9013 
0.8146 0.0436 0.0102 0.1317 
0.2236 0.0378 0.0523 0.6864 
0.0363 0.0702 0.8567 0.0368 
0.0203 0.0411 0.8911 0.0474 
0.1423 0.1423 0.3262 0.3892 

MOTIF filter25 
letter-probability matrix: alength= 4 w= 15 nsites= 15 
0.2046 0.2680 0.3078 0.2196 
0.2568 0.2354 0.4084 0.0993 
0.1455 0.1794 0.5308 0.1443 
0.0676 0.3241 0.5745 0.0338 
0.0338 0.2671 0.0634 0.6357 
0.0972 0.7872 0.1156 0.0000 
0.0479 0.0056 0.1194 0.8271 
0.5771 0.0334 0.2217 0.1678 
0.0090 0.7051 0.0591 0.2269 
0.2504 0.0407 0.0668 0.6421 
0.2641 0.1113 0.0899 0.5347 
0.5068 0.1293 0.0381 0.3258 
0.1571 0.0420 0.1819 0.6190 
0.4307 0.2046 0.0681 0.2967 
0.2616 0.1562 0.2663 0.3159 

MOTIF filter26 
letter-probability matrix: alength= 4 w= 10 nsites= 10 
0.1028 0.2766 0.4292 0.1914 
0.1013 0.4189 0.1827 0.2972 
0.1187 0.0573 0.5326 0.2914 
0.0278 0.5142 0.3855 0.0724 
0.9762 0.0001 0.0064 0.0173 
0.0172 0.3377 0.6028 0.0423 
0.0153 0.2619 0.0021 0.7208 
0.2677 0.1107 0.5764 0.0452 
0.3546 0.3737 0.1312 0.1405 
0.2493 0.1571 0.3010 0.2926 

MOTIF filter27 
letter-probability matrix: alength= 4 w= 10 nsites= 10 
0.2577 0.2345 0.2773 0.2305 
0.2516 0.3199 0.2254 0.2031 
0.2051 0.2515 0.2372 0.3062 
0.0002 0.4362 0.5636 0.0000 
0.0000 0.1207 0.3774 0.5019 
0.4976 0.0365 0.1231 0.3428 
0.0735 0.8819 0.0362 0.0084 
0.3456 0.2442 0.4072 0.0030 
0.1030 0.2851 0.4232 0.1886 
0.2092 0.3030 0.4749 0.0130 

MOTIF filter28 
letter-probability matrix: alength= 4 w= 13 nsites= 13 
0.3829 0.1997 0.2961 0.1213 
0.3784 0.1524 0.3490 0.1202 
0.0989 0.3423 0.1022 0.4566 
0.0095 0.6381 0.3322 0.0202 
0.9090 0.0647 0.0263 0.0000 
0.2843 0.1196 0.1810 0.4151 
0.0241 0.0989 0.0070 0.8700 
0.0252 0.5686 0.4045 0.0017 
0.8115 0.0003 0.1787 0.0095 
0.0090 0.1555 0.2426 0.5930 
0.1591 0.2289 0.2423 0.3697 
0.1401 0.2468 0.4165 0.1966 
0.2583 0.1804 0.3333 0.2280 

MOTIF filter29 
letter-probability matrix: alength= 4 w= 12 nsites= 12 
0.2534 0.2414 0.2580 0.2472 
0.3467 0.2186 0.2620 0.1727 
0.2518 0.2851 0.2850 0.1781 
0.0826 0.8101 0.0476 0.0596 
0.8108 0.0325 0.0799 0.0768 
0.0345 0.6848 0.0440 0.2367 
0.2382 0.0368 0.6970 0.0280 
0.0759 0.1052 0.0343 0.7846 
0.0502 0.0439 0.8264 0.0796 
0.1874 0.2831 0.2873 0.2422 
0.1907 0.2702 0.2021 0.3370 
0.2406 0.2632 0.2375 0.2587 

MOTIF filter30 
letter-probability matrix: alength= 4 w= 13 nsites= 13 
0.2616 0.2461 0.2152 0.2771 
0.2753 0.2320 0.2523 0.2404 
0.1865 0.2457 0.1639 0.4039 
0.0186 0.0261 0.0133 0.9421 
0.0133 0.0177 0.0415 0.9275 
0.1463 0.7985 0.0256 0.0296 
0.0583 0.6513 0.0141 0.2762 
0.2559 0.2236 0.2696 0.2510 
0.2806 0.0128 0.6650 0.0415 
0.0437 0.0212 0.8051 0.1299 
0.9023 0.0473 0.0243 0.0261 
0.9333 0.0230 0.0261 0.0177 
0.4145 0.1670 0.2183 0.2002 

MOTIF filter31 
letter-probability matrix: alength= 4 w= 14 nsites= 14 
0.1500 0.0685 0.5722 0.2093 
0.1278 0.5907 0.1574 0.1241 
0.2778 0.3019 0.2685 0.1519 
0.1185 0.0019 0.7111 0.1685 
0.0000 1.0000 0.0000 0.0000 
0.0000 1.0000 0.0000 0.0000 
1.0000 0.0000 0.0000 0.0000 
0.0000 0.0000 0.0000 1.0000 
0.0315 0.4426 0.1685 0.3574 
0.0000 0.0481 0.0074 0.9444 
0.0000 0.0167 0.0000 0.9833 
0.1185 0.1167 0.5926 0.1722 
0.2759 0.2370 0.2444 0.2426 
0.2352 0.2759 0.2426 0.2463 

