MEME version 4

ALPHABET= ACGT

Background letter frequencies:
A 0.2500 C 0.2500 G 0.2500 T 0.2500 

MOTIF filter0 
letter-probability matrix: alength= 4 w= 16 nsites= 16 
0.2662 0.2220 0.2484 0.2634 
0.1941 0.2555 0.2705 0.2798 
0.2984 0.1021 0.3904 0.2091 
0.0036 0.4090 0.0000 0.5874 
0.0000 0.0000 0.5774 0.4226 
1.0000 0.0000 0.0000 0.0000 
0.0514 0.3148 0.3312 0.3026 
0.1570 0.0000 0.0000 0.8430 
0.2641 0.5353 0.0000 0.2006 
0.9236 0.0000 0.0000 0.0764 
0.0000 0.2405 0.1192 0.6403 
0.7123 0.1306 0.0564 0.1006 
0.1320 0.0664 0.6802 0.1213 
0.3333 0.3569 0.1378 0.1720 
0.2441 0.2719 0.2570 0.2270 
0.2327 0.2891 0.2891 0.1892 

MOTIF filter1 
letter-probability matrix: alength= 4 w= 13 nsites= 13 
0.3175 0.3798 0.2249 0.0778 
0.2735 0.2533 0.2177 0.2555 
0.2605 0.1449 0.3092 0.2854 
0.5993 0.1895 0.2112 0.0000 
0.0094 0.1474 0.1705 0.6728 
0.0068 0.8757 0.0014 0.1160 
0.1272 0.0667 0.3560 0.4501 
0.0717 0.0360 0.8659 0.0263 
0.8750 0.0115 0.1106 0.0029 
0.0000 0.0973 0.1834 0.7193 
0.2000 0.3874 0.0620 0.3506 
0.3950 0.1676 0.2897 0.1477 
0.1564 0.1856 0.3766 0.2814 

MOTIF filter2 
letter-probability matrix: alength= 4 w= 17 nsites= 17 
0.2764 0.2013 0.1949 0.3275 
0.1773 0.1661 0.0974 0.5591 
0.1438 0.1454 0.5559 0.1550 
0.2444 0.6693 0.0575 0.0288 
0.0895 0.0511 0.0112 0.8482 
0.0783 0.0687 0.7444 0.1086 
0.8722 0.0160 0.0319 0.0799 
0.0799 0.3914 0.4457 0.0831 
0.0096 0.0272 0.0064 0.9569 
0.0783 0.8658 0.0096 0.0463 
0.9169 0.0032 0.0415 0.0383 
0.0431 0.0671 0.7268 0.1629 
0.1006 0.7620 0.0575 0.0799 
0.7029 0.0639 0.0974 0.1358 
0.2780 0.2188 0.1965 0.3067 
0.4026 0.1326 0.0990 0.3658 
0.2859 0.1741 0.1310 0.4089 

MOTIF filter3 
letter-probability matrix: alength= 4 w= 15 nsites= 15 
0.2460 0.2325 0.2670 0.2544 
0.2460 0.2468 0.2624 0.2447 
0.2632 0.1262 0.4937 0.1169 
0.1981 0.0315 0.5988 0.1716 
0.2582 0.0324 0.6993 0.0101 
0.0004 0.0050 0.7889 0.2056 
0.0008 0.0219 0.9701 0.0071 
0.4100 0.3642 0.0778 0.1480 
0.0084 0.1779 0.7868 0.0269 
0.0004 0.0013 0.7860 0.2124 
0.2246 0.1510 0.6106 0.0139 
0.3616 0.0715 0.5664 0.0004 
0.1846 0.3827 0.2805 0.1522 
0.2220 0.2380 0.3129 0.2271 
0.2140 0.2502 0.2935 0.2422 

MOTIF filter4 
letter-probability matrix: alength= 4 w= 12 nsites= 12 
0.2652 0.2619 0.2407 0.2322 
0.3374 0.2291 0.2567 0.1767 
0.2552 0.2874 0.2464 0.2109 
0.0616 0.8665 0.0482 0.0237 
0.7968 0.0345 0.0863 0.0824 
0.0287 0.6710 0.0405 0.2599 
0.2483 0.0375 0.6776 0.0366 
0.0703 0.1112 0.0434 0.7752 
0.0723 0.0717 0.7517 0.1043 
0.2011 0.2683 0.2862 0.2444 
0.2024 0.2652 0.2172 0.3152 
0.2435 0.2512 0.2492 0.2561 

MOTIF filter5 
letter-probability matrix: alength= 4 w= 14 nsites= 14 
0.2460 0.2827 0.2676 0.2037 
0.1246 0.3015 0.3413 0.2327 
0.0208 0.5350 0.2007 0.2435 
0.0526 0.6286 0.0220 0.2969 
0.0504 0.9015 0.0329 0.0151 
0.0477 0.8661 0.0742 0.0120 
0.1864 0.1809 0.3640 0.2686 
0.0043 0.7757 0.0981 0.1219 
0.1312 0.6047 0.1226 0.1415 
0.0005 0.5812 0.0660 0.3522 
0.1696 0.5892 0.0180 0.2232 
0.1236 0.4527 0.1450 0.2787 
0.2127 0.2967 0.2564 0.2342 
0.2405 0.2721 0.2450 0.2425 

MOTIF filter6 
letter-probability matrix: alength= 4 w= 11 nsites= 11 
0.2681 0.4585 0.1236 0.1498 
0.4767 0.1177 0.1414 0.2642 
0.1990 0.1445 0.1467 0.5099 
0.6245 0.0231 0.3482 0.0042 
0.0741 0.0173 0.0031 0.9055 
0.3551 0.1684 0.4727 0.0039 
0.3931 0.0401 0.0522 0.5146 
0.0091 0.6722 0.3179 0.0008 
0.0892 0.1077 0.3693 0.4338 
0.0698 0.4194 0.2671 0.2437 
0.1850 0.6019 0.0466 0.1666 

MOTIF filter7 
letter-probability matrix: alength= 4 w= 12 nsites= 12 
0.2825 0.1471 0.3252 0.2452 
0.3123 0.1377 0.3557 0.1943 
0.0483 0.3570 0.4944 0.1004 
0.0417 0.3227 0.0542 0.5814 
0.2076 0.2910 0.0053 0.4962 
0.0518 0.8652 0.0141 0.0690 
0.0659 0.6573 0.0019 0.2749 
0.2500 0.0910 0.5298 0.1293 
0.0016 0.2831 0.7151 0.0003 
0.2848 0.2098 0.2833 0.2220 
0.3530 0.2099 0.2118 0.2252 
0.2712 0.2286 0.2985 0.2017 

MOTIF filter8 
letter-probability matrix: alength= 4 w= 15 nsites= 15 
0.2174 0.0729 0.4808 0.2289 
0.1752 0.4591 0.1777 0.1880 
0.2762 0.2839 0.2340 0.2059 
0.1445 0.0243 0.6547 0.1765 
0.0077 0.9604 0.0166 0.0153 
0.2289 0.7519 0.0000 0.0192 
0.8619 0.0000 0.1381 0.0000 
0.2263 0.0026 0.0972 0.6739 
0.2621 0.2724 0.0716 0.3939 
0.0000 0.0102 0.0000 0.9898 
0.0000 0.0000 0.5166 0.4834 
0.0345 0.0384 0.8836 0.0435 
0.2570 0.4591 0.1036 0.1803 
0.2020 0.1739 0.3376 0.2864 
0.2161 0.2187 0.3708 0.1944 

MOTIF filter9 
letter-probability matrix: alength= 4 w= 8 nsites= 8 
0.4040 0.2003 0.2846 0.1111 
0.5255 0.1427 0.2960 0.0358 
0.0671 0.4328 0.0453 0.4548 
0.1305 0.1318 0.7329 0.0048 
0.0037 0.0008 0.9888 0.0068 
0.2794 0.4447 0.0190 0.2570 
0.0587 0.2858 0.4733 0.1822 
0.2734 0.1841 0.4586 0.0838 

MOTIF filter10 
letter-probability matrix: alength= 4 w= 12 nsites= 12 
0.3457 0.1345 0.4603 0.0594 
0.1357 0.1033 0.4412 0.3199 
0.0132 0.2055 0.2786 0.5027 
0.6390 0.3542 0.0045 0.0024 
0.5505 0.0857 0.1598 0.2039 
0.1296 0.2400 0.0163 0.6141 
0.1837 0.5158 0.2159 0.0846 
0.7793 0.0051 0.0404 0.1752 
0.0394 0.1201 0.0637 0.7768 
0.2753 0.1967 0.3672 0.1609 
0.1954 0.1352 0.3585 0.3108 
0.1148 0.3068 0.2381 0.3402 

MOTIF filter11 
letter-probability matrix: alength= 4 w= 11 nsites= 11 
0.1266 0.3279 0.2921 0.2534 
0.2938 0.1924 0.3129 0.2009 
0.2630 0.2959 0.2003 0.2408 
0.6730 0.0008 0.0054 0.3208 
0.0006 0.8266 0.1707 0.0021 
0.7462 0.0000 0.0545 0.1994 
0.0010 0.4925 0.5043 0.0022 
0.2751 0.0546 0.0619 0.6084 
0.1600 0.2834 0.1487 0.4078 
0.2476 0.3400 0.1660 0.2464 
0.2071 0.3357 0.2560 0.2012 

MOTIF filter12 
letter-probability matrix: alength= 4 w= 15 nsites= 15 
0.2637 0.2093 0.2511 0.2759 
0.2361 0.2778 0.2522 0.2338 
0.1626 0.1278 0.2415 0.4680 
0.0038 0.3819 0.0000 0.6142 
0.0000 0.0042 0.0004 0.9954 
0.4091 0.5909 0.0000 0.0000 
0.1007 0.4657 0.0000 0.4336 
0.3613 0.1803 0.1473 0.3111 
0.3961 0.0000 0.3632 0.2407 
0.1998 0.0004 0.4864 0.3134 
0.4038 0.0000 0.0000 0.5962 
1.0000 0.0000 0.0000 0.0000 
0.3318 0.0934 0.3999 0.1749 
0.3333 0.2893 0.2323 0.1450 
0.2277 0.2798 0.2732 0.2193 

MOTIF filter13 
letter-probability matrix: alength= 4 w= 17 nsites= 17 
0.3857 0.2115 0.2893 0.1135 
0.3655 0.2722 0.1617 0.2006 
0.4868 0.1913 0.1897 0.1322 
0.0622 0.1104 0.0607 0.7667 
0.0342 0.1804 0.7216 0.0638 
0.6827 0.0607 0.2535 0.0031 
0.2706 0.1229 0.5490 0.0575 
0.0000 0.7232 0.0000 0.2768 
0.0000 1.0000 0.0000 0.0000 
1.0000 0.0000 0.0000 0.0000 
0.6267 0.1866 0.0327 0.1540 
0.0404 0.0607 0.0156 0.8834 
0.1073 0.5801 0.2473 0.0653 
0.6532 0.0435 0.1773 0.1260 
0.1695 0.1695 0.5552 0.1058 
0.2240 0.2255 0.2908 0.2597 
0.2566 0.2535 0.2613 0.2286 

MOTIF filter14 
letter-probability matrix: alength= 4 w= 14 nsites= 14 
0.2552 0.2660 0.2441 0.2348 
0.1396 0.5854 0.1545 0.1205 
0.0500 0.5634 0.3118 0.0747 
0.3431 0.1158 0.2267 0.3144 
0.3052 0.0781 0.0177 0.5991 
0.4643 0.0707 0.4627 0.0023 
0.0287 0.1876 0.3281 0.4555 
0.6458 0.0006 0.0324 0.3212 
0.3286 0.0879 0.0706 0.5129 
0.0070 0.3307 0.4908 0.1714 
0.0084 0.5915 0.4001 0.0000 
0.1798 0.4186 0.1545 0.2471 
0.3364 0.2930 0.2272 0.1434 
0.3341 0.0269 0.3178 0.3212 

MOTIF filter15 
letter-probability matrix: alength= 4 w= 12 nsites= 12 
0.3728 0.1656 0.1768 0.2849 
0.0483 0.2447 0.1789 0.5282 
0.2573 0.2972 0.0000 0.4456 
0.0000 0.2758 0.1313 0.5929 
0.8684 0.1309 0.0000 0.0007 
0.1155 0.0091 0.0000 0.8754 
0.2296 0.0000 0.3549 0.4155 
0.0119 0.0000 0.9790 0.0091 
0.1939 0.0004 0.6391 0.1666 
0.2811 0.3833 0.0277 0.3080 
0.5775 0.1218 0.0893 0.2114 
0.1859 0.2846 0.3458 0.1838 

MOTIF filter16 
letter-probability matrix: alength= 4 w= 16 nsites= 16 
0.1728 0.2725 0.2540 0.3008 
0.1668 0.4322 0.1793 0.2218 
0.3553 0.2229 0.3161 0.1057 
0.2213 0.6027 0.1499 0.0262 
0.0948 0.0338 0.1444 0.7270 
0.1341 0.0153 0.5041 0.3466 
0.5123 0.4218 0.0659 0.0000 
0.0431 0.9041 0.0529 0.0000 
0.0000 0.0022 0.5341 0.4638 
0.0022 0.4992 0.4556 0.0431 
0.8605 0.0469 0.0191 0.0736 
0.2180 0.2556 0.1913 0.3351 
0.0496 0.1918 0.6730 0.0856 
0.0888 0.2850 0.0796 0.5466 
0.2267 0.2338 0.3444 0.1951 
0.2436 0.2692 0.3755 0.1117 

MOTIF filter17 
letter-probability matrix: alength= 4 w= 15 nsites= 15 
0.1658 0.5077 0.1481 0.1784 
0.5509 0.2187 0.1795 0.0509 
0.0846 0.1046 0.2276 0.5832 
0.3997 0.5998 0.0003 0.0003 
0.0017 0.2013 0.0003 0.7967 
0.8273 0.1675 0.0034 0.0017 
0.2390 0.0377 0.0186 0.7047 
0.2264 0.1041 0.4537 0.2158 
0.0720 0.0000 0.6515 0.2764 
0.2033 0.1444 0.0923 0.5600 
0.0918 0.3007 0.1475 0.4600 
0.7176 0.0723 0.0663 0.1438 
0.2161 0.1518 0.4860 0.1461 
0.3428 0.3010 0.1778 0.1784 
0.2487 0.1847 0.2170 0.3496 

MOTIF filter18 
letter-probability matrix: alength= 4 w= 14 nsites= 14 
0.1973 0.1169 0.4502 0.2356 
0.2280 0.5900 0.0766 0.1054 
0.1609 0.3602 0.3544 0.1245 
0.3391 0.0000 0.6571 0.0038 
0.4061 0.4559 0.0977 0.0402 
0.0517 0.6322 0.3161 0.0000 
1.0000 0.0000 0.0000 0.0000 
0.0000 0.0000 0.0019 0.9981 
0.0000 0.2184 0.7107 0.0709 
0.0000 0.0019 0.7452 0.2529 
0.0575 0.5230 0.0000 0.4195 
0.1360 0.2203 0.3697 0.2739 
0.1648 0.0556 0.5996 0.1801 
0.2107 0.4943 0.0824 0.2126 

MOTIF filter19 
letter-probability matrix: alength= 4 w= 14 nsites= 14 
0.2512 0.2529 0.2499 0.2460 
0.2615 0.2668 0.2285 0.2432 
0.4082 0.2014 0.3283 0.0620 
0.0498 0.0458 0.0583 0.8462 
0.0264 0.0296 0.1834 0.7605 
0.3139 0.0342 0.4681 0.1838 
0.1047 0.6239 0.0662 0.2052 
0.2186 0.0684 0.6234 0.0895 
0.1886 0.4997 0.0245 0.2871 
0.7368 0.1916 0.0265 0.0451 
0.8717 0.0550 0.0435 0.0299 
0.0754 0.3167 0.1916 0.4164 
0.2444 0.2629 0.2472 0.2455 
0.2480 0.2337 0.2505 0.2677 

MOTIF filter20 
letter-probability matrix: alength= 4 w= 13 nsites= 13 
0.2113 0.2538 0.2932 0.2417 
0.2295 0.4004 0.1436 0.2265 
0.3397 0.1041 0.2963 0.2599 
0.3054 0.5672 0.1274 0.0000 
0.0900 0.0394 0.7098 0.1608 
0.6785 0.0566 0.2204 0.0445 
0.0283 0.8514 0.1203 0.0000 
0.0000 0.0556 0.8999 0.0445 
0.0000 0.0000 0.9080 0.0920 
0.7583 0.0000 0.0233 0.2184 
0.2700 0.2578 0.1223 0.3498 
0.0485 0.2548 0.5329 0.1638 
0.1183 0.4196 0.0617 0.4004 

MOTIF filter21 
letter-probability matrix: alength= 4 w= 15 nsites= 15 
0.3318 0.2098 0.1238 0.3346 
0.1845 0.1647 0.3060 0.3447 
0.2306 0.6042 0.0888 0.0764 
0.1261 0.0557 0.0106 0.8076 
0.4786 0.0000 0.4349 0.0865 
0.3732 0.0175 0.2642 0.3451 
0.2158 0.2503 0.0106 0.5232 
0.1735 0.7372 0.0018 0.0874 
0.6392 0.1781 0.0009 0.1818 
0.0055 0.0018 0.2642 0.7285 
0.5734 0.3948 0.0267 0.0051 
0.3626 0.0018 0.5817 0.0538 
0.5660 0.2329 0.0612 0.1399 
0.3217 0.1721 0.1132 0.3930 
0.3203 0.1546 0.2071 0.3180 

MOTIF filter22 
letter-probability matrix: alength= 4 w= 13 nsites= 13 
0.3039 0.0407 0.2157 0.4397 
0.0589 0.2911 0.5710 0.0790 
0.2147 0.2368 0.1369 0.4115 
0.4704 0.4973 0.0322 0.0000 
0.0208 0.7298 0.0000 0.2494 
0.6837 0.1011 0.0710 0.1442 
0.1285 0.0073 0.1028 0.7615 
0.7159 0.0303 0.2077 0.0460 
0.0000 0.0739 0.0366 0.8895 
0.6018 0.0250 0.2870 0.0863 
0.1006 0.0771 0.3892 0.4331 
0.1772 0.1825 0.5191 0.1212 
0.0877 0.2084 0.5814 0.1224 

MOTIF filter23 
letter-probability matrix: alength= 4 w= 14 nsites= 14 
0.2598 0.2324 0.2324 0.2755 
0.2359 0.2004 0.1882 0.3754 
0.1030 0.1010 0.1208 0.6753 
0.0477 0.0710 0.8640 0.0173 
0.1816 0.7311 0.0381 0.0492 
0.1050 0.0634 0.0411 0.7905 
0.1329 0.0726 0.7504 0.0441 
0.8209 0.1091 0.0173 0.0528 
0.0989 0.3156 0.1953 0.3902 
0.3820 0.2202 0.1735 0.2243 
0.0771 0.0350 0.3105 0.5774 
0.0654 0.4130 0.2390 0.2826 
0.4028 0.0852 0.1542 0.3577 
0.1350 0.0365 0.5413 0.2872 

MOTIF filter24 
letter-probability matrix: alength= 4 w= 13 nsites= 13 
0.2781 0.1406 0.2233 0.3580 
0.2802 0.4136 0.1652 0.1409 
0.1642 0.4947 0.1139 0.2273 
0.0297 0.6070 0.2674 0.0960 
0.0337 0.4380 0.5142 0.0142 
0.2120 0.0000 0.6578 0.1302 
0.1813 0.5126 0.3056 0.0005 
0.7348 0.0000 0.1195 0.1457 
0.0166 0.0086 0.9332 0.0417 
0.0275 0.5203 0.0144 0.4377 
0.2882 0.3596 0.1425 0.2096 
0.4064 0.3358 0.0353 0.2225 
0.2567 0.2120 0.1893 0.3420 

MOTIF filter25 
letter-probability matrix: alength= 4 w= 10 nsites= 10 
0.2593 0.3819 0.1612 0.1976 
0.2610 0.1864 0.1735 0.3791 
0.1133 0.1962 0.5921 0.0984 
0.6726 0.0000 0.0914 0.2360 
0.0012 0.5158 0.2604 0.2226 
0.0219 0.0277 0.9489 0.0014 
0.4240 0.0311 0.0125 0.5324 
0.0778 0.5163 0.2656 0.1402 
0.1799 0.5291 0.1257 0.1653 
0.2212 0.2455 0.1920 0.3413 

MOTIF filter26 
letter-probability matrix: alength= 4 w= 14 nsites= 14 
0.2878 0.3556 0.2115 0.1450 
0.3034 0.1821 0.2548 0.2597 
0.3766 0.3128 0.2164 0.0942 
0.4190 0.5805 0.0004 0.0000 
0.3472 0.1651 0.4444 0.0433 
0.4177 0.0250 0.5573 0.0000 
1.0000 0.0000 0.0000 0.0000 
0.1780 0.0000 0.0000 0.8220 
0.0950 0.0611 0.8072 0.0366 
0.2048 0.0892 0.5658 0.1401 
0.0727 0.2722 0.6368 0.0183 
0.1740 0.3449 0.3373 0.1437 
0.1517 0.3133 0.3320 0.2030 
0.2530 0.4507 0.1513 0.1450 

MOTIF filter27 
letter-probability matrix: alength= 4 w= 13 nsites= 13 
0.1850 0.2268 0.2441 0.3441 
0.2013 0.2342 0.3178 0.2466 
0.3667 0.1787 0.1996 0.2549 
0.0495 0.6812 0.2087 0.0606 
0.0002 0.5122 0.3061 0.1815 
0.6754 0.1716 0.1435 0.0096 
0.7373 0.0740 0.1476 0.0412 
0.0000 0.0525 0.3760 0.5715 
0.1223 0.1699 0.0800 0.6278 
0.2263 0.0329 0.7408 0.0000 
0.1523 0.1873 0.5444 0.1160 
0.2366 0.2551 0.1311 0.3772 
0.2874 0.2365 0.2142 0.2619 

MOTIF filter28 
letter-probability matrix: alength= 4 w= 14 nsites= 14 
0.3219 0.3101 0.1786 0.1894 
0.0029 0.8626 0.0618 0.0726 
0.0216 0.8705 0.0599 0.0481 
0.8606 0.0020 0.0913 0.0461 
0.0000 0.3219 0.0020 0.6762 
0.5770 0.0000 0.0000 0.4230 
0.0000 0.0000 0.0000 1.0000 
0.5662 0.4210 0.0000 0.0128 
0.0864 0.3935 0.0000 0.5201 
0.0020 0.0010 0.9735 0.0236 
0.0000 0.0569 0.9235 0.0196 
0.0726 0.1217 0.4122 0.3935 
0.2846 0.4730 0.1403 0.1021 
0.5976 0.0893 0.0893 0.2237 

MOTIF filter29 
letter-probability matrix: alength= 4 w= 12 nsites= 12 
0.2954 0.2520 0.2378 0.2148 
0.2772 0.2164 0.2612 0.2452 
0.2462 0.2218 0.2470 0.2851 
0.6452 0.0116 0.0002 0.3430 
0.0275 0.0051 0.0025 0.9650 
0.0152 0.3018 0.0450 0.6380 
0.6416 0.0000 0.3554 0.0029 
0.9403 0.0160 0.0437 0.0000 
0.3355 0.0075 0.0872 0.5698 
0.2388 0.2347 0.2936 0.2329 
0.2216 0.2684 0.2712 0.2388 
0.2375 0.2604 0.2568 0.2453 

MOTIF filter30 
letter-probability matrix: alength= 4 w= 15 nsites= 15 
0.3296 0.2256 0.2451 0.1996 
0.3370 0.2266 0.2024 0.2340 
0.2897 0.2572 0.1857 0.2674 
0.0251 0.7279 0.1188 0.1281 
0.0223 0.2108 0.0381 0.7289 
0.0687 0.2906 0.6082 0.0325 
0.9201 0.0000 0.0585 0.0214 
0.0000 0.3863 0.0028 0.6110 
0.0046 0.2981 0.0000 0.6973 
0.3083 0.0000 0.6862 0.0056 
0.2321 0.0028 0.7642 0.0009 
0.0186 0.2934 0.0111 0.6769 
0.0195 0.5413 0.1931 0.2461 
0.3621 0.2888 0.2683 0.0808 
0.3203 0.1448 0.4578 0.0771 

MOTIF filter31 
letter-probability matrix: alength= 4 w= 15 nsites= 15 
0.2914 0.2430 0.2065 0.2591 
0.3032 0.2011 0.2441 0.2516 
0.1720 0.2344 0.1634 0.4301 
0.0978 0.0258 0.0344 0.8419 
0.0925 0.0301 0.1333 0.7441 
0.0978 0.8484 0.0398 0.0140 
0.0022 0.8022 0.0516 0.1441 
0.1839 0.5000 0.1591 0.1570 
0.1387 0.0000 0.8613 0.0000 
0.0000 0.0000 0.9720 0.0280 
0.9441 0.0559 0.0000 0.0000 
1.0000 0.0000 0.0000 0.0000 
0.4441 0.0839 0.4161 0.0559 
0.1022 0.3161 0.1172 0.4645 
0.2226 0.1538 0.3570 0.2667 

