MEME version 4

ALPHABET= ACGT

Background letter frequencies:
A 0.2500 C 0.2500 G 0.2500 T 0.2500 

MOTIF filter0 
letter-probability matrix: alength= 4 w= 15 nsites= 15 
0.3006 0.2385 0.1752 0.2857 
0.3491 0.2944 0.1540 0.2025 
0.2497 0.2112 0.1043 0.4348 
0.0410 0.0360 0.0186 0.9043 
0.0733 0.0161 0.0857 0.8248 
0.0845 0.7615 0.1404 0.0137 
0.0025 0.4646 0.0050 0.5280 
0.1404 0.5826 0.1727 0.1043 
0.4460 0.0025 0.5516 0.0000 
0.0000 0.0000 0.9230 0.0770 
0.5727 0.4273 0.0000 0.0000 
1.0000 0.0000 0.0000 0.0000 
0.5776 0.1789 0.0820 0.1615 
0.2484 0.2000 0.1578 0.3938 
0.3068 0.2012 0.1093 0.3826 

MOTIF filter1 
letter-probability matrix: alength= 4 w= 12 nsites= 12 
0.2399 0.2446 0.2368 0.2787 
0.3010 0.3020 0.1788 0.2181 
0.2162 0.2707 0.2975 0.2156 
0.0000 0.4785 0.4587 0.0628 
0.3978 0.0963 0.1993 0.3066 
0.2754 0.0317 0.4893 0.2036 
0.1529 0.6581 0.0000 0.1891 
0.3873 0.0053 0.5165 0.0909 
0.0021 0.1217 0.8419 0.0344 
0.2496 0.4262 0.0011 0.3232 
0.1865 0.3947 0.2930 0.1258 
0.2313 0.3153 0.2061 0.2473 

MOTIF filter2 
letter-probability matrix: alength= 4 w= 14 nsites= 14 
0.2623 0.2480 0.2461 0.2436 
0.2568 0.1335 0.4604 0.1493 
0.2131 0.0286 0.5660 0.1922 
0.2938 0.0510 0.6398 0.0154 
0.0701 0.0569 0.8676 0.0055 
0.0620 0.1174 0.7902 0.0304 
0.3004 0.4043 0.0913 0.2040 
0.0668 0.0051 0.8635 0.0646 
0.0374 0.0015 0.9552 0.0059 
0.3155 0.0077 0.6449 0.0319 
0.3228 0.0946 0.5682 0.0143 
0.2392 0.3426 0.2894 0.1288 
0.2454 0.2293 0.2832 0.2421 
0.2436 0.2399 0.2817 0.2348 

MOTIF filter3 
letter-probability matrix: alength= 4 w= 13 nsites= 13 
0.1827 0.2365 0.3259 0.2549 
0.0657 0.3968 0.2668 0.2707 
0.1130 0.5650 0.1603 0.1616 
0.5256 0.0145 0.3863 0.0736 
0.0118 0.8003 0.0696 0.1183 
0.0618 0.0552 0.0552 0.8279 
0.0276 0.0053 0.1629 0.8042 
0.0841 0.8817 0.0197 0.0145 
0.0079 0.9711 0.0184 0.0026 
0.2444 0.0026 0.5375 0.2155 
0.0315 0.2194 0.2760 0.4731 
0.0355 0.2865 0.2037 0.4744 
0.0184 0.2102 0.2339 0.5375 

MOTIF filter4 
letter-probability matrix: alength= 4 w= 10 nsites= 10 
0.2614 0.2939 0.3306 0.1141 
0.3041 0.1999 0.2088 0.2872 
0.1064 0.6140 0.1475 0.1321 
0.0037 0.0000 0.8754 0.1209 
0.0037 0.6958 0.0010 0.2995 
0.5362 0.0037 0.4528 0.0073 
0.0023 0.5724 0.1764 0.2489 
0.2124 0.2950 0.2428 0.2499 
0.3051 0.2493 0.1591 0.2865 
0.2092 0.3019 0.1896 0.2994 

MOTIF filter5 
letter-probability matrix: alength= 4 w= 10 nsites= 10 
0.1995 0.2721 0.2883 0.2401 
0.3681 0.1958 0.2577 0.1784 
0.1399 0.2958 0.4614 0.1030 
0.2280 0.0000 0.1923 0.5797 
0.0000 0.9942 0.0058 0.0000 
0.4672 0.0596 0.0851 0.3881 
0.0000 0.0325 0.9673 0.0002 
0.2405 0.3635 0.0000 0.3960 
0.3398 0.1241 0.4922 0.0438 
0.0005 0.4716 0.3111 0.2169 

MOTIF filter6 
letter-probability matrix: alength= 4 w= 9 nsites= 9 
0.1509 0.4491 0.3075 0.0926 
0.4691 0.1309 0.3883 0.0118 
0.3409 0.5162 0.0438 0.0991 
0.0567 0.8187 0.1139 0.0107 
0.2333 0.0192 0.6665 0.0811 
0.0019 0.0181 0.0148 0.9652 
0.0403 0.2894 0.5405 0.1298 
0.0334 0.1851 0.5115 0.2700 
0.1112 0.4926 0.0433 0.3530 

MOTIF filter7 
letter-probability matrix: alength= 4 w= 13 nsites= 13 
0.0529 0.4500 0.2655 0.2316 
0.2301 0.2262 0.1677 0.3760 
0.1663 0.1226 0.2602 0.4508 
0.3201 0.6794 0.0005 0.0000 
0.0000 0.5153 0.0032 0.4816 
0.4464 0.2602 0.0683 0.2252 
0.4004 0.0000 0.5867 0.0129 
0.0000 0.0000 0.8082 0.1918 
0.3936 0.3156 0.2746 0.0161 
0.6664 0.0504 0.1763 0.1069 
0.2181 0.3671 0.3369 0.0780 
0.2947 0.2013 0.2917 0.2123 
0.2617 0.2320 0.2476 0.2588 

MOTIF filter8 
letter-probability matrix: alength= 4 w= 13 nsites= 13 
0.1930 0.2783 0.2625 0.2662 
0.3133 0.2514 0.3180 0.1174 
0.3769 0.1935 0.2482 0.1813 
0.1458 0.6205 0.2338 0.0000 
0.0003 0.5671 0.0000 0.4326 
0.5757 0.1486 0.2757 0.0000 
0.2521 0.7258 0.0222 0.0000 
0.0037 0.2606 0.5815 0.1542 
0.0126 0.1758 0.2978 0.5138 
0.0585 0.0953 0.8430 0.0032 
0.3041 0.1669 0.3528 0.1762 
0.1573 0.3088 0.1794 0.3546 
0.2302 0.2618 0.2866 0.2214 

MOTIF filter9 
letter-probability matrix: alength= 4 w= 13 nsites= 13 
0.2421 0.2272 0.3070 0.2236 
0.3093 0.1848 0.2905 0.2154 
0.2412 0.3467 0.2162 0.1959 
0.0000 0.7996 0.0195 0.1809 
0.1056 0.5740 0.2812 0.0392 
0.1759 0.0023 0.8218 0.0000 
0.5153 0.0407 0.0278 0.4162 
0.0000 0.5391 0.0946 0.3663 
0.0269 0.3824 0.5674 0.0233 
0.2592 0.1388 0.6019 0.0001 
0.1714 0.2798 0.3380 0.2109 
0.2261 0.2240 0.2778 0.2721 
0.1944 0.3327 0.2516 0.2212 

MOTIF filter10 
letter-probability matrix: alength= 4 w= 16 nsites= 16 
0.2407 0.2575 0.2715 0.2304 
0.2649 0.2710 0.2379 0.2262 
0.1469 0.1007 0.3036 0.4487 
0.0033 0.6782 0.0000 0.3186 
0.0000 0.0000 0.0000 1.0000 
0.7313 0.2682 0.0005 0.0000 
0.2262 0.2276 0.0028 0.5434 
0.3577 0.0546 0.1502 0.4375 
0.4188 0.0000 0.2178 0.3633 
0.4725 0.0023 0.2565 0.2687 
0.1842 0.0000 0.0000 0.8158 
1.0000 0.0000 0.0000 0.0000 
0.2132 0.0364 0.6427 0.1077 
0.3773 0.3433 0.1278 0.1516 
0.2337 0.2509 0.2976 0.2178 
0.2514 0.2635 0.2435 0.2416 

MOTIF filter11 
letter-probability matrix: alength= 4 w= 12 nsites= 12 
0.3087 0.2579 0.2336 0.1997 
0.2953 0.0482 0.4707 0.1858 
0.0903 0.6300 0.1533 0.1264 
0.1337 0.8619 0.0004 0.0039 
0.9631 0.0056 0.0308 0.0004 
0.0986 0.4698 0.2688 0.1628 
0.1702 0.3044 0.3986 0.1268 
0.0000 0.0213 0.0143 0.9644 
0.0009 0.0009 0.8315 0.1667 
0.1698 0.1637 0.5727 0.0938 
0.2853 0.4342 0.0738 0.2067 
0.2601 0.2084 0.3139 0.2175 

MOTIF filter12 
letter-probability matrix: alength= 4 w= 20 nsites= 20 
0.2708 0.2584 0.2297 0.2411 
0.1321 0.1139 0.0689 0.6852 
0.0297 0.0746 0.6833 0.2124 
0.4211 0.4268 0.0957 0.0565 
0.0019 0.9962 0.0019 0.0000 
0.0010 0.9675 0.0249 0.0067 
0.7445 0.0134 0.1014 0.1407 
0.1522 0.0010 0.0057 0.8411 
0.7751 0.1876 0.0373 0.0000 
0.0000 0.0124 0.2019 0.7856 
0.8191 0.0699 0.0239 0.0871 
0.2431 0.0651 0.0010 0.6909 
0.0411 0.1359 0.8010 0.0220 
0.0115 0.0632 0.9158 0.0096 
0.1206 0.0947 0.3550 0.4297 
0.2900 0.5895 0.0756 0.0450 
0.7378 0.0124 0.0459 0.2038 
0.2373 0.2660 0.2010 0.2957 
0.2622 0.2306 0.2498 0.2574 
0.2756 0.2201 0.2555 0.2488 

MOTIF filter13 
letter-probability matrix: alength= 4 w= 14 nsites= 14 
0.1802 0.1549 0.1577 0.5072 
0.2648 0.1632 0.5171 0.0549 
0.4122 0.4254 0.0553 0.1071 
0.1390 0.1395 0.0281 0.6933 
0.2970 0.1930 0.4552 0.0549 
0.6857 0.1090 0.0367 0.1686 
0.2499 0.3542 0.1100 0.2859 
0.5597 0.1530 0.1750 0.1123 
0.1509 0.0508 0.2958 0.5025 
0.0965 0.7408 0.0381 0.1246 
0.8908 0.0170 0.0352 0.0570 
0.1925 0.0873 0.5670 0.1532 
0.1282 0.5065 0.1336 0.2317 
0.5320 0.1362 0.1272 0.2045 

MOTIF filter14 
letter-probability matrix: alength= 4 w= 16 nsites= 16 
0.2171 0.2174 0.2021 0.3634 
0.1968 0.2231 0.3663 0.2139 
0.2291 0.1822 0.2536 0.3350 
0.0668 0.8284 0.0131 0.0917 
0.0259 0.3577 0.0227 0.5936 
0.9027 0.0199 0.0160 0.0615 
0.2181 0.0011 0.0121 0.7687 
0.6007 0.0409 0.0380 0.3204 
0.3290 0.0153 0.0533 0.6025 
0.7282 0.0014 0.0007 0.2696 
0.0302 0.0281 0.0224 0.9194 
0.5634 0.0149 0.4089 0.0128 
0.0988 0.0050 0.8739 0.0224 
0.3236 0.3222 0.1485 0.2057 
0.2419 0.3393 0.2270 0.1918 
0.3595 0.1925 0.2444 0.2036 

MOTIF filter15 
letter-probability matrix: alength= 4 w= 15 nsites= 15 
0.2538 0.3186 0.2172 0.2103 
0.2331 0.2835 0.2619 0.2215 
0.1199 0.3094 0.3163 0.2544 
0.0190 0.5664 0.1069 0.3077 
0.0369 0.6390 0.0043 0.3198 
0.0303 0.9516 0.0006 0.0176 
0.0591 0.8366 0.0109 0.0933 
0.1812 0.2057 0.3437 0.2694 
0.0303 0.7361 0.1420 0.0916 
0.0547 0.8712 0.0487 0.0254 
0.0006 0.6502 0.0599 0.2893 
0.1723 0.5935 0.0112 0.2230 
0.1296 0.4604 0.1363 0.2737 
0.2230 0.2970 0.2385 0.2414 
0.2414 0.2665 0.2420 0.2501 

MOTIF filter16 
letter-probability matrix: alength= 4 w= 11 nsites= 11 
0.2861 0.2357 0.1986 0.2796 
0.2397 0.2608 0.2853 0.2142 
0.1326 0.2868 0.2585 0.3221 
0.5533 0.0000 0.4465 0.0002 
0.2139 0.5644 0.2217 0.0000 
0.3019 0.1991 0.3760 0.1230 
0.0004 0.4825 0.0000 0.5170 
0.0000 0.0000 0.5399 0.4601 
0.1983 0.3363 0.0012 0.4642 
0.2311 0.1058 0.5221 0.1410 
0.3438 0.2936 0.2167 0.1459 

MOTIF filter17 
letter-probability matrix: alength= 4 w= 12 nsites= 12 
0.2279 0.1334 0.3435 0.2952 
0.3386 0.1467 0.2552 0.2595 
0.4583 0.0000 0.3282 0.2135 
0.9247 0.0289 0.0464 0.0000 
0.4607 0.3866 0.0453 0.1074 
0.0022 0.0030 0.3384 0.6563 
0.0000 0.0524 0.0000 0.9476 
0.3100 0.2825 0.0622 0.3452 
0.4365 0.4880 0.0054 0.0701 
0.2770 0.2303 0.3471 0.1456 
0.3972 0.1612 0.2137 0.2279 
0.2623 0.2767 0.2050 0.2560 

MOTIF filter18 
letter-probability matrix: alength= 4 w= 12 nsites= 12 
0.0398 0.4023 0.2938 0.2640 
0.0444 0.3490 0.1567 0.4498 
0.4019 0.0246 0.4556 0.1179 
0.8369 0.0000 0.1631 0.0000 
0.0019 0.4623 0.0048 0.5310 
0.1142 0.4348 0.0296 0.4213 
0.4548 0.0444 0.3290 0.1717 
0.4092 0.1479 0.4367 0.0062 
0.0000 0.1650 0.0029 0.8321 
0.2642 0.4954 0.0563 0.1840 
0.4129 0.1831 0.2933 0.1108 
0.2554 0.1979 0.4444 0.1023 

MOTIF filter19 
letter-probability matrix: alength= 4 w= 13 nsites= 13 
0.0986 0.1857 0.6142 0.1015 
0.5407 0.1167 0.1812 0.1615 
0.1204 0.0427 0.3324 0.5045 
0.0021 0.0965 0.0000 0.9014 
0.0004 0.6857 0.3135 0.0004 
0.8221 0.0686 0.0978 0.0115 
0.2946 0.1964 0.1343 0.3747 
0.0834 0.0744 0.2030 0.6393 
0.0251 0.4150 0.5041 0.0559 
0.7814 0.0304 0.1791 0.0090 
0.3599 0.2592 0.2555 0.1253 
0.3164 0.1894 0.2375 0.2568 
0.1261 0.3472 0.3053 0.2214 

MOTIF filter20 
letter-probability matrix: alength= 4 w= 12 nsites= 12 
0.2197 0.3072 0.2345 0.2386 
0.2195 0.2440 0.2417 0.2949 
0.2230 0.2695 0.3231 0.1844 
0.6950 0.0049 0.0068 0.2932 
0.0000 0.0725 0.0000 0.9275 
0.0004 0.2765 0.0002 0.7229 
0.6520 0.0070 0.3386 0.0025 
0.8465 0.0004 0.1531 0.0000 
0.2918 0.0052 0.0120 0.6911 
0.1589 0.3404 0.2807 0.2201 
0.2399 0.2819 0.2726 0.2056 
0.2405 0.2539 0.2918 0.2139 

MOTIF filter21 
letter-probability matrix: alength= 4 w= 10 nsites= 10 
0.1955 0.2999 0.2039 0.3007 
0.0438 0.2010 0.2058 0.5494 
0.3888 0.1845 0.2543 0.1724 
0.0275 0.0580 0.0494 0.8652 
0.4072 0.3433 0.1980 0.0515 
0.0338 0.0560 0.1435 0.7667 
0.8852 0.0305 0.0843 0.0000 
0.0480 0.2433 0.5478 0.1610 
0.2620 0.2453 0.2884 0.2043 
0.2509 0.2708 0.2454 0.2329 

MOTIF filter22 
letter-probability matrix: alength= 4 w= 13 nsites= 13 
0.3151 0.2497 0.2469 0.1883 
0.3151 0.3198 0.1429 0.2222 
0.4669 0.1575 0.2913 0.0844 
0.0066 0.0191 0.1448 0.8295 
0.1218 0.3146 0.4785 0.0851 
0.7889 0.0000 0.0047 0.2064 
0.0962 0.4895 0.3348 0.0795 
0.4089 0.0000 0.3348 0.2563 
0.0477 0.1721 0.0003 0.7799 
0.6363 0.0717 0.2920 0.0000 
0.1228 0.3666 0.0774 0.4331 
0.2276 0.0602 0.4148 0.2974 
0.1305 0.2969 0.2701 0.3026 

MOTIF filter23 
letter-probability matrix: alength= 4 w= 14 nsites= 14 
0.2451 0.2479 0.2640 0.2429 
0.2655 0.2543 0.2256 0.2546 
0.4285 0.1785 0.3328 0.0602 
0.0450 0.0168 0.0441 0.8941 
0.0197 0.0111 0.1526 0.8165 
0.3169 0.0180 0.5044 0.1607 
0.0974 0.6426 0.0519 0.2081 
0.1958 0.0799 0.6637 0.0607 
0.1673 0.5113 0.0166 0.3048 
0.7914 0.1477 0.0211 0.0398 
0.9438 0.0201 0.0173 0.0187 
0.0628 0.3162 0.1678 0.4532 
0.2541 0.2645 0.2522 0.2292 
0.2373 0.2394 0.2584 0.2650 

MOTIF filter24 
letter-probability matrix: alength= 4 w= 11 nsites= 11 
0.2769 0.3262 0.2097 0.1872 
0.3549 0.2850 0.2190 0.1411 
0.2398 0.1769 0.2413 0.3420 
0.7372 0.1142 0.0996 0.0489 
0.0007 0.4612 0.2607 0.2775 
0.9293 0.0000 0.0000 0.0707 
0.2813 0.0344 0.0000 0.6843 
0.0932 0.2353 0.6715 0.0001 
0.0738 0.1376 0.2649 0.5237 
0.1441 0.3458 0.3401 0.1700 
0.1773 0.2942 0.3133 0.2153 

MOTIF filter25 
letter-probability matrix: alength= 4 w= 14 nsites= 14 
0.3948 0.1922 0.1877 0.2253 
0.2458 0.1845 0.2561 0.3135 
0.1478 0.1049 0.4650 0.2823 
0.0706 0.7375 0.1097 0.0821 
0.1700 0.0774 0.2197 0.5329 
0.2567 0.0029 0.6397 0.1007 
0.3722 0.5848 0.0233 0.0197 
0.0336 0.8025 0.0000 0.1639 
0.2848 0.0531 0.0877 0.5744 
0.2269 0.0000 0.5581 0.2150 
0.0020 0.0366 0.5121 0.4493 
0.4157 0.3576 0.0381 0.1886 
0.3814 0.1119 0.2623 0.2444 
0.2305 0.2092 0.3556 0.2047 

MOTIF filter26 
letter-probability matrix: alength= 4 w= 17 nsites= 17 
0.3629 0.2155 0.1791 0.2425 
0.3011 0.0111 0.0158 0.6719 
0.1395 0.0983 0.3899 0.3724 
0.2567 0.0903 0.0095 0.6434 
0.0000 0.4818 0.5182 0.0000 
0.0190 0.9794 0.0016 0.0000 
0.3582 0.0016 0.0063 0.6339 
0.0032 0.0000 0.3914 0.6054 
0.9937 0.0016 0.0048 0.0000 
0.0349 0.1949 0.1236 0.6466 
0.7227 0.0555 0.0761 0.1458 
0.1030 0.0824 0.1426 0.6719 
0.0983 0.0269 0.7655 0.1094 
0.0824 0.0697 0.7147 0.1331 
0.1838 0.0507 0.3043 0.4612 
0.1712 0.4453 0.2187 0.1648 
0.4184 0.1632 0.2044 0.2139 

MOTIF filter27 
letter-probability matrix: alength= 4 w= 12 nsites= 12 
0.1741 0.2743 0.3062 0.2454 
0.3532 0.2839 0.3107 0.0521 
0.3482 0.1781 0.3892 0.0845 
0.0810 0.0157 0.3532 0.5501 
1.0000 0.0000 0.0000 0.0000 
0.0000 0.9054 0.0946 0.0000 
0.0010 0.1063 0.0005 0.8922 
0.0000 0.4818 0.4924 0.0258 
0.1538 0.1447 0.0121 0.6893 
0.1022 0.2996 0.3492 0.2490 
0.2475 0.2834 0.2596 0.2095 
0.1129 0.2697 0.2611 0.3563 

MOTIF filter28 
letter-probability matrix: alength= 4 w= 12 nsites= 12 
0.2134 0.3338 0.1912 0.2616 
0.1343 0.1312 0.1399 0.5945 
0.1434 0.1890 0.1082 0.5593 
0.0656 0.6906 0.2229 0.0209 
0.0852 0.8705 0.0022 0.0422 
0.0204 0.0061 0.9235 0.0500 
0.0243 0.1565 0.7949 0.0243 
0.8296 0.0361 0.0939 0.0404 
0.8866 0.0391 0.0504 0.0239 
0.2038 0.1056 0.5997 0.0908 
0.1521 0.2764 0.1100 0.4615 
0.2203 0.1769 0.4459 0.1569 

MOTIF filter29 
letter-probability matrix: alength= 4 w= 13 nsites= 13 
0.1910 0.2080 0.1630 0.4381 
0.1401 0.1504 0.5125 0.1969 
0.3134 0.4543 0.1925 0.0398 
0.0450 0.0457 0.0052 0.9041 
0.0501 0.0494 0.8466 0.0538 
0.8739 0.0265 0.0472 0.0524 
0.0708 0.3746 0.4978 0.0568 
0.0037 0.0302 0.0044 0.9617 
0.0634 0.9019 0.0103 0.0243 
0.9240 0.0052 0.0192 0.0516 
0.0324 0.1704 0.5258 0.2714 
0.1541 0.6217 0.1158 0.1084 
0.5273 0.1173 0.1718 0.1836 

MOTIF filter30 
letter-probability matrix: alength= 4 w= 14 nsites= 14 
0.1800 0.2063 0.4011 0.2126 
0.2780 0.3277 0.1711 0.2233 
0.1447 0.5119 0.1851 0.1583 
0.1324 0.6460 0.1188 0.1027 
0.3531 0.2063 0.0849 0.3557 
0.0072 0.5484 0.0416 0.4028 
0.9155 0.0823 0.0008 0.0013 
0.0000 0.3404 0.0000 0.6596 
0.3497 0.0000 0.4885 0.1617 
0.0450 0.0008 0.0768 0.8773 
0.0000 0.0059 0.9941 0.0000 
0.0093 0.3565 0.3833 0.2508 
0.0280 0.2500 0.2432 0.4788 
0.2364 0.4223 0.1681 0.1732 

MOTIF filter31 
letter-probability matrix: alength= 4 w= 11 nsites= 11 
0.2367 0.2421 0.2126 0.3086 
0.1269 0.0869 0.1870 0.5992 
0.1283 0.2733 0.1433 0.4550 
0.4308 0.5626 0.0064 0.0002 
0.0289 0.8954 0.0621 0.0136 
0.0148 0.3461 0.6088 0.0303 
0.0288 0.0000 0.3916 0.5797 
0.0044 0.1251 0.6624 0.2081 
0.5593 0.2111 0.1557 0.0740 
0.5263 0.1488 0.1219 0.2030 
0.3649 0.2180 0.1868 0.2302 

