MEME version 4

ALPHABET= ACGT

Background letter frequencies:
A 0.2500 C 0.2500 G 0.2500 T 0.2500 

MOTIF filter0 
letter-probability matrix: alength= 4 w= 14 nsites= 14 
0.3121 0.2546 0.2505 0.1828 
0.2936 0.2669 0.2936 0.1458 
0.2156 0.1971 0.2772 0.3101 
0.0308 0.7207 0.2485 0.0000 
0.0493 0.9507 0.0000 0.0000 
0.0000 0.0041 0.9836 0.0123 
0.0000 0.0000 1.0000 0.0000 
0.9918 0.0082 0.0000 0.0000 
0.9918 0.0062 0.0000 0.0021 
0.0780 0.0493 0.8727 0.0000 
0.0678 0.3203 0.0287 0.5832 
0.2320 0.1129 0.5811 0.0739 
0.2341 0.2546 0.4579 0.0534 
0.2259 0.3388 0.2546 0.1807 

MOTIF filter1 
letter-probability matrix: alength= 4 w= 14 nsites= 14 
0.1835 0.0833 0.5166 0.2167 
0.1466 0.6043 0.0759 0.1732 
0.0929 0.5357 0.2019 0.1695 
0.5063 0.0000 0.4901 0.0037 
0.3449 0.1879 0.1186 0.3486 
0.1923 0.3242 0.4274 0.0560 
0.7487 0.0044 0.0118 0.2351 
0.0007 0.1643 0.0059 0.8290 
0.0796 0.0730 0.8187 0.0287 
0.0391 0.0155 0.8718 0.0737 
0.0862 0.7760 0.0147 0.1231 
0.2771 0.2388 0.2564 0.2277 
0.2130 0.1024 0.5748 0.1098 
0.2144 0.4562 0.0678 0.2616 

MOTIF filter2 
letter-probability matrix: alength= 4 w= 13 nsites= 13 
0.1285 0.2904 0.3687 0.2124 
0.0283 0.5687 0.1443 0.2587 
0.0300 0.5426 0.1199 0.3075 
0.0004 0.9983 0.0009 0.0004 
0.0000 0.9919 0.0069 0.0013 
0.2480 0.1139 0.3340 0.3041 
0.0056 0.6103 0.0077 0.3764 
0.0009 0.7854 0.0398 0.1739 
0.0000 0.5799 0.0004 0.4197 
0.1358 0.5859 0.0000 0.2784 
0.1152 0.4668 0.1512 0.2668 
0.2561 0.2741 0.2450 0.2248 
0.2651 0.2638 0.2505 0.2206 

MOTIF filter3 
letter-probability matrix: alength= 4 w= 11 nsites= 11 
0.2810 0.2741 0.2702 0.1747 
0.3220 0.2111 0.4202 0.0468 
0.2628 0.2770 0.2131 0.2471 
0.1097 0.6451 0.2100 0.0353 
0.0195 0.0005 0.6947 0.2854 
0.0034 0.0001 0.0195 0.9771 
0.1914 0.5446 0.2369 0.0271 
0.0002 0.7467 0.0988 0.1543 
0.4028 0.2524 0.2602 0.0846 
0.3392 0.1739 0.2600 0.2269 
0.2398 0.2697 0.2813 0.2092 

MOTIF filter4 
letter-probability matrix: alength= 4 w= 11 nsites= 11 
0.2685 0.2604 0.2321 0.2390 
0.2149 0.2665 0.2779 0.2407 
0.5452 0.0901 0.0548 0.3100 
0.0001 0.0098 0.0922 0.8979 
0.0002 0.2231 0.0103 0.7665 
0.6093 0.0000 0.3448 0.0459 
0.8257 0.1017 0.0696 0.0030 
0.2645 0.0507 0.0787 0.6061 
0.2196 0.2758 0.2709 0.2337 
0.2345 0.2862 0.2609 0.2183 
0.2679 0.2635 0.2334 0.2352 

MOTIF filter5 
letter-probability matrix: alength= 4 w= 13 nsites= 13 
0.4004 0.0931 0.1732 0.3333 
0.6082 0.0260 0.0649 0.3009 
0.4481 0.0022 0.0390 0.5108 
0.2792 0.1667 0.1818 0.3723 
0.0130 0.0000 0.0000 0.9870 
0.0000 0.0000 1.0000 0.0000 
0.0433 0.9567 0.0000 0.0000 
0.0000 0.0000 0.0000 1.0000 
0.0000 0.0000 0.9654 0.0346 
0.9978 0.0000 0.0022 0.0000 
0.0714 0.4481 0.2771 0.2035 
0.2489 0.1602 0.0931 0.4978 
0.2078 0.2857 0.1645 0.3420 

MOTIF filter6 
letter-probability matrix: alength= 4 w= 9 nsites= 9 
0.2187 0.3026 0.1973 0.2814 
0.1977 0.2865 0.1775 0.3383 
0.2387 0.1467 0.4461 0.1685 
0.0122 0.3974 0.5701 0.0203 
0.1597 0.0000 0.6828 0.1575 
0.0695 0.8081 0.0247 0.0977 
0.4671 0.0023 0.2667 0.2639 
0.1971 0.3924 0.1213 0.2893 
0.0797 0.2799 0.3815 0.2589 

MOTIF filter7 
letter-probability matrix: alength= 4 w= 12 nsites= 12 
0.2586 0.2581 0.2470 0.2362 
0.3576 0.2176 0.2591 0.1657 
0.2440 0.2998 0.2730 0.1831 
0.0447 0.8282 0.0640 0.0631 
0.7584 0.0571 0.1108 0.0737 
0.0409 0.6817 0.0568 0.2205 
0.2411 0.0538 0.6795 0.0256 
0.1003 0.1374 0.0420 0.7203 
0.0549 0.0603 0.8045 0.0803 
0.1882 0.2788 0.2919 0.2411 
0.1808 0.2736 0.2056 0.3399 
0.2447 0.2556 0.2383 0.2614 

MOTIF filter8 
letter-probability matrix: alength= 4 w= 14 nsites= 14 
0.0847 0.3362 0.1482 0.4309 
0.0996 0.2864 0.3649 0.2491 
0.3474 0.1806 0.4558 0.0162 
0.5193 0.0125 0.3761 0.0922 
0.0237 0.9502 0.0112 0.0149 
0.0262 0.9191 0.0535 0.0012 
0.9763 0.0212 0.0000 0.0025 
0.9465 0.0137 0.0386 0.0012 
0.0199 0.0423 0.0336 0.9041 
0.0946 0.6115 0.2939 0.0000 
0.8306 0.0436 0.0934 0.0324 
0.2167 0.2727 0.4271 0.0834 
0.2428 0.2304 0.3088 0.2179 
0.3549 0.2080 0.2055 0.2316 

MOTIF filter9 
letter-probability matrix: alength= 4 w= 13 nsites= 13 
0.2457 0.2286 0.1959 0.3298 
0.3853 0.2498 0.1633 0.2016 
0.2090 0.2457 0.3535 0.1918 
0.6400 0.0049 0.3029 0.0522 
0.3102 0.1167 0.0212 0.5518 
0.4784 0.3265 0.0000 0.1951 
0.0000 0.0612 0.9388 0.0000 
0.0000 0.0000 0.0000 1.0000 
0.7404 0.0302 0.2278 0.0016 
0.0024 0.1461 0.0000 0.8514 
0.0710 0.2000 0.4620 0.2669 
0.2278 0.3322 0.2571 0.1829 
0.2171 0.2229 0.2392 0.3208 

MOTIF filter10 
letter-probability matrix: alength= 4 w= 12 nsites= 12 
0.3182 0.2778 0.1902 0.2138 
0.4798 0.0707 0.1465 0.3030 
0.2593 0.2727 0.3939 0.0741 
0.0000 0.0320 0.0000 0.9680 
0.1212 0.8636 0.0152 0.0000 
0.9714 0.0067 0.0168 0.0051 
0.0000 0.0017 0.9428 0.0556 
0.0000 0.9714 0.0286 0.0000 
0.9882 0.0000 0.0000 0.0118 
0.4091 0.1902 0.1465 0.2542 
0.4495 0.0387 0.0118 0.5000 
0.3788 0.0842 0.0269 0.5101 

MOTIF filter11 
letter-probability matrix: alength= 4 w= 13 nsites= 13 
0.1684 0.2163 0.3546 0.2606 
0.0603 0.4326 0.2482 0.2589 
0.1064 0.5372 0.1738 0.1826 
0.6170 0.0284 0.3014 0.0532 
0.0000 0.8404 0.0248 0.1348 
0.0018 0.0000 0.0053 0.9929 
0.0000 0.0000 0.0000 1.0000 
0.0000 1.0000 0.0000 0.0000 
0.0053 0.9947 0.0000 0.0000 
0.0000 0.0000 0.8989 0.1011 
0.0018 0.1560 0.8245 0.0177 
0.2128 0.2021 0.2979 0.2872 
0.2323 0.2518 0.2518 0.2642 

MOTIF filter12 
letter-probability matrix: alength= 4 w= 9 nsites= 9 
0.2743 0.0675 0.4441 0.2141 
0.1296 0.2751 0.4423 0.1530 
0.4802 0.0023 0.3278 0.1896 
0.3429 0.1619 0.0010 0.4942 
0.0000 0.0598 0.0138 0.9265 
0.5316 0.1629 0.0000 0.3056 
0.1792 0.4333 0.3856 0.0020 
0.2759 0.2381 0.2471 0.2389 
0.2439 0.2758 0.2451 0.2351 

MOTIF filter13 
letter-probability matrix: alength= 4 w= 12 nsites= 12 
0.1631 0.1377 0.1800 0.5191 
0.2113 0.4837 0.2291 0.0759 
0.0876 0.4599 0.0834 0.3691 
0.3541 0.6044 0.0083 0.0333 
0.1056 0.3617 0.0100 0.5228 
0.6269 0.2065 0.0044 0.1623 
0.0521 0.0022 0.3069 0.6388 
0.6283 0.1750 0.1571 0.0396 
0.0019 0.0001 0.5223 0.4756 
0.4884 0.0831 0.3889 0.0396 
0.0899 0.1681 0.5450 0.1970 
0.3456 0.2458 0.2155 0.1931 

MOTIF filter14 
letter-probability matrix: alength= 4 w= 15 nsites= 15 
0.2329 0.2286 0.2767 0.2618 
0.2607 0.2553 0.2468 0.2372 
0.2767 0.1154 0.5150 0.0929 
0.1880 0.0043 0.6378 0.1699 
0.2724 0.0011 0.7190 0.0075 
0.0171 0.0021 0.9754 0.0053 
0.0011 0.0053 0.9786 0.0150 
0.3333 0.4263 0.0171 0.2233 
0.0118 0.0021 0.9316 0.0545 
0.0374 0.0118 0.9316 0.0192 
0.2479 0.0021 0.7222 0.0278 
0.2425 0.0855 0.6709 0.0011 
0.2126 0.4658 0.2190 0.1026 
0.2543 0.2254 0.2821 0.2382 
0.2468 0.2917 0.2169 0.2447 

MOTIF filter15 
letter-probability matrix: alength= 4 w= 17 nsites= 17 
0.2471 0.2572 0.2313 0.2644 
0.2213 0.2687 0.2284 0.2816 
0.1681 0.1078 0.3506 0.3736 
0.0675 0.7759 0.0517 0.1049 
0.0359 0.0963 0.0000 0.8678 
0.9468 0.0101 0.0029 0.0402 
0.2716 0.0230 0.1006 0.6049 
0.4382 0.0330 0.0244 0.5043 
0.4138 0.0603 0.1279 0.3980 
0.5101 0.0029 0.0000 0.4871 
0.0014 0.2299 0.0000 0.7687 
1.0000 0.0000 0.0000 0.0000 
0.0101 0.0000 0.9741 0.0158 
0.2917 0.6710 0.0115 0.0259 
0.5575 0.1480 0.1494 0.1451 
0.2730 0.2773 0.1940 0.2557 
0.2830 0.2126 0.1667 0.3376 

MOTIF filter16 
letter-probability matrix: alength= 4 w= 15 nsites= 15 
0.1868 0.4162 0.1826 0.2144 
0.3049 0.3434 0.1926 0.1591 
0.2454 0.0218 0.5570 0.1759 
0.0678 0.8049 0.0821 0.0452 
0.2563 0.7420 0.0017 0.0000 
0.8668 0.0050 0.1281 0.0000 
0.2730 0.0888 0.2739 0.3643 
0.3961 0.1943 0.1357 0.2739 
0.0000 0.0611 0.0000 0.9389 
0.0000 0.0042 0.7814 0.2144 
0.0662 0.0704 0.8291 0.0343 
0.2420 0.6122 0.0302 0.1156 
0.1960 0.1985 0.3350 0.2705 
0.1817 0.2412 0.3953 0.1817 
0.2270 0.5034 0.0779 0.1918 

MOTIF filter17 
letter-probability matrix: alength= 4 w= 11 nsites= 11 
0.2002 0.2089 0.1884 0.4024 
0.1553 0.1294 0.3626 0.3527 
0.1755 0.2512 0.1206 0.4527 
0.0000 0.5903 0.3100 0.0997 
0.1356 0.6154 0.0303 0.2187 
0.1572 0.0692 0.0140 0.7596 
0.0262 0.0000 0.0476 0.9262 
0.1650 0.0000 0.3856 0.4494 
0.0347 0.3148 0.2247 0.4258 
0.2635 0.4232 0.0019 0.3114 
0.1728 0.2767 0.0365 0.5140 

MOTIF filter18 
letter-probability matrix: alength= 4 w= 11 nsites= 11 
0.2536 0.2503 0.2562 0.2399 
0.2758 0.2516 0.2369 0.2356 
0.4080 0.1864 0.3505 0.0552 
0.0121 0.0176 0.0176 0.9527 
0.0013 0.0127 0.1250 0.8610 
0.2980 0.0232 0.5235 0.1554 
0.0646 0.7268 0.0180 0.1906 
0.1864 0.0444 0.7033 0.0659 
0.1554 0.5516 0.0248 0.2683 
0.8407 0.0999 0.0225 0.0369 
0.9399 0.0212 0.0297 0.0091 

MOTIF filter19 
letter-probability matrix: alength= 4 w= 16 nsites= 16 
0.2720 0.2708 0.2261 0.2312 
0.2350 0.2899 0.2388 0.2363 
0.0958 0.0524 0.3602 0.4917 
0.0064 0.9515 0.0000 0.0421 
0.0000 0.0000 0.0000 1.0000 
1.0000 0.0000 0.0000 0.0000 
0.2835 0.0000 0.0192 0.6973 
0.4674 0.0026 0.0000 0.5300 
0.5619 0.0370 0.0000 0.4010 
0.7011 0.0000 0.0013 0.2976 
0.0000 0.0000 0.0013 0.9987 
0.9783 0.0000 0.0217 0.0000 
0.0779 0.0000 0.9080 0.0140 
0.4521 0.3755 0.0549 0.1175 
0.2490 0.2478 0.2605 0.2427 
0.2720 0.2542 0.2529 0.2209 

MOTIF filter20 
letter-probability matrix: alength= 4 w= 8 nsites= 8 
0.0916 0.2769 0.1300 0.5015 
0.2006 0.2976 0.3462 0.1555 
0.3811 0.2460 0.3729 0.0000 
0.0000 0.5759 0.4238 0.0003 
0.0075 0.0002 0.0014 0.9909 
0.1195 0.3499 0.5071 0.0235 
0.3354 0.2973 0.2772 0.0900 
0.0487 0.4657 0.1087 0.3768 

MOTIF filter21 
letter-probability matrix: alength= 4 w= 16 nsites= 16 
0.1747 0.3085 0.1069 0.4099 
0.2487 0.0390 0.5733 0.1391 
0.2668 0.1364 0.5202 0.0766 
0.0040 0.8891 0.0067 0.1001 
0.0094 0.7587 0.1855 0.0464 
0.8374 0.0343 0.0793 0.0491 
0.1640 0.0343 0.0403 0.7614 
0.6190 0.1136 0.0168 0.2507 
0.0491 0.1667 0.1485 0.6358 
0.8858 0.0007 0.0000 0.1136 
0.1149 0.0296 0.2151 0.6405 
0.0954 0.0121 0.8636 0.0289 
0.0376 0.0464 0.8737 0.0423 
0.1626 0.1660 0.3293 0.3421 
0.1868 0.4509 0.1862 0.1761 
0.5114 0.0867 0.2601 0.1418 

MOTIF filter22 
letter-probability matrix: alength= 4 w= 19 nsites= 19 
0.2142 0.2356 0.2742 0.2759 
0.1954 0.3119 0.2416 0.2511 
0.2879 0.2348 0.2117 0.2656 
0.2117 0.0874 0.0788 0.6221 
0.0703 0.1191 0.5484 0.2622 
0.4036 0.3625 0.1020 0.1320 
0.0840 0.7806 0.0805 0.0548 
0.0300 0.8363 0.0566 0.0771 
0.6478 0.0583 0.0977 0.1962 
0.0831 0.0900 0.0437 0.7832 
0.9512 0.0103 0.0386 0.0000 
0.0000 0.0000 0.0000 1.0000 
0.8038 0.0000 0.0111 0.1851 
0.2511 0.0009 0.1320 0.6161 
0.0009 0.1782 0.8141 0.0069 
0.0154 0.0000 0.9837 0.0009 
0.0925 0.2108 0.2939 0.4027 
0.3847 0.5638 0.0428 0.0086 
0.8372 0.0017 0.0386 0.1225 

MOTIF filter23 
letter-probability matrix: alength= 4 w= 12 nsites= 12 
0.2477 0.3166 0.2944 0.1413 
0.1147 0.0973 0.4318 0.3562 
0.1550 0.1202 0.4953 0.2295 
0.0306 0.6186 0.3496 0.0012 
0.0614 0.0481 0.0199 0.8706 
0.0726 0.1657 0.1083 0.6534 
0.1302 0.5133 0.0503 0.3061 
0.6473 0.2630 0.0000 0.0897 
0.0000 0.4985 0.5012 0.0002 
0.0801 0.3583 0.3510 0.2106 
0.2375 0.3112 0.3354 0.1159 
0.3292 0.2369 0.2092 0.2246 

MOTIF filter24 
letter-probability matrix: alength= 4 w= 18 nsites= 18 
0.3738 0.2119 0.1104 0.3038 
0.2609 0.1174 0.2507 0.3710 
0.3633 0.2816 0.2393 0.1158 
0.1664 0.6064 0.0315 0.1957 
0.2046 0.1247 0.1604 0.5103 
0.0051 0.4613 0.3668 0.1667 
0.3872 0.4575 0.0455 0.1098 
0.3248 0.2170 0.1441 0.3140 
0.0535 0.3672 0.5552 0.0242 
0.4750 0.0939 0.2453 0.1858 
0.0687 0.0137 0.4203 0.4973 
0.0681 0.6596 0.2529 0.0194 
0.8533 0.0369 0.0006 0.1091 
0.2625 0.0700 0.3379 0.3296 
0.1136 0.6411 0.0649 0.1804 
0.6026 0.1584 0.0668 0.1721 
0.3560 0.0821 0.0748 0.4871 
0.2854 0.1874 0.2062 0.3210 

MOTIF filter25 
letter-probability matrix: alength= 4 w= 14 nsites= 14 
0.2738 0.2419 0.2424 0.2419 
0.1861 0.2316 0.1596 0.4226 
0.0211 0.0271 0.0146 0.9372 
0.0146 0.0211 0.0433 0.9210 
0.1380 0.8009 0.0211 0.0400 
0.0400 0.6618 0.0265 0.2716 
0.2635 0.2354 0.2446 0.2565 
0.2630 0.0022 0.6991 0.0357 
0.0087 0.0081 0.8523 0.1310 
0.9226 0.0492 0.0108 0.0173 
0.9865 0.0049 0.0043 0.0043 
0.4345 0.1542 0.2359 0.1753 
0.2381 0.2570 0.2457 0.2592 
0.2581 0.2365 0.2581 0.2473 

MOTIF filter26 
letter-probability matrix: alength= 4 w= 13 nsites= 13 
0.2124 0.2172 0.3066 0.2638 
0.2263 0.0815 0.3965 0.2958 
0.2923 0.2544 0.2502 0.2031 
0.0000 0.8495 0.0664 0.0841 
0.0325 0.4056 0.2078 0.3542 
0.4066 0.3353 0.2581 0.0000 
0.2078 0.2113 0.2646 0.3163 
0.0000 0.1397 0.2049 0.6554 
0.4340 0.1477 0.3254 0.0929 
0.2738 0.0546 0.6716 0.0000 
0.2732 0.2158 0.3594 0.1517 
0.2569 0.3405 0.0993 0.3033 
0.4029 0.2410 0.1704 0.1857 

MOTIF filter27 
letter-probability matrix: alength= 4 w= 15 nsites= 15 
0.2087 0.2459 0.2996 0.2459 
0.2614 0.2779 0.2977 0.1630 
0.1710 0.1215 0.3858 0.3217 
0.0787 0.7499 0.0203 0.1512 
0.0033 0.3081 0.0268 0.6618 
0.7753 0.1964 0.0283 0.0000 
0.0815 0.5935 0.0000 0.3250 
0.2044 0.0000 0.4715 0.3241 
0.4588 0.0000 0.0250 0.5163 
0.2807 0.4145 0.2186 0.0862 
0.0014 0.1842 0.0028 0.8116 
0.7527 0.2181 0.0094 0.0198 
0.3132 0.0707 0.5224 0.0937 
0.3476 0.3768 0.0763 0.1992 
0.1842 0.2869 0.2336 0.2953 

MOTIF filter28 
letter-probability matrix: alength= 4 w= 13 nsites= 13 
0.2374 0.2169 0.2552 0.2905 
0.2485 0.1999 0.3458 0.2058 
0.3462 0.2964 0.2987 0.0587 
0.0334 0.0215 0.0334 0.9116 
0.0260 0.0264 0.8800 0.0676 
0.9004 0.0245 0.0334 0.0416 
0.0397 0.4699 0.4606 0.0297 
0.0230 0.0249 0.0245 0.9276 
0.0472 0.9019 0.0204 0.0305 
0.9190 0.0290 0.0234 0.0286 
0.0342 0.3165 0.3098 0.3395 
0.2080 0.3596 0.1961 0.2363 
0.2961 0.2259 0.2262 0.2519 

MOTIF filter29 
letter-probability matrix: alength= 4 w= 10 nsites= 10 
0.2078 0.1732 0.3378 0.2812 
0.2076 0.5615 0.0735 0.1574 
0.2173 0.5726 0.1876 0.0225 
0.0000 0.6763 0.3161 0.0076 
0.0713 0.0970 0.7040 0.1276 
0.0661 0.0008 0.4276 0.5056 
0.8779 0.0503 0.0701 0.0017 
0.1237 0.3347 0.2089 0.3328 
0.2971 0.2796 0.3268 0.0965 
0.2225 0.3520 0.1556 0.2698 

MOTIF filter30 
letter-probability matrix: alength= 4 w= 14 nsites= 14 
0.1938 0.2839 0.2616 0.2607 
0.2873 0.2333 0.2942 0.1852 
0.2796 0.2350 0.2942 0.1913 
0.0137 0.7702 0.1424 0.0738 
0.0017 0.3877 0.0232 0.5875 
0.2547 0.1973 0.4828 0.0652 
0.9923 0.0026 0.0051 0.0000 
0.0009 0.0017 0.0069 0.9906 
0.0395 0.2127 0.0429 0.7050 
0.1415 0.0369 0.8173 0.0043 
0.0043 0.0060 0.9889 0.0009 
0.1244 0.3765 0.0978 0.4014 
0.0678 0.3722 0.2384 0.3216 
0.2281 0.3816 0.2530 0.1372 

MOTIF filter31 
letter-probability matrix: alength= 4 w= 16 nsites= 16 
0.2321 0.2347 0.2611 0.2721 
0.2075 0.2721 0.2602 0.2602 
0.2883 0.2415 0.2321 0.2381 
0.1769 0.1216 0.0655 0.6361 
0.0298 0.1156 0.6250 0.2296 
0.4005 0.3835 0.0782 0.1378 
0.0085 0.9787 0.0111 0.0017 
0.0111 0.9481 0.0153 0.0255 
0.7755 0.0162 0.0289 0.1794 
0.0731 0.0034 0.0034 0.9201 
0.9447 0.0230 0.0213 0.0111 
0.0085 0.0408 0.0170 0.9337 
0.9235 0.0145 0.0170 0.0451 
0.2066 0.0306 0.0043 0.7585 
0.0111 0.0272 0.9498 0.0119 
0.0119 0.0196 0.9413 0.0272 

