MEME version 4

ALPHABET= ACGT

Background letter frequencies:
A 0.2500 C 0.2500 G 0.2500 T 0.2500 

MOTIF filter0 
letter-probability matrix: alength= 4 w= 14 nsites= 14 
0.1327 0.3804 0.2040 0.2829 
0.1998 0.2738 0.2813 0.2451 
0.2093 0.1128 0.5792 0.0988 
0.0241 0.7177 0.2236 0.0346 
0.1851 0.7500 0.0059 0.0590 
0.7480 0.0313 0.2181 0.0026 
0.6555 0.0140 0.1333 0.1972 
0.4762 0.0525 0.0834 0.3879 
0.0033 0.2754 0.0147 0.7066 
0.0574 0.0287 0.7419 0.1721 
0.0600 0.2604 0.6372 0.0424 
0.1206 0.5368 0.1014 0.2412 
0.2591 0.2738 0.2647 0.2024 
0.2060 0.2216 0.4025 0.1698 

MOTIF filter1 
letter-probability matrix: alength= 4 w= 16 nsites= 16 
0.3144 0.1848 0.3192 0.1815 
0.3737 0.1374 0.2486 0.2403 
0.5215 0.1446 0.2119 0.1220 
0.5476 0.0740 0.0069 0.3715 
0.5751 0.0341 0.2640 0.1268 
0.3163 0.3042 0.1466 0.2329 
0.2531 0.0734 0.2488 0.4247 
0.1049 0.2468 0.4989 0.1494 
0.2369 0.3042 0.0000 0.4588 
0.1140 0.4561 0.1776 0.2523 
0.7881 0.0467 0.0004 0.1648 
0.1554 0.0564 0.7510 0.0373 
0.0786 0.7049 0.0358 0.1808 
0.6492 0.0625 0.1541 0.1342 
0.4123 0.1300 0.1859 0.2718 
0.3786 0.0897 0.0966 0.4351 

MOTIF filter2 
letter-probability matrix: alength= 4 w= 15 nsites= 15 
0.2521 0.2511 0.2427 0.2540 
0.2577 0.2262 0.2453 0.2708 
0.2019 0.2326 0.1945 0.3709 
0.0940 0.0916 0.0590 0.7554 
0.0617 0.0827 0.1087 0.7468 
0.2179 0.6155 0.0831 0.0834 
0.0689 0.5439 0.0632 0.3241 
0.2460 0.2600 0.2503 0.2437 
0.3108 0.0054 0.5863 0.0975 
0.0811 0.0272 0.6535 0.2382 
0.8484 0.0855 0.0169 0.0492 
0.9474 0.0122 0.0134 0.0269 
0.3900 0.1684 0.2339 0.2076 
0.2517 0.2316 0.2318 0.2849 
0.2559 0.2414 0.2788 0.2239 

MOTIF filter3 
letter-probability matrix: alength= 4 w= 13 nsites= 13 
0.2818 0.1729 0.3969 0.1483 
0.3204 0.1449 0.3473 0.1874 
0.1998 0.5288 0.1776 0.0938 
0.2436 0.7143 0.0134 0.0288 
0.6951 0.1726 0.1171 0.0153 
0.0755 0.1431 0.0041 0.7773 
0.0236 0.4287 0.4910 0.0567 
0.7616 0.0005 0.1736 0.0643 
0.0047 0.3496 0.1478 0.4979 
0.0669 0.0205 0.5695 0.3430 
0.1898 0.2216 0.4424 0.1462 
0.3299 0.3336 0.1744 0.1622 
0.1854 0.3009 0.2234 0.2903 

MOTIF filter4 
letter-probability matrix: alength= 4 w= 14 nsites= 14 
0.3080 0.2626 0.2027 0.2268 
0.1609 0.1585 0.3075 0.3731 
0.1342 0.4648 0.0151 0.3858 
0.0215 0.0000 0.5033 0.4752 
0.5780 0.0049 0.4152 0.0020 
0.1952 0.0159 0.4832 0.3056 
0.0779 0.4858 0.2025 0.2338 
0.3759 0.3520 0.1059 0.1662 
0.2376 0.4189 0.2790 0.0646 
0.0007 0.3625 0.0000 0.6368 
0.6520 0.3061 0.0008 0.0411 
0.3260 0.0254 0.5226 0.1260 
0.2702 0.3728 0.1816 0.1755 
0.2192 0.2449 0.2605 0.2754 

MOTIF filter5 
letter-probability matrix: alength= 4 w= 14 nsites= 14 
0.1984 0.2951 0.2857 0.2208 
0.3012 0.3759 0.1869 0.1359 
0.1706 0.0294 0.3029 0.4971 
0.1992 0.6322 0.0580 0.1106 
0.3886 0.3771 0.0090 0.2253 
0.9351 0.0065 0.0547 0.0037 
0.6894 0.0678 0.0849 0.1580 
0.3037 0.1188 0.1000 0.4776 
0.0004 0.0388 0.0094 0.9514 
0.2653 0.0082 0.5171 0.2094 
0.0657 0.0286 0.8465 0.0592 
0.3102 0.5302 0.0208 0.1388 
0.0984 0.1722 0.3510 0.3784 
0.2078 0.2641 0.3800 0.1482 

MOTIF filter6 
letter-probability matrix: alength= 4 w= 11 nsites= 11 
0.2278 0.2151 0.2398 0.3173 
0.2095 0.2415 0.2354 0.3136 
0.2019 0.0633 0.2441 0.4907 
0.5228 0.1400 0.3372 0.0000 
0.5480 0.3686 0.0651 0.0183 
0.5719 0.1533 0.1628 0.1120 
0.0000 0.4842 0.4890 0.0268 
0.0000 0.0954 0.0019 0.9028 
0.1441 0.3269 0.4989 0.0301 
0.2831 0.2222 0.2506 0.2440 
0.2660 0.2307 0.2376 0.2656 

MOTIF filter7 
letter-probability matrix: alength= 4 w= 15 nsites= 15 
0.2249 0.0444 0.4362 0.2945 
0.4523 0.1834 0.3159 0.0483 
0.2521 0.4487 0.1285 0.1706 
0.1298 0.4737 0.3918 0.0046 
0.2009 0.0003 0.6755 0.1233 
0.0421 0.0703 0.2495 0.6381 
0.3028 0.4306 0.2630 0.0036 
0.0000 0.0700 0.0825 0.8475 
0.6377 0.2788 0.0694 0.0141 
0.0191 0.6417 0.0355 0.3037 
0.1210 0.4553 0.3485 0.0753 
0.0700 0.1118 0.7226 0.0957 
0.1328 0.1739 0.3245 0.3688 
0.2863 0.3600 0.0911 0.2627 
0.4688 0.1203 0.1999 0.2110 

MOTIF filter8 
letter-probability matrix: alength= 4 w= 14 nsites= 14 
0.2520 0.2442 0.2547 0.2491 
0.2646 0.2628 0.2209 0.2517 
0.3842 0.1942 0.3337 0.0879 
0.0475 0.0724 0.0653 0.8148 
0.0503 0.0607 0.2044 0.6845 
0.3231 0.0039 0.4701 0.2028 
0.1229 0.5633 0.0860 0.2278 
0.2390 0.0926 0.5528 0.1157 
0.2051 0.4779 0.0067 0.3103 
0.6957 0.1983 0.0572 0.0488 
0.8269 0.0701 0.0598 0.0433 
0.1006 0.2909 0.1927 0.4157 
0.2523 0.2470 0.2514 0.2494 
0.2490 0.2320 0.2478 0.2712 

MOTIF filter9 
letter-probability matrix: alength= 4 w= 11 nsites= 11 
0.1927 0.1354 0.3531 0.3189 
0.1312 0.2752 0.3524 0.2412 
0.1585 0.1850 0.4855 0.1710 
0.1055 0.5137 0.3740 0.0069 
0.0151 0.3410 0.2904 0.3535 
0.0534 0.2068 0.6274 0.1123 
0.5790 0.4046 0.0077 0.0088 
0.0017 0.4893 0.5090 0.0000 
0.0016 0.3168 0.3228 0.3587 
0.2431 0.5370 0.1956 0.0243 
0.3851 0.2452 0.3363 0.0333 

MOTIF filter10 
letter-probability matrix: alength= 4 w= 12 nsites= 12 
0.3440 0.2849 0.2374 0.1337 
0.2862 0.1014 0.3016 0.3107 
0.1510 0.4367 0.3124 0.0999 
0.0072 0.7618 0.1987 0.0323 
0.1400 0.0105 0.7423 0.1072 
0.1389 0.2367 0.5792 0.0451 
0.2654 0.0054 0.0090 0.7203 
0.4453 0.0571 0.0044 0.4933 
0.0277 0.4606 0.5076 0.0041 
0.1268 0.4674 0.0976 0.3082 
0.2463 0.3066 0.3636 0.0835 
0.2775 0.3374 0.2481 0.1371 

MOTIF filter11 
letter-probability matrix: alength= 4 w= 12 nsites= 12 
0.2732 0.2467 0.2441 0.2360 
0.2324 0.1366 0.3309 0.3001 
0.0039 0.4567 0.2908 0.2486 
0.5802 0.0000 0.1010 0.3188 
0.9987 0.0004 0.0009 0.0000 
0.2156 0.3216 0.2562 0.2065 
0.0000 0.0000 0.0000 1.0000 
0.1264 0.2198 0.0020 0.6519 
0.6949 0.0502 0.0200 0.2350 
0.2397 0.3301 0.0667 0.3635 
0.3828 0.1544 0.2649 0.1978 
0.2139 0.2024 0.3301 0.2536 

MOTIF filter12 
letter-probability matrix: alength= 4 w= 12 nsites= 12 
0.2874 0.2122 0.2192 0.2812 
0.2738 0.2137 0.2473 0.2652 
0.2722 0.0039 0.3991 0.3248 
0.0139 0.9669 0.0076 0.0116 
0.3220 0.0001 0.5138 0.1641 
0.1712 0.0179 0.3545 0.4564 
0.1135 0.2002 0.0394 0.6470 
0.3501 0.3471 0.0216 0.2813 
0.1387 0.6739 0.0569 0.1304 
0.2218 0.2429 0.3616 0.1736 
0.4828 0.1264 0.3154 0.0753 
0.2000 0.2305 0.1998 0.3697 

MOTIF filter13 
letter-probability matrix: alength= 4 w= 11 nsites= 11 
0.2471 0.2984 0.2342 0.2202 
0.2421 0.3255 0.1846 0.2478 
0.0000 0.3671 0.2933 0.3396 
0.6095 0.0847 0.2976 0.0083 
0.0004 0.1693 0.0000 0.8303 
0.5564 0.0000 0.4415 0.0020 
0.3234 0.2171 0.0000 0.4595 
0.3662 0.0285 0.6053 0.0000 
0.0624 0.2493 0.4245 0.2638 
0.2146 0.2672 0.2686 0.2496 
0.2666 0.2537 0.2470 0.2326 

MOTIF filter14 
letter-probability matrix: alength= 4 w= 12 nsites= 12 
0.3018 0.2346 0.2556 0.2080 
0.2984 0.2092 0.2667 0.2257 
0.2718 0.2649 0.2016 0.2618 
0.3216 0.1115 0.5652 0.0017 
0.5593 0.0043 0.2042 0.2322 
0.4114 0.0643 0.0000 0.5244 
0.2037 0.1769 0.0000 0.6194 
0.0188 0.0057 0.9709 0.0046 
0.0000 0.5505 0.4494 0.0001 
0.2503 0.1817 0.1958 0.3722 
0.2544 0.2432 0.2470 0.2554 
0.3026 0.1364 0.3365 0.2245 

MOTIF filter15 
letter-probability matrix: alength= 4 w= 13 nsites= 13 
0.2153 0.2060 0.2169 0.3618 
0.2366 0.1447 0.4081 0.2105 
0.2500 0.2918 0.4522 0.0061 
0.0344 0.2758 0.0000 0.6898 
0.0015 0.1794 0.8186 0.0005 
0.8201 0.1566 0.0000 0.0233 
0.1893 0.1366 0.4593 0.2148 
0.0969 0.0233 0.2530 0.6268 
0.0000 0.1956 0.7938 0.0106 
0.4886 0.0162 0.4565 0.0387 
0.0023 0.4109 0.3019 0.2849 
0.1369 0.4132 0.2338 0.2161 
0.2530 0.2748 0.2907 0.1814 

MOTIF filter16 
letter-probability matrix: alength= 4 w= 15 nsites= 15 
0.2109 0.1874 0.3883 0.2134 
0.2172 0.2740 0.2228 0.2861 
0.1530 0.5519 0.1472 0.1478 
0.0171 0.4735 0.0348 0.4747 
0.6338 0.2030 0.0793 0.0839 
0.0254 0.7110 0.0004 0.2632 
0.6023 0.0194 0.0964 0.2819 
0.0096 0.0002 0.8626 0.1276 
0.5451 0.1672 0.0514 0.2363 
0.0731 0.2507 0.1385 0.5378 
0.4456 0.0720 0.4764 0.0060 
0.1512 0.0712 0.6452 0.1324 
0.3029 0.2407 0.2199 0.2365 
0.2561 0.3442 0.2120 0.1878 
0.3519 0.2299 0.1797 0.2386 

MOTIF filter17 
letter-probability matrix: alength= 4 w= 15 nsites= 15 
0.4063 0.1579 0.1723 0.2635 
0.2553 0.1817 0.2692 0.2938 
0.2266 0.2499 0.1844 0.3391 
0.1242 0.6924 0.0674 0.1160 
0.5171 0.0000 0.4467 0.0362 
0.3319 0.0126 0.2030 0.4524 
0.0042 0.0198 0.9760 0.0000 
0.4822 0.2667 0.0082 0.2429 
0.3495 0.0486 0.0010 0.6009 
0.0035 0.6133 0.3153 0.0679 
0.1745 0.2087 0.2861 0.3307 
0.0605 0.5954 0.0072 0.3369 
0.2186 0.2090 0.2216 0.3508 
0.1698 0.1396 0.3126 0.3780 
0.2132 0.3438 0.2216 0.2214 

MOTIF filter18 
letter-probability matrix: alength= 4 w= 12 nsites= 12 
0.1996 0.3139 0.2743 0.2122 
0.2324 0.3556 0.1968 0.2152 
0.1739 0.3003 0.2285 0.2974 
0.0066 0.5095 0.4771 0.0069 
0.3472 0.1051 0.2246 0.3231 
0.7066 0.1725 0.0898 0.0311 
0.0000 0.7249 0.2751 0.0000 
0.0213 0.5146 0.2599 0.2042 
0.0153 0.0000 0.4033 0.5814 
0.4945 0.3104 0.1402 0.0548 
0.0402 0.3874 0.3582 0.2142 
0.1284 0.3586 0.2028 0.3102 

MOTIF filter19 
letter-probability matrix: alength= 4 w= 15 nsites= 15 
0.1516 0.2131 0.4042 0.2311 
0.2316 0.2506 0.0985 0.4192 
0.0885 0.4622 0.4192 0.0300 
0.1051 0.8039 0.0190 0.0720 
0.4062 0.1136 0.0540 0.4262 
0.1616 0.0270 0.4182 0.3932 
0.7284 0.1171 0.1411 0.0135 
0.0060 0.0915 0.0555 0.8469 
0.3362 0.5623 0.0120 0.0895 
0.5988 0.0585 0.0775 0.2651 
0.0285 0.0285 0.8429 0.1001 
0.0140 0.5173 0.4297 0.0390 
0.5803 0.0460 0.1856 0.1881 
0.2361 0.4022 0.1766 0.1851 
0.4942 0.0875 0.0755 0.3427 

MOTIF filter20 
letter-probability matrix: alength= 4 w= 15 nsites= 15 
0.2753 0.1552 0.3201 0.2494 
0.1370 0.4923 0.1232 0.2475 
0.2055 0.2706 0.2948 0.2290 
0.2131 0.0236 0.6802 0.0831 
0.5219 0.2239 0.1358 0.1184 
0.0034 0.4608 0.1828 0.3530 
0.2895 0.0906 0.3380 0.2819 
0.3542 0.0593 0.1906 0.3959 
0.1317 0.5382 0.3153 0.0147 
0.0000 0.0910 0.0236 0.8854 
0.0142 0.6055 0.0027 0.3775 
0.7480 0.0975 0.1328 0.0218 
0.1468 0.1161 0.6405 0.0966 
0.2634 0.2460 0.1543 0.3362 
0.2998 0.2240 0.1367 0.3395 

MOTIF filter21 
letter-probability matrix: alength= 4 w= 14 nsites= 14 
0.1840 0.1840 0.3934 0.2386 
0.4095 0.2717 0.2541 0.0646 
0.2640 0.3612 0.1971 0.1777 
0.0003 0.8999 0.0131 0.0867 
0.1264 0.2506 0.0405 0.5825 
0.3801 0.0297 0.3648 0.2255 
0.8074 0.0000 0.1926 0.0000 
0.0003 0.2222 0.0030 0.7745 
0.2345 0.3004 0.1111 0.3539 
0.3957 0.1257 0.2949 0.1838 
0.0342 0.0349 0.9301 0.0008 
0.1918 0.1885 0.2740 0.3457 
0.1001 0.2099 0.2406 0.4495 
0.2024 0.4424 0.1631 0.1921 

MOTIF filter22 
letter-probability matrix: alength= 4 w= 8 nsites= 8 
0.3424 0.3432 0.1473 0.1670 
0.1788 0.0815 0.1407 0.5990 
0.2267 0.1026 0.3805 0.2901 
0.3477 0.0000 0.6208 0.0314 
0.0001 0.6780 0.3219 0.0000 
0.2934 0.0001 0.2868 0.4198 
0.3528 0.2439 0.0510 0.3524 
0.4949 0.2075 0.0031 0.2945 

MOTIF filter23 
letter-probability matrix: alength= 4 w= 12 nsites= 12 
0.2359 0.2821 0.2547 0.2274 
0.3516 0.2569 0.2453 0.1462 
0.2421 0.3006 0.2935 0.1638 
0.0424 0.7914 0.1342 0.0320 
0.7673 0.0444 0.1283 0.0601 
0.0741 0.6817 0.0285 0.2156 
0.2207 0.0553 0.6899 0.0342 
0.0800 0.1039 0.0446 0.7715 
0.0461 0.0510 0.8136 0.0892 
0.1910 0.2800 0.2962 0.2328 
0.1922 0.2663 0.2110 0.3305 
0.2425 0.2576 0.2453 0.2546 

MOTIF filter24 
letter-probability matrix: alength= 4 w= 15 nsites= 15 
0.4335 0.0736 0.1047 0.3882 
0.3676 0.0439 0.1609 0.4276 
0.2959 0.2138 0.1835 0.3068 
0.1195 0.1899 0.0497 0.6408 
0.0200 0.0039 0.9134 0.0627 
0.0846 0.8075 0.0297 0.0782 
0.0200 0.2791 0.0323 0.6686 
0.7552 0.0181 0.2229 0.0039 
0.3702 0.0149 0.2500 0.3650 
0.0491 0.5465 0.1880 0.2164 
0.4012 0.0756 0.1034 0.4199 
0.0866 0.0872 0.0659 0.7603 
0.1305 0.1260 0.2242 0.5194 
0.4658 0.0207 0.2397 0.2739 
0.0995 0.2642 0.3307 0.3056 

MOTIF filter25 
letter-probability matrix: alength= 4 w= 13 nsites= 13 
0.1577 0.2701 0.3035 0.2687 
0.2882 0.2318 0.3460 0.1340 
0.3633 0.0865 0.4081 0.1421 
0.0284 0.5630 0.1176 0.2909 
0.0002 0.7439 0.1772 0.0786 
0.9043 0.0220 0.0067 0.0670 
0.2610 0.0294 0.1510 0.5586 
0.0000 0.0709 0.0012 0.9278 
0.3364 0.2813 0.3811 0.0012 
0.6330 0.0319 0.3349 0.0002 
0.2506 0.2000 0.0994 0.4501 
0.1431 0.2921 0.3122 0.2526 
0.3035 0.2857 0.2385 0.1723 

MOTIF filter26 
letter-probability matrix: alength= 4 w= 12 nsites= 12 
0.3599 0.0859 0.3701 0.1841 
0.3703 0.1273 0.2326 0.2699 
0.2269 0.1651 0.2506 0.3574 
0.1818 0.5980 0.0001 0.2201 
0.3331 0.1744 0.4464 0.0462 
0.7939 0.1654 0.0021 0.0386 
0.0596 0.1868 0.0347 0.7190 
0.0004 0.3910 0.3270 0.2816 
0.0779 0.0000 0.7328 0.1892 
0.4216 0.2192 0.1106 0.2486 
0.4299 0.2633 0.1580 0.1488 
0.2630 0.2023 0.2696 0.2650 

MOTIF filter27 
letter-probability matrix: alength= 4 w= 11 nsites= 11 
0.1498 0.2179 0.3136 0.3187 
0.1726 0.3488 0.2424 0.2362 
0.2405 0.1392 0.2337 0.3865 
0.0289 0.2943 0.6276 0.0492 
0.4426 0.0079 0.0525 0.4970 
0.0042 0.4969 0.4972 0.0018 
0.4078 0.1085 0.0625 0.4212 
0.0857 0.6963 0.1607 0.0573 
0.3987 0.2012 0.0785 0.3217 
0.2138 0.3405 0.2677 0.1779 
0.2212 0.4938 0.2146 0.0703 

MOTIF filter28 
letter-probability matrix: alength= 4 w= 16 nsites= 16 
0.3525 0.2301 0.2287 0.1887 
0.2935 0.2638 0.1927 0.2499 
0.2800 0.3565 0.1348 0.2287 
0.1924 0.0583 0.1092 0.6402 
0.0883 0.1444 0.7058 0.0616 
0.3525 0.5911 0.0180 0.0385 
0.0583 0.0509 0.2796 0.6112 
0.0051 0.0018 0.6970 0.2961 
0.5878 0.4064 0.0007 0.0051 
0.5610 0.1883 0.1623 0.0883 
0.1085 0.0209 0.5427 0.3280 
0.0524 0.7523 0.0147 0.1807 
0.7805 0.0385 0.0876 0.0934 
0.2199 0.1217 0.3525 0.3060 
0.1722 0.3441 0.1850 0.2986 
0.3217 0.1517 0.1352 0.3914 

MOTIF filter29 
letter-probability matrix: alength= 4 w= 13 nsites= 13 
0.3649 0.2422 0.1389 0.2540 
0.2479 0.1934 0.2329 0.3258 
0.2117 0.2024 0.4118 0.1740 
0.1285 0.0003 0.1423 0.7289 
0.4330 0.0237 0.5198 0.0235 
0.6884 0.0000 0.2982 0.0134 
0.1887 0.5655 0.0823 0.1636 
0.0005 0.4211 0.0000 0.5784 
0.0166 0.3986 0.4726 0.1123 
0.4799 0.1777 0.0000 0.3423 
0.1374 0.1733 0.3715 0.3178 
0.2469 0.3384 0.1747 0.2400 
0.2171 0.2288 0.3260 0.2281 

MOTIF filter30 
letter-probability matrix: alength= 4 w= 14 nsites= 14 
0.1663 0.2433 0.3557 0.2347 
0.0868 0.4120 0.2115 0.2897 
0.1577 0.4780 0.1968 0.1675 
0.7127 0.0159 0.2384 0.0330 
0.0623 0.7359 0.0416 0.1601 
0.0660 0.0012 0.0293 0.9034 
0.0073 0.0012 0.0012 0.9902 
0.0024 0.9621 0.0355 0.0000 
0.1247 0.8680 0.0000 0.0073 
0.0012 0.0000 0.8399 0.1589 
0.0000 0.1809 0.7983 0.0208 
0.3888 0.1259 0.2677 0.2176 
0.4218 0.1663 0.1577 0.2543 
0.3313 0.1650 0.2579 0.2457 

MOTIF filter31 
letter-probability matrix: alength= 4 w= 16 nsites= 16 
0.2015 0.2500 0.1376 0.4110 
0.1901 0.1918 0.4583 0.1598 
0.2671 0.1644 0.2939 0.2745 
0.0051 0.9737 0.0017 0.0194 
0.0063 0.5862 0.0034 0.4041 
0.9503 0.0103 0.0325 0.0068 
0.2460 0.0000 0.0006 0.7534 
0.6450 0.0428 0.0685 0.2437 
0.1712 0.2255 0.0337 0.5696 
0.7763 0.0137 0.0000 0.2100 
0.0468 0.0068 0.0719 0.8744 
0.4412 0.0034 0.5457 0.0097 
0.0354 0.0103 0.9463 0.0080 
0.2591 0.3088 0.2032 0.2289 
0.2414 0.4178 0.1889 0.1518 
0.4435 0.1296 0.2106 0.2163 

