MEME version 4

ALPHABET= ACGT

Background letter frequencies:
A 0.2500 C 0.2500 G 0.2500 T 0.2500 

MOTIF filter0 
letter-probability matrix: alength= 4 w= 11 nsites= 11 
0.4005 0.1402 0.3020 0.1573 
0.3345 0.1818 0.2452 0.2385 
0.4140 0.1916 0.1442 0.2501 
0.0012 0.0361 0.0028 0.9599 
0.0124 0.1514 0.1059 0.7302 
0.3679 0.0036 0.0303 0.5983 
0.8200 0.0725 0.0646 0.0430 
0.8313 0.0427 0.0640 0.0620 
0.1099 0.1893 0.2117 0.4891 
0.1923 0.2945 0.1860 0.3271 
0.1944 0.2424 0.1940 0.3692 

MOTIF filter1 
letter-probability matrix: alength= 4 w= 16 nsites= 16 
0.2964 0.2409 0.2486 0.2141 
0.4283 0.0660 0.2562 0.2495 
0.5038 0.1625 0.0325 0.3011 
0.5268 0.0344 0.0191 0.4197 
0.2658 0.2667 0.2113 0.2562 
0.2027 0.0163 0.0105 0.7706 
0.0220 0.1281 0.8423 0.0076 
0.0268 0.6453 0.0076 0.3203 
0.0172 0.4245 0.0010 0.5574 
0.3164 0.0000 0.6635 0.0201 
0.5440 0.0019 0.4312 0.0229 
0.0057 0.7696 0.1472 0.0774 
0.5985 0.0641 0.0220 0.3155 
0.2409 0.2208 0.1396 0.3987 
0.4254 0.0402 0.1338 0.4006 
0.1912 0.0564 0.3948 0.3576 

MOTIF filter2 
letter-probability matrix: alength= 4 w= 13 nsites= 13 
0.3630 0.2123 0.2945 0.1301 
0.3699 0.1963 0.3447 0.0890 
0.3082 0.1256 0.3973 0.1689 
0.0913 0.5936 0.3128 0.0023 
0.0434 0.9110 0.0000 0.0457 
0.0000 0.0137 0.9498 0.0365 
0.0091 0.0160 0.9612 0.0137 
0.9589 0.0320 0.0023 0.0068 
0.9726 0.0023 0.0160 0.0091 
0.0525 0.0388 0.9064 0.0023 
0.0457 0.2694 0.0251 0.6598 
0.1758 0.1164 0.6279 0.0799 
0.2032 0.2877 0.4566 0.0525 

MOTIF filter3 
letter-probability matrix: alength= 4 w= 13 nsites= 13 
0.1453 0.3240 0.3662 0.1645 
0.4931 0.0783 0.2916 0.1370 
0.2317 0.3262 0.2083 0.2338 
0.0058 0.0000 0.0866 0.9076 
0.3974 0.4558 0.1467 0.0000 
0.8741 0.0086 0.0000 0.1173 
0.3867 0.2245 0.1813 0.2074 
0.3705 0.1090 0.0672 0.4534 
0.0959 0.3471 0.3519 0.2051 
0.6351 0.0373 0.0003 0.3272 
0.5191 0.1941 0.1278 0.1591 
0.2614 0.2105 0.1793 0.3488 
0.3192 0.2413 0.2421 0.1974 

MOTIF filter4 
letter-probability matrix: alength= 4 w= 12 nsites= 12 
0.2993 0.1064 0.2449 0.3494 
0.2655 0.1363 0.1061 0.4921 
0.0000 0.3002 0.4317 0.2681 
0.6416 0.0010 0.0042 0.3533 
0.3552 0.1286 0.5162 0.0000 
0.0003 0.0006 0.0035 0.9955 
0.0000 0.0913 0.0174 0.8914 
0.3112 0.2192 0.3491 0.1205 
0.1459 0.5230 0.3282 0.0029 
0.1340 0.3018 0.3697 0.1945 
0.2157 0.3230 0.2977 0.1636 
0.3999 0.2096 0.2761 0.1144 

MOTIF filter5 
letter-probability matrix: alength= 4 w= 12 nsites= 12 
0.2540 0.2330 0.3210 0.1920 
0.2075 0.3542 0.3420 0.0963 
0.0919 0.1954 0.1035 0.6093 
0.0747 0.3542 0.5639 0.0072 
0.9236 0.0144 0.0531 0.0089 
0.6480 0.0327 0.1754 0.1439 
0.0000 0.0470 0.0000 0.9530 
0.0006 0.3547 0.6447 0.0000 
0.4942 0.0000 0.5058 0.0000 
0.3918 0.4162 0.0553 0.1367 
0.0548 0.1859 0.1937 0.5656 
0.1029 0.4925 0.2629 0.1417 

MOTIF filter6 
letter-probability matrix: alength= 4 w= 15 nsites= 15 
0.2380 0.2781 0.2280 0.2559 
0.2723 0.2235 0.2385 0.2657 
0.1725 0.2641 0.1666 0.3968 
0.0445 0.0327 0.0324 0.8904 
0.0364 0.0874 0.0764 0.7997 
0.1698 0.6720 0.0331 0.1251 
0.0522 0.6266 0.0514 0.2698 
0.2235 0.2525 0.2773 0.2467 
0.2778 0.0503 0.6117 0.0601 
0.0784 0.0416 0.7094 0.1706 
0.7465 0.0856 0.1108 0.0571 
0.8567 0.0550 0.0339 0.0545 
0.4158 0.1719 0.2323 0.1799 
0.2436 0.2451 0.2351 0.2762 
0.2449 0.2575 0.2633 0.2343 

MOTIF filter7 
letter-probability matrix: alength= 4 w= 15 nsites= 15 
0.2276 0.2538 0.2473 0.2713 
0.2429 0.2713 0.2451 0.2407 
0.2560 0.2396 0.2538 0.2505 
0.5142 0.1258 0.3556 0.0044 
0.0000 0.0000 0.0000 1.0000 
0.0000 0.0000 0.0558 0.9442 
0.3403 0.0000 0.5864 0.0733 
0.0000 0.8796 0.0000 0.1204 
0.1433 0.0000 0.8545 0.0022 
0.1444 0.6204 0.0000 0.2352 
0.9880 0.0120 0.0000 0.0000 
1.0000 0.0000 0.0000 0.0000 
0.0088 0.3414 0.1368 0.5131 
0.2681 0.2593 0.2560 0.2166 
0.2637 0.2035 0.2615 0.2713 

MOTIF filter8 
letter-probability matrix: alength= 4 w= 12 nsites= 12 
0.0742 0.4099 0.1925 0.3234 
0.1232 0.2118 0.2474 0.4177 
0.2445 0.1520 0.5274 0.0760 
0.5908 0.0229 0.3177 0.0686 
0.0000 0.8547 0.0172 0.1281 
0.0004 0.2241 0.0000 0.7755 
0.4856 0.0464 0.4652 0.0028 
0.3948 0.0028 0.6024 0.0000 
0.0165 0.2354 0.0018 0.7463 
0.0443 0.3656 0.2259 0.3642 
0.3951 0.2030 0.3300 0.0718 
0.2122 0.1731 0.5640 0.0507 

MOTIF filter9 
letter-probability matrix: alength= 4 w= 15 nsites= 15 
0.2005 0.2078 0.3648 0.2269 
0.2323 0.2350 0.3947 0.1379 
0.2713 0.0299 0.5644 0.1343 
0.0073 0.8013 0.0000 0.1915 
0.0000 0.3530 0.2232 0.4238 
1.0000 0.0000 0.0000 0.0000 
0.4519 0.1779 0.0799 0.2904 
0.2087 0.0000 0.0000 0.7913 
0.2868 0.5254 0.0191 0.1688 
0.8394 0.0073 0.0209 0.1325 
0.0073 0.0835 0.2958 0.6134 
0.8258 0.0626 0.0953 0.0163 
0.1343 0.0436 0.7160 0.1062 
0.3702 0.3530 0.1379 0.1388 
0.2078 0.2731 0.2577 0.2613 

MOTIF filter10 
letter-probability matrix: alength= 4 w= 14 nsites= 14 
0.1720 0.1986 0.3636 0.2657 
0.0573 0.3888 0.2490 0.3049 
0.1399 0.5161 0.1622 0.1818 
0.6350 0.0154 0.3077 0.0420 
0.0336 0.8406 0.0476 0.0783 
0.0224 0.0098 0.0280 0.9399 
0.0168 0.0070 0.0336 0.9427 
0.0042 0.8014 0.1930 0.0014 
0.0168 0.9832 0.0000 0.0000 
0.0000 0.0000 0.9203 0.0797 
0.0000 0.3566 0.6000 0.0434 
0.3762 0.2769 0.1245 0.2224 
0.1692 0.2727 0.2462 0.3119 
0.1091 0.2476 0.2951 0.3483 

MOTIF filter11 
letter-probability matrix: alength= 4 w= 12 nsites= 12 
0.2597 0.2431 0.2483 0.2489 
0.3634 0.2152 0.2560 0.1654 
0.2441 0.2882 0.2759 0.1917 
0.0814 0.7968 0.0500 0.0718 
0.7660 0.0356 0.1194 0.0790 
0.0450 0.7043 0.0398 0.2109 
0.2459 0.0458 0.6860 0.0223 
0.0934 0.1145 0.0349 0.7572 
0.0343 0.0361 0.8324 0.0972 
0.1851 0.2853 0.2869 0.2428 
0.1967 0.2611 0.1981 0.3440 
0.2408 0.2530 0.2435 0.2628 

MOTIF filter12 
letter-probability matrix: alength= 4 w= 15 nsites= 15 
0.2078 0.3322 0.2842 0.1758 
0.2466 0.3368 0.1895 0.2272 
0.1804 0.4954 0.1530 0.1712 
0.0731 0.7272 0.1119 0.0879 
0.2922 0.3242 0.1050 0.2785 
0.3847 0.1427 0.2340 0.2386 
0.8402 0.0662 0.0856 0.0080 
0.0000 0.0160 0.0000 0.9840 
0.1358 0.5548 0.0000 0.3094 
0.5091 0.0034 0.3733 0.1142 
0.0000 0.0148 0.9406 0.0445 
0.0240 0.8527 0.0537 0.0696 
0.6130 0.1187 0.1016 0.1667 
0.2968 0.2740 0.2180 0.2112 
0.4943 0.0936 0.0753 0.3368 

MOTIF filter13 
letter-probability matrix: alength= 4 w= 12 nsites= 12 
0.2158 0.2945 0.2518 0.2379 
0.0183 0.5561 0.1487 0.2769 
0.0687 0.5924 0.0306 0.3082 
0.0452 0.8134 0.1022 0.0392 
0.0520 0.8426 0.0377 0.0677 
0.1975 0.2016 0.3278 0.2731 
0.0593 0.8121 0.0312 0.0974 
0.0278 0.8730 0.0210 0.0782 
0.0283 0.5913 0.0377 0.3426 
0.1921 0.5285 0.0251 0.2543 
0.1462 0.4316 0.1416 0.2806 
0.2345 0.2808 0.2459 0.2388 

MOTIF filter14 
letter-probability matrix: alength= 4 w= 13 nsites= 13 
0.2525 0.2373 0.2655 0.2448 
0.2671 0.1568 0.4252 0.1509 
0.2385 0.0307 0.5122 0.2186 
0.3219 0.0271 0.5911 0.0599 
0.0632 0.0111 0.8664 0.0594 
0.0731 0.0792 0.7904 0.0573 
0.3072 0.3638 0.1099 0.2191 
0.0937 0.0086 0.8316 0.0662 
0.0655 0.0756 0.8237 0.0351 
0.2992 0.0157 0.6011 0.0840 
0.3037 0.1376 0.5304 0.0284 
0.2432 0.3338 0.2692 0.1538 
0.2475 0.2419 0.2837 0.2269 

MOTIF filter15 
letter-probability matrix: alength= 4 w= 14 nsites= 14 
0.2717 0.3121 0.1663 0.2499 
0.2872 0.1496 0.2327 0.3305 
0.2835 0.3254 0.1765 0.2145 
0.7816 0.0450 0.1339 0.0395 
0.6763 0.0758 0.1707 0.0772 
0.4356 0.1637 0.3516 0.0492 
0.8131 0.1024 0.0547 0.0298 
0.0303 0.0569 0.1027 0.8102 
0.1450 0.0724 0.7390 0.0436 
0.0225 0.0230 0.9010 0.0535 
0.2552 0.5973 0.0329 0.1145 
0.2172 0.1973 0.3569 0.2286 
0.1584 0.1460 0.5504 0.1453 
0.2075 0.5182 0.1099 0.1644 

MOTIF filter16 
letter-probability matrix: alength= 4 w= 20 nsites= 20 
0.2130 0.2447 0.2804 0.2619 
0.1442 0.4775 0.2460 0.1323 
0.2963 0.3968 0.1389 0.1680 
0.1270 0.0304 0.6164 0.2262 
0.0860 0.6680 0.1217 0.1243 
0.4246 0.4590 0.0675 0.0489 
0.8426 0.0767 0.0648 0.0159 
0.0952 0.0344 0.3188 0.5516 
0.1071 0.7077 0.0265 0.1587 
0.0000 0.0026 0.0000 0.9974 
0.3505 0.0013 0.3611 0.2870 
0.0728 0.0304 0.6958 0.2011 
0.2897 0.3267 0.0212 0.3624 
0.3664 0.1058 0.1521 0.3757 
0.4418 0.1190 0.2262 0.2130 
0.0582 0.2050 0.0688 0.6680 
0.6521 0.1071 0.1481 0.0926 
0.1481 0.1402 0.5899 0.1217 
0.3783 0.2751 0.1931 0.1534 
0.2077 0.2037 0.3175 0.2712 

MOTIF filter17 
letter-probability matrix: alength= 4 w= 9 nsites= 9 
0.3209 0.0716 0.1228 0.4847 
0.3381 0.0553 0.3517 0.2549 
0.1778 0.3990 0.0164 0.4068 
0.5096 0.0694 0.0000 0.4210 
0.0026 0.1611 0.8358 0.0005 
0.0269 0.8984 0.0021 0.0726 
0.4819 0.1478 0.3292 0.0411 
0.3010 0.1864 0.3139 0.1987 
0.2196 0.2010 0.3125 0.2669 

MOTIF filter18 
letter-probability matrix: alength= 4 w= 20 nsites= 20 
0.2693 0.2476 0.2452 0.2379 
0.1679 0.1039 0.0507 0.6775 
0.0507 0.1304 0.5990 0.2198 
0.3647 0.4227 0.0725 0.1401 
0.0652 0.8285 0.0700 0.0362 
0.0411 0.8200 0.0495 0.0894 
0.6884 0.0519 0.0616 0.1981 
0.0326 0.0121 0.0809 0.8744 
0.7657 0.2089 0.0000 0.0254 
0.0000 0.0000 0.0036 0.9964 
1.0000 0.0000 0.0000 0.0000 
0.1498 0.0024 0.0000 0.8478 
0.1437 0.0000 0.7403 0.1159 
0.1159 0.0000 0.7536 0.1304 
0.2609 0.0290 0.2850 0.4251 
0.1570 0.4601 0.0543 0.3285 
0.9408 0.0000 0.0169 0.0423 
0.1944 0.1401 0.5060 0.1594 
0.3200 0.3285 0.1643 0.1872 
0.2524 0.2657 0.2597 0.2222 

MOTIF filter19 
letter-probability matrix: alength= 4 w= 12 nsites= 12 
0.2427 0.2681 0.2794 0.2098 
0.3340 0.1659 0.3291 0.1711 
0.1173 0.4775 0.3310 0.0742 
0.5706 0.2632 0.1662 0.0000 
0.0353 0.3673 0.2951 0.3023 
0.0081 0.7520 0.2399 0.0000 
0.0000 0.0181 0.7596 0.2223 
0.4184 0.4325 0.0605 0.0886 
0.0058 0.4837 0.0807 0.4298 
0.3346 0.2870 0.1557 0.2226 
0.2444 0.2148 0.2751 0.2657 
0.1074 0.2618 0.3544 0.2763 

MOTIF filter20 
letter-probability matrix: alength= 4 w= 11 nsites= 11 
0.2034 0.2730 0.2913 0.2323 
0.1047 0.3439 0.2896 0.2618 
0.0665 0.1950 0.4050 0.3336 
0.5155 0.0593 0.3969 0.0283 
0.8293 0.1150 0.0533 0.0023 
0.0091 0.7737 0.2173 0.0000 
0.1458 0.0000 0.0148 0.8394 
0.0000 0.1539 0.1487 0.6973 
0.3598 0.2197 0.2781 0.1423 
0.1563 0.3863 0.0533 0.4041 
0.2320 0.2328 0.2202 0.3150 

MOTIF filter21 
letter-probability matrix: alength= 4 w= 13 nsites= 13 
0.2884 0.2889 0.2177 0.2049 
0.2833 0.2054 0.3417 0.1696 
0.2208 0.0702 0.1752 0.5338 
0.0000 0.0102 0.0343 0.9554 
0.1107 0.0000 0.8125 0.0768 
0.4078 0.5564 0.0000 0.0359 
0.0164 0.2116 0.7720 0.0000 
0.0179 0.4329 0.0000 0.5492 
0.5476 0.4524 0.0000 0.0000 
1.0000 0.0000 0.0000 0.0000 
0.0000 0.3873 0.1204 0.4923 
0.2556 0.3212 0.2300 0.1931 
0.2172 0.2090 0.2807 0.2930 

MOTIF filter22 
letter-probability matrix: alength= 4 w= 12 nsites= 12 
0.3908 0.1239 0.1311 0.3542 
0.2731 0.1188 0.2282 0.3799 
0.4538 0.1778 0.1880 0.1804 
0.0065 0.0565 0.0080 0.9290 
0.0000 0.0000 0.7624 0.2376 
0.4882 0.5118 0.0000 0.0000 
0.1873 0.0391 0.0717 0.7019 
0.0000 0.0000 0.6780 0.3220 
0.4357 0.5632 0.0000 0.0011 
0.5639 0.1079 0.2141 0.1141 
0.1438 0.1825 0.2452 0.4285 
0.2568 0.3310 0.1275 0.2847 

MOTIF filter23 
letter-probability matrix: alength= 4 w= 14 nsites= 14 
0.3068 0.3016 0.2018 0.1898 
0.0473 0.8115 0.0830 0.0581 
0.0293 0.8133 0.1011 0.0564 
0.5095 0.2031 0.0727 0.2147 
0.0895 0.0172 0.0073 0.8860 
0.7840 0.0185 0.1265 0.0710 
0.0624 0.0069 0.0164 0.9144 
0.6523 0.0271 0.0805 0.2401 
0.1919 0.0318 0.0310 0.7453 
0.0168 0.0701 0.9010 0.0120 
0.0271 0.2001 0.7380 0.0349 
0.0852 0.1691 0.2995 0.4462 
0.2719 0.4854 0.1902 0.0525 
0.5977 0.1007 0.0985 0.2031 

MOTIF filter24 
letter-probability matrix: alength= 4 w= 20 nsites= 20 
0.1875 0.1875 0.3750 0.2500 
0.1875 0.3750 0.0625 0.3750 
0.1250 0.3125 0.5625 0.0000 
0.0625 0.3750 0.1250 0.4375 
0.1875 0.5625 0.2500 0.0000 
0.6875 0.0625 0.2500 0.0000 
0.3125 0.1250 0.0000 0.5625 
0.0625 0.0000 0.3125 0.6250 
0.1875 0.2500 0.0000 0.5625 
0.4375 0.0625 0.1875 0.3125 
0.0000 0.5000 0.5000 0.0000 
0.0000 0.0000 0.0000 1.0000 
1.0000 0.0000 0.0000 0.0000 
0.0000 0.6875 0.3125 0.0000 
0.0000 0.5000 0.5000 0.0000 
1.0000 0.0000 0.0000 0.0000 
0.0000 0.7500 0.0000 0.2500 
0.2500 0.3125 0.3750 0.0625 
0.0000 0.1250 0.5000 0.3750 
0.1250 0.5000 0.1875 0.1875 

MOTIF filter25 
letter-probability matrix: alength= 4 w= 14 nsites= 14 
0.2997 0.2686 0.2403 0.1913 
0.2187 0.0537 0.5259 0.2017 
0.2337 0.5570 0.0707 0.1385 
0.0924 0.8115 0.0792 0.0170 
0.9991 0.0000 0.0009 0.0000 
0.3930 0.0019 0.0160 0.5891 
0.1329 0.2083 0.4496 0.2092 
0.5994 0.0349 0.1376 0.2281 
0.0019 0.1178 0.0009 0.8794 
0.0311 0.0603 0.8822 0.0264 
0.0877 0.0754 0.7474 0.0895 
0.1612 0.6324 0.0726 0.1338 
0.2375 0.3025 0.2648 0.1951 
0.1942 0.1489 0.4986 0.1583 

MOTIF filter26 
letter-probability matrix: alength= 4 w= 12 nsites= 12 
0.2727 0.0999 0.2962 0.3312 
0.4508 0.3973 0.0093 0.1426 
0.0002 0.3332 0.3239 0.3427 
0.9991 0.0007 0.0002 0.0000 
0.2472 0.1363 0.2431 0.3733 
0.0329 0.0000 0.2701 0.6971 
0.0011 0.2970 0.7017 0.0002 
0.5828 0.0032 0.2650 0.1490 
0.0292 0.6224 0.1896 0.1588 
0.2255 0.1828 0.2671 0.3247 
0.2212 0.3871 0.1855 0.2062 
0.2812 0.2337 0.3079 0.1772 

MOTIF filter27 
letter-probability matrix: alength= 4 w= 10 nsites= 10 
0.3186 0.1540 0.3328 0.1945 
0.2449 0.2073 0.2299 0.3179 
0.2766 0.1292 0.3074 0.2868 
0.0134 0.7413 0.2152 0.0301 
0.0031 0.0077 0.0018 0.9874 
0.9567 0.0307 0.0124 0.0002 
0.0336 0.0047 0.8106 0.1511 
0.3899 0.1383 0.1772 0.2946 
0.2472 0.1991 0.2478 0.3059 
0.3680 0.2299 0.1322 0.2699 

MOTIF filter28 
letter-probability matrix: alength= 4 w= 12 nsites= 12 
0.1766 0.3548 0.1684 0.3002 
0.1896 0.3797 0.1360 0.2947 
0.2126 0.2657 0.2233 0.2984 
0.8565 0.0000 0.0000 0.1435 
0.0619 0.0150 0.0000 0.9231 
0.0764 0.3318 0.0000 0.5918 
0.4512 0.0000 0.5346 0.0142 
0.8526 0.0088 0.1018 0.0368 
0.2100 0.0101 0.0083 0.7716 
0.3434 0.2458 0.2694 0.1414 
0.2673 0.2090 0.3787 0.1450 
0.3033 0.2637 0.2582 0.1748 

MOTIF filter29 
letter-probability matrix: alength= 4 w= 16 nsites= 16 
0.1350 0.3098 0.0699 0.4853 
0.1220 0.1789 0.5271 0.1720 
0.2920 0.2152 0.3605 0.1323 
0.0000 1.0000 0.0000 0.0000 
0.0000 0.9705 0.0000 0.0295 
0.9157 0.0000 0.0014 0.0829 
0.0027 0.0000 0.0000 0.9973 
0.5922 0.1624 0.0685 0.1768 
0.0000 0.0274 0.0007 0.9719 
0.6080 0.0199 0.0000 0.3722 
0.1570 0.0610 0.1782 0.6038 
0.1837 0.0829 0.6559 0.0775 
0.0857 0.0665 0.7437 0.1042 
0.1714 0.1364 0.3098 0.3825 
0.2625 0.4866 0.1385 0.1124 
0.4942 0.1014 0.1576 0.2467 

MOTIF filter30 
letter-probability matrix: alength= 4 w= 14 nsites= 14 
0.2268 0.4499 0.1973 0.1261 
0.2812 0.2020 0.1289 0.3880 
0.0979 0.2994 0.2113 0.3913 
0.7207 0.0858 0.1931 0.0005 
0.0000 0.0000 0.0000 1.0000 
0.1425 0.0000 0.3660 0.4916 
0.3908 0.0000 0.4784 0.1307 
0.0000 0.5998 0.3941 0.0061 
0.0262 0.0187 0.6186 0.3365 
0.0084 0.7933 0.0515 0.1467 
0.8290 0.1125 0.0342 0.0244 
0.5745 0.1589 0.1336 0.1331 
0.1143 0.3144 0.1865 0.3847 
0.2231 0.1912 0.3266 0.2591 

MOTIF filter31 
letter-probability matrix: alength= 4 w= 14 nsites= 14 
0.3196 0.2424 0.1934 0.2446 
0.1527 0.3102 0.2929 0.2443 
0.2778 0.4011 0.2446 0.0765 
0.0995 0.1093 0.1123 0.6789 
0.1025 0.0362 0.5948 0.2665 
0.5409 0.1067 0.2559 0.0965 
0.0317 0.5296 0.4387 0.0000 
0.0313 0.0000 0.0011 0.9676 
0.0611 0.7034 0.2356 0.0000 
0.9721 0.0132 0.0132 0.0015 
0.0000 0.3230 0.5447 0.1323 
0.1089 0.5530 0.0531 0.2850 
0.3257 0.4384 0.0614 0.1745 
0.4384 0.2405 0.1459 0.1753 

