MEME version 4

ALPHABET= ACGT

Background letter frequencies:
A 0.2500 C 0.2500 G 0.2500 T 0.2500 

MOTIF filter0 
letter-probability matrix: alength= 4 w= 10 nsites= 10 
0.1558 0.0797 0.1985 0.5660 
0.3385 0.2914 0.1540 0.2161 
0.0013 0.3834 0.2795 0.3358 
0.0999 0.8974 0.0000 0.0026 
0.4784 0.0035 0.1048 0.4133 
0.0044 0.0066 0.8407 0.1483 
0.3279 0.5365 0.1347 0.0009 
0.8015 0.0392 0.0352 0.1241 
0.5788 0.2152 0.0519 0.1540 
0.3781 0.0788 0.0053 0.5379 

MOTIF filter1 
letter-probability matrix: alength= 4 w= 12 nsites= 12 
0.2623 0.2423 0.2563 0.2391 
0.3098 0.2291 0.2559 0.2051 
0.2450 0.2726 0.2713 0.2111 
0.0504 0.8637 0.0408 0.0451 
0.8643 0.0410 0.0489 0.0458 
0.0520 0.8317 0.0454 0.0709 
0.0723 0.0418 0.8447 0.0412 
0.0435 0.0472 0.0263 0.8831 
0.0353 0.0305 0.8832 0.0510 
0.2151 0.2726 0.2678 0.2444 
0.2216 0.2596 0.2164 0.3023 
0.2326 0.2569 0.2473 0.2632 

MOTIF filter2 
letter-probability matrix: alength= 4 w= 12 nsites= 12 
0.3439 0.1024 0.2122 0.3415 
0.3179 0.1984 0.1044 0.3792 
0.3166 0.1763 0.0852 0.4219 
0.0169 0.5326 0.0000 0.4505 
0.3636 0.0002 0.3458 0.2903 
0.4979 0.0103 0.2827 0.2091 
0.0011 0.1455 0.0009 0.8525 
0.1931 0.6058 0.0631 0.1379 
0.0219 0.0096 0.9477 0.0208 
0.1428 0.3612 0.2795 0.2164 
0.2226 0.2895 0.3064 0.1815 
0.2291 0.2800 0.2469 0.2440 

MOTIF filter3 
letter-probability matrix: alength= 4 w= 16 nsites= 16 
0.2540 0.2646 0.2413 0.2402 
0.2466 0.2688 0.2519 0.2328 
0.1153 0.0709 0.3429 0.4709 
0.0339 0.8667 0.0000 0.0995 
0.0000 0.0095 0.0000 0.9905 
1.0000 0.0000 0.0000 0.0000 
0.2772 0.0000 0.0011 0.7217 
0.4709 0.0063 0.0000 0.5228 
0.5524 0.0000 0.0011 0.4466 
0.6963 0.0063 0.0000 0.2974 
0.0000 0.0000 0.0000 1.0000 
0.9841 0.0000 0.0159 0.0000 
0.1069 0.0000 0.8614 0.0317 
0.4519 0.3619 0.0614 0.1249 
0.2804 0.2307 0.2614 0.2275 
0.2540 0.2804 0.2307 0.2349 

MOTIF filter4 
letter-probability matrix: alength= 4 w= 11 nsites= 11 
0.2402 0.2843 0.1998 0.2757 
0.2574 0.2219 0.2344 0.2863 
0.2430 0.4236 0.1912 0.1422 
0.9049 0.0000 0.0548 0.0403 
0.8425 0.0317 0.1249 0.0010 
0.4621 0.1047 0.4102 0.0231 
0.9798 0.0019 0.0183 0.0000 
0.0240 0.0048 0.0221 0.9491 
0.0471 0.0259 0.9270 0.0000 
0.0250 0.0019 0.9721 0.0010 
0.1249 0.7157 0.0298 0.1297 

MOTIF filter5 
letter-probability matrix: alength= 4 w= 11 nsites= 11 
0.2506 0.2562 0.2104 0.2828 
0.3394 0.1138 0.2494 0.2974 
0.4568 0.1266 0.3232 0.0935 
0.2172 0.0000 0.6016 0.1812 
0.1966 0.3606 0.0000 0.4428 
0.4183 0.2290 0.0000 0.3527 
0.0205 0.0000 0.9766 0.0029 
0.1137 0.2655 0.0011 0.6198 
0.4020 0.0412 0.2617 0.2950 
0.2714 0.1863 0.3691 0.1732 
0.3412 0.2749 0.0898 0.2942 

MOTIF filter6 
letter-probability matrix: alength= 4 w= 16 nsites= 16 
0.2395 0.2539 0.1829 0.3237 
0.2162 0.1961 0.2860 0.3017 
0.2036 0.5003 0.2018 0.0943 
0.1647 0.1201 0.0371 0.6782 
0.0616 0.0886 0.7800 0.0698 
0.4004 0.5211 0.0157 0.0629 
0.0295 0.1276 0.0974 0.7454 
0.0000 0.0000 0.6072 0.3928 
0.2439 0.7505 0.0000 0.0057 
0.6304 0.1276 0.1037 0.1383 
0.0396 0.0302 0.6065 0.3237 
0.0937 0.7222 0.0704 0.1138 
0.6486 0.0182 0.1358 0.1974 
0.1056 0.2904 0.2898 0.3143 
0.3162 0.2420 0.2024 0.2395 
0.2143 0.1534 0.1358 0.4965 

MOTIF filter7 
letter-probability matrix: alength= 4 w= 16 nsites= 16 
0.3740 0.0973 0.2391 0.2896 
0.2529 0.0693 0.1735 0.5044 
0.1611 0.2969 0.3566 0.1854 
0.0794 0.2455 0.0385 0.6365 
0.1817 0.2593 0.5296 0.0294 
0.1689 0.6810 0.0298 0.1202 
0.3240 0.0450 0.0895 0.5415 
0.3827 0.0574 0.3593 0.2006 
0.7361 0.0151 0.0060 0.2428 
0.0964 0.3405 0.0349 0.5282 
0.6742 0.0757 0.1340 0.1161 
0.0326 0.0307 0.8017 0.1349 
0.0436 0.7150 0.1469 0.0945 
0.3557 0.0753 0.4754 0.0936 
0.1046 0.2405 0.5108 0.1441 
0.2850 0.2639 0.2359 0.2152 

MOTIF filter8 
letter-probability matrix: alength= 4 w= 16 nsites= 16 
0.2183 0.3264 0.3082 0.1471 
0.2941 0.1362 0.3494 0.2203 
0.1827 0.3620 0.2500 0.2053 
0.1279 0.6969 0.0435 0.1317 
0.3323 0.3938 0.1396 0.1343 
0.4231 0.1146 0.2166 0.2457 
0.0920 0.6198 0.0578 0.2305 
0.0000 0.7942 0.2058 0.0000 
0.1895 0.0058 0.0000 0.8047 
0.3921 0.0036 0.4457 0.1586 
0.5178 0.0019 0.3072 0.1731 
0.3930 0.0504 0.1682 0.3883 
0.0124 0.4008 0.0058 0.5810 
0.1799 0.2156 0.3370 0.2675 
0.1960 0.2350 0.3246 0.2444 
0.2231 0.2410 0.2265 0.3093 

MOTIF filter9 
letter-probability matrix: alength= 4 w= 13 nsites= 13 
0.2590 0.2284 0.2511 0.2615 
0.2335 0.2180 0.2952 0.2533 
0.3468 0.2464 0.3010 0.1058 
0.0470 0.0504 0.0240 0.8786 
0.0646 0.0432 0.7001 0.1921 
0.8383 0.0101 0.0971 0.0545 
0.1060 0.4010 0.4122 0.0808 
0.0787 0.0551 0.0365 0.8296 
0.1649 0.6472 0.1135 0.0744 
0.8222 0.0594 0.0567 0.0617 
0.0917 0.3078 0.2744 0.3261 
0.2321 0.2941 0.2172 0.2566 
0.2614 0.2387 0.2596 0.2403 

MOTIF filter10 
letter-probability matrix: alength= 4 w= 13 nsites= 13 
0.3165 0.2057 0.3101 0.1677 
0.3038 0.2658 0.3006 0.1297 
0.2215 0.2278 0.3829 0.1677 
0.0190 0.7278 0.2532 0.0000 
0.0601 0.9399 0.0000 0.0000 
0.0000 0.0000 1.0000 0.0000 
0.0000 0.0000 1.0000 0.0000 
1.0000 0.0000 0.0000 0.0000 
0.9968 0.0000 0.0000 0.0032 
0.0506 0.0190 0.9304 0.0000 
0.0506 0.2943 0.0095 0.6456 
0.1519 0.0886 0.6962 0.0633 
0.2310 0.2500 0.4810 0.0380 

MOTIF filter11 
letter-probability matrix: alength= 4 w= 11 nsites= 11 
0.0339 0.4342 0.3179 0.2140 
0.3711 0.1822 0.1488 0.2979 
0.1886 0.1791 0.0706 0.5617 
0.0190 0.0375 0.0074 0.9361 
0.1563 0.1139 0.6356 0.0942 
0.8391 0.0003 0.1527 0.0080 
0.1057 0.2612 0.0028 0.6302 
0.0100 0.4863 0.0724 0.4314 
0.6005 0.1170 0.1655 0.1170 
0.5745 0.0875 0.2276 0.1103 
0.5440 0.0906 0.2032 0.1622 

MOTIF filter12 
letter-probability matrix: alength= 4 w= 13 nsites= 13 
0.0369 0.5592 0.1564 0.2475 
0.0928 0.3650 0.1875 0.3547 
0.4761 0.1344 0.2209 0.1686 
0.1342 0.6222 0.0391 0.2045 
0.1524 0.1090 0.0247 0.7139 
0.4316 0.2205 0.1162 0.2317 
0.1881 0.4136 0.0088 0.3895 
0.2565 0.2108 0.1074 0.4253 
0.7060 0.0000 0.2493 0.0447 
0.0315 0.0016 0.9645 0.0025 
0.2021 0.2178 0.2108 0.3693 
0.5545 0.1394 0.1663 0.1398 
0.2068 0.4637 0.2580 0.0715 

MOTIF filter13 
letter-probability matrix: alength= 4 w= 15 nsites= 15 
0.2266 0.2618 0.2474 0.2643 
0.2756 0.2163 0.2466 0.2616 
0.1850 0.2466 0.1871 0.3814 
0.0451 0.0243 0.0272 0.9035 
0.0292 0.0424 0.0572 0.8712 
0.2361 0.6254 0.0379 0.1006 
0.0852 0.5639 0.0307 0.3202 
0.2324 0.2391 0.2739 0.2546 
0.3066 0.0354 0.5810 0.0770 
0.0720 0.0263 0.7047 0.1970 
0.8207 0.0587 0.0809 0.0397 
0.8932 0.0284 0.0360 0.0424 
0.4130 0.1694 0.2379 0.1797 
0.2433 0.2402 0.2459 0.2706 
0.2538 0.2453 0.2694 0.2315 

MOTIF filter14 
letter-probability matrix: alength= 4 w= 16 nsites= 16 
0.2249 0.2185 0.2115 0.3451 
0.1865 0.1736 0.4295 0.2105 
0.3111 0.2654 0.2618 0.1617 
0.0784 0.6900 0.1223 0.1094 
0.1001 0.6234 0.1746 0.1019 
0.4375 0.0346 0.1708 0.3572 
0.0364 0.1359 0.2187 0.6090 
0.5672 0.1181 0.3144 0.0003 
0.0088 0.1432 0.0209 0.8272 
0.4380 0.4599 0.0846 0.0175 
0.4279 0.0111 0.0077 0.5533 
0.0039 0.3753 0.5053 0.1156 
0.1555 0.0075 0.7382 0.0988 
0.0276 0.3456 0.2007 0.4261 
0.4808 0.2561 0.1958 0.0673 
0.2515 0.1684 0.1496 0.4305 

MOTIF filter15 
letter-probability matrix: alength= 4 w= 16 nsites= 16 
0.2532 0.1002 0.5562 0.0904 
0.1338 0.2885 0.4353 0.1424 
0.0635 0.2017 0.6152 0.1196 
0.1421 0.1654 0.6676 0.0250 
0.1181 0.3027 0.4046 0.1747 
0.0868 0.3562 0.4780 0.0789 
0.4571 0.1508 0.3160 0.0760 
0.0260 0.0611 0.5348 0.3780 
0.0633 0.2208 0.6240 0.0919 
0.0385 0.5841 0.2184 0.1590 
0.4245 0.4439 0.0990 0.0326 
0.1189 0.3196 0.0213 0.5402 
0.1289 0.6664 0.1182 0.0865 
0.3848 0.1998 0.2791 0.1363 
0.0993 0.3242 0.1782 0.3983 
0.3338 0.2389 0.2948 0.1326 

MOTIF filter16 
letter-probability matrix: alength= 4 w= 14 nsites= 14 
0.1799 0.3557 0.3457 0.1188 
0.1114 0.1807 0.2476 0.4604 
0.1522 0.3698 0.4355 0.0426 
0.7054 0.2050 0.0269 0.0626 
0.2751 0.2037 0.4452 0.0760 
0.0331 0.4698 0.0044 0.4927 
0.0072 0.6751 0.2335 0.0842 
0.9502 0.0452 0.0015 0.0031 
0.0298 0.5343 0.1201 0.3159 
0.0298 0.0624 0.2351 0.6728 
0.0154 0.6166 0.2176 0.1504 
0.3490 0.3167 0.1322 0.2022 
0.0857 0.4668 0.3174 0.1301 
0.1950 0.2861 0.3608 0.1581 

MOTIF filter17 
letter-probability matrix: alength= 4 w= 15 nsites= 15 
0.2386 0.2359 0.3106 0.2149 
0.0893 0.4772 0.1749 0.2587 
0.2204 0.4435 0.1639 0.1721 
0.7341 0.0200 0.1667 0.0792 
0.1876 0.5146 0.0355 0.2623 
0.2832 0.0191 0.1903 0.5073 
0.0036 0.0000 0.0000 0.9964 
0.0364 0.5301 0.4335 0.0000 
0.1457 0.8133 0.0000 0.0410 
0.0000 0.0000 0.8069 0.1931 
0.0000 0.2705 0.7095 0.0200 
0.8087 0.0246 0.0556 0.1111 
0.2842 0.2687 0.2122 0.2350 
0.1448 0.1120 0.2787 0.4645 
0.2086 0.1985 0.1949 0.3980 

MOTIF filter18 
letter-probability matrix: alength= 4 w= 15 nsites= 15 
0.0831 0.4096 0.2255 0.2817 
0.2326 0.1504 0.4924 0.1245 
0.1449 0.3136 0.3803 0.1613 
0.4371 0.0009 0.4581 0.1038 
0.3593 0.1279 0.1199 0.3930 
0.0154 0.0683 0.1322 0.7841 
0.2706 0.2512 0.0000 0.4782 
0.0000 0.8811 0.1189 0.0000 
0.0686 0.6237 0.0000 0.3077 
0.2289 0.0253 0.6815 0.0643 
0.1217 0.0865 0.4538 0.3380 
0.5437 0.0059 0.2688 0.1816 
0.3862 0.1427 0.2904 0.1807 
0.4208 0.1143 0.2447 0.2203 
0.3046 0.1977 0.1912 0.3065 

MOTIF filter19 
letter-probability matrix: alength= 4 w= 15 nsites= 15 
0.1904 0.4356 0.1849 0.1890 
0.3438 0.1945 0.2781 0.1836 
0.0384 0.4918 0.3068 0.1630 
0.0000 0.4575 0.0082 0.5342 
0.0014 0.4795 0.0000 0.5192 
0.0014 0.9986 0.0000 0.0000 
0.0014 0.9986 0.0000 0.0000 
0.0945 0.0000 0.6548 0.2507 
0.0000 0.8123 0.1616 0.0260 
0.0164 0.8753 0.0397 0.0685 
0.0096 0.5644 0.0849 0.3411 
0.1137 0.6630 0.0479 0.1753 
0.0836 0.5342 0.1164 0.2658 
0.2370 0.2671 0.2466 0.2493 
0.2685 0.2247 0.2466 0.2603 

MOTIF filter20 
letter-probability matrix: alength= 4 w= 14 nsites= 14 
0.1884 0.2576 0.3527 0.2013 
0.3484 0.2088 0.3214 0.1213 
0.2864 0.2509 0.2828 0.1799 
0.0144 0.8977 0.0502 0.0376 
0.1211 0.5457 0.0398 0.2935 
0.5563 0.1113 0.1755 0.1570 
0.9123 0.0229 0.0480 0.0169 
0.0511 0.0265 0.0480 0.8745 
0.2121 0.2912 0.1227 0.3740 
0.4257 0.0304 0.4039 0.1399 
0.0758 0.0864 0.8293 0.0085 
0.2213 0.2897 0.2643 0.2247 
0.1879 0.2800 0.2160 0.3160 
0.2340 0.3106 0.2421 0.2133 

MOTIF filter21 
letter-probability matrix: alength= 4 w= 11 nsites= 11 
0.3841 0.0809 0.1234 0.4116 
0.2766 0.2146 0.1327 0.3762 
0.3899 0.0109 0.1471 0.4520 
0.1491 0.6740 0.0100 0.1669 
0.0022 0.0059 0.7059 0.2860 
0.8608 0.0676 0.0094 0.0621 
0.3499 0.1874 0.3086 0.1541 
0.0362 0.1473 0.0062 0.8104 
0.1341 0.4340 0.2538 0.1780 
0.4222 0.1377 0.3754 0.0646 
0.1014 0.3371 0.2836 0.2779 

MOTIF filter22 
letter-probability matrix: alength= 4 w= 9 nsites= 9 
0.1586 0.1217 0.3534 0.3664 
0.3727 0.0539 0.4396 0.1338 
0.1479 0.4401 0.4054 0.0067 
0.0055 0.0037 0.0004 0.9903 
0.0582 0.3807 0.5194 0.0417 
0.9910 0.0003 0.0074 0.0014 
0.0330 0.3167 0.5074 0.1428 
0.1281 0.4163 0.0396 0.4159 
0.3850 0.3367 0.1177 0.1606 

MOTIF filter23 
letter-probability matrix: alength= 4 w= 12 nsites= 12 
0.2393 0.1423 0.3535 0.2650 
0.1192 0.2413 0.4700 0.1695 
0.1133 0.4240 0.2701 0.1926 
0.0288 0.6993 0.2718 0.0000 
0.0395 0.3503 0.4779 0.1323 
0.0432 0.3404 0.3544 0.2620 
0.3638 0.4256 0.0168 0.1939 
0.2282 0.5097 0.2621 0.0000 
0.0012 0.3445 0.6328 0.0215 
0.3354 0.2168 0.3124 0.1354 
0.2560 0.2636 0.2873 0.1931 
0.1425 0.3885 0.2110 0.2580 

MOTIF filter24 
letter-probability matrix: alength= 4 w= 15 nsites= 15 
0.2852 0.3425 0.1246 0.2476 
0.3453 0.0910 0.2392 0.3245 
0.2207 0.5362 0.1084 0.1348 
0.1623 0.1398 0.0629 0.6350 
0.0859 0.0657 0.6704 0.1780 
0.0449 0.8147 0.0095 0.1308 
0.0174 0.8085 0.0095 0.1645 
0.4688 0.0006 0.5121 0.0185 
0.2925 0.0410 0.4722 0.1943 
0.0275 0.7428 0.1623 0.0674 
0.7580 0.0185 0.0247 0.1988 
0.0926 0.1797 0.0567 0.6710 
0.2448 0.1039 0.3981 0.2532 
0.2173 0.0994 0.3200 0.3633 
0.2588 0.2044 0.1258 0.4110 

MOTIF filter25 
letter-probability matrix: alength= 4 w= 12 nsites= 12 
0.1690 0.3142 0.1461 0.3707 
0.1615 0.2614 0.4288 0.1483 
0.2366 0.1869 0.3952 0.1813 
0.0154 0.9252 0.0393 0.0201 
0.0342 0.8740 0.0148 0.0770 
0.8360 0.0170 0.0531 0.0939 
0.0097 0.0110 0.0110 0.9683 
0.3629 0.2501 0.1087 0.2784 
0.0000 0.0484 0.0050 0.9466 
0.3054 0.0427 0.0522 0.5997 
0.1590 0.1191 0.3214 0.4006 
0.2664 0.1640 0.4075 0.1621 

MOTIF filter26 
letter-probability matrix: alength= 4 w= 14 nsites= 14 
0.1530 0.2913 0.1792 0.3765 
0.2421 0.2382 0.2816 0.2380 
0.3299 0.0423 0.4337 0.1941 
0.0280 0.1043 0.2077 0.6600 
0.0005 0.3745 0.6129 0.0122 
0.7636 0.0839 0.0882 0.0643 
0.1989 0.2736 0.0216 0.5059 
0.0223 0.0014 0.0453 0.9311 
0.0039 0.3866 0.6076 0.0018 
0.4480 0.1670 0.3441 0.0409 
0.1098 0.2915 0.0198 0.5789 
0.1509 0.2849 0.2527 0.3115 
0.2536 0.2989 0.3060 0.1415 
0.3572 0.1691 0.3246 0.1491 

MOTIF filter27 
letter-probability matrix: alength= 4 w= 9 nsites= 9 
0.1873 0.4806 0.2763 0.0558 
0.2926 0.0478 0.4558 0.2038 
0.2756 0.3183 0.0351 0.3710 
0.0226 0.9373 0.0127 0.0273 
0.0024 0.4205 0.5625 0.0146 
0.0057 0.0184 0.9503 0.0257 
0.5423 0.0327 0.3204 0.1046 
0.4024 0.1161 0.3338 0.1477 
0.1159 0.2502 0.4040 0.2299 

MOTIF filter28 
letter-probability matrix: alength= 4 w= 19 nsites= 19 
0.2166 0.1814 0.1760 0.4259 
0.1486 0.1153 0.4953 0.2409 
0.3098 0.4133 0.1108 0.1661 
0.0896 0.8086 0.0761 0.0257 
0.0540 0.7906 0.1310 0.0243 
0.4845 0.0657 0.1805 0.2692 
0.0567 0.2458 0.0005 0.6970 
0.6434 0.1833 0.1634 0.0099 
0.0243 0.3980 0.1373 0.4403 
0.6839 0.0009 0.2697 0.0455 
0.1513 0.1243 0.1508 0.5736 
0.0932 0.0149 0.8550 0.0369 
0.0005 0.0833 0.9131 0.0032 
0.1013 0.1540 0.3071 0.4376 
0.1135 0.7348 0.0369 0.1148 
0.5745 0.0855 0.0428 0.2972 
0.2774 0.3264 0.1454 0.2508 
0.2323 0.2692 0.2683 0.2301 
0.2332 0.1977 0.2449 0.3242 

MOTIF filter29 
letter-probability matrix: alength= 4 w= 17 nsites= 17 
0.2177 0.1597 0.1731 0.4495 
0.1322 0.1463 0.4664 0.2551 
0.3152 0.3534 0.1583 0.1731 
0.1032 0.6601 0.1159 0.1208 
0.0982 0.6806 0.0982 0.1230 
0.5583 0.0601 0.2806 0.1011 
0.1060 0.0000 0.2940 0.6000 
0.6678 0.0000 0.3322 0.0000 
0.0000 0.0000 0.4304 0.5696 
0.4954 0.0028 0.4982 0.0035 
0.2057 0.2035 0.0000 0.5908 
0.0000 0.0000 1.0000 0.0000 
0.0007 0.0000 0.9915 0.0078 
0.2028 0.0014 0.6219 0.1739 
0.2304 0.3555 0.4120 0.0021 
0.5152 0.2481 0.1463 0.0905 
0.3004 0.2240 0.2587 0.2170 

MOTIF filter30 
letter-probability matrix: alength= 4 w= 14 nsites= 14 
0.2557 0.2449 0.2563 0.2431 
0.2609 0.2657 0.2270 0.2463 
0.4048 0.1970 0.3423 0.0559 
0.0382 0.0544 0.0494 0.8580 
0.0270 0.0384 0.1793 0.7554 
0.3192 0.0220 0.4774 0.1815 
0.0860 0.6408 0.0685 0.2047 
0.2158 0.0722 0.6335 0.0784 
0.1791 0.4986 0.0152 0.3070 
0.7625 0.1662 0.0288 0.0425 
0.8839 0.0481 0.0388 0.0293 
0.0769 0.3122 0.1989 0.4120 
0.2357 0.2725 0.2431 0.2488 
0.2582 0.2374 0.2523 0.2522 

MOTIF filter31 
letter-probability matrix: alength= 4 w= 12 nsites= 12 
0.2080 0.2968 0.2927 0.2025 
0.2415 0.2897 0.2660 0.2028 
0.2214 0.3328 0.2459 0.1999 
0.6490 0.0267 0.0000 0.3243 
0.0000 0.0000 0.0033 0.9967 
0.0000 0.2767 0.0000 0.7233 
0.7470 0.0364 0.2166 0.0000 
0.9993 0.0007 0.0000 0.0000 
0.2738 0.0000 0.0000 0.7262 
0.2184 0.2675 0.2496 0.2645 
0.2140 0.2704 0.2155 0.3001 
0.2043 0.2597 0.2292 0.3068 

