MEME version 4

ALPHABET= ACGT

Background letter frequencies:
A 0.2500 C 0.2500 G 0.2500 T 0.2500 

MOTIF filter0 
letter-probability matrix: alength= 4 w= 13 nsites= 13 
0.3667 0.1562 0.1147 0.3625 
0.1285 0.1882 0.5178 0.1655 
0.5556 0.3142 0.0609 0.0693 
0.1277 0.7430 0.0332 0.0962 
0.0067 0.8387 0.1529 0.0017 
0.3070 0.0050 0.4771 0.2108 
0.0105 0.2386 0.0046 0.7463 
0.5229 0.0592 0.4108 0.0071 
0.0143 0.0630 0.4557 0.4670 
0.6388 0.2554 0.0601 0.0458 
0.3150 0.1210 0.0806 0.4834 
0.0097 0.0911 0.8576 0.0416 
0.0399 0.2717 0.6287 0.0596 

MOTIF filter1 
letter-probability matrix: alength= 4 w= 13 nsites= 13 
0.2031 0.1114 0.2592 0.4263 
0.1729 0.0875 0.4052 0.3344 
0.2386 0.2850 0.3677 0.1087 
0.2322 0.6768 0.0530 0.0379 
0.0056 0.8662 0.1238 0.0044 
0.3473 0.0049 0.2519 0.3959 
0.0054 0.6936 0.0250 0.2760 
0.7374 0.1031 0.1457 0.0139 
0.0029 0.1997 0.0326 0.7648 
0.4630 0.2004 0.2648 0.0717 
0.2446 0.1530 0.1907 0.4117 
0.0438 0.1552 0.7573 0.0438 
0.1165 0.1384 0.6459 0.0992 

MOTIF filter2 
letter-probability matrix: alength= 4 w= 14 nsites= 14 
0.1604 0.0918 0.4717 0.2761 
0.2027 0.4653 0.1883 0.1437 
0.2354 0.4453 0.2171 0.1022 
0.4198 0.0024 0.4900 0.0878 
0.3679 0.6273 0.0032 0.0016 
0.1516 0.7015 0.1468 0.0000 
0.9984 0.0000 0.0008 0.0008 
0.0000 0.0263 0.0000 0.9737 
0.0024 0.3272 0.5459 0.1245 
0.0008 0.0391 0.4286 0.5315 
0.0128 0.3336 0.0160 0.6377 
0.1173 0.2123 0.5786 0.0918 
0.1365 0.2362 0.4014 0.2259 
0.1995 0.4437 0.1325 0.2243 

MOTIF filter3 
letter-probability matrix: alength= 4 w= 12 nsites= 12 
0.2511 0.2669 0.2577 0.2243 
0.3360 0.2258 0.2508 0.1874 
0.2283 0.3132 0.2624 0.1962 
0.0477 0.8767 0.0403 0.0354 
0.8402 0.0390 0.0689 0.0518 
0.0409 0.7169 0.0352 0.2069 
0.1749 0.0433 0.7429 0.0389 
0.0512 0.0768 0.0332 0.8388 
0.0584 0.0321 0.8151 0.0943 
0.2055 0.2762 0.2870 0.2313 
0.2001 0.2632 0.2017 0.3351 
0.2365 0.2569 0.2470 0.2597 

MOTIF filter4 
letter-probability matrix: alength= 4 w= 14 nsites= 14 
0.3106 0.2333 0.2402 0.2159 
0.2460 0.2783 0.2425 0.2333 
0.0808 0.5970 0.2194 0.1028 
0.0000 0.1721 0.0081 0.8199 
0.0000 0.1998 0.7494 0.0508 
0.9931 0.0046 0.0000 0.0023 
0.0000 0.0924 0.1097 0.7979 
0.0104 0.0046 0.0023 0.9827 
0.0046 0.3614 0.6339 0.0000 
0.1478 0.0012 0.8510 0.0000 
0.0520 0.3799 0.0266 0.5416 
0.0785 0.3891 0.2309 0.3014 
0.1674 0.2102 0.4434 0.1790 
0.2379 0.1952 0.4030 0.1640 

MOTIF filter5 
letter-probability matrix: alength= 4 w= 14 nsites= 14 
0.2582 0.2510 0.2466 0.2442 
0.2701 0.1470 0.4578 0.1251 
0.2279 0.0275 0.5331 0.2116 
0.2829 0.0956 0.5904 0.0311 
0.0610 0.0737 0.8562 0.0092 
0.0016 0.0737 0.9215 0.0032 
0.3673 0.3984 0.0295 0.2048 
0.1335 0.0104 0.8466 0.0096 
0.0199 0.0116 0.9602 0.0084 
0.3558 0.0343 0.5363 0.0737 
0.3657 0.0964 0.5235 0.0143 
0.2482 0.3598 0.2693 0.1227 
0.2625 0.2207 0.2633 0.2534 
0.2406 0.2390 0.2753 0.2450 

MOTIF filter6 
letter-probability matrix: alength= 4 w= 12 nsites= 12 
0.4793 0.0423 0.1400 0.3385 
0.3450 0.0976 0.1302 0.4272 
0.1204 0.1188 0.1310 0.6298 
0.0008 0.0301 0.5858 0.3832 
0.0228 0.9764 0.0000 0.0008 
0.3572 0.0033 0.2124 0.4272 
0.0016 0.0008 0.9569 0.0407 
0.7168 0.2832 0.0000 0.0000 
0.7307 0.1359 0.0838 0.0496 
0.3068 0.1286 0.2197 0.3450 
0.2010 0.2221 0.0781 0.4988 
0.3629 0.0716 0.2392 0.3263 

MOTIF filter7 
letter-probability matrix: alength= 4 w= 10 nsites= 10 
0.2555 0.1424 0.2346 0.3676 
0.1809 0.0933 0.5339 0.1919 
0.3960 0.3669 0.1280 0.1091 
0.0432 0.0249 0.0234 0.9085 
0.2094 0.5998 0.1741 0.0167 
0.0000 0.0306 0.7574 0.2120 
0.9320 0.0235 0.0160 0.0284 
0.2906 0.2396 0.2204 0.2494 
0.2889 0.3219 0.1420 0.2472 
0.2823 0.2336 0.2300 0.2541 

MOTIF filter8 
letter-probability matrix: alength= 4 w= 12 nsites= 12 
0.2959 0.1416 0.2062 0.3563 
0.4619 0.2262 0.1162 0.1958 
0.3189 0.1710 0.1236 0.3865 
0.1748 0.0000 0.2595 0.5657 
0.4371 0.2587 0.3033 0.0008 
0.5611 0.3191 0.1198 0.0000 
0.0006 0.0000 0.0256 0.9738 
0.0000 0.5073 0.4919 0.0008 
0.9020 0.0000 0.0980 0.0000 
0.0170 0.4909 0.2264 0.2657 
0.1988 0.2689 0.1714 0.3609 
0.2737 0.2384 0.2284 0.2595 

MOTIF filter9 
letter-probability matrix: alength= 4 w= 11 nsites= 11 
0.3838 0.1855 0.1891 0.2415 
0.3490 0.2429 0.2294 0.1787 
0.3215 0.0957 0.1960 0.3868 
0.0431 0.0486 0.0830 0.8252 
0.0463 0.0208 0.7872 0.1456 
0.1714 0.0798 0.7422 0.0066 
0.0004 0.6457 0.1793 0.1746 
0.8502 0.0320 0.0161 0.1018 
0.4210 0.3641 0.0927 0.1222 
0.3696 0.2799 0.0310 0.3195 
0.1453 0.4258 0.2099 0.2190 

MOTIF filter10 
letter-probability matrix: alength= 4 w= 15 nsites= 15 
0.1978 0.2136 0.0927 0.4959 
0.2185 0.3470 0.2993 0.1352 
0.4132 0.1146 0.0659 0.4063 
0.1294 0.1486 0.6864 0.0356 
0.1881 0.1784 0.0340 0.5995 
0.0985 0.3011 0.0000 0.6004 
0.5858 0.0000 0.2896 0.1246 
0.7129 0.0030 0.2680 0.0161 
0.0833 0.5530 0.2796 0.0842 
0.5384 0.0009 0.0033 0.4573 
0.3127 0.4111 0.0899 0.1863 
0.8268 0.0073 0.0501 0.1158 
0.2695 0.1407 0.1999 0.3899 
0.3507 0.2185 0.0997 0.3312 
0.2410 0.2732 0.2607 0.2252 

MOTIF filter11 
letter-probability matrix: alength= 4 w= 14 nsites= 14 
0.2203 0.0574 0.2542 0.4680 
0.3040 0.0569 0.4440 0.1952 
0.2690 0.1372 0.2548 0.3390 
0.0426 0.0087 0.2285 0.7201 
0.0011 0.0678 0.6610 0.2701 
0.2373 0.0000 0.7605 0.0022 
0.0159 0.5282 0.2783 0.1777 
0.0350 0.0683 0.2116 0.6851 
0.0071 0.1471 0.8103 0.0355 
0.6014 0.0131 0.3592 0.0262 
0.0098 0.2247 0.6654 0.1001 
0.1219 0.3434 0.2663 0.2685 
0.0962 0.3188 0.4582 0.1268 
0.2941 0.2127 0.3472 0.1460 

MOTIF filter12 
letter-probability matrix: alength= 4 w= 14 nsites= 14 
0.1915 0.2053 0.2883 0.3149 
0.2502 0.1928 0.2576 0.2994 
0.1866 0.4740 0.1773 0.1622 
0.0678 0.0631 0.0874 0.7817 
0.4013 0.1700 0.2942 0.1346 
0.3467 0.2206 0.0799 0.3529 
0.0492 0.0666 0.0489 0.8353 
0.4359 0.1467 0.0445 0.3729 
0.5256 0.0001 0.2356 0.2387 
0.1803 0.0081 0.3539 0.4577 
0.6509 0.2982 0.0150 0.0359 
0.4283 0.2537 0.1877 0.1304 
0.2394 0.3293 0.0137 0.4176 
0.3514 0.4721 0.0891 0.0874 

MOTIF filter13 
letter-probability matrix: alength= 4 w= 12 nsites= 12 
0.1103 0.3695 0.1507 0.3695 
0.0974 0.3456 0.3217 0.2353 
0.4118 0.1765 0.4081 0.0037 
0.5147 0.0221 0.3879 0.0754 
0.0000 1.0000 0.0000 0.0000 
0.0000 1.0000 0.0000 0.0000 
0.9926 0.0074 0.0000 0.0000 
0.9963 0.0018 0.0018 0.0000 
0.0000 0.0000 0.0018 0.9982 
0.0643 0.6838 0.2445 0.0074 
0.7629 0.0055 0.2298 0.0018 
0.0938 0.1250 0.7592 0.0221 

MOTIF filter14 
letter-probability matrix: alength= 4 w= 15 nsites= 15 
0.2631 0.2309 0.2246 0.2813 
0.2680 0.2323 0.2491 0.2505 
0.1679 0.2218 0.1659 0.4444 
0.0000 0.0175 0.0035 0.9790 
0.0000 0.0175 0.0441 0.9384 
0.1064 0.8691 0.0035 0.0210 
0.0238 0.7187 0.0091 0.2484 
0.2456 0.2533 0.2547 0.2463 
0.2547 0.0056 0.6984 0.0413 
0.0112 0.0070 0.8614 0.1204 
0.9426 0.0448 0.0028 0.0098 
0.9909 0.0035 0.0007 0.0049 
0.4640 0.1477 0.2197 0.1686 
0.2358 0.2617 0.2435 0.2589 
0.2554 0.2351 0.2701 0.2393 

MOTIF filter15 
letter-probability matrix: alength= 4 w= 12 nsites= 12 
0.2520 0.2685 0.2433 0.2362 
0.2731 0.2475 0.2573 0.2222 
0.2768 0.2486 0.2460 0.2286 
0.6557 0.0000 0.0000 0.3443 
0.0000 0.0000 0.0000 1.0000 
0.0000 0.1744 0.0000 0.8256 
0.7209 0.0000 0.2791 0.0000 
1.0000 0.0000 0.0000 0.0000 
0.3578 0.0000 0.0026 0.6395 
0.2102 0.2610 0.2927 0.2362 
0.2113 0.2851 0.2750 0.2286 
0.2354 0.2588 0.2655 0.2403 

MOTIF filter16 
letter-probability matrix: alength= 4 w= 16 nsites= 16 
0.2281 0.1847 0.1461 0.4411 
0.1495 0.1968 0.3961 0.2576 
0.2852 0.3062 0.1671 0.2415 
0.0811 0.7129 0.0933 0.1127 
0.1255 0.5535 0.1233 0.1978 
0.5343 0.2050 0.0726 0.1880 
0.3791 0.0197 0.0598 0.5413 
0.9399 0.0027 0.0513 0.0061 
0.3010 0.0629 0.1665 0.4696 
0.9560 0.0012 0.0155 0.0273 
0.1768 0.0431 0.0526 0.7275 
0.1801 0.0039 0.8111 0.0049 
0.0024 0.0076 0.9812 0.0088 
0.1820 0.3162 0.2488 0.2530 
0.2123 0.4149 0.2175 0.1552 
0.4298 0.1160 0.2558 0.1984 

MOTIF filter17 
letter-probability matrix: alength= 4 w= 13 nsites= 13 
0.3121 0.3559 0.3228 0.0093 
0.2734 0.2813 0.2574 0.1879 
0.0973 0.2787 0.5045 0.1195 
0.4986 0.3940 0.0457 0.0617 
0.0432 0.1573 0.6139 0.1856 
0.0079 0.0292 0.4131 0.5499 
0.5404 0.4565 0.0008 0.0022 
0.8629 0.0886 0.0437 0.0048 
0.0466 0.1268 0.5376 0.2891 
0.0101 0.8205 0.0216 0.1478 
0.4195 0.1046 0.4024 0.0735 
0.1349 0.2883 0.3606 0.2162 
0.2457 0.4588 0.1082 0.1873 

MOTIF filter18 
letter-probability matrix: alength= 4 w= 14 nsites= 14 
0.2330 0.3161 0.2794 0.1715 
0.1664 0.4497 0.2711 0.1128 
0.1192 0.6136 0.1210 0.1462 
0.3845 0.0581 0.5348 0.0225 
0.2946 0.0410 0.3390 0.3254 
0.1404 0.0928 0.7666 0.0002 
0.5190 0.1837 0.2825 0.0148 
0.3002 0.1198 0.1922 0.3878 
0.1460 0.0097 0.5907 0.2536 
0.0468 0.3305 0.6080 0.0146 
0.6975 0.2816 0.0000 0.0208 
0.1548 0.1631 0.2796 0.4025 
0.0893 0.1023 0.4779 0.3305 
0.0765 0.5678 0.2480 0.1076 

MOTIF filter19 
letter-probability matrix: alength= 4 w= 10 nsites= 10 
0.3051 0.2104 0.3799 0.1046 
0.3910 0.0824 0.2770 0.2497 
0.2442 0.3515 0.3768 0.0275 
0.0000 0.0155 0.0183 0.9663 
0.0192 0.5635 0.4161 0.0012 
0.7666 0.1196 0.0217 0.0921 
0.0008 0.1383 0.2332 0.6276 
0.1587 0.1357 0.4523 0.2533 
0.3860 0.3268 0.1602 0.1270 
0.4477 0.3331 0.1046 0.1146 

MOTIF filter20 
letter-probability matrix: alength= 4 w= 12 nsites= 12 
0.2038 0.3824 0.1912 0.2226 
0.5402 0.0951 0.2811 0.0836 
0.0679 0.6844 0.1003 0.1473 
0.0585 0.0366 0.0470 0.8579 
0.0428 0.0554 0.0282 0.8736 
0.0000 0.9843 0.0157 0.0000 
0.0125 0.9843 0.0000 0.0031 
0.0000 0.0010 0.9415 0.0575 
0.0010 0.1338 0.8495 0.0157 
0.4608 0.1327 0.2215 0.1850 
0.5716 0.1494 0.1139 0.1651 
0.3218 0.1620 0.3480 0.1682 

MOTIF filter21 
letter-probability matrix: alength= 4 w= 14 nsites= 14 
0.2219 0.2702 0.2606 0.2472 
0.1217 0.3016 0.3236 0.2531 
0.0245 0.5480 0.1491 0.2784 
0.0540 0.6220 0.0145 0.3095 
0.0549 0.8075 0.0851 0.0525 
0.0574 0.6984 0.1500 0.0942 
0.1206 0.3208 0.3199 0.2387 
0.0160 0.8634 0.0721 0.0485 
0.0764 0.8630 0.0311 0.0294 
0.0026 0.6869 0.0372 0.2733 
0.1510 0.6248 0.0272 0.1970 
0.1204 0.4780 0.1300 0.2716 
0.2440 0.3070 0.2049 0.2440 
0.2393 0.2991 0.2368 0.2248 

MOTIF filter22 
letter-probability matrix: alength= 4 w= 15 nsites= 15 
0.3317 0.1057 0.3302 0.2324 
0.3136 0.2555 0.2743 0.1567 
0.1041 0.5262 0.1659 0.2038 
0.1063 0.6518 0.1679 0.0740 
0.3076 0.2829 0.1985 0.2110 
0.0277 0.0212 0.4655 0.4855 
0.2066 0.3049 0.4877 0.0007 
0.0000 0.6567 0.0101 0.3332 
0.5936 0.1772 0.2264 0.0028 
0.2602 0.3204 0.0507 0.3687 
0.0625 0.1932 0.3253 0.4190 
0.0074 0.6277 0.3062 0.0586 
0.3357 0.0164 0.2636 0.3844 
0.0839 0.3978 0.0713 0.4471 
0.4038 0.2065 0.1185 0.2712 

MOTIF filter23 
letter-probability matrix: alength= 4 w= 14 nsites= 14 
0.1822 0.3953 0.1434 0.2791 
0.1870 0.4341 0.2529 0.1260 
0.5979 0.1357 0.1628 0.1037 
0.2112 0.0223 0.0717 0.6948 
0.0078 0.0310 0.0097 0.9516 
0.0019 0.0019 0.9680 0.0281 
0.2984 0.0659 0.6279 0.0078 
0.0862 0.3702 0.1860 0.3576 
0.0029 0.3624 0.0543 0.5804 
0.1085 0.8140 0.0591 0.0184 
0.8517 0.0717 0.0649 0.0116 
0.2810 0.1822 0.1870 0.3498 
0.2209 0.1085 0.1589 0.5116 
0.0833 0.3295 0.2054 0.3818 

MOTIF filter24 
letter-probability matrix: alength= 4 w= 13 nsites= 13 
0.2251 0.2124 0.2148 0.3476 
0.1958 0.2259 0.3377 0.2406 
0.2152 0.1574 0.2755 0.3520 
0.0717 0.7772 0.0111 0.1399 
0.0111 0.2703 0.0099 0.7087 
0.9306 0.0063 0.0131 0.0499 
0.2572 0.0036 0.0194 0.7198 
0.5521 0.0174 0.0087 0.4217 
0.3892 0.0131 0.0099 0.5878 
0.7067 0.0131 0.0055 0.2747 
0.0424 0.0155 0.0166 0.9255 
0.7019 0.0178 0.2691 0.0111 
0.1379 0.0218 0.7757 0.0646 

MOTIF filter25 
letter-probability matrix: alength= 4 w= 10 nsites= 10 
0.2471 0.1836 0.3688 0.2005 
0.4069 0.2992 0.0648 0.2291 
0.2788 0.2062 0.0059 0.5091 
0.2464 0.0201 0.1372 0.5964 
0.1131 0.0125 0.8689 0.0055 
0.0000 0.7369 0.2103 0.0528 
0.9271 0.0239 0.0000 0.0490 
0.2020 0.0725 0.5944 0.1311 
0.2755 0.3519 0.1140 0.2587 
0.3277 0.1479 0.2786 0.2458 

MOTIF filter26 
letter-probability matrix: alength= 4 w= 16 nsites= 16 
0.3136 0.1509 0.2306 0.3050 
0.2812 0.1218 0.3384 0.2586 
0.2047 0.3836 0.3464 0.0652 
0.0145 0.0199 0.0048 0.9607 
0.0043 0.1762 0.8028 0.0167 
0.7619 0.2085 0.0075 0.0221 
0.0011 0.5135 0.3502 0.1352 
0.0000 0.7398 0.1643 0.0959 
0.8050 0.1460 0.0086 0.0404 
0.2726 0.1498 0.0803 0.4973 
0.5458 0.0781 0.0609 0.3152 
0.1810 0.1164 0.0329 0.6697 
0.6137 0.1196 0.1018 0.1649 
0.2581 0.1708 0.1767 0.3944 
0.1051 0.1304 0.6482 0.1164 
0.1665 0.1756 0.5539 0.1040 

MOTIF filter27 
letter-probability matrix: alength= 4 w= 14 nsites= 14 
0.2411 0.2432 0.2594 0.2563 
0.2472 0.2703 0.2283 0.2542 
0.3937 0.1949 0.3412 0.0702 
0.0485 0.0327 0.0433 0.8755 
0.0314 0.0443 0.1900 0.7344 
0.3146 0.0276 0.4704 0.1875 
0.0778 0.6366 0.0637 0.2219 
0.2261 0.0718 0.6304 0.0717 
0.1966 0.4971 0.0226 0.2837 
0.7360 0.1736 0.0397 0.0507 
0.8717 0.0553 0.0325 0.0405 
0.0798 0.3161 0.1915 0.4126 
0.2426 0.2695 0.2497 0.2382 
0.2468 0.2399 0.2501 0.2633 

MOTIF filter28 
letter-probability matrix: alength= 4 w= 13 nsites= 13 
0.1853 0.2752 0.2747 0.2648 
0.2199 0.2851 0.2855 0.2095 
0.3434 0.3179 0.3248 0.0138 
0.0030 0.0039 0.0022 0.9909 
0.0147 0.2130 0.7205 0.0518 
0.8812 0.0000 0.0000 0.1188 
0.0147 0.2972 0.6708 0.0173 
0.0000 0.3879 0.0000 0.6121 
0.1853 0.6164 0.0004 0.1978 
0.9309 0.0056 0.0583 0.0052 
0.2246 0.1987 0.2130 0.3637 
0.3153 0.3171 0.0816 0.2860 
0.3408 0.1184 0.1685 0.3724 

MOTIF filter29 
letter-probability matrix: alength= 4 w= 15 nsites= 15 
0.2221 0.1389 0.3854 0.2535 
0.3116 0.0934 0.3760 0.2190 
0.2276 0.0730 0.2614 0.4380 
0.0361 0.3650 0.5581 0.0408 
0.9906 0.0078 0.0016 0.0000 
0.4443 0.4129 0.1421 0.0008 
0.2975 0.1193 0.2543 0.3289 
0.5659 0.4333 0.0008 0.0000 
0.1397 0.0008 0.0000 0.8595 
0.0000 0.1421 0.6813 0.1766 
0.1060 0.0659 0.8108 0.0173 
0.1484 0.7135 0.0479 0.0903 
0.1735 0.1413 0.3579 0.3273 
0.1523 0.2064 0.5314 0.1099 
0.2064 0.5149 0.0824 0.1962 

MOTIF filter30 
letter-probability matrix: alength= 4 w= 13 nsites= 13 
0.2216 0.2290 0.1746 0.3748 
0.2109 0.1915 0.3756 0.2220 
0.2232 0.0881 0.3649 0.3237 
0.0029 0.9057 0.0140 0.0774 
0.0054 0.4275 0.0078 0.5593 
0.9835 0.0004 0.0025 0.0136 
0.1787 0.0000 0.0128 0.8085 
0.5437 0.0391 0.0074 0.4098 
0.2957 0.0074 0.0004 0.6965 
0.6363 0.0029 0.0000 0.3608 
0.0943 0.0272 0.1120 0.7665 
0.5848 0.0424 0.3225 0.0502 
0.1112 0.0412 0.7768 0.0708 

MOTIF filter31 
letter-probability matrix: alength= 4 w= 16 nsites= 16 
0.2345 0.3537 0.2473 0.1645 
0.2690 0.1576 0.4246 0.1488 
0.1429 0.0995 0.1192 0.6384 
0.0877 0.1547 0.6906 0.0670 
0.5655 0.1488 0.0857 0.2000 
0.1113 0.2581 0.6296 0.0010 
0.0128 0.0315 0.0089 0.9468 
0.0010 0.6552 0.3084 0.0355 
0.9685 0.0039 0.0000 0.0276 
0.0187 0.4286 0.4315 0.1212 
0.0877 0.0305 0.0788 0.8030 
0.0729 0.6857 0.1241 0.1172 
0.7094 0.1123 0.0493 0.1291 
0.0532 0.5133 0.2020 0.2315 
0.2847 0.3635 0.2138 0.1379 
0.2877 0.1586 0.3458 0.2079 

