MEME version 4

ALPHABET= ACGT

Background letter frequencies:
A 0.2500 C 0.2500 G 0.2500 T 0.2500 

MOTIF filter0 
letter-probability matrix: alength= 4 w= 11 nsites= 11 
0.2507 0.2251 0.2622 0.2620 
0.1660 0.2091 0.3211 0.3038 
0.1349 0.2832 0.2950 0.2868 
0.9825 0.0000 0.0175 0.0000 
0.1529 0.4851 0.3621 0.0000 
0.0723 0.2726 0.0008 0.6542 
0.0000 0.0007 0.5237 0.4756 
0.0000 0.0414 0.0000 0.9586 
0.3510 0.1654 0.2969 0.1867 
0.2904 0.2949 0.1948 0.2199 
0.2539 0.2082 0.2653 0.2726 

MOTIF filter1 
letter-probability matrix: alength= 4 w= 11 nsites= 11 
0.1788 0.1992 0.2523 0.3697 
0.1883 0.3066 0.2903 0.2148 
0.4705 0.2075 0.1395 0.1825 
0.1804 0.0354 0.1168 0.6674 
0.0114 0.2457 0.0450 0.6980 
0.3766 0.0001 0.1300 0.4932 
0.9326 0.0499 0.0000 0.0175 
0.7037 0.0222 0.2232 0.0508 
0.4012 0.2317 0.1515 0.2156 
0.0807 0.3608 0.0960 0.4625 
0.0640 0.4563 0.0900 0.3897 

MOTIF filter2 
letter-probability matrix: alength= 4 w= 17 nsites= 17 
0.2639 0.2534 0.2459 0.2369 
0.2824 0.2719 0.2404 0.2054 
0.2834 0.3378 0.2779 0.1009 
0.0780 0.1454 0.1244 0.6522 
0.0845 0.2394 0.5922 0.0840 
0.7376 0.0910 0.1204 0.0510 
0.2239 0.1514 0.4218 0.2029 
0.0005 0.0865 0.0000 0.9130 
0.0000 0.4363 0.5637 0.0000 
0.8666 0.0000 0.1294 0.0040 
0.3803 0.3233 0.1119 0.1844 
0.0310 0.0540 0.1044 0.8106 
0.0650 0.5687 0.3273 0.0390 
0.7151 0.0600 0.1899 0.0350 
0.0935 0.2789 0.3748 0.2529 
0.1844 0.2324 0.3108 0.2724 
0.1594 0.2564 0.3023 0.2819 

MOTIF filter3 
letter-probability matrix: alength= 4 w= 15 nsites= 15 
0.2414 0.2270 0.2298 0.3018 
0.1340 0.2122 0.4330 0.2208 
0.3043 0.2733 0.2588 0.1636 
0.0196 0.4513 0.0582 0.4709 
0.1155 0.4841 0.3834 0.0170 
0.7157 0.0459 0.1354 0.1030 
0.0202 0.3751 0.2761 0.3286 
0.5485 0.0011 0.2122 0.2382 
0.0000 0.7493 0.0000 0.2507 
0.5114 0.0000 0.4563 0.0323 
0.2596 0.3413 0.0033 0.3958 
0.1050 0.1438 0.7406 0.0107 
0.0546 0.2229 0.4174 0.3052 
0.1259 0.2841 0.2827 0.3073 
0.3370 0.3761 0.1800 0.1068 

MOTIF filter4 
letter-probability matrix: alength= 4 w= 13 nsites= 13 
0.1940 0.3864 0.2568 0.1628 
0.1779 0.5390 0.0466 0.2365 
0.2834 0.2050 0.3206 0.1909 
0.0016 0.0285 0.3038 0.6660 
0.4430 0.0086 0.3921 0.1563 
0.2749 0.1059 0.0097 0.6094 
0.9761 0.0036 0.0201 0.0001 
0.1444 0.3692 0.2130 0.2734 
0.4215 0.3745 0.2007 0.0033 
0.0002 0.3139 0.5356 0.1503 
0.1688 0.1682 0.3972 0.2658 
0.1731 0.3780 0.2243 0.2247 
0.3669 0.1976 0.2053 0.2302 

MOTIF filter5 
letter-probability matrix: alength= 4 w= 19 nsites= 19 
0.2159 0.1982 0.1975 0.3884 
0.0631 0.1490 0.5683 0.2195 
0.2665 0.4141 0.1586 0.1608 
0.0228 0.9288 0.0404 0.0081 
0.0110 0.9508 0.0059 0.0323 
0.4332 0.2695 0.0463 0.2511 
0.1278 0.1850 0.0786 0.6087 
0.5962 0.3451 0.0573 0.0015 
0.0000 0.0720 0.0066 0.9214 
0.3671 0.4354 0.0000 0.1975 
0.2834 0.1858 0.1439 0.3869 
0.0132 0.1101 0.7988 0.0778 
0.0242 0.4883 0.4596 0.0279 
0.3355 0.2078 0.1960 0.2606 
0.3392 0.4736 0.0786 0.1087 
0.7107 0.0338 0.0492 0.2063 
0.2915 0.1593 0.1637 0.3855 
0.2761 0.1887 0.1549 0.3803 
0.2181 0.2401 0.2239 0.3179 

MOTIF filter6 
letter-probability matrix: alength= 4 w= 11 nsites= 11 
0.2021 0.1665 0.2003 0.4310 
0.2048 0.2099 0.3372 0.2480 
0.3370 0.2060 0.3869 0.0701 
0.1472 0.2638 0.5858 0.0032 
0.0025 0.0000 0.0220 0.9755 
0.0081 0.2500 0.7013 0.0407 
0.6374 0.1552 0.0094 0.1981 
0.2591 0.0306 0.7090 0.0013 
0.0043 0.2622 0.4614 0.2722 
0.4359 0.2394 0.1421 0.1826 
0.4113 0.1458 0.1982 0.2447 

MOTIF filter7 
letter-probability matrix: alength= 4 w= 16 nsites= 16 
0.2320 0.2552 0.2537 0.2591 
0.2452 0.2805 0.2529 0.2214 
0.1856 0.1355 0.3039 0.3750 
0.1257 0.6331 0.0537 0.1875 
0.0466 0.1030 0.0429 0.8075 
0.8241 0.0554 0.0468 0.0737 
0.3288 0.0219 0.0450 0.6042 
0.4019 0.0441 0.0500 0.5039 
0.3859 0.1640 0.0435 0.4065 
0.5969 0.0520 0.0185 0.3326 
0.0429 0.0939 0.1097 0.7534 
0.8391 0.0514 0.0583 0.0512 
0.1652 0.0874 0.6527 0.0947 
0.3767 0.3349 0.1245 0.1638 
0.2418 0.2556 0.2706 0.2320 
0.2801 0.2512 0.2472 0.2216 

MOTIF filter8 
letter-probability matrix: alength= 4 w= 15 nsites= 15 
0.2359 0.2725 0.2344 0.2573 
0.2689 0.2206 0.2527 0.2578 
0.1876 0.2408 0.1788 0.3927 
0.0368 0.0347 0.0338 0.8947 
0.0265 0.0534 0.0595 0.8605 
0.1947 0.6502 0.0363 0.1189 
0.0721 0.6126 0.0397 0.2756 
0.2363 0.2410 0.2815 0.2412 
0.2863 0.0351 0.6145 0.0641 
0.0794 0.0422 0.7197 0.1588 
0.7761 0.0748 0.1053 0.0437 
0.8769 0.0447 0.0401 0.0384 
0.4244 0.1796 0.2210 0.1750 
0.2580 0.2389 0.2347 0.2683 
0.2485 0.2553 0.2565 0.2397 

MOTIF filter9 
letter-probability matrix: alength= 4 w= 12 nsites= 12 
0.0424 0.3020 0.3409 0.3147 
0.0552 0.5651 0.1810 0.1987 
0.3253 0.3296 0.2496 0.0955 
0.0106 0.8876 0.0700 0.0318 
0.0785 0.5290 0.0170 0.3755 
0.0382 0.0368 0.2595 0.6655 
0.0028 0.9823 0.0149 0.0000 
0.0021 0.9873 0.0000 0.0106 
0.0693 0.1386 0.6535 0.1386 
0.0113 0.5255 0.2772 0.1860 
0.1542 0.5728 0.0502 0.2228 
0.1330 0.2489 0.2525 0.3656 

MOTIF filter10 
letter-probability matrix: alength= 4 w= 14 nsites= 14 
0.2659 0.2392 0.2551 0.2398 
0.2611 0.2605 0.2198 0.2587 
0.4149 0.1913 0.3314 0.0623 
0.0220 0.0186 0.0279 0.9315 
0.0222 0.0379 0.1643 0.7756 
0.3150 0.0303 0.4765 0.1783 
0.0791 0.6688 0.0477 0.2044 
0.2120 0.0615 0.6578 0.0687 
0.1689 0.5203 0.0281 0.2827 
0.7694 0.1489 0.0417 0.0401 
0.8966 0.0325 0.0395 0.0315 
0.0661 0.3280 0.1799 0.4260 
0.2452 0.2647 0.2525 0.2376 
0.2466 0.2382 0.2553 0.2599 

MOTIF filter11 
letter-probability matrix: alength= 4 w= 12 nsites= 12 
0.2481 0.1873 0.1144 0.4502 
0.1677 0.2499 0.2977 0.2847 
0.1748 0.1577 0.3258 0.3417 
0.1699 0.0004 0.7575 0.0722 
0.0019 0.6220 0.0004 0.3758 
0.0107 0.0541 0.0019 0.9334 
0.2906 0.0000 0.6975 0.0118 
0.6168 0.0004 0.3828 0.0000 
0.0052 0.2258 0.0755 0.6934 
0.2181 0.2858 0.1796 0.3165 
0.2632 0.2825 0.2977 0.1566 
0.3054 0.1007 0.4498 0.1440 

MOTIF filter12 
letter-probability matrix: alength= 4 w= 13 nsites= 13 
0.2140 0.4229 0.2050 0.1582 
0.2563 0.2719 0.1396 0.3322 
0.2558 0.2172 0.0358 0.4912 
0.0911 0.0000 0.3087 0.6002 
0.5335 0.0026 0.4582 0.0057 
0.0000 0.6760 0.3228 0.0011 
0.2104 0.0172 0.0005 0.7719 
0.1139 0.5382 0.2631 0.0848 
0.8191 0.0000 0.1036 0.0773 
0.0057 0.4857 0.3526 0.1560 
0.2268 0.3313 0.1733 0.2686 
0.1079 0.3825 0.2756 0.2340 
0.2488 0.2963 0.2393 0.2156 

MOTIF filter13 
letter-probability matrix: alength= 4 w= 15 nsites= 15 
0.2302 0.2370 0.2879 0.2448 
0.2108 0.1709 0.2958 0.3225 
0.1130 0.6580 0.0588 0.1702 
0.0468 0.2917 0.0703 0.5912 
0.6796 0.1489 0.0709 0.1007 
0.3006 0.0241 0.0671 0.6082 
0.5063 0.0739 0.0764 0.3434 
0.3801 0.0199 0.0502 0.5498 
0.6051 0.0070 0.0021 0.3858 
0.1880 0.0150 0.0520 0.7450 
0.6527 0.0127 0.2999 0.0347 
0.2203 0.0234 0.6144 0.1418 
0.3581 0.2864 0.1555 0.2001 
0.2384 0.3016 0.2482 0.2118 
0.3322 0.2172 0.2231 0.2275 

MOTIF filter14 
letter-probability matrix: alength= 4 w= 10 nsites= 10 
0.2324 0.2779 0.2617 0.2279 
0.1504 0.3570 0.3802 0.1124 
0.2955 0.1941 0.2891 0.2214 
0.1730 0.0001 0.1513 0.6756 
0.0000 0.8119 0.1756 0.0125 
0.0000 0.0328 0.0875 0.8797 
0.8042 0.0830 0.0185 0.0944 
0.0169 0.2200 0.4074 0.3557 
0.3310 0.2542 0.2390 0.1758 
0.3160 0.2358 0.1940 0.2542 

MOTIF filter15 
letter-probability matrix: alength= 4 w= 10 nsites= 10 
0.0815 0.3832 0.2189 0.3164 
0.0146 0.3343 0.1632 0.4879 
0.3303 0.2005 0.4326 0.0366 
0.5900 0.3013 0.0892 0.0196 
0.1319 0.1243 0.0015 0.7423 
0.0125 0.8629 0.0172 0.1074 
0.6073 0.0463 0.3356 0.0108 
0.3063 0.2160 0.4759 0.0018 
0.3078 0.2914 0.0694 0.3314 
0.1977 0.3651 0.2174 0.2198 

MOTIF filter16 
letter-probability matrix: alength= 4 w= 13 nsites= 13 
0.3433 0.1543 0.0748 0.4275 
0.3127 0.0908 0.2961 0.3005 
0.4335 0.1302 0.1753 0.2610 
0.0103 0.0757 0.0842 0.8297 
0.0000 0.0003 0.5919 0.4078 
0.3039 0.6961 0.0000 0.0000 
0.4588 0.1740 0.1117 0.2554 
0.0000 0.0000 0.6538 0.3462 
0.3631 0.6304 0.0066 0.0000 
0.7496 0.1224 0.0986 0.0294 
0.2567 0.1725 0.1693 0.4016 
0.2845 0.2526 0.0958 0.3671 
0.4022 0.0848 0.1349 0.3781 

MOTIF filter17 
letter-probability matrix: alength= 4 w= 12 nsites= 12 
0.2309 0.2520 0.2756 0.2416 
0.2565 0.1691 0.4160 0.1583 
0.2448 0.0645 0.5038 0.1869 
0.3046 0.1001 0.5900 0.0054 
0.0564 0.0633 0.8731 0.0073 
0.1040 0.0658 0.8253 0.0049 
0.2892 0.3659 0.1311 0.2138 
0.0758 0.0576 0.8456 0.0210 
0.0757 0.1260 0.7478 0.0506 
0.2470 0.1098 0.5518 0.0914 
0.2633 0.1555 0.5205 0.0607 
0.2282 0.3325 0.2982 0.1411 

MOTIF filter18 
letter-probability matrix: alength= 4 w= 9 nsites= 9 
0.1093 0.4005 0.0700 0.4202 
0.3951 0.0915 0.2311 0.2822 
0.2810 0.0591 0.5421 0.1178 
0.1521 0.8216 0.0000 0.0263 
0.5267 0.0434 0.0471 0.3827 
0.0029 0.0000 0.9784 0.0187 
0.2180 0.3593 0.0067 0.4160 
0.4299 0.1852 0.0818 0.3031 
0.3209 0.1981 0.2335 0.2475 

MOTIF filter19 
letter-probability matrix: alength= 4 w= 14 nsites= 14 
0.1950 0.3923 0.2018 0.2109 
0.3092 0.3036 0.2080 0.1792 
0.3267 0.0514 0.4669 0.1549 
0.0820 0.7479 0.1266 0.0435 
0.1871 0.8123 0.0000 0.0006 
0.9695 0.0006 0.0300 0.0000 
0.2007 0.4415 0.1040 0.2538 
0.1967 0.1594 0.4132 0.2306 
0.0000 0.0288 0.0000 0.9712 
0.0000 0.0000 0.8451 0.1549 
0.0701 0.1634 0.6829 0.0837 
0.2205 0.4669 0.0752 0.2374 
0.1685 0.2199 0.3313 0.2804 
0.2182 0.2335 0.3595 0.1888 

MOTIF filter20 
letter-probability matrix: alength= 4 w= 14 nsites= 14 
0.4563 0.1690 0.2479 0.1268 
0.4197 0.2254 0.2648 0.0901 
0.2901 0.1296 0.3944 0.1859 
0.1042 0.5859 0.3099 0.0000 
0.0563 0.8873 0.0000 0.0563 
0.0056 0.0000 0.9859 0.0085 
0.0000 0.0028 0.9915 0.0056 
0.9521 0.0451 0.0000 0.0028 
0.9662 0.0028 0.0169 0.0141 
0.0535 0.0338 0.9127 0.0000 
0.0338 0.3127 0.0141 0.6394 
0.1887 0.0958 0.6423 0.0732 
0.2282 0.2873 0.4366 0.0479 
0.2394 0.3577 0.2338 0.1690 

MOTIF filter21 
letter-probability matrix: alength= 4 w= 10 nsites= 10 
0.2625 0.1836 0.2293 0.3246 
0.1477 0.3240 0.3115 0.2167 
0.3383 0.1181 0.3815 0.1621 
0.0219 0.6442 0.3337 0.0002 
0.0133 0.1749 0.0021 0.8097 
0.1471 0.3067 0.3235 0.2227 
0.8425 0.1062 0.0005 0.0508 
0.0081 0.2711 0.5334 0.1874 
0.1149 0.3642 0.2726 0.2484 
0.3002 0.3662 0.3275 0.0062 

MOTIF filter22 
letter-probability matrix: alength= 4 w= 13 nsites= 13 
0.2350 0.3370 0.2062 0.2218 
0.3224 0.2980 0.2605 0.1191 
0.4015 0.2897 0.0671 0.2417 
0.6325 0.1038 0.2638 0.0000 
0.0003 0.2930 0.1267 0.5799 
0.4756 0.1131 0.4110 0.0003 
0.4560 0.0768 0.1274 0.3398 
0.0012 0.0430 0.9446 0.0112 
0.1632 0.0206 0.7138 0.1024 
0.0033 0.3894 0.1577 0.4496 
0.2319 0.3332 0.1118 0.3231 
0.2643 0.2549 0.2471 0.2336 
0.2660 0.2130 0.2569 0.2640 

MOTIF filter23 
letter-probability matrix: alength= 4 w= 12 nsites= 12 
0.2531 0.2868 0.2259 0.2343 
0.3031 0.2449 0.2341 0.2179 
0.2508 0.2423 0.2733 0.2335 
0.0314 0.7251 0.2027 0.0407 
0.7047 0.0282 0.2091 0.0580 
0.0032 0.8888 0.1080 0.0000 
0.0234 0.0000 0.5032 0.4734 
0.6124 0.0000 0.0108 0.3768 
0.1051 0.2481 0.6031 0.0437 
0.2674 0.3909 0.0993 0.2425 
0.1254 0.2863 0.2694 0.3189 
0.3059 0.2674 0.1945 0.2322 

MOTIF filter24 
letter-probability matrix: alength= 4 w= 16 nsites= 16 
0.2380 0.2178 0.2241 0.3202 
0.1497 0.2067 0.4018 0.2418 
0.2851 0.4066 0.1310 0.1773 
0.0699 0.7199 0.1128 0.0973 
0.0981 0.6059 0.1805 0.1155 
0.5749 0.0834 0.1016 0.2402 
0.1491 0.0457 0.0447 0.7604 
0.2241 0.4713 0.0018 0.3028 
0.1817 0.0949 0.4372 0.2861 
0.8342 0.0000 0.1580 0.0079 
0.5305 0.0002 0.0018 0.4675 
0.0770 0.0770 0.4725 0.3736 
0.0395 0.1185 0.7866 0.0554 
0.2043 0.1489 0.3776 0.2692 
0.1868 0.4219 0.2245 0.1668 
0.2857 0.1386 0.2241 0.3516 

MOTIF filter25 
letter-probability matrix: alength= 4 w= 11 nsites= 11 
0.1053 0.1336 0.1621 0.5990 
0.1801 0.1534 0.5721 0.0944 
0.3792 0.0000 0.2369 0.3838 
0.4126 0.0750 0.5081 0.0043 
0.7825 0.0002 0.0321 0.1852 
0.1902 0.4920 0.1389 0.1788 
0.3236 0.1253 0.0000 0.5511 
0.0000 0.6137 0.2341 0.1522 
0.2786 0.3773 0.0000 0.3442 
0.0461 0.4415 0.2752 0.2372 
0.4457 0.1923 0.2522 0.1097 

MOTIF filter26 
letter-probability matrix: alength= 4 w= 15 nsites= 15 
0.2900 0.2434 0.2546 0.2120 
0.1281 0.5217 0.1454 0.2048 
0.2446 0.4466 0.1337 0.1751 
0.7269 0.0261 0.1434 0.1036 
0.1594 0.5378 0.0349 0.2679 
0.3851 0.0526 0.3040 0.2582 
0.0177 0.0357 0.0000 0.9466 
0.0783 0.3518 0.5671 0.0028 
0.3133 0.5129 0.0112 0.1627 
0.0068 0.0024 0.8253 0.1655 
0.0008 0.3522 0.6309 0.0161 
0.6418 0.0703 0.0795 0.2084 
0.1141 0.3775 0.2582 0.2502 
0.2265 0.1165 0.1807 0.4763 
0.1799 0.2434 0.1253 0.4514 

MOTIF filter27 
letter-probability matrix: alength= 4 w= 14 nsites= 14 
0.1541 0.0732 0.5203 0.2524 
0.1527 0.5935 0.1049 0.1489 
0.1602 0.4477 0.2799 0.1121 
0.4976 0.0000 0.4911 0.0113 
0.2414 0.4615 0.0330 0.2641 
0.1296 0.5839 0.2713 0.0151 
0.8979 0.0041 0.0031 0.0949 
0.0000 0.0076 0.0052 0.9873 
0.0058 0.4945 0.3882 0.1114 
0.1479 0.1895 0.3219 0.3408 
0.0495 0.5457 0.0076 0.3972 
0.1640 0.2792 0.3153 0.2414 
0.2462 0.1173 0.4030 0.2335 
0.2232 0.4058 0.1200 0.2510 

MOTIF filter28 
letter-probability matrix: alength= 4 w= 12 nsites= 12 
0.2399 0.2765 0.2345 0.2491 
0.3692 0.2488 0.2262 0.1558 
0.2295 0.3267 0.2396 0.2042 
0.0068 0.9822 0.0000 0.0110 
0.8802 0.0493 0.0113 0.0592 
0.0208 0.8746 0.0000 0.1046 
0.1760 0.0761 0.7033 0.0446 
0.0137 0.0461 0.0000 0.9402 
0.0633 0.1100 0.7836 0.0431 
0.2096 0.3216 0.1620 0.3068 
0.2015 0.2658 0.1150 0.4177 
0.2375 0.2848 0.1709 0.3068 

MOTIF filter29 
letter-probability matrix: alength= 4 w= 9 nsites= 9 
0.1850 0.2854 0.3086 0.2209 
0.1780 0.2926 0.2461 0.2833 
0.3140 0.0457 0.2386 0.4016 
0.0297 0.9703 0.0000 0.0000 
0.0015 0.4963 0.5023 0.0000 
0.0000 0.2423 0.5207 0.2370 
0.1088 0.0408 0.5275 0.3229 
0.1708 0.3696 0.2526 0.2070 
0.2774 0.2306 0.2614 0.2305 

MOTIF filter30 
letter-probability matrix: alength= 4 w= 14 nsites= 14 
0.2553 0.2240 0.2865 0.2342 
0.1772 0.3748 0.3091 0.1389 
0.1449 0.2256 0.1761 0.4534 
0.0609 0.2412 0.6387 0.0592 
0.9192 0.0016 0.0296 0.0495 
0.0000 0.2461 0.1422 0.6117 
0.0000 0.1072 0.1039 0.7889 
0.8110 0.1136 0.0673 0.0081 
0.6107 0.0689 0.3204 0.0000 
0.0582 0.0334 0.0232 0.8853 
0.0840 0.6440 0.2192 0.0528 
0.5767 0.1335 0.1702 0.1195 
0.1120 0.2865 0.4130 0.1885 
0.2870 0.2757 0.1896 0.2477 

MOTIF filter31 
letter-probability matrix: alength= 4 w= 14 nsites= 14 
0.3121 0.2648 0.1459 0.2771 
0.1780 0.2095 0.4196 0.1930 
0.1391 0.3742 0.1002 0.3865 
0.1351 0.3437 0.0017 0.5195 
0.2452 0.4219 0.1448 0.1880 
0.0017 0.4920 0.5029 0.0034 
0.0720 0.0000 0.8768 0.0512 
0.1502 0.6220 0.0724 0.1554 
0.4481 0.3813 0.0244 0.1463 
0.2825 0.6103 0.0121 0.0951 
0.0440 0.5960 0.2744 0.0857 
0.1976 0.4222 0.1793 0.2009 
0.3693 0.2976 0.1646 0.1685 
0.3575 0.2301 0.1686 0.2438 

