MEME version 4

ALPHABET= ACGT

Background letter frequencies:
A 0.2500 C 0.2500 G 0.2500 T 0.2500 

MOTIF filter0 
letter-probability matrix: alength= 4 w= 10 nsites= 10 
0.2721 0.2042 0.3673 0.1564 
0.1930 0.6032 0.0869 0.1168 
0.3298 0.0857 0.0714 0.5131 
0.0199 0.1050 0.6283 0.2468 
0.8461 0.0132 0.0637 0.0769 
0.0000 0.1101 0.8473 0.0426 
0.0932 0.7133 0.1472 0.0463 
0.4039 0.0598 0.0946 0.4417 
0.0176 0.3323 0.4976 0.1525 
0.2234 0.0955 0.5761 0.1050 

MOTIF filter1 
letter-probability matrix: alength= 4 w= 14 nsites= 14 
0.2180 0.2282 0.3417 0.2121 
0.3423 0.2001 0.3082 0.1493 
0.3118 0.1476 0.3363 0.2043 
0.0006 0.9432 0.0496 0.0066 
0.0185 0.6016 0.0257 0.3542 
0.3393 0.1697 0.4176 0.0735 
0.9612 0.0018 0.0370 0.0000 
0.0000 0.0203 0.0215 0.9582 
0.0753 0.3435 0.1493 0.4319 
0.2784 0.0108 0.7031 0.0078 
0.0012 0.0502 0.9468 0.0018 
0.1559 0.3763 0.1786 0.2891 
0.1446 0.3196 0.2252 0.3106 
0.2276 0.3489 0.2503 0.1732 

MOTIF filter2 
letter-probability matrix: alength= 4 w= 15 nsites= 15 
0.1678 0.3139 0.2013 0.3170 
0.1427 0.3269 0.3015 0.2289 
0.2356 0.1971 0.4133 0.1540 
0.5208 0.0529 0.3877 0.0386 
0.1605 0.2914 0.0983 0.4499 
0.0321 0.4724 0.4248 0.0707 
0.6737 0.2005 0.1042 0.0217 
0.2520 0.0926 0.5298 0.1256 
0.0442 0.1112 0.0504 0.7942 
0.0000 0.6101 0.3896 0.0003 
0.7449 0.0169 0.2373 0.0008 
0.0749 0.3342 0.0470 0.5439 
0.0614 0.1472 0.2798 0.5115 
0.1945 0.2396 0.5239 0.0419 
0.4229 0.1163 0.3474 0.1135 

MOTIF filter3 
letter-probability matrix: alength= 4 w= 15 nsites= 15 
0.3283 0.2007 0.2342 0.2368 
0.2632 0.2355 0.2386 0.2627 
0.2450 0.2211 0.3087 0.2252 
0.5662 0.0027 0.2610 0.1700 
0.2764 0.2432 0.1653 0.3151 
0.1593 0.0652 0.2222 0.5533 
0.4412 0.3451 0.2132 0.0006 
0.0857 0.2036 0.0134 0.6974 
0.3749 0.4407 0.1759 0.0086 
0.0643 0.3109 0.0315 0.5933 
0.5504 0.2020 0.1261 0.1215 
0.0021 0.1996 0.1147 0.6836 
0.4020 0.1158 0.2021 0.2801 
0.0102 0.2065 0.2464 0.5368 
0.4296 0.1553 0.1541 0.2611 

MOTIF filter4 
letter-probability matrix: alength= 4 w= 12 nsites= 12 
0.3244 0.2067 0.2980 0.1709 
0.2762 0.1969 0.2318 0.2951 
0.2176 0.2606 0.2797 0.2420 
0.6677 0.0305 0.0417 0.2601 
0.0013 0.0055 0.0434 0.9498 
0.0079 0.1758 0.1207 0.6957 
0.7986 0.0238 0.1461 0.0315 
0.8093 0.0777 0.0251 0.0879 
0.2397 0.0007 0.0059 0.7538 
0.2230 0.2655 0.3048 0.2067 
0.2519 0.2350 0.2576 0.2554 
0.2114 0.2990 0.2256 0.2640 

MOTIF filter5 
letter-probability matrix: alength= 4 w= 14 nsites= 14 
0.1451 0.2947 0.1622 0.3981 
0.1121 0.1509 0.4348 0.3022 
0.3464 0.3852 0.1917 0.0767 
0.0559 0.8512 0.0830 0.0100 
0.0000 0.9221 0.0771 0.0008 
0.2426 0.0042 0.6253 0.1280 
0.0083 0.0054 0.5790 0.4073 
0.6957 0.2322 0.0667 0.0054 
0.3180 0.0383 0.1217 0.5219 
0.2614 0.1526 0.5861 0.0000 
0.0834 0.3089 0.0721 0.5356 
0.0421 0.1121 0.7953 0.0504 
0.1513 0.2018 0.5765 0.0704 
0.1192 0.1976 0.3881 0.2951 

MOTIF filter6 
letter-probability matrix: alength= 4 w= 14 nsites= 14 
0.2256 0.2235 0.2146 0.3363 
0.2159 0.2228 0.3213 0.2400 
0.2130 0.1979 0.2687 0.3204 
0.0922 0.6969 0.0391 0.1719 
0.0226 0.3451 0.0376 0.5946 
0.7107 0.0747 0.0327 0.1819 
0.3021 0.0042 0.0180 0.6757 
0.5202 0.0539 0.0434 0.3825 
0.3936 0.0460 0.0124 0.5480 
0.7189 0.0094 0.0003 0.2714 
0.1886 0.0316 0.0518 0.7280 
0.5437 0.0425 0.3579 0.0558 
0.1811 0.0353 0.6947 0.0888 
0.2961 0.2718 0.1984 0.2336 

MOTIF filter7 
letter-probability matrix: alength= 4 w= 13 nsites= 13 
0.2671 0.2010 0.2991 0.2328 
0.2648 0.1245 0.5257 0.0850 
0.1543 0.0554 0.6042 0.1861 
0.2894 0.0194 0.6845 0.0067 
0.0027 0.0817 0.8994 0.0161 
0.0969 0.0199 0.7284 0.1548 
0.2589 0.3928 0.1578 0.1906 
0.0758 0.1319 0.7680 0.0243 
0.0184 0.1284 0.7086 0.1446 
0.2410 0.0243 0.7088 0.0258 
0.2358 0.1034 0.6539 0.0070 
0.2070 0.3774 0.2937 0.1220 
0.2480 0.2470 0.2984 0.2067 

MOTIF filter8 
letter-probability matrix: alength= 4 w= 15 nsites= 15 
0.2242 0.2669 0.2483 0.2607 
0.2999 0.2160 0.2743 0.2098 
0.1721 0.2646 0.1768 0.3866 
0.0614 0.0381 0.0420 0.8586 
0.0385 0.0513 0.0649 0.8454 
0.1500 0.8159 0.0136 0.0206 
0.0622 0.6558 0.0218 0.2603 
0.2172 0.2145 0.3333 0.2350 
0.2078 0.0241 0.7214 0.0466 
0.0179 0.0117 0.9060 0.0645 
0.8302 0.0637 0.0544 0.0517 
0.9277 0.0179 0.0490 0.0054 
0.3687 0.2203 0.2222 0.1888 
0.1900 0.3372 0.2179 0.2549 
0.2510 0.3186 0.1970 0.2335 

MOTIF filter9 
letter-probability matrix: alength= 4 w= 11 nsites= 11 
0.2411 0.1375 0.3384 0.2829 
0.2874 0.2153 0.2399 0.2575 
0.1831 0.2113 0.1734 0.4322 
0.3403 0.0002 0.5117 0.1477 
0.0545 0.9178 0.0251 0.0026 
0.3934 0.0039 0.1608 0.4419 
0.0115 0.0290 0.5587 0.4008 
0.2587 0.6213 0.0014 0.1186 
0.2160 0.3143 0.1159 0.3538 
0.0256 0.4513 0.4153 0.1078 
0.2494 0.3719 0.1928 0.1859 

MOTIF filter10 
letter-probability matrix: alength= 4 w= 12 nsites= 12 
0.4680 0.0960 0.2189 0.2172 
0.3981 0.2559 0.1153 0.2306 
0.2180 0.1919 0.2702 0.3199 
0.0379 0.0210 0.0202 0.9209 
0.0017 0.7887 0.2096 0.0000 
0.3047 0.6953 0.0000 0.0000 
0.0000 0.0000 0.8931 0.1069 
0.0000 0.2811 0.7189 0.0000 
0.9739 0.0034 0.0059 0.0168 
0.3948 0.2593 0.1406 0.2054 
0.2694 0.1178 0.3653 0.2475 
0.2096 0.1448 0.0606 0.5850 

MOTIF filter11 
letter-probability matrix: alength= 4 w= 13 nsites= 13 
0.3093 0.1718 0.3274 0.1914 
0.2263 0.3825 0.2915 0.0997 
0.0795 0.5749 0.1912 0.1544 
0.4418 0.0000 0.1317 0.4265 
0.0094 0.8308 0.0092 0.1505 
0.5257 0.0014 0.4587 0.0142 
0.0066 0.2865 0.0065 0.7003 
0.4170 0.3276 0.1630 0.0923 
0.3000 0.2664 0.0412 0.3924 
0.1281 0.2050 0.6187 0.0482 
0.1396 0.1595 0.6503 0.0506 
0.2788 0.2308 0.2643 0.2261 
0.2405 0.3073 0.2152 0.2370 

MOTIF filter12 
letter-probability matrix: alength= 4 w= 13 nsites= 13 
0.2115 0.2093 0.2060 0.3732 
0.0718 0.1844 0.2029 0.5409 
0.1189 0.1777 0.1242 0.5793 
0.1585 0.7813 0.0168 0.0433 
0.0695 0.4770 0.0260 0.4274 
0.3702 0.1504 0.1838 0.2956 
0.2708 0.0079 0.2938 0.4274 
0.2617 0.0165 0.3933 0.3284 
0.6521 0.0694 0.0110 0.2676 
0.9400 0.0035 0.0028 0.0536 
0.3592 0.1300 0.1439 0.3668 
0.3056 0.2086 0.3036 0.1822 
0.2320 0.1889 0.3708 0.2082 

MOTIF filter13 
letter-probability matrix: alength= 4 w= 17 nsites= 17 
0.1806 0.2403 0.3556 0.2236 
0.0750 0.3625 0.2458 0.3167 
0.1569 0.5000 0.1986 0.1444 
0.4806 0.0153 0.4514 0.0528 
0.0125 0.8764 0.0472 0.0639 
0.1111 0.1042 0.0569 0.7278 
0.0250 0.0000 0.3389 0.6361 
0.0000 0.9986 0.0000 0.0014 
0.0014 0.9958 0.0028 0.0000 
0.4028 0.0028 0.5431 0.0514 
0.0000 0.2278 0.3264 0.4458 
0.0611 0.3542 0.1542 0.4306 
0.0417 0.1903 0.1514 0.6167 
0.0611 0.2125 0.1000 0.6264 
0.1514 0.2611 0.3736 0.2139 
0.3083 0.2417 0.2111 0.2389 
0.2736 0.1958 0.2653 0.2653 

MOTIF filter14 
letter-probability matrix: alength= 4 w= 11 nsites= 11 
0.3223 0.1608 0.2701 0.2468 
0.2374 0.1948 0.3034 0.2644 
0.2212 0.0302 0.3641 0.3846 
0.6026 0.0028 0.3528 0.0418 
0.0872 0.2560 0.5499 0.1069 
0.0931 0.0102 0.0092 0.8875 
0.4097 0.3755 0.0074 0.2074 
0.0353 0.7735 0.0546 0.1366 
0.1235 0.4478 0.0752 0.3536 
0.3523 0.2190 0.2878 0.1410 
0.2349 0.2077 0.3736 0.1838 

MOTIF filter15 
letter-probability matrix: alength= 4 w= 14 nsites= 14 
0.2641 0.3161 0.3080 0.1118 
0.4588 0.1577 0.2074 0.1762 
0.2606 0.1820 0.1816 0.3759 
0.1500 0.0216 0.0274 0.8011 
0.0520 0.0104 0.1577 0.7799 
0.4815 0.5050 0.0069 0.0066 
0.0725 0.9056 0.0015 0.0204 
0.0181 0.6234 0.2922 0.0663 
0.1835 0.2047 0.5678 0.0439 
0.0050 0.2745 0.2467 0.4738 
0.6912 0.2610 0.0386 0.0093 
0.3219 0.2733 0.0281 0.3766 
0.4599 0.2001 0.2024 0.1376 
0.1881 0.2618 0.0748 0.4753 

MOTIF filter16 
letter-probability matrix: alength= 4 w= 12 nsites= 12 
0.2571 0.1937 0.2879 0.2612 
0.3722 0.2993 0.2242 0.1043 
0.3111 0.1437 0.0917 0.4535 
0.4118 0.1054 0.4828 0.0000 
0.1159 0.3344 0.0003 0.5494 
0.0956 0.7837 0.0321 0.0886 
0.5163 0.0943 0.2976 0.0918 
0.1322 0.0055 0.4203 0.4420 
0.0040 0.4066 0.4449 0.1445 
0.0922 0.3549 0.1751 0.3779 
0.1349 0.4017 0.0535 0.4100 
0.2103 0.3842 0.1571 0.2484 

MOTIF filter17 
letter-probability matrix: alength= 4 w= 14 nsites= 14 
0.2517 0.2500 0.2515 0.2468 
0.2578 0.2633 0.2240 0.2548 
0.4015 0.1912 0.3430 0.0643 
0.0506 0.0432 0.0450 0.8611 
0.0293 0.0303 0.1795 0.7609 
0.3218 0.0250 0.4781 0.1751 
0.0969 0.6323 0.0628 0.2079 
0.2162 0.0756 0.6165 0.0917 
0.1902 0.4962 0.0193 0.2943 
0.7477 0.1783 0.0460 0.0280 
0.8835 0.0450 0.0435 0.0280 
0.0792 0.3288 0.1898 0.4022 
0.2391 0.2719 0.2468 0.2422 
0.2477 0.2358 0.2551 0.2615 

MOTIF filter18 
letter-probability matrix: alength= 4 w= 13 nsites= 13 
0.3660 0.2952 0.2129 0.1259 
0.2783 0.1582 0.2196 0.3439 
0.0300 0.1755 0.3297 0.4648 
0.1011 0.8863 0.0006 0.0120 
0.3481 0.1643 0.2576 0.2300 
0.0114 0.0004 0.8913 0.0970 
0.3833 0.6072 0.0000 0.0095 
0.7183 0.0272 0.0228 0.2317 
0.0466 0.1422 0.5679 0.2433 
0.1158 0.4816 0.0002 0.4025 
0.4445 0.1162 0.2293 0.2101 
0.2561 0.2960 0.2420 0.2059 
0.2772 0.3462 0.2002 0.1764 

MOTIF filter19 
letter-probability matrix: alength= 4 w= 11 nsites= 11 
0.2567 0.2624 0.2432 0.2377 
0.3484 0.2247 0.2455 0.1814 
0.2508 0.2959 0.2611 0.1922 
0.0588 0.8524 0.0414 0.0474 
0.8134 0.0446 0.0798 0.0622 
0.0449 0.7079 0.0311 0.2161 
0.2122 0.0361 0.7143 0.0375 
0.0632 0.0924 0.0303 0.8141 
0.0336 0.0434 0.8529 0.0701 
0.1914 0.2869 0.2851 0.2366 
0.1974 0.2619 0.2077 0.3330 

MOTIF filter20 
letter-probability matrix: alength= 4 w= 11 nsites= 11 
0.3187 0.1520 0.2480 0.2812 
0.4053 0.0939 0.3885 0.1123 
0.2975 0.3519 0.2959 0.0547 
0.2326 0.0990 0.0561 0.6123 
0.3031 0.6936 0.0032 0.0000 
0.0092 0.1483 0.6929 0.1495 
0.7794 0.1625 0.0032 0.0549 
0.0022 0.3978 0.5957 0.0044 
0.0492 0.3785 0.1752 0.3971 
0.1814 0.3239 0.2376 0.2571 
0.0068 0.3968 0.3884 0.2079 

MOTIF filter21 
letter-probability matrix: alength= 4 w= 11 nsites= 11 
0.2306 0.2325 0.2077 0.3292 
0.2545 0.2280 0.0872 0.4302 
0.3286 0.0010 0.4132 0.2572 
0.5869 0.0000 0.4092 0.0039 
0.0002 0.8046 0.1952 0.0000 
0.2143 0.0199 0.0013 0.7645 
0.0016 0.4400 0.4692 0.0891 
0.6149 0.1083 0.0029 0.2740 
0.0188 0.4019 0.2653 0.3140 
0.2272 0.2852 0.1448 0.3429 
0.2196 0.3624 0.2671 0.1509 

MOTIF filter22 
letter-probability matrix: alength= 4 w= 14 nsites= 14 
0.2729 0.2595 0.2408 0.2268 
0.2701 0.2659 0.2146 0.2494 
0.5974 0.0769 0.1242 0.2015 
0.5995 0.0577 0.2991 0.0437 
0.2647 0.0467 0.1600 0.5287 
0.2759 0.0003 0.5699 0.1538 
0.3388 0.1148 0.0220 0.5244 
0.0305 0.2723 0.6969 0.0003 
0.0006 0.0003 0.6676 0.3315 
0.0345 0.9435 0.0027 0.0192 
0.8022 0.0519 0.0559 0.0900 
0.1084 0.2640 0.3849 0.2427 
0.2799 0.4545 0.1145 0.1511 
0.2875 0.1648 0.2167 0.3309 

MOTIF filter23 
letter-probability matrix: alength= 4 w= 16 nsites= 16 
0.2857 0.2550 0.2459 0.2134 
0.4132 0.1076 0.1854 0.2939 
0.4458 0.2360 0.0452 0.2731 
0.3445 0.0759 0.0217 0.5579 
0.2260 0.2034 0.1908 0.3797 
0.2061 0.0181 0.0208 0.7550 
0.0172 0.1799 0.7613 0.0416 
0.0443 0.6555 0.0054 0.2948 
0.0660 0.5678 0.0000 0.3662 
0.7161 0.0000 0.2685 0.0154 
0.3888 0.0136 0.5868 0.0108 
0.0850 0.6555 0.2071 0.0524 
0.8644 0.0136 0.0262 0.0958 
0.3056 0.1266 0.1591 0.4087 
0.3110 0.0407 0.2577 0.3906 
0.3318 0.0416 0.2441 0.3825 

MOTIF filter24 
letter-probability matrix: alength= 4 w= 13 nsites= 13 
0.2510 0.3757 0.2804 0.0928 
0.4805 0.0572 0.3931 0.0692 
0.5149 0.3260 0.0932 0.0659 
0.1048 0.6247 0.2680 0.0025 
0.9544 0.0286 0.0128 0.0041 
0.0829 0.0108 0.0054 0.9010 
0.0162 0.3264 0.6160 0.0414 
0.1417 0.0423 0.5713 0.2448 
0.0228 0.3844 0.0186 0.5742 
0.0576 0.2705 0.6019 0.0700 
0.1210 0.2080 0.4416 0.2295 
0.1653 0.5886 0.0584 0.1877 
0.2258 0.2850 0.2597 0.2295 

MOTIF filter25 
letter-probability matrix: alength= 4 w= 13 nsites= 13 
0.2541 0.2277 0.2329 0.2853 
0.2163 0.2509 0.3218 0.2111 
0.3076 0.2900 0.3149 0.0876 
0.0173 0.0680 0.0338 0.8809 
0.0209 0.1240 0.7570 0.0981 
0.8555 0.0106 0.0757 0.0582 
0.0584 0.4433 0.4184 0.0799 
0.0437 0.1530 0.0128 0.7905 
0.1436 0.6724 0.0945 0.0895 
0.7043 0.0977 0.1046 0.0934 
0.0920 0.3192 0.2669 0.3219 
0.2326 0.2692 0.2397 0.2585 
0.2432 0.2439 0.2468 0.2661 

MOTIF filter26 
letter-probability matrix: alength= 4 w= 15 nsites= 15 
0.2488 0.2744 0.2536 0.2232 
0.2432 0.2657 0.2581 0.2331 
0.1259 0.2561 0.3871 0.2308 
0.0141 0.5797 0.1299 0.2764 
0.0498 0.5943 0.0447 0.3112 
0.0669 0.8282 0.0779 0.0270 
0.0455 0.8206 0.0950 0.0388 
0.1639 0.1808 0.3739 0.2814 
0.0346 0.8091 0.1085 0.0478 
0.0138 0.9218 0.0340 0.0304 
0.0304 0.6792 0.0231 0.2674 
0.1518 0.6635 0.0127 0.1721 
0.0827 0.5136 0.1324 0.2713 
0.2176 0.2792 0.2721 0.2311 
0.2575 0.2775 0.2522 0.2128 

MOTIF filter27 
letter-probability matrix: alength= 4 w= 13 nsites= 13 
0.3007 0.1972 0.3133 0.1888 
0.3229 0.1995 0.3425 0.1351 
0.3383 0.2112 0.1999 0.2506 
0.0425 0.0443 0.0067 0.9065 
0.0612 0.3890 0.2840 0.2658 
0.6411 0.0002 0.3559 0.0029 
0.3056 0.1340 0.3821 0.1782 
0.0000 0.1817 0.0000 0.8183 
0.2612 0.2765 0.3210 0.1413 
0.8112 0.0659 0.0423 0.0806 
0.3962 0.2279 0.3088 0.0670 
0.2176 0.2985 0.1098 0.3741 
0.1609 0.3791 0.1971 0.2629 

MOTIF filter28 
letter-probability matrix: alength= 4 w= 11 nsites= 11 
0.3813 0.2092 0.3142 0.0953 
0.3397 0.3222 0.2480 0.0901 
0.2568 0.1604 0.3222 0.2606 
0.1489 0.0047 0.8464 0.0000 
0.0337 0.0173 0.9479 0.0011 
0.8945 0.1040 0.0015 0.0000 
0.3741 0.0996 0.1549 0.3713 
0.1299 0.0654 0.7571 0.0476 
0.1181 0.2989 0.4191 0.1639 
0.2168 0.4110 0.2467 0.1256 
0.1856 0.3064 0.2649 0.2431 

MOTIF filter29 
letter-probability matrix: alength= 4 w= 14 nsites= 14 
0.2183 0.2470 0.1750 0.3598 
0.2725 0.1481 0.5169 0.0626 
0.2816 0.1433 0.4551 0.1200 
0.0444 0.8589 0.0393 0.0575 
0.1575 0.8396 0.0004 0.0025 
0.7603 0.0062 0.2092 0.0244 
0.1441 0.0367 0.1462 0.6730 
0.6752 0.1761 0.0291 0.1197 
0.0000 0.0622 0.0149 0.9229 
0.2514 0.0189 0.4758 0.2539 
0.1135 0.1117 0.4489 0.3259 
0.0844 0.3059 0.4860 0.1237 
0.0637 0.1357 0.6675 0.1331 
0.1539 0.1717 0.4078 0.2666 

MOTIF filter30 
letter-probability matrix: alength= 4 w= 8 nsites= 8 
0.2083 0.1134 0.2693 0.4089 
0.2523 0.4656 0.1044 0.1777 
0.2095 0.4563 0.0818 0.2524 
0.0215 0.1923 0.7693 0.0170 
0.0001 0.0001 0.9447 0.0551 
0.2488 0.0144 0.2420 0.4948 
0.4690 0.4048 0.0501 0.0762 
0.1461 0.3565 0.4287 0.0687 

MOTIF filter31 
letter-probability matrix: alength= 4 w= 15 nsites= 15 
0.2603 0.3450 0.2247 0.1700 
0.3997 0.2317 0.2591 0.1095 
0.1458 0.0586 0.5016 0.2941 
0.1693 0.7027 0.0089 0.1190 
0.0617 0.0547 0.0668 0.8167 
0.9701 0.0006 0.0293 0.0000 
0.1560 0.0032 0.3577 0.4831 
0.2202 0.1209 0.0726 0.5863 
0.3310 0.0038 0.3278 0.3374 
0.3355 0.1891 0.0306 0.4449 
0.0000 0.1299 0.1095 0.7607 
0.8511 0.0490 0.0019 0.0980 
0.0745 0.0280 0.8746 0.0229 
0.3520 0.5150 0.0433 0.0898 
0.2336 0.3125 0.2298 0.2241 

