MEME version 4

ALPHABET= ACGT

Background letter frequencies:
A 0.2500 C 0.2500 G 0.2500 T 0.2500 

MOTIF filter0 
letter-probability matrix: alength= 4 w= 13 nsites= 13 
0.2573 0.2394 0.2392 0.2640 
0.2317 0.2086 0.3060 0.2537 
0.1430 0.3284 0.3163 0.2124 
0.0149 0.6495 0.2210 0.1146 
0.0034 0.7544 0.2420 0.0002 
0.0691 0.2159 0.4440 0.2710 
0.2184 0.1200 0.4358 0.2258 
0.4202 0.3488 0.0451 0.1859 
0.5410 0.3075 0.1383 0.0131 
0.0000 0.5039 0.4923 0.0038 
0.2399 0.2850 0.2618 0.2133 
0.2781 0.2777 0.2175 0.2267 
0.2855 0.2652 0.2717 0.1776 

MOTIF filter1 
letter-probability matrix: alength= 4 w= 14 nsites= 14 
0.1150 0.2334 0.4403 0.2113 
0.4060 0.3003 0.0719 0.2217 
0.0168 0.3289 0.2209 0.4335 
0.7229 0.0001 0.2770 0.0000 
0.2058 0.2628 0.1695 0.3619 
0.3065 0.3244 0.3634 0.0057 
0.3827 0.3503 0.0207 0.2463 
0.0009 0.0737 0.2535 0.6718 
0.0020 0.4972 0.4399 0.0609 
0.0530 0.0545 0.5846 0.3078 
0.0702 0.6235 0.0782 0.2281 
0.2569 0.1766 0.3857 0.1809 
0.2247 0.0900 0.4268 0.2585 
0.1793 0.3960 0.1552 0.2695 

MOTIF filter2 
letter-probability matrix: alength= 4 w= 12 nsites= 12 
0.2597 0.2662 0.2133 0.2608 
0.2364 0.2183 0.2918 0.2535 
0.1593 0.2013 0.2757 0.3637 
0.0001 0.4781 0.5163 0.0056 
0.6314 0.0348 0.3335 0.0003 
0.5735 0.0107 0.1992 0.2167 
0.4908 0.1146 0.0000 0.3946 
0.0576 0.0314 0.7644 0.1466 
0.0118 0.5003 0.4507 0.0372 
0.2991 0.2688 0.0660 0.3660 
0.3900 0.2921 0.1204 0.1975 
0.3719 0.2512 0.1655 0.2114 

MOTIF filter3 
letter-probability matrix: alength= 4 w= 16 nsites= 16 
0.1912 0.1151 0.0838 0.6100 
0.0735 0.0953 0.5825 0.2487 
0.3689 0.3389 0.1387 0.1535 
0.0173 0.9284 0.0217 0.0326 
0.0134 0.7756 0.0838 0.1272 
0.6950 0.1081 0.0217 0.1752 
0.0876 0.0230 0.0045 0.8849 
0.9655 0.0058 0.0166 0.0121 
0.0441 0.0064 0.0256 0.9239 
0.8555 0.0377 0.0000 0.1068 
0.1925 0.0294 0.0070 0.7711 
0.1023 0.0192 0.8331 0.0454 
0.0256 0.0416 0.8990 0.0339 
0.2110 0.1471 0.3005 0.3414 
0.2372 0.5524 0.1292 0.0812 
0.6087 0.0716 0.1132 0.2065 

MOTIF filter4 
letter-probability matrix: alength= 4 w= 11 nsites= 11 
0.0570 0.3860 0.3611 0.1959 
0.2259 0.0969 0.5449 0.1323 
0.2365 0.2568 0.2514 0.2552 
0.1076 0.0091 0.8525 0.0309 
0.2064 0.0110 0.0443 0.7382 
0.0747 0.4363 0.3742 0.1148 
0.5851 0.0160 0.0298 0.3691 
0.0007 0.7562 0.2399 0.0033 
0.2023 0.2585 0.1730 0.3662 
0.2890 0.3257 0.1685 0.2169 
0.3584 0.2029 0.2664 0.1723 

MOTIF filter5 
letter-probability matrix: alength= 4 w= 13 nsites= 13 
0.2597 0.2477 0.2361 0.2564 
0.2818 0.2112 0.2460 0.2610 
0.1798 0.2444 0.1649 0.4109 
0.0398 0.0111 0.0216 0.9275 
0.0489 0.0568 0.0491 0.8451 
0.1894 0.6809 0.0457 0.0841 
0.0732 0.6121 0.0325 0.2822 
0.2597 0.2366 0.2545 0.2492 
0.2927 0.0555 0.5931 0.0588 
0.0647 0.0502 0.7114 0.1737 
0.7647 0.0799 0.0872 0.0682 
0.9201 0.0352 0.0103 0.0345 
0.4168 0.1673 0.2433 0.1726 

MOTIF filter6 
letter-probability matrix: alength= 4 w= 8 nsites= 8 
0.4024 0.1581 0.1862 0.2533 
0.1895 0.2378 0.5003 0.0723 
0.0761 0.1965 0.1264 0.6010 
0.9498 0.0003 0.0107 0.0393 
0.0001 0.8618 0.1380 0.0000 
0.0909 0.1560 0.6120 0.1411 
0.2742 0.0394 0.3370 0.3495 
0.1542 0.2846 0.3628 0.1985 

MOTIF filter7 
letter-probability matrix: alength= 4 w= 14 nsites= 14 
0.2611 0.2506 0.2448 0.2435 
0.2614 0.2619 0.2116 0.2651 
0.4082 0.2066 0.3167 0.0685 
0.0398 0.0200 0.0408 0.8994 
0.0413 0.0332 0.1629 0.7626 
0.3106 0.0255 0.4641 0.1998 
0.0871 0.6317 0.0598 0.2214 
0.2300 0.0626 0.6289 0.0785 
0.1851 0.4896 0.0195 0.3058 
0.7576 0.1766 0.0306 0.0352 
0.8891 0.0413 0.0455 0.0242 
0.0831 0.3199 0.1905 0.4065 
0.2479 0.2666 0.2517 0.2338 
0.2538 0.2329 0.2512 0.2621 

MOTIF filter8 
letter-probability matrix: alength= 4 w= 10 nsites= 10 
0.1789 0.3416 0.3189 0.1606 
0.4106 0.0008 0.3377 0.2510 
0.3021 0.0733 0.2623 0.3623 
0.0743 0.0199 0.2551 0.6507 
0.9135 0.0864 0.0000 0.0001 
0.0240 0.4902 0.3490 0.1367 
0.0023 0.4121 0.0002 0.5855 
0.3527 0.3033 0.1426 0.2015 
0.3141 0.3180 0.1867 0.1812 
0.2859 0.2109 0.2418 0.2613 

MOTIF filter9 
letter-probability matrix: alength= 4 w= 12 nsites= 12 
0.3490 0.1461 0.2432 0.2618 
0.3618 0.2090 0.2801 0.1491 
0.1153 0.2365 0.0682 0.5800 
0.0015 0.8693 0.0480 0.0813 
0.9793 0.0013 0.0191 0.0004 
0.1032 0.1198 0.4272 0.3497 
0.2612 0.2020 0.0119 0.5249 
0.1498 0.4115 0.4195 0.0192 
0.5157 0.2045 0.2769 0.0029 
0.1762 0.2390 0.2458 0.3390 
0.2683 0.3103 0.1807 0.2407 
0.3326 0.1847 0.2325 0.2502 

MOTIF filter10 
letter-probability matrix: alength= 4 w= 12 nsites= 12 
0.2813 0.2264 0.2772 0.2151 
0.3686 0.1778 0.1886 0.2651 
0.1544 0.2237 0.3240 0.2979 
0.0000 0.0000 0.2660 0.7340 
0.3159 0.6841 0.0000 0.0000 
0.7106 0.1575 0.1314 0.0005 
0.0000 0.0005 0.6620 0.3375 
0.0000 1.0000 0.0000 0.0000 
0.9883 0.0000 0.0000 0.0117 
0.2858 0.2300 0.1854 0.2988 
0.3852 0.1571 0.0761 0.3816 
0.3420 0.1080 0.1053 0.4446 

MOTIF filter11 
letter-probability matrix: alength= 4 w= 16 nsites= 16 
0.2310 0.2812 0.2869 0.2009 
0.1793 0.3257 0.2941 0.2009 
0.1205 0.0875 0.4620 0.3300 
0.0947 0.7044 0.0316 0.1693 
0.0086 0.0502 0.1521 0.7891 
0.7848 0.0588 0.1564 0.0000 
0.1420 0.0230 0.0072 0.8278 
0.1291 0.0000 0.6026 0.2683 
0.8192 0.0072 0.0000 0.1736 
0.2324 0.2855 0.3458 0.1363 
0.0000 0.0014 0.0014 0.9971 
0.6155 0.3845 0.0000 0.0000 
0.4763 0.0000 0.5165 0.0072 
0.1277 0.5567 0.1406 0.1750 
0.2224 0.3171 0.3142 0.1463 
0.1220 0.2999 0.2999 0.2783 

MOTIF filter12 
letter-probability matrix: alength= 4 w= 13 nsites= 13 
0.3036 0.3802 0.2451 0.0711 
0.4647 0.2087 0.1497 0.1769 
0.2267 0.2944 0.1384 0.3404 
0.6161 0.0531 0.2752 0.0556 
0.0000 0.1393 0.0000 0.8607 
0.7767 0.0000 0.2233 0.0000 
0.4115 0.2254 0.0000 0.3630 
0.0715 0.1681 0.7512 0.0092 
0.0042 0.0013 0.1113 0.8833 
0.0059 0.3078 0.6282 0.0581 
0.5412 0.2777 0.0958 0.0853 
0.1522 0.2258 0.1798 0.4421 
0.2568 0.3220 0.2647 0.1564 

MOTIF filter13 
letter-probability matrix: alength= 4 w= 15 nsites= 15 
0.2371 0.2799 0.2362 0.2468 
0.1040 0.2182 0.4196 0.2583 
0.0022 0.6593 0.0846 0.2539 
0.0251 0.5584 0.1067 0.3098 
0.0106 0.7695 0.1507 0.0692 
0.0057 0.9083 0.0639 0.0220 
0.0736 0.2142 0.4249 0.2874 
0.1573 0.7924 0.0441 0.0062 
0.0013 0.6765 0.0075 0.3147 
0.0591 0.5985 0.0053 0.3372 
0.0463 0.4720 0.0000 0.4817 
0.0317 0.5227 0.0317 0.4138 
0.2186 0.3451 0.1022 0.3341 
0.3257 0.2437 0.1437 0.2869 
0.2851 0.2728 0.2023 0.2398 

MOTIF filter14 
letter-probability matrix: alength= 4 w= 12 nsites= 12 
0.3572 0.1455 0.3450 0.1522 
0.2141 0.4693 0.2062 0.1105 
0.1615 0.0945 0.1865 0.5575 
0.6433 0.0731 0.1749 0.1088 
0.4104 0.0990 0.1400 0.3506 
0.0368 0.7464 0.0000 0.2168 
0.2675 0.0361 0.0265 0.6699 
0.0219 0.0055 0.7018 0.2708 
0.0025 0.5777 0.0111 0.4087 
0.4812 0.3275 0.0781 0.1133 
0.2125 0.2519 0.4207 0.1148 
0.2945 0.3257 0.2314 0.1484 

MOTIF filter15 
letter-probability matrix: alength= 4 w= 9 nsites= 9 
0.3886 0.0246 0.4265 0.1603 
0.1887 0.3582 0.2337 0.2195 
0.1071 0.3681 0.4880 0.0369 
0.5434 0.0041 0.0126 0.4399 
0.1013 0.0071 0.0000 0.8916 
0.0027 0.5861 0.4080 0.0032 
0.1468 0.2522 0.2593 0.3417 
0.3510 0.3219 0.0019 0.3253 
0.3413 0.1955 0.3370 0.1262 

MOTIF filter16 
letter-probability matrix: alength= 4 w= 12 nsites= 12 
0.2558 0.1501 0.4347 0.1595 
0.2342 0.0456 0.5302 0.1900 
0.2627 0.0505 0.5816 0.1052 
0.0169 0.0510 0.8676 0.0644 
0.0631 0.0972 0.7953 0.0444 
0.2920 0.3865 0.1378 0.1837 
0.0243 0.0644 0.8360 0.0752 
0.0409 0.0641 0.8620 0.0330 
0.3078 0.0525 0.5981 0.0416 
0.2640 0.1676 0.5263 0.0421 
0.2271 0.3442 0.2881 0.1406 
0.2334 0.2606 0.2770 0.2291 

MOTIF filter17 
letter-probability matrix: alength= 4 w= 14 nsites= 14 
0.2278 0.2520 0.2562 0.2640 
0.3066 0.2242 0.3049 0.1643 
0.3304 0.1693 0.2938 0.2065 
0.0565 0.6370 0.1764 0.1302 
0.0243 0.4575 0.0609 0.4573 
0.4189 0.1487 0.3065 0.1259 
0.8512 0.0340 0.0604 0.0544 
0.0136 0.0174 0.0092 0.9599 
0.0929 0.2039 0.1666 0.5366 
0.4792 0.0317 0.4549 0.0342 
0.0561 0.1130 0.7538 0.0770 
0.1784 0.3169 0.1876 0.3172 
0.1817 0.3341 0.1881 0.2961 
0.2599 0.2990 0.2144 0.2268 

MOTIF filter18 
letter-probability matrix: alength= 4 w= 14 nsites= 14 
0.1313 0.3687 0.2506 0.2494 
0.1804 0.4389 0.1849 0.1958 
0.3916 0.1684 0.3202 0.1199 
0.1022 0.6684 0.1889 0.0405 
0.2146 0.1981 0.2546 0.3328 
0.1216 0.0576 0.1473 0.6735 
0.0051 0.7432 0.2494 0.0023 
0.0194 0.9772 0.0023 0.0011 
0.0006 0.0023 0.9526 0.0445 
0.0011 0.2654 0.6981 0.0354 
0.6467 0.1826 0.0457 0.1250 
0.3739 0.1952 0.1866 0.2443 
0.0342 0.1467 0.6421 0.1769 
0.1056 0.2820 0.1221 0.4903 

MOTIF filter19 
letter-probability matrix: alength= 4 w= 16 nsites= 16 
0.3370 0.3599 0.1508 0.1523 
0.2239 0.1367 0.1848 0.4545 
0.3400 0.3289 0.2003 0.1308 
0.8271 0.0140 0.1353 0.0237 
0.7465 0.0820 0.1404 0.0310 
0.5462 0.1234 0.3237 0.0067 
0.6785 0.1973 0.1013 0.0229 
0.0288 0.4664 0.0251 0.4797 
0.4353 0.0037 0.5573 0.0037 
0.0584 0.0015 0.9387 0.0015 
0.5403 0.4353 0.0059 0.0185 
0.5595 0.0961 0.2247 0.1197 
0.1271 0.1042 0.6859 0.0828 
0.1870 0.4967 0.0273 0.2890 
0.2779 0.1700 0.3496 0.2025 
0.2550 0.2735 0.2956 0.1759 

MOTIF filter20 
letter-probability matrix: alength= 4 w= 14 nsites= 14 
0.2189 0.0853 0.2470 0.4487 
0.5020 0.1021 0.1826 0.2133 
0.2340 0.0803 0.3282 0.3575 
0.0386 0.6918 0.0099 0.2598 
0.6278 0.0000 0.0746 0.2975 
0.6471 0.3170 0.0067 0.0291 
0.0925 0.0073 0.2474 0.6528 
0.2575 0.0860 0.0008 0.6557 
0.3223 0.0004 0.5754 0.1019 
0.3101 0.3617 0.0874 0.2407 
0.1229 0.0931 0.1099 0.6741 
0.6079 0.1843 0.0734 0.1344 
0.4735 0.0990 0.2644 0.1631 
0.3860 0.1644 0.1933 0.2562 

MOTIF filter21 
letter-probability matrix: alength= 4 w= 13 nsites= 13 
0.2153 0.2985 0.2296 0.2565 
0.2773 0.1378 0.3661 0.2188 
0.1367 0.1618 0.0926 0.6089 
0.0218 0.2350 0.6939 0.0493 
0.7970 0.0743 0.1093 0.0194 
0.0471 0.7050 0.2102 0.0377 
0.1879 0.0102 0.0022 0.7997 
0.0051 0.6832 0.3090 0.0027 
0.7591 0.0046 0.2320 0.0043 
0.0347 0.2762 0.0773 0.6118 
0.0476 0.2205 0.3922 0.3397 
0.2336 0.3104 0.3287 0.1273 
0.4032 0.1672 0.2458 0.1838 

MOTIF filter22 
letter-probability matrix: alength= 4 w= 14 nsites= 14 
0.2686 0.2642 0.2339 0.2334 
0.4609 0.0713 0.1816 0.2861 
0.4385 0.1099 0.0889 0.3628 
0.3613 0.0679 0.0283 0.5425 
0.2026 0.3511 0.0737 0.3726 
0.2109 0.0161 0.0000 0.7729 
0.0991 0.0620 0.8018 0.0371 
0.1401 0.8120 0.0083 0.0396 
0.1094 0.0352 0.0000 0.8555 
0.1084 0.0151 0.5303 0.3462 
0.8657 0.0269 0.0093 0.0981 
0.0938 0.3525 0.1211 0.4326 
0.2524 0.1050 0.0684 0.5742 
0.2524 0.2842 0.1606 0.3027 

MOTIF filter23 
letter-probability matrix: alength= 4 w= 11 nsites= 11 
0.1837 0.1026 0.2298 0.4838 
0.1865 0.1532 0.3942 0.2661 
0.5460 0.0787 0.3001 0.0752 
0.0768 0.7767 0.1455 0.0010 
0.0481 0.0036 0.0012 0.9470 
0.0073 0.4014 0.5610 0.0304 
0.7659 0.0413 0.0064 0.1863 
0.0354 0.1125 0.7515 0.1006 
0.1146 0.3291 0.1421 0.4142 
0.3104 0.4010 0.1705 0.1181 
0.4317 0.2662 0.0863 0.2157 

MOTIF filter24 
letter-probability matrix: alength= 4 w= 16 nsites= 16 
0.1103 0.6175 0.1265 0.1457 
0.0635 0.3697 0.0656 0.5013 
0.5690 0.0911 0.2368 0.1031 
0.1959 0.0060 0.1848 0.6133 
0.3539 0.5571 0.0030 0.0860 
0.0860 0.2968 0.0277 0.5894 
0.9595 0.0000 0.0000 0.0405 
0.0473 0.0043 0.0064 0.9421 
0.5302 0.0486 0.3152 0.1060 
0.0626 0.0055 0.6201 0.3118 
0.5136 0.1597 0.0630 0.2636 
0.1325 0.2713 0.1175 0.4787 
0.6316 0.0371 0.2747 0.0566 
0.1397 0.1312 0.6103 0.1188 
0.3066 0.2355 0.2244 0.2334 
0.2125 0.3258 0.2470 0.2147 

MOTIF filter25 
letter-probability matrix: alength= 4 w= 12 nsites= 12 
0.2659 0.2431 0.2561 0.2349 
0.2509 0.2300 0.3018 0.2173 
0.2101 0.2985 0.2914 0.2000 
0.6509 0.0003 0.0000 0.3488 
0.0000 0.0016 0.0010 0.9974 
0.0000 0.2943 0.0003 0.7054 
0.6316 0.0016 0.3667 0.0000 
0.9997 0.0000 0.0003 0.0000 
0.3801 0.0000 0.0020 0.6179 
0.1759 0.2887 0.2809 0.2545 
0.2036 0.3034 0.2623 0.2307 
0.2300 0.2682 0.2587 0.2431 

MOTIF filter26 
letter-probability matrix: alength= 4 w= 9 nsites= 9 
0.1616 0.3270 0.3701 0.1413 
0.2822 0.4066 0.1655 0.1458 
0.2654 0.1879 0.3190 0.2277 
0.0085 0.8098 0.0092 0.1724 
0.0067 0.2675 0.7258 0.0000 
0.0013 0.0919 0.0006 0.9061 
0.4632 0.1617 0.3277 0.0474 
0.0308 0.5344 0.2508 0.1839 
0.3754 0.1474 0.0987 0.3785 

MOTIF filter27 
letter-probability matrix: alength= 4 w= 10 nsites= 10 
0.1923 0.1134 0.3118 0.3824 
0.1240 0.3115 0.3163 0.2482 
0.4134 0.0000 0.3740 0.2127 
0.7961 0.0248 0.1791 0.0000 
0.3463 0.1328 0.2321 0.2889 
0.0001 0.2775 0.3055 0.4169 
0.0001 0.1957 0.0000 0.8042 
0.2497 0.2434 0.1827 0.3242 
0.3228 0.3078 0.0293 0.3401 
0.2959 0.2262 0.2138 0.2641 

MOTIF filter28 
letter-probability matrix: alength= 4 w= 13 nsites= 13 
0.2359 0.2844 0.2427 0.2369 
0.2855 0.2121 0.2565 0.2459 
0.3456 0.0354 0.4823 0.1367 
0.0760 0.7203 0.1562 0.0475 
0.3668 0.6332 0.0000 0.0000 
0.9937 0.0000 0.0063 0.0000 
0.0918 0.5077 0.0834 0.3172 
0.2697 0.0602 0.5451 0.1251 
0.0000 0.0005 0.0000 0.9995 
0.0000 0.0000 0.7077 0.2923 
0.1451 0.1092 0.5831 0.1625 
0.2306 0.4702 0.0602 0.2391 
0.1794 0.1852 0.2997 0.3356 

MOTIF filter29 
letter-probability matrix: alength= 4 w= 14 nsites= 14 
0.2279 0.0544 0.4441 0.2735 
0.2160 0.3941 0.2861 0.1038 
0.3366 0.2450 0.3569 0.0615 
0.1626 0.0013 0.5882 0.2478 
0.0775 0.5006 0.4196 0.0024 
0.3426 0.3169 0.3383 0.0022 
0.6628 0.0500 0.2872 0.0000 
0.0011 0.0254 0.0007 0.9728 
0.0058 0.5149 0.2381 0.2412 
0.4656 0.0794 0.2489 0.2060 
0.0000 0.5645 0.0053 0.4302 
0.0927 0.2996 0.2881 0.3195 
0.1562 0.4187 0.2826 0.1425 
0.3572 0.3012 0.1252 0.2164 

MOTIF filter30 
letter-probability matrix: alength= 4 w= 14 nsites= 14 
0.2431 0.2512 0.2541 0.2516 
0.2704 0.1347 0.3242 0.2707 
0.2605 0.1269 0.4458 0.1669 
0.2080 0.6456 0.0032 0.1432 
0.0007 0.9982 0.0011 0.0000 
0.4741 0.5255 0.0000 0.0004 
0.8420 0.0000 0.1123 0.0457 
0.0174 0.4227 0.0000 0.5599 
0.4699 0.3891 0.1410 0.0000 
0.1378 0.2544 0.0181 0.5897 
0.6300 0.2860 0.0507 0.0333 
0.3115 0.1432 0.1765 0.3689 
0.2601 0.1060 0.4780 0.1559 
0.1559 0.1719 0.5177 0.1545 

MOTIF filter31 
letter-probability matrix: alength= 4 w= 11 nsites= 11 
0.2927 0.5240 0.1552 0.0281 
0.3231 0.0771 0.1124 0.4874 
0.0027 0.3395 0.3193 0.3385 
0.9913 0.0077 0.0010 0.0000 
0.0000 0.5981 0.0381 0.3638 
0.2410 0.0065 0.2032 0.5494 
0.0316 0.2310 0.0000 0.7374 
0.1241 0.1709 0.7028 0.0022 
0.0174 0.3681 0.4927 0.1219 
0.1251 0.1932 0.3352 0.3464 
0.2492 0.4223 0.2067 0.1219 

