MEME version 4

ALPHABET= ACGT

Background letter frequencies:
A 0.2500 C 0.2500 G 0.2500 T 0.2500 

MOTIF filter0 
letter-probability matrix: alength= 4 w= 16 nsites= 16 
0.2803 0.1806 0.3019 0.2372 
0.5930 0.0620 0.1294 0.2156 
0.1725 0.3154 0.4744 0.0377 
0.0000 0.0000 0.0000 1.0000 
0.0081 0.9919 0.0000 0.0000 
1.0000 0.0000 0.0000 0.0000 
0.0000 0.0000 0.9677 0.0323 
0.0000 1.0000 0.0000 0.0000 
0.9946 0.0000 0.0000 0.0054 
0.4367 0.1752 0.1240 0.2642 
0.4178 0.0485 0.0054 0.5283 
0.3962 0.0782 0.0000 0.5256 
0.3154 0.1132 0.0216 0.5499 
0.2911 0.2264 0.2426 0.2399 
0.2668 0.2857 0.2345 0.2129 
0.2022 0.2965 0.2453 0.2561 

MOTIF filter1 
letter-probability matrix: alength= 4 w= 20 nsites= 20 
0.2148 0.2791 0.2735 0.2326 
0.2913 0.2403 0.2259 0.2425 
0.1628 0.0742 0.0410 0.7220 
0.0321 0.0908 0.6556 0.2215 
0.4120 0.3887 0.0720 0.1274 
0.0022 0.9922 0.0044 0.0011 
0.0000 0.9900 0.0022 0.0078 
0.8261 0.0022 0.0100 0.1617 
0.0244 0.0000 0.0011 0.9745 
0.9945 0.0033 0.0022 0.0000 
0.0000 0.0011 0.0011 0.9978 
0.9801 0.0011 0.0000 0.0188 
0.1550 0.0044 0.0033 0.8372 
0.0033 0.0111 0.9856 0.0000 
0.0000 0.0022 0.9945 0.0033 
0.1118 0.0698 0.3832 0.4352 
0.2248 0.6434 0.0952 0.0365 
0.7121 0.0321 0.0731 0.1827 
0.2436 0.2724 0.2370 0.2470 
0.2337 0.2602 0.2591 0.2470 

MOTIF filter2 
letter-probability matrix: alength= 4 w= 15 nsites= 15 
0.1896 0.5596 0.1651 0.0856 
0.9969 0.0000 0.0031 0.0000 
1.0000 0.0000 0.0000 0.0000 
0.4220 0.1070 0.4618 0.0092 
1.0000 0.0000 0.0000 0.0000 
0.0000 0.0000 0.0000 1.0000 
0.0000 0.0000 1.0000 0.0000 
0.0000 0.0000 1.0000 0.0000 
0.0520 0.8930 0.0000 0.0550 
0.1346 0.1865 0.4281 0.2508 
0.0795 0.0642 0.7920 0.0642 
0.1498 0.7584 0.0306 0.0612 
0.2416 0.2049 0.2385 0.3150 
0.2110 0.2294 0.2997 0.2599 
0.2752 0.2324 0.2722 0.2202 

MOTIF filter3 
letter-probability matrix: alength= 4 w= 19 nsites= 19 
0.2257 0.2421 0.2563 0.2759 
0.2083 0.2792 0.2748 0.2377 
0.2814 0.2366 0.2312 0.2508 
0.1614 0.0829 0.0491 0.7067 
0.0360 0.0883 0.6521 0.2236 
0.4035 0.3871 0.0796 0.1298 
0.0065 0.9880 0.0033 0.0022 
0.0011 0.9815 0.0055 0.0120 
0.8233 0.0011 0.0087 0.1668 
0.0262 0.0033 0.0011 0.9695 
0.9967 0.0011 0.0022 0.0000 
0.0000 0.0022 0.0011 0.9967 
0.9793 0.0000 0.0000 0.0207 
0.1647 0.0055 0.0033 0.8266 
0.0033 0.0120 0.9815 0.0033 
0.0011 0.0055 0.9891 0.0044 
0.1134 0.0720 0.3860 0.4286 
0.2192 0.6499 0.0949 0.0360 
0.7023 0.0371 0.0752 0.1854 

MOTIF filter4 
letter-probability matrix: alength= 4 w= 13 nsites= 13 
0.2438 0.2369 0.2587 0.2607 
0.2299 0.1695 0.3875 0.2131 
0.3974 0.2220 0.3608 0.0198 
0.0000 0.0000 0.0000 1.0000 
0.0000 0.0000 0.9901 0.0099 
1.0000 0.0000 0.0000 0.0000 
0.0010 0.5015 0.4975 0.0000 
0.0000 0.0000 0.0000 1.0000 
0.0040 0.9960 0.0000 0.0000 
1.0000 0.0000 0.0000 0.0000 
0.0050 0.3429 0.2527 0.3994 
0.2170 0.3627 0.1893 0.2309 
0.2587 0.2161 0.2755 0.2498 

MOTIF filter5 
letter-probability matrix: alength= 4 w= 12 nsites= 12 
0.4750 0.0838 0.1379 0.3034 
0.4162 0.0464 0.0905 0.4469 
0.2647 0.2173 0.1956 0.3224 
0.2276 0.0257 0.0561 0.6906 
0.0134 0.0210 0.9513 0.0144 
0.1642 0.7974 0.0244 0.0140 
0.1452 0.0170 0.0120 0.8258 
0.0260 0.0290 0.8308 0.1142 
0.7483 0.0611 0.0691 0.1215 
0.1275 0.3431 0.2790 0.2503 
0.2523 0.1822 0.1182 0.4473 
0.2133 0.3191 0.1702 0.2974 

MOTIF filter6 
letter-probability matrix: alength= 4 w= 14 nsites= 14 
0.2514 0.2596 0.2404 0.2486 
0.1307 0.2176 0.4095 0.2422 
0.0037 0.6243 0.1298 0.2422 
0.0320 0.6764 0.0064 0.2852 
0.0101 0.9689 0.0091 0.0119 
0.0101 0.9525 0.0238 0.0137 
0.1773 0.0293 0.4735 0.3199 
0.0256 0.9479 0.0073 0.0192 
0.0119 0.9735 0.0046 0.0101 
0.0064 0.7002 0.0064 0.2870 
0.1508 0.6563 0.0073 0.1856 
0.0923 0.5238 0.1188 0.2651 
0.2386 0.2724 0.2569 0.2322 
0.2724 0.2633 0.2349 0.2294 

MOTIF filter7 
letter-probability matrix: alength= 4 w= 13 nsites= 13 
0.2438 0.2327 0.2323 0.2912 
0.2426 0.2100 0.3330 0.2144 
0.3547 0.2639 0.3064 0.0750 
0.0276 0.0316 0.0474 0.8934 
0.0189 0.0325 0.8550 0.0936 
0.8971 0.0245 0.0533 0.0251 
0.0700 0.4455 0.4486 0.0359 
0.0239 0.0369 0.0232 0.9160 
0.0737 0.8696 0.0245 0.0322 
0.9108 0.0304 0.0335 0.0254 
0.0660 0.3141 0.2828 0.3371 
0.2094 0.3318 0.2258 0.2330 
0.2776 0.2317 0.2460 0.2447 

MOTIF filter8 
letter-probability matrix: alength= 4 w= 18 nsites= 18 
0.2941 0.2667 0.2196 0.2196 
0.2667 0.2863 0.2510 0.1961 
0.2314 0.2824 0.2196 0.2667 
0.1412 0.0078 0.7059 0.1451 
0.0588 0.8000 0.0980 0.0431 
0.2667 0.3804 0.2627 0.0902 
0.0314 0.0000 0.9255 0.0431 
0.0000 1.0000 0.0000 0.0000 
0.0000 1.0000 0.0000 0.0000 
1.0000 0.0000 0.0000 0.0000 
0.0000 0.0000 0.0000 1.0000 
0.0039 0.4902 0.1176 0.3882 
0.0000 0.0471 0.0039 0.9490 
0.0000 0.0157 0.0000 0.9843 
0.0549 0.0902 0.7765 0.0784 
0.2706 0.2196 0.2706 0.2392 
0.1922 0.2549 0.2627 0.2902 
0.2275 0.2980 0.2275 0.2471 

MOTIF filter9 
letter-probability matrix: alength= 4 w= 15 nsites= 15 
0.1316 0.3303 0.1524 0.3857 
0.0808 0.3095 0.3880 0.2217 
0.4134 0.1316 0.4503 0.0046 
0.5566 0.0115 0.3811 0.0508 
0.0000 1.0000 0.0000 0.0000 
0.0000 1.0000 0.0000 0.0000 
1.0000 0.0000 0.0000 0.0000 
1.0000 0.0000 0.0000 0.0000 
0.0000 0.0000 0.0000 1.0000 
0.0300 0.7667 0.2032 0.0000 
0.8406 0.0023 0.1570 0.0000 
0.0739 0.0924 0.8245 0.0092 
0.2309 0.2679 0.2379 0.2633 
0.2748 0.1940 0.2679 0.2633 
0.2425 0.2794 0.2171 0.2610 

MOTIF filter10 
letter-probability matrix: alength= 4 w= 11 nsites= 11 
0.2739 0.2432 0.2589 0.2240 
0.2429 0.2851 0.2630 0.2090 
0.0571 0.8645 0.0427 0.0358 
0.8552 0.0326 0.0671 0.0451 
0.0415 0.7649 0.0392 0.1544 
0.1496 0.0359 0.7830 0.0314 
0.0466 0.0901 0.0350 0.8282 
0.0328 0.0356 0.8670 0.0645 
0.2077 0.2800 0.2775 0.2348 
0.2105 0.2655 0.2117 0.3122 
0.2388 0.2507 0.2460 0.2645 

MOTIF filter11 
letter-probability matrix: alength= 4 w= 15 nsites= 15 
0.2585 0.2415 0.2147 0.2853 
0.2556 0.2698 0.2218 0.2528 
0.1271 0.1935 0.1271 0.5523 
0.0000 0.0000 0.0000 1.0000 
0.0000 0.0000 0.0000 1.0000 
0.0254 0.9746 0.0000 0.0000 
0.0000 0.8164 0.0000 0.1836 
0.2514 0.2090 0.2429 0.2966 
0.1864 0.0000 0.8107 0.0028 
0.0000 0.0000 0.9760 0.0240 
1.0000 0.0000 0.0000 0.0000 
1.0000 0.0000 0.0000 0.0000 
0.5720 0.1031 0.1935 0.1314 
0.2316 0.2726 0.2556 0.2401 
0.2641 0.2429 0.2486 0.2444 

MOTIF filter12 
letter-probability matrix: alength= 4 w= 15 nsites= 15 
0.2544 0.2626 0.2441 0.2390 
0.2400 0.2677 0.2574 0.2349 
0.1200 0.0738 0.3446 0.4615 
0.0451 0.8431 0.0000 0.1118 
0.0000 0.0072 0.0000 0.9928 
1.0000 0.0000 0.0000 0.0000 
0.2841 0.0000 0.0082 0.7077 
0.4595 0.0021 0.0000 0.5385 
0.5528 0.0000 0.0010 0.4462 
0.6872 0.0021 0.0000 0.3108 
0.0000 0.0010 0.0000 0.9990 
0.9887 0.0000 0.0113 0.0000 
0.1118 0.0010 0.8451 0.0421 
0.4431 0.3600 0.0574 0.1395 
0.2800 0.2338 0.2523 0.2338 

MOTIF filter13 
letter-probability matrix: alength= 4 w= 14 nsites= 14 
0.2401 0.2619 0.2679 0.2302 
0.2738 0.0813 0.5635 0.0813 
0.1448 0.0000 0.7460 0.1091 
0.2202 0.0000 0.7798 0.0000 
0.0000 0.0000 1.0000 0.0000 
0.0000 0.0000 1.0000 0.0000 
0.3095 0.5238 0.0000 0.1667 
0.0000 0.0000 1.0000 0.0000 
0.0000 0.0000 1.0000 0.0000 
0.2163 0.0000 0.7778 0.0060 
0.2401 0.0476 0.7123 0.0000 
0.1905 0.5040 0.1944 0.1111 
0.2579 0.2044 0.2996 0.2381 
0.2421 0.2937 0.2103 0.2540 

MOTIF filter14 
letter-probability matrix: alength= 4 w= 14 nsites= 14 
0.2435 0.2214 0.2804 0.2546 
0.2620 0.1919 0.2620 0.2841 
0.0037 0.8967 0.0996 0.0000 
0.0332 0.9668 0.0000 0.0000 
0.0000 0.0000 1.0000 0.0000 
0.0000 0.0000 1.0000 0.0000 
1.0000 0.0000 0.0000 0.0000 
1.0000 0.0000 0.0000 0.0000 
0.0258 0.0000 0.9742 0.0000 
0.0037 0.2768 0.0037 0.7159 
0.1845 0.0517 0.7454 0.0185 
0.2620 0.2472 0.4539 0.0369 
0.2214 0.3911 0.2214 0.1661 
0.1919 0.2915 0.2362 0.2804 

MOTIF filter15 
letter-probability matrix: alength= 4 w= 12 nsites= 12 
0.2569 0.2386 0.2483 0.2562 
0.2432 0.2249 0.2685 0.2634 
0.2013 0.2516 0.1936 0.3535 
0.0253 0.0628 0.0342 0.8777 
0.0287 0.0275 0.1069 0.8370 
0.2020 0.7106 0.0470 0.0405 
0.0763 0.6000 0.0159 0.3077 
0.2507 0.2353 0.2697 0.2444 
0.2926 0.0084 0.6398 0.0592 
0.0607 0.0433 0.7159 0.1801 
0.8370 0.1086 0.0313 0.0231 
0.8820 0.0419 0.0648 0.0113 

MOTIF filter16 
letter-probability matrix: alength= 4 w= 14 nsites= 14 
0.2523 0.2508 0.2487 0.2482 
0.2620 0.2576 0.2271 0.2533 
0.4026 0.1926 0.3376 0.0672 
0.0347 0.0473 0.0448 0.8732 
0.0273 0.0394 0.1943 0.7390 
0.3113 0.0292 0.4669 0.1926 
0.1016 0.6030 0.0831 0.2123 
0.2276 0.0737 0.6065 0.0922 
0.1904 0.4950 0.0203 0.2943 
0.7265 0.1940 0.0316 0.0479 
0.8678 0.0522 0.0487 0.0314 
0.0858 0.3162 0.1934 0.4047 
0.2402 0.2639 0.2499 0.2460 
0.2488 0.2304 0.2528 0.2680 

MOTIF filter17 
letter-probability matrix: alength= 4 w= 13 nsites= 13 
0.2056 0.2995 0.2437 0.2513 
0.0000 0.8452 0.1548 0.0000 
0.0152 0.9848 0.0000 0.0000 
0.0000 0.0000 1.0000 0.0000 
0.0000 0.0000 1.0000 0.0000 
1.0000 0.0000 0.0000 0.0000 
1.0000 0.0000 0.0000 0.0000 
0.0685 0.0508 0.8807 0.0000 
0.0254 0.3071 0.0152 0.6523 
0.1599 0.1497 0.6294 0.0609 
0.2716 0.2563 0.4619 0.0102 
0.2259 0.3477 0.2513 0.1751 
0.2030 0.3249 0.2487 0.2234 

MOTIF filter18 
letter-probability matrix: alength= 4 w= 14 nsites= 14 
0.4028 0.0455 0.1489 0.4028 
0.4816 0.1173 0.1821 0.2189 
0.4238 0.2382 0.1243 0.2137 
0.8021 0.0701 0.1278 0.0000 
0.0105 0.2942 0.6305 0.0648 
0.1436 0.8249 0.0315 0.0000 
0.0525 0.0158 0.0070 0.9247 
0.0403 0.0088 0.8511 0.0998 
0.8897 0.0245 0.0088 0.0771 
0.0315 0.5096 0.2627 0.1961 
0.2504 0.0893 0.0560 0.6042 
0.0665 0.5254 0.2469 0.1611 
0.4308 0.0911 0.2715 0.2067 
0.1401 0.3345 0.1926 0.3327 

MOTIF filter19 
letter-probability matrix: alength= 4 w= 16 nsites= 16 
0.2294 0.2441 0.2412 0.2853 
0.2147 0.3029 0.2735 0.2088 
0.2735 0.2529 0.2000 0.2735 
0.1412 0.7559 0.0824 0.0206 
0.9971 0.0000 0.0029 0.0000 
0.9588 0.0059 0.0353 0.0000 
0.4324 0.0559 0.4912 0.0206 
1.0000 0.0000 0.0000 0.0000 
0.0000 0.0000 0.0000 1.0000 
0.0000 0.0000 1.0000 0.0000 
0.0000 0.0000 1.0000 0.0000 
0.0647 0.8382 0.0000 0.0971 
0.1029 0.2088 0.4265 0.2618 
0.0794 0.1000 0.7500 0.0706 
0.1324 0.7618 0.0206 0.0853 
0.2706 0.2529 0.2176 0.2588 

MOTIF filter20 
letter-probability matrix: alength= 4 w= 12 nsites= 12 
0.2562 0.2607 0.2524 0.2307 
0.2667 0.2562 0.2209 0.2562 
0.2569 0.2352 0.2201 0.2878 
1.0000 0.0000 0.0000 0.0000 
0.0000 0.0000 0.0000 1.0000 
0.0000 0.3328 0.0000 0.6672 
1.0000 0.0000 0.0000 0.0000 
1.0000 0.0000 0.0000 0.0000 
0.6191 0.0000 0.0008 0.3802 
0.2787 0.2374 0.2329 0.2509 
0.2494 0.2344 0.2720 0.2442 
0.2314 0.2697 0.2442 0.2547 

MOTIF filter21 
letter-probability matrix: alength= 4 w= 17 nsites= 17 
0.2445 0.2885 0.2555 0.2115 
0.2418 0.2390 0.2665 0.2527 
0.1126 0.0192 0.6731 0.1951 
0.0824 0.6896 0.1154 0.1126 
0.2802 0.3242 0.2582 0.1374 
0.0797 0.0027 0.7940 0.1236 
0.0000 1.0000 0.0000 0.0000 
0.0000 1.0000 0.0000 0.0000 
1.0000 0.0000 0.0000 0.0000 
0.0000 0.0000 0.0000 1.0000 
0.0165 0.4423 0.1593 0.3819 
0.0000 0.0000 0.0000 1.0000 
0.0000 0.0055 0.0000 0.9945 
0.0797 0.0687 0.7033 0.1484 
0.3022 0.2033 0.2445 0.2500 
0.1896 0.3159 0.2555 0.2390 
0.2500 0.2582 0.2473 0.2445 

MOTIF filter22 
letter-probability matrix: alength= 4 w= 14 nsites= 14 
0.1702 0.2028 0.3683 0.2587 
0.0373 0.4499 0.2541 0.2587 
0.0909 0.6177 0.1329 0.1585 
0.6480 0.0163 0.2984 0.0373 
0.0000 0.9324 0.0117 0.0559 
0.0000 0.0000 0.0000 1.0000 
0.0000 0.0000 0.0000 1.0000 
0.0000 1.0000 0.0000 0.0000 
0.0000 1.0000 0.0000 0.0000 
0.0000 0.0000 0.9604 0.0396 
0.0000 0.1655 0.8182 0.0163 
0.2564 0.1935 0.2681 0.2821 
0.2751 0.2378 0.2354 0.2517 
0.2890 0.2168 0.2354 0.2587 

MOTIF filter23 
letter-probability matrix: alength= 4 w= 16 nsites= 16 
0.4347 0.3017 0.1449 0.1188 
0.4822 0.1805 0.1116 0.2257 
0.2067 0.6128 0.0713 0.1093 
0.0808 0.0570 0.0333 0.8290 
0.1449 0.1306 0.6770 0.0475 
0.8860 0.0000 0.0071 0.1069 
0.0048 0.0143 0.1544 0.8266 
0.0000 0.0000 0.0000 1.0000 
0.0570 0.1734 0.7696 0.0000 
0.5059 0.0190 0.4751 0.0000 
0.0950 0.3064 0.1306 0.4679 
0.0855 0.3230 0.0879 0.5036 
0.0071 0.5914 0.2209 0.1805 
0.6247 0.1496 0.1615 0.0641 
0.1686 0.0831 0.3587 0.3895 
0.1853 0.1591 0.2827 0.3729 

MOTIF filter24 
letter-probability matrix: alength= 4 w= 14 nsites= 14 
0.3210 0.2416 0.1093 0.3280 
0.4762 0.0053 0.2681 0.2504 
0.3404 0.0511 0.0829 0.5256 
0.5026 0.0282 0.0018 0.4674 
0.3721 0.1393 0.1199 0.3686 
0.1182 0.0000 0.1940 0.6878 
0.0000 0.0317 0.9012 0.0670 
0.3545 0.6384 0.0018 0.0053 
0.0000 0.0000 0.2205 0.7795 
0.0459 0.0265 0.8783 0.0494 
0.0000 0.2152 0.0741 0.7108 
0.1111 0.2646 0.2575 0.3668 
0.4780 0.1887 0.0229 0.3104 
0.2293 0.2293 0.1499 0.3915 

MOTIF filter25 
letter-probability matrix: alength= 4 w= 15 nsites= 15 
0.2429 0.2283 0.2302 0.2986 
0.2292 0.2485 0.2901 0.2321 
0.2188 0.1572 0.2770 0.3469 
0.1402 0.6296 0.0414 0.1888 
0.0249 0.1965 0.0457 0.7330 
0.8867 0.0405 0.0443 0.0285 
0.3103 0.0341 0.0730 0.5825 
0.4987 0.0345 0.0302 0.4365 
0.4244 0.0291 0.0310 0.5155 
0.6272 0.0462 0.0264 0.3001 
0.0478 0.0516 0.0709 0.8297 
0.7342 0.0347 0.1980 0.0331 
0.1896 0.0541 0.6409 0.1154 
0.3273 0.2945 0.1620 0.2161 
0.2335 0.2874 0.2527 0.2264 

MOTIF filter26 
letter-probability matrix: alength= 4 w= 13 nsites= 13 
0.5437 0.0550 0.2201 0.1812 
0.3657 0.1003 0.2524 0.2816 
0.2362 0.4466 0.0518 0.2654 
0.0841 0.7702 0.0615 0.0841 
0.0032 0.0162 0.4951 0.4854 
0.0065 0.0518 0.9385 0.0032 
0.6408 0.3560 0.0000 0.0032 
1.0000 0.0000 0.0000 0.0000 
0.0097 0.0097 0.9741 0.0065 
0.6472 0.1845 0.0194 0.1489 
0.2977 0.2751 0.2589 0.1683 
0.0615 0.3722 0.1845 0.3819 
0.1650 0.3366 0.1909 0.3074 

MOTIF filter27 
letter-probability matrix: alength= 4 w= 11 nsites= 11 
0.1922 0.2778 0.2337 0.2963 
0.2557 0.2275 0.2690 0.2478 
0.2557 0.2504 0.2055 0.2884 
0.2496 0.0000 0.0000 0.7504 
0.0000 0.0000 0.0000 1.0000 
0.0000 0.0000 0.0000 1.0000 
0.5150 0.0000 0.4074 0.0776 
1.0000 0.0000 0.0000 0.0000 
0.0000 0.0000 0.0000 1.0000 
0.2002 0.2804 0.2522 0.2672 
0.1984 0.2690 0.2425 0.2901 

MOTIF filter28 
letter-probability matrix: alength= 4 w= 20 nsites= 20 
0.2500 0.3125 0.2500 0.1875 
0.0625 0.0625 0.8125 0.0625 
0.6250 0.0000 0.0000 0.3750 
0.0000 0.8750 0.1250 0.0000 
0.2500 0.0000 0.1875 0.5625 
0.0625 0.1875 0.0000 0.7500 
0.3750 0.0000 0.1250 0.5000 
0.0000 0.6250 0.0000 0.3750 
0.0000 1.0000 0.0000 0.0000 
0.0000 0.0000 0.0000 1.0000 
0.1875 0.2500 0.5625 0.0000 
0.0000 0.0000 0.8750 0.1250 
0.5625 0.1875 0.0000 0.2500 
0.8750 0.0000 0.1250 0.0000 
0.3125 0.1875 0.0000 0.5000 
0.0625 0.6250 0.3125 0.0000 
0.0625 0.5000 0.3125 0.1250 
0.0625 0.5000 0.1250 0.3125 
0.5625 0.0000 0.2500 0.1875 
0.0000 0.4375 0.3125 0.2500 

MOTIF filter29 
letter-probability matrix: alength= 4 w= 20 nsites= 20 
0.2869 0.2313 0.2414 0.2404 
0.1707 0.0818 0.0495 0.6980 
0.0343 0.1000 0.6465 0.2192 
0.4061 0.3848 0.0768 0.1323 
0.0020 0.9838 0.0121 0.0020 
0.0010 0.9737 0.0051 0.0202 
0.8111 0.0111 0.0141 0.1636 
0.0232 0.0000 0.0040 0.9727 
0.9606 0.0081 0.0020 0.0293 
0.0101 0.0081 0.0010 0.9808 
0.9566 0.0172 0.0000 0.0263 
0.1667 0.0101 0.0030 0.8202 
0.0101 0.0162 0.9737 0.0000 
0.0040 0.0051 0.9869 0.0040 
0.1081 0.0848 0.3939 0.4131 
0.2343 0.6242 0.0980 0.0434 
0.7051 0.0343 0.0788 0.1818 
0.2424 0.2717 0.2364 0.2495 
0.2303 0.2616 0.2636 0.2444 
0.2384 0.2354 0.2646 0.2616 

MOTIF filter30 
letter-probability matrix: alength= 4 w= 12 nsites= 12 
0.2842 0.2534 0.1986 0.2637 
0.2688 0.2637 0.2568 0.2106 
0.3031 0.2757 0.2260 0.1952 
0.0000 0.0000 0.0000 1.0000 
0.0000 0.0000 0.0000 1.0000 
0.0000 0.0000 0.0000 1.0000 
0.6558 0.0000 0.3442 0.0000 
1.0000 0.0000 0.0000 0.0000 
0.0000 0.0000 0.0000 1.0000 
0.2654 0.2449 0.2106 0.2791 
0.2825 0.2637 0.2277 0.2260 
0.2620 0.1935 0.3014 0.2432 

MOTIF filter31 
letter-probability matrix: alength= 4 w= 14 nsites= 14 
0.2245 0.2684 0.2530 0.2542 
0.2482 0.2660 0.2387 0.2470 
0.2352 0.2494 0.2577 0.2577 
0.0629 0.6390 0.1496 0.1485 
0.0083 0.2458 0.0297 0.7162 
0.0451 0.2910 0.5819 0.0819 
0.9691 0.0143 0.0048 0.0119 
0.0178 0.0071 0.0036 0.9715 
0.0214 0.0119 0.0048 0.9620 
0.0166 0.0190 0.9596 0.0048 
0.0083 0.0071 0.9810 0.0036 
0.0998 0.3979 0.0356 0.4667 
0.0368 0.3990 0.1900 0.3741 
0.2328 0.3824 0.2827 0.1021 

