MEME version 4

ALPHABET= ACGT

Background letter frequencies:
A 0.2500 C 0.2500 G 0.2500 T 0.2500 

MOTIF filter0 
letter-probability matrix: alength= 4 w= 14 nsites= 14 
0.2569 0.2068 0.3021 0.2342 
0.5493 0.0743 0.1535 0.2229 
0.2019 0.3005 0.4168 0.0808 
0.0000 0.0032 0.0000 0.9968 
0.0598 0.9386 0.0000 0.0016 
1.0000 0.0000 0.0000 0.0000 
0.0000 0.0000 0.9079 0.0921 
0.0000 1.0000 0.0000 0.0000 
0.9645 0.0000 0.0000 0.0355 
0.4120 0.1793 0.1519 0.2569 
0.4103 0.0759 0.0291 0.4847 
0.3619 0.1018 0.0339 0.5024 
0.3150 0.1454 0.0646 0.4750 
0.2779 0.2342 0.2423 0.2456 

MOTIF filter1 
letter-probability matrix: alength= 4 w= 19 nsites= 19 
0.2638 0.2475 0.2422 0.2465 
0.1653 0.2379 0.5749 0.0220 
0.0832 0.4069 0.1657 0.3443 
0.0915 0.0030 0.6307 0.2748 
0.0512 0.3187 0.1018 0.5283 
0.3729 0.2841 0.1055 0.2375 
0.3619 0.2162 0.1617 0.2601 
0.0546 0.3007 0.4741 0.1707 
0.5882 0.3147 0.0436 0.0536 
0.1743 0.2102 0.4814 0.1341 
0.0892 0.3397 0.4371 0.1341 
0.6860 0.0442 0.0306 0.2392 
0.2705 0.3387 0.0998 0.2911 
0.1460 0.1813 0.1963 0.4764 
0.0998 0.4531 0.0047 0.4424 
0.0399 0.7898 0.0758 0.0945 
0.0186 0.3759 0.3343 0.2711 
0.2512 0.1830 0.3752 0.1906 
0.4421 0.1820 0.0582 0.3177 

MOTIF filter2 
letter-probability matrix: alength= 4 w= 11 nsites= 11 
0.2633 0.2306 0.2476 0.2585 
0.2696 0.2678 0.2142 0.2483 
0.4444 0.1690 0.3799 0.0067 
0.0363 0.0639 0.0624 0.8375 
0.0305 0.0342 0.1850 0.7504 
0.3045 0.0233 0.4789 0.1933 
0.1168 0.5577 0.1178 0.2077 
0.2152 0.0892 0.5923 0.1033 
0.1902 0.4619 0.0191 0.3289 
0.7003 0.2096 0.0366 0.0536 
0.8637 0.0397 0.0628 0.0337 

MOTIF filter3 
letter-probability matrix: alength= 4 w= 18 nsites= 18 
0.2333 0.2606 0.2364 0.2697 
0.2303 0.3061 0.2364 0.2273 
0.2758 0.2545 0.2152 0.2545 
0.1667 0.6606 0.1182 0.0545 
0.9970 0.0000 0.0030 0.0000 
0.9879 0.0000 0.0091 0.0030 
0.4455 0.0545 0.5000 0.0000 
1.0000 0.0000 0.0000 0.0000 
0.0000 0.0000 0.0000 1.0000 
0.0000 0.0000 1.0000 0.0000 
0.0000 0.0000 1.0000 0.0000 
0.0727 0.8697 0.0000 0.0576 
0.1424 0.1879 0.4091 0.2606 
0.0848 0.0788 0.7636 0.0727 
0.1394 0.7606 0.0303 0.0697 
0.2424 0.2576 0.2121 0.2879 
0.2394 0.2515 0.3000 0.2091 
0.2545 0.2303 0.2758 0.2394 

MOTIF filter4 
letter-probability matrix: alength= 4 w= 14 nsites= 14 
0.1839 0.1896 0.1195 0.5069 
0.1020 0.1448 0.5012 0.2520 
0.3283 0.3418 0.1631 0.1668 
0.0330 0.8552 0.0559 0.0559 
0.0302 0.8157 0.0812 0.0730 
0.6358 0.0522 0.0665 0.2455 
0.1419 0.0249 0.0294 0.8038 
0.8699 0.0502 0.0396 0.0404 
0.0155 0.0469 0.0600 0.8777 
0.8308 0.0379 0.0257 0.1056 
0.2484 0.0604 0.0555 0.6358 
0.0869 0.0742 0.8071 0.0318 
0.0424 0.0620 0.8532 0.0424 
0.1717 0.1366 0.3373 0.3544 

MOTIF filter5 
letter-probability matrix: alength= 4 w= 15 nsites= 15 
0.2849 0.2475 0.2151 0.2525 
0.2701 0.2466 0.2377 0.2456 
0.1483 0.2132 0.1582 0.4804 
0.0000 0.0069 0.0000 0.9931 
0.0000 0.0000 0.0196 0.9804 
0.0835 0.9145 0.0000 0.0020 
0.0206 0.7623 0.0000 0.2171 
0.2593 0.2230 0.2417 0.2760 
0.2181 0.0000 0.7652 0.0167 
0.0000 0.0010 0.9086 0.0904 
0.9912 0.0088 0.0000 0.0000 
1.0000 0.0000 0.0000 0.0000 
0.5010 0.1415 0.2102 0.1473 
0.2436 0.2731 0.2417 0.2417 
0.2633 0.2338 0.2534 0.2495 

MOTIF filter6 
letter-probability matrix: alength= 4 w= 15 nsites= 15 
0.2752 0.2248 0.2403 0.2597 
0.2461 0.2810 0.2229 0.2500 
0.4671 0.0426 0.1434 0.3469 
0.5930 0.0310 0.0717 0.3043 
0.4341 0.0136 0.0562 0.4961 
0.2849 0.1686 0.1705 0.3760 
0.0233 0.0000 0.0000 0.9767 
0.0000 0.0019 0.9981 0.0000 
0.0853 0.9147 0.0000 0.0000 
0.0000 0.0000 0.0000 1.0000 
0.0000 0.0000 0.9651 0.0349 
0.9942 0.0000 0.0058 0.0000 
0.0523 0.4651 0.3159 0.1667 
0.2035 0.1434 0.0833 0.5698 
0.2035 0.3682 0.1221 0.3062 

MOTIF filter7 
letter-probability matrix: alength= 4 w= 12 nsites= 12 
0.2547 0.2381 0.2360 0.2713 
0.2334 0.2251 0.3052 0.2362 
0.3373 0.2710 0.3000 0.0917 
0.0519 0.0507 0.0606 0.8368 
0.0274 0.0328 0.7509 0.1888 
0.8476 0.0409 0.0568 0.0546 
0.1123 0.3862 0.3951 0.1064 
0.0597 0.0546 0.0504 0.8354 
0.1767 0.7464 0.0395 0.0373 
0.8510 0.0454 0.0535 0.0501 
0.0906 0.3079 0.2754 0.3262 
0.2292 0.3001 0.2306 0.2400 

MOTIF filter8 
letter-probability matrix: alength= 4 w= 13 nsites= 13 
0.2907 0.2602 0.2459 0.2033 
0.2805 0.2764 0.2256 0.2175 
0.0874 0.1951 0.4756 0.2419 
0.0000 0.7642 0.0346 0.2012 
0.0041 0.8008 0.0000 0.1951 
0.0000 1.0000 0.0000 0.0000 
0.0000 1.0000 0.0000 0.0000 
0.1159 0.0000 0.5793 0.3049 
0.0000 1.0000 0.0000 0.0000 
0.0000 1.0000 0.0000 0.0000 
0.0000 0.7825 0.0000 0.2175 
0.1016 0.7581 0.0000 0.1402 
0.0488 0.5996 0.0752 0.2764 

MOTIF filter9 
letter-probability matrix: alength= 4 w= 15 nsites= 15 
0.2544 0.2392 0.2448 0.2616 
0.2687 0.2326 0.2423 0.2564 
0.2153 0.2428 0.1933 0.3485 
0.0336 0.0992 0.0367 0.8304 
0.0349 0.0411 0.1184 0.8056 
0.2281 0.6322 0.0496 0.0901 
0.0919 0.5794 0.0150 0.3136 
0.2340 0.2588 0.2569 0.2504 
0.2953 0.0158 0.6019 0.0870 
0.0555 0.0420 0.6947 0.2078 
0.7932 0.1169 0.0530 0.0369 
0.8496 0.0567 0.0616 0.0321 
0.3812 0.1767 0.2352 0.2068 
0.2443 0.2536 0.2301 0.2719 
0.2474 0.2507 0.2673 0.2346 

MOTIF filter10 
letter-probability matrix: alength= 4 w= 15 nsites= 15 
0.2231 0.2151 0.2876 0.2742 
0.2608 0.1640 0.3360 0.2392 
0.1048 0.2473 0.5457 0.1022 
0.2688 0.0376 0.6774 0.0161 
0.0430 0.0000 0.9489 0.0081 
0.2016 0.0027 0.7903 0.0054 
0.0000 0.0242 0.9758 0.0000 
0.1425 0.0538 0.8038 0.0000 
0.1183 0.4274 0.3737 0.0806 
0.0000 0.0000 0.9597 0.0403 
0.0618 0.0457 0.8790 0.0134 
0.2473 0.0027 0.7366 0.0134 
0.2339 0.0618 0.6909 0.0134 
0.1237 0.4328 0.2823 0.1613 
0.3629 0.2688 0.2043 0.1640 

MOTIF filter11 
letter-probability matrix: alength= 4 w= 18 nsites= 18 
0.2750 0.2321 0.2500 0.2429 
0.2250 0.2929 0.2393 0.2429 
0.2500 0.2321 0.2857 0.2321 
0.1536 0.0214 0.6857 0.1393 
0.0464 0.7214 0.1036 0.1286 
0.2643 0.3679 0.2429 0.1250 
0.0464 0.0000 0.8464 0.1071 
0.0000 1.0000 0.0000 0.0000 
0.0000 1.0000 0.0000 0.0000 
1.0000 0.0000 0.0000 0.0000 
0.0000 0.0000 0.0000 1.0000 
0.0107 0.5071 0.1679 0.3143 
0.0036 0.0000 0.0000 0.9964 
0.0000 0.0000 0.0000 1.0000 
0.0607 0.0643 0.7714 0.1036 
0.2964 0.2500 0.1821 0.2714 
0.2000 0.3036 0.2571 0.2393 
0.1964 0.3000 0.2321 0.2714 

MOTIF filter12 
letter-probability matrix: alength= 4 w= 13 nsites= 13 
0.1695 0.3477 0.1992 0.2835 
0.1648 0.1657 0.2184 0.4511 
0.1801 0.2701 0.1695 0.3803 
0.0096 0.8333 0.1571 0.0000 
0.0421 0.9444 0.0096 0.0038 
0.0000 0.0029 0.9713 0.0259 
0.0000 0.0393 0.9559 0.0048 
0.8755 0.0297 0.0565 0.0383 
0.9100 0.0335 0.0297 0.0268 
0.1715 0.1044 0.6925 0.0316 
0.0929 0.3084 0.0843 0.5144 
0.2050 0.1791 0.5192 0.0967 
0.2423 0.2557 0.3860 0.1159 

MOTIF filter13 
letter-probability matrix: alength= 4 w= 12 nsites= 12 
0.2110 0.3830 0.1814 0.2246 
0.0589 0.0480 0.0576 0.8354 
0.8368 0.0792 0.0307 0.0533 
0.3350 0.0261 0.0408 0.5980 
0.4820 0.0171 0.0291 0.4719 
0.5135 0.0091 0.0517 0.4257 
0.6119 0.0384 0.0147 0.3350 
0.0275 0.0624 0.0307 0.8794 
0.8866 0.0619 0.0179 0.0336 
0.2321 0.0371 0.5908 0.1400 
0.3964 0.3043 0.1280 0.1712 
0.2702 0.2161 0.2673 0.2465 

MOTIF filter14 
letter-probability matrix: alength= 4 w= 13 nsites= 13 
0.2493 0.2371 0.2564 0.2572 
0.2300 0.1686 0.3845 0.2169 
0.3924 0.2072 0.3635 0.0369 
0.0000 0.0000 0.0000 1.0000 
0.0000 0.0000 0.9728 0.0272 
1.0000 0.0000 0.0000 0.0000 
0.0263 0.4864 0.4794 0.0079 
0.0000 0.0000 0.0000 1.0000 
0.0237 0.9763 0.0000 0.0000 
1.0000 0.0000 0.0000 0.0000 
0.0272 0.3371 0.2397 0.3960 
0.2160 0.3608 0.1932 0.2300 
0.2476 0.2169 0.2792 0.2564 

MOTIF filter15 
letter-probability matrix: alength= 4 w= 14 nsites= 14 
0.1596 0.2042 0.3756 0.2606 
0.0141 0.4812 0.2441 0.2606 
0.0962 0.5915 0.1455 0.1667 
0.6667 0.0211 0.2793 0.0329 
0.0000 0.9202 0.0164 0.0634 
0.0000 0.0000 0.0000 1.0000 
0.0000 0.0000 0.0000 1.0000 
0.0000 1.0000 0.0000 0.0000 
0.0000 1.0000 0.0000 0.0000 
0.0000 0.0000 0.9554 0.0446 
0.0000 0.1690 0.8216 0.0094 
0.2653 0.1808 0.2770 0.2770 
0.2793 0.2277 0.2465 0.2465 
0.2793 0.2300 0.2300 0.2606 

MOTIF filter16 
letter-probability matrix: alength= 4 w= 18 nsites= 18 
0.2480 0.2398 0.2317 0.2805 
0.2927 0.2561 0.2724 0.1789 
0.2154 0.2764 0.2764 0.2317 
0.0976 0.0081 0.7073 0.1870 
0.0813 0.8130 0.0854 0.0203 
0.2846 0.3821 0.2358 0.0976 
0.0325 0.0000 0.8943 0.0732 
0.0000 1.0000 0.0000 0.0000 
0.0000 1.0000 0.0000 0.0000 
1.0000 0.0000 0.0000 0.0000 
0.0000 0.0041 0.0000 0.9959 
0.0081 0.5691 0.0894 0.3333 
0.0000 0.0691 0.0000 0.9309 
0.0000 0.0122 0.0000 0.9878 
0.0813 0.1016 0.7480 0.0691 
0.2561 0.2439 0.2439 0.2561 
0.2398 0.2276 0.2439 0.2886 
0.2846 0.3049 0.2154 0.1951 

MOTIF filter17 
letter-probability matrix: alength= 4 w= 20 nsites= 20 
0.1800 0.1600 0.2600 0.4000 
0.7000 0.2400 0.0200 0.0400 
0.0200 0.3200 0.3200 0.3400 
0.0000 0.0400 0.8600 0.1000 
0.0800 0.1800 0.5000 0.2400 
0.0000 0.4600 0.0000 0.5400 
0.0800 0.0000 0.9200 0.0000 
0.1800 0.2000 0.4400 0.1800 
0.1200 0.5400 0.3400 0.0000 
0.2000 0.1400 0.3600 0.3000 
0.0600 0.1200 0.3400 0.4800 
0.2200 0.6000 0.1800 0.0000 
0.0000 0.9400 0.0600 0.0000 
0.1000 0.2200 0.2000 0.4800 
0.6200 0.0000 0.3800 0.0000 
0.5000 0.2000 0.0400 0.2600 
0.0000 0.0000 0.0000 1.0000 
0.4400 0.4200 0.1400 0.0000 
0.0000 0.3200 0.5200 0.1600 
0.0800 0.2000 0.6200 0.1000 

MOTIF filter18 
letter-probability matrix: alength= 4 w= 16 nsites= 16 
0.2324 0.2293 0.2277 0.3105 
0.2322 0.2551 0.2767 0.2360 
0.2077 0.1653 0.2924 0.3346 
0.1291 0.6705 0.0233 0.1771 
0.0251 0.1900 0.0681 0.7168 
0.8645 0.0506 0.0781 0.0068 
0.3197 0.0652 0.0830 0.5321 
0.5023 0.0547 0.0309 0.4121 
0.4774 0.0346 0.0390 0.4490 
0.6314 0.0497 0.0391 0.2798 
0.0391 0.0534 0.0778 0.8297 
0.6827 0.0450 0.2114 0.0610 
0.2119 0.0522 0.6319 0.1040 
0.3222 0.2968 0.1794 0.2017 
0.2329 0.2855 0.2510 0.2306 
0.3062 0.2303 0.2324 0.2311 

MOTIF filter19 
letter-probability matrix: alength= 4 w= 15 nsites= 15 
0.1649 0.0515 0.5567 0.2268 
0.2386 0.4138 0.1753 0.1723 
0.2946 0.4212 0.2003 0.0839 
0.3888 0.0000 0.6038 0.0074 
0.3844 0.6053 0.0103 0.0000 
0.1944 0.6215 0.1841 0.0000 
1.0000 0.0000 0.0000 0.0000 
0.0000 0.0000 0.0000 1.0000 
0.0015 0.1723 0.6244 0.2018 
0.0000 0.0044 0.5214 0.4742 
0.0309 0.3594 0.0044 0.6053 
0.0412 0.1443 0.6480 0.1664 
0.1060 0.1811 0.5773 0.1355 
0.2415 0.4507 0.1311 0.1767 
0.3505 0.1811 0.2504 0.2180 

MOTIF filter20 
letter-probability matrix: alength= 4 w= 12 nsites= 12 
0.2510 0.2545 0.2586 0.2359 
0.3391 0.2239 0.2602 0.1768 
0.2472 0.2947 0.2752 0.1829 
0.0978 0.7848 0.0575 0.0599 
0.7483 0.0316 0.1415 0.0786 
0.0665 0.6677 0.0467 0.2190 
0.2111 0.0516 0.6767 0.0607 
0.0862 0.1518 0.0408 0.7212 
0.0463 0.0628 0.7867 0.1042 
0.1930 0.2749 0.2937 0.2384 
0.1966 0.2719 0.2049 0.3266 
0.2497 0.2492 0.2519 0.2492 

MOTIF filter21 
letter-probability matrix: alength= 4 w= 13 nsites= 13 
0.0900 0.4244 0.2251 0.2605 
0.0772 0.6174 0.1383 0.1672 
0.6977 0.0000 0.2830 0.0193 
0.0000 0.9518 0.0032 0.0450 
0.0000 0.0000 0.0000 1.0000 
0.0000 0.0000 0.0000 1.0000 
0.0000 1.0000 0.0000 0.0000 
0.0161 0.9839 0.0000 0.0000 
0.0000 0.0000 0.9839 0.0161 
0.0032 0.1479 0.8199 0.0289 
0.1994 0.2219 0.2315 0.3473 
0.1158 0.2733 0.2830 0.3280 
0.2765 0.2122 0.2122 0.2990 

MOTIF filter22 
letter-probability matrix: alength= 4 w= 17 nsites= 17 
0.2249 0.2461 0.2617 0.2673 
0.2105 0.2784 0.2773 0.2339 
0.2873 0.2416 0.2294 0.2416 
0.1693 0.0702 0.0457 0.7149 
0.0345 0.0891 0.6548 0.2216 
0.4098 0.3898 0.0746 0.1258 
0.0033 0.9855 0.0100 0.0011 
0.0000 0.9911 0.0022 0.0067 
0.8252 0.0033 0.0089 0.1626 
0.0234 0.0000 0.0011 0.9755 
0.9944 0.0033 0.0022 0.0000 
0.0000 0.0022 0.0011 0.9967 
0.9833 0.0011 0.0000 0.0156 
0.1604 0.0067 0.0022 0.8307 
0.0033 0.0100 0.9866 0.0000 
0.0011 0.0022 0.9933 0.0033 
0.1091 0.0657 0.3853 0.4399 

MOTIF filter23 
letter-probability matrix: alength= 4 w= 13 nsites= 13 
0.4610 0.1525 0.3107 0.0757 
0.0000 0.0000 0.0000 1.0000 
0.0000 0.0000 0.0475 0.9525 
0.3028 0.0000 0.6226 0.0746 
0.0023 0.9130 0.0000 0.0847 
0.0893 0.0023 0.8994 0.0090 
0.0746 0.6881 0.0000 0.2373 
0.9740 0.0260 0.0000 0.0000 
1.0000 0.0000 0.0000 0.0000 
0.0000 0.3729 0.1085 0.5186 
0.2814 0.2565 0.2565 0.2056 
0.2373 0.2169 0.2689 0.2768 
0.2508 0.2226 0.2814 0.2452 

MOTIF filter24 
letter-probability matrix: alength= 4 w= 13 nsites= 13 
0.2675 0.2150 0.2150 0.3025 
0.2625 0.2100 0.2825 0.2450 
0.2200 0.2900 0.2625 0.2275 
0.0175 0.8325 0.1500 0.0000 
0.0500 0.9500 0.0000 0.0000 
0.0000 0.0000 1.0000 0.0000 
0.0000 0.0000 1.0000 0.0000 
1.0000 0.0000 0.0000 0.0000 
1.0000 0.0000 0.0000 0.0000 
0.0500 0.0075 0.9425 0.0000 
0.0325 0.2950 0.0075 0.6650 
0.1750 0.1125 0.6450 0.0675 
0.2600 0.2550 0.4525 0.0325 

MOTIF filter25 
letter-probability matrix: alength= 4 w= 16 nsites= 16 
0.2622 0.2697 0.2022 0.2659 
0.1086 0.7528 0.0936 0.0449 
1.0000 0.0000 0.0000 0.0000 
0.9850 0.0000 0.0150 0.0000 
0.4307 0.0674 0.4644 0.0375 
1.0000 0.0000 0.0000 0.0000 
0.0000 0.0000 0.0000 1.0000 
0.0000 0.0000 1.0000 0.0000 
0.0000 0.0000 1.0000 0.0000 
0.0449 0.9064 0.0000 0.0487 
0.1011 0.2022 0.4419 0.2547 
0.0562 0.0637 0.8090 0.0712 
0.1199 0.7978 0.0075 0.0749 
0.2584 0.1760 0.2434 0.3221 
0.2172 0.2397 0.3146 0.2285 
0.2472 0.2772 0.3034 0.1723 

MOTIF filter26 
letter-probability matrix: alength= 4 w= 11 nsites= 11 
0.2476 0.2658 0.2326 0.2540 
0.2572 0.2390 0.2385 0.2654 
0.6523 0.0000 0.0000 0.3477 
0.0000 0.0000 0.0000 1.0000 
0.0000 0.1224 0.0000 0.8776 
0.8398 0.0000 0.1602 0.0000 
1.0000 0.0000 0.0000 0.0000 
0.3282 0.0000 0.0000 0.6718 
0.2581 0.2371 0.2412 0.2635 
0.2585 0.2390 0.2594 0.2431 
0.2563 0.2513 0.2399 0.2526 

MOTIF filter27 
letter-probability matrix: alength= 4 w= 17 nsites= 17 
0.2818 0.2424 0.2273 0.2485 
0.2273 0.2455 0.2394 0.2879 
0.2606 0.2273 0.2606 0.2515 
0.2879 0.0424 0.6091 0.0606 
0.1303 0.0000 0.7667 0.1030 
0.2152 0.0000 0.7848 0.0000 
0.0000 0.0000 1.0000 0.0000 
0.0000 0.0000 1.0000 0.0000 
0.2636 0.5879 0.0000 0.1485 
0.0000 0.0000 1.0000 0.0000 
0.0000 0.0000 1.0000 0.0000 
0.1636 0.0000 0.8364 0.0000 
0.1636 0.0000 0.8364 0.0000 
0.1939 0.6212 0.1515 0.0333 
0.2818 0.2091 0.2939 0.2152 
0.2364 0.2909 0.2242 0.2485 
0.2515 0.2576 0.2515 0.2394 

MOTIF filter28 
letter-probability matrix: alength= 4 w= 20 nsites= 20 
0.2519 0.1852 0.1630 0.4000 
0.0444 0.0889 0.1556 0.7111 
0.0519 0.7778 0.1333 0.0370 
0.0370 0.5778 0.3259 0.0593 
0.1259 0.3407 0.4222 0.1111 
0.0741 0.0667 0.6889 0.1704 
0.0296 0.0000 0.5556 0.4148 
0.8593 0.1259 0.0000 0.0148 
0.5037 0.0519 0.3185 0.1259 
0.7333 0.1926 0.0667 0.0074 
0.2148 0.4593 0.2148 0.1111 
0.0000 0.2889 0.0741 0.6370 
0.3111 0.4222 0.0444 0.2222 
0.0963 0.0074 0.7852 0.1111 
0.1259 0.0074 0.8519 0.0148 
0.0000 0.3333 0.3333 0.3333 
0.3778 0.1481 0.3704 0.1037 
0.3111 0.1481 0.4444 0.0963 
0.2444 0.0889 0.0741 0.5926 
0.6815 0.0815 0.2296 0.0074 

MOTIF filter29 
letter-probability matrix: alength= 4 w= 16 nsites= 16 
0.2454 0.2190 0.2797 0.2559 
0.2665 0.2454 0.2296 0.2586 
0.2427 0.2533 0.2454 0.2586 
0.2533 0.0475 0.6280 0.0712 
0.1293 0.0000 0.7889 0.0818 
0.1557 0.0000 0.8443 0.0000 
0.0000 0.0000 1.0000 0.0000 
0.0000 0.0000 1.0000 0.0000 
0.3272 0.5620 0.0000 0.1108 
0.0000 0.0000 1.0000 0.0000 
0.0000 0.0000 1.0000 0.0000 
0.1478 0.0000 0.8470 0.0053 
0.2216 0.0501 0.7282 0.0000 
0.1715 0.5646 0.1636 0.1003 
0.2533 0.2190 0.2744 0.2533 
0.2164 0.3325 0.2243 0.2269 

MOTIF filter30 
letter-probability matrix: alength= 4 w= 17 nsites= 17 
0.1637 0.2083 0.4345 0.1935 
0.2589 0.4167 0.1845 0.1399 
0.1696 0.2381 0.3690 0.2232 
0.0417 0.0089 0.4762 0.4732 
0.0000 0.8869 0.0000 0.1131 
0.0000 0.3006 0.0000 0.6994 
1.0000 0.0000 0.0000 0.0000 
0.0000 0.0000 0.0000 1.0000 
0.0000 0.0536 0.0030 0.9435 
0.0000 0.0238 0.0000 0.9762 
0.1310 0.0000 0.0000 0.8690 
0.0714 0.0119 0.2024 0.7143 
0.8036 0.0268 0.1399 0.0298 
0.0417 0.0506 0.7381 0.1696 
0.3304 0.3185 0.1458 0.2054 
0.2113 0.2202 0.3542 0.2143 
0.2321 0.2708 0.2857 0.2113 

MOTIF filter31 
letter-probability matrix: alength= 4 w= 14 nsites= 14 
0.2242 0.2530 0.2600 0.2628 
0.2889 0.2299 0.3311 0.1501 
0.3589 0.1533 0.3012 0.1867 
0.0454 0.6872 0.1417 0.1258 
0.0090 0.5316 0.0239 0.4354 
0.4822 0.1545 0.3074 0.0559 
0.9727 0.0072 0.0090 0.0111 
0.0088 0.0139 0.0046 0.9727 
0.0651 0.3110 0.1619 0.4619 
0.4398 0.0205 0.5222 0.0175 
0.1242 0.1286 0.7034 0.0438 
0.1834 0.3024 0.1648 0.3494 
0.1762 0.2964 0.2303 0.2972 
0.2771 0.2825 0.2578 0.1826 

