MEME version 4

ALPHABET= ACGT

Background letter frequencies:
A 0.2500 C 0.2500 G 0.2500 T 0.2500 

MOTIF filter0 
letter-probability matrix: alength= 4 w= 15 nsites= 15 
0.1863 0.1373 0.0621 0.6143 
0.0826 0.1161 0.5702 0.2311 
0.3553 0.3609 0.1236 0.1602 
0.0286 0.8938 0.0484 0.0292 
0.0155 0.9012 0.0373 0.0460 
0.6783 0.0342 0.0460 0.2416 
0.1037 0.0056 0.0323 0.8584 
0.8907 0.0329 0.0385 0.0379 
0.0137 0.0391 0.0112 0.9360 
0.8975 0.0230 0.0230 0.0565 
0.2261 0.0342 0.0261 0.7137 
0.0373 0.0615 0.8845 0.0168 
0.0261 0.0522 0.8932 0.0286 
0.1646 0.1180 0.3441 0.3733 
0.2354 0.5466 0.1373 0.0807 

MOTIF filter1 
letter-probability matrix: alength= 4 w= 16 nsites= 16 
0.2525 0.2644 0.2475 0.2356 
0.2426 0.2723 0.2515 0.2337 
0.1208 0.0772 0.3406 0.4614 
0.0455 0.8297 0.0030 0.1218 
0.0010 0.0040 0.0000 0.9950 
0.9980 0.0000 0.0020 0.0000 
0.2822 0.0000 0.0079 0.7099 
0.4535 0.0020 0.0000 0.5446 
0.5455 0.0000 0.0010 0.4535 
0.6743 0.0059 0.0000 0.3198 
0.0040 0.0010 0.0000 0.9950 
0.9871 0.0010 0.0119 0.0000 
0.1188 0.0010 0.8267 0.0535 
0.4426 0.3614 0.0535 0.1426 
0.2782 0.2238 0.2584 0.2396 
0.2406 0.2792 0.2366 0.2436 

MOTIF filter2 
letter-probability matrix: alength= 4 w= 14 nsites= 14 
0.2494 0.2573 0.2478 0.2455 
0.2865 0.1342 0.4570 0.1223 
0.2384 0.0150 0.5600 0.1867 
0.3039 0.0328 0.6448 0.0185 
0.0264 0.0422 0.8785 0.0529 
0.0268 0.0624 0.8832 0.0276 
0.3358 0.4463 0.0063 0.2115 
0.0549 0.0335 0.8615 0.0501 
0.0564 0.0272 0.8741 0.0422 
0.2932 0.0162 0.6330 0.0576 
0.2818 0.1219 0.5770 0.0193 
0.2411 0.3923 0.2423 0.1243 
0.2510 0.2372 0.2687 0.2431 
0.2403 0.2660 0.2478 0.2459 

MOTIF filter3 
letter-probability matrix: alength= 4 w= 19 nsites= 19 
0.4193 0.2364 0.2159 0.1284 
0.4636 0.2898 0.1739 0.0727 
0.3614 0.1295 0.4943 0.0148 
0.0330 0.1125 0.6557 0.1989 
0.1864 0.5023 0.0682 0.2432 
0.0068 0.5239 0.1080 0.3614 
0.0205 0.1386 0.8080 0.0330 
0.3239 0.1443 0.0080 0.5239 
0.3136 0.2614 0.0795 0.3455 
0.1852 0.6466 0.1432 0.0250 
0.0716 0.1489 0.6057 0.1739 
0.0239 0.1239 0.4352 0.4170 
0.5511 0.2443 0.1318 0.0727 
0.4443 0.1114 0.3000 0.1443 
0.0080 0.4523 0.3955 0.1443 
0.4455 0.0648 0.0716 0.4182 
0.5614 0.1295 0.0091 0.3000 
0.1716 0.7216 0.0364 0.0705 
0.3420 0.1568 0.1568 0.3443 

MOTIF filter4 
letter-probability matrix: alength= 4 w= 15 nsites= 15 
0.2571 0.2860 0.2297 0.2272 
0.2292 0.2775 0.2715 0.2217 
0.1256 0.2496 0.3737 0.2511 
0.0140 0.6049 0.1241 0.2571 
0.0553 0.6378 0.0234 0.2835 
0.0324 0.9133 0.0289 0.0254 
0.0294 0.8909 0.0498 0.0299 
0.1943 0.0204 0.4415 0.3438 
0.0453 0.8759 0.0269 0.0518 
0.0379 0.9297 0.0229 0.0095 
0.0130 0.6587 0.0409 0.2875 
0.1714 0.6213 0.0144 0.1928 
0.1111 0.4893 0.1221 0.2775 
0.2402 0.2681 0.2591 0.2327 
0.2501 0.2696 0.2337 0.2466 

MOTIF filter5 
letter-probability matrix: alength= 4 w= 12 nsites= 12 
0.2368 0.2626 0.2649 0.2357 
0.2469 0.2559 0.2492 0.2480 
0.4949 0.1279 0.3614 0.0157 
0.0000 0.0000 0.0000 1.0000 
0.0000 0.0000 0.0292 0.9708 
0.2828 0.0000 0.6274 0.0898 
0.0067 0.9068 0.0000 0.0864 
0.0954 0.0011 0.8934 0.0101 
0.0752 0.6756 0.0000 0.2492 
0.9596 0.0404 0.0000 0.0000 
1.0000 0.0000 0.0000 0.0000 
0.0056 0.3648 0.1324 0.4972 

MOTIF filter6 
letter-probability matrix: alength= 4 w= 17 nsites= 17 
0.2413 0.3016 0.2603 0.1968 
0.2889 0.2254 0.2317 0.2540 
0.1238 0.7016 0.1333 0.0413 
1.0000 0.0000 0.0000 0.0000 
0.9619 0.0063 0.0317 0.0000 
0.4540 0.0413 0.4825 0.0222 
1.0000 0.0000 0.0000 0.0000 
0.0000 0.0000 0.0000 1.0000 
0.0000 0.0000 1.0000 0.0000 
0.0000 0.0000 1.0000 0.0000 
0.0413 0.8762 0.0000 0.0825 
0.1079 0.1778 0.4381 0.2762 
0.0698 0.0698 0.7968 0.0635 
0.1365 0.7746 0.0159 0.0730 
0.2476 0.2381 0.2159 0.2984 
0.2508 0.2413 0.2889 0.2190 
0.2603 0.2413 0.2508 0.2476 

MOTIF filter7 
letter-probability matrix: alength= 4 w= 17 nsites= 17 
0.2672 0.2471 0.2356 0.2500 
0.2471 0.2989 0.2443 0.2098 
0.2155 0.2471 0.2874 0.2500 
0.1351 0.0316 0.6839 0.1494 
0.0805 0.7040 0.0977 0.1178 
0.2816 0.3305 0.2672 0.1207 
0.0776 0.0029 0.7989 0.1207 
0.0000 0.9971 0.0000 0.0029 
0.0000 1.0000 0.0000 0.0000 
1.0000 0.0000 0.0000 0.0000 
0.0000 0.0000 0.0000 1.0000 
0.0172 0.4483 0.1638 0.3707 
0.0000 0.0000 0.0000 1.0000 
0.0000 0.0000 0.0000 1.0000 
0.0805 0.0776 0.7069 0.1351 
0.2730 0.2414 0.2098 0.2759 
0.1925 0.3046 0.2500 0.2529 

MOTIF filter8 
letter-probability matrix: alength= 4 w= 14 nsites= 14 
0.4181 0.0733 0.3384 0.1703 
0.0819 0.6272 0.1422 0.1487 
0.1099 0.1573 0.1272 0.6056 
0.0108 0.5905 0.0453 0.3534 
0.0022 0.9957 0.0022 0.0000 
0.0000 0.3448 0.6552 0.0000 
0.0000 0.0000 0.9978 0.0022 
0.7220 0.0216 0.2457 0.0108 
0.8233 0.0237 0.0733 0.0797 
0.0625 0.1034 0.7435 0.0905 
0.1164 0.2112 0.0194 0.6530 
0.1659 0.1444 0.6250 0.0647 
0.2392 0.1983 0.4569 0.1056 
0.3125 0.2974 0.2241 0.1659 

MOTIF filter9 
letter-probability matrix: alength= 4 w= 16 nsites= 16 
0.2354 0.2063 0.1243 0.4339 
0.2540 0.1693 0.3280 0.2487 
0.5503 0.0926 0.1111 0.2460 
0.1905 0.2857 0.5238 0.0000 
0.0000 0.0000 0.0000 1.0000 
0.0079 0.9921 0.0000 0.0000 
0.9974 0.0000 0.0026 0.0000 
0.0000 0.0026 0.9709 0.0265 
0.0000 0.9841 0.0132 0.0026 
0.9630 0.0317 0.0000 0.0053 
0.4868 0.2302 0.0688 0.2143 
0.3386 0.0556 0.0079 0.5979 
0.3730 0.0767 0.0317 0.5185 
0.3016 0.1058 0.0423 0.5503 
0.2751 0.2328 0.2354 0.2566 
0.2698 0.2937 0.2116 0.2249 

MOTIF filter10 
letter-probability matrix: alength= 4 w= 15 nsites= 15 
0.2674 0.2989 0.2112 0.2225 
0.2674 0.2629 0.2292 0.2404 
0.2472 0.2539 0.2427 0.2562 
0.0112 0.7685 0.1169 0.1034 
0.0000 0.1978 0.0067 0.7955 
0.0000 0.2629 0.7034 0.0337 
1.0000 0.0000 0.0000 0.0000 
0.0000 0.0000 0.0000 1.0000 
0.0000 0.0000 0.0000 1.0000 
0.0000 0.0000 1.0000 0.0000 
0.0000 0.0000 1.0000 0.0000 
0.0539 0.3978 0.0090 0.5393 
0.0247 0.4202 0.1438 0.4112 
0.1955 0.4112 0.3101 0.0831 
0.4562 0.1438 0.3146 0.0854 

MOTIF filter11 
letter-probability matrix: alength= 4 w= 14 nsites= 14 
0.2549 0.2442 0.2478 0.2530 
0.2635 0.2569 0.2345 0.2452 
0.4093 0.1852 0.3331 0.0724 
0.0356 0.0371 0.0563 0.8710 
0.0206 0.0262 0.2034 0.7497 
0.3111 0.0253 0.4806 0.1830 
0.1081 0.6073 0.0891 0.1955 
0.2104 0.0919 0.6016 0.0960 
0.1948 0.4949 0.0140 0.2963 
0.7427 0.1922 0.0294 0.0357 
0.8841 0.0386 0.0471 0.0302 
0.0944 0.3095 0.1839 0.4122 
0.2477 0.2652 0.2467 0.2404 
0.2500 0.2308 0.2545 0.2647 

MOTIF filter12 
letter-probability matrix: alength= 4 w= 16 nsites= 16 
0.2653 0.2449 0.2327 0.2571 
0.1143 0.0041 0.7388 0.1429 
0.0653 0.7837 0.1061 0.0449 
0.2816 0.3755 0.2490 0.0939 
0.0286 0.0000 0.9184 0.0531 
0.0000 1.0000 0.0000 0.0000 
0.0000 1.0000 0.0000 0.0000 
1.0000 0.0000 0.0000 0.0000 
0.0000 0.0000 0.0000 1.0000 
0.0041 0.5020 0.1306 0.3633 
0.0000 0.0245 0.0000 0.9755 
0.0000 0.0204 0.0000 0.9796 
0.0449 0.0776 0.8000 0.0776 
0.3020 0.1918 0.2939 0.2122 
0.1837 0.2776 0.2571 0.2816 
0.2490 0.2816 0.2449 0.2245 

MOTIF filter13 
letter-probability matrix: alength= 4 w= 12 nsites= 12 
0.0876 0.4603 0.1853 0.2668 
0.1976 0.4134 0.2240 0.1650 
0.6049 0.1487 0.1874 0.0591 
0.0061 0.7739 0.0204 0.1996 
0.0916 0.0000 0.0509 0.8574 
0.0020 0.0061 0.0081 0.9837 
0.0244 0.9756 0.0000 0.0000 
0.0000 0.9980 0.0000 0.0020 
0.0000 0.0305 0.7719 0.1976 
0.0346 0.1833 0.7800 0.0020 
0.3116 0.1100 0.3768 0.2016 
0.7475 0.0326 0.0652 0.1548 

MOTIF filter14 
letter-probability matrix: alength= 4 w= 10 nsites= 10 
0.2567 0.2392 0.2344 0.2697 
0.5571 0.0534 0.0180 0.3715 
0.0560 0.0583 0.0482 0.8375 
0.1000 0.1641 0.0164 0.7196 
0.7066 0.0220 0.1731 0.0983 
0.8881 0.0534 0.0157 0.0428 
0.3459 0.0322 0.0576 0.5643 
0.2813 0.2300 0.2323 0.2565 
0.2484 0.2456 0.2581 0.2479 
0.2580 0.2390 0.2375 0.2655 

MOTIF filter15 
letter-probability matrix: alength= 4 w= 17 nsites= 17 
0.2507 0.2085 0.1127 0.4282 
0.2958 0.1944 0.2930 0.2169 
0.6225 0.0563 0.1239 0.1972 
0.1718 0.3155 0.4085 0.1042 
0.0000 0.0000 0.0000 1.0000 
0.0113 0.9887 0.0000 0.0000 
1.0000 0.0000 0.0000 0.0000 
0.0000 0.0000 0.9521 0.0479 
0.0000 1.0000 0.0000 0.0000 
1.0000 0.0000 0.0000 0.0000 
0.4535 0.1662 0.0901 0.2901 
0.4000 0.0563 0.0113 0.5324 
0.4338 0.0056 0.0000 0.5606 
0.3268 0.1042 0.0282 0.5408 
0.2817 0.2225 0.2592 0.2366 
0.2254 0.3070 0.2563 0.2113 
0.2085 0.3324 0.2479 0.2113 

MOTIF filter16 
letter-probability matrix: alength= 4 w= 13 nsites= 13 
0.2547 0.2410 0.2424 0.2619 
0.2365 0.2385 0.2837 0.2413 
0.3476 0.2262 0.3232 0.1030 
0.0634 0.0798 0.0974 0.7595 
0.0667 0.0611 0.7188 0.1535 
0.7391 0.0824 0.1015 0.0770 
0.0938 0.4092 0.4261 0.0709 
0.0581 0.0850 0.0949 0.7620 
0.1344 0.7127 0.0658 0.0872 
0.8142 0.0493 0.0842 0.0523 
0.0986 0.3069 0.2690 0.3255 
0.2247 0.2932 0.2279 0.2541 
0.2573 0.2278 0.2608 0.2541 

MOTIF filter17 
letter-probability matrix: alength= 4 w= 19 nsites= 19 
0.1945 0.1806 0.1402 0.4848 
0.1003 0.1307 0.5197 0.2493 
0.3596 0.3501 0.1368 0.1535 
0.0294 0.8931 0.0521 0.0255 
0.0332 0.8416 0.0609 0.0643 
0.6748 0.0460 0.0565 0.2227 
0.0842 0.0388 0.0188 0.8582 
0.8975 0.0410 0.0271 0.0343 
0.0133 0.0316 0.0548 0.9003 
0.8648 0.0488 0.0022 0.0842 
0.2249 0.0582 0.0360 0.6809 
0.0427 0.0593 0.8715 0.0266 
0.0416 0.0332 0.8992 0.0260 
0.1313 0.1235 0.3712 0.3740 
0.2626 0.5307 0.1330 0.0737 
0.6116 0.0526 0.0947 0.2410 
0.2343 0.2825 0.2366 0.2465 
0.2083 0.2742 0.2776 0.2399 
0.2427 0.2349 0.2687 0.2537 

MOTIF filter18 
letter-probability matrix: alength= 4 w= 18 nsites= 18 
0.2357 0.2391 0.2761 0.2492 
0.2323 0.2997 0.2694 0.1987 
0.2525 0.2761 0.2121 0.2593 
0.1751 0.6970 0.0774 0.0505 
0.9933 0.0000 0.0067 0.0000 
0.9966 0.0000 0.0034 0.0000 
0.3838 0.1077 0.4882 0.0202 
1.0000 0.0000 0.0000 0.0000 
0.0000 0.0000 0.0000 1.0000 
0.0000 0.0000 1.0000 0.0000 
0.0000 0.0000 1.0000 0.0000 
0.0539 0.8855 0.0000 0.0606 
0.1077 0.1919 0.4310 0.2694 
0.0606 0.0741 0.8081 0.0572 
0.1145 0.8114 0.0101 0.0640 
0.2761 0.2020 0.2189 0.3030 
0.2222 0.2492 0.3030 0.2256 
0.2559 0.2155 0.3232 0.2054 

MOTIF filter19 
letter-probability matrix: alength= 4 w= 15 nsites= 15 
0.1401 0.3191 0.1667 0.3741 
0.0887 0.3032 0.3635 0.2447 
0.4007 0.1507 0.4379 0.0106 
0.5053 0.0177 0.3954 0.0816 
0.0000 1.0000 0.0000 0.0000 
0.0000 1.0000 0.0000 0.0000 
1.0000 0.0000 0.0000 0.0000 
1.0000 0.0000 0.0000 0.0000 
0.0000 0.0000 0.0000 1.0000 
0.0603 0.6844 0.2482 0.0071 
0.7801 0.0071 0.2128 0.0000 
0.1046 0.1330 0.7323 0.0301 
0.2216 0.2660 0.2340 0.2784 
0.2606 0.2128 0.2465 0.2801 
0.2411 0.2713 0.2287 0.2589 

MOTIF filter20 
letter-probability matrix: alength= 4 w= 15 nsites= 15 
0.2542 0.2350 0.2038 0.3070 
0.2734 0.2038 0.2710 0.2518 
0.2350 0.2902 0.2494 0.2254 
0.0120 0.8297 0.1583 0.0000 
0.0432 0.9568 0.0000 0.0000 
0.0000 0.0000 1.0000 0.0000 
0.0000 0.0000 1.0000 0.0000 
1.0000 0.0000 0.0000 0.0000 
1.0000 0.0000 0.0000 0.0000 
0.0647 0.0144 0.9209 0.0000 
0.0336 0.2974 0.0216 0.6475 
0.1823 0.1103 0.6475 0.0600 
0.2686 0.2638 0.4412 0.0264 
0.2134 0.3525 0.2566 0.1775 
0.2110 0.2734 0.2638 0.2518 

MOTIF filter21 
letter-probability matrix: alength= 4 w= 20 nsites= 20 
0.2381 0.1667 0.2857 0.3095 
0.3095 0.0952 0.1905 0.4048 
0.0000 0.0714 0.0000 0.9286 
0.8571 0.0714 0.0476 0.0238 
0.1905 0.0952 0.0476 0.6667 
0.0714 0.2857 0.5714 0.0714 
0.0238 0.0952 0.4048 0.4762 
0.4286 0.5476 0.0000 0.0238 
0.0238 0.5714 0.3333 0.0714 
0.2381 0.4524 0.2381 0.0714 
0.0000 0.0952 0.7619 0.1429 
0.0000 0.1429 0.5952 0.2619 
0.1905 0.2143 0.5952 0.0000 
0.9762 0.0000 0.0238 0.0000 
0.7857 0.0238 0.0476 0.1429 
0.1905 0.1905 0.0238 0.5952 
0.0000 0.4524 0.5000 0.0476 
0.5476 0.1190 0.0000 0.3333 
0.0714 0.1190 0.5476 0.2619 
0.0952 0.1190 0.1905 0.5952 

MOTIF filter22 
letter-probability matrix: alength= 4 w= 17 nsites= 17 
0.2733 0.2297 0.2733 0.2238 
0.2500 0.2878 0.2064 0.2558 
0.4913 0.0145 0.1512 0.3430 
0.6570 0.0058 0.0407 0.2965 
0.4797 0.0000 0.0465 0.4738 
0.2965 0.1134 0.1802 0.4099 
0.0029 0.0000 0.0000 0.9971 
0.0000 0.0000 1.0000 0.0000 
0.0843 0.9157 0.0000 0.0000 
0.0000 0.0000 0.0000 1.0000 
0.0000 0.0000 0.9913 0.0087 
1.0000 0.0000 0.0000 0.0000 
0.0291 0.5087 0.3227 0.1395 
0.1948 0.1337 0.0523 0.6192 
0.2035 0.3721 0.1047 0.3198 
0.5087 0.0465 0.1919 0.2529 
0.1628 0.0465 0.5407 0.2500 

MOTIF filter23 
letter-probability matrix: alength= 4 w= 16 nsites= 16 
0.2293 0.2569 0.2224 0.2914 
0.1754 0.1644 0.3992 0.2610 
0.0746 0.1602 0.3273 0.4378 
0.0718 0.7500 0.0028 0.1754 
0.0000 0.0235 0.0110 0.9655 
0.6588 0.0262 0.1450 0.1699 
0.2666 0.0704 0.2597 0.4033 
0.7997 0.0870 0.0732 0.0401 
0.9834 0.0000 0.0028 0.0138 
0.9682 0.0290 0.0000 0.0028 
0.0055 0.0815 0.1892 0.7238 
0.7541 0.0815 0.0511 0.1133 
0.0746 0.1492 0.7155 0.0608 
0.3867 0.2030 0.3508 0.0594 
0.1271 0.1851 0.3674 0.3204 
0.1975 0.3564 0.2901 0.1561 

MOTIF filter24 
letter-probability matrix: alength= 4 w= 15 nsites= 15 
0.2693 0.2374 0.2490 0.2444 
0.2641 0.2268 0.2382 0.2710 
0.2059 0.2417 0.1975 0.3549 
0.0531 0.1180 0.0323 0.7965 
0.0218 0.0457 0.1589 0.7735 
0.2333 0.6352 0.0603 0.0713 
0.1032 0.5479 0.0144 0.3344 
0.2669 0.2216 0.2656 0.2459 
0.3047 0.0137 0.5996 0.0820 
0.0634 0.0567 0.6676 0.2123 
0.7771 0.1368 0.0439 0.0422 
0.8242 0.0671 0.0828 0.0259 
0.3581 0.1882 0.2305 0.2233 
0.2459 0.2536 0.2436 0.2569 
0.2483 0.2453 0.2715 0.2349 

MOTIF filter25 
letter-probability matrix: alength= 4 w= 16 nsites= 16 
0.2289 0.2329 0.2168 0.3214 
0.2183 0.2506 0.2944 0.2368 
0.2200 0.1732 0.2663 0.3405 
0.1248 0.6744 0.0395 0.1613 
0.0128 0.2427 0.0414 0.7031 
0.8827 0.0372 0.0427 0.0374 
0.2905 0.0238 0.0470 0.6387 
0.5090 0.0423 0.0217 0.4270 
0.4070 0.0225 0.0298 0.5407 
0.6697 0.0291 0.0111 0.2901 
0.0525 0.0465 0.0638 0.8372 
0.6969 0.0332 0.2261 0.0438 
0.1838 0.0457 0.6776 0.0929 
0.3188 0.2874 0.1762 0.2176 
0.2340 0.3027 0.2429 0.2204 
0.3197 0.2132 0.2351 0.2321 

MOTIF filter26 
letter-probability matrix: alength= 4 w= 14 nsites= 14 
0.2795 0.2488 0.2190 0.2527 
0.2646 0.2567 0.2299 0.2488 
0.1516 0.1972 0.1645 0.4866 
0.0000 0.0020 0.0000 0.9980 
0.0010 0.0000 0.0149 0.9841 
0.1011 0.8969 0.0000 0.0020 
0.0198 0.7403 0.0010 0.2389 
0.2656 0.2250 0.2359 0.2735 
0.2270 0.0000 0.7572 0.0159 
0.0000 0.0000 0.9138 0.0862 
0.9950 0.0050 0.0000 0.0000 
1.0000 0.0000 0.0000 0.0000 
0.5084 0.1308 0.2141 0.1467 
0.2507 0.2646 0.2389 0.2458 

MOTIF filter27 
letter-probability matrix: alength= 4 w= 18 nsites= 18 
0.2382 0.4398 0.1257 0.1963 
0.2461 0.2042 0.1230 0.4267 
0.2670 0.2408 0.2592 0.2330 
0.6047 0.0209 0.0864 0.2880 
0.4974 0.0759 0.1623 0.2644 
0.2723 0.0000 0.0026 0.7251 
0.1990 0.4686 0.0419 0.2906 
0.3429 0.0000 0.0000 0.6571 
0.0000 0.0000 0.9974 0.0026 
0.0000 1.0000 0.0000 0.0000 
0.2435 0.0000 0.0000 0.7565 
0.0838 0.0052 0.8351 0.0759 
0.9267 0.0000 0.0000 0.0733 
0.0916 0.3901 0.2016 0.3168 
0.1990 0.1073 0.0209 0.6728 
0.1937 0.3403 0.1754 0.2906 
0.4686 0.0812 0.1545 0.2958 
0.1414 0.1047 0.4738 0.2801 

MOTIF filter28 
letter-probability matrix: alength= 4 w= 12 nsites= 12 
0.2498 0.2459 0.2568 0.2475 
0.3497 0.2194 0.2530 0.1778 
0.2476 0.2978 0.2693 0.1852 
0.0802 0.8306 0.0448 0.0444 
0.8084 0.0320 0.1032 0.0564 
0.0403 0.6974 0.0327 0.2296 
0.2277 0.0347 0.7073 0.0303 
0.0708 0.1082 0.0344 0.7865 
0.0369 0.0413 0.8400 0.0819 
0.2013 0.2751 0.2856 0.2380 
0.1995 0.2615 0.2069 0.3321 
0.2416 0.2505 0.2465 0.2614 

MOTIF filter29 
letter-probability matrix: alength= 4 w= 15 nsites= 15 
0.1801 0.2688 0.2554 0.2957 
0.1667 0.1667 0.4005 0.2661 
0.0296 0.4677 0.2446 0.2581 
0.0780 0.6478 0.1478 0.1263 
0.6613 0.0161 0.3011 0.0215 
0.0000 0.9651 0.0161 0.0188 
0.0000 0.0000 0.0000 1.0000 
0.0000 0.0000 0.0000 1.0000 
0.0000 1.0000 0.0000 0.0000 
0.0000 1.0000 0.0000 0.0000 
0.0000 0.0000 0.9355 0.0645 
0.0000 0.1855 0.7876 0.0269 
0.2312 0.2070 0.2527 0.3091 
0.2446 0.2876 0.2070 0.2608 
0.2849 0.2204 0.2446 0.2500 

MOTIF filter30 
letter-probability matrix: alength= 4 w= 14 nsites= 14 
0.1856 0.2445 0.2860 0.2838 
0.0349 0.4978 0.1921 0.2751 
0.0590 0.5699 0.1135 0.2576 
0.7271 0.0000 0.2183 0.0546 
0.0000 0.7358 0.0218 0.2424 
0.0000 0.0000 0.0000 1.0000 
0.0000 0.0000 0.0000 1.0000 
0.0087 0.9585 0.0000 0.0328 
0.0000 0.8406 0.0000 0.1594 
0.0611 0.0000 0.9367 0.0022 
0.0000 0.0633 0.9345 0.0022 
0.2052 0.1878 0.3690 0.2380 
0.3493 0.1747 0.2707 0.2052 
0.3690 0.1747 0.2271 0.2293 

MOTIF filter31 
letter-probability matrix: alength= 4 w= 14 nsites= 14 
0.1838 0.2571 0.3245 0.2346 
0.2473 0.1681 0.4037 0.1808 
0.3939 0.2023 0.3666 0.0371 
0.0733 0.0489 0.0978 0.7801 
0.0723 0.0528 0.8299 0.0450 
0.8954 0.0469 0.0088 0.0489 
0.0303 0.3959 0.2952 0.2786 
0.0049 0.0078 0.0010 0.9863 
0.0147 0.9814 0.0000 0.0039 
0.6588 0.3412 0.0000 0.0000 
0.0049 0.5357 0.0068 0.4526 
0.3949 0.3304 0.0899 0.1848 
0.1105 0.2287 0.3783 0.2825 
0.4506 0.3969 0.0508 0.1017 

