MEME version 4

ALPHABET= ACGT

Background letter frequencies:
A 0.2500 C 0.2500 G 0.2500 T 0.2500 

MOTIF filter0 
letter-probability matrix: alength= 4 w= 15 nsites= 15 
0.2487 0.2021 0.3238 0.2254 
0.5829 0.0751 0.1347 0.2073 
0.1710 0.3497 0.4534 0.0259 
0.0000 0.0000 0.0000 1.0000 
0.0207 0.9793 0.0000 0.0000 
1.0000 0.0000 0.0000 0.0000 
0.0026 0.0000 0.9741 0.0233 
0.0000 1.0000 0.0000 0.0000 
0.9896 0.0104 0.0000 0.0000 
0.4637 0.2202 0.0725 0.2435 
0.3679 0.0622 0.0259 0.5440 
0.4223 0.0648 0.0104 0.5026 
0.2876 0.1218 0.0440 0.5466 
0.2927 0.2280 0.2435 0.2358 
0.2565 0.3212 0.1762 0.2461 

MOTIF filter1 
letter-probability matrix: alength= 4 w= 16 nsites= 16 
0.1636 0.2006 0.3920 0.2438 
0.1420 0.4167 0.2253 0.2160 
0.1451 0.5093 0.1605 0.1852 
0.6327 0.0833 0.2284 0.0556 
0.0617 0.7531 0.1019 0.0833 
0.0710 0.0432 0.0340 0.8519 
0.0185 0.0432 0.0525 0.8858 
0.0000 0.9722 0.0278 0.0000 
0.0031 0.9969 0.0000 0.0000 
0.0000 0.0000 1.0000 0.0000 
0.0000 0.0895 0.9105 0.0000 
0.6451 0.0772 0.1512 0.1265 
0.6790 0.0864 0.1481 0.0864 
0.1605 0.1420 0.5093 0.1883 
0.1173 0.2963 0.1204 0.4660 
0.2222 0.2037 0.4630 0.1111 

MOTIF filter2 
letter-probability matrix: alength= 4 w= 15 nsites= 15 
0.2628 0.2940 0.2138 0.2294 
0.2739 0.2584 0.2272 0.2405 
0.2383 0.2561 0.2450 0.2606 
0.0312 0.7327 0.1247 0.1114 
0.0000 0.1893 0.0022 0.8085 
0.0000 0.2606 0.6949 0.0445 
1.0000 0.0000 0.0000 0.0000 
0.0000 0.0000 0.0000 1.0000 
0.0000 0.0000 0.0000 1.0000 
0.0000 0.0000 1.0000 0.0000 
0.0000 0.0000 1.0000 0.0000 
0.0423 0.3964 0.0045 0.5568 
0.0111 0.4232 0.1403 0.4254 
0.1826 0.4053 0.3252 0.0869 
0.4499 0.1537 0.3096 0.0869 

MOTIF filter3 
letter-probability matrix: alength= 4 w= 11 nsites= 11 
0.2837 0.2501 0.2569 0.2093 
0.1057 0.0446 0.0741 0.7755 
0.0681 0.0133 0.8379 0.0808 
0.6966 0.0347 0.1686 0.1001 
0.1492 0.3515 0.4404 0.0588 
0.0376 0.0118 0.1662 0.7844 
0.0848 0.7826 0.0260 0.1066 
0.8128 0.0754 0.1066 0.0052 
0.0633 0.4498 0.0527 0.4342 
0.2781 0.2999 0.2084 0.2136 
0.3268 0.1051 0.3497 0.2184 

MOTIF filter4 
letter-probability matrix: alength= 4 w= 15 nsites= 15 
0.2104 0.1118 0.0919 0.5858 
0.0886 0.1041 0.5903 0.2171 
0.3632 0.3599 0.1152 0.1617 
0.0000 0.9856 0.0144 0.0000 
0.0033 0.9967 0.0000 0.0000 
0.6390 0.0011 0.2536 0.1063 
0.0011 0.0000 0.2392 0.7597 
1.0000 0.0000 0.0000 0.0000 
0.2414 0.0000 0.0000 0.7586 
0.7763 0.0011 0.2226 0.0000 
0.0532 0.0808 0.0033 0.8627 
0.0210 0.0177 0.9579 0.0033 
0.0388 0.0377 0.9236 0.0000 
0.1218 0.1163 0.4086 0.3533 
0.2126 0.6268 0.1262 0.0343 

MOTIF filter5 
letter-probability matrix: alength= 4 w= 16 nsites= 16 
0.1975 0.2994 0.2866 0.2166 
0.2898 0.2516 0.2166 0.2420 
0.2516 0.2357 0.2803 0.2325 
0.0446 0.0414 0.3535 0.5605 
0.0032 0.8631 0.0000 0.1338 
0.0032 0.0000 0.0000 0.9968 
0.9873 0.0000 0.0127 0.0000 
0.0064 0.0000 0.0000 0.9936 
0.0064 0.0000 0.0000 0.9936 
0.0637 0.0000 0.0000 0.9363 
0.3376 0.0032 0.0000 0.6592 
0.0032 0.0000 0.0000 0.9968 
0.9745 0.0096 0.0159 0.0000 
0.0159 0.0032 0.9013 0.0796 
0.3949 0.4236 0.0573 0.1242 
0.2420 0.2771 0.3153 0.1656 

MOTIF filter6 
letter-probability matrix: alength= 4 w= 17 nsites= 17 
0.2238 0.2774 0.2704 0.2284 
0.2587 0.2587 0.2168 0.2657 
0.1655 0.6247 0.1352 0.0746 
0.9907 0.0000 0.0093 0.0000 
0.9744 0.0047 0.0210 0.0000 
0.4149 0.0979 0.4685 0.0186 
1.0000 0.0000 0.0000 0.0000 
0.0000 0.0000 0.0000 1.0000 
0.0000 0.0000 1.0000 0.0000 
0.0000 0.0000 1.0000 0.0000 
0.0862 0.8042 0.0000 0.1096 
0.1212 0.2051 0.4033 0.2704 
0.0979 0.1072 0.7203 0.0746 
0.1538 0.7179 0.0303 0.0979 
0.2541 0.2354 0.2284 0.2821 
0.2331 0.2378 0.2914 0.2378 
0.2681 0.2284 0.2751 0.2284 

MOTIF filter7 
letter-probability matrix: alength= 4 w= 15 nsites= 15 
0.2887 0.2351 0.2411 0.2351 
0.2411 0.2232 0.2530 0.2827 
0.4940 0.0089 0.1518 0.3452 
0.6369 0.0089 0.0298 0.3244 
0.4792 0.0060 0.0565 0.4583 
0.2917 0.1042 0.1667 0.4375 
0.0030 0.0000 0.0060 0.9911 
0.0000 0.0000 1.0000 0.0000 
0.0387 0.9613 0.0000 0.0000 
0.0000 0.0000 0.0000 1.0000 
0.0000 0.0000 0.9613 0.0387 
1.0000 0.0000 0.0000 0.0000 
0.0298 0.5446 0.3125 0.1131 
0.1696 0.1488 0.0804 0.6012 
0.1607 0.3869 0.1220 0.3304 

MOTIF filter8 
letter-probability matrix: alength= 4 w= 12 nsites= 12 
0.2529 0.2388 0.2344 0.2739 
0.2319 0.2282 0.3088 0.2312 
0.3502 0.2434 0.3155 0.0910 
0.0512 0.0482 0.1054 0.7952 
0.0288 0.0380 0.7761 0.1571 
0.7723 0.0698 0.0877 0.0702 
0.0967 0.4015 0.4140 0.0878 
0.0661 0.0827 0.0821 0.7691 
0.1551 0.7483 0.0532 0.0434 
0.7892 0.0708 0.0812 0.0588 
0.0867 0.3218 0.2578 0.3336 
0.2294 0.2961 0.2296 0.2450 

MOTIF filter9 
letter-probability matrix: alength= 4 w= 14 nsites= 14 
0.3172 0.1855 0.2204 0.2769 
0.3011 0.2392 0.3038 0.1559 
0.2608 0.2500 0.2608 0.2285 
0.0215 0.7608 0.2177 0.0000 
0.0833 0.9167 0.0000 0.0000 
0.0000 0.0000 1.0000 0.0000 
0.0000 0.0000 1.0000 0.0000 
1.0000 0.0000 0.0000 0.0000 
1.0000 0.0000 0.0000 0.0000 
0.0376 0.0108 0.9516 0.0000 
0.0242 0.3065 0.0108 0.6586 
0.2258 0.0914 0.6048 0.0780 
0.2473 0.2796 0.4301 0.0430 
0.2177 0.4086 0.2285 0.1452 

MOTIF filter10 
letter-probability matrix: alength= 4 w= 13 nsites= 13 
0.1811 0.2858 0.2891 0.2441 
0.3022 0.2444 0.3340 0.1193 
0.3298 0.1529 0.3415 0.1757 
0.0258 0.8120 0.1055 0.0567 
0.0135 0.6168 0.0216 0.3481 
0.5460 0.1370 0.2807 0.0363 
0.9745 0.0141 0.0108 0.0006 
0.0054 0.0180 0.0162 0.9604 
0.0492 0.3202 0.1778 0.4528 
0.4207 0.0216 0.5292 0.0285 
0.0945 0.1097 0.7556 0.0402 
0.1769 0.3277 0.1466 0.3487 
0.1856 0.3070 0.2012 0.3061 

MOTIF filter11 
letter-probability matrix: alength= 4 w= 16 nsites= 16 
0.2266 0.2353 0.2295 0.3086 
0.2216 0.2535 0.2879 0.2370 
0.2202 0.1651 0.2782 0.3366 
0.1350 0.6460 0.0360 0.1829 
0.0253 0.2162 0.0472 0.7113 
0.8832 0.0445 0.0313 0.0410 
0.3111 0.0201 0.0532 0.6156 
0.4988 0.0360 0.0211 0.4441 
0.4403 0.0246 0.0331 0.5019 
0.6545 0.0358 0.0184 0.2912 
0.0646 0.0458 0.0665 0.8231 
0.7305 0.0234 0.2156 0.0304 
0.1866 0.0493 0.6663 0.0978 
0.3271 0.2833 0.1734 0.2162 
0.2432 0.2796 0.2467 0.2305 
0.3202 0.2193 0.2374 0.2231 

MOTIF filter12 
letter-probability matrix: alength= 4 w= 12 nsites= 12 
0.2961 0.2571 0.2076 0.2392 
0.2160 0.3224 0.2287 0.2329 
0.0558 0.3941 0.2645 0.2856 
0.2634 0.0158 0.0211 0.6997 
0.1707 0.0032 0.0011 0.8251 
0.0000 0.0000 0.0295 0.9705 
0.2592 0.1496 0.5817 0.0095 
0.9968 0.0000 0.0000 0.0032 
0.0000 0.0074 0.0126 0.9800 
0.2719 0.2508 0.1222 0.3551 
0.4552 0.0980 0.3330 0.1138 
0.4131 0.1665 0.2761 0.1444 

MOTIF filter13 
letter-probability matrix: alength= 4 w= 11 nsites= 11 
0.2491 0.2500 0.2596 0.2412 
0.6789 0.1754 0.1158 0.0298 
0.0000 0.0018 0.0000 0.9982 
0.0009 0.1851 0.0000 0.8140 
0.4825 0.0000 0.0000 0.5175 
0.7991 0.0000 0.1921 0.0088 
1.0000 0.0000 0.0000 0.0000 
0.0105 0.0596 0.0746 0.8553 
0.2807 0.2149 0.2404 0.2640 
0.2877 0.2667 0.2123 0.2333 
0.1939 0.2798 0.3070 0.2193 

MOTIF filter14 
letter-probability matrix: alength= 4 w= 18 nsites= 18 
0.2717 0.2603 0.2333 0.2347 
0.2646 0.2447 0.2176 0.2731 
0.2461 0.5946 0.0484 0.1110 
0.4182 0.0583 0.0512 0.4723 
0.4794 0.0797 0.1337 0.3073 
0.5192 0.0228 0.0413 0.4168 
0.2418 0.1792 0.3570 0.2219 
0.0000 0.0000 0.0000 1.0000 
0.0014 0.5135 0.4851 0.0000 
0.5462 0.4538 0.0000 0.0000 
0.0000 0.0000 0.4139 0.5861 
0.0000 0.4296 0.5704 0.0000 
0.9986 0.0000 0.0014 0.0000 
0.1650 0.3713 0.2504 0.2134 
0.2873 0.0569 0.0185 0.6373 
0.3371 0.2148 0.0555 0.3926 
0.3969 0.0910 0.1053 0.4068 
0.1935 0.1636 0.3869 0.2560 

MOTIF filter15 
letter-probability matrix: alength= 4 w= 13 nsites= 13 
0.2813 0.2754 0.2504 0.1929 
0.2607 0.2725 0.2283 0.2386 
0.1001 0.2180 0.4345 0.2474 
0.0000 0.6568 0.1016 0.2415 
0.0177 0.7261 0.0000 0.2563 
0.0000 1.0000 0.0000 0.0000 
0.0000 1.0000 0.0000 0.0000 
0.1458 0.0000 0.5390 0.3152 
0.0000 1.0000 0.0000 0.0000 
0.0000 1.0000 0.0000 0.0000 
0.0000 0.7378 0.0000 0.2622 
0.1325 0.6907 0.0000 0.1767 
0.0825 0.5228 0.1046 0.2901 

MOTIF filter16 
letter-probability matrix: alength= 4 w= 12 nsites= 12 
0.2491 0.2541 0.2585 0.2383 
0.3458 0.2225 0.2589 0.1728 
0.2475 0.2981 0.2712 0.1831 
0.0764 0.8235 0.0544 0.0458 
0.7958 0.0331 0.1132 0.0579 
0.0430 0.6729 0.0368 0.2473 
0.2259 0.0401 0.6849 0.0490 
0.0781 0.1147 0.0376 0.7696 
0.0320 0.0419 0.8400 0.0861 
0.1954 0.2713 0.2895 0.2438 
0.1908 0.2701 0.2007 0.3384 
0.2389 0.2552 0.2445 0.2614 

MOTIF filter17 
letter-probability matrix: alength= 4 w= 20 nsites= 20 
0.2587 0.2761 0.2426 0.2225 
0.0737 0.7560 0.0885 0.0818 
0.2654 0.2828 0.1086 0.3432 
0.1903 0.3767 0.2306 0.2024 
0.0831 0.3003 0.1448 0.4718 
0.1273 0.2694 0.2078 0.3954 
0.0764 0.5710 0.3257 0.0268 
0.0965 0.5214 0.3566 0.0255 
0.0241 0.4397 0.5362 0.0000 
0.0067 0.6649 0.2051 0.1233 
0.0013 0.1475 0.6059 0.2453 
0.0027 0.1287 0.7507 0.1180 
0.6971 0.2306 0.0416 0.0308 
0.6059 0.2534 0.0818 0.0590 
0.0094 0.0845 0.9062 0.0000 
0.0965 0.2399 0.2239 0.4397 
0.0885 0.2319 0.6153 0.0643 
0.3713 0.3056 0.2279 0.0952 
0.2024 0.4772 0.2158 0.1046 
0.1957 0.2507 0.4182 0.1354 

MOTIF filter18 
letter-probability matrix: alength= 4 w= 15 nsites= 15 
0.2519 0.2435 0.2537 0.2509 
0.2682 0.2333 0.2414 0.2571 
0.2088 0.2361 0.1972 0.3579 
0.0687 0.1007 0.0580 0.7726 
0.0511 0.0648 0.1352 0.7490 
0.2181 0.6416 0.0649 0.0755 
0.0952 0.5541 0.0258 0.3249 
0.2449 0.2408 0.2610 0.2534 
0.3140 0.0241 0.5719 0.0900 
0.0840 0.0587 0.6473 0.2100 
0.7484 0.1309 0.0655 0.0552 
0.8092 0.0688 0.0837 0.0383 
0.3584 0.1926 0.2322 0.2167 
0.2437 0.2471 0.2474 0.2618 
0.2571 0.2485 0.2615 0.2329 

MOTIF filter19 
letter-probability matrix: alength= 4 w= 15 nsites= 15 
0.2369 0.2297 0.2718 0.2616 
0.2456 0.2616 0.2544 0.2384 
0.2776 0.1235 0.5044 0.0945 
0.1831 0.0000 0.6381 0.1788 
0.2616 0.0015 0.7369 0.0000 
0.0000 0.0015 0.9942 0.0044 
0.0015 0.0015 0.9942 0.0029 
0.3241 0.4680 0.0000 0.2078 
0.0000 0.0015 0.9942 0.0044 
0.0000 0.0000 1.0000 0.0000 
0.2631 0.0015 0.7151 0.0203 
0.2587 0.0741 0.6657 0.0015 
0.2093 0.4535 0.2122 0.1250 
0.2558 0.2238 0.2878 0.2326 
0.2456 0.2805 0.2137 0.2602 

MOTIF filter20 
letter-probability matrix: alength= 4 w= 14 nsites= 14 
0.1847 0.1480 0.0915 0.5758 
0.0818 0.1239 0.5644 0.2298 
0.3574 0.3556 0.1354 0.1516 
0.0277 0.9025 0.0379 0.0319 
0.0205 0.8520 0.0415 0.0860 
0.6805 0.0373 0.0349 0.2473 
0.1065 0.0150 0.0138 0.8646 
0.9019 0.0265 0.0493 0.0223 
0.0054 0.0295 0.0313 0.9338 
0.8911 0.0289 0.0054 0.0746 
0.2401 0.0337 0.0277 0.6986 
0.0469 0.0493 0.8736 0.0301 
0.0313 0.0481 0.8995 0.0211 
0.1522 0.1083 0.3688 0.3706 

MOTIF filter21 
letter-probability matrix: alength= 4 w= 12 nsites= 12 
0.2391 0.1485 0.3734 0.2391 
0.2962 0.1808 0.3151 0.2080 
0.2934 0.2895 0.3844 0.0327 
0.0362 0.0150 0.0189 0.9299 
0.0083 0.1111 0.8480 0.0327 
0.9362 0.0457 0.0032 0.0150 
0.0028 0.4033 0.3025 0.2915 
0.0796 0.0114 0.0043 0.9047 
0.0138 0.7597 0.2095 0.0169 
0.6782 0.0461 0.2572 0.0185 
0.0532 0.3576 0.1918 0.3974 
0.1650 0.3230 0.2123 0.2997 

MOTIF filter22 
letter-probability matrix: alength= 4 w= 15 nsites= 15 
0.2046 0.2622 0.2622 0.2709 
0.1499 0.2017 0.3660 0.2824 
0.0144 0.4755 0.2248 0.2853 
0.0720 0.6513 0.1383 0.1383 
0.6974 0.0115 0.2709 0.0202 
0.0000 0.9568 0.0029 0.0403 
0.0000 0.0000 0.0000 1.0000 
0.0000 0.0000 0.0000 1.0000 
0.0000 1.0000 0.0000 0.0000 
0.0000 1.0000 0.0000 0.0000 
0.0000 0.0000 0.9395 0.0605 
0.0000 0.1787 0.7983 0.0231 
0.2277 0.2190 0.2277 0.3256 
0.1729 0.2536 0.2594 0.3141 
0.2738 0.2133 0.2248 0.2882 

MOTIF filter23 
letter-probability matrix: alength= 4 w= 14 nsites= 14 
0.2625 0.2261 0.2816 0.2299 
0.5977 0.0498 0.1322 0.2203 
0.4655 0.0958 0.1897 0.2490 
0.2395 0.0000 0.0000 0.7605 
0.1992 0.5307 0.0096 0.2605 
0.3927 0.0000 0.0000 0.6073 
0.0000 0.0000 1.0000 0.0000 
0.0000 1.0000 0.0000 0.0000 
0.3410 0.0000 0.0000 0.6590 
0.1111 0.0019 0.8372 0.0498 
0.8410 0.0077 0.0000 0.1513 
0.1073 0.2912 0.2241 0.3774 
0.2107 0.1207 0.0594 0.6092 
0.1724 0.3946 0.1743 0.2586 

MOTIF filter24 
letter-probability matrix: alength= 4 w= 14 nsites= 14 
0.2546 0.2418 0.2524 0.2512 
0.2671 0.2594 0.2260 0.2475 
0.3954 0.1972 0.3391 0.0683 
0.0418 0.0446 0.0542 0.8593 
0.0275 0.0373 0.1865 0.7487 
0.3077 0.0304 0.4691 0.1928 
0.1017 0.6045 0.0829 0.2109 
0.2231 0.0813 0.6025 0.0931 
0.1902 0.4972 0.0184 0.2942 
0.7360 0.1849 0.0346 0.0445 
0.8651 0.0478 0.0472 0.0399 
0.0863 0.3111 0.1943 0.4083 
0.2468 0.2631 0.2464 0.2438 
0.2464 0.2333 0.2547 0.2656 

MOTIF filter25 
letter-probability matrix: alength= 4 w= 16 nsites= 16 
0.4211 0.2197 0.1670 0.1922 
0.0778 0.3318 0.1373 0.4531 
0.0778 0.3066 0.3799 0.2357 
0.4256 0.1190 0.4554 0.0000 
0.5721 0.0023 0.3776 0.0481 
0.0000 1.0000 0.0000 0.0000 
0.0000 1.0000 0.0000 0.0000 
1.0000 0.0000 0.0000 0.0000 
1.0000 0.0000 0.0000 0.0000 
0.0000 0.0000 0.0000 1.0000 
0.0458 0.7391 0.2151 0.0000 
0.8261 0.0023 0.1693 0.0023 
0.0892 0.1098 0.7826 0.0183 
0.2082 0.2677 0.2471 0.2769 
0.2677 0.1922 0.2792 0.2609 
0.2220 0.2929 0.2334 0.2517 

MOTIF filter26 
letter-probability matrix: alength= 4 w= 16 nsites= 16 
0.2460 0.2587 0.2492 0.2460 
0.2408 0.2703 0.2503 0.2386 
0.1204 0.0697 0.3495 0.4604 
0.0486 0.8469 0.0021 0.1024 
0.0000 0.0063 0.0000 0.9937 
0.9968 0.0011 0.0000 0.0021 
0.3062 0.0000 0.0063 0.6874 
0.4942 0.0042 0.0011 0.5005 
0.5892 0.0000 0.0011 0.4097 
0.7159 0.0011 0.0000 0.2830 
0.0000 0.0011 0.0000 0.9989 
0.9926 0.0000 0.0032 0.0042 
0.1130 0.0032 0.8553 0.0285 
0.4541 0.3580 0.0570 0.1309 
0.2841 0.2249 0.2566 0.2344 
0.2386 0.2788 0.2376 0.2450 

MOTIF filter27 
letter-probability matrix: alength= 4 w= 12 nsites= 12 
0.2484 0.2657 0.2513 0.2347 
0.3018 0.2635 0.2238 0.2108 
0.2238 0.2217 0.2397 0.3148 
0.8173 0.0000 0.0000 0.1827 
0.0000 0.0000 0.0000 1.0000 
0.0000 0.1422 0.0000 0.8578 
0.9480 0.0000 0.0520 0.0000 
1.0000 0.0000 0.0000 0.0000 
0.3437 0.0000 0.0000 0.6563 
0.2953 0.2412 0.2903 0.1733 
0.2123 0.2751 0.2671 0.2455 
0.2383 0.2462 0.2245 0.2910 

MOTIF filter28 
letter-probability matrix: alength= 4 w= 16 nsites= 16 
0.2632 0.2506 0.2356 0.2506 
0.2406 0.2857 0.2531 0.2206 
0.2506 0.2356 0.2632 0.2506 
0.1228 0.0226 0.6667 0.1880 
0.0977 0.6842 0.1228 0.0952 
0.2907 0.3258 0.2581 0.1253 
0.0752 0.0000 0.7995 0.1253 
0.0000 1.0000 0.0000 0.0000 
0.0000 1.0000 0.0000 0.0000 
1.0000 0.0000 0.0000 0.0000 
0.0000 0.0000 0.0000 1.0000 
0.0100 0.4662 0.1529 0.3709 
0.0000 0.0251 0.0025 0.9724 
0.0000 0.0100 0.0000 0.9900 
0.1003 0.0827 0.6717 0.1454 
0.2907 0.2281 0.2431 0.2381 

MOTIF filter29 
letter-probability matrix: alength= 4 w= 13 nsites= 13 
0.2391 0.2598 0.2732 0.2280 
0.1405 0.2347 0.4585 0.1663 
0.0244 0.7746 0.1728 0.0282 
0.5593 0.3400 0.0143 0.0864 
0.7936 0.0084 0.1343 0.0636 
0.1328 0.0816 0.2171 0.5685 
0.3733 0.3427 0.1263 0.1577 
0.0336 0.0608 0.1310 0.7746 
0.1571 0.1897 0.3953 0.2580 
0.0804 0.0538 0.7701 0.0957 
0.1336 0.4057 0.3103 0.1505 
0.2628 0.1827 0.3614 0.1931 
0.2108 0.1378 0.4880 0.1634 

MOTIF filter30 
letter-probability matrix: alength= 4 w= 16 nsites= 16 
0.2227 0.2497 0.2603 0.2673 
0.1970 0.2872 0.2790 0.2368 
0.2907 0.2415 0.2157 0.2521 
0.1653 0.0739 0.0399 0.7210 
0.0317 0.0727 0.6741 0.2216 
0.4080 0.3927 0.0750 0.1243 
0.0047 0.9906 0.0023 0.0023 
0.0012 0.9859 0.0047 0.0082 
0.8394 0.0000 0.0035 0.1571 
0.0176 0.0000 0.0000 0.9824 
0.9930 0.0047 0.0023 0.0000 
0.0000 0.0012 0.0012 0.9977 
0.9859 0.0000 0.0000 0.0141 
0.1547 0.0023 0.0012 0.8417 
0.0023 0.0094 0.9883 0.0000 
0.0000 0.0000 0.9965 0.0035 

MOTIF filter31 
letter-probability matrix: alength= 4 w= 18 nsites= 18 
0.2341 0.2136 0.2750 0.2773 
0.2909 0.3114 0.1955 0.2023 
0.2364 0.2705 0.3568 0.1364 
0.0545 0.0227 0.0045 0.9182 
0.0364 0.2727 0.5091 0.1818 
0.7136 0.2432 0.0182 0.0250 
0.0000 0.8614 0.1364 0.0023 
0.0000 1.0000 0.0000 0.0000 
0.9227 0.0023 0.0000 0.0750 
0.0568 0.0159 0.0000 0.9273 
0.9409 0.0091 0.0000 0.0500 
0.0227 0.0000 0.0000 0.9773 
0.8977 0.0068 0.0000 0.0955 
0.1659 0.0136 0.0364 0.7841 
0.0318 0.0295 0.9136 0.0250 
0.0159 0.0318 0.9182 0.0341 
0.1500 0.0636 0.3045 0.4818 
0.2318 0.6773 0.0523 0.0386 

