MEME version 4

ALPHABET= ACGT

Background letter frequencies:
A 0.2500 C 0.2500 G 0.2500 T 0.2500 

MOTIF filter0 
letter-probability matrix: alength= 4 w= 11 nsites= 11 
0.3038 0.5048 0.0742 0.1172 
0.2344 0.1603 0.0478 0.5574 
0.2775 0.1411 0.3445 0.2368 
0.6340 0.0383 0.1005 0.2273 
0.1531 0.3110 0.5167 0.0191 
0.0000 0.0000 0.0000 1.0000 
0.0048 0.9952 0.0000 0.0000 
1.0000 0.0000 0.0000 0.0000 
0.0000 0.0000 0.9593 0.0407 
0.0000 1.0000 0.0000 0.0000 
1.0000 0.0000 0.0000 0.0000 

MOTIF filter1 
letter-probability matrix: alength= 4 w= 13 nsites= 13 
0.2601 0.2273 0.2652 0.2475 
0.2702 0.2273 0.2374 0.2652 
0.2298 0.2904 0.2475 0.2323 
0.2803 0.0404 0.6237 0.0556 
0.1313 0.0000 0.7904 0.0783 
0.1793 0.0000 0.8207 0.0000 
0.0000 0.0000 1.0000 0.0000 
0.0000 0.0000 1.0000 0.0000 
0.3258 0.5303 0.0000 0.1439 
0.0000 0.0000 1.0000 0.0000 
0.0000 0.0000 1.0000 0.0000 
0.1742 0.0000 0.8182 0.0076 
0.2045 0.0202 0.7753 0.0000 

MOTIF filter2 
letter-probability matrix: alength= 4 w= 14 nsites= 14 
0.2210 0.3315 0.2052 0.2424 
0.3348 0.2097 0.2018 0.2537 
0.0507 0.4160 0.0970 0.4363 
0.0474 0.0023 0.0000 0.9504 
0.0000 0.0552 0.0011 0.9436 
0.0113 0.9831 0.0045 0.0011 
0.0169 0.7204 0.0090 0.2537 
0.2773 0.0203 0.5457 0.1567 
0.0034 0.0180 0.9786 0.0000 
0.1499 0.0823 0.6663 0.1015 
0.7768 0.0000 0.1601 0.0631 
0.7328 0.0823 0.1150 0.0699 
0.3495 0.0992 0.2852 0.2661 
0.2131 0.3799 0.2379 0.1691 

MOTIF filter3 
letter-probability matrix: alength= 4 w= 13 nsites= 13 
0.2875 0.2579 0.2495 0.2051 
0.2706 0.2875 0.2241 0.2178 
0.0867 0.1945 0.4778 0.2410 
0.0000 0.7780 0.0275 0.1945 
0.0021 0.8076 0.0000 0.1903 
0.0000 1.0000 0.0000 0.0000 
0.0000 1.0000 0.0000 0.0000 
0.1163 0.0000 0.5793 0.3044 
0.0000 1.0000 0.0000 0.0000 
0.0000 1.0000 0.0000 0.0000 
0.0000 0.7865 0.0000 0.2135 
0.0973 0.7632 0.0000 0.1395 
0.0465 0.6131 0.0677 0.2727 

MOTIF filter4 
letter-probability matrix: alength= 4 w= 9 nsites= 9 
0.2548 0.2630 0.2545 0.2277 
0.3533 0.2355 0.2452 0.1660 
0.2594 0.2949 0.2653 0.1804 
0.0745 0.8391 0.0503 0.0362 
0.7874 0.0259 0.1276 0.0591 
0.0409 0.7343 0.0380 0.1868 
0.2085 0.0405 0.7240 0.0270 
0.0750 0.0887 0.0399 0.7965 
0.0249 0.0280 0.8818 0.0652 

MOTIF filter5 
letter-probability matrix: alength= 4 w= 14 nsites= 14 
0.2529 0.2666 0.2487 0.2318 
0.2392 0.2666 0.2561 0.2381 
0.1201 0.0706 0.3456 0.4636 
0.0390 0.8440 0.0000 0.1170 
0.0000 0.0000 0.0000 1.0000 
1.0000 0.0000 0.0000 0.0000 
0.2761 0.0000 0.0042 0.7197 
0.4573 0.0000 0.0000 0.5427 
0.5469 0.0000 0.0011 0.4521 
0.6839 0.0032 0.0000 0.3130 
0.0011 0.0011 0.0000 0.9979 
0.9937 0.0000 0.0063 0.0000 
0.1085 0.0011 0.8451 0.0453 
0.4447 0.3593 0.0548 0.1412 

MOTIF filter6 
letter-probability matrix: alength= 4 w= 15 nsites= 15 
0.2552 0.2375 0.2435 0.2637 
0.2609 0.2382 0.2380 0.2629 
0.1948 0.2510 0.1921 0.3622 
0.0429 0.1085 0.0387 0.8100 
0.0267 0.0293 0.1541 0.7899 
0.2302 0.6528 0.0414 0.0756 
0.0950 0.5566 0.0111 0.3373 
0.2554 0.2317 0.2636 0.2493 
0.3107 0.0145 0.5992 0.0756 
0.0467 0.0404 0.7196 0.1934 
0.8149 0.1214 0.0383 0.0254 
0.8565 0.0565 0.0644 0.0226 
0.3773 0.1834 0.2265 0.2128 
0.2399 0.2549 0.2411 0.2641 
0.2510 0.2425 0.2704 0.2362 

MOTIF filter7 
letter-probability matrix: alength= 4 w= 16 nsites= 16 
0.2693 0.1981 0.2910 0.2415 
0.5913 0.0743 0.1146 0.2198 
0.1765 0.3251 0.4799 0.0186 
0.0000 0.0000 0.0000 1.0000 
0.0093 0.9907 0.0000 0.0000 
1.0000 0.0000 0.0000 0.0000 
0.0000 0.0000 0.9257 0.0743 
0.0000 0.9969 0.0031 0.0000 
1.0000 0.0000 0.0000 0.0000 
0.4923 0.1889 0.0588 0.2601 
0.3932 0.0433 0.0000 0.5635 
0.4334 0.0341 0.0000 0.5325 
0.3189 0.0898 0.0093 0.5820 
0.2508 0.2384 0.2570 0.2539 
0.2539 0.2817 0.2291 0.2353 
0.2136 0.3034 0.2415 0.2415 

MOTIF filter8 
letter-probability matrix: alength= 4 w= 12 nsites= 12 
0.2277 0.2547 0.2661 0.2516 
0.4044 0.1975 0.2557 0.1424 
0.2214 0.3077 0.3202 0.1507 
0.0000 1.0000 0.0000 0.0000 
1.0000 0.0000 0.0000 0.0000 
0.0000 1.0000 0.0000 0.0000 
0.0000 0.0000 1.0000 0.0000 
0.0000 0.0000 0.0000 1.0000 
0.0000 0.0000 1.0000 0.0000 
0.1351 0.3025 0.3274 0.2349 
0.1528 0.2464 0.1684 0.4324 
0.2370 0.2536 0.2484 0.2609 

MOTIF filter9 
letter-probability matrix: alength= 4 w= 12 nsites= 12 
0.2462 0.2643 0.2332 0.2563 
0.2655 0.2475 0.2303 0.2567 
0.2559 0.2324 0.2404 0.2714 
0.6355 0.0000 0.0000 0.3645 
0.0000 0.0000 0.0000 1.0000 
0.0000 0.1309 0.0000 0.8691 
0.7940 0.0000 0.2060 0.0000 
1.0000 0.0000 0.0000 0.0000 
0.3297 0.0000 0.0000 0.6703 
0.2538 0.2441 0.2395 0.2626 
0.2529 0.2454 0.2517 0.2500 
0.2672 0.2370 0.2437 0.2521 

MOTIF filter10 
letter-probability matrix: alength= 4 w= 17 nsites= 17 
0.2557 0.2785 0.2506 0.2152 
0.2354 0.2430 0.2658 0.2557 
0.1114 0.0152 0.7038 0.1696 
0.0861 0.7063 0.1139 0.0937 
0.2835 0.3165 0.2633 0.1367 
0.0911 0.0051 0.7848 0.1190 
0.0000 1.0000 0.0000 0.0000 
0.0000 1.0000 0.0000 0.0000 
1.0000 0.0000 0.0000 0.0000 
0.0000 0.0000 0.0000 1.0000 
0.0076 0.4557 0.1519 0.3848 
0.0000 0.0405 0.0051 0.9544 
0.0000 0.0177 0.0000 0.9823 
0.0886 0.0911 0.6785 0.1418 
0.2785 0.2203 0.2481 0.2532 
0.2051 0.2937 0.2456 0.2557 
0.2456 0.2785 0.2456 0.2304 

MOTIF filter11 
letter-probability matrix: alength= 4 w= 16 nsites= 16 
0.2599 0.2679 0.2016 0.2706 
0.1538 0.6578 0.1273 0.0610 
0.9973 0.0000 0.0027 0.0000 
0.9841 0.0027 0.0133 0.0000 
0.4271 0.0849 0.4642 0.0239 
1.0000 0.0000 0.0000 0.0000 
0.0000 0.0000 0.0000 1.0000 
0.0000 0.0000 1.0000 0.0000 
0.0000 0.0000 1.0000 0.0000 
0.0557 0.8462 0.0000 0.0981 
0.1300 0.1910 0.4164 0.2626 
0.0875 0.0849 0.7613 0.0663 
0.1379 0.7294 0.0318 0.1008 
0.2679 0.2255 0.2069 0.2997 
0.2334 0.2361 0.2971 0.2334 
0.2546 0.2387 0.2732 0.2334 

MOTIF filter12 
letter-probability matrix: alength= 4 w= 14 nsites= 14 
0.5421 0.0684 0.0974 0.2921 
0.4842 0.0000 0.0158 0.5000 
0.2868 0.1421 0.1763 0.3947 
0.0000 0.0000 0.0000 1.0000 
0.0000 0.0000 1.0000 0.0000 
0.0289 0.9711 0.0000 0.0000 
0.0000 0.0000 0.0000 1.0000 
0.0000 0.0000 0.9895 0.0105 
1.0000 0.0000 0.0000 0.0000 
0.0316 0.4921 0.3105 0.1658 
0.1895 0.1263 0.0553 0.6289 
0.1842 0.3500 0.1526 0.3132 
0.4868 0.0526 0.2132 0.2474 
0.1763 0.0658 0.5026 0.2553 

MOTIF filter13 
letter-probability matrix: alength= 4 w= 15 nsites= 15 
0.1565 0.0758 0.5672 0.2005 
0.0978 0.6626 0.1540 0.0856 
0.2836 0.3399 0.2469 0.1296 
0.0636 0.0000 0.8117 0.1247 
0.0000 1.0000 0.0000 0.0000 
0.0000 1.0000 0.0000 0.0000 
1.0000 0.0000 0.0000 0.0000 
0.0000 0.0000 0.0000 1.0000 
0.0171 0.4768 0.1443 0.3619 
0.0000 0.0269 0.0000 0.9731 
0.0000 0.0024 0.0000 0.9976 
0.1051 0.0929 0.6650 0.1369 
0.2910 0.2445 0.2323 0.2323 
0.2200 0.2787 0.2592 0.2421 
0.2421 0.2592 0.2469 0.2518 

MOTIF filter14 
letter-probability matrix: alength= 4 w= 14 nsites= 14 
0.2537 0.2432 0.2525 0.2506 
0.2643 0.2619 0.2252 0.2486 
0.3948 0.1957 0.3349 0.0746 
0.0414 0.0435 0.0537 0.8614 
0.0271 0.0359 0.1990 0.7381 
0.3102 0.0330 0.4678 0.1890 
0.1061 0.5993 0.0828 0.2118 
0.2220 0.0844 0.5955 0.0982 
0.1905 0.4949 0.0210 0.2937 
0.7195 0.1959 0.0371 0.0475 
0.8591 0.0504 0.0573 0.0332 
0.0851 0.3110 0.1939 0.4100 
0.2466 0.2624 0.2429 0.2481 
0.2466 0.2328 0.2552 0.2654 

MOTIF filter15 
letter-probability matrix: alength= 4 w= 16 nsites= 16 
0.3879 0.2177 0.1875 0.2069 
0.0970 0.3362 0.1336 0.4332 
0.0733 0.3103 0.3836 0.2328 
0.4203 0.1422 0.4332 0.0043 
0.5496 0.0065 0.3793 0.0647 
0.0000 1.0000 0.0000 0.0000 
0.0000 1.0000 0.0000 0.0000 
1.0000 0.0000 0.0000 0.0000 
1.0000 0.0000 0.0000 0.0000 
0.0000 0.0000 0.0000 1.0000 
0.0388 0.7392 0.2220 0.0000 
0.8405 0.0043 0.1552 0.0000 
0.1034 0.1034 0.7672 0.0259 
0.2155 0.2586 0.2457 0.2802 
0.2629 0.2091 0.2672 0.2608 
0.2263 0.2759 0.2349 0.2629 

MOTIF filter16 
letter-probability matrix: alength= 4 w= 17 nsites= 17 
0.2149 0.2873 0.2566 0.2412 
0.2566 0.2566 0.2193 0.2675 
0.1711 0.6140 0.1425 0.0724 
0.9825 0.0000 0.0175 0.0000 
0.9693 0.0022 0.0285 0.0000 
0.4101 0.1096 0.4583 0.0219 
1.0000 0.0000 0.0000 0.0000 
0.0000 0.0000 0.0000 1.0000 
0.0000 0.0000 1.0000 0.0000 
0.0000 0.0000 1.0000 0.0000 
0.0965 0.7961 0.0000 0.1075 
0.1228 0.2171 0.3860 0.2741 
0.1118 0.1096 0.7039 0.0746 
0.1579 0.7061 0.0461 0.0899 
0.2434 0.2412 0.2390 0.2763 
0.2281 0.2346 0.2851 0.2522 
0.2785 0.2346 0.2588 0.2281 

MOTIF filter17 
letter-probability matrix: alength= 4 w= 13 nsites= 13 
0.2403 0.2163 0.2495 0.2939 
0.2255 0.3346 0.2458 0.1941 
0.0518 0.7800 0.1664 0.0018 
0.0481 0.9409 0.0000 0.0111 
0.0018 0.0055 0.9797 0.0129 
0.0000 0.0000 1.0000 0.0000 
0.9945 0.0018 0.0000 0.0037 
0.9908 0.0074 0.0000 0.0018 
0.1238 0.0074 0.8688 0.0000 
0.0203 0.3438 0.0314 0.6044 
0.1793 0.1553 0.6026 0.0628 
0.2495 0.2440 0.4399 0.0665 
0.2070 0.3494 0.2569 0.1867 

MOTIF filter18 
letter-probability matrix: alength= 4 w= 15 nsites= 15 
0.1816 0.1556 0.0749 0.5879 
0.1046 0.1285 0.5312 0.2357 
0.3392 0.3585 0.1389 0.1634 
0.0276 0.8704 0.0520 0.0499 
0.0328 0.8767 0.0265 0.0640 
0.6457 0.0531 0.0614 0.2399 
0.1452 0.0130 0.0349 0.8070 
0.9069 0.0140 0.0578 0.0213 
0.0042 0.0541 0.0364 0.9053 
0.8637 0.0166 0.0385 0.0812 
0.2435 0.0286 0.0343 0.6935 
0.0479 0.0499 0.8377 0.0645 
0.0401 0.0640 0.8543 0.0416 
0.1811 0.1238 0.3429 0.3522 
0.2367 0.5208 0.1446 0.0978 

MOTIF filter19 
letter-probability matrix: alength= 4 w= 19 nsites= 19 
0.1947 0.1784 0.1379 0.4890 
0.1064 0.1193 0.5324 0.2420 
0.3596 0.3393 0.1334 0.1677 
0.0219 0.8970 0.0506 0.0304 
0.0259 0.8351 0.0867 0.0523 
0.6809 0.0366 0.0428 0.2397 
0.0585 0.0326 0.0310 0.8779 
0.8841 0.0377 0.0281 0.0501 
0.0135 0.0343 0.0315 0.9207 
0.8582 0.0563 0.0051 0.0805 
0.2234 0.0726 0.0338 0.6702 
0.0400 0.0777 0.8700 0.0124 
0.0326 0.0456 0.8959 0.0259 
0.1356 0.1182 0.3680 0.3782 
0.2527 0.5318 0.1322 0.0833 
0.6117 0.0456 0.0940 0.2487 
0.2358 0.2774 0.2397 0.2470 
0.2133 0.2831 0.2662 0.2375 
0.2414 0.2369 0.2515 0.2701 

MOTIF filter20 
letter-probability matrix: alength= 4 w= 14 nsites= 14 
0.1538 0.1953 0.3846 0.2663 
0.0118 0.5237 0.1923 0.2722 
0.1036 0.6154 0.1243 0.1568 
0.6775 0.0207 0.2751 0.0266 
0.0000 0.9172 0.0266 0.0562 
0.0000 0.0000 0.0030 0.9970 
0.0030 0.0000 0.0000 0.9970 
0.0000 1.0000 0.0000 0.0000 
0.0000 1.0000 0.0000 0.0000 
0.0000 0.0000 0.9793 0.0207 
0.0000 0.1361 0.8580 0.0059 
0.3639 0.1420 0.2544 0.2396 
0.3639 0.2160 0.2160 0.2041 
0.2308 0.2160 0.2899 0.2633 

MOTIF filter21 
letter-probability matrix: alength= 4 w= 13 nsites= 13 
0.2601 0.2400 0.2340 0.2659 
0.2302 0.2216 0.3140 0.2341 
0.3554 0.2390 0.3150 0.0906 
0.0622 0.0731 0.0808 0.7839 
0.0421 0.0452 0.7547 0.1581 
0.7687 0.0801 0.0964 0.0548 
0.0992 0.4021 0.4127 0.0860 
0.0544 0.0628 0.0956 0.7871 
0.1553 0.7262 0.0613 0.0572 
0.8339 0.0502 0.0609 0.0550 
0.0878 0.3201 0.2557 0.3364 
0.2250 0.3174 0.2210 0.2366 
0.2564 0.2203 0.2607 0.2625 

MOTIF filter22 
letter-probability matrix: alength= 4 w= 14 nsites= 14 
0.2433 0.2471 0.2510 0.2586 
0.1939 0.2433 0.2586 0.3042 
0.2129 0.1863 0.3384 0.2624 
0.2662 0.0456 0.6236 0.0646 
0.0951 0.0000 0.8441 0.0608 
0.1673 0.0000 0.8327 0.0000 
0.0000 0.0000 1.0000 0.0000 
0.0000 0.0000 1.0000 0.0000 
0.2928 0.5856 0.0000 0.1217 
0.0000 0.0000 1.0000 0.0000 
0.0000 0.0000 1.0000 0.0000 
0.1179 0.0000 0.8821 0.0000 
0.1711 0.0114 0.8175 0.0000 
0.1407 0.7148 0.1331 0.0114 

MOTIF filter23 
letter-probability matrix: alength= 4 w= 20 nsites= 20 
0.2333 0.2667 0.3000 0.2000 
0.0333 0.9333 0.0000 0.0333 
0.2667 0.1667 0.5667 0.0000 
0.0000 0.1667 0.0000 0.8333 
0.1333 0.2667 0.5333 0.0667 
0.1333 0.1667 0.7000 0.0000 
0.1667 0.0000 0.6667 0.1667 
0.1000 0.4333 0.3333 0.1333 
0.0000 0.6667 0.3333 0.0000 
0.0333 0.2333 0.5667 0.1667 
0.0333 0.0333 0.8000 0.1333 
0.1000 0.8000 0.0333 0.0667 
0.0667 0.5667 0.3000 0.0667 
0.0000 0.5667 0.4000 0.0333 
0.0000 0.0333 0.8667 0.1000 
0.2000 0.3000 0.3000 0.2000 
0.8667 0.0333 0.1000 0.0000 
0.0667 0.1000 0.3000 0.5333 
0.0667 0.5000 0.4333 0.0000 
0.0667 0.3000 0.4333 0.2000 

MOTIF filter24 
letter-probability matrix: alength= 4 w= 18 nsites= 18 
0.2105 0.5167 0.1053 0.1675 
0.2249 0.2057 0.1651 0.4043 
0.2847 0.1794 0.3493 0.1866 
0.6866 0.0120 0.1077 0.1938 
0.4187 0.1316 0.2632 0.1866 
0.0861 0.0024 0.0024 0.9091 
0.1627 0.6962 0.0048 0.1364 
0.6818 0.0000 0.0000 0.3182 
0.0000 0.0000 0.9976 0.0024 
0.0024 0.9976 0.0000 0.0000 
0.5789 0.0000 0.0000 0.4211 
0.2751 0.0455 0.5120 0.1675 
0.7081 0.0024 0.0000 0.2895 
0.1459 0.2057 0.0957 0.5526 
0.2440 0.0909 0.0072 0.6579 
0.2512 0.2990 0.1986 0.2512 
0.3325 0.1746 0.1914 0.3014 
0.2177 0.1818 0.3780 0.2225 

MOTIF filter25 
letter-probability matrix: alength= 4 w= 13 nsites= 13 
0.0782 0.4354 0.2245 0.2619 
0.0646 0.6361 0.1633 0.1361 
0.7109 0.0068 0.2653 0.0170 
0.0000 0.9796 0.0034 0.0170 
0.0000 0.0000 0.0000 1.0000 
0.0000 0.0000 0.0000 1.0000 
0.0000 1.0000 0.0000 0.0000 
0.0102 0.9898 0.0000 0.0000 
0.0000 0.0000 0.9762 0.0238 
0.0034 0.1735 0.8061 0.0170 
0.2041 0.2449 0.2245 0.3265 
0.1088 0.2857 0.2721 0.3333 
0.2789 0.2279 0.2041 0.2891 

MOTIF filter26 
letter-probability matrix: alength= 4 w= 12 nsites= 12 
0.2322 0.2357 0.2351 0.2970 
0.2297 0.2113 0.2500 0.3090 
0.2324 0.2606 0.2107 0.2962 
0.0726 0.6101 0.2732 0.0441 
0.2148 0.7030 0.0495 0.0327 
0.0298 0.0263 0.8895 0.0544 
0.0406 0.0834 0.8346 0.0414 
0.8307 0.0604 0.0699 0.0391 
0.8676 0.0503 0.0408 0.0412 
0.2368 0.1651 0.5559 0.0422 
0.1674 0.2802 0.1074 0.4450 
0.2440 0.1740 0.4075 0.1745 

MOTIF filter27 
letter-probability matrix: alength= 4 w= 15 nsites= 15 
0.2650 0.3073 0.2094 0.2183 
0.2650 0.2517 0.2383 0.2450 
0.2383 0.2517 0.2428 0.2673 
0.0156 0.7572 0.1247 0.1024 
0.0000 0.1893 0.0089 0.8018 
0.0000 0.2673 0.6927 0.0401 
1.0000 0.0000 0.0000 0.0000 
0.0000 0.0000 0.0000 1.0000 
0.0000 0.0000 0.0000 1.0000 
0.0000 0.0000 1.0000 0.0000 
0.0000 0.0000 1.0000 0.0000 
0.0468 0.4031 0.0089 0.5412 
0.0245 0.4232 0.1425 0.4098 
0.1871 0.4098 0.3163 0.0869 
0.4521 0.1425 0.3140 0.0913 

MOTIF filter28 
letter-probability matrix: alength= 4 w= 15 nsites= 15 
0.2347 0.2274 0.2213 0.3166 
0.2117 0.2531 0.2936 0.2415 
0.2058 0.1534 0.2850 0.3558 
0.1243 0.6824 0.0323 0.1609 
0.0130 0.2153 0.0453 0.7264 
0.8869 0.0385 0.0464 0.0282 
0.2870 0.0221 0.0562 0.6346 
0.4935 0.0428 0.0173 0.4464 
0.4191 0.0264 0.0296 0.5249 
0.6595 0.0321 0.0189 0.2896 
0.0414 0.0453 0.0687 0.8445 
0.7175 0.0353 0.2044 0.0428 
0.1823 0.0476 0.6720 0.0981 
0.3321 0.2884 0.1673 0.2122 
0.2283 0.3000 0.2499 0.2217 

MOTIF filter29 
letter-probability matrix: alength= 4 w= 11 nsites= 11 
0.1121 0.3188 0.3163 0.2528 
0.3499 0.1905 0.4147 0.0448 
0.4508 0.0635 0.3960 0.0897 
0.0000 0.9913 0.0062 0.0025 
0.0000 0.7597 0.0000 0.2403 
0.7385 0.0299 0.2279 0.0037 
1.0000 0.0000 0.0000 0.0000 
0.0000 0.0000 0.0000 1.0000 
0.0286 0.5056 0.1519 0.3138 
0.5305 0.0012 0.4645 0.0037 
0.0411 0.0648 0.8842 0.0100 

MOTIF filter30 
letter-probability matrix: alength= 4 w= 15 nsites= 15 
0.2777 0.2471 0.2144 0.2608 
0.2756 0.2460 0.2418 0.2365 
0.1531 0.2027 0.1595 0.4847 
0.0000 0.0000 0.0000 1.0000 
0.0000 0.0000 0.0000 1.0000 
0.0813 0.9187 0.0000 0.0000 
0.0053 0.7856 0.0000 0.2091 
0.2418 0.2365 0.2323 0.2893 
0.2418 0.0000 0.7423 0.0158 
0.0000 0.0011 0.9134 0.0855 
0.9926 0.0074 0.0000 0.0000 
1.0000 0.0000 0.0000 0.0000 
0.4974 0.1478 0.2080 0.1468 
0.2429 0.2714 0.2397 0.2460 
0.2661 0.2355 0.2492 0.2492 

MOTIF filter31 
letter-probability matrix: alength= 4 w= 14 nsites= 14 
0.2390 0.2642 0.2358 0.2610 
0.5755 0.0000 0.0818 0.3428 
0.6792 0.0000 0.0094 0.3113 
0.4465 0.0157 0.0503 0.4874 
0.2736 0.1384 0.1667 0.4214 
0.0031 0.0000 0.0000 0.9969 
0.0000 0.0000 1.0000 0.0000 
0.0755 0.9245 0.0000 0.0000 
0.0000 0.0000 0.0000 1.0000 
0.0000 0.0000 0.9811 0.0189 
1.0000 0.0000 0.0000 0.0000 
0.0314 0.5440 0.3113 0.1132 
0.2201 0.1541 0.0660 0.5597 
0.1855 0.3962 0.1101 0.3082 

