MEME version 4

ALPHABET= ACGT

Background letter frequencies:
A 0.2500 C 0.2500 G 0.2500 T 0.2500 

MOTIF filter0 
letter-probability matrix: alength= 4 w= 16 nsites= 16 
0.2380 0.2380 0.2601 0.2638 
0.2074 0.2859 0.2736 0.2331 
0.2920 0.2442 0.2258 0.2380 
0.1607 0.0712 0.0442 0.7239 
0.0307 0.0724 0.6724 0.2245 
0.4196 0.3926 0.0650 0.1227 
0.0012 0.9963 0.0000 0.0025 
0.0000 0.9951 0.0000 0.0049 
0.8380 0.0000 0.0086 0.1534 
0.0172 0.0000 0.0037 0.9791 
0.9988 0.0012 0.0000 0.0000 
0.0000 0.0000 0.0000 1.0000 
0.9828 0.0000 0.0000 0.0172 
0.1399 0.0012 0.0000 0.8589 
0.0000 0.0000 1.0000 0.0000 
0.0000 0.0000 1.0000 0.0000 

MOTIF filter1 
letter-probability matrix: alength= 4 w= 20 nsites= 20 
0.2289 0.2892 0.2319 0.2500 
0.0271 0.1295 0.6054 0.2380 
0.1145 0.5723 0.0422 0.2711 
0.1084 0.2741 0.4910 0.1265 
0.2440 0.2952 0.3102 0.1506 
0.5572 0.3765 0.0060 0.0602 
0.0211 0.5331 0.4428 0.0030 
0.0753 0.5994 0.2892 0.0361 
0.1386 0.5572 0.0000 0.3042 
0.0542 0.5211 0.0271 0.3976 
0.1024 0.0873 0.0181 0.7922 
0.0060 0.2922 0.6898 0.0120 
0.2139 0.1476 0.2982 0.3404 
0.0843 0.3614 0.0060 0.5482 
0.3253 0.4819 0.0030 0.1898 
0.1596 0.0000 0.6627 0.1777 
0.5693 0.0633 0.2590 0.1084 
0.0151 0.2801 0.6114 0.0934 
0.1627 0.3675 0.3434 0.1265 
0.2410 0.1566 0.5120 0.0904 

MOTIF filter2 
letter-probability matrix: alength= 4 w= 15 nsites= 15 
0.2640 0.2416 0.2116 0.2828 
0.2285 0.2772 0.2360 0.2584 
0.1255 0.1461 0.0955 0.6330 
0.0000 0.0000 0.0000 1.0000 
0.0000 0.0000 0.0000 1.0000 
0.0131 0.9869 0.0000 0.0000 
0.0000 0.9457 0.0000 0.0543 
0.1985 0.2828 0.1742 0.3446 
0.2678 0.0000 0.7228 0.0094 
0.0000 0.0000 0.9588 0.0412 
1.0000 0.0000 0.0000 0.0000 
1.0000 0.0000 0.0000 0.0000 
0.6217 0.0899 0.1742 0.1142 
0.2266 0.2846 0.2303 0.2584 
0.2547 0.2453 0.2360 0.2640 

MOTIF filter3 
letter-probability matrix: alength= 4 w= 17 nsites= 17 
0.2705 0.2432 0.2523 0.2340 
0.2553 0.2766 0.2219 0.2462 
0.4985 0.0122 0.1337 0.3556 
0.6353 0.0122 0.0456 0.3070 
0.4377 0.0000 0.0213 0.5410 
0.2948 0.1550 0.1520 0.3982 
0.0030 0.0000 0.0000 0.9970 
0.0000 0.0000 1.0000 0.0000 
0.0213 0.9787 0.0000 0.0000 
0.0000 0.0000 0.0000 1.0000 
0.0000 0.0000 0.9909 0.0091 
1.0000 0.0000 0.0000 0.0000 
0.0304 0.4985 0.3161 0.1550 
0.1976 0.1246 0.0365 0.6413 
0.2036 0.3526 0.1307 0.3131 
0.5198 0.0608 0.1824 0.2371 
0.1520 0.0426 0.5319 0.2736 

MOTIF filter4 
letter-probability matrix: alength= 4 w= 13 nsites= 13 
0.4907 0.2416 0.1190 0.1487 
0.0335 0.3829 0.0929 0.4907 
0.0372 0.3309 0.3717 0.2602 
0.4796 0.0446 0.4758 0.0000 
0.5502 0.0037 0.4164 0.0297 
0.0000 1.0000 0.0000 0.0000 
0.0000 1.0000 0.0000 0.0000 
1.0000 0.0000 0.0000 0.0000 
1.0000 0.0000 0.0000 0.0000 
0.0000 0.0000 0.0000 1.0000 
0.0000 0.8104 0.1896 0.0000 
0.8401 0.0000 0.1599 0.0000 
0.0818 0.0335 0.8773 0.0074 

MOTIF filter5 
letter-probability matrix: alength= 4 w= 12 nsites= 12 
0.2377 0.2946 0.2106 0.2571 
0.2674 0.2532 0.2636 0.2158 
0.2661 0.2597 0.2481 0.2261 
0.0465 0.0000 0.0000 0.9535 
0.0000 0.0000 0.0000 1.0000 
0.0000 0.0000 0.0000 1.0000 
0.6111 0.0000 0.3889 0.0000 
1.0000 0.0000 0.0000 0.0000 
0.0000 0.0000 0.0000 1.0000 
0.2106 0.2868 0.2584 0.2442 
0.2687 0.2481 0.2468 0.2364 
0.2390 0.2274 0.2610 0.2726 

MOTIF filter6 
letter-probability matrix: alength= 4 w= 13 nsites= 13 
0.3515 0.2723 0.1931 0.1832 
0.2822 0.2871 0.2228 0.2079 
0.2376 0.2723 0.2673 0.2228 
0.0693 0.0149 0.7772 0.1386 
0.0396 0.8416 0.0446 0.0743 
0.2079 0.3911 0.2871 0.1139 
0.0000 0.0000 0.9802 0.0198 
0.0000 1.0000 0.0000 0.0000 
0.0000 1.0000 0.0000 0.0000 
1.0000 0.0000 0.0000 0.0000 
0.0000 0.0000 0.0000 1.0000 
0.0099 0.4703 0.1535 0.3663 
0.0000 0.0000 0.0000 1.0000 

MOTIF filter7 
letter-probability matrix: alength= 4 w= 15 nsites= 15 
0.2779 0.2452 0.2125 0.2644 
0.2740 0.2490 0.2308 0.2462 
0.1413 0.2173 0.1692 0.4721 
0.0000 0.0096 0.0000 0.9904 
0.0000 0.0000 0.0135 0.9865 
0.1183 0.8817 0.0000 0.0000 
0.0212 0.7260 0.0000 0.2529 
0.2663 0.2144 0.2548 0.2644 
0.2240 0.0000 0.7740 0.0019 
0.0000 0.0000 0.8981 0.1019 
0.9981 0.0019 0.0000 0.0000 
1.0000 0.0000 0.0000 0.0000 
0.4875 0.1308 0.2231 0.1587 
0.2452 0.2692 0.2337 0.2519 
0.2644 0.2298 0.2635 0.2423 

MOTIF filter8 
letter-probability matrix: alength= 4 w= 15 nsites= 15 
0.2283 0.3059 0.3059 0.1598 
0.2283 0.2694 0.2740 0.2283 
0.1598 0.2146 0.4292 0.1963 
0.1324 0.0685 0.7306 0.0685 
0.1233 0.0000 0.8082 0.0685 
0.0776 0.0046 0.9178 0.0000 
0.0000 0.0000 0.9909 0.0091 
0.0000 0.0000 0.9909 0.0091 
0.2237 0.6530 0.0274 0.0959 
0.0046 0.0000 0.9954 0.0000 
0.0000 0.0046 0.9954 0.0000 
0.1370 0.0000 0.8584 0.0046 
0.1187 0.0457 0.8311 0.0046 
0.2055 0.5342 0.2055 0.0548 
0.3196 0.2100 0.2922 0.1781 

MOTIF filter9 
letter-probability matrix: alength= 4 w= 18 nsites= 18 
0.2919 0.4564 0.1107 0.1409 
0.2282 0.1879 0.0604 0.5235 
0.2651 0.1745 0.3221 0.2383 
0.6409 0.0403 0.1208 0.1980 
0.1812 0.2752 0.5268 0.0168 
0.0000 0.0000 0.0000 1.0000 
0.0101 0.9899 0.0000 0.0000 
1.0000 0.0000 0.0000 0.0000 
0.0000 0.0000 0.9899 0.0101 
0.0000 1.0000 0.0000 0.0000 
0.9966 0.0000 0.0000 0.0034 
0.4732 0.1510 0.1242 0.2517 
0.4262 0.0436 0.0000 0.5302 
0.3826 0.0403 0.0000 0.5772 
0.2987 0.0872 0.0134 0.6007 
0.2685 0.2282 0.2617 0.2416 
0.2752 0.2685 0.2248 0.2315 
0.2114 0.2987 0.2215 0.2685 

MOTIF filter10 
letter-probability matrix: alength= 4 w= 18 nsites= 18 
0.2336 0.2243 0.2523 0.2897 
0.0000 0.2009 0.5654 0.2336 
0.0093 0.1916 0.5047 0.2944 
0.1402 0.5234 0.0000 0.3364 
0.0000 0.3505 0.0794 0.5701 
0.0000 0.1729 0.1168 0.7103 
0.1262 0.0467 0.1636 0.6636 
0.6542 0.0935 0.2383 0.0140 
0.0421 0.0935 0.0093 0.8551 
0.0187 0.0047 0.7009 0.2757 
0.3598 0.2056 0.0000 0.4346 
0.2336 0.2243 0.5421 0.0000 
0.0701 0.3738 0.0140 0.5421 
0.2477 0.2757 0.3458 0.1308 
0.9766 0.0093 0.0093 0.0047 
0.2290 0.3879 0.2710 0.1121 
0.1776 0.2850 0.3598 0.1776 
0.2617 0.3879 0.0280 0.3224 

MOTIF filter11 
letter-probability matrix: alength= 4 w= 12 nsites= 12 
0.2654 0.2750 0.2288 0.2308 
0.2846 0.2885 0.1827 0.2442 
0.1635 0.2365 0.1135 0.4865 
0.0212 0.0500 0.1404 0.7885 
0.0000 0.0019 0.0000 0.9981 
0.0000 0.4212 0.0019 0.5769 
0.0442 0.9558 0.0000 0.0000 
0.0019 0.5173 0.0000 0.4808 
0.4538 0.0000 0.5308 0.0154 
0.0000 0.0000 1.0000 0.0000 
0.4135 0.0000 0.5865 0.0000 
1.0000 0.0000 0.0000 0.0000 

MOTIF filter12 
letter-probability matrix: alength= 4 w= 16 nsites= 16 
0.4316 0.1945 0.1793 0.1945 
0.0973 0.3921 0.1094 0.4012 
0.0669 0.3252 0.3830 0.2249 
0.4073 0.1398 0.4529 0.0000 
0.6261 0.0091 0.3131 0.0517 
0.0000 1.0000 0.0000 0.0000 
0.0000 1.0000 0.0000 0.0000 
1.0000 0.0000 0.0000 0.0000 
1.0000 0.0000 0.0000 0.0000 
0.0000 0.0000 0.0000 1.0000 
0.0456 0.8055 0.1489 0.0000 
0.8632 0.0030 0.1337 0.0000 
0.0274 0.0486 0.9240 0.0000 
0.2340 0.2584 0.2584 0.2492 
0.2705 0.1763 0.2888 0.2644 
0.2462 0.2857 0.2006 0.2675 

MOTIF filter13 
letter-probability matrix: alength= 4 w= 15 nsites= 15 
0.2535 0.2696 0.2408 0.2362 
0.2408 0.2707 0.2419 0.2465 
0.1129 0.0645 0.3479 0.4747 
0.0334 0.8687 0.0000 0.0979 
0.0000 0.0000 0.0000 1.0000 
1.0000 0.0000 0.0000 0.0000 
0.2776 0.0000 0.0012 0.7212 
0.4758 0.0000 0.0000 0.5242 
0.5622 0.0000 0.0000 0.4378 
0.7051 0.0000 0.0000 0.2949 
0.0000 0.0000 0.0000 1.0000 
1.0000 0.0000 0.0000 0.0000 
0.0968 0.0000 0.8859 0.0173 
0.4539 0.3629 0.0461 0.1371 
0.2823 0.2293 0.2535 0.2350 

MOTIF filter14 
letter-probability matrix: alength= 4 w= 12 nsites= 12 
0.2432 0.2301 0.2634 0.2634 
0.2341 0.1665 0.3966 0.2028 
0.3915 0.2270 0.3582 0.0232 
0.0000 0.0000 0.0000 1.0000 
0.0000 0.0000 1.0000 0.0000 
1.0000 0.0000 0.0000 0.0000 
0.0040 0.5005 0.4955 0.0000 
0.0000 0.0000 0.0000 1.0000 
0.0000 1.0000 0.0000 0.0000 
1.0000 0.0000 0.0000 0.0000 
0.0010 0.3330 0.2553 0.4107 
0.2149 0.3623 0.1907 0.2321 

MOTIF filter15 
letter-probability matrix: alength= 4 w= 13 nsites= 13 
0.2286 0.2455 0.2519 0.2740 
0.2325 0.2740 0.2610 0.2325 
0.2351 0.2610 0.2442 0.2597 
0.5221 0.1156 0.3558 0.0065 
0.0000 0.0000 0.0000 1.0000 
0.0000 0.0000 0.0260 0.9740 
0.3000 0.0000 0.6351 0.0649 
0.0039 0.9273 0.0000 0.0688 
0.0649 0.0000 0.9351 0.0000 
0.0792 0.6909 0.0000 0.2299 
0.9792 0.0208 0.0000 0.0000 
1.0000 0.0000 0.0000 0.0000 
0.0065 0.3519 0.1338 0.5078 

MOTIF filter16 
letter-probability matrix: alength= 4 w= 18 nsites= 18 
0.2742 0.2290 0.2387 0.2581 
0.2419 0.2645 0.2581 0.2355 
0.2323 0.2645 0.2581 0.2452 
0.1226 0.0161 0.7000 0.1613 
0.0806 0.7355 0.1129 0.0710 
0.3097 0.3613 0.2290 0.1000 
0.0871 0.0000 0.8129 0.1000 
0.0000 1.0000 0.0000 0.0000 
0.0000 1.0000 0.0000 0.0000 
1.0000 0.0000 0.0000 0.0000 
0.0000 0.0000 0.0000 1.0000 
0.0065 0.4387 0.1548 0.4000 
0.0000 0.0032 0.0000 0.9968 
0.0000 0.0000 0.0000 1.0000 
0.0677 0.0742 0.7516 0.1065 
0.2935 0.2194 0.2581 0.2290 
0.1968 0.2774 0.2645 0.2613 
0.2419 0.3032 0.2387 0.2161 

MOTIF filter17 
letter-probability matrix: alength= 4 w= 14 nsites= 14 
0.2316 0.1857 0.2353 0.3474 
0.1452 0.2629 0.4007 0.1912 
0.4099 0.3088 0.2812 0.0000 
0.0018 0.0000 0.0018 0.9963 
0.0074 0.0037 0.9761 0.0129 
0.9963 0.0000 0.0000 0.0037 
0.0129 0.4228 0.5570 0.0074 
0.0018 0.0018 0.0000 0.9963 
0.0037 0.9559 0.0312 0.0092 
0.9798 0.0000 0.0074 0.0129 
0.0129 0.5974 0.3897 0.0000 
0.2022 0.3842 0.0938 0.3199 
0.2132 0.2279 0.2923 0.2665 
0.2831 0.2151 0.2390 0.2629 

MOTIF filter18 
letter-probability matrix: alength= 4 w= 15 nsites= 15 
0.2960 0.2287 0.1704 0.3049 
0.2108 0.2556 0.3722 0.1614 
0.2287 0.2377 0.2691 0.2646 
0.0090 0.8924 0.0987 0.0000 
0.0179 0.9821 0.0000 0.0000 
0.0000 0.0000 1.0000 0.0000 
0.0000 0.0000 1.0000 0.0000 
1.0000 0.0000 0.0000 0.0000 
1.0000 0.0000 0.0000 0.0000 
0.0224 0.0000 0.9776 0.0000 
0.0224 0.3498 0.0000 0.6278 
0.2422 0.0404 0.6861 0.0314 
0.2377 0.2332 0.5022 0.0269 
0.2018 0.5157 0.2197 0.0628 
0.1973 0.3094 0.2197 0.2735 

MOTIF filter19 
letter-probability matrix: alength= 4 w= 16 nsites= 16 
0.2809 0.3062 0.2079 0.2051 
0.2556 0.2893 0.2303 0.2247 
0.2331 0.2331 0.2669 0.2669 
0.0028 0.8427 0.0843 0.0702 
0.0000 0.1685 0.0000 0.8315 
0.0000 0.2303 0.7500 0.0197 
1.0000 0.0000 0.0000 0.0000 
0.0000 0.0000 0.0000 1.0000 
0.0000 0.0000 0.0000 1.0000 
0.0000 0.0000 1.0000 0.0000 
0.0000 0.0000 1.0000 0.0000 
0.0393 0.4185 0.0056 0.5365 
0.0084 0.4354 0.1292 0.4270 
0.1938 0.4129 0.3118 0.0815 
0.4831 0.1489 0.3118 0.0562 
0.1629 0.1461 0.2584 0.4326 

MOTIF filter20 
letter-probability matrix: alength= 4 w= 18 nsites= 18 
0.2310 0.2427 0.2456 0.2807 
0.2193 0.2924 0.2690 0.2193 
0.2690 0.2661 0.2018 0.2632 
0.1491 0.6754 0.1199 0.0556 
1.0000 0.0000 0.0000 0.0000 
0.9883 0.0000 0.0117 0.0000 
0.4269 0.0819 0.4708 0.0205 
1.0000 0.0000 0.0000 0.0000 
0.0000 0.0000 0.0000 1.0000 
0.0000 0.0000 1.0000 0.0000 
0.0000 0.0000 1.0000 0.0000 
0.0526 0.8713 0.0000 0.0760 
0.1170 0.1988 0.4211 0.2632 
0.0789 0.0789 0.7836 0.0585 
0.1257 0.7690 0.0263 0.0789 
0.2719 0.2339 0.2076 0.2865 
0.2251 0.2485 0.3041 0.2222 
0.2573 0.2398 0.2778 0.2251 

MOTIF filter21 
letter-probability matrix: alength= 4 w= 20 nsites= 20 
0.2134 0.2816 0.2728 0.2321 
0.2926 0.2343 0.2288 0.2442 
0.1628 0.0759 0.0440 0.7173 
0.0319 0.0935 0.6579 0.2167 
0.4114 0.3883 0.0726 0.1276 
0.0022 0.9923 0.0044 0.0011 
0.0000 0.9879 0.0033 0.0088 
0.8284 0.0022 0.0099 0.1595 
0.0231 0.0000 0.0033 0.9736 
0.9945 0.0033 0.0022 0.0000 
0.0000 0.0011 0.0011 0.9978 
0.9802 0.0022 0.0000 0.0176 
0.1573 0.0066 0.0022 0.8339 
0.0033 0.0099 0.9868 0.0000 
0.0011 0.0033 0.9923 0.0033 
0.1111 0.0693 0.3883 0.4312 
0.2244 0.6447 0.0935 0.0374 
0.7129 0.0319 0.0715 0.1837 
0.2431 0.2750 0.2376 0.2442 
0.2310 0.2596 0.2607 0.2486 

MOTIF filter22 
letter-probability matrix: alength= 4 w= 15 nsites= 15 
0.2491 0.2455 0.2383 0.2671 
0.2202 0.2419 0.2455 0.2924 
0.2383 0.2238 0.2852 0.2527 
0.2780 0.0361 0.6318 0.0542 
0.0866 0.0000 0.8664 0.0469 
0.1625 0.0000 0.8375 0.0000 
0.0000 0.0000 1.0000 0.0000 
0.0000 0.0000 1.0000 0.0000 
0.2708 0.5921 0.0000 0.1372 
0.0000 0.0000 1.0000 0.0000 
0.0000 0.0000 1.0000 0.0000 
0.1083 0.0000 0.8917 0.0000 
0.1372 0.0072 0.8556 0.0000 
0.1733 0.6101 0.1661 0.0505 
0.2780 0.2310 0.2708 0.2202 

MOTIF filter23 
letter-probability matrix: alength= 4 w= 14 nsites= 14 
0.2483 0.2417 0.2682 0.2417 
0.2649 0.2285 0.2417 0.2649 
0.2252 0.2682 0.2616 0.2450 
0.0000 0.8576 0.1424 0.0000 
0.0166 0.9834 0.0000 0.0000 
0.0000 0.0000 1.0000 0.0000 
0.0000 0.0000 1.0000 0.0000 
1.0000 0.0000 0.0000 0.0000 
1.0000 0.0000 0.0000 0.0000 
0.0497 0.0066 0.9437 0.0000 
0.0232 0.2550 0.0199 0.7020 
0.0927 0.1225 0.7483 0.0364 
0.2682 0.2384 0.4834 0.0099 
0.2450 0.2980 0.2417 0.2152 

MOTIF filter24 
letter-probability matrix: alength= 4 w= 13 nsites= 13 
0.2456 0.2082 0.2776 0.2687 
0.2153 0.2972 0.2491 0.2384 
0.2829 0.2491 0.2367 0.2313 
0.1103 0.0107 0.0089 0.8701 
0.0053 0.0480 0.7794 0.1673 
0.4484 0.4324 0.0498 0.0694 
0.0000 1.0000 0.0000 0.0000 
0.0000 1.0000 0.0000 0.0000 
0.8826 0.0000 0.0018 0.1157 
0.0000 0.0000 0.0000 1.0000 
1.0000 0.0000 0.0000 0.0000 
0.0000 0.0000 0.0000 1.0000 
1.0000 0.0000 0.0000 0.0000 

MOTIF filter25 
letter-probability matrix: alength= 4 w= 15 nsites= 15 
0.1941 0.2559 0.2500 0.3000 
0.1294 0.2000 0.3765 0.2941 
0.0265 0.4941 0.2265 0.2529 
0.0647 0.6500 0.1294 0.1559 
0.7000 0.0059 0.2676 0.0265 
0.0000 0.9588 0.0059 0.0353 
0.0000 0.0000 0.0000 1.0000 
0.0000 0.0000 0.0000 1.0000 
0.0000 1.0000 0.0000 0.0000 
0.0000 1.0000 0.0000 0.0000 
0.0000 0.0000 0.9824 0.0176 
0.0000 0.1441 0.8441 0.0118 
0.2588 0.1971 0.2412 0.3029 
0.2471 0.2500 0.2559 0.2471 
0.2676 0.2118 0.2559 0.2647 

MOTIF filter26 
letter-probability matrix: alength= 4 w= 12 nsites= 12 
0.3232 0.1768 0.2325 0.2675 
0.4920 0.1720 0.2803 0.0557 
0.2213 0.3328 0.3392 0.1067 
0.0000 1.0000 0.0000 0.0000 
1.0000 0.0000 0.0000 0.0000 
0.0000 1.0000 0.0000 0.0000 
0.0255 0.0000 0.9745 0.0000 
0.0000 0.0064 0.0000 0.9936 
0.0000 0.0000 1.0000 0.0000 
0.1290 0.3917 0.2994 0.1799 
0.1258 0.2357 0.1131 0.5255 
0.1943 0.2054 0.2898 0.3105 

MOTIF filter27 
letter-probability matrix: alength= 4 w= 10 nsites= 10 
0.2699 0.2629 0.2033 0.2640 
0.3143 0.2056 0.2056 0.2745 
0.2769 0.2383 0.2266 0.2582 
1.0000 0.0000 0.0000 0.0000 
0.0000 0.0000 0.0000 1.0000 
0.0000 0.3645 0.0000 0.6355 
1.0000 0.0000 0.0000 0.0000 
1.0000 0.0000 0.0000 0.0000 
0.8855 0.0000 0.0000 0.1145 
0.2558 0.2243 0.2231 0.2967 

MOTIF filter28 
letter-probability matrix: alength= 4 w= 12 nsites= 12 
0.2308 0.2815 0.2913 0.1964 
0.5221 0.1571 0.2111 0.1097 
0.2144 0.3175 0.3633 0.1047 
0.0000 1.0000 0.0000 0.0000 
1.0000 0.0000 0.0000 0.0000 
0.0000 0.9951 0.0000 0.0049 
0.0000 0.0000 1.0000 0.0000 
0.0000 0.0000 0.0000 1.0000 
0.0000 0.0000 1.0000 0.0000 
0.1440 0.2619 0.3715 0.2226 
0.0851 0.2193 0.1342 0.5614 
0.2635 0.2209 0.2897 0.2259 

MOTIF filter29 
letter-probability matrix: alength= 4 w= 16 nsites= 16 
0.3196 0.2405 0.2551 0.1848 
0.2463 0.3255 0.2229 0.2053 
0.0616 0.1760 0.5191 0.2434 
0.0000 0.8211 0.0176 0.1613 
0.0000 0.8358 0.0000 0.1642 
0.0000 1.0000 0.0000 0.0000 
0.0000 1.0000 0.0000 0.0000 
0.1026 0.0000 0.6129 0.2845 
0.0000 1.0000 0.0000 0.0000 
0.0000 1.0000 0.0000 0.0000 
0.0000 0.7977 0.0000 0.2023 
0.0469 0.8886 0.0000 0.0645 
0.0323 0.6716 0.0528 0.2434 
0.2434 0.2346 0.2522 0.2698 
0.2845 0.2551 0.2141 0.2463 
0.2258 0.3167 0.2493 0.2082 

MOTIF filter30 
letter-probability matrix: alength= 4 w= 20 nsites= 20 
0.2520 0.2617 0.2676 0.2188 
0.1367 0.0332 0.3574 0.4727 
0.0547 0.4766 0.4629 0.0059 
0.1582 0.2051 0.0332 0.6035 
0.0000 0.4023 0.2656 0.3320 
0.3145 0.3535 0.1191 0.2129 
0.3672 0.3066 0.3262 0.0000 
0.0176 0.3027 0.5312 0.1484 
0.6602 0.0332 0.2285 0.0781 
0.0762 0.1738 0.7383 0.0117 
0.0332 0.2324 0.5488 0.1855 
0.1523 0.3262 0.1445 0.3770 
0.2754 0.3418 0.1602 0.2227 
0.3652 0.3457 0.1641 0.1250 
0.5000 0.0391 0.0000 0.4609 
0.1875 0.2598 0.0508 0.5020 
0.6250 0.2012 0.0586 0.1152 
0.0020 0.4551 0.5430 0.0000 
0.0801 0.0352 0.0039 0.8809 
0.3926 0.0254 0.3828 0.1992 

MOTIF filter31 
letter-probability matrix: alength= 4 w= 12 nsites= 12 
0.2165 0.3661 0.1890 0.2283 
0.4370 0.1476 0.2343 0.1811 
0.2461 0.3524 0.3602 0.0413 
0.0000 1.0000 0.0000 0.0000 
1.0000 0.0000 0.0000 0.0000 
0.0000 1.0000 0.0000 0.0000 
0.0000 0.0000 1.0000 0.0000 
0.0000 0.0000 0.0000 1.0000 
0.0000 0.0000 1.0000 0.0000 
0.0236 0.3760 0.4232 0.1772 
0.1476 0.2362 0.1476 0.4685 
0.2520 0.3091 0.1594 0.2795 

