MEME version 4

ALPHABET= ACGT

Background letter frequencies:
A 0.2500 C 0.2500 G 0.2500 T 0.2500 

MOTIF filter0 
letter-probability matrix: alength= 4 w= 15 nsites= 15 
0.2859 0.2359 0.2185 0.2598 
0.2674 0.2511 0.2304 0.2511 
0.1424 0.2043 0.1543 0.4989 
0.0000 0.0000 0.0000 1.0000 
0.0000 0.0000 0.0022 0.9978 
0.0717 0.9283 0.0000 0.0000 
0.0033 0.7750 0.0000 0.2217 
0.2522 0.2304 0.2435 0.2739 
0.2283 0.0000 0.7620 0.0098 
0.0000 0.0000 0.9196 0.0804 
0.9989 0.0011 0.0000 0.0000 
1.0000 0.0000 0.0000 0.0000 
0.5087 0.1217 0.2152 0.1543 
0.2424 0.2685 0.2424 0.2467 
0.2630 0.2348 0.2576 0.2446 

MOTIF filter1 
letter-probability matrix: alength= 4 w= 16 nsites= 16 
0.4516 0.2177 0.1559 0.1747 
0.0672 0.3710 0.1210 0.4409 
0.0753 0.3065 0.3817 0.2366 
0.4355 0.1102 0.4543 0.0000 
0.5995 0.0054 0.3548 0.0403 
0.0000 1.0000 0.0000 0.0000 
0.0000 1.0000 0.0000 0.0000 
1.0000 0.0000 0.0000 0.0000 
1.0000 0.0000 0.0000 0.0000 
0.0000 0.0000 0.0000 1.0000 
0.0323 0.7796 0.1882 0.0000 
0.8333 0.0027 0.1640 0.0000 
0.0618 0.0699 0.8602 0.0081 
0.2151 0.2769 0.2339 0.2742 
0.2849 0.1855 0.2742 0.2554 
0.2339 0.2742 0.2204 0.2715 

MOTIF filter2 
letter-probability matrix: alength= 4 w= 13 nsites= 13 
0.0882 0.4265 0.2537 0.2316 
0.0184 0.8015 0.0846 0.0956 
0.7463 0.0000 0.2463 0.0074 
0.0000 0.8971 0.0478 0.0551 
0.0000 0.0000 0.0000 1.0000 
0.0000 0.0000 0.0000 1.0000 
0.0000 1.0000 0.0000 0.0000 
0.0000 1.0000 0.0000 0.0000 
0.0000 0.0000 0.9890 0.0110 
0.0000 0.1176 0.8750 0.0074 
0.2390 0.1838 0.2684 0.3088 
0.2463 0.2353 0.2463 0.2721 
0.2721 0.1949 0.2684 0.2647 

MOTIF filter3 
letter-probability matrix: alength= 4 w= 13 nsites= 13 
0.3566 0.2059 0.2904 0.1471 
0.2537 0.3566 0.1985 0.1912 
0.0993 0.1471 0.4779 0.2757 
0.0000 0.8382 0.0368 0.1250 
0.0000 0.8934 0.0000 0.1066 
0.0000 1.0000 0.0000 0.0000 
0.0000 1.0000 0.0000 0.0000 
0.1103 0.0000 0.6654 0.2243 
0.0000 1.0000 0.0000 0.0000 
0.0000 1.0000 0.0000 0.0000 
0.0000 0.8676 0.0000 0.1324 
0.0074 0.8934 0.0000 0.0993 
0.0221 0.6507 0.0368 0.2904 

MOTIF filter4 
letter-probability matrix: alength= 4 w= 16 nsites= 16 
0.2140 0.2646 0.2490 0.2724 
0.3113 0.2646 0.2218 0.2023 
0.2374 0.2724 0.2724 0.2179 
0.0545 0.1673 0.6304 0.1479 
0.0000 0.8482 0.0039 0.1479 
0.0000 0.8482 0.0000 0.1518 
0.0000 1.0000 0.0000 0.0000 
0.0000 1.0000 0.0000 0.0000 
0.0934 0.0000 0.5992 0.3074 
0.0000 1.0000 0.0000 0.0000 
0.0000 1.0000 0.0000 0.0000 
0.0000 0.7899 0.0000 0.2101 
0.1012 0.8599 0.0000 0.0389 
0.0467 0.7276 0.0428 0.1829 
0.2062 0.1984 0.3191 0.2763 
0.2529 0.2763 0.1984 0.2724 

MOTIF filter5 
letter-probability matrix: alength= 4 w= 15 nsites= 15 
0.2533 0.2401 0.2171 0.2895 
0.2336 0.2171 0.2796 0.2697 
0.2632 0.2401 0.2270 0.2697 
0.0033 0.8750 0.1217 0.0000 
0.0000 1.0000 0.0000 0.0000 
0.0000 0.0000 1.0000 0.0000 
0.0000 0.0000 1.0000 0.0000 
1.0000 0.0000 0.0000 0.0000 
1.0000 0.0000 0.0000 0.0000 
0.0592 0.0033 0.9375 0.0000 
0.0296 0.3257 0.0000 0.6447 
0.1842 0.0921 0.7072 0.0164 
0.3059 0.2270 0.4605 0.0066 
0.2401 0.3553 0.2467 0.1579 
0.2072 0.2336 0.3059 0.2533 

MOTIF filter6 
letter-probability matrix: alength= 4 w= 20 nsites= 20 
0.2609 0.2826 0.2174 0.2391 
0.1159 0.0725 0.7971 0.0145 
0.1449 0.5362 0.2754 0.0435 
0.2391 0.6739 0.0072 0.0797 
0.1594 0.4928 0.1739 0.1739 
0.0000 0.7681 0.1014 0.1304 
0.0362 0.0290 0.7754 0.1594 
0.2174 0.5580 0.2246 0.0000 
0.2101 0.0217 0.5580 0.2101 
0.0725 0.3043 0.6232 0.0000 
0.2899 0.0145 0.2899 0.4058 
0.0435 0.2754 0.3768 0.3043 
0.4710 0.1667 0.0580 0.3043 
0.0507 0.2971 0.1232 0.5290 
0.6522 0.2609 0.0435 0.0435 
0.7899 0.0507 0.1594 0.0000 
0.1087 0.8333 0.0000 0.0580 
0.0362 0.0145 0.3188 0.6304 
0.1159 0.1667 0.2681 0.4493 
0.3188 0.2174 0.2971 0.1667 

MOTIF filter7 
letter-probability matrix: alength= 4 w= 16 nsites= 16 
0.2186 0.2903 0.2330 0.2581 
0.2401 0.2724 0.2903 0.1971 
0.2724 0.2437 0.2186 0.2652 
0.1290 0.7706 0.0717 0.0287 
1.0000 0.0000 0.0000 0.0000 
0.9857 0.0000 0.0143 0.0000 
0.4516 0.0502 0.4875 0.0108 
1.0000 0.0000 0.0000 0.0000 
0.0000 0.0000 0.0000 1.0000 
0.0000 0.0000 1.0000 0.0000 
0.0000 0.0000 1.0000 0.0000 
0.0394 0.9032 0.0000 0.0573 
0.0932 0.2151 0.4480 0.2437 
0.0681 0.1075 0.7742 0.0502 
0.0932 0.7957 0.0251 0.0860 
0.2545 0.2581 0.1828 0.3047 

MOTIF filter8 
letter-probability matrix: alength= 4 w= 12 nsites= 12 
0.2702 0.2235 0.2513 0.2551 
0.2437 0.2715 0.2513 0.2336 
0.2525 0.2740 0.2374 0.2361 
0.0909 0.0114 0.3876 0.5101 
0.0000 1.0000 0.0000 0.0000 
0.0000 0.0000 0.0000 1.0000 
1.0000 0.0000 0.0000 0.0000 
0.2487 0.0000 0.0000 0.7513 
0.4419 0.0000 0.0000 0.5581 
0.5404 0.0000 0.0000 0.4596 
0.6944 0.0000 0.0000 0.3056 
0.0000 0.0000 0.0000 1.0000 

MOTIF filter9 
letter-probability matrix: alength= 4 w= 14 nsites= 14 
0.2200 0.2327 0.2436 0.3036 
0.2400 0.2564 0.2745 0.2291 
0.2273 0.2709 0.2527 0.2491 
0.4891 0.1255 0.3800 0.0055 
0.0000 0.0000 0.0000 1.0000 
0.0000 0.0000 0.0236 0.9764 
0.3182 0.0000 0.6491 0.0327 
0.0000 0.9836 0.0000 0.0164 
0.0618 0.0000 0.9364 0.0018 
0.0436 0.7836 0.0000 0.1727 
1.0000 0.0000 0.0000 0.0000 
1.0000 0.0000 0.0000 0.0000 
0.0000 0.3691 0.0727 0.5582 
0.2727 0.2909 0.2509 0.1855 

MOTIF filter10 
letter-probability matrix: alength= 4 w= 18 nsites= 18 
0.2915 0.4577 0.1034 0.1473 
0.2414 0.1818 0.0627 0.5141 
0.2821 0.1755 0.3135 0.2288 
0.6332 0.0564 0.1160 0.1944 
0.1724 0.2947 0.5110 0.0219 
0.0000 0.0000 0.0000 1.0000 
0.0063 0.9937 0.0000 0.0000 
1.0000 0.0000 0.0000 0.0000 
0.0000 0.0000 0.9875 0.0125 
0.0000 1.0000 0.0000 0.0000 
0.9969 0.0000 0.0000 0.0031 
0.4483 0.1567 0.1254 0.2696 
0.4201 0.0408 0.0000 0.5392 
0.3918 0.0564 0.0000 0.5517 
0.3072 0.0972 0.0125 0.5831 
0.2759 0.2257 0.2476 0.2508 
0.2790 0.2539 0.2320 0.2351 
0.1944 0.2978 0.2382 0.2696 

MOTIF filter11 
letter-probability matrix: alength= 4 w= 15 nsites= 15 
0.2403 0.2671 0.2582 0.2344 
0.1241 0.0725 0.3357 0.4677 
0.0467 0.8401 0.0010 0.1122 
0.0010 0.0030 0.0000 0.9960 
1.0000 0.0000 0.0000 0.0000 
0.2781 0.0010 0.0099 0.7110 
0.4638 0.0000 0.0010 0.5353 
0.5501 0.0000 0.0010 0.4489 
0.6822 0.0030 0.0000 0.3148 
0.0000 0.0000 0.0000 1.0000 
0.9821 0.0030 0.0109 0.0040 
0.1182 0.0079 0.8292 0.0447 
0.4429 0.3535 0.0566 0.1470 
0.2850 0.2284 0.2552 0.2314 
0.2453 0.2880 0.2334 0.2334 

MOTIF filter12 
letter-probability matrix: alength= 4 w= 15 nsites= 15 
0.2352 0.2426 0.2605 0.2616 
0.2173 0.2774 0.2722 0.2331 
0.2890 0.2437 0.2278 0.2395 
0.1719 0.0791 0.0485 0.7004 
0.0369 0.0907 0.6466 0.2257 
0.4082 0.3914 0.0770 0.1234 
0.0000 0.9958 0.0021 0.0021 
0.0000 0.9852 0.0021 0.0127 
0.8122 0.0074 0.0095 0.1709 
0.0316 0.0000 0.0021 0.9662 
0.9958 0.0021 0.0021 0.0000 
0.0000 0.0042 0.0032 0.9926 
0.9747 0.0032 0.0000 0.0222 
0.1667 0.0084 0.0053 0.8196 
0.0084 0.0127 0.9736 0.0053 

MOTIF filter13 
letter-probability matrix: alength= 4 w= 20 nsites= 20 
0.2690 0.2792 0.2386 0.2132 
0.1117 0.3503 0.1015 0.4365 
0.0508 0.5888 0.3401 0.0203 
0.5076 0.0812 0.2690 0.1421 
0.2234 0.0355 0.5685 0.1726 
0.0000 0.2792 0.3807 0.3401 
0.4467 0.2081 0.0000 0.3452 
0.0914 0.6345 0.0812 0.1929 
0.5482 0.1269 0.0609 0.2640 
0.1320 0.1320 0.3959 0.3401 
0.0254 0.0000 0.6396 0.3350 
0.2640 0.0051 0.4213 0.3096 
0.1015 0.8680 0.0254 0.0051 
0.8579 0.0000 0.0051 0.1371 
0.1371 0.0000 0.7919 0.0711 
0.1117 0.4924 0.2893 0.1066 
0.5076 0.0254 0.0000 0.4670 
0.0964 0.3299 0.1878 0.3858 
0.3858 0.3249 0.0000 0.2893 
0.2234 0.0051 0.2437 0.5279 

MOTIF filter14 
letter-probability matrix: alength= 4 w= 13 nsites= 13 
0.2798 0.3045 0.2675 0.1481 
0.0082 0.0000 0.9877 0.0041 
0.0000 1.0000 0.0000 0.0000 
0.0000 1.0000 0.0000 0.0000 
1.0000 0.0000 0.0000 0.0000 
0.0000 0.0000 0.0000 1.0000 
0.0000 0.4856 0.1481 0.3663 
0.0000 0.0000 0.0000 1.0000 
0.0000 0.0000 0.0000 1.0000 
0.0329 0.0206 0.8560 0.0905 
0.2840 0.2181 0.2593 0.2387 
0.2181 0.3004 0.2428 0.2387 
0.2428 0.2634 0.2593 0.2346 

MOTIF filter15 
letter-probability matrix: alength= 4 w= 17 nsites= 17 
0.2533 0.2227 0.2358 0.2882 
0.2052 0.2969 0.2445 0.2533 
0.2533 0.2358 0.2314 0.2795 
0.2838 0.0131 0.6419 0.0611 
0.0742 0.0000 0.9127 0.0131 
0.1310 0.0000 0.8690 0.0000 
0.0000 0.0000 1.0000 0.0000 
0.0000 0.0000 1.0000 0.0000 
0.2620 0.5895 0.0000 0.1485 
0.0000 0.0000 1.0000 0.0000 
0.0000 0.0000 1.0000 0.0000 
0.1485 0.0000 0.8515 0.0000 
0.1048 0.0393 0.8559 0.0000 
0.1441 0.6681 0.1441 0.0437 
0.2664 0.2489 0.2882 0.1965 
0.2227 0.2838 0.2314 0.2620 
0.2751 0.2402 0.2445 0.2402 

MOTIF filter16 
letter-probability matrix: alength= 4 w= 10 nsites= 10 
0.2604 0.2550 0.2349 0.2497 
0.0013 0.0000 0.0000 0.9987 
0.0000 0.0000 0.0000 1.0000 
0.0000 0.0000 0.0000 1.0000 
0.5423 0.0000 0.4577 0.0000 
1.0000 0.0000 0.0000 0.0000 
0.0000 0.0000 0.0000 1.0000 
0.2188 0.2792 0.2604 0.2416 
0.2617 0.2362 0.2591 0.2430 
0.2362 0.2228 0.2779 0.2631 

MOTIF filter17 
letter-probability matrix: alength= 4 w= 12 nsites= 12 
0.2620 0.2989 0.1997 0.2394 
0.3003 0.2054 0.2096 0.2847 
0.2946 0.2606 0.2125 0.2323 
1.0000 0.0000 0.0000 0.0000 
0.0000 0.0000 0.0000 1.0000 
0.0000 0.4008 0.0000 0.5992 
1.0000 0.0000 0.0000 0.0000 
1.0000 0.0000 0.0000 0.0000 
0.9986 0.0000 0.0014 0.0000 
0.2691 0.2238 0.2252 0.2819 
0.2550 0.2351 0.2195 0.2904 
0.2337 0.2705 0.2479 0.2479 

MOTIF filter18 
letter-probability matrix: alength= 4 w= 13 nsites= 13 
0.2429 0.2321 0.2635 0.2615 
0.2311 0.1704 0.3947 0.2037 
0.3908 0.2214 0.3565 0.0313 
0.0000 0.0000 0.0000 1.0000 
0.0000 0.0000 1.0000 0.0000 
1.0000 0.0000 0.0000 0.0000 
0.0039 0.5015 0.4946 0.0000 
0.0000 0.0000 0.0000 1.0000 
0.0000 1.0000 0.0000 0.0000 
1.0000 0.0000 0.0000 0.0000 
0.0157 0.3350 0.2517 0.3976 
0.2194 0.3546 0.1890 0.2370 
0.2576 0.2253 0.2703 0.2468 

MOTIF filter19 
letter-probability matrix: alength= 4 w= 15 nsites= 15 
0.2792 0.2756 0.2297 0.2155 
0.2615 0.2721 0.2403 0.2261 
0.0071 0.8516 0.0636 0.0777 
0.0000 0.1519 0.0035 0.8445 
0.0000 0.2615 0.7279 0.0106 
1.0000 0.0000 0.0000 0.0000 
0.0000 0.0000 0.0000 1.0000 
0.0000 0.0000 0.0000 1.0000 
0.0000 0.0000 1.0000 0.0000 
0.0000 0.0000 1.0000 0.0000 
0.0671 0.3958 0.0071 0.5300 
0.0000 0.4382 0.1378 0.4240 
0.1555 0.4523 0.3463 0.0459 
0.4841 0.1307 0.3216 0.0636 
0.1449 0.1237 0.2968 0.4346 

MOTIF filter20 
letter-probability matrix: alength= 4 w= 19 nsites= 19 
0.2430 0.1206 0.2063 0.4301 
0.2675 0.3444 0.1643 0.2238 
0.3794 0.0542 0.2972 0.2692 
0.0892 0.7308 0.0420 0.1381 
0.3934 0.2028 0.2343 0.1696 
0.2902 0.3112 0.2378 0.1608 
0.0157 0.0927 0.8794 0.0122 
0.3741 0.0804 0.5455 0.0000 
0.6154 0.0472 0.2657 0.0717 
0.5297 0.2220 0.1783 0.0699 
0.3182 0.0367 0.3846 0.2605 
0.0035 0.1224 0.0350 0.8392 
0.6101 0.0717 0.2885 0.0297 
0.6451 0.0122 0.2150 0.1276 
0.1469 0.4266 0.3357 0.0909 
0.0979 0.0769 0.2745 0.5507 
0.0332 0.3094 0.0682 0.5892 
0.2430 0.7063 0.0000 0.0507 
0.0769 0.5787 0.1294 0.2150 

MOTIF filter21 
letter-probability matrix: alength= 4 w= 12 nsites= 12 
0.2315 0.2631 0.2641 0.2413 
0.3887 0.2077 0.2542 0.1494 
0.2255 0.3046 0.3106 0.1592 
0.0000 1.0000 0.0000 0.0000 
1.0000 0.0000 0.0000 0.0000 
0.0000 1.0000 0.0000 0.0000 
0.0010 0.0000 0.9990 0.0000 
0.0000 0.0000 0.0000 1.0000 
0.0000 0.0000 1.0000 0.0000 
0.1642 0.2878 0.3136 0.2344 
0.1731 0.2404 0.1701 0.4164 
0.2305 0.2601 0.2483 0.2611 

MOTIF filter22 
letter-probability matrix: alength= 4 w= 15 nsites= 15 
0.2808 0.2466 0.2158 0.2568 
0.2363 0.2329 0.3014 0.2295 
0.2089 0.2568 0.2705 0.2637 
0.0034 0.9041 0.0925 0.0000 
0.0582 0.9418 0.0000 0.0000 
0.0000 0.0000 1.0000 0.0000 
0.0000 0.0000 1.0000 0.0000 
1.0000 0.0000 0.0000 0.0000 
1.0000 0.0000 0.0000 0.0000 
0.0240 0.0000 0.9760 0.0000 
0.0171 0.2671 0.0137 0.7021 
0.1678 0.0685 0.7192 0.0445 
0.2329 0.2534 0.4966 0.0171 
0.2226 0.3836 0.2260 0.1678 
0.2055 0.3425 0.2055 0.2466 

MOTIF filter23 
letter-probability matrix: alength= 4 w= 9 nsites= 9 
0.2632 0.2308 0.2320 0.2740 
0.2452 0.2776 0.2356 0.2416 
0.2548 0.1875 0.2260 0.3317 
0.9543 0.0000 0.0000 0.0457 
0.0000 0.0000 0.0000 1.0000 
0.0000 0.0361 0.0000 0.9639 
1.0000 0.0000 0.0000 0.0000 
1.0000 0.0000 0.0000 0.0000 
0.4050 0.0000 0.0000 0.5950 

MOTIF filter24 
letter-probability matrix: alength= 4 w= 16 nsites= 16 
0.2434 0.2472 0.2884 0.2210 
0.2584 0.1760 0.2697 0.2959 
0.2060 0.2547 0.3071 0.2322 
0.2472 0.0524 0.6704 0.0300 
0.1273 0.0000 0.8127 0.0599 
0.1386 0.0000 0.8614 0.0000 
0.0000 0.0000 1.0000 0.0000 
0.0000 0.0000 1.0000 0.0000 
0.3146 0.5618 0.0000 0.1236 
0.0000 0.0000 1.0000 0.0000 
0.0000 0.0000 1.0000 0.0000 
0.0524 0.0000 0.9438 0.0037 
0.1723 0.0000 0.8277 0.0000 
0.1873 0.5281 0.2210 0.0637 
0.3109 0.1685 0.2996 0.2210 
0.2472 0.3296 0.2022 0.2210 

MOTIF filter25 
letter-probability matrix: alength= 4 w= 16 nsites= 16 
0.0027 0.9904 0.0041 0.0027 
0.0000 1.0000 0.0000 0.0000 
0.8525 0.0000 0.0027 0.1448 
0.0027 0.0000 0.0000 0.9973 
1.0000 0.0000 0.0000 0.0000 
0.0000 0.0000 0.0000 1.0000 
0.9959 0.0000 0.0000 0.0041 
0.1393 0.0014 0.0000 0.8593 
0.0000 0.0014 0.9986 0.0000 
0.0000 0.0000 1.0000 0.0000 
0.0861 0.0601 0.4208 0.4331 
0.2158 0.6981 0.0738 0.0123 
0.7719 0.0164 0.0519 0.1598 
0.2363 0.2650 0.2555 0.2432 
0.2227 0.2637 0.2623 0.2514 
0.2541 0.2486 0.2596 0.2377 

MOTIF filter26 
letter-probability matrix: alength= 4 w= 15 nsites= 15 
0.2925 0.2955 0.2090 0.2030 
0.2507 0.2955 0.2060 0.2478 
0.2179 0.2119 0.2896 0.2806 
0.0000 0.8597 0.0776 0.0627 
0.0000 0.1761 0.0000 0.8239 
0.0000 0.1910 0.7791 0.0299 
1.0000 0.0000 0.0000 0.0000 
0.0000 0.0000 0.0000 1.0000 
0.0000 0.0000 0.0000 1.0000 
0.0000 0.0000 1.0000 0.0000 
0.0000 0.0000 1.0000 0.0000 
0.0179 0.4179 0.0060 0.5582 
0.0209 0.4328 0.1373 0.4090 
0.2030 0.4239 0.2985 0.0746 
0.4925 0.1493 0.3104 0.0478 

MOTIF filter27 
letter-probability matrix: alength= 4 w= 11 nsites= 11 
0.5512 0.0951 0.2610 0.0927 
0.0000 1.0000 0.0000 0.0000 
0.0000 0.0000 0.0000 1.0000 
0.0000 0.0000 0.0000 1.0000 
0.0000 1.0000 0.0000 0.0000 
0.0000 1.0000 0.0000 0.0000 
0.0000 0.0000 1.0000 0.0000 
0.0000 0.1829 0.8171 0.0000 
0.3146 0.2146 0.2122 0.2585 
0.2683 0.2415 0.2341 0.2561 
0.2756 0.2341 0.2293 0.2610 

MOTIF filter28 
letter-probability matrix: alength= 4 w= 18 nsites= 18 
0.2530 0.2622 0.2378 0.2470 
0.2774 0.2317 0.2561 0.2348 
0.2561 0.2774 0.2287 0.2378 
0.5061 0.0122 0.1341 0.3476 
0.6463 0.0091 0.0488 0.2957 
0.4482 0.0000 0.0213 0.5305 
0.3140 0.1463 0.1402 0.3994 
0.0091 0.0000 0.0000 0.9909 
0.0000 0.0000 1.0000 0.0000 
0.0305 0.9695 0.0000 0.0000 
0.0000 0.0000 0.0000 1.0000 
0.0000 0.0000 0.9878 0.0122 
1.0000 0.0000 0.0000 0.0000 
0.0335 0.4909 0.3140 0.1616 
0.1982 0.1159 0.0366 0.6494 
0.1799 0.3811 0.1189 0.3201 
0.5183 0.0549 0.1890 0.2378 
0.1463 0.0335 0.5457 0.2744 

MOTIF filter29 
letter-probability matrix: alength= 4 w= 20 nsites= 20 
0.2822 0.2515 0.2577 0.2086 
0.1472 0.0859 0.0123 0.7546 
0.2883 0.0368 0.2945 0.3804 
0.0307 0.0429 0.8896 0.0368 
0.3681 0.0000 0.5337 0.0982 
0.8160 0.0123 0.0613 0.1104 
0.5890 0.0429 0.0675 0.3006 
0.4417 0.5583 0.0000 0.0000 
0.3313 0.4049 0.0552 0.2086 
0.1963 0.1104 0.0061 0.6871 
0.2331 0.2761 0.0920 0.3988 
0.2209 0.2331 0.0000 0.5460 
0.2025 0.0798 0.4172 0.3006 
0.3742 0.0675 0.2945 0.2638 
0.0859 0.5276 0.0675 0.3190 
0.3313 0.3190 0.0000 0.3497 
0.0368 0.5767 0.1043 0.2822 
0.0123 0.0368 0.7853 0.1656 
0.2393 0.1104 0.0000 0.6503 
0.0552 0.1656 0.2883 0.4908 

MOTIF filter30 
letter-probability matrix: alength= 4 w= 13 nsites= 13 
0.2524 0.2395 0.2508 0.2573 
0.2379 0.2557 0.2557 0.2508 
0.2136 0.2654 0.2379 0.2832 
0.5728 0.0712 0.3560 0.0000 
0.0000 0.0000 0.0000 1.0000 
0.0000 0.0000 0.0097 0.9903 
0.2443 0.0000 0.6845 0.0712 
0.0000 0.9385 0.0016 0.0599 
0.0259 0.0000 0.9741 0.0000 
0.0518 0.7006 0.0000 0.2476 
0.9693 0.0307 0.0000 0.0000 
1.0000 0.0000 0.0000 0.0000 
0.0032 0.3236 0.1375 0.5356 

MOTIF filter31 
letter-probability matrix: alength= 4 w= 17 nsites= 17 
0.2077 0.3099 0.2620 0.2204 
0.2843 0.2556 0.1853 0.2748 
0.1597 0.6294 0.1438 0.0671 
1.0000 0.0000 0.0000 0.0000 
0.9776 0.0096 0.0128 0.0000 
0.4473 0.0799 0.4537 0.0192 
1.0000 0.0000 0.0000 0.0000 
0.0000 0.0000 0.0000 1.0000 
0.0000 0.0000 1.0000 0.0000 
0.0000 0.0000 1.0000 0.0000 
0.0639 0.8786 0.0000 0.0575 
0.1214 0.1789 0.4153 0.2843 
0.0543 0.0479 0.8403 0.0575 
0.1150 0.8051 0.0064 0.0735 
0.2780 0.2013 0.2236 0.2971 
0.2045 0.2428 0.3291 0.2236 
0.2716 0.2396 0.2748 0.2141 

