MEME version 4

ALPHABET= ACGT

Background letter frequencies:
A 0.2500 C 0.2500 G 0.2500 T 0.2500 

MOTIF filter0 
letter-probability matrix: alength= 4 w= 20 nsites= 20 
0.2537 0.2836 0.2127 0.2500 
0.4104 0.2425 0.1306 0.2164 
0.1716 0.0672 0.6866 0.0746 
0.0933 0.1157 0.5112 0.2799 
0.2612 0.2463 0.1940 0.2985 
0.4030 0.3545 0.0112 0.2313 
0.1381 0.6530 0.0597 0.1493 
0.0634 0.6604 0.1306 0.1455 
0.2164 0.2500 0.2612 0.2724 
0.2239 0.5522 0.2239 0.0000 
0.0336 0.8246 0.0336 0.1082 
0.0858 0.6119 0.0187 0.2836 
0.0149 0.8694 0.0896 0.0261 
0.0000 0.8470 0.1418 0.0112 
0.1455 0.4104 0.2239 0.2201 
0.0485 0.7612 0.0373 0.1530 
0.0448 0.6940 0.0672 0.1940 
0.0373 0.6157 0.0336 0.3134 
0.1791 0.7388 0.0149 0.0672 
0.0336 0.8731 0.0299 0.0634 

MOTIF filter1 
letter-probability matrix: alength= 4 w= 16 nsites= 16 
0.2307 0.2419 0.2693 0.2581 
0.2070 0.2868 0.2768 0.2294 
0.2893 0.2481 0.2257 0.2369 
0.1584 0.0623 0.0387 0.7406 
0.0299 0.0773 0.6708 0.2219 
0.4177 0.4015 0.0648 0.1160 
0.0000 0.9988 0.0000 0.0012 
0.0000 1.0000 0.0000 0.0000 
0.8392 0.0000 0.0062 0.1546 
0.0137 0.0000 0.0000 0.9863 
0.9988 0.0012 0.0000 0.0000 
0.0000 0.0000 0.0012 0.9988 
0.9900 0.0000 0.0000 0.0100 
0.1446 0.0025 0.0012 0.8516 
0.0025 0.0000 0.9975 0.0000 
0.0000 0.0000 0.9988 0.0012 

MOTIF filter2 
letter-probability matrix: alength= 4 w= 20 nsites= 20 
0.1939 0.2993 0.2653 0.2415 
0.0170 0.1871 0.7959 0.0000 
0.0136 0.2177 0.4558 0.3129 
0.4932 0.0680 0.4252 0.0136 
0.0680 0.2755 0.5068 0.1497 
0.3605 0.1327 0.2279 0.2789 
0.1054 0.1088 0.6871 0.0986 
0.0204 0.6327 0.1497 0.1973 
0.2653 0.4048 0.0272 0.3027 
0.1735 0.6429 0.0952 0.0884 
0.1871 0.6122 0.1020 0.0986 
0.3878 0.1190 0.2007 0.2925 
0.2721 0.1224 0.0544 0.5510 
0.6667 0.2959 0.0000 0.0374 
0.0748 0.2551 0.2279 0.4422 
0.8912 0.0340 0.0544 0.0204 
0.5646 0.0000 0.1701 0.2653 
0.0340 0.7279 0.1020 0.1361 
0.2585 0.3810 0.2483 0.1122 
0.0068 0.1803 0.6735 0.1395 

MOTIF filter3 
letter-probability matrix: alength= 4 w= 17 nsites= 17 
0.2596 0.2788 0.2452 0.2163 
0.2212 0.3173 0.2596 0.2019 
0.1106 0.0000 0.7308 0.1587 
0.0769 0.8269 0.0721 0.0240 
0.3029 0.3029 0.3029 0.0913 
0.0529 0.0000 0.9231 0.0240 
0.0000 1.0000 0.0000 0.0000 
0.0000 1.0000 0.0000 0.0000 
1.0000 0.0000 0.0000 0.0000 
0.0000 0.0000 0.0000 1.0000 
0.0096 0.4904 0.0769 0.4231 
0.0000 0.0048 0.0096 0.9856 
0.0000 0.0048 0.0000 0.9952 
0.0529 0.0865 0.7788 0.0817 
0.2067 0.2212 0.3462 0.2260 
0.2163 0.2788 0.2163 0.2885 
0.2788 0.3125 0.2115 0.1971 

MOTIF filter4 
letter-probability matrix: alength= 4 w= 20 nsites= 20 
0.2311 0.2669 0.2669 0.2351 
0.1514 0.0279 0.3546 0.4661 
0.1195 0.0159 0.1952 0.6693 
0.0996 0.3307 0.0000 0.5697 
0.1155 0.0000 0.0279 0.8566 
0.6215 0.0159 0.0996 0.2629 
0.7251 0.0717 0.1434 0.0598 
0.6375 0.0159 0.0239 0.3227 
0.1434 0.5498 0.1315 0.1753 
0.2829 0.0478 0.1554 0.5139 
0.1474 0.4980 0.2510 0.1036 
0.0916 0.2948 0.5100 0.1036 
0.6733 0.2311 0.0956 0.0000 
0.1633 0.2112 0.3147 0.3108 
0.0239 0.4143 0.4024 0.1594 
0.0518 0.5299 0.1235 0.2948 
0.3147 0.6693 0.0080 0.0080 
0.2749 0.0120 0.6335 0.0797 
0.2629 0.2629 0.2151 0.2590 
0.1434 0.0837 0.0279 0.7450 

MOTIF filter5 
letter-probability matrix: alength= 4 w= 17 nsites= 17 
0.1909 0.3560 0.1359 0.3172 
0.3528 0.2557 0.3819 0.0097 
0.2136 0.0777 0.2039 0.5049 
0.8803 0.0259 0.0906 0.0032 
0.0939 0.0259 0.2071 0.6731 
0.3398 0.3916 0.1780 0.0906 
0.0259 0.6408 0.2977 0.0356 
0.2201 0.6311 0.0550 0.0939 
0.2427 0.6699 0.0388 0.0485 
0.6472 0.0000 0.1942 0.1586 
0.1262 0.1100 0.3657 0.3981 
0.1003 0.0388 0.7961 0.0647 
0.0000 0.6440 0.2006 0.1553 
0.0065 0.0485 0.2201 0.7249 
0.4854 0.0583 0.0162 0.4401 
0.1650 0.3042 0.1489 0.3819 
0.0032 0.2945 0.3528 0.3495 

MOTIF filter6 
letter-probability matrix: alength= 4 w= 15 nsites= 15 
0.2690 0.2345 0.2034 0.2931 
0.2414 0.2483 0.2862 0.2241 
0.2379 0.2345 0.2345 0.2931 
0.0000 0.8966 0.1034 0.0000 
0.0103 0.9897 0.0000 0.0000 
0.0000 0.0000 1.0000 0.0000 
0.0000 0.0000 1.0000 0.0000 
1.0000 0.0000 0.0000 0.0000 
1.0000 0.0000 0.0000 0.0000 
0.1172 0.0000 0.8828 0.0000 
0.0069 0.3621 0.0000 0.6310 
0.1897 0.0552 0.7310 0.0241 
0.2793 0.2241 0.4931 0.0034 
0.2000 0.3897 0.2414 0.1690 
0.1931 0.2690 0.2862 0.2517 

MOTIF filter7 
letter-probability matrix: alength= 4 w= 19 nsites= 19 
0.1642 0.0791 0.0450 0.7117 
0.0231 0.0912 0.6667 0.2190 
0.4112 0.3942 0.0669 0.1277 
0.0000 0.9976 0.0024 0.0000 
0.0000 0.9915 0.0024 0.0061 
0.8418 0.0012 0.0049 0.1521 
0.0146 0.0000 0.0000 0.9854 
1.0000 0.0000 0.0000 0.0000 
0.0000 0.0012 0.0012 0.9976 
0.9866 0.0012 0.0000 0.0122 
0.1582 0.0024 0.0000 0.8394 
0.0000 0.0024 0.9976 0.0000 
0.0000 0.0000 1.0000 0.0000 
0.0998 0.0693 0.4015 0.4294 
0.2129 0.6752 0.0864 0.0255 
0.7433 0.0255 0.0596 0.1715 
0.2409 0.2810 0.2421 0.2360 
0.2251 0.2579 0.2616 0.2555 
0.2445 0.2397 0.2701 0.2457 

MOTIF filter8 
letter-probability matrix: alength= 4 w= 20 nsites= 20 
0.2321 0.2765 0.2287 0.2628 
0.0000 0.7713 0.1911 0.0375 
0.4027 0.3823 0.0546 0.1604 
0.0887 0.1195 0.2423 0.5495 
0.0239 0.2253 0.0956 0.6553 
0.6212 0.0034 0.1024 0.2730 
0.9010 0.0239 0.0751 0.0000 
0.4846 0.2423 0.1638 0.1092 
0.0341 0.3276 0.6041 0.0341 
0.0034 0.1877 0.3413 0.4676 
0.1468 0.5939 0.0239 0.2355 
0.5392 0.0273 0.1570 0.2765 
0.0137 0.4608 0.2628 0.2628 
0.1331 0.3072 0.2696 0.2901 
0.0068 0.1229 0.2696 0.6007 
0.1945 0.4812 0.0512 0.2730 
0.1229 0.0273 0.6689 0.1809 
0.1229 0.7099 0.1399 0.0273 
0.0273 0.4266 0.4573 0.0887 
0.2628 0.0887 0.3038 0.3447 

MOTIF filter9 
letter-probability matrix: alength= 4 w= 17 nsites= 17 
0.2711 0.2332 0.2566 0.2391 
0.2566 0.2755 0.2405 0.2274 
0.2405 0.2697 0.2405 0.2493 
0.0700 0.0452 0.3513 0.5335 
0.0044 0.9300 0.0000 0.0656 
0.0000 0.0000 0.0000 1.0000 
1.0000 0.0000 0.0000 0.0000 
0.1910 0.0000 0.0000 0.8090 
0.3921 0.0000 0.0000 0.6079 
0.4869 0.0000 0.0000 0.5131 
0.6574 0.0015 0.0000 0.3411 
0.0000 0.0000 0.0000 1.0000 
1.0000 0.0000 0.0000 0.0000 
0.0350 0.0000 0.9461 0.0190 
0.4490 0.3921 0.0394 0.1195 
0.2755 0.2289 0.2828 0.2128 
0.2551 0.2697 0.2332 0.2420 

MOTIF filter10 
letter-probability matrix: alength= 4 w= 15 nsites= 15 
0.2743 0.3083 0.2039 0.2136 
0.2694 0.2670 0.2306 0.2330 
0.2476 0.2379 0.2524 0.2621 
0.0049 0.7913 0.1092 0.0947 
0.0000 0.1893 0.0000 0.8107 
0.0000 0.2476 0.7257 0.0267 
1.0000 0.0000 0.0000 0.0000 
0.0000 0.0000 0.0000 1.0000 
0.0000 0.0000 0.0000 1.0000 
0.0000 0.0000 1.0000 0.0000 
0.0000 0.0000 1.0000 0.0000 
0.0461 0.4005 0.0073 0.5461 
0.0146 0.4296 0.1359 0.4199 
0.1869 0.4175 0.3107 0.0850 
0.4636 0.1481 0.3107 0.0777 

MOTIF filter11 
letter-probability matrix: alength= 4 w= 12 nsites= 12 
0.2342 0.2844 0.2059 0.2754 
0.2561 0.2600 0.2831 0.2008 
0.2600 0.2561 0.2484 0.2355 
0.0347 0.0000 0.0000 0.9653 
0.0000 0.0000 0.0000 1.0000 
0.0000 0.0000 0.0000 1.0000 
0.5946 0.0000 0.4054 0.0000 
1.0000 0.0000 0.0000 0.0000 
0.0000 0.0000 0.0000 1.0000 
0.2214 0.2806 0.2625 0.2355 
0.2587 0.2651 0.2394 0.2368 
0.2497 0.2239 0.2587 0.2677 

MOTIF filter12 
letter-probability matrix: alength= 4 w= 13 nsites= 13 
0.3072 0.1755 0.3135 0.2038 
0.6144 0.0721 0.1160 0.1975 
0.1661 0.2884 0.5204 0.0251 
0.0000 0.0000 0.0000 1.0000 
0.0094 0.9906 0.0000 0.0000 
1.0000 0.0000 0.0000 0.0000 
0.0000 0.0000 0.9937 0.0063 
0.0000 1.0000 0.0000 0.0000 
0.9937 0.0000 0.0000 0.0063 
0.4859 0.1348 0.1505 0.2288 
0.4201 0.0439 0.0094 0.5266 
0.4044 0.0470 0.0157 0.5329 
0.2853 0.0878 0.0251 0.6019 

MOTIF filter13 
letter-probability matrix: alength= 4 w= 20 nsites= 20 
0.2091 0.2091 0.3364 0.2455 
0.2182 0.3364 0.0000 0.4455 
0.2727 0.1909 0.5364 0.0000 
0.0636 0.1818 0.0364 0.7182 
0.0545 0.4364 0.1909 0.3182 
0.7636 0.2273 0.0000 0.0091 
0.2000 0.0818 0.2909 0.4273 
0.1636 0.0091 0.5818 0.2455 
0.0818 0.0455 0.3909 0.4818 
0.0000 0.0182 0.0000 0.9818 
0.0636 0.1182 0.6091 0.2091 
0.0000 0.5182 0.2091 0.2727 
0.2182 0.0000 0.7818 0.0000 
0.2000 0.4455 0.1273 0.2273 
0.6000 0.3182 0.0545 0.0273 
0.7091 0.1091 0.1182 0.0636 
0.0000 0.2727 0.0273 0.7000 
0.0364 0.0182 0.2909 0.6545 
0.3636 0.4182 0.1455 0.0727 
0.0818 0.1091 0.3091 0.5000 

MOTIF filter14 
letter-probability matrix: alength= 4 w= 17 nsites= 17 
0.3280 0.3495 0.2742 0.0484 
0.2742 0.1129 0.4812 0.1317 
0.4919 0.1371 0.3495 0.0215 
0.1613 0.7285 0.1102 0.0000 
0.0780 0.2446 0.2608 0.4167 
0.1344 0.4167 0.3118 0.1371 
0.2715 0.2285 0.2124 0.2876 
0.0000 0.2016 0.4435 0.3548 
0.0941 0.6344 0.2446 0.0269 
0.2527 0.3468 0.2339 0.1667 
0.4543 0.1425 0.1452 0.2581 
0.2742 0.0269 0.0833 0.6156 
0.8763 0.0269 0.0081 0.0887 
0.0833 0.0054 0.1022 0.8091 
0.0000 0.7070 0.0457 0.2473 
0.6075 0.2500 0.0968 0.0457 
0.9274 0.0000 0.0672 0.0054 

MOTIF filter15 
letter-probability matrix: alength= 4 w= 15 nsites= 15 
0.2382 0.2715 0.2479 0.2424 
0.2327 0.2659 0.2424 0.2590 
0.5360 0.1080 0.3504 0.0055 
0.0000 0.0000 0.0000 1.0000 
0.0000 0.0000 0.0180 0.9820 
0.2909 0.0000 0.6496 0.0596 
0.0014 0.9432 0.0000 0.0554 
0.0693 0.0000 0.9307 0.0000 
0.0789 0.6981 0.0000 0.2230 
0.9889 0.0111 0.0000 0.0000 
1.0000 0.0000 0.0000 0.0000 
0.0028 0.3476 0.1385 0.5111 
0.2742 0.2576 0.2729 0.1953 
0.2341 0.2036 0.2770 0.2853 
0.2576 0.2313 0.2701 0.2410 

MOTIF filter16 
letter-probability matrix: alength= 4 w= 13 nsites= 13 
0.3286 0.2238 0.2776 0.1700 
0.2635 0.3031 0.2295 0.2040 
0.0652 0.1615 0.5439 0.2295 
0.0000 0.8329 0.0142 0.1530 
0.0000 0.8470 0.0000 0.1530 
0.0000 1.0000 0.0000 0.0000 
0.0000 1.0000 0.0000 0.0000 
0.1076 0.0000 0.6176 0.2748 
0.0000 1.0000 0.0000 0.0000 
0.0000 1.0000 0.0000 0.0000 
0.0000 0.8244 0.0000 0.1756 
0.0567 0.8527 0.0000 0.0907 
0.0397 0.6261 0.0595 0.2748 

MOTIF filter17 
letter-probability matrix: alength= 4 w= 16 nsites= 16 
0.2636 0.2455 0.2636 0.2273 
0.2364 0.2364 0.2455 0.2818 
0.2727 0.0091 0.6727 0.0455 
0.0818 0.0000 0.8864 0.0318 
0.1682 0.0000 0.8318 0.0000 
0.0000 0.0000 1.0000 0.0000 
0.0000 0.0000 1.0000 0.0000 
0.2500 0.6364 0.0000 0.1136 
0.0000 0.0000 1.0000 0.0000 
0.0000 0.0000 1.0000 0.0000 
0.1182 0.0000 0.8818 0.0000 
0.1045 0.0000 0.8955 0.0000 
0.1545 0.6773 0.1364 0.0318 
0.2955 0.2182 0.2682 0.2182 
0.2364 0.3273 0.2000 0.2364 
0.2591 0.2182 0.2455 0.2773 

MOTIF filter18 
letter-probability matrix: alength= 4 w= 20 nsites= 20 
0.2969 0.2358 0.1965 0.2707 
0.3493 0.2271 0.2402 0.1834 
0.2969 0.2402 0.1659 0.2969 
0.2402 0.6332 0.0175 0.1092 
0.2271 0.1048 0.0917 0.5764 
0.2751 0.1266 0.3275 0.2707 
0.6856 0.0262 0.0830 0.2052 
0.1747 0.2707 0.5415 0.0131 
0.0000 0.0000 0.0000 1.0000 
0.0000 1.0000 0.0000 0.0000 
1.0000 0.0000 0.0000 0.0000 
0.0000 0.0000 0.9738 0.0262 
0.0000 1.0000 0.0000 0.0000 
0.9956 0.0000 0.0000 0.0044 
0.4279 0.1485 0.1048 0.3188 
0.3886 0.0349 0.0000 0.5764 
0.3712 0.0393 0.0000 0.5895 
0.3362 0.1179 0.0087 0.5371 
0.2795 0.2445 0.2838 0.1921 
0.2489 0.2533 0.2445 0.2533 

MOTIF filter19 
letter-probability matrix: alength= 4 w= 15 nsites= 15 
0.2508 0.2378 0.2606 0.2508 
0.2573 0.1987 0.2769 0.2671 
0.2117 0.2866 0.2801 0.2215 
0.0065 0.8469 0.1466 0.0000 
0.0326 0.9674 0.0000 0.0000 
0.0000 0.0000 1.0000 0.0000 
0.0000 0.0000 1.0000 0.0000 
1.0000 0.0000 0.0000 0.0000 
1.0000 0.0000 0.0000 0.0000 
0.0000 0.0065 0.9935 0.0000 
0.0261 0.2476 0.0065 0.7199 
0.1596 0.1107 0.6743 0.0554 
0.2410 0.2443 0.4723 0.0423 
0.2541 0.3420 0.2313 0.1726 
0.2313 0.3322 0.2117 0.2248 

MOTIF filter20 
letter-probability matrix: alength= 4 w= 18 nsites= 18 
0.2828 0.2276 0.2448 0.2448 
0.2414 0.2862 0.2483 0.2241 
0.2828 0.2276 0.2276 0.2621 
0.1276 0.0172 0.7138 0.1414 
0.0690 0.7276 0.1034 0.1000 
0.2862 0.3897 0.2138 0.1103 
0.0310 0.0000 0.8517 0.1172 
0.0000 1.0000 0.0000 0.0000 
0.0000 1.0000 0.0000 0.0000 
1.0000 0.0000 0.0000 0.0000 
0.0000 0.0000 0.0000 1.0000 
0.0034 0.4483 0.1862 0.3621 
0.0000 0.0034 0.0000 0.9966 
0.0000 0.0000 0.0000 1.0000 
0.0828 0.0552 0.7448 0.1172 
0.3069 0.2103 0.2310 0.2517 
0.2034 0.2793 0.2552 0.2621 
0.1966 0.3345 0.2207 0.2483 

MOTIF filter21 
letter-probability matrix: alength= 4 w= 13 nsites= 13 
0.1528 0.2026 0.1706 0.4739 
0.0000 0.0000 0.0000 1.0000 
0.0000 0.0000 0.0000 1.0000 
0.0521 0.9479 0.0000 0.0000 
0.0000 0.7903 0.0000 0.2097 
0.2441 0.2310 0.2417 0.2832 
0.2062 0.0000 0.7915 0.0024 
0.0000 0.0000 0.9431 0.0569 
1.0000 0.0000 0.0000 0.0000 
1.0000 0.0000 0.0000 0.0000 
0.5024 0.1256 0.2168 0.1552 
0.2405 0.2678 0.2429 0.2488 
0.2654 0.2322 0.2547 0.2476 

MOTIF filter22 
letter-probability matrix: alength= 4 w= 15 nsites= 15 
0.2248 0.2478 0.2536 0.2738 
0.2190 0.2939 0.2882 0.1988 
0.2738 0.2507 0.2075 0.2680 
0.1527 0.6628 0.1268 0.0576 
1.0000 0.0000 0.0000 0.0000 
0.9856 0.0000 0.0144 0.0000 
0.4207 0.0749 0.4813 0.0231 
1.0000 0.0000 0.0000 0.0000 
0.0000 0.0000 0.0000 1.0000 
0.0000 0.0000 1.0000 0.0000 
0.0000 0.0000 1.0000 0.0000 
0.0519 0.8790 0.0000 0.0692 
0.1009 0.1931 0.4323 0.2738 
0.0749 0.0865 0.7723 0.0663 
0.1210 0.7867 0.0144 0.0778 

MOTIF filter23 
letter-probability matrix: alength= 4 w= 15 nsites= 15 
0.2350 0.2717 0.2517 0.2416 
0.1225 0.0679 0.3463 0.4633 
0.0412 0.8597 0.0000 0.0991 
0.0011 0.0022 0.0000 0.9967 
1.0000 0.0000 0.0000 0.0000 
0.2895 0.0000 0.0045 0.7060 
0.4800 0.0000 0.0000 0.5200 
0.5757 0.0000 0.0000 0.4243 
0.7071 0.0000 0.0000 0.2929 
0.0000 0.0000 0.0000 1.0000 
0.9989 0.0000 0.0011 0.0000 
0.1114 0.0022 0.8786 0.0078 
0.4510 0.3619 0.0479 0.1392 
0.2884 0.2283 0.2528 0.2305 
0.2483 0.2806 0.2350 0.2361 

MOTIF filter24 
letter-probability matrix: alength= 4 w= 13 nsites= 13 
0.2061 0.1453 0.4932 0.1554 
0.1351 0.1486 0.5574 0.1588 
0.1554 0.0946 0.5676 0.1824 
0.0777 0.0676 0.8412 0.0135 
0.1385 0.0946 0.7466 0.0203 
0.0946 0.0372 0.8311 0.0372 
0.0236 0.0000 0.9730 0.0034 
0.0068 0.0473 0.9358 0.0101 
0.1115 0.2196 0.6453 0.0236 
0.0811 0.2838 0.6149 0.0203 
0.0912 0.0473 0.8480 0.0135 
0.0912 0.0236 0.8345 0.0507 
0.2162 0.0068 0.7466 0.0304 

MOTIF filter25 
letter-probability matrix: alength= 4 w= 14 nsites= 14 
0.2494 0.2877 0.2136 0.2494 
0.2494 0.2430 0.2558 0.2519 
0.2481 0.1509 0.3900 0.2110 
0.4680 0.0831 0.4488 0.0000 
0.0000 0.0000 0.0000 1.0000 
0.0000 0.0000 1.0000 0.0000 
1.0000 0.0000 0.0000 0.0000 
0.0000 0.5051 0.4949 0.0000 
0.0000 0.0000 0.0000 1.0000 
0.0026 0.9974 0.0000 0.0000 
1.0000 0.0000 0.0000 0.0000 
0.0000 0.3171 0.2519 0.4309 
0.2097 0.3990 0.2046 0.1867 
0.2379 0.2072 0.3031 0.2519 

MOTIF filter26 
letter-probability matrix: alength= 4 w= 11 nsites= 11 
0.2704 0.2730 0.2092 0.2474 
0.3176 0.1990 0.2105 0.2730 
0.2844 0.2309 0.2360 0.2487 
1.0000 0.0000 0.0000 0.0000 
0.0000 0.0000 0.0000 1.0000 
0.0000 0.3533 0.0000 0.6467 
1.0000 0.0000 0.0000 0.0000 
1.0000 0.0000 0.0000 0.0000 
0.9273 0.0000 0.0000 0.0727 
0.2462 0.2270 0.2219 0.3048 
0.2577 0.2436 0.2360 0.2628 

MOTIF filter27 
letter-probability matrix: alength= 4 w= 13 nsites= 13 
0.1449 0.2074 0.3551 0.2926 
0.0227 0.4744 0.2301 0.2727 
0.0739 0.6278 0.1278 0.1705 
0.7045 0.0142 0.2614 0.0199 
0.0000 0.9659 0.0000 0.0341 
0.0000 0.0000 0.0000 1.0000 
0.0000 0.0000 0.0000 1.0000 
0.0000 1.0000 0.0000 0.0000 
0.0000 1.0000 0.0000 0.0000 
0.0000 0.0000 0.9886 0.0114 
0.0000 0.1506 0.8466 0.0028 
0.2756 0.1989 0.2301 0.2955 
0.2557 0.2102 0.2642 0.2699 

MOTIF filter28 
letter-probability matrix: alength= 4 w= 13 nsites= 13 
0.3989 0.0855 0.0912 0.4245 
0.2877 0.1595 0.1282 0.4245 
0.0000 0.0000 0.0000 1.0000 
0.0000 0.0000 1.0000 0.0000 
0.0199 0.9801 0.0000 0.0000 
0.0000 0.0000 0.0000 1.0000 
0.0000 0.0000 0.9943 0.0057 
1.0000 0.0000 0.0000 0.0000 
0.0171 0.5328 0.3077 0.1425 
0.2194 0.0826 0.0342 0.6638 
0.1709 0.4245 0.0997 0.3048 
0.5071 0.0456 0.1937 0.2536 
0.1681 0.0256 0.5413 0.2650 

MOTIF filter29 
letter-probability matrix: alength= 4 w= 14 nsites= 14 
0.4420 0.2237 0.1590 0.1752 
0.0674 0.3774 0.1186 0.4367 
0.0701 0.3181 0.3693 0.2426 
0.4286 0.1213 0.4501 0.0000 
0.5849 0.0054 0.3666 0.0431 
0.0000 1.0000 0.0000 0.0000 
0.0000 1.0000 0.0000 0.0000 
1.0000 0.0000 0.0000 0.0000 
1.0000 0.0000 0.0000 0.0000 
0.0000 0.0000 0.0000 1.0000 
0.0323 0.7736 0.1941 0.0000 
0.8383 0.0027 0.1590 0.0000 
0.0593 0.0566 0.8841 0.0000 
0.2129 0.2857 0.2345 0.2668 

MOTIF filter30 
letter-probability matrix: alength= 4 w= 11 nsites= 11 
0.2338 0.2427 0.2774 0.2461 
0.2248 0.1734 0.3915 0.2103 
0.4206 0.2036 0.3736 0.0022 
0.0000 0.0000 0.0000 1.0000 
0.0000 0.0000 1.0000 0.0000 
1.0000 0.0000 0.0000 0.0000 
0.0000 0.4922 0.5078 0.0000 
0.0000 0.0000 0.0000 1.0000 
0.0000 1.0000 0.0000 0.0000 
1.0000 0.0000 0.0000 0.0000 
0.0000 0.3635 0.2047 0.4318 

MOTIF filter31 
letter-probability matrix: alength= 4 w= 9 nsites= 9 
0.2317 0.2614 0.2614 0.2455 
0.3792 0.2139 0.2574 0.1495 
0.2267 0.3000 0.3089 0.1644 
0.0000 1.0000 0.0000 0.0000 
1.0000 0.0000 0.0000 0.0000 
0.0000 1.0000 0.0000 0.0000 
0.0010 0.0000 0.9990 0.0000 
0.0000 0.0000 0.0000 1.0000 
0.0000 0.0000 1.0000 0.0000 

