MEME version 4

ALPHABET= ACGT

Background letter frequencies:
A 0.2500 C 0.2500 G 0.2500 T 0.2500 

MOTIF filter0 
letter-probability matrix: alength= 4 w= 16 nsites= 16 
0.2393 0.2552 0.2357 0.2698 
0.2369 0.2674 0.2552 0.2405 
0.2234 0.2576 0.2564 0.2625 
0.5275 0.1184 0.3431 0.0110 
0.0000 0.0000 0.0000 1.0000 
0.0000 0.0000 0.0281 0.9719 
0.2918 0.0000 0.6386 0.0696 
0.0073 0.9231 0.0000 0.0696 
0.0818 0.0000 0.9182 0.0000 
0.0830 0.6764 0.0000 0.2405 
0.9731 0.0269 0.0000 0.0000 
1.0000 0.0000 0.0000 0.0000 
0.0061 0.3407 0.1355 0.5177 
0.2784 0.2430 0.2772 0.2015 
0.2479 0.2100 0.2674 0.2747 
0.2613 0.2210 0.2711 0.2466 

MOTIF filter1 
letter-probability matrix: alength= 4 w= 19 nsites= 19 
0.2259 0.2423 0.2610 0.2708 
0.2094 0.2807 0.2763 0.2336 
0.2928 0.2379 0.2270 0.2423 
0.1656 0.0757 0.0461 0.7127 
0.0340 0.0910 0.6557 0.2193 
0.4123 0.3893 0.0724 0.1261 
0.0022 0.9901 0.0055 0.0022 
0.0000 0.9879 0.0033 0.0088 
0.8300 0.0022 0.0099 0.1579 
0.0230 0.0000 0.0033 0.9737 
0.9923 0.0044 0.0022 0.0011 
0.0000 0.0022 0.0011 0.9967 
0.9748 0.0033 0.0000 0.0219 
0.1590 0.0066 0.0022 0.8322 
0.0033 0.0110 0.9857 0.0000 
0.0000 0.0022 0.9945 0.0033 
0.1118 0.0724 0.3849 0.4309 
0.2270 0.6404 0.0954 0.0373 
0.7094 0.0329 0.0746 0.1831 

MOTIF filter2 
letter-probability matrix: alength= 4 w= 14 nsites= 14 
0.2500 0.2704 0.2423 0.2372 
0.2347 0.2755 0.2474 0.2423 
0.1071 0.0561 0.3533 0.4834 
0.0255 0.9133 0.0000 0.0612 
0.0000 0.0000 0.0000 1.0000 
1.0000 0.0000 0.0000 0.0000 
0.2985 0.0000 0.0000 0.7015 
0.4974 0.0000 0.0000 0.5026 
0.5918 0.0000 0.0000 0.4082 
0.7309 0.0000 0.0000 0.2691 
0.0000 0.0000 0.0000 1.0000 
1.0000 0.0000 0.0000 0.0000 
0.0829 0.0000 0.9158 0.0013 
0.4656 0.3610 0.0383 0.1352 

MOTIF filter3 
letter-probability matrix: alength= 4 w= 13 nsites= 13 
0.3801 0.2325 0.2472 0.1402 
0.2731 0.3284 0.2066 0.1919 
0.0812 0.1476 0.5203 0.2509 
0.0000 0.8450 0.0332 0.1218 
0.0000 0.8930 0.0000 0.1070 
0.0000 1.0000 0.0000 0.0000 
0.0000 1.0000 0.0000 0.0000 
0.1218 0.0000 0.6310 0.2472 
0.0000 1.0000 0.0000 0.0000 
0.0000 1.0000 0.0000 0.0000 
0.0000 0.9151 0.0000 0.0849 
0.0221 0.9336 0.0000 0.0443 
0.0406 0.6015 0.0701 0.2878 

MOTIF filter4 
letter-probability matrix: alength= 4 w= 13 nsites= 13 
0.2408 0.2339 0.2646 0.2607 
0.2319 0.1705 0.3964 0.2012 
0.3954 0.2230 0.3568 0.0248 
0.0000 0.0000 0.0000 1.0000 
0.0000 0.0000 1.0000 0.0000 
1.0000 0.0000 0.0000 0.0000 
0.0040 0.5045 0.4916 0.0000 
0.0000 0.0000 0.0000 1.0000 
0.0000 1.0000 0.0000 0.0000 
1.0000 0.0000 0.0000 0.0000 
0.0109 0.3360 0.2527 0.4004 
0.2190 0.3578 0.1873 0.2359 
0.2587 0.2250 0.2706 0.2458 

MOTIF filter5 
letter-probability matrix: alength= 4 w= 18 nsites= 18 
0.2376 0.2607 0.2310 0.2706 
0.2838 0.2244 0.2574 0.2343 
0.2475 0.2640 0.2409 0.2475 
0.5248 0.0099 0.1122 0.3531 
0.6568 0.0066 0.0396 0.2970 
0.4455 0.0000 0.0165 0.5380 
0.3036 0.1650 0.1353 0.3960 
0.0066 0.0000 0.0000 0.9934 
0.0000 0.0000 1.0000 0.0000 
0.0132 0.9868 0.0000 0.0000 
0.0000 0.0000 0.0000 1.0000 
0.0000 0.0000 0.9901 0.0099 
1.0000 0.0000 0.0000 0.0000 
0.0297 0.5215 0.3036 0.1452 
0.1947 0.1056 0.0396 0.6601 
0.1749 0.3894 0.1122 0.3234 
0.5215 0.0528 0.1848 0.2409 
0.1452 0.0297 0.5578 0.2673 

MOTIF filter6 
letter-probability matrix: alength= 4 w= 16 nsites= 16 
0.2917 0.2197 0.2992 0.1894 
0.2348 0.2803 0.2689 0.2159 
0.0568 0.1629 0.6061 0.1742 
0.0000 0.8636 0.0038 0.1326 
0.0000 0.8750 0.0000 0.1250 
0.0000 1.0000 0.0000 0.0000 
0.0000 1.0000 0.0000 0.0000 
0.1136 0.0000 0.6212 0.2652 
0.0000 1.0000 0.0000 0.0000 
0.0000 1.0000 0.0000 0.0000 
0.0000 0.7348 0.0000 0.2652 
0.0985 0.8220 0.0000 0.0795 
0.0114 0.7803 0.0152 0.1932 
0.2386 0.2045 0.2917 0.2652 
0.2689 0.2538 0.1932 0.2841 
0.1970 0.3182 0.2386 0.2462 

MOTIF filter7 
letter-probability matrix: alength= 4 w= 15 nsites= 15 
0.2356 0.2685 0.2521 0.2438 
0.0494 0.0099 0.3806 0.5601 
0.0066 0.9473 0.0000 0.0461 
0.0000 0.0000 0.0000 1.0000 
1.0000 0.0000 0.0000 0.0000 
0.2026 0.0000 0.0049 0.7924 
0.4119 0.0000 0.0000 0.5881 
0.5157 0.0000 0.0000 0.4843 
0.6919 0.0000 0.0000 0.3081 
0.0000 0.0000 0.0000 1.0000 
1.0000 0.0000 0.0000 0.0000 
0.0148 0.0000 0.9703 0.0148 
0.4530 0.3888 0.0362 0.1219 
0.2949 0.2142 0.2702 0.2208 
0.2801 0.2372 0.2175 0.2652 

MOTIF filter8 
letter-probability matrix: alength= 4 w= 14 nsites= 14 
0.4424 0.2225 0.1528 0.1823 
0.0724 0.3753 0.1126 0.4397 
0.0697 0.3164 0.3780 0.2359 
0.4316 0.1206 0.4477 0.0000 
0.5871 0.0054 0.3619 0.0456 
0.0000 1.0000 0.0000 0.0000 
0.0000 1.0000 0.0000 0.0000 
1.0000 0.0000 0.0000 0.0000 
1.0000 0.0000 0.0000 0.0000 
0.0000 0.0000 0.0000 1.0000 
0.0268 0.7802 0.1930 0.0000 
0.8338 0.0027 0.1635 0.0000 
0.0617 0.0563 0.8794 0.0027 
0.2038 0.2895 0.2332 0.2735 

MOTIF filter9 
letter-probability matrix: alength= 4 w= 20 nsites= 20 
0.2500 0.2132 0.2721 0.2647 
0.5221 0.0735 0.0147 0.3897 
0.0221 0.3456 0.4485 0.1838 
0.0000 0.6250 0.1029 0.2721 
0.2941 0.2868 0.0000 0.4191 
0.0515 0.2574 0.0147 0.6765 
0.0809 0.6250 0.1691 0.1250 
0.1912 0.7794 0.0294 0.0000 
0.1029 0.2574 0.3235 0.3162 
0.2132 0.5662 0.1544 0.0662 
0.0074 0.8897 0.1029 0.0000 
0.0074 0.4412 0.1471 0.4044 
0.0074 0.5000 0.0662 0.4265 
0.1103 0.7059 0.0882 0.0956 
0.3456 0.5515 0.0000 0.1029 
0.0000 0.8603 0.1397 0.0000 
0.0000 0.4118 0.5662 0.0221 
0.0221 0.4265 0.3235 0.2279 
0.1691 0.2868 0.3015 0.2426 
0.1397 0.7721 0.0662 0.0221 

MOTIF filter10 
letter-probability matrix: alength= 4 w= 20 nsites= 20 
0.2624 0.2624 0.2157 0.2595 
0.5918 0.0379 0.2741 0.0962 
0.2391 0.2566 0.4286 0.0758 
0.0437 0.8571 0.0671 0.0321 
0.1720 0.1283 0.4548 0.2449 
0.1633 0.6006 0.0496 0.1866 
0.0029 0.7289 0.0875 0.1808 
0.0875 0.4227 0.2012 0.2886 
0.1749 0.6764 0.0758 0.0729 
0.3878 0.3499 0.2187 0.0437 
0.0117 0.2478 0.0875 0.6531 
0.4898 0.3615 0.0321 0.1166 
0.0233 0.9534 0.0233 0.0000 
0.2128 0.6647 0.0000 0.1224 
0.2449 0.1778 0.0000 0.5773 
0.1516 0.5802 0.0000 0.2682 
0.1283 0.2041 0.6589 0.0087 
0.3090 0.3120 0.2157 0.1633 
0.4111 0.1924 0.1429 0.2536 
0.1254 0.1079 0.5481 0.2187 

MOTIF filter11 
letter-probability matrix: alength= 4 w= 13 nsites= 13 
0.2841 0.3068 0.2472 0.1619 
0.0455 0.0000 0.8693 0.0852 
0.0000 1.0000 0.0000 0.0000 
0.0000 1.0000 0.0000 0.0000 
1.0000 0.0000 0.0000 0.0000 
0.0000 0.0000 0.0000 1.0000 
0.0028 0.4943 0.1278 0.3750 
0.0000 0.0000 0.0000 1.0000 
0.0000 0.0000 0.0000 1.0000 
0.0682 0.0767 0.7159 0.1392 
0.2784 0.2045 0.2727 0.2443 
0.1960 0.3011 0.2443 0.2585 
0.2386 0.2727 0.2585 0.2301 

MOTIF filter12 
letter-probability matrix: alength= 4 w= 17 nsites= 17 
0.3043 0.5151 0.0569 0.1237 
0.2241 0.1873 0.0635 0.5251 
0.2977 0.1505 0.3211 0.2308 
0.6388 0.0803 0.0970 0.1839 
0.1873 0.2441 0.5251 0.0435 
0.0000 0.0000 0.0000 1.0000 
0.0100 0.9900 0.0000 0.0000 
1.0000 0.0000 0.0000 0.0000 
0.0000 0.0000 0.9666 0.0334 
0.0000 1.0000 0.0000 0.0000 
1.0000 0.0000 0.0000 0.0000 
0.4047 0.1438 0.1973 0.2542 
0.4013 0.0201 0.0100 0.5686 
0.3612 0.0067 0.0067 0.6254 
0.3177 0.1171 0.0100 0.5552 
0.3211 0.2140 0.2241 0.2408 
0.2508 0.2809 0.2308 0.2375 

MOTIF filter13 
letter-probability matrix: alength= 4 w= 12 nsites= 12 
0.2538 0.2846 0.2179 0.2436 
0.2885 0.2103 0.2231 0.2782 
0.2808 0.2564 0.2167 0.2462 
1.0000 0.0000 0.0000 0.0000 
0.0000 0.0000 0.0000 1.0000 
0.0000 0.4385 0.0000 0.5615 
1.0000 0.0000 0.0000 0.0000 
1.0000 0.0000 0.0000 0.0000 
0.9987 0.0000 0.0000 0.0013 
0.2756 0.2205 0.2269 0.2769 
0.2538 0.2359 0.2397 0.2705 
0.2295 0.2744 0.2590 0.2372 

MOTIF filter14 
letter-probability matrix: alength= 4 w= 20 nsites= 20 
0.2468 0.2532 0.2189 0.2811 
0.0000 0.0000 0.4142 0.5858 
0.0043 0.0086 0.3412 0.6459 
0.0300 0.1738 0.6052 0.1910 
0.4528 0.2232 0.2339 0.0901 
0.0000 0.5107 0.1416 0.3476 
0.3755 0.0172 0.1545 0.4528 
0.1288 0.2554 0.2167 0.3991 
0.1567 0.0343 0.1459 0.6631 
0.1009 0.2124 0.2940 0.3927 
0.4163 0.3884 0.1245 0.0708 
0.1073 0.5086 0.0000 0.3841 
0.1760 0.0536 0.5258 0.2446 
0.2597 0.3004 0.4335 0.0064 
0.2082 0.1717 0.2253 0.3948 
0.2790 0.6202 0.1009 0.0000 
0.8069 0.0000 0.0300 0.1631 
0.0966 0.2403 0.0536 0.6094 
0.5193 0.1738 0.0322 0.2747 
0.0858 0.0043 0.7210 0.1888 

MOTIF filter15 
letter-probability matrix: alength= 4 w= 12 nsites= 12 
0.2370 0.2938 0.1899 0.2792 
0.2581 0.2386 0.2971 0.2062 
0.3036 0.2581 0.2435 0.1948 
0.0162 0.0000 0.0000 0.9838 
0.0000 0.0000 0.0000 1.0000 
0.0000 0.0000 0.0000 1.0000 
0.6705 0.0000 0.3295 0.0000 
1.0000 0.0000 0.0000 0.0000 
0.0000 0.0000 0.0000 1.0000 
0.2240 0.2808 0.2532 0.2419 
0.2890 0.2630 0.2110 0.2370 
0.2403 0.1981 0.2776 0.2841 

MOTIF filter16 
letter-probability matrix: alength= 4 w= 14 nsites= 14 
0.2700 0.3028 0.2207 0.2066 
0.2864 0.2559 0.2254 0.2324 
0.2465 0.2488 0.2488 0.2559 
0.0023 0.7746 0.1174 0.1056 
0.0000 0.1878 0.0000 0.8122 
0.0000 0.2582 0.7089 0.0329 
1.0000 0.0000 0.0000 0.0000 
0.0000 0.0000 0.0000 1.0000 
0.0000 0.0000 0.0000 1.0000 
0.0000 0.0000 1.0000 0.0000 
0.0000 0.0000 1.0000 0.0000 
0.0469 0.4038 0.0023 0.5469 
0.0070 0.4343 0.1432 0.4155 
0.1854 0.3944 0.3239 0.0962 

MOTIF filter17 
letter-probability matrix: alength= 4 w= 19 nsites= 19 
0.2454 0.2900 0.1970 0.2677 
0.2862 0.5836 0.0335 0.0967 
0.2379 0.1599 0.0818 0.5204 
0.2677 0.1896 0.3011 0.2416 
0.6617 0.0186 0.1115 0.2082 
0.1524 0.3383 0.5056 0.0037 
0.0000 0.0000 0.0000 1.0000 
0.0112 0.9888 0.0000 0.0000 
1.0000 0.0000 0.0000 0.0000 
0.0000 0.0000 1.0000 0.0000 
0.0000 1.0000 0.0000 0.0000 
0.9963 0.0000 0.0000 0.0037 
0.4907 0.1673 0.0595 0.2825 
0.4052 0.0558 0.0000 0.5390 
0.4052 0.0855 0.0000 0.5093 
0.3123 0.0855 0.0409 0.5613 
0.2491 0.1970 0.2862 0.2677 
0.2788 0.2528 0.2082 0.2602 
0.2082 0.3160 0.2119 0.2639 

MOTIF filter18 
letter-probability matrix: alength= 4 w= 14 nsites= 14 
0.0754 0.0681 0.3625 0.4939 
0.0000 0.9513 0.0000 0.0487 
0.0000 0.0000 0.0000 1.0000 
1.0000 0.0000 0.0000 0.0000 
0.0268 0.0000 0.0000 0.9732 
0.2263 0.0000 0.0000 0.7737 
0.3260 0.0000 0.0000 0.6740 
0.5669 0.0000 0.0000 0.4331 
0.0000 0.0000 0.0000 1.0000 
1.0000 0.0000 0.0000 0.0000 
0.0365 0.0000 0.9465 0.0170 
0.4063 0.4453 0.0438 0.1046 
0.2263 0.2652 0.2993 0.2092 
0.2336 0.2920 0.2457 0.2287 

MOTIF filter19 
letter-probability matrix: alength= 4 w= 18 nsites= 18 
0.2244 0.2500 0.2500 0.2756 
0.2188 0.2869 0.2727 0.2216 
0.2642 0.2642 0.1989 0.2727 
0.1562 0.6562 0.1278 0.0597 
1.0000 0.0000 0.0000 0.0000 
0.9886 0.0000 0.0114 0.0000 
0.4261 0.0795 0.4744 0.0199 
1.0000 0.0000 0.0000 0.0000 
0.0000 0.0000 0.0000 1.0000 
0.0000 0.0000 1.0000 0.0000 
0.0000 0.0000 1.0000 0.0000 
0.0455 0.8807 0.0000 0.0739 
0.1165 0.2045 0.4233 0.2557 
0.0767 0.0881 0.7699 0.0653 
0.1364 0.7500 0.0256 0.0881 
0.2756 0.2330 0.2074 0.2841 
0.2301 0.2443 0.3011 0.2244 
0.2557 0.2415 0.2756 0.2273 

MOTIF filter20 
letter-probability matrix: alength= 4 w= 20 nsites= 20 
0.2857 0.2512 0.2365 0.2266 
0.6355 0.0640 0.0788 0.2217 
0.5172 0.1478 0.3251 0.0099 
0.1379 0.2956 0.0246 0.5419 
0.0000 0.1675 0.1626 0.6700 
0.1182 0.4729 0.0000 0.4089 
0.0690 0.5123 0.0936 0.3251 
0.2660 0.0099 0.2759 0.4483 
0.6700 0.0443 0.0394 0.2463 
0.4729 0.3399 0.1379 0.0493 
0.4286 0.1527 0.4138 0.0049 
0.1576 0.0837 0.6897 0.0690 
0.2562 0.0099 0.1576 0.5764 
0.1182 0.7833 0.0000 0.0985 
0.2118 0.1478 0.4532 0.1872 
0.4581 0.0936 0.0542 0.3941 
0.6256 0.1281 0.0049 0.2414 
0.7980 0.0591 0.1330 0.0099 
0.6700 0.0148 0.0000 0.3153 
0.0493 0.4778 0.2709 0.2020 

MOTIF filter21 
letter-probability matrix: alength= 4 w= 19 nsites= 19 
0.2204 0.2366 0.2752 0.2677 
0.2192 0.2814 0.2752 0.2242 
0.2902 0.2403 0.2291 0.2403 
0.1569 0.0697 0.0336 0.7397 
0.0262 0.0859 0.6675 0.2204 
0.4247 0.3923 0.0672 0.1158 
0.0000 1.0000 0.0000 0.0000 
0.0000 1.0000 0.0000 0.0000 
0.8294 0.0025 0.0062 0.1619 
0.0112 0.0000 0.0000 0.9888 
1.0000 0.0000 0.0000 0.0000 
0.0000 0.0000 0.0012 0.9988 
0.9913 0.0000 0.0000 0.0087 
0.1445 0.0025 0.0000 0.8531 
0.0025 0.0025 0.9950 0.0000 
0.0000 0.0000 0.9988 0.0012 
0.1021 0.0685 0.3923 0.4371 
0.2204 0.6625 0.0884 0.0286 
0.7248 0.0299 0.0660 0.1793 

MOTIF filter22 
letter-probability matrix: alength= 4 w= 20 nsites= 20 
0.2522 0.2759 0.2328 0.2392 
0.0172 0.0819 0.7780 0.1228 
0.2134 0.5819 0.0022 0.2026 
0.3405 0.1940 0.2909 0.1746 
0.2349 0.0022 0.1250 0.6379 
0.2004 0.5043 0.0603 0.2349 
0.1530 0.1013 0.0862 0.6595 
0.2500 0.1875 0.5431 0.0194 
0.3405 0.0000 0.3427 0.3168 
0.3319 0.0603 0.1358 0.4720 
0.6422 0.0302 0.3276 0.0000 
0.1444 0.2996 0.2953 0.2608 
0.0496 0.6681 0.1552 0.1272 
0.0000 0.1121 0.6552 0.2328 
0.1013 0.2780 0.4181 0.2026 
0.2651 0.6164 0.1185 0.0000 
0.4784 0.4892 0.0194 0.0129 
0.0108 0.2112 0.1487 0.6293 
0.4289 0.1250 0.3513 0.0948 
0.0022 0.3944 0.0690 0.5345 

MOTIF filter23 
letter-probability matrix: alength= 4 w= 12 nsites= 12 
0.2568 0.2500 0.2449 0.2483 
0.5084 0.1554 0.2500 0.0861 
0.1774 0.3919 0.3682 0.0625 
0.0000 1.0000 0.0000 0.0000 
1.0000 0.0000 0.0000 0.0000 
0.0000 1.0000 0.0000 0.0000 
0.0000 0.0000 1.0000 0.0000 
0.0000 0.0000 0.0000 1.0000 
0.0000 0.0000 1.0000 0.0000 
0.0524 0.3682 0.3294 0.2500 
0.1132 0.2280 0.1334 0.5253 
0.2584 0.2365 0.2314 0.2736 

MOTIF filter24 
letter-probability matrix: alength= 4 w= 15 nsites= 15 
0.2588 0.2471 0.2382 0.2559 
0.2529 0.2176 0.2971 0.2324 
0.2265 0.2412 0.2559 0.2765 
0.0059 0.8559 0.1382 0.0000 
0.0324 0.9676 0.0000 0.0000 
0.0000 0.0000 1.0000 0.0000 
0.0000 0.0000 1.0000 0.0000 
1.0000 0.0000 0.0000 0.0000 
1.0000 0.0000 0.0000 0.0000 
0.0294 0.0088 0.9618 0.0000 
0.0294 0.2912 0.0059 0.6735 
0.1794 0.0794 0.6882 0.0529 
0.2676 0.2353 0.4706 0.0265 
0.2235 0.3706 0.2412 0.1647 
0.2294 0.2824 0.2471 0.2412 

MOTIF filter25 
letter-probability matrix: alength= 4 w= 12 nsites= 12 
0.2474 0.2566 0.2632 0.2329 
0.2487 0.3487 0.1934 0.2092 
0.2211 0.1908 0.2382 0.3500 
0.6974 0.0000 0.0000 0.3026 
0.0000 0.0000 0.0000 1.0000 
0.0000 0.0013 0.0000 0.9987 
0.9237 0.0000 0.0763 0.0000 
1.0000 0.0000 0.0000 0.0000 
0.0632 0.0000 0.0000 0.9368 
0.2487 0.2737 0.2592 0.2184 
0.1921 0.2276 0.3092 0.2711 
0.2961 0.2526 0.1868 0.2645 

MOTIF filter26 
letter-probability matrix: alength= 4 w= 14 nsites= 14 
0.2395 0.2298 0.2621 0.2686 
0.2298 0.2362 0.2621 0.2718 
0.2265 0.2298 0.3010 0.2427 
0.2621 0.0388 0.6440 0.0550 
0.1036 0.0000 0.8479 0.0485 
0.1424 0.0000 0.8576 0.0000 
0.0000 0.0000 1.0000 0.0000 
0.0000 0.0000 1.0000 0.0000 
0.2816 0.5922 0.0000 0.1262 
0.0000 0.0000 1.0000 0.0000 
0.0000 0.0000 1.0000 0.0000 
0.1521 0.0000 0.8479 0.0000 
0.1521 0.0097 0.8382 0.0000 
0.1748 0.5761 0.1748 0.0744 

MOTIF filter27 
letter-probability matrix: alength= 4 w= 12 nsites= 12 
0.2856 0.2489 0.2091 0.2565 
0.2683 0.2489 0.2349 0.2478 
0.1412 0.2091 0.1541 0.4957 
0.0000 0.0000 0.0000 1.0000 
0.0000 0.0000 0.0000 1.0000 
0.0776 0.9224 0.0000 0.0000 
0.0065 0.7694 0.0000 0.2241 
0.2575 0.2274 0.2425 0.2726 
0.2284 0.0000 0.7629 0.0086 
0.0000 0.0000 0.9138 0.0862 
0.9968 0.0032 0.0000 0.0000 
1.0000 0.0000 0.0000 0.0000 

MOTIF filter28 
letter-probability matrix: alength= 4 w= 20 nsites= 20 
0.1586 0.3241 0.2759 0.2414 
0.0414 0.3034 0.1034 0.5517 
0.0276 0.1517 0.6690 0.1517 
0.6552 0.2276 0.0207 0.0966 
0.0207 0.0552 0.0345 0.8897 
0.1862 0.0897 0.0069 0.7172 
0.0207 0.0000 0.6897 0.2897 
0.1448 0.0966 0.7310 0.0276 
0.1172 0.3724 0.2897 0.2207 
0.1793 0.4345 0.1448 0.2414 
0.1034 0.3793 0.0552 0.4621 
0.0345 0.3310 0.5448 0.0897 
0.0276 0.0000 0.2483 0.7241 
0.4069 0.0000 0.1517 0.4414 
0.1724 0.1379 0.1310 0.5586 
0.0897 0.0069 0.6345 0.2690 
0.9310 0.0414 0.0138 0.0138 
0.4897 0.1103 0.0069 0.3931 
0.2483 0.0690 0.2966 0.3862 
0.1034 0.2069 0.5034 0.1862 

MOTIF filter29 
letter-probability matrix: alength= 4 w= 15 nsites= 15 
0.2023 0.2551 0.2610 0.2815 
0.1349 0.1994 0.3842 0.2815 
0.0235 0.4839 0.2258 0.2669 
0.0733 0.6393 0.1261 0.1613 
0.7097 0.0147 0.2522 0.0235 
0.0000 0.9619 0.0029 0.0352 
0.0000 0.0000 0.0000 1.0000 
0.0000 0.0000 0.0000 1.0000 
0.0000 1.0000 0.0000 0.0000 
0.0000 1.0000 0.0000 0.0000 
0.0000 0.0000 0.9853 0.0147 
0.0000 0.1378 0.8563 0.0059 
0.2698 0.1994 0.2375 0.2933 
0.2522 0.2346 0.2581 0.2551 
0.2581 0.2287 0.2375 0.2757 

MOTIF filter30 
letter-probability matrix: alength= 4 w= 12 nsites= 12 
0.2395 0.2626 0.2594 0.2385 
0.4069 0.2082 0.2531 0.1318 
0.2374 0.2992 0.3232 0.1402 
0.0000 1.0000 0.0000 0.0000 
1.0000 0.0000 0.0000 0.0000 
0.0000 1.0000 0.0000 0.0000 
0.0010 0.0000 0.9990 0.0000 
0.0000 0.0000 0.0000 1.0000 
0.0000 0.0000 1.0000 0.0000 
0.1600 0.2877 0.3264 0.2259 
0.1632 0.2416 0.1590 0.4362 
0.2249 0.2531 0.2563 0.2657 

MOTIF filter31 
letter-probability matrix: alength= 4 w= 20 nsites= 20 
0.2832 0.2577 0.2679 0.1913 
0.0204 0.0485 0.5051 0.4260 
0.0893 0.0612 0.3495 0.5000 
0.5204 0.1301 0.1786 0.1709 
0.0000 0.5255 0.4082 0.0663 
0.2245 0.0714 0.0000 0.7041 
0.1097 0.3801 0.0000 0.5102 
0.2219 0.2296 0.3342 0.2143 
0.2832 0.1633 0.3980 0.1556 
0.0740 0.2602 0.5587 0.1071 
0.1556 0.4694 0.3291 0.0459 
0.1122 0.7959 0.0689 0.0230 
0.3750 0.0357 0.0536 0.5357 
0.6505 0.0255 0.1786 0.1454 
0.1505 0.0179 0.1071 0.7245 
0.0816 0.7959 0.0791 0.0434 
0.2117 0.1122 0.5357 0.1403 
0.2883 0.3291 0.3036 0.0791 
0.6964 0.2857 0.0077 0.0102 
0.3061 0.0714 0.2219 0.4005 

