MEME version 4

ALPHABET= ACGT

Background letter frequencies:
A 0.2500 C 0.2500 G 0.2500 T 0.2500 

MOTIF filter0 
letter-probability matrix: alength= 4 w= 16 nsites= 16 
0.2497 0.2726 0.2451 0.2325 
0.2302 0.2761 0.2612 0.2325 
0.1168 0.0630 0.3402 0.4800 
0.0103 0.8866 0.0000 0.1031 
0.0011 0.0000 0.0000 0.9989 
1.0000 0.0000 0.0000 0.0000 
0.2463 0.0000 0.0080 0.7457 
0.4353 0.0000 0.0000 0.5647 
0.5246 0.0000 0.0000 0.4754 
0.6747 0.0011 0.0000 0.3242 
0.0000 0.0000 0.0000 1.0000 
0.9954 0.0000 0.0046 0.0000 
0.0813 0.0000 0.8774 0.0412 
0.4513 0.3643 0.0493 0.1352 
0.2715 0.2405 0.2566 0.2314 
0.2509 0.2772 0.2348 0.2371 

MOTIF filter1 
letter-probability matrix: alength= 4 w= 11 nsites= 11 
0.0856 0.6952 0.1301 0.0890 
0.0000 1.0000 0.0000 0.0000 
1.0000 0.0000 0.0000 0.0000 
0.9966 0.0000 0.0000 0.0034 
0.0000 0.0000 0.0000 1.0000 
0.0548 0.8253 0.1199 0.0000 
0.9041 0.0000 0.0616 0.0342 
0.0068 0.0582 0.9349 0.0000 
0.1815 0.3082 0.2466 0.2637 
0.3048 0.1233 0.3596 0.2123 
0.1610 0.2295 0.3699 0.2397 

MOTIF filter2 
letter-probability matrix: alength= 4 w= 12 nsites= 12 
0.2811 0.2345 0.2111 0.2733 
0.2604 0.2565 0.2396 0.2435 
0.1321 0.1969 0.1399 0.5311 
0.0000 0.0000 0.0000 1.0000 
0.0000 0.0000 0.0000 1.0000 
0.0130 0.9870 0.0000 0.0000 
0.0000 0.8135 0.0000 0.1865 
0.2435 0.2448 0.2189 0.2927 
0.2345 0.0000 0.7552 0.0104 
0.0000 0.0000 0.9560 0.0440 
0.9974 0.0026 0.0000 0.0000 
1.0000 0.0000 0.0000 0.0000 

MOTIF filter3 
letter-probability matrix: alength= 4 w= 20 nsites= 20 
0.2308 0.3077 0.2308 0.2308 
0.3407 0.0220 0.5934 0.0440 
0.2967 0.0000 0.6593 0.0440 
0.2637 0.4396 0.0000 0.2967 
0.5495 0.2198 0.0110 0.2198 
0.0000 0.1758 0.4286 0.3956 
0.5714 0.1099 0.3187 0.0000 
0.4725 0.0659 0.4615 0.0000 
0.3956 0.0000 0.2527 0.3516 
0.5275 0.0220 0.4505 0.0000 
0.0000 0.0000 0.8352 0.1648 
0.5824 0.0989 0.1868 0.1319 
0.5055 0.0000 0.4396 0.0549 
0.0659 0.1758 0.5934 0.1648 
0.4725 0.1319 0.3626 0.0330 
0.0659 0.2967 0.2637 0.3736 
0.2527 0.3516 0.0440 0.3516 
0.0440 0.5604 0.2527 0.1429 
0.0000 0.0000 0.0000 1.0000 
0.2198 0.1319 0.0000 0.6484 

MOTIF filter4 
letter-probability matrix: alength= 4 w= 12 nsites= 12 
0.2720 0.1896 0.3214 0.2170 
0.5852 0.0852 0.1484 0.1813 
0.1978 0.2692 0.5110 0.0220 
0.0000 0.0000 0.0000 1.0000 
0.0110 0.9890 0.0000 0.0000 
1.0000 0.0000 0.0000 0.0000 
0.0000 0.0000 0.9615 0.0385 
0.0000 1.0000 0.0000 0.0000 
0.9973 0.0000 0.0000 0.0027 
0.4368 0.1429 0.1374 0.2830 
0.4148 0.0824 0.0000 0.5027 
0.4093 0.0192 0.0000 0.5714 

MOTIF filter5 
letter-probability matrix: alength= 4 w= 12 nsites= 12 
0.2483 0.2771 0.2330 0.2416 
0.2867 0.2416 0.2282 0.2435 
0.2665 0.2196 0.2148 0.2991 
1.0000 0.0000 0.0000 0.0000 
0.0000 0.0000 0.0000 1.0000 
0.0000 0.1582 0.0000 0.8418 
1.0000 0.0000 0.0000 0.0000 
1.0000 0.0000 0.0000 0.0000 
0.5609 0.0000 0.0000 0.4391 
0.2838 0.2320 0.2339 0.2502 
0.2560 0.2464 0.2589 0.2387 
0.2589 0.2637 0.2320 0.2454 

MOTIF filter6 
letter-probability matrix: alength= 4 w= 15 nsites= 15 
0.2070 0.2332 0.2741 0.2857 
0.1370 0.1837 0.3907 0.2886 
0.0175 0.4956 0.2332 0.2536 
0.0671 0.6560 0.1254 0.1516 
0.7289 0.0087 0.2449 0.0175 
0.0000 0.9242 0.0058 0.0700 
0.0000 0.0000 0.0000 1.0000 
0.0000 0.0000 0.0000 1.0000 
0.0000 1.0000 0.0000 0.0000 
0.0000 1.0000 0.0000 0.0000 
0.0000 0.0000 0.9854 0.0146 
0.0000 0.1458 0.8484 0.0058 
0.2741 0.1837 0.2624 0.2799 
0.2624 0.2070 0.2682 0.2624 
0.2886 0.2041 0.2216 0.2857 

MOTIF filter7 
letter-probability matrix: alength= 4 w= 12 nsites= 12 
0.3342 0.2849 0.2164 0.1644 
0.2630 0.2849 0.2219 0.2301 
0.0767 0.1507 0.5507 0.2219 
0.0000 0.8712 0.0301 0.0986 
0.0000 0.8110 0.0000 0.1890 
0.0000 1.0000 0.0000 0.0000 
0.0000 1.0000 0.0000 0.0000 
0.1260 0.0000 0.5781 0.2959 
0.0000 1.0000 0.0000 0.0000 
0.0000 1.0000 0.0000 0.0000 
0.0000 0.8247 0.0000 0.1753 
0.0849 0.8466 0.0000 0.0685 

MOTIF filter8 
letter-probability matrix: alength= 4 w= 20 nsites= 20 
0.2403 0.2587 0.2668 0.2342 
0.7230 0.0265 0.0326 0.2179 
0.2627 0.1731 0.3625 0.2016 
0.0591 0.4440 0.3218 0.1752 
0.5988 0.0468 0.0692 0.2851 
0.2363 0.2363 0.1405 0.3870 
0.2770 0.3992 0.1466 0.1772 
0.2363 0.7475 0.0163 0.0000 
0.0285 0.4420 0.4542 0.0754 
0.0000 0.0000 0.5356 0.4644 
0.3116 0.1161 0.2363 0.3360 
0.6456 0.0000 0.1609 0.1935 
0.3870 0.0244 0.3849 0.2037 
0.3666 0.1202 0.2974 0.2159 
0.0000 0.1303 0.0081 0.8615 
0.5295 0.2485 0.1100 0.1120 
0.4257 0.1039 0.0000 0.4705 
0.3523 0.4196 0.1894 0.0387 
0.7047 0.1018 0.0692 0.1242 
0.0000 0.4766 0.2892 0.2342 

MOTIF filter9 
letter-probability matrix: alength= 4 w= 15 nsites= 15 
0.2641 0.3179 0.2026 0.2154 
0.2718 0.2744 0.2179 0.2359 
0.2410 0.2436 0.2462 0.2692 
0.0128 0.8000 0.1000 0.0872 
0.0000 0.1769 0.0000 0.8231 
0.0000 0.2385 0.7359 0.0256 
1.0000 0.0000 0.0000 0.0000 
0.0000 0.0000 0.0000 1.0000 
0.0000 0.0000 0.0000 1.0000 
0.0000 0.0000 1.0000 0.0000 
0.0000 0.0000 1.0000 0.0000 
0.0462 0.3949 0.0103 0.5487 
0.0154 0.4333 0.1385 0.4128 
0.1846 0.4205 0.3103 0.0846 
0.4615 0.1462 0.3282 0.0641 

MOTIF filter10 
letter-probability matrix: alength= 4 w= 15 nsites= 15 
0.2576 0.2355 0.2216 0.2853 
0.2548 0.2105 0.2853 0.2493 
0.2299 0.2659 0.2576 0.2465 
0.0055 0.8560 0.1385 0.0000 
0.0305 0.9695 0.0000 0.0000 
0.0000 0.0000 1.0000 0.0000 
0.0000 0.0000 1.0000 0.0000 
1.0000 0.0000 0.0000 0.0000 
1.0000 0.0000 0.0000 0.0000 
0.0416 0.0028 0.9557 0.0000 
0.0332 0.2964 0.0083 0.6620 
0.1801 0.1080 0.6620 0.0499 
0.2632 0.2465 0.4626 0.0277 
0.2299 0.3629 0.2438 0.1634 
0.2271 0.2909 0.2438 0.2382 

MOTIF filter11 
letter-probability matrix: alength= 4 w= 18 nsites= 18 
0.0700 0.3050 0.3650 0.2600 
0.0600 0.2450 0.6000 0.0950 
0.2900 0.0200 0.5450 0.1450 
0.0000 0.2250 0.6600 0.1150 
0.5650 0.3500 0.0000 0.0850 
0.2800 0.5450 0.0300 0.1450 
0.0700 0.1350 0.4200 0.3750 
0.2450 0.0000 0.2800 0.4750 
0.5250 0.0700 0.1150 0.2900 
0.5150 0.1350 0.0550 0.2950 
0.1000 0.0150 0.0850 0.8000 
0.7550 0.0550 0.0750 0.1150 
0.6050 0.2000 0.0000 0.1950 
0.0100 0.0700 0.1450 0.7750 
0.1500 0.2400 0.2850 0.3250 
0.0000 0.0600 0.4050 0.5350 
0.1200 0.0100 0.0000 0.8700 
0.5350 0.0600 0.0700 0.3350 

MOTIF filter12 
letter-probability matrix: alength= 4 w= 18 nsites= 18 
0.2197 0.2486 0.2486 0.2832 
0.2197 0.2919 0.2717 0.2168 
0.2630 0.2659 0.1994 0.2717 
0.1532 0.6734 0.1156 0.0578 
1.0000 0.0000 0.0000 0.0000 
0.9855 0.0000 0.0145 0.0000 
0.4422 0.0809 0.4566 0.0202 
1.0000 0.0000 0.0000 0.0000 
0.0000 0.0000 0.0000 1.0000 
0.0000 0.0000 1.0000 0.0000 
0.0000 0.0000 1.0000 0.0000 
0.0549 0.8642 0.0000 0.0809 
0.1243 0.1908 0.4191 0.2659 
0.0665 0.0780 0.7948 0.0607 
0.1272 0.7659 0.0231 0.0838 
0.2659 0.2370 0.2110 0.2861 
0.2399 0.2370 0.3006 0.2225 
0.2572 0.2428 0.2717 0.2283 

MOTIF filter13 
letter-probability matrix: alength= 4 w= 17 nsites= 17 
0.2251 0.2472 0.2669 0.2608 
0.2103 0.2878 0.2792 0.2226 
0.2866 0.2423 0.2300 0.2411 
0.1574 0.0627 0.0418 0.7380 
0.0320 0.0824 0.6617 0.2239 
0.4157 0.3961 0.0652 0.1230 
0.0000 1.0000 0.0000 0.0000 
0.0000 0.9988 0.0000 0.0012 
0.8426 0.0012 0.0062 0.1501 
0.0123 0.0000 0.0000 0.9877 
0.9975 0.0025 0.0000 0.0000 
0.0000 0.0000 0.0012 0.9988 
0.9938 0.0000 0.0000 0.0062 
0.1501 0.0049 0.0012 0.8438 
0.0025 0.0025 0.9951 0.0000 
0.0000 0.0000 1.0000 0.0000 
0.1070 0.0640 0.3924 0.4367 

MOTIF filter14 
letter-probability matrix: alength= 4 w= 12 nsites= 12 
0.2351 0.1754 0.3807 0.2089 
0.3969 0.2125 0.3535 0.0371 
0.0000 0.0000 0.0000 1.0000 
0.0000 0.0000 0.9982 0.0018 
1.0000 0.0000 0.0000 0.0000 
0.0235 0.4873 0.4801 0.0090 
0.0000 0.0000 0.0000 1.0000 
0.0208 0.9792 0.0000 0.0000 
1.0000 0.0000 0.0000 0.0000 
0.0289 0.3219 0.2441 0.4051 
0.2152 0.3635 0.1971 0.2242 
0.2541 0.2215 0.2667 0.2577 

MOTIF filter15 
letter-probability matrix: alength= 4 w= 12 nsites= 12 
0.2349 0.2635 0.2624 0.2392 
0.4106 0.2021 0.2603 0.1270 
0.2307 0.3175 0.3280 0.1238 
0.0000 1.0000 0.0000 0.0000 
1.0000 0.0000 0.0000 0.0000 
0.0000 1.0000 0.0000 0.0000 
0.0000 0.0000 1.0000 0.0000 
0.0000 0.0000 0.0000 1.0000 
0.0000 0.0000 1.0000 0.0000 
0.1460 0.2995 0.3206 0.2339 
0.1566 0.2423 0.1640 0.4370 
0.2360 0.2603 0.2455 0.2582 

MOTIF filter16 
letter-probability matrix: alength= 4 w= 19 nsites= 19 
0.1631 0.0760 0.0458 0.7151 
0.0313 0.0939 0.6547 0.2201 
0.4123 0.3844 0.0749 0.1285 
0.0000 0.9955 0.0034 0.0011 
0.0000 0.9911 0.0022 0.0067 
0.8313 0.0022 0.0089 0.1575 
0.0223 0.0000 0.0022 0.9754 
0.9989 0.0000 0.0011 0.0000 
0.0000 0.0022 0.0011 0.9966 
0.9821 0.0022 0.0000 0.0156 
0.1553 0.0056 0.0011 0.8380 
0.0034 0.0101 0.9866 0.0000 
0.0000 0.0034 0.9933 0.0034 
0.1106 0.0704 0.3877 0.4313 
0.2235 0.6480 0.0939 0.0346 
0.7184 0.0324 0.0704 0.1788 
0.2436 0.2760 0.2369 0.2436 
0.2313 0.2626 0.2581 0.2480 
0.2436 0.2380 0.2659 0.2525 

MOTIF filter17 
letter-probability matrix: alength= 4 w= 16 nsites= 16 
0.2396 0.2604 0.1979 0.3021 
0.2760 0.2760 0.2083 0.2396 
0.2500 0.3021 0.1406 0.3073 
0.2604 0.6458 0.0000 0.0938 
0.2448 0.1458 0.0573 0.5521 
0.2760 0.1354 0.3125 0.2760 
0.7604 0.0052 0.0156 0.2188 
0.0938 0.3854 0.5208 0.0000 
0.0000 0.0000 0.0000 1.0000 
0.0000 1.0000 0.0000 0.0000 
1.0000 0.0000 0.0000 0.0000 
0.0000 0.0000 1.0000 0.0000 
0.0000 1.0000 0.0000 0.0000 
1.0000 0.0000 0.0000 0.0000 
0.4427 0.1615 0.0990 0.2969 
0.4271 0.0000 0.0000 0.5729 

MOTIF filter18 
letter-probability matrix: alength= 4 w= 16 nsites= 16 
0.2384 0.2555 0.2324 0.2737 
0.2324 0.2628 0.2579 0.2470 
0.2336 0.2579 0.2555 0.2530 
0.5243 0.1192 0.3479 0.0085 
0.0000 0.0000 0.0000 1.0000 
0.0000 0.0000 0.0280 0.9720 
0.2932 0.0000 0.6363 0.0706 
0.0061 0.9234 0.0000 0.0706 
0.0803 0.0000 0.9197 0.0000 
0.0791 0.6776 0.0000 0.2433 
0.9659 0.0341 0.0000 0.0000 
1.0000 0.0000 0.0000 0.0000 
0.0061 0.3406 0.1399 0.5134 
0.2847 0.2409 0.2762 0.1983 
0.2397 0.2117 0.2664 0.2822 
0.2591 0.2202 0.2737 0.2470 

MOTIF filter19 
letter-probability matrix: alength= 4 w= 16 nsites= 16 
0.2697 0.2247 0.3258 0.1798 
0.2697 0.2921 0.2884 0.1498 
0.0824 0.1798 0.5019 0.2360 
0.0000 0.8315 0.0187 0.1498 
0.0000 0.8464 0.0000 0.1536 
0.0000 1.0000 0.0000 0.0000 
0.0000 1.0000 0.0000 0.0000 
0.1011 0.0000 0.6704 0.2285 
0.0000 1.0000 0.0000 0.0000 
0.0000 1.0000 0.0000 0.0000 
0.0000 0.8464 0.0000 0.1536 
0.0487 0.8464 0.0000 0.1049 
0.0000 0.7715 0.0150 0.2135 
0.2247 0.2472 0.2772 0.2509 
0.2734 0.2397 0.2135 0.2734 
0.1948 0.3258 0.2322 0.2472 

MOTIF filter20 
letter-probability matrix: alength= 4 w= 15 nsites= 15 
0.2828 0.2452 0.2118 0.2602 
0.2688 0.2484 0.2301 0.2527 
0.1452 0.2022 0.1591 0.4935 
0.0000 0.0011 0.0000 0.9989 
0.0000 0.0000 0.0032 0.9968 
0.0710 0.9290 0.0000 0.0000 
0.0065 0.7581 0.0000 0.2355 
0.2559 0.2237 0.2462 0.2742 
0.2215 0.0000 0.7688 0.0097 
0.0000 0.0000 0.9172 0.0828 
0.9978 0.0022 0.0000 0.0000 
1.0000 0.0000 0.0000 0.0000 
0.5129 0.1215 0.2086 0.1570 
0.2419 0.2677 0.2495 0.2409 
0.2602 0.2376 0.2591 0.2430 

MOTIF filter21 
letter-probability matrix: alength= 4 w= 16 nsites= 16 
0.3873 0.2206 0.1961 0.1961 
0.0809 0.3627 0.1176 0.4387 
0.0588 0.3211 0.3824 0.2377 
0.4167 0.1324 0.4510 0.0000 
0.5833 0.0025 0.3775 0.0368 
0.0000 1.0000 0.0000 0.0000 
0.0000 1.0000 0.0000 0.0000 
1.0000 0.0000 0.0000 0.0000 
1.0000 0.0000 0.0000 0.0000 
0.0000 0.0000 0.0000 1.0000 
0.0319 0.7598 0.2059 0.0025 
0.8064 0.0000 0.1936 0.0000 
0.0735 0.0784 0.8309 0.0172 
0.2034 0.2770 0.2304 0.2892 
0.2745 0.2083 0.2672 0.2500 
0.2255 0.2819 0.2157 0.2770 

MOTIF filter22 
letter-probability matrix: alength= 4 w= 18 nsites= 18 
0.2788 0.2394 0.2212 0.2606 
0.2515 0.2667 0.2667 0.2152 
0.2394 0.2455 0.2606 0.2545 
0.1152 0.0152 0.7121 0.1576 
0.0758 0.7242 0.1152 0.0848 
0.3030 0.3333 0.2606 0.1030 
0.0606 0.0000 0.8394 0.1000 
0.0000 1.0000 0.0000 0.0000 
0.0000 1.0000 0.0000 0.0000 
1.0000 0.0000 0.0000 0.0000 
0.0000 0.0000 0.0000 1.0000 
0.0030 0.4394 0.1455 0.4121 
0.0000 0.0121 0.0000 0.9879 
0.0000 0.0091 0.0000 0.9909 
0.0848 0.0758 0.7273 0.1121 
0.2848 0.2273 0.2455 0.2424 
0.1939 0.2727 0.2515 0.2818 
0.2303 0.2939 0.2364 0.2394 

MOTIF filter23 
letter-probability matrix: alength= 4 w= 20 nsites= 20 
0.1765 0.3529 0.2235 0.2471 
0.0000 0.9882 0.0000 0.0118 
0.6353 0.0235 0.1647 0.1765 
0.0941 0.8235 0.0353 0.0471 
0.0000 0.0118 0.4588 0.5294 
0.3294 0.0235 0.1647 0.4824 
0.8471 0.0824 0.0000 0.0706 
0.6235 0.0000 0.2118 0.1647 
0.5529 0.0000 0.0941 0.3529 
0.5294 0.0824 0.2235 0.1647 
0.2824 0.2000 0.0000 0.5176 
0.6471 0.0235 0.3176 0.0118 
0.4235 0.0118 0.2824 0.2824 
0.4941 0.1176 0.1294 0.2588 
0.0000 0.0588 0.3647 0.5765 
0.0471 0.2941 0.6353 0.0235 
0.1765 0.0000 0.7882 0.0353 
0.0824 0.5529 0.2471 0.1176 
0.0353 0.6353 0.2471 0.0824 
0.1059 0.1294 0.3765 0.3882 

MOTIF filter24 
letter-probability matrix: alength= 4 w= 18 nsites= 18 
0.2635 0.2212 0.2729 0.2424 
0.0306 0.0965 0.0518 0.8212 
0.4965 0.0659 0.0282 0.4094 
0.2282 0.0447 0.2824 0.4447 
0.0000 0.0729 0.7482 0.1788 
0.2071 0.2376 0.0941 0.4612 
0.2894 0.1153 0.0400 0.5553 
0.4494 0.1694 0.0000 0.3812 
0.0141 0.0753 0.1482 0.7624 
0.4753 0.0588 0.4659 0.0000 
0.0918 0.1624 0.4400 0.3059 
0.1224 0.2612 0.4424 0.1741 
0.6306 0.0000 0.0118 0.3576 
0.5812 0.0000 0.1882 0.2306 
0.6753 0.0165 0.2776 0.0306 
0.1082 0.2612 0.4894 0.1412 
0.3882 0.3812 0.1765 0.0541 
0.0541 0.3953 0.2565 0.2941 

MOTIF filter25 
letter-probability matrix: alength= 4 w= 15 nsites= 15 
0.2347 0.2166 0.2780 0.2708 
0.2202 0.2130 0.2708 0.2960 
0.2238 0.2274 0.3069 0.2419 
0.2852 0.0650 0.5993 0.0505 
0.0975 0.0000 0.8303 0.0722 
0.1372 0.0000 0.8628 0.0000 
0.0000 0.0000 1.0000 0.0000 
0.0000 0.0000 1.0000 0.0000 
0.2852 0.5884 0.0000 0.1264 
0.0000 0.0000 1.0000 0.0000 
0.0000 0.0000 1.0000 0.0000 
0.0722 0.0000 0.9278 0.0000 
0.1372 0.0144 0.8484 0.0000 
0.1516 0.5993 0.2022 0.0469 
0.2924 0.1877 0.3285 0.1913 

MOTIF filter26 
letter-probability matrix: alength= 4 w= 18 nsites= 18 
0.2333 0.2667 0.2500 0.2500 
0.2733 0.2233 0.2600 0.2433 
0.2500 0.2733 0.2300 0.2467 
0.5167 0.0133 0.1200 0.3500 
0.6800 0.0033 0.0333 0.2833 
0.4400 0.0000 0.0200 0.5400 
0.3000 0.1533 0.1433 0.4033 
0.0067 0.0000 0.0000 0.9933 
0.0000 0.0000 1.0000 0.0000 
0.0167 0.9833 0.0000 0.0000 
0.0000 0.0000 0.0000 1.0000 
0.0000 0.0000 0.9933 0.0067 
1.0000 0.0000 0.0000 0.0000 
0.0333 0.5067 0.3033 0.1567 
0.1900 0.1133 0.0433 0.6533 
0.1800 0.3767 0.1133 0.3300 
0.5233 0.0533 0.1800 0.2433 
0.1500 0.0300 0.5600 0.2600 

MOTIF filter27 
letter-probability matrix: alength= 4 w= 12 nsites= 12 
0.1264 0.5056 0.1710 0.1970 
0.7138 0.0112 0.2602 0.0149 
0.0112 0.9888 0.0000 0.0000 
0.0223 0.0149 0.0000 0.9628 
0.0037 0.0037 0.0037 0.9888 
0.0000 1.0000 0.0000 0.0000 
0.0186 0.9777 0.0000 0.0037 
0.0000 0.0000 0.9888 0.0112 
0.0000 0.0892 0.9071 0.0037 
0.3011 0.2379 0.2342 0.2268 
0.3160 0.2714 0.2156 0.1970 
0.1710 0.2305 0.3011 0.2974 

MOTIF filter28 
letter-probability matrix: alength= 4 w= 12 nsites= 12 
0.2584 0.2701 0.2073 0.2642 
0.2555 0.2569 0.2657 0.2219 
0.2934 0.2380 0.2540 0.2146 
0.0015 0.0000 0.0000 0.9985 
0.0000 0.0000 0.0000 1.0000 
0.0000 0.0000 0.0000 1.0000 
0.5547 0.0000 0.4453 0.0000 
1.0000 0.0000 0.0000 0.0000 
0.0000 0.0000 0.0000 1.0000 
0.1956 0.2759 0.2686 0.2599 
0.2628 0.2628 0.2745 0.2000 
0.2350 0.2117 0.2876 0.2657 

MOTIF filter29 
letter-probability matrix: alength= 4 w= 16 nsites= 16 
0.2602 0.2683 0.2236 0.2480 
0.2195 0.2967 0.2520 0.2317 
0.2520 0.2317 0.2683 0.2480 
0.2439 0.0163 0.6951 0.0447 
0.0813 0.0000 0.9024 0.0163 
0.1504 0.0000 0.8496 0.0000 
0.0000 0.0000 1.0000 0.0000 
0.0000 0.0000 1.0000 0.0000 
0.1992 0.6220 0.0000 0.1789 
0.0000 0.0000 1.0000 0.0000 
0.0000 0.0000 1.0000 0.0000 
0.1870 0.0000 0.8130 0.0000 
0.1585 0.0163 0.8252 0.0000 
0.2073 0.5935 0.1585 0.0407 
0.3049 0.2561 0.2114 0.2276 
0.2073 0.3049 0.2683 0.2195 

MOTIF filter30 
letter-probability matrix: alength= 4 w= 16 nsites= 16 
0.2510 0.2809 0.2334 0.2347 
0.2347 0.2795 0.2442 0.2415 
0.0977 0.0570 0.3433 0.5020 
0.0326 0.9132 0.0000 0.0543 
0.0000 0.0000 0.0000 1.0000 
1.0000 0.0000 0.0000 0.0000 
0.3216 0.0000 0.0000 0.6784 
0.5346 0.0000 0.0000 0.4654 
0.6377 0.0000 0.0000 0.3623 
0.7761 0.0000 0.0000 0.2239 
0.0000 0.0000 0.0000 1.0000 
1.0000 0.0000 0.0000 0.0000 
0.0855 0.0000 0.9132 0.0014 
0.4885 0.3691 0.0353 0.1072 
0.2877 0.2280 0.2605 0.2239 
0.2497 0.2659 0.2442 0.2402 

MOTIF filter31 
letter-probability matrix: alength= 4 w= 20 nsites= 20 
0.2403 0.2597 0.2662 0.2338 
0.0000 0.4156 0.2597 0.3247 
0.7338 0.0974 0.1623 0.0065 
0.7727 0.0519 0.1753 0.0000 
0.4675 0.2662 0.0195 0.2468 
0.0130 0.5130 0.0519 0.4221 
0.1169 0.3117 0.3766 0.1948 
0.5455 0.0519 0.4026 0.0000 
0.5065 0.0000 0.4156 0.0779 
0.0130 0.9870 0.0000 0.0000 
0.1623 0.7857 0.0519 0.0000 
0.8961 0.0195 0.0455 0.0390 
0.8312 0.0000 0.1104 0.0584 
0.2078 0.0390 0.0649 0.6883 
0.0325 0.4481 0.2662 0.2532 
0.7792 0.0325 0.1558 0.0325 
0.2857 0.0584 0.6104 0.0455 
0.3377 0.1364 0.4091 0.1169 
0.1039 0.2468 0.1623 0.4870 
0.5844 0.1364 0.0909 0.1883 

