MEME version 4

ALPHABET= ACGT

Background letter frequencies:
A 0.2500 C 0.2500 G 0.2500 T 0.2500 

MOTIF filter0 
letter-probability matrix: alength= 4 w= 17 nsites= 17 
0.4637 0.1034 0.1536 0.2793 
0.4441 0.0754 0.1089 0.3715 
0.2905 0.1480 0.1704 0.3911 
0.1285 0.0670 0.0782 0.7263 
0.1006 0.0698 0.7737 0.0559 
0.1453 0.8156 0.0307 0.0084 
0.0251 0.0251 0.0028 0.9469 
0.0447 0.0028 0.8799 0.0726 
0.9749 0.0028 0.0056 0.0168 
0.0391 0.4190 0.4609 0.0810 
0.0223 0.0279 0.0056 0.9441 
0.0838 0.7905 0.0196 0.1061 
0.8212 0.0056 0.0866 0.0866 
0.0670 0.0559 0.6816 0.1955 
0.1480 0.6145 0.1034 0.1341 
0.5419 0.1145 0.1676 0.1760 
0.2542 0.2291 0.2179 0.2989 

MOTIF filter1 
letter-probability matrix: alength= 4 w= 17 nsites= 17 
0.1820 0.1282 0.0663 0.6234 
0.0671 0.1120 0.5807 0.2402 
0.3744 0.3685 0.1135 0.1437 
0.0133 0.9359 0.0427 0.0081 
0.0066 0.9204 0.0398 0.0332 
0.7214 0.0273 0.0398 0.2115 
0.0737 0.0088 0.0214 0.8961 
0.9492 0.0251 0.0192 0.0066 
0.0096 0.0221 0.0310 0.9374 
0.9248 0.0280 0.0044 0.0427 
0.1997 0.0376 0.0162 0.7465 
0.0361 0.0486 0.8895 0.0258 
0.0221 0.0280 0.9278 0.0221 
0.1466 0.0958 0.3699 0.3876 
0.2388 0.5660 0.1238 0.0715 
0.6168 0.0567 0.0958 0.2307 
0.2469 0.2778 0.2358 0.2395 

MOTIF filter2 
letter-probability matrix: alength= 4 w= 14 nsites= 14 
0.3621 0.1827 0.1894 0.2658 
0.2791 0.2525 0.2625 0.2060 
0.2757 0.2924 0.2392 0.1927 
0.0432 0.7940 0.1628 0.0000 
0.0465 0.9502 0.0033 0.0000 
0.0066 0.0000 0.9867 0.0066 
0.0000 0.0000 0.9900 0.0100 
1.0000 0.0000 0.0000 0.0000 
0.9934 0.0033 0.0000 0.0033 
0.0332 0.0100 0.9568 0.0000 
0.0266 0.3023 0.0000 0.6711 
0.1163 0.0930 0.7608 0.0299 
0.3223 0.2027 0.4585 0.0166 
0.2226 0.4319 0.2359 0.1096 

MOTIF filter3 
letter-probability matrix: alength= 4 w= 15 nsites= 15 
0.1928 0.2590 0.2651 0.2831 
0.1566 0.1867 0.3584 0.2982 
0.0120 0.4849 0.2169 0.2861 
0.0693 0.6416 0.1386 0.1506 
0.7199 0.0060 0.2530 0.0211 
0.0000 0.9518 0.0000 0.0482 
0.0000 0.0000 0.0000 1.0000 
0.0000 0.0000 0.0000 1.0000 
0.0000 1.0000 0.0000 0.0000 
0.0000 1.0000 0.0000 0.0000 
0.0000 0.0000 0.9789 0.0211 
0.0000 0.1928 0.7771 0.0301 
0.2139 0.1958 0.2560 0.3343 
0.1536 0.2771 0.2741 0.2952 
0.2620 0.2259 0.2199 0.2922 

MOTIF filter4 
letter-probability matrix: alength= 4 w= 15 nsites= 15 
0.1871 0.5476 0.1769 0.0884 
0.9830 0.0000 0.0136 0.0034 
0.9660 0.0136 0.0204 0.0000 
0.3878 0.0986 0.5034 0.0102 
1.0000 0.0000 0.0000 0.0000 
0.0000 0.0068 0.0000 0.9932 
0.0000 0.0000 1.0000 0.0000 
0.0000 0.0000 1.0000 0.0000 
0.0952 0.8435 0.0000 0.0612 
0.1190 0.1667 0.4422 0.2721 
0.0578 0.0340 0.8333 0.0748 
0.0748 0.8912 0.0000 0.0340 
0.2823 0.2075 0.2177 0.2925 
0.2313 0.2415 0.3027 0.2245 
0.2483 0.2347 0.3095 0.2075 

MOTIF filter5 
letter-probability matrix: alength= 4 w= 18 nsites= 18 
0.2564 0.2692 0.2308 0.2436 
0.2487 0.2949 0.2513 0.2051 
0.2359 0.2436 0.2692 0.2513 
0.1231 0.0205 0.6667 0.1897 
0.0923 0.6949 0.1231 0.0897 
0.2872 0.3282 0.2513 0.1333 
0.0744 0.0000 0.7974 0.1282 
0.0000 1.0000 0.0000 0.0000 
0.0000 1.0000 0.0000 0.0000 
1.0000 0.0000 0.0000 0.0000 
0.0000 0.0000 0.0000 1.0000 
0.0103 0.4615 0.1462 0.3821 
0.0000 0.0282 0.0000 0.9718 
0.0000 0.0103 0.0000 0.9897 
0.0949 0.0923 0.6692 0.1436 
0.3026 0.2205 0.2410 0.2359 
0.2128 0.2821 0.2590 0.2462 
0.2436 0.2692 0.2410 0.2462 

MOTIF filter6 
letter-probability matrix: alength= 4 w= 13 nsites= 13 
0.2470 0.2287 0.2470 0.2774 
0.2652 0.1982 0.3293 0.2073 
0.2195 0.2500 0.2896 0.2409 
0.0061 0.8537 0.1402 0.0000 
0.0396 0.9604 0.0000 0.0000 
0.0000 0.0000 1.0000 0.0000 
0.0000 0.0000 1.0000 0.0000 
1.0000 0.0000 0.0000 0.0000 
1.0000 0.0000 0.0000 0.0000 
0.0305 0.0091 0.9604 0.0000 
0.0335 0.2805 0.0122 0.6738 
0.1829 0.0732 0.6982 0.0457 
0.2226 0.2652 0.4878 0.0244 

MOTIF filter7 
letter-probability matrix: alength= 4 w= 14 nsites= 14 
0.2574 0.2219 0.2424 0.2783 
0.1282 0.6300 0.0515 0.1903 
0.0523 0.2132 0.0525 0.6821 
0.8270 0.0331 0.0107 0.1292 
0.2892 0.0032 0.0199 0.6878 
0.4874 0.0207 0.0150 0.4769 
0.4280 0.0114 0.0412 0.5193 
0.6527 0.0247 0.0016 0.3211 
0.1010 0.0270 0.0428 0.8292 
0.6629 0.0454 0.2146 0.0771 
0.1856 0.0424 0.6594 0.1126 
0.3296 0.2927 0.1643 0.2134 
0.2276 0.2923 0.2503 0.2298 
0.3043 0.2335 0.2383 0.2239 

MOTIF filter8 
letter-probability matrix: alength= 4 w= 14 nsites= 14 
0.2305 0.2814 0.2455 0.2425 
0.5180 0.0150 0.1138 0.3533 
0.6527 0.0090 0.0329 0.3054 
0.4461 0.0000 0.0269 0.5269 
0.2725 0.1677 0.1437 0.4162 
0.0060 0.0000 0.0000 0.9940 
0.0000 0.0000 1.0000 0.0000 
0.0120 0.9880 0.0000 0.0000 
0.0000 0.0000 0.0000 1.0000 
0.0000 0.0000 0.9760 0.0240 
1.0000 0.0000 0.0000 0.0000 
0.0299 0.5120 0.2934 0.1647 
0.2275 0.1497 0.0749 0.5479 
0.1737 0.3533 0.1647 0.3084 

MOTIF filter9 
letter-probability matrix: alength= 4 w= 14 nsites= 14 
0.3008 0.2629 0.2430 0.1932 
0.2769 0.2749 0.2351 0.2131 
0.1036 0.1813 0.4880 0.2271 
0.0000 0.7510 0.0558 0.1932 
0.0020 0.7888 0.0000 0.2092 
0.0000 1.0000 0.0000 0.0000 
0.0000 1.0000 0.0000 0.0000 
0.1255 0.0000 0.5777 0.2968 
0.0000 1.0000 0.0000 0.0000 
0.0000 1.0000 0.0000 0.0000 
0.0000 0.7729 0.0000 0.2271 
0.0956 0.7649 0.0000 0.1394 
0.0498 0.5777 0.0677 0.3048 
0.2769 0.2470 0.2430 0.2331 

MOTIF filter10 
letter-probability matrix: alength= 4 w= 14 nsites= 14 
0.1605 0.2657 0.2897 0.2841 
0.2934 0.2362 0.4114 0.0590 
0.3542 0.1125 0.4041 0.1292 
0.0000 0.9963 0.0037 0.0000 
0.0000 0.6144 0.0000 0.3856 
0.5664 0.0406 0.3856 0.0074 
1.0000 0.0000 0.0000 0.0000 
0.0000 0.0000 0.0000 1.0000 
0.0018 0.4244 0.0590 0.5148 
0.4668 0.0000 0.5332 0.0000 
0.0018 0.0037 0.9945 0.0000 
0.1162 0.3487 0.1162 0.4188 
0.1273 0.3210 0.1827 0.3690 
0.2048 0.3838 0.2583 0.1531 

MOTIF filter11 
letter-probability matrix: alength= 4 w= 13 nsites= 13 
0.2531 0.2414 0.2509 0.2546 
0.2641 0.2621 0.2254 0.2485 
0.3843 0.2026 0.3361 0.0770 
0.0495 0.0527 0.0574 0.8404 
0.0377 0.0375 0.2107 0.7140 
0.3030 0.0379 0.4580 0.2011 
0.1093 0.5813 0.0914 0.2180 
0.2294 0.0941 0.5681 0.1084 
0.1997 0.4833 0.0209 0.2960 
0.7126 0.1981 0.0409 0.0484 
0.8342 0.0501 0.0682 0.0475 
0.0902 0.3149 0.1945 0.4004 
0.2505 0.2584 0.2446 0.2465 

MOTIF filter12 
letter-probability matrix: alength= 4 w= 18 nsites= 18 
0.0420 0.3541 0.3714 0.2326 
0.2031 0.1852 0.2099 0.4017 
0.3740 0.2040 0.2445 0.1775 
0.0015 0.6036 0.0929 0.3020 
0.0435 0.2076 0.0628 0.6861 
0.0426 0.3201 0.0834 0.5539 
0.1227 0.4041 0.1885 0.2847 
0.0688 0.5217 0.2945 0.1149 
0.1986 0.3922 0.3982 0.0110 
0.0354 0.1945 0.6903 0.0798 
0.0676 0.5849 0.2040 0.1435 
0.0777 0.5128 0.3562 0.0533 
0.0268 0.2850 0.4366 0.2516 
0.1552 0.3761 0.3451 0.1236 
0.2820 0.1039 0.3148 0.2993 
0.4666 0.2609 0.1861 0.0864 
0.0205 0.1635 0.7493 0.0667 
0.2102 0.0322 0.5039 0.2537 

MOTIF filter13 
letter-probability matrix: alength= 4 w= 13 nsites= 13 
0.2575 0.2474 0.2394 0.2557 
0.2300 0.2434 0.2845 0.2420 
0.3482 0.2439 0.3137 0.0942 
0.0616 0.0367 0.0677 0.8340 
0.0489 0.0313 0.7364 0.1834 
0.8288 0.0717 0.0429 0.0567 
0.1083 0.3994 0.3984 0.0938 
0.0458 0.0598 0.0762 0.8182 
0.1640 0.7537 0.0475 0.0347 
0.8834 0.0471 0.0377 0.0319 
0.0900 0.3190 0.2602 0.3307 
0.2315 0.2951 0.2292 0.2443 
0.2580 0.2331 0.2594 0.2495 

MOTIF filter14 
letter-probability matrix: alength= 4 w= 15 nsites= 15 
0.2697 0.2912 0.2220 0.2172 
0.0621 0.2243 0.4606 0.2530 
0.0000 0.7995 0.0334 0.1671 
0.0048 0.8353 0.0000 0.1599 
0.0000 1.0000 0.0000 0.0000 
0.0000 1.0000 0.0000 0.0000 
0.1002 0.0095 0.5847 0.3055 
0.0000 1.0000 0.0000 0.0000 
0.0000 1.0000 0.0000 0.0000 
0.0000 0.8043 0.0000 0.1957 
0.0979 0.8019 0.0000 0.1002 
0.0477 0.6611 0.0573 0.2339 
0.2291 0.2649 0.2387 0.2673 
0.2625 0.2649 0.2196 0.2530 
0.2148 0.3031 0.2458 0.2363 

MOTIF filter15 
letter-probability matrix: alength= 4 w= 13 nsites= 13 
0.4860 0.1899 0.3073 0.0168 
0.4553 0.2318 0.1648 0.1480 
0.4497 0.2123 0.1313 0.2067 
0.0363 0.4190 0.0642 0.4804 
0.0475 0.3324 0.3631 0.2570 
0.4441 0.0698 0.4860 0.0000 
0.5084 0.0000 0.4218 0.0698 
0.0000 1.0000 0.0000 0.0000 
0.0000 1.0000 0.0000 0.0000 
1.0000 0.0000 0.0000 0.0000 
1.0000 0.0000 0.0000 0.0000 
0.0000 0.0000 0.0000 1.0000 
0.0391 0.7654 0.1955 0.0000 

MOTIF filter16 
letter-probability matrix: alength= 4 w= 10 nsites= 10 
0.2404 0.2957 0.2213 0.2426 
0.2872 0.2043 0.2191 0.2894 
0.1915 0.5851 0.1170 0.1064 
1.0000 0.0000 0.0000 0.0000 
0.9872 0.0000 0.0128 0.0000 
0.4447 0.0340 0.4936 0.0277 
0.9979 0.0000 0.0021 0.0000 
0.0000 0.0000 0.0000 1.0000 
0.0000 0.0000 1.0000 0.0000 
0.0000 0.0000 1.0000 0.0000 

MOTIF filter17 
letter-probability matrix: alength= 4 w= 13 nsites= 13 
0.2583 0.2387 0.2538 0.2491 
0.2676 0.2309 0.2442 0.2573 
0.2151 0.2408 0.1929 0.3512 
0.0663 0.1104 0.0539 0.7694 
0.0413 0.0708 0.1337 0.7543 
0.2179 0.6327 0.0651 0.0842 
0.0967 0.5456 0.0237 0.3341 
0.2454 0.2362 0.2637 0.2547 
0.3109 0.0328 0.5588 0.0975 
0.0742 0.0541 0.6519 0.2198 
0.7475 0.1329 0.0594 0.0602 
0.8077 0.0685 0.0844 0.0394 
0.3574 0.1875 0.2325 0.2226 

MOTIF filter18 
letter-probability matrix: alength= 4 w= 14 nsites= 14 
0.2023 0.1848 0.3460 0.2669 
0.0792 0.4545 0.2434 0.2229 
0.1085 0.6070 0.1173 0.1672 
0.6452 0.0499 0.2786 0.0264 
0.0176 0.8886 0.0528 0.0411 
0.0293 0.0059 0.0117 0.9531 
0.0088 0.0000 0.0176 0.9736 
0.0000 0.9941 0.0059 0.0000 
0.0000 1.0000 0.0000 0.0000 
0.0000 0.0000 0.9883 0.0117 
0.0000 0.0762 0.9238 0.0000 
0.4487 0.1642 0.1935 0.1935 
0.4897 0.1437 0.2023 0.1642 
0.2405 0.1730 0.3578 0.2287 

MOTIF filter19 
letter-probability matrix: alength= 4 w= 18 nsites= 18 
0.2644 0.2770 0.1601 0.2986 
0.2482 0.4586 0.1385 0.1547 
0.4460 0.0360 0.0845 0.4335 
0.5737 0.0522 0.0486 0.3255 
0.4802 0.0324 0.0468 0.4406 
0.2536 0.1871 0.3112 0.2482 
0.0000 0.0000 0.0000 1.0000 
0.0000 0.5432 0.4568 0.0000 
0.5935 0.4065 0.0000 0.0000 
0.0000 0.0000 0.5629 0.4371 
0.0000 0.5629 0.4353 0.0018 
1.0000 0.0000 0.0000 0.0000 
0.2788 0.3022 0.1960 0.2230 
0.3471 0.0306 0.0234 0.5989 
0.3507 0.0881 0.0198 0.5414 
0.3112 0.0665 0.0845 0.5378 
0.2284 0.2194 0.3651 0.1871 
0.2482 0.2230 0.2842 0.2446 

MOTIF filter20 
letter-probability matrix: alength= 4 w= 15 nsites= 15 
0.2391 0.2674 0.2587 0.2348 
0.1141 0.0554 0.3511 0.4793 
0.0326 0.8641 0.0011 0.1022 
0.0000 0.0000 0.0000 1.0000 
1.0000 0.0000 0.0000 0.0000 
0.2609 0.0000 0.0109 0.7283 
0.4500 0.0000 0.0000 0.5500 
0.5337 0.0000 0.0011 0.4652 
0.6815 0.0033 0.0000 0.3152 
0.0000 0.0000 0.0000 1.0000 
0.9946 0.0000 0.0054 0.0000 
0.0902 0.0000 0.8641 0.0457 
0.4543 0.3576 0.0543 0.1337 
0.2880 0.2315 0.2543 0.2261 
0.2522 0.2783 0.2304 0.2391 

MOTIF filter21 
letter-probability matrix: alength= 4 w= 18 nsites= 18 
0.0372 0.0973 0.6514 0.2142 
0.4033 0.3902 0.0776 0.1290 
0.0011 0.9934 0.0044 0.0011 
0.0000 0.9869 0.0033 0.0098 
0.8251 0.0022 0.0120 0.1607 
0.0251 0.0000 0.0022 0.9727 
0.9945 0.0022 0.0033 0.0000 
0.0000 0.0033 0.0011 0.9956 
0.9803 0.0000 0.0000 0.0197 
0.1574 0.0055 0.0033 0.8339 
0.0033 0.0087 0.9880 0.0000 
0.0000 0.0033 0.9923 0.0044 
0.1126 0.0710 0.3902 0.4262 
0.2273 0.6426 0.0951 0.0350 
0.7115 0.0339 0.0699 0.1847 
0.2448 0.2721 0.2361 0.2470 
0.2306 0.2645 0.2557 0.2492 
0.2470 0.2372 0.2656 0.2503 

MOTIF filter22 
letter-probability matrix: alength= 4 w= 14 nsites= 14 
0.2275 0.2365 0.2695 0.2665 
0.2126 0.2754 0.3024 0.2096 
0.2305 0.2874 0.1976 0.2844 
0.1257 0.7365 0.1018 0.0359 
0.9940 0.0000 0.0060 0.0000 
0.9521 0.0000 0.0299 0.0180 
0.4222 0.1048 0.4341 0.0389 
1.0000 0.0000 0.0000 0.0000 
0.0000 0.0000 0.0000 1.0000 
0.0000 0.0000 0.9910 0.0090 
0.0000 0.0000 0.9970 0.0030 
0.0060 0.9461 0.0000 0.0479 
0.1048 0.2126 0.4102 0.2725 
0.0749 0.0689 0.8024 0.0539 

MOTIF filter23 
letter-probability matrix: alength= 4 w= 16 nsites= 16 
0.2159 0.2106 0.3374 0.2361 
0.1948 0.2308 0.5446 0.0298 
0.2206 0.1532 0.0413 0.5850 
0.0509 0.3958 0.4970 0.0562 
0.2846 0.0932 0.3656 0.2566 
0.1395 0.3554 0.2088 0.2964 
0.3548 0.3103 0.1718 0.1631 
0.0839 0.1830 0.7226 0.0106 
0.0267 0.1460 0.6803 0.1469 
0.4902 0.2594 0.1938 0.0565 
0.6521 0.1299 0.1705 0.0475 
0.0118 0.3709 0.5732 0.0441 
0.2762 0.2293 0.0795 0.4150 
0.1087 0.0149 0.4557 0.4206 
0.1814 0.5511 0.2044 0.0631 
0.0746 0.5856 0.2902 0.0497 

MOTIF filter24 
letter-probability matrix: alength= 4 w= 13 nsites= 13 
0.2688 0.2161 0.2864 0.2286 
0.5503 0.0804 0.1508 0.2186 
0.1759 0.3141 0.4698 0.0402 
0.0000 0.0000 0.0000 1.0000 
0.0352 0.9648 0.0000 0.0000 
1.0000 0.0000 0.0000 0.0000 
0.0000 0.0000 0.9874 0.0126 
0.0000 1.0000 0.0000 0.0000 
0.9824 0.0000 0.0000 0.0176 
0.4497 0.1508 0.1281 0.2714 
0.4397 0.0477 0.0025 0.5101 
0.3920 0.0754 0.0000 0.5327 
0.3241 0.1156 0.0276 0.5327 

MOTIF filter25 
letter-probability matrix: alength= 4 w= 13 nsites= 13 
0.2572 0.2428 0.2540 0.2460 
0.2712 0.1478 0.4386 0.1424 
0.2511 0.0207 0.5287 0.1995 
0.3226 0.0362 0.6154 0.0258 
0.0336 0.0416 0.8685 0.0563 
0.0393 0.0617 0.8473 0.0517 
0.3338 0.4314 0.0095 0.2253 
0.0528 0.0376 0.8533 0.0563 
0.0488 0.0448 0.8464 0.0600 
0.3080 0.0192 0.6099 0.0629 
0.3077 0.1343 0.5376 0.0204 
0.2423 0.3648 0.2575 0.1355 
0.2500 0.2382 0.2692 0.2425 

MOTIF filter26 
letter-probability matrix: alength= 4 w= 15 nsites= 15 
0.1063 0.2391 0.2150 0.4396 
0.0700 0.4831 0.2826 0.1643 
0.3551 0.0990 0.3430 0.2029 
0.7609 0.0000 0.2174 0.0217 
0.1763 0.8213 0.0000 0.0024 
0.2319 0.7681 0.0000 0.0000 
0.9976 0.0000 0.0000 0.0024 
1.0000 0.0000 0.0000 0.0000 
0.0000 0.0000 0.0000 1.0000 
0.3261 0.5749 0.0990 0.0000 
0.8454 0.0000 0.1546 0.0000 
0.1787 0.1353 0.6618 0.0242 
0.2609 0.2101 0.2874 0.2415 
0.2826 0.1957 0.2826 0.2391 
0.2585 0.2778 0.1981 0.2657 

MOTIF filter27 
letter-probability matrix: alength= 4 w= 17 nsites= 17 
0.2665 0.1498 0.2261 0.3575 
0.4779 0.1664 0.1618 0.1939 
0.3722 0.0469 0.1075 0.4733 
0.0662 0.0579 0.0267 0.8493 
0.2160 0.1507 0.1949 0.4384 
0.7868 0.0597 0.1379 0.0156 
0.6480 0.0460 0.1039 0.2022 
0.0827 0.0184 0.0202 0.8787 
0.1820 0.2243 0.5322 0.0616 
0.5708 0.2509 0.0248 0.1535 
0.1461 0.5165 0.0009 0.3364 
0.0257 0.5414 0.1618 0.2711 
0.2858 0.1379 0.1599 0.4164 
0.1305 0.0616 0.2785 0.5294 
0.4669 0.1461 0.1471 0.2399 
0.0680 0.0597 0.1553 0.7169 
0.6618 0.1075 0.1333 0.0974 

MOTIF filter28 
letter-probability matrix: alength= 4 w= 13 nsites= 13 
0.2634 0.2538 0.2383 0.2446 
0.2576 0.2239 0.2746 0.2438 
0.3521 0.2070 0.3295 0.1114 
0.0287 0.0586 0.0779 0.8348 
0.0068 0.0407 0.8011 0.1514 
0.8961 0.0339 0.0451 0.0249 
0.1368 0.3948 0.3906 0.0777 
0.0457 0.0449 0.0276 0.8818 
0.1567 0.7703 0.0368 0.0361 
0.8376 0.0685 0.0459 0.0481 
0.0886 0.3285 0.2422 0.3407 
0.2289 0.2821 0.2418 0.2471 
0.2333 0.2405 0.2711 0.2551 

MOTIF filter29 
letter-probability matrix: alength= 4 w= 13 nsites= 13 
0.1801 0.3109 0.3025 0.2065 
0.3313 0.2137 0.3697 0.0852 
0.2293 0.4766 0.2041 0.0900 
0.0000 0.5462 0.0000 0.4538 
0.0000 0.5498 0.4502 0.0000 
1.0000 0.0000 0.0000 0.0000 
0.3950 0.0000 0.0000 0.6050 
0.0000 0.0000 0.0000 1.0000 
0.0000 0.1933 0.8067 0.0000 
0.3301 0.0000 0.6699 0.0000 
0.0804 0.3145 0.2725 0.3325 
0.0876 0.3541 0.2521 0.3061 
0.2881 0.3229 0.3121 0.0768 

MOTIF filter30 
letter-probability matrix: alength= 4 w= 16 nsites= 16 
0.2703 0.3170 0.2138 0.1990 
0.2850 0.2555 0.1892 0.2703 
0.2310 0.2531 0.2285 0.2875 
0.0246 0.7248 0.1155 0.1351 
0.0000 0.1302 0.0197 0.8501 
0.0000 0.2432 0.6830 0.0737 
1.0000 0.0000 0.0000 0.0000 
0.0000 0.0025 0.0000 0.9975 
0.0000 0.0000 0.0000 1.0000 
0.0000 0.0000 1.0000 0.0000 
0.0000 0.0000 1.0000 0.0000 
0.0393 0.4054 0.0000 0.5553 
0.0000 0.4251 0.1425 0.4324 
0.1794 0.4128 0.3194 0.0885 
0.4767 0.1400 0.2899 0.0934 
0.1818 0.1450 0.2555 0.4177 

MOTIF filter31 
letter-probability matrix: alength= 4 w= 12 nsites= 12 
0.2518 0.2591 0.2563 0.2329 
0.3462 0.2239 0.2549 0.1750 
0.2524 0.2938 0.2684 0.1855 
0.0821 0.8100 0.0694 0.0385 
0.7985 0.0245 0.1148 0.0622 
0.0457 0.6747 0.0339 0.2457 
0.2351 0.0428 0.6734 0.0487 
0.0802 0.1218 0.0385 0.7595 
0.0448 0.0447 0.8087 0.1018 
0.1952 0.2732 0.2888 0.2428 
0.1968 0.2653 0.2063 0.3316 
0.2445 0.2502 0.2455 0.2598 

