MEME version 4

ALPHABET= ACGT

Background letter frequencies:
A 0.2500 C 0.2500 G 0.2500 T 0.2500 

MOTIF filter0 
letter-probability matrix: alength= 4 w= 15 nsites= 15 
0.4608 0.2163 0.1317 0.1912 
0.0564 0.3950 0.0784 0.4702 
0.0690 0.3480 0.3354 0.2476 
0.4138 0.1160 0.4702 0.0000 
0.5705 0.0031 0.3856 0.0408 
0.0000 1.0000 0.0000 0.0000 
0.0000 1.0000 0.0000 0.0000 
1.0000 0.0000 0.0000 0.0000 
0.9937 0.0000 0.0063 0.0000 
0.0000 0.0000 0.0000 1.0000 
0.0063 0.7962 0.1975 0.0000 
0.8777 0.0094 0.1129 0.0000 
0.0658 0.0596 0.8746 0.0000 
0.2351 0.2696 0.2382 0.2571 
0.2727 0.1944 0.2727 0.2602 

MOTIF filter1 
letter-probability matrix: alength= 4 w= 14 nsites= 14 
0.2593 0.2411 0.2370 0.2626 
0.2124 0.2440 0.1933 0.3502 
0.0571 0.0982 0.0517 0.7930 
0.0405 0.0615 0.1297 0.7684 
0.2118 0.6419 0.0549 0.0915 
0.0959 0.5593 0.0304 0.3144 
0.2481 0.2476 0.2521 0.2523 
0.3102 0.0258 0.5736 0.0905 
0.0741 0.0578 0.6699 0.1982 
0.7646 0.1295 0.0537 0.0522 
0.8207 0.0684 0.0803 0.0306 
0.3642 0.1945 0.2290 0.2123 
0.2421 0.2473 0.2465 0.2641 
0.2563 0.2452 0.2614 0.2371 

MOTIF filter2 
letter-probability matrix: alength= 4 w= 12 nsites= 12 
0.2416 0.2740 0.2279 0.2565 
0.2491 0.2590 0.2653 0.2267 
0.2590 0.2603 0.2341 0.2466 
0.0012 0.0000 0.0000 0.9988 
0.0000 0.0000 0.0000 1.0000 
0.0000 0.0000 0.0000 1.0000 
0.5467 0.0000 0.4521 0.0012 
1.0000 0.0000 0.0000 0.0000 
0.0000 0.0000 0.0000 1.0000 
0.2279 0.2665 0.2503 0.2553 
0.2578 0.2478 0.2528 0.2416 
0.2441 0.2441 0.2653 0.2466 

MOTIF filter3 
letter-probability matrix: alength= 4 w= 13 nsites= 13 
0.0703 0.4054 0.2865 0.2378 
0.0432 0.7243 0.1135 0.1189 
0.8054 0.0000 0.1514 0.0432 
0.0054 0.8703 0.0054 0.1189 
0.0108 0.0000 0.0162 0.9730 
0.0000 0.0054 0.0000 0.9946 
0.0108 0.9838 0.0000 0.0054 
0.0216 0.9676 0.0000 0.0108 
0.0000 0.0000 0.9730 0.0270 
0.0054 0.1676 0.8270 0.0000 
0.0757 0.2432 0.3243 0.3568 
0.0595 0.2108 0.3838 0.3459 
0.2054 0.2216 0.1622 0.4108 

MOTIF filter4 
letter-probability matrix: alength= 4 w= 16 nsites= 16 
0.2521 0.2676 0.2438 0.2365 
0.2448 0.2707 0.2479 0.2365 
0.1214 0.0768 0.3413 0.4606 
0.0405 0.8496 0.0000 0.1100 
0.0000 0.0062 0.0000 0.9938 
0.9990 0.0000 0.0000 0.0010 
0.2780 0.0000 0.0073 0.7147 
0.4606 0.0000 0.0000 0.5394 
0.5519 0.0000 0.0000 0.4481 
0.6867 0.0021 0.0000 0.3112 
0.0000 0.0000 0.0000 1.0000 
0.9876 0.0000 0.0124 0.0000 
0.1100 0.0010 0.8454 0.0436 
0.4471 0.3589 0.0560 0.1380 
0.2832 0.2261 0.2573 0.2334 
0.2438 0.2749 0.2407 0.2407 

MOTIF filter5 
letter-probability matrix: alength= 4 w= 9 nsites= 9 
0.2512 0.2607 0.2561 0.2320 
0.3444 0.2163 0.2591 0.1802 
0.2522 0.2995 0.2690 0.1793 
0.1040 0.7585 0.0998 0.0378 
0.7218 0.0499 0.1601 0.0683 
0.0638 0.6698 0.0584 0.2080 
0.2037 0.0587 0.6815 0.0560 
0.1094 0.1327 0.0429 0.7150 
0.0474 0.0471 0.7944 0.1111 

MOTIF filter6 
letter-probability matrix: alength= 4 w= 16 nsites= 16 
0.2168 0.2765 0.2699 0.2367 
0.2478 0.2588 0.2146 0.2788 
0.1704 0.6217 0.1372 0.0708 
0.9889 0.0000 0.0111 0.0000 
0.9712 0.0044 0.0243 0.0000 
0.4137 0.1084 0.4535 0.0243 
1.0000 0.0000 0.0000 0.0000 
0.0000 0.0000 0.0000 1.0000 
0.0000 0.0000 1.0000 0.0000 
0.0000 0.0000 1.0000 0.0000 
0.0863 0.8097 0.0000 0.1040 
0.1195 0.2168 0.4027 0.2611 
0.1128 0.1150 0.6925 0.0796 
0.1549 0.7080 0.0398 0.0973 
0.2522 0.2478 0.2323 0.2677 
0.2323 0.2323 0.2876 0.2478 

MOTIF filter7 
letter-probability matrix: alength= 4 w= 16 nsites= 16 
0.2936 0.3081 0.2064 0.1919 
0.2762 0.2936 0.1715 0.2587 
0.2267 0.2645 0.2297 0.2791 
0.0262 0.7849 0.0814 0.1076 
0.0000 0.1076 0.0029 0.8895 
0.0000 0.2355 0.7355 0.0291 
1.0000 0.0000 0.0000 0.0000 
0.0000 0.0000 0.0000 1.0000 
0.0000 0.0000 0.0000 1.0000 
0.0000 0.0000 1.0000 0.0000 
0.0000 0.0000 1.0000 0.0000 
0.0320 0.3895 0.0058 0.5727 
0.0029 0.4186 0.1483 0.4302 
0.1802 0.4128 0.3256 0.0814 
0.4884 0.1686 0.2878 0.0552 
0.1657 0.1395 0.2355 0.4593 

MOTIF filter8 
letter-probability matrix: alength= 4 w= 19 nsites= 19 
0.2417 0.3099 0.2211 0.2273 
0.2490 0.1539 0.1860 0.4112 
0.3512 0.1033 0.1963 0.3492 
0.4039 0.0227 0.0723 0.5010 
0.1322 0.1477 0.5114 0.2087 
0.0682 0.2717 0.0103 0.6498 
0.0000 0.9153 0.0847 0.0000 
0.3605 0.6395 0.0000 0.0000 
0.3120 0.0000 0.3326 0.3554 
0.0000 0.3481 0.1467 0.5052 
1.0000 0.0000 0.0000 0.0000 
0.1312 0.0764 0.0992 0.6932 
0.7242 0.0010 0.0021 0.2727 
0.1808 0.0899 0.0124 0.7169 
0.1136 0.0754 0.5847 0.2262 
0.1074 0.0630 0.7686 0.0610 
0.1467 0.1622 0.3740 0.3171 
0.2097 0.4897 0.1477 0.1529 
0.4380 0.1291 0.2366 0.1963 

MOTIF filter9 
letter-probability matrix: alength= 4 w= 19 nsites= 19 
0.2554 0.2816 0.2076 0.2554 
0.2768 0.5943 0.0048 0.1241 
0.2267 0.2243 0.1193 0.4296 
0.2601 0.2363 0.3246 0.1790 
0.5823 0.0716 0.1289 0.2172 
0.2387 0.2291 0.4200 0.1122 
0.0191 0.0048 0.0000 0.9761 
0.0907 0.8711 0.0000 0.0382 
0.8592 0.0000 0.0000 0.1408 
0.0000 0.0000 0.9809 0.0191 
0.0000 1.0000 0.0000 0.0000 
0.7971 0.0000 0.0000 0.2029 
0.4010 0.0358 0.3652 0.1981 
0.5823 0.0143 0.0119 0.3914 
0.2959 0.1337 0.0644 0.5060 
0.2959 0.1408 0.0119 0.5513 
0.2530 0.2864 0.2172 0.2434 
0.3389 0.1885 0.1957 0.2768 
0.2005 0.1957 0.3150 0.2888 

MOTIF filter10 
letter-probability matrix: alength= 4 w= 16 nsites= 16 
0.3168 0.1957 0.2640 0.2236 
0.6025 0.0652 0.1180 0.2143 
0.1925 0.3354 0.4689 0.0031 
0.0000 0.0000 0.0000 1.0000 
0.0280 0.9720 0.0000 0.0000 
1.0000 0.0000 0.0000 0.0000 
0.0000 0.0000 0.9720 0.0280 
0.0000 1.0000 0.0000 0.0000 
1.0000 0.0000 0.0000 0.0000 
0.4379 0.2267 0.0621 0.2733 
0.3882 0.0621 0.0062 0.5435 
0.4348 0.0404 0.0000 0.5248 
0.3261 0.0901 0.0062 0.5776 
0.2764 0.2329 0.2360 0.2547 
0.2640 0.2950 0.2236 0.2174 
0.2050 0.3261 0.2422 0.2267 

MOTIF filter11 
letter-probability matrix: alength= 4 w= 18 nsites= 18 
0.2537 0.2512 0.2463 0.2488 
0.2414 0.2857 0.2586 0.2143 
0.2488 0.2340 0.2635 0.2537 
0.1256 0.0296 0.6601 0.1847 
0.0985 0.6872 0.1182 0.0961 
0.2931 0.3300 0.2488 0.1281 
0.0813 0.0000 0.7857 0.1330 
0.0000 1.0000 0.0000 0.0000 
0.0000 1.0000 0.0000 0.0000 
1.0000 0.0000 0.0000 0.0000 
0.0000 0.0000 0.0000 1.0000 
0.0099 0.4581 0.1552 0.3768 
0.0000 0.0296 0.0000 0.9704 
0.0000 0.0099 0.0000 0.9901 
0.0985 0.0837 0.6700 0.1478 
0.2956 0.2365 0.2365 0.2315 
0.2094 0.2783 0.2586 0.2537 
0.2414 0.2808 0.2365 0.2414 

MOTIF filter12 
letter-probability matrix: alength= 4 w= 13 nsites= 13 
0.1530 0.2889 0.2744 0.2836 
0.2836 0.1913 0.4327 0.0923 
0.4182 0.0963 0.4248 0.0607 
0.0013 0.9591 0.0383 0.0013 
0.0000 0.7058 0.0000 0.2942 
0.6517 0.0580 0.2744 0.0158 
1.0000 0.0000 0.0000 0.0000 
0.0000 0.0013 0.0000 0.9987 
0.0383 0.4090 0.1187 0.4340 
0.4485 0.0013 0.5501 0.0000 
0.0000 0.0158 0.9802 0.0040 
0.1478 0.3127 0.1662 0.3734 
0.1821 0.3100 0.2032 0.3047 

MOTIF filter13 
letter-probability matrix: alength= 4 w= 14 nsites= 14 
0.2370 0.2494 0.2770 0.2366 
0.2027 0.1523 0.3002 0.3449 
0.1505 0.6005 0.0511 0.1979 
0.0239 0.1850 0.0693 0.7218 
0.8552 0.0565 0.0653 0.0230 
0.3237 0.0474 0.0566 0.5723 
0.4587 0.0522 0.0374 0.4518 
0.4330 0.0390 0.0501 0.4779 
0.5882 0.0596 0.0326 0.3196 
0.0625 0.0568 0.0944 0.7863 
0.7017 0.0595 0.1703 0.0685 
0.2088 0.0592 0.5978 0.1342 
0.3264 0.2900 0.1811 0.2025 
0.2275 0.2794 0.2555 0.2376 

MOTIF filter14 
letter-probability matrix: alength= 4 w= 15 nsites= 15 
0.2937 0.2211 0.2277 0.2574 
0.2508 0.2739 0.2277 0.2475 
0.4917 0.0264 0.1287 0.3531 
0.7030 0.0033 0.0363 0.2574 
0.4554 0.0000 0.0330 0.5116 
0.2508 0.1551 0.1716 0.4224 
0.0033 0.0000 0.0000 0.9967 
0.0000 0.0000 1.0000 0.0000 
0.0165 0.9835 0.0000 0.0000 
0.0000 0.0000 0.0000 1.0000 
0.0000 0.0000 0.9868 0.0132 
1.0000 0.0000 0.0000 0.0000 
0.0231 0.5215 0.3102 0.1452 
0.1848 0.1551 0.0594 0.6007 
0.1749 0.3366 0.1419 0.3465 

MOTIF filter15 
letter-probability matrix: alength= 4 w= 19 nsites= 19 
0.2318 0.2388 0.2682 0.2612 
0.2153 0.2882 0.2694 0.2271 
0.2918 0.2353 0.2259 0.2471 
0.1506 0.0765 0.0400 0.7329 
0.0259 0.0847 0.6800 0.2094 
0.4212 0.4024 0.0718 0.1047 
0.0035 0.9941 0.0024 0.0000 
0.0000 0.9918 0.0000 0.0082 
0.8259 0.0059 0.0059 0.1624 
0.0271 0.0000 0.0000 0.9729 
0.9988 0.0012 0.0000 0.0000 
0.0000 0.0012 0.0000 0.9988 
0.9859 0.0024 0.0000 0.0118 
0.1647 0.0024 0.0000 0.8329 
0.0035 0.0059 0.9906 0.0000 
0.0024 0.0047 0.9906 0.0024 
0.1106 0.0706 0.3894 0.4294 
0.2259 0.6506 0.0906 0.0329 
0.7224 0.0294 0.0682 0.1800 

MOTIF filter16 
letter-probability matrix: alength= 4 w= 15 nsites= 15 
0.2607 0.2235 0.2120 0.3037 
0.2665 0.2034 0.2579 0.2722 
0.2178 0.2722 0.2837 0.2264 
0.0115 0.8711 0.1175 0.0000 
0.0745 0.9255 0.0000 0.0000 
0.0000 0.0000 1.0000 0.0000 
0.0000 0.0000 1.0000 0.0000 
1.0000 0.0000 0.0000 0.0000 
1.0000 0.0000 0.0000 0.0000 
0.0487 0.0029 0.9484 0.0000 
0.0258 0.3266 0.0057 0.6418 
0.1519 0.0860 0.7049 0.0573 
0.2521 0.2665 0.4642 0.0172 
0.2206 0.3696 0.2607 0.1490 
0.1920 0.3181 0.2493 0.2407 

MOTIF filter17 
letter-probability matrix: alength= 4 w= 14 nsites= 14 
0.1866 0.1841 0.3781 0.2512 
0.0647 0.4478 0.2413 0.2463 
0.1318 0.5672 0.1219 0.1791 
0.6493 0.0622 0.2438 0.0448 
0.0000 0.9254 0.0473 0.0274 
0.0000 0.0000 0.0000 1.0000 
0.0000 0.0000 0.0000 1.0000 
0.0000 1.0000 0.0000 0.0000 
0.0000 1.0000 0.0000 0.0000 
0.0000 0.0000 0.9701 0.0299 
0.0000 0.1294 0.8657 0.0050 
0.3507 0.1443 0.2512 0.2537 
0.4080 0.2015 0.1841 0.2065 
0.2637 0.2189 0.2935 0.2239 

MOTIF filter18 
letter-probability matrix: alength= 4 w= 16 nsites= 16 
0.2330 0.2216 0.2983 0.2472 
0.2358 0.2330 0.2756 0.2557 
0.2188 0.3210 0.1903 0.2699 
0.5938 0.0000 0.1108 0.2955 
0.6136 0.0284 0.0483 0.3097 
0.5085 0.0170 0.0284 0.4460 
0.3608 0.1136 0.1790 0.3466 
0.0057 0.0000 0.0028 0.9915 
0.0000 0.0000 1.0000 0.0000 
0.0682 0.9318 0.0000 0.0000 
0.0000 0.0057 0.0028 0.9915 
0.0000 0.0000 1.0000 0.0000 
0.9801 0.0000 0.0199 0.0000 
0.0625 0.5341 0.2784 0.1250 
0.2131 0.1108 0.0994 0.5767 
0.2443 0.3949 0.0852 0.2756 

MOTIF filter19 
letter-probability matrix: alength= 4 w= 16 nsites= 16 
0.2570 0.3063 0.2113 0.2254 
0.2711 0.2817 0.2324 0.2148 
0.2324 0.2359 0.2289 0.3028 
0.0000 0.8556 0.0704 0.0739 
0.0000 0.1514 0.0035 0.8451 
0.0000 0.2042 0.7923 0.0035 
1.0000 0.0000 0.0000 0.0000 
0.0000 0.0000 0.0000 1.0000 
0.0000 0.0000 0.0000 1.0000 
0.0000 0.0000 1.0000 0.0000 
0.0000 0.0000 1.0000 0.0000 
0.0352 0.4261 0.0000 0.5387 
0.0141 0.4613 0.1162 0.4085 
0.1514 0.4930 0.3275 0.0282 
0.4930 0.1232 0.3310 0.0528 
0.1408 0.1268 0.2782 0.4542 

MOTIF filter20 
letter-probability matrix: alength= 4 w= 14 nsites= 14 
0.2550 0.2463 0.2434 0.2554 
0.2672 0.2603 0.2267 0.2458 
0.3911 0.1993 0.3351 0.0746 
0.0465 0.0559 0.0624 0.8352 
0.0315 0.0366 0.2082 0.7238 
0.3040 0.0435 0.4601 0.1924 
0.1103 0.5782 0.0961 0.2154 
0.2280 0.0934 0.5764 0.1021 
0.1972 0.4820 0.0284 0.2924 
0.7122 0.2016 0.0408 0.0453 
0.8386 0.0541 0.0599 0.0474 
0.0891 0.3123 0.1969 0.4017 
0.2435 0.2621 0.2456 0.2488 
0.2491 0.2357 0.2499 0.2653 

MOTIF filter21 
letter-probability matrix: alength= 4 w= 20 nsites= 20 
0.2318 0.2444 0.2522 0.2716 
0.2231 0.2755 0.2677 0.2338 
0.2813 0.2454 0.2367 0.2367 
0.1785 0.0844 0.0543 0.6828 
0.0533 0.0989 0.6256 0.2221 
0.3996 0.3773 0.0873 0.1358 
0.0048 0.9709 0.0204 0.0039 
0.0068 0.9641 0.0136 0.0155 
0.7876 0.0107 0.0194 0.1823 
0.0349 0.0010 0.0048 0.9593 
0.9806 0.0078 0.0087 0.0029 
0.0000 0.0068 0.0097 0.9835 
0.9641 0.0058 0.0000 0.0301 
0.1814 0.0116 0.0078 0.7992 
0.0068 0.0252 0.9631 0.0048 
0.0058 0.0136 0.9758 0.0048 
0.1232 0.0815 0.3792 0.4161 
0.2328 0.6159 0.1018 0.0495 
0.6819 0.0407 0.0834 0.1940 
0.2415 0.2774 0.2338 0.2473 

MOTIF filter22 
letter-probability matrix: alength= 4 w= 12 nsites= 12 
0.4298 0.2331 0.2051 0.1320 
0.0590 0.3146 0.1573 0.4691 
0.0478 0.3455 0.4129 0.1938 
0.4747 0.0646 0.4607 0.0000 
0.5955 0.0056 0.3539 0.0449 
0.0000 1.0000 0.0000 0.0000 
0.0000 0.9916 0.0084 0.0000 
1.0000 0.0000 0.0000 0.0000 
1.0000 0.0000 0.0000 0.0000 
0.0000 0.0000 0.0000 1.0000 
0.0112 0.7388 0.2500 0.0000 
0.8539 0.0000 0.1461 0.0000 

MOTIF filter23 
letter-probability matrix: alength= 4 w= 14 nsites= 14 
0.2852 0.2711 0.2570 0.1866 
0.2641 0.2694 0.2342 0.2324 
0.0968 0.2007 0.4595 0.2430 
0.0000 0.7113 0.0669 0.2218 
0.0053 0.7606 0.0000 0.2342 
0.0000 1.0000 0.0000 0.0000 
0.0000 1.0000 0.0000 0.0000 
0.1268 0.0000 0.5669 0.3063 
0.0000 1.0000 0.0000 0.0000 
0.0000 1.0000 0.0000 0.0000 
0.0000 0.7676 0.0000 0.2324 
0.1144 0.7271 0.0000 0.1585 
0.0528 0.5739 0.0880 0.2852 
0.2623 0.2535 0.2394 0.2447 

MOTIF filter24 
letter-probability matrix: alength= 4 w= 17 nsites= 17 
0.3957 0.3764 0.0930 0.1349 
0.0091 0.9785 0.0023 0.0102 
0.0000 0.9977 0.0000 0.0023 
0.8288 0.0159 0.0068 0.1485 
0.0023 0.0272 0.0068 0.9637 
0.9671 0.0023 0.0295 0.0011 
0.0000 0.0079 0.0034 0.9887 
0.9739 0.0023 0.0193 0.0045 
0.1417 0.0102 0.0136 0.8345 
0.0023 0.0023 0.9955 0.0000 
0.0000 0.0011 0.9966 0.0023 
0.1032 0.0748 0.3946 0.4274 
0.2302 0.6236 0.1190 0.0272 
0.7109 0.0420 0.0714 0.1757 
0.2188 0.2676 0.2619 0.2517 
0.2132 0.2551 0.2766 0.2551 
0.2483 0.2358 0.2687 0.2472 

MOTIF filter25 
letter-probability matrix: alength= 4 w= 15 nsites= 15 
0.1963 0.2393 0.2638 0.3006 
0.1411 0.1902 0.3712 0.2975 
0.0123 0.5061 0.2239 0.2577 
0.0613 0.6411 0.1442 0.1534 
0.7239 0.0092 0.2546 0.0123 
0.0000 0.9663 0.0000 0.0337 
0.0000 0.0000 0.0000 1.0000 
0.0000 0.0000 0.0000 1.0000 
0.0000 1.0000 0.0000 0.0000 
0.0000 1.0000 0.0000 0.0000 
0.0000 0.0000 0.9816 0.0184 
0.0000 0.1564 0.8221 0.0215 
0.2454 0.2055 0.2393 0.3098 
0.2117 0.2607 0.2607 0.2669 
0.2577 0.2362 0.2239 0.2822 

MOTIF filter26 
letter-probability matrix: alength= 4 w= 12 nsites= 12 
0.2520 0.2389 0.2259 0.2832 
0.2218 0.2208 0.3204 0.2369 
0.3512 0.2461 0.3012 0.1015 
0.0487 0.0574 0.0978 0.7962 
0.0441 0.0482 0.7504 0.1572 
0.7554 0.0690 0.0932 0.0824 
0.0965 0.4096 0.4164 0.0776 
0.0763 0.0791 0.0876 0.7570 
0.1410 0.7229 0.0557 0.0804 
0.7906 0.0729 0.0924 0.0442 
0.0955 0.3151 0.2573 0.3320 
0.2276 0.2998 0.2224 0.2502 

MOTIF filter27 
letter-probability matrix: alength= 4 w= 12 nsites= 12 
0.2550 0.2627 0.2411 0.2411 
0.2564 0.2571 0.2154 0.2710 
0.2592 0.2425 0.2224 0.2759 
1.0000 0.0000 0.0000 0.0000 
0.0000 0.0000 0.0000 1.0000 
0.0000 0.3815 0.0000 0.6185 
1.0000 0.0000 0.0000 0.0000 
1.0000 0.0000 0.0000 0.0000 
0.5740 0.0000 0.0000 0.4260 
0.2808 0.2335 0.2272 0.2585 
0.2460 0.2307 0.2724 0.2509 
0.2439 0.2669 0.2377 0.2516 

MOTIF filter28 
letter-probability matrix: alength= 4 w= 17 nsites= 17 
0.2246 0.2161 0.1483 0.4110 
0.1992 0.1186 0.1314 0.5508 
0.1907 0.1398 0.4915 0.1780 
0.1822 0.8008 0.0000 0.0169 
0.1102 0.0763 0.0042 0.8093 
0.1441 0.0508 0.5720 0.2331 
0.7924 0.0381 0.0551 0.1144 
0.0720 0.4110 0.4661 0.0508 
0.0000 0.0042 0.0000 0.9958 
0.0339 0.8941 0.0042 0.0678 
0.9280 0.0000 0.0508 0.0212 
0.0593 0.0000 0.9407 0.0000 
0.0297 0.8983 0.0169 0.0551 
0.7627 0.0636 0.1102 0.0636 
0.3771 0.2627 0.1441 0.2161 
0.2754 0.0805 0.1314 0.5127 
0.2331 0.1186 0.0805 0.5678 

MOTIF filter29 
letter-probability matrix: alength= 4 w= 13 nsites= 13 
0.2364 0.2337 0.2698 0.2601 
0.2517 0.2629 0.2476 0.2378 
0.2712 0.1238 0.5063 0.0987 
0.1794 0.0014 0.6370 0.1822 
0.2615 0.0042 0.7316 0.0028 
0.0014 0.0014 0.9930 0.0042 
0.0000 0.0028 0.9944 0.0028 
0.3241 0.4701 0.0000 0.2058 
0.0000 0.0014 0.9958 0.0028 
0.0000 0.0000 1.0000 0.0000 
0.2670 0.0014 0.7051 0.0264 
0.2629 0.0834 0.6523 0.0014 
0.1989 0.4534 0.2225 0.1252 

MOTIF filter30 
letter-probability matrix: alength= 4 w= 15 nsites= 15 
0.2559 0.2660 0.2256 0.2525 
0.2694 0.2559 0.3131 0.1616 
0.2256 0.2727 0.2525 0.2492 
0.0000 0.9091 0.0909 0.0000 
0.0034 0.9966 0.0000 0.0000 
0.0000 0.0000 1.0000 0.0000 
0.0000 0.0000 1.0000 0.0000 
1.0000 0.0000 0.0000 0.0000 
1.0000 0.0000 0.0000 0.0000 
0.0404 0.0236 0.9360 0.0000 
0.0337 0.2525 0.0236 0.6902 
0.2054 0.0539 0.6936 0.0471 
0.2828 0.2357 0.4579 0.0236 
0.2121 0.3838 0.2121 0.1919 
0.2088 0.2761 0.2727 0.2424 

MOTIF filter31 
letter-probability matrix: alength= 4 w= 13 nsites= 13 
0.3090 0.1659 0.1492 0.3760 
0.2770 0.1857 0.2922 0.2451 
0.2846 0.2466 0.2131 0.2557 
0.0548 0.5419 0.3790 0.0244 
0.0167 0.7047 0.0487 0.2298 
0.0030 0.0670 0.9239 0.0061 
0.0289 0.0030 0.9680 0.0000 
0.6271 0.3059 0.0502 0.0167 
0.6240 0.0000 0.0000 0.3760 
0.0426 0.0000 0.8798 0.0776 
0.0107 0.5814 0.0000 0.4079 
0.1187 0.3501 0.5266 0.0046 
0.1339 0.1324 0.6834 0.0502 

