MEME version 4

ALPHABET= ACGT

Background letter frequencies:
A 0.2500 C 0.2500 G 0.2500 T 0.2500 

MOTIF filter0 
letter-probability matrix: alength= 4 w= 17 nsites= 17 
0.1788 0.1707 0.2480 0.4025 
0.0784 0.2261 0.5640 0.1315 
0.2122 0.4579 0.0427 0.2872 
0.1096 0.4787 0.0012 0.4106 
0.0092 0.3310 0.6021 0.0577 
0.5283 0.0473 0.1234 0.3010 
0.1984 0.0934 0.1615 0.5467 
0.0634 0.1015 0.1419 0.6932 
0.2191 0.3702 0.3968 0.0138 
0.7463 0.0346 0.1015 0.1176 
0.0473 0.0404 0.5271 0.3852 
0.1153 0.7878 0.0012 0.0957 
0.7059 0.0392 0.0484 0.2065 
0.6621 0.0300 0.2514 0.0565 
0.6113 0.2734 0.0531 0.0623 
0.4406 0.0069 0.2480 0.3045 
0.3160 0.1246 0.3218 0.2376 

MOTIF filter1 
letter-probability matrix: alength= 4 w= 13 nsites= 13 
0.2525 0.2408 0.2423 0.2644 
0.2458 0.2398 0.2761 0.2383 
0.3206 0.2699 0.3011 0.1085 
0.0759 0.0721 0.0901 0.7620 
0.0714 0.0748 0.6977 0.1560 
0.7405 0.0901 0.0903 0.0791 
0.0982 0.4132 0.4178 0.0708 
0.0812 0.0821 0.0946 0.7422 
0.1456 0.6934 0.0808 0.0803 
0.7664 0.0811 0.0778 0.0747 
0.1031 0.3022 0.2806 0.3142 
0.2349 0.2775 0.2342 0.2534 
0.2574 0.2324 0.2550 0.2552 

MOTIF filter2 
letter-probability matrix: alength= 4 w= 12 nsites= 12 
0.2164 0.2621 0.2759 0.2456 
0.0162 0.5683 0.1352 0.2803 
0.0574 0.6001 0.0274 0.3151 
0.0371 0.8687 0.0612 0.0330 
0.0483 0.8478 0.0648 0.0392 
0.2238 0.0286 0.4234 0.3242 
0.0480 0.8492 0.0506 0.0521 
0.0512 0.8793 0.0312 0.0383 
0.0244 0.6175 0.0330 0.3251 
0.2005 0.5456 0.0194 0.2344 
0.1237 0.4529 0.1396 0.2839 
0.2303 0.2724 0.2588 0.2385 

MOTIF filter3 
letter-probability matrix: alength= 4 w= 16 nsites= 16 
0.2599 0.2643 0.2699 0.2060 
0.2537 0.2610 0.2537 0.2315 
0.1233 0.0966 0.3459 0.4342 
0.0833 0.7990 0.0100 0.1077 
0.0250 0.0167 0.0189 0.9395 
0.9045 0.0450 0.0389 0.0117 
0.3137 0.0505 0.0172 0.6185 
0.4164 0.0411 0.0316 0.5108 
0.5136 0.0316 0.0033 0.4514 
0.5974 0.0100 0.0550 0.3376 
0.0366 0.0233 0.0472 0.8928 
0.9323 0.0172 0.0250 0.0255 
0.1116 0.0289 0.7857 0.0738 
0.4264 0.3809 0.0622 0.1305 
0.2626 0.2093 0.2860 0.2421 
0.2704 0.2460 0.2354 0.2482 

MOTIF filter4 
letter-probability matrix: alength= 4 w= 16 nsites= 16 
0.2549 0.2614 0.2059 0.2778 
0.1765 0.6438 0.0980 0.0817 
0.9869 0.0000 0.0131 0.0000 
0.9967 0.0000 0.0033 0.0000 
0.4150 0.1046 0.4804 0.0000 
1.0000 0.0000 0.0000 0.0000 
0.0000 0.0000 0.0000 1.0000 
0.0000 0.0000 1.0000 0.0000 
0.0000 0.0000 1.0000 0.0000 
0.0817 0.8529 0.0000 0.0654 
0.1307 0.1863 0.4477 0.2353 
0.0686 0.0621 0.8072 0.0621 
0.1144 0.8105 0.0196 0.0556 
0.2778 0.1797 0.2418 0.3007 
0.2157 0.2549 0.3170 0.2124 
0.2647 0.2124 0.3072 0.2157 

MOTIF filter5 
letter-probability matrix: alength= 4 w= 16 nsites= 16 
0.1917 0.1331 0.0683 0.6069 
0.0986 0.1117 0.5662 0.2234 
0.3621 0.3407 0.1352 0.1621 
0.0166 0.9386 0.0352 0.0097 
0.0117 0.8731 0.0283 0.0869 
0.7386 0.0297 0.0269 0.2048 
0.0821 0.0041 0.0090 0.9048 
0.9193 0.0152 0.0241 0.0414 
0.0255 0.0241 0.0234 0.9269 
0.9076 0.0186 0.0062 0.0676 
0.1979 0.0228 0.0207 0.7586 
0.0814 0.0400 0.8628 0.0159 
0.0166 0.0179 0.9414 0.0241 
0.1524 0.1138 0.3379 0.3959 
0.2414 0.5607 0.1283 0.0697 
0.6055 0.0614 0.1131 0.2200 

MOTIF filter6 
letter-probability matrix: alength= 4 w= 15 nsites= 15 
0.5683 0.1845 0.1328 0.1144 
0.3284 0.1882 0.2841 0.1993 
0.3875 0.0258 0.4797 0.1070 
0.0148 0.5941 0.0295 0.3616 
0.1808 0.2399 0.5240 0.0554 
0.0332 0.0000 0.9041 0.0627 
0.0037 0.9963 0.0000 0.0000 
0.0074 0.9077 0.0185 0.0664 
0.9410 0.0000 0.0590 0.0000 
0.0185 0.0590 0.0111 0.9114 
0.0517 0.4354 0.1107 0.4022 
0.0000 0.0480 0.0664 0.8856 
0.0148 0.1439 0.0111 0.8303 
0.0812 0.0959 0.6199 0.2030 
0.3542 0.1993 0.2362 0.2103 

MOTIF filter7 
letter-probability matrix: alength= 4 w= 14 nsites= 14 
0.2320 0.2800 0.2427 0.2453 
0.4987 0.0240 0.1387 0.3387 
0.6240 0.0240 0.0480 0.3040 
0.4453 0.0000 0.0293 0.5253 
0.2880 0.1680 0.1493 0.3947 
0.0107 0.0000 0.0000 0.9893 
0.0000 0.0000 1.0000 0.0000 
0.0240 0.9760 0.0000 0.0000 
0.0000 0.0000 0.0000 1.0000 
0.0000 0.0000 0.9813 0.0187 
1.0000 0.0000 0.0000 0.0000 
0.0293 0.5013 0.3173 0.1520 
0.2027 0.1333 0.0587 0.6053 
0.1840 0.3867 0.1360 0.2933 

MOTIF filter8 
letter-probability matrix: alength= 4 w= 18 nsites= 18 
0.2532 0.2321 0.2068 0.3080 
0.2574 0.2447 0.2363 0.2616 
0.2447 0.2616 0.2489 0.2447 
0.1055 0.0000 0.7595 0.1350 
0.0802 0.7637 0.1266 0.0295 
0.3333 0.3291 0.2447 0.0928 
0.0380 0.0000 0.8734 0.0886 
0.0000 0.9958 0.0042 0.0000 
0.0000 1.0000 0.0000 0.0000 
1.0000 0.0000 0.0000 0.0000 
0.0042 0.0000 0.0000 0.9958 
0.0042 0.4473 0.1224 0.4262 
0.0127 0.0000 0.0000 0.9873 
0.0000 0.0042 0.0000 0.9958 
0.0422 0.0549 0.8354 0.0675 
0.2743 0.1941 0.2911 0.2405 
0.1857 0.2911 0.2447 0.2785 
0.2658 0.2954 0.2405 0.1983 

MOTIF filter9 
letter-probability matrix: alength= 4 w= 13 nsites= 13 
0.2537 0.2408 0.2612 0.2443 
0.2697 0.1556 0.4234 0.1513 
0.2532 0.0226 0.5093 0.2149 
0.3241 0.0442 0.6063 0.0254 
0.0322 0.0459 0.8593 0.0626 
0.0332 0.0864 0.8254 0.0551 
0.3337 0.4345 0.0108 0.2210 
0.0617 0.0584 0.8240 0.0560 
0.0581 0.0520 0.8348 0.0551 
0.3168 0.0174 0.6025 0.0633 
0.3147 0.1462 0.5201 0.0191 
0.2466 0.3573 0.2556 0.1405 
0.2466 0.2457 0.2659 0.2417 

MOTIF filter10 
letter-probability matrix: alength= 4 w= 20 nsites= 20 
0.2914 0.2354 0.2320 0.2411 
0.1634 0.0754 0.0423 0.7189 
0.0309 0.0937 0.6503 0.2251 
0.4160 0.3886 0.0686 0.1269 
0.0000 0.9943 0.0046 0.0011 
0.0000 0.9909 0.0023 0.0069 
0.8274 0.0011 0.0091 0.1623 
0.0183 0.0000 0.0000 0.9817 
0.9977 0.0000 0.0000 0.0023 
0.0000 0.0011 0.0000 0.9989 
0.9840 0.0023 0.0000 0.0137 
0.1543 0.0057 0.0011 0.8389 
0.0011 0.0034 0.9954 0.0000 
0.0000 0.0023 0.9977 0.0000 
0.1086 0.0743 0.3886 0.4286 
0.2217 0.6491 0.0937 0.0354 
0.7189 0.0320 0.0674 0.1817 
0.2400 0.2777 0.2366 0.2457 
0.2309 0.2594 0.2617 0.2480 
0.2446 0.2366 0.2686 0.2503 

MOTIF filter11 
letter-probability matrix: alength= 4 w= 18 nsites= 18 
0.2684 0.5687 0.0256 0.1374 
0.2460 0.1757 0.0607 0.5176 
0.2812 0.1757 0.3099 0.2332 
0.6422 0.0415 0.1022 0.2141 
0.1438 0.2971 0.5527 0.0064 
0.0000 0.0032 0.0000 0.9968 
0.0128 0.9808 0.0000 0.0064 
0.9936 0.0000 0.0064 0.0000 
0.0032 0.0000 0.9744 0.0224 
0.0000 1.0000 0.0000 0.0000 
0.9712 0.0000 0.0000 0.0288 
0.4633 0.1757 0.1054 0.2556 
0.4792 0.0288 0.0064 0.4856 
0.3419 0.0927 0.0096 0.5559 
0.3131 0.1118 0.0128 0.5623 
0.2907 0.2492 0.2492 0.2109 
0.2843 0.2364 0.2364 0.2428 
0.2045 0.3003 0.2364 0.2588 

MOTIF filter12 
letter-probability matrix: alength= 4 w= 15 nsites= 15 
0.2755 0.1680 0.3196 0.2369 
0.6061 0.0634 0.1350 0.1956 
0.1708 0.3196 0.4738 0.0358 
0.0000 0.0000 0.0000 1.0000 
0.0220 0.9780 0.0000 0.0000 
1.0000 0.0000 0.0000 0.0000 
0.0000 0.0000 0.9862 0.0138 
0.0000 1.0000 0.0000 0.0000 
1.0000 0.0000 0.0000 0.0000 
0.3829 0.1653 0.1625 0.2893 
0.3774 0.0799 0.0138 0.5289 
0.3884 0.0551 0.0000 0.5565 
0.3306 0.1212 0.0358 0.5124 
0.2672 0.1956 0.2562 0.2810 
0.2645 0.2782 0.2204 0.2369 

MOTIF filter13 
letter-probability matrix: alength= 4 w= 19 nsites= 19 
0.1710 0.3279 0.2348 0.2662 
0.1991 0.3420 0.2348 0.2240 
0.2576 0.3604 0.1537 0.2284 
0.1299 0.1829 0.0249 0.6623 
0.0227 0.0909 0.6439 0.2424 
0.3160 0.5390 0.0455 0.0996 
0.0065 0.9827 0.0097 0.0011 
0.0011 0.9892 0.0000 0.0097 
0.7002 0.0855 0.0216 0.1926 
0.0173 0.0238 0.0227 0.9361 
0.9210 0.0325 0.0368 0.0097 
0.0314 0.0065 0.0335 0.9286 
0.9113 0.0097 0.0714 0.0076 
0.1342 0.0433 0.0693 0.7532 
0.0162 0.0227 0.9470 0.0141 
0.0411 0.0465 0.8994 0.0130 
0.1364 0.0368 0.3874 0.4394 
0.2338 0.5833 0.1450 0.0379 
0.6461 0.0444 0.1234 0.1861 

MOTIF filter14 
letter-probability matrix: alength= 4 w= 12 nsites= 12 
0.2291 0.2642 0.2715 0.2352 
0.4618 0.1745 0.2594 0.1042 
0.2327 0.3503 0.3370 0.0800 
0.0000 1.0000 0.0000 0.0000 
1.0000 0.0000 0.0000 0.0000 
0.0000 0.9976 0.0000 0.0024 
0.0036 0.0000 0.9964 0.0000 
0.0012 0.0048 0.0000 0.9939 
0.0000 0.0000 1.0000 0.0000 
0.0812 0.3224 0.3430 0.2533 
0.1552 0.2400 0.1442 0.4606 
0.2473 0.2558 0.2424 0.2545 

MOTIF filter15 
letter-probability matrix: alength= 4 w= 13 nsites= 13 
0.2591 0.2530 0.2461 0.2418 
0.3870 0.1985 0.3381 0.0764 
0.0495 0.0469 0.0610 0.8426 
0.0264 0.0371 0.2051 0.7314 
0.3091 0.0273 0.4714 0.1923 
0.1034 0.5935 0.0888 0.2143 
0.2280 0.0932 0.5816 0.0972 
0.1922 0.4899 0.0247 0.2933 
0.7188 0.1985 0.0355 0.0472 
0.8371 0.0632 0.0625 0.0372 
0.0861 0.3098 0.1993 0.4048 
0.2456 0.2585 0.2458 0.2502 
0.2520 0.2348 0.2516 0.2615 

MOTIF filter16 
letter-probability matrix: alength= 4 w= 15 nsites= 15 
0.4278 0.2242 0.1598 0.1881 
0.0825 0.3351 0.1237 0.4588 
0.0747 0.2990 0.3995 0.2268 
0.4562 0.0979 0.4459 0.0000 
0.5670 0.0052 0.3531 0.0747 
0.0000 1.0000 0.0000 0.0000 
0.0000 0.9974 0.0026 0.0000 
1.0000 0.0000 0.0000 0.0000 
0.9820 0.0000 0.0103 0.0077 
0.0000 0.0000 0.0026 0.9974 
0.0155 0.7500 0.2345 0.0000 
0.8814 0.0077 0.1031 0.0077 
0.1031 0.1160 0.7552 0.0258 
0.2552 0.2320 0.2861 0.2268 
0.2784 0.2062 0.2990 0.2165 

MOTIF filter17 
letter-probability matrix: alength= 4 w= 14 nsites= 14 
0.4482 0.0913 0.1540 0.3064 
0.4914 0.0962 0.1019 0.3105 
0.1687 0.1907 0.1850 0.4556 
0.0024 0.0310 0.0008 0.9658 
0.0310 0.5452 0.4238 0.0000 
0.4833 0.5167 0.0000 0.0000 
0.0024 0.0000 0.7139 0.2836 
0.0000 0.6536 0.3105 0.0359 
0.9845 0.0000 0.0147 0.0008 
0.5012 0.1907 0.1524 0.1557 
0.3040 0.0342 0.0196 0.6422 
0.4116 0.1760 0.0342 0.3782 
0.2861 0.1695 0.0986 0.4458 
0.1915 0.1826 0.3651 0.2608 

MOTIF filter18 
letter-probability matrix: alength= 4 w= 10 nsites= 10 
0.2254 0.3031 0.3061 0.1654 
0.0000 1.0000 0.0000 0.0000 
1.0000 0.0000 0.0000 0.0000 
0.0000 0.9980 0.0000 0.0020 
0.0000 0.0000 1.0000 0.0000 
0.0000 0.0000 0.0000 1.0000 
0.0000 0.0000 1.0000 0.0000 
0.1654 0.2894 0.3120 0.2333 
0.1762 0.2411 0.1722 0.4104 
0.2313 0.2569 0.2500 0.2618 

MOTIF filter19 
letter-probability matrix: alength= 4 w= 15 nsites= 15 
0.2417 0.2586 0.2456 0.2541 
0.2607 0.2325 0.2471 0.2596 
0.2093 0.2397 0.1977 0.3534 
0.0690 0.1016 0.0492 0.7801 
0.0333 0.0533 0.1363 0.7771 
0.2296 0.6374 0.0601 0.0729 
0.0994 0.5564 0.0188 0.3254 
0.2503 0.2383 0.2653 0.2461 
0.3112 0.0214 0.5785 0.0889 
0.0700 0.0632 0.6510 0.2158 
0.7550 0.1339 0.0679 0.0432 
0.8131 0.0676 0.0885 0.0308 
0.3466 0.1925 0.2358 0.2251 
0.2486 0.2536 0.2463 0.2516 
0.2571 0.2466 0.2607 0.2356 

MOTIF filter20 
letter-probability matrix: alength= 4 w= 14 nsites= 14 
0.1751 0.2182 0.3381 0.2686 
0.0144 0.4508 0.2374 0.2974 
0.0863 0.5612 0.1655 0.1871 
0.6763 0.0144 0.2662 0.0432 
0.0000 0.9065 0.0000 0.0935 
0.0000 0.0000 0.0000 1.0000 
0.0000 0.0000 0.0000 1.0000 
0.0000 1.0000 0.0000 0.0000 
0.0000 1.0000 0.0000 0.0000 
0.0000 0.0000 0.9568 0.0432 
0.0000 0.1942 0.7698 0.0360 
0.2278 0.2158 0.2446 0.3118 
0.1655 0.2590 0.2734 0.3022 
0.2470 0.2374 0.2326 0.2830 

MOTIF filter21 
letter-probability matrix: alength= 4 w= 11 nsites= 11 
0.2507 0.2540 0.2322 0.2630 
0.2659 0.2352 0.2415 0.2574 
0.2636 0.2336 0.2266 0.2762 
0.6029 0.0000 0.0000 0.3971 
0.0000 0.0000 0.0000 1.0000 
0.0000 0.1979 0.0000 0.8021 
0.7199 0.0000 0.2801 0.0000 
1.0000 0.0000 0.0000 0.0000 
0.3650 0.0000 0.0000 0.6350 
0.2445 0.2405 0.2425 0.2725 
0.2422 0.2491 0.2501 0.2587 

MOTIF filter22 
letter-probability matrix: alength= 4 w= 15 nsites= 15 
0.2430 0.2353 0.2477 0.2740 
0.1409 0.1811 0.4334 0.2446 
0.0046 0.6625 0.2941 0.0387 
0.0077 0.9752 0.0170 0.0000 
0.3235 0.0015 0.6749 0.0000 
0.0000 0.4350 0.5619 0.0031 
0.5480 0.0000 0.0000 0.4520 
0.5573 0.0000 0.0000 0.4427 
0.0139 0.5155 0.4706 0.0000 
0.0015 0.6889 0.0000 0.3096 
0.0820 0.0108 0.8576 0.0495 
0.1084 0.2446 0.6471 0.0000 
0.1455 0.3514 0.2895 0.2136 
0.2059 0.3096 0.2848 0.1997 
0.2554 0.2771 0.1935 0.2740 

MOTIF filter23 
letter-probability matrix: alength= 4 w= 16 nsites= 16 
0.2331 0.2515 0.2393 0.2761 
0.1871 0.3313 0.2607 0.2209 
0.2025 0.2485 0.2546 0.2945 
0.0828 0.0276 0.7086 0.1810 
0.1196 0.6994 0.1196 0.0613 
0.2669 0.3865 0.2147 0.1319 
0.0706 0.0000 0.8282 0.1012 
0.0000 1.0000 0.0000 0.0000 
0.0000 1.0000 0.0000 0.0000 
1.0000 0.0000 0.0000 0.0000 
0.0000 0.0000 0.0000 1.0000 
0.0061 0.5092 0.1687 0.3160 
0.0000 0.0368 0.0000 0.9632 
0.0000 0.0092 0.0000 0.9908 
0.0798 0.1043 0.6902 0.1258 
0.3006 0.2209 0.2178 0.2607 

MOTIF filter24 
letter-probability matrix: alength= 4 w= 14 nsites= 14 
0.2519 0.2951 0.2293 0.2237 
0.2650 0.2575 0.2256 0.2519 
0.2368 0.2575 0.2368 0.2688 
0.0489 0.6617 0.1504 0.1391 
0.0000 0.1898 0.0244 0.7857 
0.0000 0.2857 0.6523 0.0620 
1.0000 0.0000 0.0000 0.0000 
0.0000 0.0019 0.0000 0.9981 
0.0000 0.0000 0.0000 1.0000 
0.0000 0.0000 1.0000 0.0000 
0.0000 0.0000 1.0000 0.0000 
0.0714 0.4079 0.0019 0.5188 
0.0188 0.4248 0.1617 0.3947 
0.2030 0.3853 0.3120 0.0996 

MOTIF filter25 
letter-probability matrix: alength= 4 w= 18 nsites= 18 
0.2171 0.2324 0.2844 0.2661 
0.2538 0.2875 0.2446 0.2141 
0.3058 0.2202 0.2294 0.2446 
0.1437 0.7095 0.1254 0.0214 
1.0000 0.0000 0.0000 0.0000 
0.9633 0.0031 0.0336 0.0000 
0.4679 0.0428 0.4587 0.0306 
1.0000 0.0000 0.0000 0.0000 
0.0000 0.0000 0.0000 1.0000 
0.0000 0.0000 1.0000 0.0000 
0.0000 0.0000 1.0000 0.0000 
0.0459 0.8502 0.0000 0.1040 
0.1193 0.1560 0.4281 0.2966 
0.0520 0.1040 0.7829 0.0612 
0.1376 0.7584 0.0214 0.0826 
0.2691 0.2446 0.1988 0.2875 
0.2691 0.2080 0.2875 0.2355 
0.2691 0.2355 0.2783 0.2171 

MOTIF filter26 
letter-probability matrix: alength= 4 w= 14 nsites= 14 
0.2197 0.3400 0.2063 0.2340 
0.4183 0.1294 0.2588 0.1934 
0.1223 0.4866 0.1385 0.2526 
0.0989 0.1127 0.1189 0.6695 
0.0850 0.1614 0.0907 0.6628 
0.0186 0.8868 0.0946 0.0000 
0.0544 0.9384 0.0010 0.0062 
0.0000 0.0000 0.9241 0.0759 
0.0000 0.0979 0.8820 0.0201 
0.6141 0.0840 0.2015 0.1003 
0.7087 0.1008 0.1079 0.0826 
0.2617 0.1351 0.4618 0.1414 
0.1963 0.2660 0.1590 0.3787 
0.2068 0.2216 0.4155 0.1562 

MOTIF filter27 
letter-probability matrix: alength= 4 w= 16 nsites= 16 
0.2266 0.2461 0.2488 0.2786 
0.2238 0.2228 0.2275 0.3259 
0.1866 0.2405 0.1681 0.4048 
0.0084 0.0149 0.0325 0.9443 
0.0139 0.0046 0.0130 0.9684 
0.0269 0.6862 0.0111 0.2758 
0.0214 0.8672 0.0074 0.1040 
0.1430 0.2618 0.1504 0.4448 
0.3055 0.0065 0.6416 0.0464 
0.0074 0.0037 0.9619 0.0269 
0.7493 0.0167 0.2266 0.0074 
0.9944 0.0037 0.0009 0.0009 
0.7539 0.0845 0.0975 0.0641 
0.2990 0.1820 0.2256 0.2934 
0.3435 0.2293 0.2006 0.2266 
0.2293 0.2702 0.2544 0.2461 

MOTIF filter28 
letter-probability matrix: alength= 4 w= 14 nsites= 14 
0.2760 0.2014 0.2285 0.2941 
0.2873 0.2149 0.2851 0.2127 
0.2534 0.2941 0.2353 0.2172 
0.0249 0.7783 0.1968 0.0000 
0.0656 0.9344 0.0000 0.0000 
0.0000 0.0000 1.0000 0.0000 
0.0000 0.0000 1.0000 0.0000 
1.0000 0.0000 0.0000 0.0000 
1.0000 0.0000 0.0000 0.0000 
0.0837 0.0045 0.9118 0.0000 
0.0339 0.2624 0.0249 0.6787 
0.2127 0.1312 0.5928 0.0633 
0.2624 0.2828 0.4163 0.0385 
0.2398 0.3439 0.2443 0.1719 

MOTIF filter29 
letter-probability matrix: alength= 4 w= 14 nsites= 14 
0.2427 0.2517 0.2733 0.2323 
0.2220 0.1647 0.2847 0.3286 
0.1488 0.5872 0.0507 0.2133 
0.0302 0.1884 0.0703 0.7112 
0.8236 0.0608 0.0706 0.0451 
0.3264 0.0366 0.0722 0.5647 
0.4616 0.0583 0.0334 0.4467 
0.4427 0.0374 0.0455 0.4744 
0.5777 0.0548 0.0363 0.3312 
0.0521 0.0655 0.0858 0.7965 
0.6887 0.0610 0.1927 0.0576 
0.2198 0.0601 0.5876 0.1325 
0.3172 0.2900 0.1797 0.2131 
0.2291 0.2772 0.2517 0.2419 

MOTIF filter30 
letter-probability matrix: alength= 4 w= 16 nsites= 16 
0.1257 0.1243 0.1186 0.6314 
0.0964 0.1450 0.5457 0.2129 
0.4007 0.2629 0.2257 0.1107 
0.0350 0.9021 0.0243 0.0386 
0.0136 0.9336 0.0214 0.0314 
0.8643 0.0029 0.0129 0.1200 
0.0636 0.1729 0.0107 0.7529 
0.8286 0.0193 0.1521 0.0000 
0.0029 0.0179 0.0086 0.9707 
0.7821 0.0593 0.0857 0.0729 
0.2050 0.0643 0.0243 0.7064 
0.0371 0.1200 0.7264 0.1164 
0.0314 0.0093 0.9486 0.0107 
0.1179 0.0850 0.4064 0.3907 
0.2586 0.5921 0.1071 0.0421 
0.6471 0.0886 0.0821 0.1821 

MOTIF filter31 
letter-probability matrix: alength= 4 w= 15 nsites= 15 
0.0966 0.3534 0.1500 0.4000 
0.1172 0.3534 0.3052 0.2241 
0.3569 0.1931 0.4224 0.0276 
0.4845 0.0414 0.4276 0.0466 
0.0000 0.9983 0.0017 0.0000 
0.0000 0.8241 0.0000 0.1759 
0.8310 0.0086 0.1603 0.0000 
1.0000 0.0000 0.0000 0.0000 
0.0000 0.0000 0.0000 1.0000 
0.0431 0.5828 0.1431 0.2310 
0.5983 0.0017 0.4000 0.0000 
0.0328 0.0362 0.9293 0.0017 
0.1603 0.3172 0.1879 0.3345 
0.1983 0.2293 0.2466 0.3259 
0.2190 0.3276 0.2431 0.2103 

