MEME version 4

ALPHABET= ACGT

Background letter frequencies:
A 0.2500 C 0.2500 G 0.2500 T 0.2500 

MOTIF filter0 
letter-probability matrix: alength= 4 w= 11 nsites= 11 
0.4090 0.2195 0.1671 0.2045 
0.0623 0.3516 0.0973 0.4888 
0.0324 0.3342 0.4239 0.2095 
0.4339 0.0773 0.4888 0.0000 
0.5012 0.0000 0.4613 0.0374 
0.0000 1.0000 0.0000 0.0000 
0.0000 1.0000 0.0000 0.0000 
1.0000 0.0000 0.0000 0.0000 
1.0000 0.0000 0.0000 0.0000 
0.0000 0.0000 0.0000 1.0000 
0.0224 0.7731 0.2045 0.0000 

MOTIF filter1 
letter-probability matrix: alength= 4 w= 14 nsites= 14 
0.2193 0.2930 0.2401 0.2476 
0.2533 0.2590 0.3289 0.1588 
0.2930 0.1966 0.3365 0.1739 
0.0038 0.9490 0.0473 0.0000 
0.0000 0.4140 0.0000 0.5860 
0.2722 0.1588 0.5444 0.0246 
1.0000 0.0000 0.0000 0.0000 
0.0000 0.0000 0.0000 1.0000 
0.0000 0.1588 0.0208 0.8204 
0.1474 0.0000 0.8526 0.0000 
0.0019 0.0095 0.9887 0.0000 
0.0567 0.3875 0.0624 0.4934 
0.0510 0.3875 0.1626 0.3989 
0.2023 0.4102 0.2873 0.1002 

MOTIF filter2 
letter-probability matrix: alength= 4 w= 20 nsites= 20 
0.2542 0.2475 0.2542 0.2441 
0.3631 0.1661 0.2239 0.2468 
0.3961 0.3040 0.0672 0.2327 
0.5440 0.1096 0.0175 0.3289 
0.2872 0.2549 0.1352 0.3228 
0.3934 0.2912 0.3147 0.0007 
0.2078 0.0948 0.3356 0.3618 
0.0229 0.7559 0.0336 0.1876 
0.0067 0.2091 0.1298 0.6543 
0.0699 0.0841 0.8352 0.0108 
0.5037 0.1358 0.2011 0.1594 
0.1184 0.0599 0.0202 0.8016 
0.1002 0.1419 0.1681 0.5898 
0.1318 0.1520 0.3033 0.4129 
0.1338 0.0504 0.4465 0.3692 
0.1762 0.4324 0.2098 0.1816 
0.0121 0.1332 0.6779 0.1769 
0.4486 0.3652 0.1728 0.0134 
0.0881 0.4963 0.1863 0.2293 
0.2569 0.3053 0.0182 0.4196 

MOTIF filter3 
letter-probability matrix: alength= 4 w= 13 nsites= 13 
0.2079 0.1705 0.1068 0.5149 
0.1119 0.1477 0.5088 0.2316 
0.3285 0.3319 0.1743 0.1653 
0.0331 0.8532 0.0534 0.0603 
0.0133 0.8390 0.0646 0.0831 
0.6259 0.0310 0.0779 0.2652 
0.1141 0.0534 0.0357 0.7968 
0.8765 0.0396 0.0499 0.0340 
0.0164 0.0637 0.0375 0.8825 
0.8300 0.0366 0.0426 0.0908 
0.2432 0.0482 0.0271 0.6814 
0.0861 0.0667 0.8313 0.0159 
0.0362 0.0594 0.8437 0.0607 

MOTIF filter4 
letter-probability matrix: alength= 4 w= 18 nsites= 18 
0.2664 0.2664 0.2215 0.2457 
0.2491 0.2837 0.2872 0.1799 
0.2111 0.2664 0.2664 0.2561 
0.1107 0.0173 0.7128 0.1592 
0.0692 0.6851 0.1315 0.1142 
0.3080 0.3495 0.2561 0.0865 
0.0450 0.0000 0.8824 0.0727 
0.0000 1.0000 0.0000 0.0000 
0.0000 1.0000 0.0000 0.0000 
1.0000 0.0000 0.0000 0.0000 
0.0000 0.0000 0.0000 1.0000 
0.0138 0.4775 0.1557 0.3529 
0.0000 0.0035 0.0000 0.9965 
0.0000 0.0000 0.0000 1.0000 
0.0623 0.1073 0.7128 0.1176 
0.2941 0.2561 0.1903 0.2595 
0.1972 0.2734 0.2803 0.2491 
0.2215 0.2872 0.2249 0.2664 

MOTIF filter5 
letter-probability matrix: alength= 4 w= 20 nsites= 20 
0.0000 0.0000 1.0000 0.0000 
0.0000 0.0000 1.0000 0.0000 
1.0000 0.0000 0.0000 0.0000 
0.0000 0.0000 1.0000 0.0000 
0.0000 0.0000 1.0000 0.0000 
0.0000 0.0000 1.0000 0.0000 
0.0000 0.0000 1.0000 0.0000 
1.0000 0.0000 0.0000 0.0000 
0.0000 0.0000 1.0000 0.0000 
0.0000 1.0000 0.0000 0.0000 
0.0000 0.0000 1.0000 0.0000 
0.0000 0.0000 1.0000 0.0000 
0.0000 1.0000 0.0000 0.0000 
0.0000 0.0000 1.0000 0.0000 
0.0000 0.0000 1.0000 0.0000 
0.0000 0.0000 0.0000 1.0000 
0.0000 1.0000 0.0000 0.0000 
1.0000 0.0000 0.0000 0.0000 
0.0000 0.0000 1.0000 0.0000 
0.0000 0.0000 0.0000 1.0000 

MOTIF filter6 
letter-probability matrix: alength= 4 w= 16 nsites= 16 
0.2606 0.2627 0.2172 0.2595 
0.2585 0.2436 0.2309 0.2669 
0.2299 0.2203 0.1578 0.3919 
0.0254 0.1006 0.0890 0.7850 
0.0000 0.0021 0.0000 0.9979 
0.0000 0.4841 0.0064 0.5095 
0.0456 0.9481 0.0000 0.0064 
0.0816 0.4746 0.0000 0.4439 
0.4301 0.0011 0.4958 0.0731 
0.0000 0.0000 0.9725 0.0275 
0.4958 0.0106 0.4841 0.0095 
0.9989 0.0000 0.0000 0.0011 
0.8093 0.0667 0.0837 0.0403 
0.4153 0.1504 0.2288 0.2055 
0.2754 0.2627 0.2119 0.2500 
0.2405 0.2511 0.2797 0.2288 

MOTIF filter7 
letter-probability matrix: alength= 4 w= 13 nsites= 13 
0.2850 0.1836 0.2995 0.2319 
0.5894 0.0725 0.1329 0.2053 
0.1812 0.3043 0.4686 0.0459 
0.0000 0.0000 0.0000 1.0000 
0.0145 0.9855 0.0000 0.0000 
1.0000 0.0000 0.0000 0.0000 
0.0000 0.0000 0.9710 0.0290 
0.0000 1.0000 0.0000 0.0000 
0.9903 0.0000 0.0000 0.0097 
0.4275 0.1691 0.1425 0.2609 
0.4324 0.0483 0.0097 0.5097 
0.3865 0.0797 0.0097 0.5242 
0.3213 0.1208 0.0362 0.5217 

MOTIF filter8 
letter-probability matrix: alength= 4 w= 15 nsites= 15 
0.2675 0.2120 0.2193 0.3012 
0.2747 0.2145 0.2867 0.2241 
0.2386 0.2867 0.2723 0.2024 
0.0217 0.8169 0.1614 0.0000 
0.0578 0.9422 0.0000 0.0000 
0.0000 0.0000 1.0000 0.0000 
0.0000 0.0000 1.0000 0.0000 
1.0000 0.0000 0.0000 0.0000 
1.0000 0.0000 0.0000 0.0000 
0.0699 0.0096 0.9205 0.0000 
0.0361 0.3012 0.0193 0.6434 
0.1904 0.1084 0.6458 0.0554 
0.2386 0.2651 0.4651 0.0313 
0.2193 0.3566 0.2578 0.1663 
0.2169 0.2867 0.2482 0.2482 

MOTIF filter9 
letter-probability matrix: alength= 4 w= 17 nsites= 17 
0.1845 0.1486 0.0890 0.5778 
0.0903 0.1172 0.5567 0.2357 
0.3639 0.3664 0.1153 0.1544 
0.0199 0.8969 0.0474 0.0359 
0.0352 0.8648 0.0474 0.0525 
0.6938 0.0602 0.0397 0.2063 
0.1006 0.0154 0.0096 0.8744 
0.9161 0.0301 0.0384 0.0154 
0.0006 0.0237 0.0493 0.9263 
0.8873 0.0327 0.0013 0.0788 
0.2217 0.0410 0.0288 0.7085 
0.0314 0.0570 0.8700 0.0416 
0.0282 0.0391 0.9097 0.0231 
0.1352 0.0929 0.3805 0.3914 
0.2498 0.5868 0.1121 0.0512 
0.6272 0.0461 0.0935 0.2332 
0.2409 0.2806 0.2377 0.2409 

MOTIF filter10 
letter-probability matrix: alength= 4 w= 14 nsites= 14 
0.2527 0.2585 0.2494 0.2394 
0.2577 0.2594 0.2477 0.2352 
0.1351 0.0867 0.3269 0.4512 
0.0642 0.7923 0.0092 0.1343 
0.0017 0.0142 0.0067 0.9775 
0.9800 0.0042 0.0075 0.0083 
0.2936 0.0100 0.0117 0.6847 
0.4445 0.0100 0.0050 0.5405 
0.5438 0.0008 0.0058 0.4495 
0.6706 0.0117 0.0000 0.3178 
0.0133 0.0025 0.0000 0.9842 
0.9641 0.0042 0.0167 0.0150 
0.1334 0.0075 0.8007 0.0584 
0.4429 0.3561 0.0601 0.1410 

MOTIF filter11 
letter-probability matrix: alength= 4 w= 12 nsites= 12 
0.1070 0.4593 0.1477 0.2859 
0.1382 0.1043 0.1328 0.6247 
0.1098 0.2154 0.1152 0.5596 
0.0054 0.9377 0.0569 0.0000 
0.0122 0.9878 0.0000 0.0000 
0.0000 0.0000 0.9946 0.0054 
0.0000 0.0434 0.9526 0.0041 
0.8022 0.0298 0.1084 0.0596 
0.8550 0.0528 0.0434 0.0488 
0.2358 0.1016 0.6016 0.0610 
0.1098 0.3306 0.1057 0.4539 
0.1938 0.1707 0.5095 0.1260 

MOTIF filter12 
letter-probability matrix: alength= 4 w= 15 nsites= 15 
0.2597 0.2427 0.2549 0.2427 
0.2354 0.2840 0.2233 0.2573 
0.4830 0.0340 0.1286 0.3544 
0.6286 0.0194 0.0437 0.3083 
0.4587 0.0000 0.0364 0.5049 
0.2791 0.1772 0.1699 0.3738 
0.0073 0.0000 0.0000 0.9927 
0.0000 0.0000 1.0000 0.0000 
0.0461 0.9539 0.0000 0.0000 
0.0000 0.0000 0.0000 1.0000 
0.0000 0.0000 0.9927 0.0073 
1.0000 0.0000 0.0000 0.0000 
0.0437 0.4830 0.3180 0.1553 
0.2112 0.1408 0.0558 0.5922 
0.1796 0.3568 0.1286 0.3350 

MOTIF filter13 
letter-probability matrix: alength= 4 w= 12 nsites= 12 
0.2332 0.2441 0.2883 0.2344 
0.2107 0.1636 0.2868 0.3389 
0.1447 0.5961 0.0565 0.2026 
0.0375 0.2144 0.0681 0.6800 
0.8390 0.0829 0.0387 0.0394 
0.3215 0.0198 0.0797 0.5790 
0.4733 0.0587 0.0378 0.4302 
0.4310 0.0520 0.0365 0.4805 
0.6033 0.0316 0.0445 0.3207 
0.0343 0.0712 0.1136 0.7810 
0.6890 0.0761 0.2180 0.0169 
0.2063 0.0767 0.6003 0.1168 

MOTIF filter14 
letter-probability matrix: alength= 4 w= 17 nsites= 17 
0.3452 0.3809 0.0178 0.2560 
0.2993 0.3197 0.3733 0.0076 
0.2019 0.4523 0.1458 0.1999 
0.5283 0.0750 0.3748 0.0219 
0.2402 0.3085 0.4125 0.0388 
0.0576 0.6451 0.1300 0.1673 
0.3080 0.1474 0.4457 0.0989 
0.2489 0.2081 0.1290 0.4141 
0.1632 0.0811 0.5655 0.1902 
0.0337 0.3157 0.5910 0.0597 
0.1775 0.5217 0.0347 0.2662 
0.2024 0.2529 0.4151 0.1295 
0.0041 0.8740 0.0658 0.0561 
0.0469 0.2045 0.7323 0.0163 
0.0535 0.5105 0.2942 0.1418 
0.3855 0.4987 0.0576 0.0581 
0.4197 0.1260 0.2045 0.2499 

MOTIF filter15 
letter-probability matrix: alength= 4 w= 18 nsites= 18 
0.2733 0.2200 0.2467 0.2600 
0.2333 0.2933 0.2733 0.2000 
0.2367 0.2933 0.2233 0.2467 
0.1733 0.7033 0.0600 0.0633 
0.9933 0.0000 0.0067 0.0000 
0.9900 0.0000 0.0100 0.0000 
0.3900 0.1033 0.4967 0.0100 
1.0000 0.0000 0.0000 0.0000 
0.0000 0.0000 0.0000 1.0000 
0.0000 0.0000 1.0000 0.0000 
0.0000 0.0000 1.0000 0.0000 
0.0633 0.8467 0.0000 0.0900 
0.0933 0.2033 0.4600 0.2433 
0.0633 0.0867 0.8033 0.0467 
0.1267 0.7833 0.0133 0.0767 
0.2933 0.1933 0.2133 0.3000 
0.1900 0.2567 0.3067 0.2467 
0.2533 0.2367 0.3033 0.2067 

MOTIF filter16 
letter-probability matrix: alength= 4 w= 15 nsites= 15 
0.2696 0.2770 0.2475 0.2059 
0.2561 0.2672 0.2414 0.2353 
0.1213 0.2145 0.4130 0.2512 
0.0000 0.6250 0.1287 0.2463 
0.0392 0.6789 0.0000 0.2819 
0.0012 0.9939 0.0025 0.0025 
0.0037 0.9914 0.0025 0.0025 
0.1532 0.0012 0.5147 0.3309 
0.0061 0.9877 0.0012 0.0049 
0.0037 0.9951 0.0012 0.0000 
0.0012 0.7096 0.0000 0.2892 
0.1507 0.6605 0.0012 0.1875 
0.0993 0.5025 0.1078 0.2904 
0.2353 0.2708 0.2574 0.2365 
0.2635 0.2475 0.2390 0.2500 

MOTIF filter17 
letter-probability matrix: alength= 4 w= 13 nsites= 13 
0.2852 0.2685 0.2500 0.1963 
0.2701 0.2685 0.2248 0.2366 
0.0906 0.2131 0.4564 0.2399 
0.0000 0.6997 0.0671 0.2332 
0.0017 0.7550 0.0000 0.2433 
0.0000 1.0000 0.0000 0.0000 
0.0000 1.0000 0.0000 0.0000 
0.1426 0.0017 0.5436 0.3121 
0.0000 1.0000 0.0000 0.0000 
0.0000 1.0000 0.0000 0.0000 
0.0017 0.7534 0.0000 0.2450 
0.1225 0.7148 0.0000 0.1628 
0.0470 0.5487 0.1107 0.2936 

MOTIF filter18 
letter-probability matrix: alength= 4 w= 13 nsites= 13 
0.2542 0.2411 0.2414 0.2633 
0.2489 0.2334 0.2805 0.2372 
0.3387 0.2344 0.3209 0.1061 
0.0653 0.0888 0.0790 0.7668 
0.0593 0.0485 0.7393 0.1529 
0.7422 0.0792 0.1051 0.0735 
0.0906 0.4182 0.4217 0.0695 
0.0758 0.0813 0.0991 0.7439 
0.1358 0.7113 0.0663 0.0867 
0.7792 0.0714 0.0840 0.0654 
0.0981 0.3242 0.2506 0.3271 
0.2336 0.2895 0.2268 0.2501 
0.2522 0.2312 0.2613 0.2553 

MOTIF filter19 
letter-probability matrix: alength= 4 w= 12 nsites= 12 
0.2515 0.2635 0.2256 0.2594 
0.2591 0.2449 0.2376 0.2585 
0.2629 0.2461 0.2259 0.2651 
0.6085 0.0000 0.0000 0.3915 
0.0000 0.0000 0.0000 1.0000 
0.0000 0.2234 0.0000 0.7766 
0.7229 0.0000 0.2771 0.0000 
1.0000 0.0000 0.0000 0.0000 
0.3810 0.0000 0.0000 0.6190 
0.2512 0.2455 0.2408 0.2626 
0.2531 0.2379 0.2506 0.2585 
0.2594 0.2382 0.2515 0.2509 

MOTIF filter20 
letter-probability matrix: alength= 4 w= 12 nsites= 12 
0.2362 0.2565 0.2657 0.2417 
0.2380 0.2740 0.2426 0.2454 
0.5018 0.1245 0.3496 0.0240 
0.0037 0.0028 0.0018 0.9917 
0.0037 0.0009 0.0452 0.9502 
0.2924 0.0083 0.6218 0.0775 
0.0166 0.8819 0.0055 0.0959 
0.1015 0.0138 0.8672 0.0175 
0.0812 0.6642 0.0028 0.2518 
0.9354 0.0535 0.0037 0.0074 
0.9972 0.0009 0.0018 0.0000 
0.0175 0.3681 0.1255 0.4889 

MOTIF filter21 
letter-probability matrix: alength= 4 w= 14 nsites= 14 
0.2384 0.2649 0.2657 0.2310 
0.2719 0.2595 0.2290 0.2396 
0.4456 0.1619 0.3527 0.0398 
0.0101 0.0109 0.0218 0.9571 
0.0066 0.0148 0.1377 0.8408 
0.3117 0.0105 0.5353 0.1424 
0.0616 0.7199 0.0499 0.1686 
0.1654 0.0507 0.7292 0.0546 
0.1533 0.5751 0.0043 0.2673 
0.8502 0.1315 0.0082 0.0101 
0.9504 0.0144 0.0199 0.0152 
0.0523 0.3219 0.1740 0.4518 
0.2439 0.2739 0.2618 0.2204 
0.2439 0.2349 0.2602 0.2610 

MOTIF filter22 
letter-probability matrix: alength= 4 w= 17 nsites= 17 
0.2060 0.3075 0.1970 0.2896 
0.2537 0.2358 0.2627 0.2478 
0.1821 0.0388 0.5493 0.2299 
0.0896 0.6597 0.1701 0.0806 
0.2537 0.2657 0.2567 0.2239 
0.0567 0.0209 0.8030 0.1194 
0.0000 0.9403 0.0060 0.0537 
0.0090 0.9881 0.0030 0.0000 
1.0000 0.0000 0.0000 0.0000 
0.1791 0.0000 0.0000 0.8209 
0.1313 0.3224 0.2358 0.3104 
0.2418 0.0000 0.0000 0.7582 
0.0000 0.0000 0.0000 1.0000 
0.0269 0.0179 0.8806 0.0746 
0.1821 0.1552 0.4866 0.1761 
0.2000 0.4985 0.1522 0.1493 
0.2239 0.2597 0.3254 0.1910 

MOTIF filter23 
letter-probability matrix: alength= 4 w= 15 nsites= 15 
0.2431 0.2570 0.2433 0.2566 
0.2644 0.2349 0.2528 0.2479 
0.2140 0.2578 0.1926 0.3357 
0.0544 0.0908 0.0283 0.8265 
0.0370 0.0229 0.1452 0.7949 
0.2498 0.6678 0.0439 0.0385 
0.0843 0.5689 0.0259 0.3209 
0.2352 0.2488 0.2617 0.2543 
0.3107 0.0307 0.5821 0.0765 
0.0332 0.0580 0.6864 0.2223 
0.7990 0.1401 0.0297 0.0312 
0.8357 0.0599 0.0770 0.0273 
0.3487 0.1988 0.2328 0.2197 
0.2312 0.2573 0.2504 0.2611 
0.2509 0.2450 0.2655 0.2385 

MOTIF filter24 
letter-probability matrix: alength= 4 w= 12 nsites= 12 
0.2399 0.2308 0.2711 0.2582 
0.2381 0.2747 0.2582 0.2289 
0.2784 0.0879 0.5458 0.0879 
0.1538 0.0000 0.7125 0.1337 
0.2179 0.0000 0.7821 0.0000 
0.0000 0.0000 1.0000 0.0000 
0.0000 0.0000 1.0000 0.0000 
0.3242 0.5018 0.0000 0.1740 
0.0000 0.0000 1.0000 0.0000 
0.0000 0.0000 1.0000 0.0000 
0.2253 0.0000 0.7656 0.0092 
0.2418 0.0403 0.7179 0.0000 

MOTIF filter25 
letter-probability matrix: alength= 4 w= 16 nsites= 16 
0.2791 0.3117 0.2033 0.2060 
0.2764 0.2656 0.2114 0.2466 
0.2575 0.2304 0.2331 0.2791 
0.0108 0.7832 0.0786 0.1274 
0.0000 0.1653 0.0081 0.8266 
0.0000 0.2629 0.7100 0.0271 
1.0000 0.0000 0.0000 0.0000 
0.0000 0.0000 0.0000 1.0000 
0.0000 0.0000 0.0000 1.0000 
0.0000 0.0000 1.0000 0.0000 
0.0000 0.0000 1.0000 0.0000 
0.0542 0.3794 0.0054 0.5610 
0.0027 0.4363 0.1436 0.4173 
0.1843 0.4255 0.3171 0.0732 
0.4824 0.1328 0.3279 0.0569 
0.1301 0.1409 0.2683 0.4607 

MOTIF filter26 
letter-probability matrix: alength= 4 w= 15 nsites= 15 
0.1318 0.2935 0.3109 0.2637 
0.1393 0.6318 0.1070 0.1219 
0.5796 0.0572 0.1841 0.1791 
0.1119 0.7438 0.0697 0.0746 
0.0821 0.0647 0.0846 0.7687 
0.0274 0.2363 0.0746 0.6617 
0.0597 0.9403 0.0000 0.0000 
0.0000 0.5896 0.4104 0.0000 
0.0000 0.0000 0.9751 0.0249 
0.5945 0.0348 0.3706 0.0000 
0.6816 0.1194 0.1144 0.0846 
0.1070 0.1692 0.6020 0.1219 
0.1144 0.2164 0.0323 0.6368 
0.3582 0.0647 0.4279 0.1493 
0.3831 0.2736 0.2786 0.0647 

MOTIF filter27 
letter-probability matrix: alength= 4 w= 12 nsites= 12 
0.2537 0.2578 0.2555 0.2331 
0.3447 0.2219 0.2596 0.1737 
0.2476 0.2999 0.2715 0.1810 
0.0765 0.8264 0.0591 0.0380 
0.7861 0.0368 0.1187 0.0583 
0.0414 0.6715 0.0368 0.2503 
0.2281 0.0409 0.6841 0.0469 
0.0747 0.1240 0.0320 0.7694 
0.0520 0.0443 0.8146 0.0892 
0.1939 0.2707 0.2918 0.2436 
0.1942 0.2690 0.2068 0.3300 
0.2436 0.2498 0.2486 0.2580 

MOTIF filter28 
letter-probability matrix: alength= 4 w= 15 nsites= 15 
0.4327 0.2235 0.1748 0.1691 
0.0774 0.3639 0.1261 0.4327 
0.0888 0.3209 0.3352 0.2550 
0.4298 0.1146 0.4527 0.0029 
0.5960 0.0115 0.3467 0.0458 
0.0000 1.0000 0.0000 0.0000 
0.0000 1.0000 0.0000 0.0000 
1.0000 0.0000 0.0000 0.0000 
0.9885 0.0000 0.0115 0.0000 
0.0000 0.0000 0.0000 1.0000 
0.0229 0.7536 0.2235 0.0000 
0.9341 0.0000 0.0659 0.0000 
0.0688 0.0745 0.8539 0.0029 
0.2292 0.2579 0.2779 0.2350 
0.2865 0.1834 0.2865 0.2436 

MOTIF filter29 
letter-probability matrix: alength= 4 w= 16 nsites= 16 
0.1975 0.2469 0.2593 0.2963 
0.2315 0.3086 0.2438 0.2160 
0.3025 0.1944 0.2099 0.2932 
0.1605 0.6389 0.1543 0.0463 
1.0000 0.0000 0.0000 0.0000 
0.9691 0.0031 0.0278 0.0000 
0.4691 0.0494 0.4660 0.0154 
1.0000 0.0000 0.0000 0.0000 
0.0000 0.0000 0.0000 1.0000 
0.0000 0.0000 1.0000 0.0000 
0.0000 0.0000 1.0000 0.0000 
0.0494 0.8920 0.0000 0.0586 
0.1173 0.1605 0.4136 0.3086 
0.0864 0.0772 0.7654 0.0710 
0.1235 0.7870 0.0123 0.0772 
0.2593 0.2623 0.2222 0.2562 

MOTIF filter30 
letter-probability matrix: alength= 4 w= 18 nsites= 18 
0.3059 0.2096 0.2436 0.2408 
0.2635 0.2946 0.2351 0.2068 
0.2748 0.2408 0.2210 0.2635 
0.0992 0.0227 0.7082 0.1700 
0.1048 0.7450 0.1076 0.0425 
0.2521 0.3824 0.2720 0.0935 
0.0425 0.0000 0.7904 0.1671 
0.0000 1.0000 0.0000 0.0000 
0.0000 0.9660 0.0000 0.0340 
1.0000 0.0000 0.0000 0.0000 
0.0000 0.0028 0.0000 0.9972 
0.0000 0.4873 0.0907 0.4221 
0.0000 0.0878 0.0028 0.9093 
0.0000 0.0368 0.0000 0.9632 
0.1048 0.0935 0.6431 0.1586 
0.3541 0.1841 0.2436 0.2181 
0.1983 0.2096 0.2946 0.2975 
0.2691 0.2833 0.2408 0.2068 

MOTIF filter31 
letter-probability matrix: alength= 4 w= 14 nsites= 14 
0.1860 0.2233 0.3349 0.2558 
0.0163 0.4767 0.2326 0.2744 
0.0814 0.6093 0.1465 0.1628 
0.6535 0.0116 0.3047 0.0302 
0.0000 0.9093 0.0209 0.0698 
0.0000 0.0000 0.0000 1.0000 
0.0000 0.0000 0.0000 1.0000 
0.0000 1.0000 0.0000 0.0000 
0.0000 1.0000 0.0000 0.0000 
0.0000 0.0000 0.9465 0.0535 
0.0000 0.1860 0.7930 0.0209 
0.2256 0.2163 0.2698 0.2884 
0.2465 0.2558 0.2326 0.2651 
0.2674 0.2372 0.2326 0.2628 

