MEME version 4

ALPHABET= ACGT

Background letter frequencies:
A 0.2500 C 0.2500 G 0.2500 T 0.2500 

MOTIF filter0 
letter-probability matrix: alength= 4 w= 19 nsites= 19 
0.3013 0.2393 0.2142 0.2452 
0.0990 0.0443 0.1300 0.7267 
0.3250 0.1344 0.1300 0.4106 
0.4121 0.0871 0.2644 0.2363 
0.4668 0.0340 0.2999 0.1994 
0.4225 0.0000 0.2422 0.3353 
0.4151 0.0118 0.4210 0.1521 
0.2939 0.3205 0.2836 0.1019 
0.2821 0.2393 0.1905 0.2880 
0.1551 0.2866 0.0000 0.5583 
0.1905 0.3043 0.0000 0.5052 
0.1152 0.7400 0.1064 0.0384 
0.0000 0.8021 0.0547 0.1433 
0.0679 0.0177 0.8331 0.0812 
0.0665 0.8227 0.0059 0.1049 
0.5362 0.3589 0.1034 0.0015 
0.4387 0.3944 0.0192 0.1477 
0.1891 0.5303 0.0118 0.2688 
0.2614 0.4490 0.1728 0.1167 

MOTIF filter1 
letter-probability matrix: alength= 4 w= 12 nsites= 12 
0.2532 0.2473 0.2678 0.2317 
0.2454 0.1723 0.3651 0.2171 
0.4021 0.1947 0.3681 0.0351 
0.0000 0.0000 0.0000 1.0000 
0.0000 0.0000 0.9990 0.0010 
1.0000 0.0000 0.0000 0.0000 
0.0204 0.4898 0.4859 0.0039 
0.0000 0.0000 0.0000 1.0000 
0.0058 0.9942 0.0000 0.0000 
1.0000 0.0000 0.0000 0.0000 
0.0204 0.3418 0.2327 0.4051 
0.2171 0.3564 0.1908 0.2356 

MOTIF filter2 
letter-probability matrix: alength= 4 w= 10 nsites= 10 
0.2550 0.2724 0.2425 0.2301 
0.2861 0.2201 0.2152 0.2786 
0.2711 0.2674 0.2289 0.2326 
1.0000 0.0000 0.0000 0.0000 
0.0000 0.0000 0.0000 1.0000 
0.0000 0.4303 0.0000 0.5697 
1.0000 0.0000 0.0000 0.0000 
1.0000 0.0000 0.0000 0.0000 
0.9913 0.0000 0.0000 0.0087 
0.2711 0.2376 0.2226 0.2687 

MOTIF filter3 
letter-probability matrix: alength= 4 w= 17 nsites= 17 
0.2342 0.2334 0.2595 0.2730 
0.2174 0.2763 0.2637 0.2426 
0.2789 0.2477 0.2359 0.2376 
0.1803 0.1028 0.0674 0.6495 
0.0623 0.1053 0.6108 0.2216 
0.3875 0.3783 0.1045 0.1297 
0.0194 0.9309 0.0337 0.0160 
0.0042 0.9427 0.0270 0.0261 
0.7582 0.0160 0.0194 0.2064 
0.0640 0.0034 0.0051 0.9275 
0.9705 0.0126 0.0160 0.0008 
0.0000 0.0168 0.0067 0.9764 
0.9419 0.0118 0.0008 0.0455 
0.2030 0.0185 0.0236 0.7548 
0.0185 0.0286 0.9343 0.0185 
0.0177 0.0320 0.9351 0.0152 
0.1238 0.0885 0.3707 0.4170 

MOTIF filter4 
letter-probability matrix: alength= 4 w= 14 nsites= 14 
0.1052 0.3204 0.3560 0.2184 
0.4094 0.1392 0.4288 0.0227 
0.4757 0.1278 0.3301 0.0663 
0.0000 0.9401 0.0000 0.0599 
0.0000 0.8900 0.1100 0.0000 
1.0000 0.0000 0.0000 0.0000 
0.8867 0.0000 0.0000 0.1133 
0.0000 0.0000 0.0000 1.0000 
0.0049 0.6117 0.3835 0.0000 
0.6942 0.0000 0.3058 0.0000 
0.0744 0.1408 0.7136 0.0712 
0.1667 0.3188 0.2411 0.2735 
0.2783 0.2249 0.3188 0.1780 
0.2783 0.2330 0.2799 0.2087 

MOTIF filter5 
letter-probability matrix: alength= 4 w= 14 nsites= 14 
0.2515 0.2468 0.2474 0.2544 
0.2613 0.2651 0.2271 0.2466 
0.3911 0.1981 0.3375 0.0734 
0.0471 0.0508 0.0595 0.8427 
0.0350 0.0351 0.2105 0.7194 
0.3101 0.0305 0.4614 0.1980 
0.1115 0.5752 0.0974 0.2160 
0.2325 0.0966 0.5681 0.1027 
0.1980 0.4807 0.0240 0.2973 
0.7133 0.1983 0.0392 0.0493 
0.8450 0.0583 0.0544 0.0423 
0.0916 0.3050 0.1958 0.4076 
0.2484 0.2580 0.2453 0.2484 
0.2548 0.2338 0.2523 0.2591 

MOTIF filter6 
letter-probability matrix: alength= 4 w= 16 nsites= 16 
0.4595 0.2023 0.1561 0.1821 
0.0694 0.3671 0.1156 0.4480 
0.0665 0.3208 0.3642 0.2486 
0.4306 0.1127 0.4566 0.0000 
0.5867 0.0029 0.3671 0.0434 
0.0000 1.0000 0.0000 0.0000 
0.0000 1.0000 0.0000 0.0000 
1.0000 0.0000 0.0000 0.0000 
0.9971 0.0000 0.0029 0.0000 
0.0000 0.0000 0.0000 1.0000 
0.0347 0.7977 0.1647 0.0029 
0.8642 0.0029 0.1329 0.0000 
0.0578 0.0578 0.8844 0.0000 
0.2225 0.2832 0.2457 0.2486 
0.2601 0.1994 0.2572 0.2832 
0.2312 0.2746 0.2139 0.2803 

MOTIF filter7 
letter-probability matrix: alength= 4 w= 13 nsites= 13 
0.2550 0.2477 0.2509 0.2463 
0.2726 0.1581 0.4090 0.1602 
0.2605 0.0194 0.5073 0.2128 
0.3336 0.0432 0.5946 0.0286 
0.0295 0.0487 0.8704 0.0514 
0.0354 0.0852 0.8266 0.0528 
0.3307 0.4285 0.0080 0.2329 
0.0750 0.0505 0.8192 0.0553 
0.0603 0.0430 0.8396 0.0571 
0.3165 0.0256 0.5903 0.0676 
0.3099 0.1600 0.5105 0.0197 
0.2457 0.3549 0.2482 0.1513 
0.2436 0.2445 0.2676 0.2443 

MOTIF filter8 
letter-probability matrix: alength= 4 w= 11 nsites= 11 
0.2425 0.2714 0.2286 0.2575 
0.2475 0.2626 0.2651 0.2249 
0.2575 0.2588 0.2324 0.2513 
0.0000 0.0000 0.0000 1.0000 
0.0000 0.0000 0.0000 1.0000 
0.0000 0.0000 0.0000 1.0000 
0.5490 0.0000 0.4510 0.0000 
1.0000 0.0000 0.0000 0.0000 
0.0000 0.0000 0.0000 1.0000 
0.2261 0.2651 0.2513 0.2575 
0.2513 0.2513 0.2513 0.2462 

MOTIF filter9 
letter-probability matrix: alength= 4 w= 16 nsites= 16 
0.2422 0.2389 0.2566 0.2623 
0.2476 0.2631 0.2502 0.2391 
0.1845 0.1237 0.3043 0.3875 
0.1141 0.6377 0.0345 0.2136 
0.0175 0.0698 0.0510 0.8616 
0.8691 0.0327 0.0518 0.0464 
0.3028 0.0255 0.0665 0.6053 
0.4148 0.0325 0.0466 0.5061 
0.4628 0.0229 0.0508 0.4635 
0.5813 0.0459 0.0389 0.3339 
0.0575 0.0657 0.0683 0.8086 
0.8248 0.0273 0.0907 0.0572 
0.1891 0.0533 0.6315 0.1260 
0.4004 0.3491 0.0995 0.1510 
0.2304 0.2471 0.2783 0.2443 
0.2662 0.2494 0.2471 0.2373 

MOTIF filter10 
letter-probability matrix: alength= 4 w= 16 nsites= 16 
0.2576 0.1911 0.3047 0.2465 
0.6593 0.0360 0.1053 0.1994 
0.1884 0.3186 0.4460 0.0471 
0.0000 0.0000 0.0000 1.0000 
0.0277 0.9723 0.0000 0.0000 
1.0000 0.0000 0.0000 0.0000 
0.0000 0.0000 0.9861 0.0139 
0.0000 1.0000 0.0000 0.0000 
1.0000 0.0000 0.0000 0.0000 
0.4183 0.1690 0.1247 0.2881 
0.4211 0.0416 0.0166 0.5208 
0.3878 0.0665 0.0028 0.5429 
0.3296 0.1219 0.0111 0.5374 
0.2715 0.2271 0.2216 0.2798 
0.2659 0.2909 0.2188 0.2244 
0.2327 0.2687 0.2327 0.2659 

MOTIF filter11 
letter-probability matrix: alength= 4 w= 20 nsites= 20 
0.1429 0.0000 0.2857 0.5714 
0.5714 0.0000 0.1429 0.2857 
0.7143 0.1429 0.0000 0.1429 
0.0000 0.0000 1.0000 0.0000 
0.0000 0.1429 0.1429 0.7143 
0.0000 0.7143 0.0000 0.2857 
0.2857 0.7143 0.0000 0.0000 
0.0000 0.5714 0.4286 0.0000 
0.8571 0.0000 0.1429 0.0000 
0.0000 0.7143 0.0000 0.2857 
0.0000 0.0000 1.0000 0.0000 
0.1429 0.1429 0.5714 0.1429 
0.2857 0.4286 0.1429 0.1429 
0.2857 0.1429 0.4286 0.1429 
0.0000 1.0000 0.0000 0.0000 
0.1429 0.0000 0.5714 0.2857 
0.0000 0.4286 0.2857 0.2857 
0.0000 0.5714 0.1429 0.2857 
0.1429 0.8571 0.0000 0.0000 
0.0000 0.0000 1.0000 0.0000 

MOTIF filter12 
letter-probability matrix: alength= 4 w= 12 nsites= 12 
0.2797 0.2512 0.2122 0.2569 
0.2496 0.2715 0.2268 0.2520 
0.2374 0.2098 0.2358 0.3171 
0.7520 0.0000 0.0000 0.2480 
0.0000 0.0000 0.0000 1.0000 
0.0000 0.0407 0.0000 0.9593 
0.9821 0.0000 0.0179 0.0000 
1.0000 0.0000 0.0000 0.0000 
0.3618 0.0000 0.0000 0.6382 
0.2528 0.2236 0.2797 0.2439 
0.2187 0.2301 0.3041 0.2472 
0.2146 0.2496 0.2488 0.2870 

MOTIF filter13 
letter-probability matrix: alength= 4 w= 12 nsites= 12 
0.1472 0.4650 0.1759 0.2118 
0.6212 0.0180 0.3088 0.0521 
0.0000 0.8869 0.0126 0.1005 
0.0000 0.0000 0.0000 1.0000 
0.0000 0.0000 0.0000 1.0000 
0.0000 1.0000 0.0000 0.0000 
0.0000 1.0000 0.0000 0.0000 
0.0000 0.0000 0.9192 0.0808 
0.0000 0.1759 0.7971 0.0269 
0.2334 0.2083 0.2837 0.2747 
0.2819 0.2352 0.2352 0.2478 
0.2729 0.2585 0.2118 0.2567 

MOTIF filter14 
letter-probability matrix: alength= 4 w= 13 nsites= 13 
0.2546 0.2406 0.2360 0.2688 
0.2373 0.2337 0.2914 0.2376 
0.3311 0.2778 0.2957 0.0954 
0.0465 0.0518 0.0586 0.8431 
0.0315 0.0267 0.7337 0.2081 
0.8520 0.0456 0.0545 0.0479 
0.1166 0.3831 0.3955 0.1048 
0.0418 0.0559 0.0473 0.8550 
0.1851 0.7374 0.0366 0.0409 
0.8557 0.0472 0.0548 0.0423 
0.0961 0.3022 0.2837 0.3180 
0.2276 0.3018 0.2269 0.2437 
0.2645 0.2320 0.2520 0.2515 

MOTIF filter15 
letter-probability matrix: alength= 4 w= 15 nsites= 15 
0.2753 0.2649 0.2338 0.2260 
0.2805 0.2545 0.2390 0.2260 
0.2234 0.2597 0.2442 0.2727 
0.0208 0.8182 0.1065 0.0545 
0.0000 0.1351 0.0208 0.8442 
0.0000 0.1948 0.7792 0.0260 
0.9974 0.0000 0.0026 0.0000 
0.0000 0.0156 0.0026 0.9818 
0.0000 0.0000 0.0000 1.0000 
0.0000 0.0000 0.9974 0.0026 
0.0000 0.0026 0.9948 0.0026 
0.0571 0.3948 0.0000 0.5481 
0.0260 0.4312 0.1299 0.4130 
0.1740 0.4571 0.2779 0.0909 
0.4961 0.1429 0.2935 0.0675 

MOTIF filter16 
letter-probability matrix: alength= 4 w= 15 nsites= 15 
0.2531 0.2300 0.2579 0.2589 
0.2678 0.2327 0.2404 0.2591 
0.2158 0.2431 0.1907 0.3504 
0.0507 0.0918 0.0415 0.8160 
0.0395 0.0345 0.1190 0.8070 
0.2246 0.6486 0.0452 0.0817 
0.0983 0.5641 0.0162 0.3214 
0.2450 0.2444 0.2471 0.2635 
0.3197 0.0231 0.5719 0.0854 
0.0345 0.0409 0.7030 0.2216 
0.7751 0.1327 0.0549 0.0373 
0.8214 0.0678 0.0747 0.0361 
0.3717 0.1864 0.2294 0.2125 
0.2388 0.2517 0.2467 0.2628 
0.2541 0.2527 0.2538 0.2394 

MOTIF filter17 
letter-probability matrix: alength= 4 w= 17 nsites= 17 
0.2451 0.2840 0.2451 0.2257 
0.2427 0.2403 0.2670 0.2500 
0.1359 0.0340 0.6456 0.1845 
0.0922 0.6772 0.1262 0.1044 
0.2913 0.3228 0.2451 0.1408 
0.0777 0.0000 0.7937 0.1286 
0.0000 1.0000 0.0000 0.0000 
0.0000 1.0000 0.0000 0.0000 
1.0000 0.0000 0.0000 0.0000 
0.0000 0.0000 0.0000 1.0000 
0.0097 0.4612 0.1529 0.3762 
0.0000 0.0267 0.0000 0.9733 
0.0000 0.0121 0.0000 0.9879 
0.1019 0.0922 0.6602 0.1456 
0.2937 0.2257 0.2476 0.2330 
0.2063 0.2864 0.2549 0.2524 
0.2403 0.2718 0.2354 0.2524 

MOTIF filter18 
letter-probability matrix: alength= 4 w= 16 nsites= 16 
0.2794 0.2475 0.2574 0.2157 
0.1691 0.5490 0.1569 0.1250 
0.8039 0.0564 0.0294 0.1103 
0.7426 0.0123 0.0466 0.1985 
0.5956 0.0196 0.1348 0.2500 
0.6324 0.1152 0.0490 0.2034 
0.0025 0.0074 0.0000 0.9902 
0.0000 0.0000 1.0000 0.0000 
0.0098 0.6618 0.3235 0.0049 
0.0123 0.3701 0.0000 0.6176 
0.0025 0.0343 0.8529 0.1103 
0.4632 0.0392 0.4975 0.0000 
0.0392 0.7328 0.1691 0.0588 
0.3113 0.1667 0.1029 0.4191 
0.1593 0.2475 0.2279 0.3652 
0.3701 0.1225 0.2574 0.2500 

MOTIF filter19 
letter-probability matrix: alength= 4 w= 15 nsites= 15 
0.2530 0.2317 0.2128 0.3026 
0.2695 0.2128 0.2719 0.2459 
0.2293 0.2861 0.2577 0.2270 
0.0142 0.8369 0.1489 0.0000 
0.0402 0.9598 0.0000 0.0000 
0.0000 0.0000 1.0000 0.0000 
0.0000 0.0000 1.0000 0.0000 
1.0000 0.0000 0.0000 0.0000 
1.0000 0.0000 0.0000 0.0000 
0.0567 0.0118 0.9314 0.0000 
0.0378 0.3026 0.0189 0.6407 
0.1891 0.1158 0.6312 0.0638 
0.2671 0.2600 0.4374 0.0355 
0.2246 0.3452 0.2459 0.1844 
0.2151 0.2837 0.2624 0.2388 

MOTIF filter20 
letter-probability matrix: alength= 4 w= 12 nsites= 12 
0.2137 0.2020 0.2112 0.3731 
0.0485 0.0330 0.1326 0.7859 
0.2171 0.4358 0.1652 0.1819 
0.1330 0.5742 0.1936 0.0991 
0.2158 0.3597 0.1803 0.2442 
0.0728 0.0514 0.8557 0.0201 
0.0025 0.0159 0.9619 0.0197 
0.7558 0.0163 0.1644 0.0636 
0.7248 0.0092 0.2501 0.0159 
0.3170 0.1100 0.4199 0.1531 
0.3191 0.2200 0.3216 0.1393 
0.2551 0.1610 0.5257 0.0581 

MOTIF filter21 
letter-probability matrix: alength= 4 w= 20 nsites= 20 
0.2703 0.2533 0.2456 0.2309 
0.3243 0.0440 0.1452 0.4865 
0.5853 0.0394 0.0556 0.3197 
0.1112 0.5761 0.0216 0.2911 
0.9591 0.0015 0.0000 0.0394 
0.3398 0.1490 0.3320 0.1792 
0.5035 0.2023 0.0378 0.2564 
0.4510 0.2332 0.2687 0.0471 
0.2571 0.2656 0.4417 0.0355 
0.0680 0.0015 0.7637 0.1668 
0.3398 0.0919 0.4486 0.1197 
0.0023 0.4764 0.0000 0.5212 
0.1691 0.4077 0.1637 0.2595 
0.2564 0.2811 0.3838 0.0788 
0.2432 0.1745 0.2656 0.3166 
0.4556 0.3792 0.1529 0.0124 
0.0919 0.1931 0.1846 0.5305 
0.1274 0.0757 0.6525 0.1444 
0.2031 0.1707 0.3359 0.2903 
0.3042 0.2988 0.3097 0.0873 

MOTIF filter22 
letter-probability matrix: alength= 4 w= 11 nsites= 11 
0.3104 0.2344 0.2174 0.2378 
0.2174 0.1864 0.2494 0.3467 
0.0000 0.0034 0.0000 0.9966 
0.0000 0.4920 0.5080 0.0000 
0.2867 0.7133 0.0000 0.0000 
0.0000 0.0000 0.5676 0.4324 
0.0000 0.4145 0.5826 0.0029 
1.0000 0.0000 0.0000 0.0000 
0.4833 0.1903 0.1104 0.2160 
0.2673 0.0920 0.1608 0.4799 
0.2552 0.2019 0.1182 0.4247 

MOTIF filter23 
letter-probability matrix: alength= 4 w= 12 nsites= 12 
0.2345 0.2351 0.2936 0.2369 
0.2209 0.1744 0.2772 0.3274 
0.1526 0.6137 0.0559 0.1778 
0.0307 0.2345 0.0553 0.6795 
0.8911 0.0475 0.0335 0.0280 
0.2957 0.0463 0.0402 0.6178 
0.5107 0.0415 0.0187 0.4290 
0.4326 0.0339 0.0242 0.5094 
0.6537 0.0319 0.0096 0.3048 
0.0396 0.0313 0.0697 0.8594 
0.7053 0.0415 0.2264 0.0268 
0.2056 0.0341 0.6549 0.1055 

MOTIF filter24 
letter-probability matrix: alength= 4 w= 11 nsites= 11 
0.2610 0.2481 0.2604 0.2306 
0.2530 0.2957 0.2682 0.1831 
0.0970 0.8050 0.0568 0.0412 
0.7822 0.0328 0.1178 0.0673 
0.0430 0.6667 0.0411 0.2492 
0.2391 0.0411 0.6860 0.0337 
0.0756 0.1409 0.0341 0.7494 
0.0512 0.0490 0.8007 0.0992 
0.1976 0.2729 0.2908 0.2387 
0.1926 0.2659 0.2042 0.3372 
0.2477 0.2503 0.2438 0.2582 

MOTIF filter25 
letter-probability matrix: alength= 4 w= 13 nsites= 13 
0.2725 0.2848 0.2367 0.2059 
0.2577 0.2663 0.2293 0.2466 
0.1171 0.2207 0.4180 0.2441 
0.0000 0.6215 0.1369 0.2417 
0.0284 0.6880 0.0012 0.2824 
0.0012 0.9951 0.0012 0.0025 
0.0012 0.9926 0.0025 0.0037 
0.1628 0.0062 0.5055 0.3255 
0.0062 0.9901 0.0012 0.0025 
0.0025 0.9963 0.0000 0.0012 
0.0012 0.7090 0.0000 0.2898 
0.1504 0.6609 0.0025 0.1862 
0.0912 0.5018 0.1134 0.2935 

MOTIF filter26 
letter-probability matrix: alength= 4 w= 15 nsites= 15 
0.2632 0.2384 0.2508 0.2477 
0.2632 0.2601 0.2167 0.2601 
0.4985 0.0031 0.1331 0.3653 
0.6718 0.0124 0.0217 0.2941 
0.4303 0.0000 0.0062 0.5635 
0.2755 0.1548 0.1393 0.4303 
0.0093 0.0000 0.0000 0.9907 
0.0000 0.0000 1.0000 0.0000 
0.0310 0.9690 0.0000 0.0000 
0.0000 0.0000 0.0000 1.0000 
0.0000 0.0000 0.9721 0.0279 
1.0000 0.0000 0.0000 0.0000 
0.0402 0.4768 0.3003 0.1827 
0.2105 0.1455 0.0681 0.5759 
0.1827 0.3653 0.1362 0.3158 

MOTIF filter27 
letter-probability matrix: alength= 4 w= 19 nsites= 19 
0.2779 0.2371 0.2452 0.2398 
0.2507 0.2725 0.2153 0.2616 
0.4605 0.0518 0.1335 0.3542 
0.5940 0.0136 0.0926 0.2997 
0.4578 0.0109 0.0490 0.4823 
0.2616 0.1771 0.1471 0.4142 
0.0300 0.0191 0.0354 0.9155 
0.0027 0.0027 0.9809 0.0136 
0.1035 0.8692 0.0272 0.0000 
0.0000 0.0000 0.0000 1.0000 
0.0000 0.0000 0.9864 0.0136 
1.0000 0.0000 0.0000 0.0000 
0.0163 0.5477 0.3351 0.1008 
0.1253 0.0681 0.0109 0.7956 
0.1308 0.5613 0.0845 0.2234 
0.6349 0.0354 0.1390 0.1907 
0.1008 0.1335 0.4714 0.2943 
0.2507 0.2725 0.2262 0.2507 
0.2480 0.2262 0.2861 0.2398 

MOTIF filter28 
letter-probability matrix: alength= 4 w= 20 nsites= 20 
0.2849 0.2403 0.2419 0.2329 
0.1775 0.1156 0.0611 0.6457 
0.0603 0.1115 0.5945 0.2337 
0.3741 0.3691 0.1065 0.1503 
0.0091 0.9521 0.0256 0.0132 
0.0041 0.9348 0.0273 0.0339 
0.7581 0.0206 0.0264 0.1949 
0.0562 0.0041 0.0099 0.9298 
0.9455 0.0132 0.0124 0.0289 
0.0132 0.0157 0.0149 0.9562 
0.9389 0.0215 0.0000 0.0396 
0.1899 0.0264 0.0132 0.7704 
0.0256 0.0322 0.9397 0.0025 
0.0116 0.0206 0.9546 0.0132 
0.1412 0.0950 0.3675 0.3964 
0.2419 0.5970 0.1073 0.0537 
0.6590 0.0512 0.0884 0.2015 
0.2362 0.2758 0.2370 0.2510 
0.2337 0.2576 0.2593 0.2494 
0.2395 0.2329 0.2618 0.2659 

MOTIF filter29 
letter-probability matrix: alength= 4 w= 17 nsites= 17 
0.2258 0.2765 0.2696 0.2281 
0.2627 0.2650 0.2051 0.2673 
0.1751 0.6175 0.1406 0.0668 
0.9977 0.0000 0.0023 0.0000 
0.9747 0.0046 0.0207 0.0000 
0.4101 0.0968 0.4700 0.0230 
1.0000 0.0000 0.0000 0.0000 
0.0000 0.0000 0.0000 1.0000 
0.0000 0.0000 1.0000 0.0000 
0.0000 0.0000 1.0000 0.0000 
0.0853 0.8180 0.0000 0.0968 
0.1359 0.2005 0.4032 0.2604 
0.1060 0.1060 0.7051 0.0829 
0.1567 0.7074 0.0346 0.1014 
0.2512 0.2350 0.2396 0.2742 
0.2281 0.2442 0.2857 0.2419 
0.2673 0.2442 0.2604 0.2281 

MOTIF filter30 
letter-probability matrix: alength= 4 w= 16 nsites= 16 
0.2798 0.3185 0.2083 0.1935 
0.2798 0.2768 0.1905 0.2530 
0.2500 0.2262 0.2470 0.2768 
0.0030 0.8185 0.0655 0.1131 
0.0000 0.1310 0.0060 0.8631 
0.0030 0.2321 0.7143 0.0506 
1.0000 0.0000 0.0000 0.0000 
0.0000 0.0000 0.0000 1.0000 
0.0000 0.0000 0.0000 1.0000 
0.0000 0.0000 1.0000 0.0000 
0.0000 0.0000 1.0000 0.0000 
0.0417 0.4018 0.0089 0.5476 
0.0030 0.4226 0.1369 0.4375 
0.1875 0.4167 0.3185 0.0774 
0.4881 0.1488 0.2946 0.0685 
0.1458 0.1399 0.2708 0.4435 

MOTIF filter31 
letter-probability matrix: alength= 4 w= 18 nsites= 18 
0.2500 0.2975 0.1899 0.2627 
0.2880 0.6044 0.0095 0.0981 
0.2468 0.1677 0.0253 0.5601 
0.3133 0.1361 0.3101 0.2405 
0.5886 0.0601 0.1234 0.2278 
0.1646 0.3006 0.5063 0.0285 
0.0000 0.0000 0.0000 1.0000 
0.0158 0.9842 0.0000 0.0000 
1.0000 0.0000 0.0000 0.0000 
0.0000 0.0000 0.9810 0.0190 
0.0032 0.9968 0.0000 0.0000 
0.9873 0.0000 0.0000 0.0127 
0.4272 0.1804 0.1582 0.2342 
0.4146 0.0601 0.0032 0.5222 
0.3892 0.0728 0.0127 0.5253 
0.3070 0.1171 0.0411 0.5348 
0.2848 0.2373 0.2342 0.2437 
0.2848 0.2468 0.2405 0.2278 

