MEME version 4

ALPHABET= ACGT

Background letter frequencies:
A 0.2500 C 0.2500 G 0.2500 T 0.2500 

MOTIF filter0 
letter-probability matrix: alength= 4 w= 10 nsites= 10 
0.1587 0.2410 0.4158 0.1846 
0.2782 0.2726 0.2719 0.1773 
0.1404 0.2931 0.4217 0.1448 
0.4402 0.0488 0.0048 0.5062 
0.0359 0.9119 0.0117 0.0405 
0.3762 0.1953 0.0035 0.4250 
0.0006 0.7000 0.2991 0.0003 
0.2619 0.2622 0.2411 0.2348 
0.2236 0.2447 0.2746 0.2571 
0.2519 0.2505 0.2648 0.2328 

MOTIF filter1 
letter-probability matrix: alength= 4 w= 16 nsites= 16 
0.2549 0.2488 0.2486 0.2477 
0.4314 0.0892 0.3288 0.1505 
0.0633 0.6602 0.1464 0.1301 
0.2440 0.1679 0.2767 0.3114 
0.1486 0.0119 0.3800 0.4596 
0.0387 0.8721 0.0503 0.0389 
0.0273 0.7240 0.2092 0.0396 
0.3145 0.0000 0.6165 0.0690 
0.3798 0.0367 0.2899 0.2936 
0.1855 0.2108 0.1295 0.4743 
0.1121 0.3365 0.3057 0.2457 
0.0798 0.1505 0.4134 0.3563 
0.0374 0.0455 0.8978 0.0193 
0.2020 0.2530 0.3804 0.1646 
0.3552 0.3725 0.0923 0.1800 
0.1855 0.2692 0.3411 0.2042 

MOTIF filter2 
letter-probability matrix: alength= 4 w= 11 nsites= 11 
0.2465 0.3526 0.2414 0.1595 
0.1332 0.3308 0.1035 0.4325 
0.3575 0.0012 0.3482 0.2932 
0.7614 0.0000 0.2386 0.0000 
0.0000 0.2140 0.1615 0.6245 
0.0004 0.0400 0.1296 0.8300 
0.3719 0.1976 0.0709 0.3596 
0.6706 0.0026 0.3267 0.0001 
0.3244 0.2193 0.0890 0.3673 
0.1587 0.3314 0.1431 0.3667 
0.2571 0.2360 0.2343 0.2727 

MOTIF filter3 
letter-probability matrix: alength= 4 w= 13 nsites= 13 
0.2571 0.3093 0.2708 0.1628 
0.2697 0.1794 0.2697 0.2812 
0.2863 0.1062 0.4144 0.1931 
0.0041 0.6282 0.3663 0.0015 
0.6992 0.0000 0.2878 0.0129 
0.0943 0.7762 0.0792 0.0503 
0.0126 0.0000 0.9464 0.0411 
0.1217 0.1239 0.0000 0.7543 
0.0022 0.1236 0.8742 0.0000 
0.0559 0.5006 0.0418 0.4018 
0.2212 0.1743 0.2408 0.3637 
0.2183 0.3023 0.2497 0.2297 
0.3400 0.3507 0.1802 0.1291 

MOTIF filter4 
letter-probability matrix: alength= 4 w= 16 nsites= 16 
0.2607 0.2487 0.2413 0.2492 
0.4781 0.1384 0.2478 0.1357 
0.1495 0.5870 0.1491 0.1144 
0.1500 0.0637 0.1154 0.6710 
0.0808 0.0614 0.2381 0.6198 
0.1680 0.5575 0.1744 0.1001 
0.2183 0.5551 0.2257 0.0009 
0.0000 0.0000 0.5136 0.4864 
0.0042 0.4573 0.5325 0.0060 
0.7056 0.1481 0.0369 0.1094 
0.1228 0.3184 0.4269 0.1320 
0.0369 0.1324 0.0235 0.8071 
0.0983 0.7273 0.0194 0.1551 
0.5238 0.1435 0.0351 0.2976 
0.0720 0.2367 0.1527 0.5385 
0.3378 0.2026 0.1901 0.2695 

MOTIF filter5 
letter-probability matrix: alength= 4 w= 15 nsites= 15 
0.2433 0.2697 0.2318 0.2551 
0.2998 0.2137 0.2418 0.2446 
0.1758 0.2783 0.1612 0.3847 
0.0304 0.0201 0.0168 0.9327 
0.0236 0.0460 0.0407 0.8898 
0.1617 0.7489 0.0326 0.0568 
0.0412 0.6517 0.0256 0.2815 
0.2373 0.2177 0.2938 0.2511 
0.2993 0.0447 0.5841 0.0718 
0.0866 0.0387 0.6532 0.2215 
0.8026 0.0678 0.0452 0.0844 
0.8815 0.0324 0.0213 0.0648 
0.4023 0.1770 0.2258 0.1949 
0.2521 0.2361 0.2135 0.2983 
0.2564 0.2476 0.2514 0.2446 

MOTIF filter6 
letter-probability matrix: alength= 4 w= 15 nsites= 15 
0.2501 0.2193 0.2874 0.2431 
0.2392 0.3134 0.2549 0.1924 
0.3356 0.1432 0.4940 0.0272 
0.0759 0.0923 0.1600 0.6718 
0.0389 0.0154 0.4572 0.4886 
0.1892 0.0033 0.6297 0.1778 
0.0636 0.7320 0.1548 0.0496 
0.2493 0.1984 0.5195 0.0328 
0.1108 0.6349 0.0000 0.2543 
0.4231 0.4318 0.0058 0.1393 
0.7999 0.0317 0.1628 0.0056 
0.0120 0.4519 0.1174 0.4188 
0.1063 0.3221 0.3827 0.1889 
0.2321 0.2789 0.2818 0.2072 
0.2486 0.2753 0.2529 0.2232 

MOTIF filter7 
letter-probability matrix: alength= 4 w= 10 nsites= 10 
0.2613 0.0013 0.3842 0.3532 
0.3771 0.4214 0.0379 0.1637 
0.0948 0.1697 0.2761 0.4595 
0.9976 0.0002 0.0019 0.0004 
0.1363 0.0060 0.0006 0.8572 
0.0845 0.1492 0.6721 0.0942 
0.1622 0.0000 0.5638 0.2740 
0.3005 0.3377 0.0060 0.3559 
0.0617 0.2342 0.3271 0.3769 
0.5424 0.0593 0.3256 0.0726 

MOTIF filter8 
letter-probability matrix: alength= 4 w= 12 nsites= 12 
0.3977 0.1291 0.1604 0.3128 
0.4826 0.0915 0.2073 0.2186 
0.1973 0.1091 0.1134 0.5802 
0.0000 0.0000 0.0103 0.9897 
0.3192 0.1597 0.4971 0.0239 
0.2825 0.6966 0.0024 0.0185 
0.0091 0.0000 0.6281 0.3628 
0.0121 0.4347 0.4898 0.0634 
0.9991 0.0006 0.0003 0.0000 
0.4732 0.2674 0.0988 0.1607 
0.1785 0.2337 0.1258 0.4620 
0.3010 0.2380 0.1567 0.3043 

MOTIF filter9 
letter-probability matrix: alength= 4 w= 16 nsites= 16 
0.2549 0.2340 0.2313 0.2799 
0.3226 0.1840 0.2687 0.2246 
0.3694 0.3543 0.0936 0.1827 
0.1939 0.0753 0.0927 0.6381 
0.2121 0.2785 0.4514 0.0579 
0.5125 0.0967 0.0539 0.3369 
0.0357 0.1671 0.7919 0.0053 
0.0325 0.2478 0.0891 0.6306 
0.0013 0.7237 0.0000 0.2750 
0.8307 0.0000 0.1689 0.0004 
0.3133 0.1996 0.3730 0.1141 
0.0116 0.6243 0.3396 0.0245 
0.5209 0.0080 0.0352 0.4358 
0.1029 0.2745 0.2233 0.3993 
0.5490 0.0749 0.1261 0.2500 
0.2402 0.0682 0.1863 0.5053 

MOTIF filter10 
letter-probability matrix: alength= 4 w= 12 nsites= 12 
0.1360 0.2832 0.1666 0.4141 
0.2232 0.2520 0.2067 0.3181 
0.2266 0.0116 0.3215 0.4403 
0.0000 0.3482 0.5733 0.0785 
0.4670 0.3893 0.1436 0.0001 
0.3908 0.0005 0.0016 0.6070 
0.2044 0.0000 0.4616 0.3341 
0.2327 0.0000 0.7514 0.0159 
0.0000 0.2773 0.5767 0.1460 
0.2522 0.2468 0.1285 0.3725 
0.0403 0.4190 0.2630 0.2777 
0.5147 0.2010 0.2253 0.0590 

MOTIF filter11 
letter-probability matrix: alength= 4 w= 14 nsites= 14 
0.1929 0.3929 0.2054 0.2089 
0.2491 0.3455 0.2089 0.1964 
0.3589 0.0330 0.4598 0.1482 
0.1063 0.6607 0.1813 0.0518 
0.1625 0.8375 0.0000 0.0000 
0.9991 0.0000 0.0009 0.0000 
0.1652 0.5143 0.1527 0.1679 
0.2152 0.1330 0.6071 0.0446 
0.0000 0.0027 0.0000 0.9973 
0.0000 0.0009 0.8420 0.1571 
0.0536 0.1607 0.6884 0.0973 
0.1393 0.5214 0.0598 0.2795 
0.2643 0.1786 0.2759 0.2812 
0.1714 0.2616 0.3661 0.2009 

MOTIF filter12 
letter-probability matrix: alength= 4 w= 10 nsites= 10 
0.2085 0.2344 0.2879 0.2692 
0.1660 0.2933 0.2852 0.2555 
0.0539 0.2489 0.4579 0.2393 
0.0982 0.0000 0.8984 0.0034 
0.4661 0.0002 0.0000 0.5337 
0.6554 0.0026 0.0038 0.3382 
0.0000 0.8191 0.1809 0.0000 
0.1193 0.3781 0.2226 0.2800 
0.4231 0.2334 0.1094 0.2341 
0.1376 0.2846 0.2408 0.3369 

MOTIF filter13 
letter-probability matrix: alength= 4 w= 14 nsites= 14 
0.1261 0.2249 0.4363 0.2127 
0.3296 0.2502 0.2186 0.2016 
0.1904 0.3631 0.2873 0.1592 
0.0877 0.7781 0.1139 0.0204 
0.2390 0.4944 0.0355 0.2311 
0.2426 0.5292 0.0506 0.1776 
0.9970 0.0000 0.0000 0.0030 
0.0062 0.1989 0.0128 0.7820 
0.4248 0.1179 0.3145 0.1428 
0.0742 0.0000 0.1097 0.8162 
0.0752 0.0102 0.8874 0.0272 
0.0821 0.2219 0.3861 0.3099 
0.1182 0.2255 0.3122 0.3441 
0.1845 0.4156 0.2689 0.1310 

MOTIF filter14 
letter-probability matrix: alength= 4 w= 15 nsites= 15 
0.1371 0.1859 0.4464 0.2306 
0.2835 0.3191 0.2192 0.1781 
0.1366 0.6072 0.1735 0.0828 
0.0322 0.4347 0.4633 0.0697 
0.2156 0.5296 0.0494 0.2054 
0.3457 0.0585 0.0237 0.5721 
0.6128 0.2784 0.0552 0.0536 
0.0090 0.4346 0.2232 0.3331 
0.2438 0.4826 0.0140 0.2596 
0.1921 0.4469 0.0721 0.2888 
0.0155 0.4678 0.4932 0.0236 
0.0198 0.1583 0.8128 0.0091 
0.1532 0.2057 0.2672 0.3739 
0.2681 0.3994 0.2027 0.1297 
0.4552 0.1408 0.1814 0.2226 

MOTIF filter15 
letter-probability matrix: alength= 4 w= 13 nsites= 13 
0.2363 0.1322 0.3783 0.2533 
0.1634 0.2520 0.2148 0.3698 
0.1849 0.3307 0.3073 0.1771 
0.0059 0.2096 0.0404 0.7441 
0.1289 0.0703 0.0000 0.8008 
0.0658 0.8626 0.0664 0.0052 
0.1536 0.6452 0.0495 0.1517 
0.0000 0.0026 0.9974 0.0000 
0.0684 0.6686 0.1133 0.1497 
0.8184 0.0540 0.0020 0.1257 
0.4453 0.1862 0.2454 0.1230 
0.1934 0.2910 0.2565 0.2591 
0.2832 0.4772 0.1517 0.0879 

MOTIF filter16 
letter-probability matrix: alength= 4 w= 10 nsites= 10 
0.1542 0.2654 0.3118 0.2685 
0.0587 0.3585 0.2731 0.3097 
0.4624 0.1631 0.1044 0.2701 
0.3125 0.6851 0.0000 0.0024 
0.0001 0.3321 0.6678 0.0001 
0.0003 0.0011 0.7475 0.2510 
0.0520 0.0103 0.8581 0.0796 
0.3416 0.2077 0.2240 0.2268 
0.3306 0.2331 0.1423 0.2940 
0.2615 0.2185 0.2572 0.2628 

MOTIF filter17 
letter-probability matrix: alength= 4 w= 13 nsites= 13 
0.2057 0.1595 0.4142 0.2206 
0.3988 0.0479 0.3474 0.2060 
0.2417 0.2495 0.4950 0.0138 
0.0970 0.0119 0.2375 0.6536 
0.0037 0.1953 0.7994 0.0017 
0.7176 0.0000 0.0661 0.2164 
0.0019 0.1003 0.6903 0.2076 
0.1020 0.5681 0.0455 0.2844 
0.1997 0.3204 0.2452 0.2346 
0.3534 0.0310 0.5715 0.0441 
0.2978 0.1464 0.3414 0.2143 
0.2151 0.2416 0.2934 0.2500 
0.2657 0.2681 0.1800 0.2863 

MOTIF filter18 
letter-probability matrix: alength= 4 w= 12 nsites= 12 
0.3020 0.1829 0.2931 0.2220 
0.2377 0.0811 0.4464 0.2349 
0.3319 0.0009 0.4384 0.2288 
0.2653 0.0000 0.7339 0.0008 
0.1772 0.0721 0.7505 0.0001 
0.3867 0.0459 0.5674 0.0000 
0.0807 0.4168 0.2447 0.2578 
0.3252 0.1050 0.5613 0.0085 
0.0000 0.2326 0.7477 0.0197 
0.1679 0.3829 0.3518 0.0975 
0.2563 0.1897 0.4325 0.1215 
0.1851 0.3079 0.3723 0.1348 

MOTIF filter19 
letter-probability matrix: alength= 4 w= 11 nsites= 11 
0.2682 0.3395 0.1720 0.2203 
0.1015 0.2776 0.3538 0.2671 
0.0387 0.5494 0.1092 0.3028 
0.0009 0.0724 0.2026 0.7241 
0.5361 0.4000 0.0000 0.0639 
0.3274 0.4934 0.0036 0.1756 
0.3513 0.0013 0.1169 0.5306 
0.0432 0.0000 0.9295 0.0274 
0.3801 0.0244 0.3701 0.2254 
0.0919 0.2177 0.1397 0.5506 
0.5739 0.1827 0.0987 0.1447 

MOTIF filter20 
letter-probability matrix: alength= 4 w= 14 nsites= 14 
0.1497 0.3355 0.1659 0.3488 
0.1445 0.3260 0.2788 0.2507 
0.3134 0.1755 0.4594 0.0516 
0.4971 0.0686 0.3968 0.0376 
0.0000 0.5088 0.0000 0.4912 
0.0000 0.4757 0.5243 0.0000 
1.0000 0.0000 0.0000 0.0000 
0.5015 0.1940 0.2463 0.0583 
0.0000 0.0000 0.0000 1.0000 
0.0081 0.8591 0.1327 0.0000 
0.8555 0.0015 0.1431 0.0000 
0.0406 0.4174 0.3164 0.2257 
0.1718 0.2883 0.3245 0.2153 
0.2330 0.2028 0.3134 0.2507 

MOTIF filter21 
letter-probability matrix: alength= 4 w= 16 nsites= 16 
0.2082 0.2815 0.3341 0.1762 
0.3066 0.2632 0.3181 0.1121 
0.0984 0.2243 0.3249 0.3524 
0.1121 0.0961 0.6613 0.1304 
0.0503 0.4371 0.0412 0.4714 
0.0000 0.0000 0.5606 0.4394 
0.9474 0.0000 0.0526 0.0000 
0.0343 0.2014 0.7185 0.0458 
0.0503 0.0069 0.3478 0.5950 
0.0984 0.8604 0.0000 0.0412 
0.5606 0.1304 0.2197 0.0892 
0.0000 0.1556 0.3158 0.5286 
0.8375 0.0892 0.0641 0.0092 
0.1350 0.0412 0.7986 0.0252 
0.3158 0.4645 0.1327 0.0870 
0.2151 0.3043 0.2449 0.2357 

MOTIF filter22 
letter-probability matrix: alength= 4 w= 10 nsites= 10 
0.1211 0.3153 0.2188 0.3448 
0.0661 0.5489 0.2041 0.1809 
0.3442 0.0071 0.3895 0.2591 
0.0006 0.4292 0.0588 0.5114 
0.3559 0.0000 0.6441 0.0000 
0.0012 0.3897 0.0068 0.6024 
0.4821 0.0005 0.5174 0.0000 
0.3101 0.1892 0.0987 0.4019 
0.2019 0.1266 0.5480 0.1234 
0.3675 0.1940 0.3339 0.1046 

MOTIF filter23 
letter-probability matrix: alength= 4 w= 15 nsites= 15 
0.1859 0.2075 0.1725 0.4340 
0.2386 0.1193 0.4429 0.1992 
0.2130 0.1909 0.2613 0.3348 
0.0466 0.6389 0.2415 0.0731 
0.0505 0.4438 0.1009 0.4048 
0.5824 0.0121 0.3149 0.0906 
0.2469 0.2180 0.0628 0.4723 
0.4091 0.4187 0.0854 0.0868 
0.0556 0.5699 0.0282 0.3463 
0.4920 0.3091 0.0612 0.1377 
0.0227 0.1518 0.0135 0.8119 
0.4656 0.0870 0.4402 0.0072 
0.0312 0.0040 0.9374 0.0274 
0.2936 0.2144 0.2045 0.2875 
0.2584 0.3768 0.1644 0.2003 

MOTIF filter24 
letter-probability matrix: alength= 4 w= 12 nsites= 12 
0.2973 0.2120 0.2642 0.2265 
0.3027 0.1416 0.3158 0.2399 
0.0672 0.2276 0.2704 0.4348 
0.0051 0.9034 0.0000 0.0915 
0.0788 0.0000 0.5002 0.4211 
1.0000 0.0000 0.0000 0.0000 
0.0000 0.0080 0.0250 0.9670 
0.2668 0.4947 0.0004 0.2381 
0.4033 0.0000 0.5448 0.0519 
0.2828 0.2062 0.2759 0.2352 
0.3332 0.2352 0.1361 0.2955 
0.3245 0.2566 0.1514 0.2675 

MOTIF filter25 
letter-probability matrix: alength= 4 w= 14 nsites= 14 
0.1553 0.2490 0.3339 0.2618 
0.3268 0.1816 0.3575 0.1341 
0.4075 0.1410 0.3327 0.1188 
0.0118 0.8137 0.1474 0.0271 
0.0000 0.6599 0.0000 0.3401 
0.6479 0.0987 0.2352 0.0182 
0.3730 0.6068 0.0157 0.0044 
0.0342 0.0977 0.4114 0.4567 
0.0362 0.4658 0.0541 0.4439 
0.2576 0.0679 0.6745 0.0000 
0.0145 0.2603 0.7133 0.0118 
0.1235 0.3086 0.1435 0.4245 
0.2537 0.2195 0.1919 0.3349 
0.2239 0.3696 0.2106 0.1959 

MOTIF filter26 
letter-probability matrix: alength= 4 w= 16 nsites= 16 
0.0928 0.2152 0.3460 0.3460 
0.3122 0.0802 0.5570 0.0506 
0.1055 0.4641 0.0675 0.3629 
0.0000 0.4810 0.5190 0.0000 
0.7173 0.0844 0.0127 0.1857 
0.1772 0.2194 0.0295 0.5738 
0.0042 0.0000 0.0000 0.9958 
0.0000 0.4051 0.5738 0.0211 
1.0000 0.0000 0.0000 0.0000 
0.3797 0.0802 0.0928 0.4473 
0.0591 0.0253 0.2911 0.6245 
0.0000 0.3966 0.5865 0.0169 
0.4473 0.0549 0.4473 0.0506 
0.1181 0.5359 0.0928 0.2532 
0.2363 0.3755 0.1603 0.2278 
0.1814 0.3502 0.2827 0.1857 

MOTIF filter27 
letter-probability matrix: alength= 4 w= 14 nsites= 14 
0.2145 0.3033 0.1803 0.3019 
0.2924 0.1444 0.3433 0.2199 
0.1411 0.1525 0.5370 0.1694 
0.1044 0.6266 0.2690 0.0000 
0.0004 0.2871 0.2775 0.4350 
0.5091 0.0304 0.4587 0.0018 
0.0000 0.1817 0.4073 0.4110 
0.0736 0.2435 0.0707 0.6122 
0.0478 0.3391 0.0000 0.6131 
0.4862 0.1219 0.0821 0.3098 
0.6356 0.1762 0.0441 0.1442 
0.2668 0.1375 0.2770 0.3188 
0.1896 0.2054 0.3291 0.2760 
0.2447 0.2338 0.2518 0.2696 

MOTIF filter28 
letter-probability matrix: alength= 4 w= 15 nsites= 15 
0.2632 0.3065 0.2293 0.2010 
0.2287 0.2759 0.2719 0.2235 
0.0974 0.2921 0.3664 0.2442 
0.0127 0.6129 0.1060 0.2684 
0.0236 0.6751 0.0167 0.2846 
0.0156 0.9689 0.0138 0.0017 
0.0029 0.9194 0.0749 0.0029 
0.1210 0.2137 0.4338 0.2316 
0.0415 0.8157 0.0858 0.0570 
0.0063 0.9303 0.0455 0.0179 
0.0046 0.6907 0.0092 0.2955 
0.1561 0.6365 0.0167 0.1907 
0.0899 0.5294 0.1066 0.2742 
0.2218 0.3036 0.2373 0.2373 
0.2615 0.2615 0.2442 0.2327 

MOTIF filter29 
letter-probability matrix: alength= 4 w= 16 nsites= 16 
0.4030 0.1493 0.2700 0.1777 
0.2754 0.1710 0.4885 0.0651 
0.3853 0.1601 0.2347 0.2198 
0.0556 0.6771 0.2659 0.0014 
0.0366 0.9620 0.0014 0.0000 
0.1750 0.0014 0.7137 0.1099 
0.0068 0.0841 0.6689 0.2402 
1.0000 0.0000 0.0000 0.0000 
0.6269 0.0204 0.0000 0.3528 
0.2727 0.0190 0.6988 0.0095 
0.0488 0.2022 0.0054 0.7436 
0.1235 0.0733 0.7490 0.0543 
0.2076 0.1927 0.5821 0.0176 
0.1981 0.3026 0.2849 0.2144 
0.2225 0.3921 0.1805 0.2049 
0.4166 0.1750 0.1900 0.2185 

MOTIF filter30 
letter-probability matrix: alength= 4 w= 10 nsites= 10 
0.2398 0.2339 0.2306 0.2957 
0.0878 0.3269 0.2630 0.3224 
0.2374 0.2692 0.1814 0.3121 
0.5002 0.0000 0.4405 0.0593 
0.0885 0.9100 0.0014 0.0001 
0.5103 0.1714 0.0050 0.3134 
0.0000 0.0000 0.9990 0.0010 
0.1990 0.4277 0.0017 0.3716 
0.2207 0.3068 0.2222 0.2503 
0.2149 0.2650 0.2208 0.2993 

MOTIF filter31 
letter-probability matrix: alength= 4 w= 15 nsites= 15 
0.2511 0.2830 0.2206 0.2454 
0.4773 0.1113 0.2915 0.1199 
0.0773 0.7582 0.1369 0.0277 
0.1957 0.1553 0.1206 0.5284 
0.1794 0.0688 0.1738 0.5780 
0.0738 0.6170 0.2979 0.0113 
0.0929 0.8156 0.0801 0.0113 
0.0220 0.0113 0.9440 0.0227 
0.0021 0.5227 0.4447 0.0305 
0.1950 0.5057 0.1305 0.1688 
0.0674 0.2050 0.5950 0.1326 
0.0099 0.1355 0.8248 0.0298 
0.2922 0.1979 0.2277 0.2823 
0.2305 0.1433 0.5085 0.1177 
0.2106 0.1837 0.5199 0.0858 

