MEME version 4

ALPHABET= ACGT

Background letter frequencies:
A 0.2500 C 0.2500 G 0.2500 T 0.2500 

MOTIF filter0 
letter-probability matrix: alength= 4 w= 14 nsites= 14 
0.1996 0.4149 0.2343 0.1513 
0.2360 0.4274 0.1642 0.1724 
0.1917 0.3313 0.3883 0.0887 
0.0007 0.7849 0.0866 0.1278 
0.4446 0.0667 0.4577 0.0309 
0.1359 0.5653 0.0925 0.2064 
0.0119 0.2102 0.7722 0.0056 
0.1878 0.0479 0.1477 0.6166 
0.0006 0.4899 0.5063 0.0032 
0.4081 0.2042 0.0848 0.3028 
0.0351 0.6365 0.0897 0.2387 
0.4779 0.1854 0.1924 0.1444 
0.0677 0.3900 0.1680 0.3743 
0.2509 0.2417 0.2521 0.2552 

MOTIF filter1 
letter-probability matrix: alength= 4 w= 14 nsites= 14 
0.1457 0.3352 0.3369 0.1822 
0.3596 0.1874 0.2993 0.1537 
0.4467 0.1578 0.2434 0.1522 
0.0158 0.3754 0.0000 0.6088 
0.0858 0.0009 0.1212 0.7921 
0.7945 0.0000 0.2053 0.0002 
0.1932 0.5807 0.1828 0.0432 
0.0249 0.0616 0.4003 0.5133 
0.0324 0.7370 0.0000 0.2306 
0.7043 0.1755 0.0223 0.0979 
0.6594 0.1050 0.1195 0.1161 
0.2124 0.2924 0.1435 0.3516 
0.2107 0.2047 0.3640 0.2207 
0.2230 0.2974 0.2392 0.2403 

MOTIF filter2 
letter-probability matrix: alength= 4 w= 13 nsites= 13 
0.2482 0.2541 0.1853 0.3124 
0.2442 0.1594 0.2390 0.3574 
0.0973 0.2972 0.1528 0.4527 
0.5249 0.0000 0.2478 0.2273 
0.8843 0.0993 0.0164 0.0000 
0.5383 0.0034 0.4317 0.0266 
0.0149 0.1208 0.0549 0.8094 
0.3793 0.0918 0.0000 0.5289 
0.0386 0.1998 0.6895 0.0721 
0.1329 0.4786 0.0000 0.3885 
0.2261 0.2639 0.1997 0.3103 
0.2558 0.2792 0.2689 0.1962 
0.3026 0.2674 0.2375 0.1925 

MOTIF filter3 
letter-probability matrix: alength= 4 w= 14 nsites= 14 
0.2528 0.2705 0.2144 0.2623 
0.3280 0.1168 0.3271 0.2281 
0.3568 0.1567 0.2379 0.2486 
0.0836 0.7104 0.1402 0.0658 
0.0003 0.2328 0.1251 0.6418 
0.1427 0.4035 0.4086 0.0453 
0.4502 0.4038 0.1460 0.0000 
0.0347 0.0005 0.2467 0.7181 
0.0081 0.5103 0.3656 0.1160 
0.7596 0.0000 0.2180 0.0224 
0.0434 0.1993 0.7433 0.0140 
0.1185 0.3089 0.0813 0.4914 
0.2307 0.3507 0.1145 0.3041 
0.2886 0.2294 0.1947 0.2873 

MOTIF filter4 
letter-probability matrix: alength= 4 w= 12 nsites= 12 
0.1448 0.1956 0.2168 0.4428 
0.5028 0.1729 0.2414 0.0829 
0.1959 0.2930 0.2077 0.3034 
0.0275 0.9675 0.0000 0.0051 
0.3969 0.0024 0.4249 0.1758 
0.3021 0.0024 0.6706 0.0249 
0.0186 0.4993 0.0253 0.4567 
0.5779 0.2409 0.0177 0.1635 
0.2667 0.0296 0.6872 0.0165 
0.3717 0.2179 0.2306 0.1798 
0.1911 0.2416 0.1778 0.3895 
0.3311 0.2373 0.1675 0.2641 

MOTIF filter5 
letter-probability matrix: alength= 4 w= 12 nsites= 12 
0.2791 0.2175 0.3298 0.1736 
0.3323 0.1239 0.3509 0.1930 
0.1457 0.3924 0.1546 0.3072 
0.0471 0.6374 0.2101 0.1055 
0.7710 0.0638 0.0004 0.1649 
0.1034 0.2184 0.0070 0.6712 
0.0000 0.0237 0.0030 0.9732 
0.2687 0.3736 0.3573 0.0004 
0.7973 0.0000 0.2027 0.0000 
0.2355 0.0998 0.0954 0.5693 
0.1638 0.2330 0.3613 0.2419 
0.1454 0.3008 0.3729 0.1810 

MOTIF filter6 
letter-probability matrix: alength= 4 w= 16 nsites= 16 
0.2301 0.2680 0.2320 0.2699 
0.2431 0.2745 0.2532 0.2292 
0.2440 0.2884 0.2200 0.2477 
0.5314 0.1285 0.3336 0.0065 
0.0000 0.0000 0.0000 1.0000 
0.0000 0.0028 0.0776 0.9196 
0.2412 0.0000 0.5758 0.1830 
0.0000 0.8383 0.0018 0.1599 
0.1710 0.0009 0.8281 0.0000 
0.1183 0.6155 0.0000 0.2662 
0.9104 0.0896 0.0000 0.0000 
1.0000 0.0000 0.0000 0.0000 
0.0009 0.3466 0.1580 0.4945 
0.2643 0.2495 0.2763 0.2098 
0.2440 0.2033 0.2884 0.2643 
0.2560 0.2218 0.2726 0.2495 

MOTIF filter7 
letter-probability matrix: alength= 4 w= 13 nsites= 13 
0.1768 0.4084 0.2790 0.1358 
0.2507 0.3254 0.3001 0.1238 
0.1991 0.1585 0.3759 0.2665 
0.0691 0.5888 0.3229 0.0192 
0.5280 0.3079 0.1574 0.0067 
0.8504 0.0155 0.0550 0.0791 
0.0203 0.0000 0.0000 0.9797 
0.0078 0.5128 0.4597 0.0197 
0.4861 0.0128 0.3448 0.1563 
0.0044 0.4323 0.0464 0.5169 
0.0722 0.1827 0.4056 0.3395 
0.1755 0.2798 0.4470 0.0977 
0.3318 0.3495 0.1830 0.1358 

MOTIF filter8 
letter-probability matrix: alength= 4 w= 13 nsites= 13 
0.3465 0.0825 0.2311 0.3400 
0.2240 0.1781 0.2087 0.3892 
0.1344 0.2871 0.2962 0.2823 
0.0000 0.9399 0.0601 0.0000 
0.3376 0.1279 0.4937 0.0407 
0.0000 0.1805 0.8195 0.0000 
0.3828 0.0455 0.0014 0.5704 
0.7038 0.1167 0.0003 0.1792 
0.3984 0.0343 0.0000 0.5674 
0.0163 0.2718 0.6403 0.0716 
0.3370 0.3295 0.2901 0.0434 
0.1194 0.4513 0.1354 0.2939 
0.1975 0.3414 0.1819 0.2793 

MOTIF filter9 
letter-probability matrix: alength= 4 w= 12 nsites= 12 
0.2498 0.1270 0.3740 0.2492 
0.2223 0.1703 0.4056 0.2019 
0.2387 0.2680 0.2083 0.2850 
0.4546 0.0000 0.4170 0.1284 
0.0599 0.4944 0.4457 0.0000 
0.9296 0.0000 0.0103 0.0600 
0.0317 0.1133 0.5723 0.2827 
0.0004 0.5822 0.0000 0.4174 
0.0082 0.7414 0.0009 0.2494 
0.4916 0.2493 0.0550 0.2041 
0.3573 0.1593 0.2309 0.2525 
0.2640 0.2436 0.2543 0.2380 

MOTIF filter10 
letter-probability matrix: alength= 4 w= 19 nsites= 19 
0.3947 0.2368 0.1053 0.2632 
0.3158 0.2632 0.1579 0.2632 
0.2895 0.0000 0.5000 0.2105 
0.5000 0.0263 0.2632 0.2105 
0.3421 0.0263 0.3158 0.3158 
0.0000 0.6316 0.0000 0.3684 
0.4474 0.0000 0.1053 0.4474 
0.0000 1.0000 0.0000 0.0000 
0.0000 0.0000 1.0000 0.0000 
1.0000 0.0000 0.0000 0.0000 
0.0000 1.0000 0.0000 0.0000 
0.0000 0.4211 0.5789 0.0000 
0.0789 0.5000 0.3421 0.0789 
0.2895 0.1316 0.1579 0.4211 
0.1579 0.0789 0.0526 0.7105 
0.0000 0.3158 0.1579 0.5263 
0.0526 0.3684 0.2895 0.2895 
0.1316 0.3158 0.5000 0.0526 
0.2368 0.1842 0.2368 0.3421 

MOTIF filter11 
letter-probability matrix: alength= 4 w= 14 nsites= 14 
0.1697 0.3401 0.2494 0.2408 
0.2862 0.2610 0.2653 0.1875 
0.3683 0.0631 0.4295 0.1391 
0.0668 0.7837 0.1054 0.0441 
0.1134 0.8168 0.0000 0.0699 
0.9491 0.0080 0.0417 0.0012 
0.5509 0.2635 0.0790 0.1066 
0.1207 0.0398 0.3977 0.4418 
0.0074 0.1207 0.0172 0.8548 
0.0827 0.0000 0.7708 0.1464 
0.0447 0.1158 0.8125 0.0270 
0.2151 0.4062 0.0613 0.3174 
0.1471 0.2555 0.2874 0.3100 
0.2243 0.3009 0.3205 0.1544 

MOTIF filter12 
letter-probability matrix: alength= 4 w= 11 nsites= 11 
0.1884 0.5375 0.0411 0.2329 
0.2078 0.4284 0.3439 0.0199 
0.0748 0.5058 0.1926 0.2269 
0.6590 0.0383 0.2847 0.0181 
0.5865 0.3918 0.0154 0.0064 
0.0024 0.3870 0.6034 0.0072 
0.0042 0.4368 0.0003 0.5588 
0.0022 0.6772 0.2586 0.0620 
0.3458 0.5109 0.0576 0.0857 
0.1193 0.3658 0.1905 0.3244 
0.1606 0.2707 0.2963 0.2723 

MOTIF filter13 
letter-probability matrix: alength= 4 w= 12 nsites= 12 
0.2964 0.1955 0.2314 0.2767 
0.4522 0.1119 0.3225 0.1134 
0.3664 0.1161 0.2378 0.2798 
0.0053 0.7981 0.1301 0.0665 
0.8960 0.0174 0.0480 0.0386 
0.0008 0.8423 0.1505 0.0064 
0.0612 0.0030 0.7505 0.1853 
0.0159 0.0960 0.0140 0.8741 
0.4295 0.0000 0.5648 0.0057 
0.0556 0.4151 0.2314 0.2979 
0.1380 0.1414 0.3406 0.3800 
0.1985 0.3841 0.1512 0.2662 

MOTIF filter14 
letter-probability matrix: alength= 4 w= 10 nsites= 10 
0.2313 0.3025 0.2981 0.1682 
0.2862 0.3083 0.1747 0.2308 
0.1368 0.3593 0.3204 0.1835 
0.0016 0.4061 0.5725 0.0198 
0.1184 0.0000 0.0101 0.8715 
0.4085 0.1757 0.0879 0.3279 
0.0021 0.5711 0.4225 0.0042 
0.2724 0.3039 0.1046 0.3191 
0.2480 0.2252 0.2847 0.2420 
0.2140 0.2721 0.2837 0.2302 

MOTIF filter15 
letter-probability matrix: alength= 4 w= 17 nsites= 17 
0.2875 0.2349 0.3431 0.1345 
0.2025 0.2674 0.3431 0.1870 
0.2581 0.2798 0.1855 0.2767 
0.0247 0.0510 0.6461 0.2782 
0.0155 0.9505 0.0325 0.0015 
0.3091 0.3509 0.0031 0.3369 
0.2937 0.6739 0.0325 0.0000 
0.0495 0.0000 0.8532 0.0974 
0.0896 0.0155 0.2164 0.6785 
0.1484 0.0603 0.6383 0.1530 
0.1082 0.0835 0.1283 0.6801 
0.3107 0.0866 0.0124 0.5904 
0.7280 0.0325 0.0201 0.2195 
0.1870 0.0309 0.7249 0.0572 
0.2303 0.2442 0.4096 0.1159 
0.2550 0.2411 0.2117 0.2921 
0.2164 0.3895 0.1607 0.2334 

MOTIF filter16 
letter-probability matrix: alength= 4 w= 10 nsites= 10 
0.3419 0.2352 0.3220 0.1010 
0.3460 0.1765 0.2649 0.2126 
0.0019 0.3957 0.2250 0.3774 
0.0010 0.3457 0.0014 0.6518 
0.1385 0.0001 0.8613 0.0002 
0.8480 0.0017 0.1143 0.0359 
0.0221 0.0511 0.3225 0.6044 
0.0459 0.3138 0.3530 0.2873 
0.1686 0.4511 0.3142 0.0660 
0.3122 0.2323 0.3218 0.1337 

MOTIF filter17 
letter-probability matrix: alength= 4 w= 14 nsites= 14 
0.1795 0.2513 0.3487 0.2205 
0.4872 0.1205 0.1333 0.2590 
0.0513 0.3564 0.2846 0.3077 
0.0974 0.7077 0.1154 0.0795 
0.0256 0.0026 0.0000 0.9718 
0.8513 0.0000 0.1462 0.0026 
0.0872 0.0000 0.9051 0.0077 
0.0000 0.5513 0.4487 0.0000 
0.1256 0.0436 0.0026 0.8282 
0.0462 0.4308 0.5179 0.0051 
0.7000 0.1744 0.0231 0.1026 
0.0231 0.3359 0.4077 0.2333 
0.1308 0.2949 0.2256 0.3487 
0.1897 0.4667 0.1821 0.1615 

MOTIF filter18 
letter-probability matrix: alength= 4 w= 15 nsites= 15 
0.2467 0.3002 0.2411 0.2119 
0.2350 0.2688 0.2329 0.2632 
0.0993 0.1341 0.4567 0.3098 
0.0287 0.7075 0.0402 0.2236 
0.0176 0.2060 0.0397 0.7368 
0.3452 0.5294 0.0822 0.0431 
0.2954 0.2915 0.1435 0.2696 
0.0679 0.0349 0.7280 0.1693 
0.0663 0.8129 0.0311 0.0897 
0.0665 0.8297 0.0101 0.0937 
0.0136 0.5504 0.0737 0.3623 
0.6266 0.2262 0.0503 0.0969 
0.1272 0.2302 0.4376 0.2050 
0.4019 0.2731 0.1334 0.1916 
0.2726 0.2026 0.2672 0.2577 

MOTIF filter19 
letter-probability matrix: alength= 4 w= 12 nsites= 12 
0.1988 0.1778 0.3865 0.2369 
0.3785 0.2623 0.2914 0.0677 
0.0572 0.0765 0.5154 0.3509 
0.0009 0.0144 0.4492 0.5355 
0.2787 0.4009 0.3180 0.0024 
0.2695 0.5829 0.1425 0.0052 
0.0065 0.0001 0.7536 0.2398 
0.0198 0.6554 0.2950 0.0299 
0.9034 0.0001 0.0963 0.0001 
0.4713 0.2161 0.1900 0.1225 
0.1551 0.2430 0.1791 0.4228 
0.2657 0.2426 0.1453 0.3464 

MOTIF filter20 
letter-probability matrix: alength= 4 w= 13 nsites= 13 
0.2008 0.3625 0.2530 0.1837 
0.2935 0.1186 0.4768 0.1110 
0.1384 0.1129 0.5606 0.1880 
0.3458 0.0519 0.6019 0.0004 
0.0591 0.0203 0.8365 0.0840 
0.1072 0.0914 0.7947 0.0067 
0.2688 0.3798 0.0937 0.2576 
0.0574 0.0635 0.8076 0.0715 
0.0671 0.0663 0.8046 0.0620 
0.2194 0.0369 0.6285 0.1152 
0.2331 0.1707 0.5671 0.0291 
0.2593 0.3601 0.2506 0.1300 
0.2490 0.2319 0.2867 0.2323 

MOTIF filter21 
letter-probability matrix: alength= 4 w= 11 nsites= 11 
0.2054 0.2548 0.2337 0.3061 
0.2344 0.2507 0.2826 0.2323 
0.2857 0.0127 0.5016 0.2000 
0.3580 0.4709 0.1711 0.0000 
0.0022 0.0272 0.9584 0.0122 
0.4346 0.2482 0.3172 0.0000 
0.0000 0.3125 0.3539 0.3336 
0.0329 0.4425 0.4944 0.0302 
0.1773 0.3566 0.2559 0.2102 
0.3331 0.3413 0.0673 0.2584 
0.2439 0.2365 0.2744 0.2452 

MOTIF filter22 
letter-probability matrix: alength= 4 w= 12 nsites= 12 
0.2074 0.3766 0.2048 0.2112 
0.5954 0.0700 0.2583 0.0763 
0.1081 0.7888 0.0687 0.0344 
0.1450 0.0662 0.1018 0.6870 
0.0611 0.0267 0.0712 0.8410 
0.0000 0.9020 0.0980 0.0000 
0.0102 0.9898 0.0000 0.0000 
0.0000 0.0000 0.9746 0.0254 
0.0000 0.1463 0.8499 0.0038 
0.6005 0.1374 0.0814 0.1807 
0.4313 0.1641 0.1641 0.2405 
0.1221 0.1730 0.4873 0.2176 

MOTIF filter23 
letter-probability matrix: alength= 4 w= 14 nsites= 14 
0.2850 0.2428 0.2403 0.2318 
0.1661 0.2524 0.1621 0.4195 
0.0146 0.0080 0.0140 0.9634 
0.0206 0.0421 0.0432 0.8941 
0.1254 0.8384 0.0181 0.0181 
0.0326 0.7170 0.0191 0.2313 
0.2454 0.2564 0.2694 0.2288 
0.2629 0.0146 0.6909 0.0316 
0.0206 0.0206 0.8254 0.1335 
0.8816 0.0497 0.0396 0.0291 
0.9584 0.0221 0.0055 0.0140 
0.4109 0.1736 0.2639 0.1515 
0.2198 0.2704 0.2348 0.2750 
0.2519 0.2484 0.2594 0.2403 

MOTIF filter24 
letter-probability matrix: alength= 4 w= 13 nsites= 13 
0.1185 0.1376 0.1183 0.6255 
0.4656 0.1683 0.1286 0.2375 
0.0184 0.2336 0.4428 0.3052 
0.1488 0.7397 0.1111 0.0004 
0.4067 0.0289 0.0670 0.4974 
0.0020 0.0175 0.8631 0.1174 
0.2051 0.5042 0.2798 0.0110 
0.3591 0.1047 0.0841 0.4520 
0.5574 0.2450 0.0408 0.1569 
0.3856 0.0440 0.0270 0.5434 
0.2890 0.0824 0.2079 0.4207 
0.1470 0.1637 0.3280 0.3613 
0.2610 0.2266 0.2489 0.2636 

MOTIF filter25 
letter-probability matrix: alength= 4 w= 16 nsites= 16 
0.3178 0.0921 0.1517 0.4384 
0.3577 0.1077 0.3287 0.2060 
0.3887 0.0859 0.1573 0.3680 
0.0958 0.7433 0.0430 0.1180 
0.0290 0.3830 0.0047 0.5833 
0.6278 0.0114 0.3520 0.0088 
0.0973 0.3965 0.0140 0.4922 
0.5280 0.0104 0.0621 0.3996 
0.0585 0.0010 0.5906 0.3499 
0.7930 0.0476 0.0041 0.1553 
0.0129 0.1222 0.0730 0.7919 
0.4565 0.0160 0.4726 0.0549 
0.0476 0.0492 0.8219 0.0813 
0.2479 0.3602 0.2117 0.1801 
0.2029 0.3204 0.3494 0.1273 
0.3649 0.1744 0.2805 0.1801 

MOTIF filter26 
letter-probability matrix: alength= 4 w= 10 nsites= 10 
0.1462 0.2938 0.2951 0.2649 
0.3909 0.1535 0.2183 0.2374 
0.0208 0.4172 0.2362 0.3259 
0.4725 0.0881 0.0121 0.4273 
0.0000 0.4175 0.5825 0.0000 
0.3857 0.0329 0.2449 0.3365 
0.2009 0.0362 0.7387 0.0242 
0.1596 0.1872 0.1198 0.5334 
0.3480 0.1857 0.2807 0.1856 
0.4320 0.1566 0.3555 0.0559 

MOTIF filter27 
letter-probability matrix: alength= 4 w= 12 nsites= 12 
0.1948 0.2882 0.2609 0.2561 
0.1909 0.2276 0.3073 0.2742 
0.2692 0.0813 0.3352 0.3142 
0.0137 0.2955 0.6908 0.0000 
0.2608 0.0000 0.0425 0.6967 
0.3649 0.0005 0.0020 0.6325 
0.3399 0.0235 0.3859 0.2506 
0.0959 0.7718 0.0000 0.1322 
0.0001 0.7587 0.2401 0.0011 
0.1881 0.4408 0.2595 0.1115 
0.2822 0.2594 0.2928 0.1655 
0.2942 0.2138 0.2819 0.2100 

MOTIF filter28 
letter-probability matrix: alength= 4 w= 13 nsites= 13 
0.4165 0.2314 0.1002 0.2518 
0.2656 0.2062 0.1070 0.4212 
0.3158 0.2607 0.2957 0.1277 
0.3750 0.0493 0.0284 0.5472 
0.0260 0.2525 0.7203 0.0012 
0.3926 0.2140 0.0383 0.3550 
0.0113 0.5354 0.0005 0.4528 
0.7135 0.0000 0.2402 0.0464 
0.2762 0.1030 0.5810 0.0397 
0.0005 0.6785 0.3106 0.0105 
0.3398 0.2844 0.0221 0.3536 
0.0697 0.3290 0.1908 0.4104 
0.3486 0.2262 0.1952 0.2300 

MOTIF filter29 
letter-probability matrix: alength= 4 w= 13 nsites= 13 
0.3446 0.1710 0.2861 0.1983 
0.2290 0.0665 0.3910 0.3134 
0.0947 0.3245 0.4277 0.1531 
0.0000 0.9693 0.0230 0.0077 
0.0431 0.3228 0.6328 0.0013 
0.4908 0.0000 0.4836 0.0256 
0.4145 0.0030 0.0009 0.5817 
0.2188 0.0149 0.3305 0.4358 
0.0000 0.1650 0.8350 0.0000 
0.0512 0.0584 0.6542 0.2362 
0.4576 0.2380 0.1638 0.1407 
0.3313 0.2618 0.1075 0.2994 
0.2891 0.2094 0.2652 0.2362 

MOTIF filter30 
letter-probability matrix: alength= 4 w= 15 nsites= 15 
0.1780 0.1395 0.1144 0.5681 
0.0355 0.1586 0.5912 0.2147 
0.2150 0.3515 0.1477 0.2857 
0.0438 0.6784 0.2745 0.0034 
0.0157 0.9641 0.0153 0.0049 
0.3298 0.3052 0.1040 0.2610 
0.2558 0.0157 0.2704 0.4581 
0.7277 0.1717 0.1006 0.0000 
0.0000 0.3919 0.0127 0.5954 
0.3168 0.6343 0.0307 0.0183 
0.2109 0.4540 0.0318 0.3033 
0.0344 0.2016 0.6593 0.1047 
0.0711 0.2906 0.5718 0.0666 
0.2917 0.1810 0.2457 0.2816 
0.2689 0.4708 0.1586 0.1017 

MOTIF filter31 
letter-probability matrix: alength= 4 w= 11 nsites= 11 
0.2602 0.0525 0.2523 0.4351 
0.5206 0.0720 0.2652 0.1423 
0.1886 0.1685 0.0882 0.5547 
0.0131 0.0012 0.7246 0.2611 
0.7628 0.2117 0.0021 0.0234 
0.3642 0.0751 0.0793 0.4814 
0.0052 0.0000 0.6101 0.3847 
0.4964 0.4719 0.0000 0.0317 
0.5219 0.1094 0.2768 0.0919 
0.0940 0.1720 0.1700 0.5640 
0.3652 0.4175 0.0351 0.1822 

