MEME version 4

ALPHABET= ACGT

Background letter frequencies:
A 0.2500 C 0.2500 G 0.2500 T 0.2500 

MOTIF filter0 
letter-probability matrix: alength= 4 w= 10 nsites= 10 
0.3175 0.2546 0.1426 0.2853 
0.3589 0.1748 0.1641 0.3021 
0.2270 0.2561 0.4003 0.1166 
0.0031 0.0138 0.0138 0.9693 
0.0261 0.9294 0.0031 0.0414 
0.9724 0.0061 0.0184 0.0031 
0.0031 0.0000 0.9479 0.0491 
0.0138 0.9862 0.0000 0.0000 
0.9678 0.0061 0.0000 0.0261 
0.3896 0.1380 0.1733 0.2991 

MOTIF filter1 
letter-probability matrix: alength= 4 w= 14 nsites= 14 
0.2437 0.1442 0.2922 0.3199 
0.1683 0.5847 0.0929 0.1541 
0.0632 0.2928 0.0776 0.5664 
0.6573 0.1056 0.0904 0.1467 
0.0876 0.0236 0.1345 0.7544 
0.6681 0.0993 0.0832 0.1494 
0.0624 0.0006 0.0028 0.9343 
0.8703 0.0527 0.0033 0.0737 
0.0205 0.2312 0.0352 0.7131 
0.6498 0.0948 0.2520 0.0033 
0.0493 0.0710 0.6864 0.1932 
0.2905 0.2068 0.2678 0.2348 
0.2326 0.3016 0.3133 0.1525 
0.4841 0.1630 0.1844 0.1686 

MOTIF filter2 
letter-probability matrix: alength= 4 w= 11 nsites= 11 
0.1716 0.2150 0.4453 0.1681 
0.3279 0.4222 0.2074 0.0426 
0.4276 0.0854 0.0927 0.3943 
0.0027 0.2830 0.0175 0.6969 
0.3968 0.0143 0.0438 0.5450 
0.3177 0.0108 0.0991 0.5724 
0.9171 0.0226 0.0557 0.0046 
0.0646 0.0779 0.1419 0.7156 
0.1521 0.0218 0.8039 0.0222 
0.1446 0.1779 0.4301 0.2475 
0.2720 0.0937 0.4224 0.2119 

MOTIF filter3 
letter-probability matrix: alength= 4 w= 16 nsites= 16 
0.2603 0.2517 0.2402 0.2478 
0.1512 0.2038 0.3206 0.3244 
0.1904 0.5024 0.1263 0.1809 
0.0536 0.0182 0.0086 0.9196 
0.3856 0.0278 0.4632 0.1234 
0.4316 0.2096 0.0440 0.3148 
0.0737 0.7904 0.0029 0.1330 
0.1110 0.7282 0.0153 0.1455 
0.7885 0.0019 0.0163 0.1933 
0.0029 0.0144 0.0019 0.9809 
0.9847 0.0048 0.0105 0.0000 
0.0344 0.0105 0.3033 0.6517 
0.8163 0.1263 0.0134 0.0440 
0.1713 0.1081 0.0833 0.6373 
0.0603 0.0986 0.7493 0.0919 
0.0469 0.0555 0.8440 0.0536 

MOTIF filter4 
letter-probability matrix: alength= 4 w= 14 nsites= 14 
0.5200 0.1290 0.1147 0.2363 
0.2561 0.1520 0.2685 0.3234 
0.1350 0.2225 0.2939 0.3487 
0.0000 0.1276 0.8724 0.0000 
0.0990 0.3206 0.4385 0.1419 
0.3146 0.0000 0.5707 0.1147 
0.0000 0.3795 0.6205 0.0000 
0.3754 0.0000 0.0124 0.6122 
0.5965 0.0249 0.3579 0.0207 
0.0000 0.2197 0.5265 0.2538 
0.1207 0.3524 0.0000 0.5269 
0.0553 0.4712 0.3892 0.0843 
0.1165 0.5891 0.1994 0.0949 
0.3823 0.1465 0.2432 0.2280 

MOTIF filter5 
letter-probability matrix: alength= 4 w= 16 nsites= 16 
0.2760 0.2349 0.2058 0.2833 
0.2397 0.2833 0.2518 0.2252 
0.2252 0.2349 0.2736 0.2663 
0.1090 0.0145 0.7046 0.1719 
0.1356 0.6538 0.1162 0.0944 
0.2857 0.2978 0.2688 0.1477 
0.0678 0.0000 0.8402 0.0920 
0.0169 0.9709 0.0121 0.0000 
0.0121 0.9395 0.0024 0.0460 
1.0000 0.0000 0.0000 0.0000 
0.0073 0.0000 0.0024 0.9903 
0.0291 0.4237 0.1404 0.4068 
0.0000 0.0097 0.0000 0.9903 
0.0000 0.0073 0.0000 0.9927 
0.0847 0.0726 0.6925 0.1501 
0.3099 0.1937 0.2785 0.2179 

MOTIF filter6 
letter-probability matrix: alength= 4 w= 10 nsites= 10 
0.2734 0.2159 0.2518 0.2589 
0.1375 0.3802 0.1521 0.3302 
0.0958 0.3635 0.2055 0.3352 
0.4545 0.0018 0.5289 0.0148 
0.0000 0.7556 0.2444 0.0000 
0.0771 0.0000 0.5094 0.4135 
0.2878 0.0000 0.7108 0.0014 
0.2279 0.3493 0.0013 0.4215 
0.0417 0.3011 0.2256 0.4316 
0.1653 0.2807 0.1649 0.3891 

MOTIF filter7 
letter-probability matrix: alength= 4 w= 10 nsites= 10 
0.3258 0.0385 0.2911 0.3446 
0.1092 0.1312 0.1233 0.6362 
0.5730 0.0465 0.2076 0.1729 
0.4502 0.1038 0.4459 0.0001 
0.6520 0.0523 0.0811 0.2145 
0.0000 0.1383 0.0687 0.7929 
0.2072 0.3388 0.0001 0.4539 
0.1210 0.0873 0.7916 0.0001 
0.2371 0.0429 0.3386 0.3813 
0.2635 0.0758 0.2259 0.4348 

MOTIF filter8 
letter-probability matrix: alength= 4 w= 10 nsites= 10 
0.2615 0.2457 0.2596 0.2332 
0.3328 0.2214 0.2620 0.1839 
0.2568 0.2837 0.2924 0.1671 
0.0460 0.8638 0.0437 0.0465 
0.8858 0.0120 0.0571 0.0451 
0.0496 0.8322 0.0481 0.0701 
0.0708 0.0356 0.8560 0.0375 
0.0399 0.0533 0.0340 0.8728 
0.0245 0.0111 0.9249 0.0394 
0.1614 0.2905 0.3007 0.2473 

MOTIF filter9 
letter-probability matrix: alength= 4 w= 10 nsites= 10 
0.2377 0.2857 0.2465 0.2301 
0.2617 0.2086 0.2668 0.2630 
0.2149 0.4450 0.1909 0.1492 
0.9785 0.0000 0.0013 0.0202 
0.8584 0.0000 0.1416 0.0000 
0.3755 0.1214 0.4071 0.0961 
1.0000 0.0000 0.0000 0.0000 
0.0000 0.0000 0.0000 1.0000 
0.0000 0.0000 1.0000 0.0000 
0.0000 0.0000 1.0000 0.0000 

MOTIF filter10 
letter-probability matrix: alength= 4 w= 14 nsites= 14 
0.2492 0.2523 0.2486 0.2499 
0.2682 0.2632 0.2221 0.2465 
0.4102 0.1981 0.3375 0.0542 
0.0347 0.0394 0.0194 0.9066 
0.0359 0.0461 0.1596 0.7584 
0.3086 0.0311 0.4802 0.1800 
0.0748 0.6634 0.0665 0.1953 
0.2244 0.0637 0.6475 0.0644 
0.1779 0.5163 0.0160 0.2898 
0.7677 0.1673 0.0232 0.0417 
0.8728 0.0472 0.0551 0.0250 
0.0771 0.3055 0.1860 0.4315 
0.2451 0.2617 0.2574 0.2358 
0.2511 0.2286 0.2588 0.2615 

MOTIF filter11 
letter-probability matrix: alength= 4 w= 15 nsites= 15 
0.2933 0.2300 0.2467 0.2300 
0.2533 0.2833 0.2233 0.2400 
0.5200 0.0300 0.1367 0.3133 
0.6300 0.0133 0.0400 0.3167 
0.4633 0.0000 0.0233 0.5133 
0.2933 0.1700 0.1600 0.3767 
0.0000 0.0000 0.0000 1.0000 
0.0000 0.0000 1.0000 0.0000 
0.0333 0.9667 0.0000 0.0000 
0.0033 0.0000 0.0000 0.9967 
0.0000 0.0000 0.9800 0.0200 
1.0000 0.0000 0.0000 0.0000 
0.0500 0.5267 0.2600 0.1633 
0.2767 0.1900 0.0700 0.4633 
0.2233 0.2333 0.1100 0.4333 

MOTIF filter12 
letter-probability matrix: alength= 4 w= 13 nsites= 13 
0.0979 0.4553 0.1753 0.2715 
0.1916 0.2191 0.2534 0.3359 
0.5369 0.0782 0.3024 0.0825 
0.0258 0.4923 0.0481 0.4338 
0.0060 0.8368 0.1237 0.0335 
0.6950 0.0026 0.0000 0.3024 
0.6392 0.0060 0.0000 0.3548 
0.0026 0.0000 0.0000 0.9974 
0.3076 0.1478 0.5447 0.0000 
0.2019 0.0515 0.7431 0.0034 
0.1959 0.4966 0.0988 0.2088 
0.0979 0.3299 0.3651 0.2070 
0.3703 0.2569 0.2577 0.1151 

MOTIF filter13 
letter-probability matrix: alength= 4 w= 16 nsites= 16 
0.2941 0.2591 0.2463 0.2006 
0.3583 0.2106 0.1834 0.2477 
0.2305 0.0528 0.3119 0.4047 
0.0400 0.8587 0.0378 0.0635 
0.0029 0.1042 0.0014 0.8915 
0.6660 0.0007 0.3219 0.0114 
0.1335 0.2177 0.3098 0.3390 
0.4083 0.0100 0.0064 0.5753 
0.6317 0.0164 0.0814 0.2705 
0.3233 0.1378 0.4604 0.0785 
0.0014 0.1228 0.1206 0.7552 
0.8565 0.0064 0.1271 0.0100 
0.1470 0.0550 0.7873 0.0107 
0.4340 0.3112 0.1320 0.1228 
0.3198 0.2256 0.2762 0.1784 
0.2705 0.1991 0.2591 0.2712 

MOTIF filter14 
letter-probability matrix: alength= 4 w= 14 nsites= 14 
0.2924 0.2281 0.2417 0.2378 
0.2807 0.2456 0.2788 0.1949 
0.2261 0.2495 0.2476 0.2768 
0.0214 0.7700 0.2086 0.0000 
0.0487 0.9513 0.0000 0.0000 
0.0000 0.0000 0.9942 0.0058 
0.0000 0.0000 1.0000 0.0000 
0.9942 0.0058 0.0000 0.0000 
1.0000 0.0000 0.0000 0.0000 
0.1150 0.0351 0.8499 0.0000 
0.0604 0.3021 0.0136 0.6238 
0.2027 0.1404 0.5673 0.0897 
0.2632 0.2612 0.4113 0.0643 
0.2417 0.3294 0.2320 0.1969 

MOTIF filter15 
letter-probability matrix: alength= 4 w= 12 nsites= 12 
0.3567 0.1656 0.2076 0.2702 
0.1557 0.2236 0.2216 0.3991 
0.0535 0.1507 0.6166 0.1792 
0.2628 0.0037 0.6841 0.0494 
0.3624 0.0004 0.4646 0.1726 
0.2842 0.0004 0.3456 0.3699 
0.9996 0.0004 0.0000 0.0000 
0.0000 0.6565 0.3435 0.0000 
0.0000 0.3777 0.0000 0.6223 
0.2265 0.4477 0.0449 0.2809 
0.5474 0.0910 0.1446 0.2171 
0.3353 0.0264 0.3456 0.2928 

MOTIF filter16 
letter-probability matrix: alength= 4 w= 14 nsites= 14 
0.1762 0.2387 0.3000 0.2851 
0.3146 0.1654 0.4127 0.1073 
0.4034 0.0692 0.2819 0.2454 
0.0002 0.7275 0.0392 0.2330 
0.0122 0.4190 0.0020 0.5668 
0.3045 0.0307 0.6281 0.0367 
0.3777 0.0225 0.5997 0.0000 
0.0192 0.1100 0.0279 0.8429 
0.0581 0.4422 0.1023 0.3973 
0.3901 0.1397 0.3910 0.0791 
0.1524 0.1091 0.7248 0.0137 
0.2452 0.2319 0.1661 0.3568 
0.1740 0.2252 0.2290 0.3719 
0.2125 0.2495 0.2337 0.3043 

MOTIF filter17 
letter-probability matrix: alength= 4 w= 12 nsites= 12 
0.2084 0.4161 0.1519 0.2235 
0.0312 0.4362 0.3820 0.1507 
0.2338 0.3708 0.2901 0.1053 
0.0161 0.6988 0.2548 0.0303 
0.0662 0.5769 0.1735 0.1834 
0.2071 0.1650 0.5965 0.0313 
0.0003 0.1340 0.0004 0.8653 
0.6491 0.3125 0.0096 0.0289 
0.0009 0.1588 0.5352 0.3051 
0.3407 0.2724 0.0496 0.3372 
0.1812 0.2722 0.2639 0.2826 
0.2373 0.2254 0.2914 0.2459 

MOTIF filter18 
letter-probability matrix: alength= 4 w= 14 nsites= 14 
0.1824 0.2230 0.3266 0.2680 
0.0338 0.4685 0.2432 0.2545 
0.0901 0.6081 0.1374 0.1644 
0.6464 0.0135 0.2950 0.0450 
0.0000 0.9099 0.0270 0.0631 
0.0000 0.0000 0.0000 1.0000 
0.0000 0.0000 0.0000 1.0000 
0.0000 0.9977 0.0000 0.0023 
0.0000 1.0000 0.0000 0.0000 
0.0000 0.0000 0.9527 0.0473 
0.0000 0.2320 0.7432 0.0248 
0.2545 0.2365 0.2072 0.3018 
0.2185 0.2568 0.2432 0.2815 
0.2410 0.2477 0.2162 0.2950 

MOTIF filter19 
letter-probability matrix: alength= 4 w= 14 nsites= 14 
0.1312 0.1870 0.4566 0.2252 
0.3472 0.2660 0.2524 0.1344 
0.1788 0.4862 0.2581 0.0769 
0.0000 0.9671 0.0329 0.0000 
0.2624 0.3936 0.0561 0.2878 
0.2581 0.0962 0.2875 0.3582 
0.9971 0.0007 0.0004 0.0018 
0.0150 0.0036 0.0046 0.9768 
0.4280 0.1916 0.0883 0.2921 
0.1934 0.0082 0.3929 0.4054 
0.0075 0.0504 0.9407 0.0014 
0.1005 0.2024 0.4777 0.2195 
0.1023 0.2238 0.3110 0.3629 
0.1798 0.4726 0.2299 0.1176 

MOTIF filter20 
letter-probability matrix: alength= 4 w= 15 nsites= 15 
0.2846 0.2696 0.2530 0.1928 
0.2500 0.2666 0.2380 0.2455 
0.0889 0.2063 0.4518 0.2530 
0.0000 0.6717 0.0889 0.2395 
0.0045 0.7395 0.0000 0.2560 
0.0015 0.9925 0.0060 0.0000 
0.0000 0.9940 0.0060 0.0000 
0.1325 0.0166 0.5377 0.3133 
0.0060 0.9819 0.0120 0.0000 
0.0000 1.0000 0.0000 0.0000 
0.0000 0.7560 0.0000 0.2440 
0.1235 0.7184 0.0000 0.1581 
0.0617 0.5617 0.0964 0.2801 
0.2515 0.2651 0.2425 0.2410 
0.2636 0.2530 0.2455 0.2380 

MOTIF filter21 
letter-probability matrix: alength= 4 w= 12 nsites= 12 
0.2465 0.2425 0.3499 0.1610 
0.4612 0.1193 0.2266 0.1928 
0.1968 0.2386 0.2386 0.3260 
0.5368 0.0000 0.0000 0.4632 
0.0000 0.0000 0.0020 0.9980 
0.0000 0.0199 0.0000 0.9801 
1.0000 0.0000 0.0000 0.0000 
1.0000 0.0000 0.0000 0.0000 
0.3300 0.0000 0.0000 0.6700 
0.3340 0.3698 0.2386 0.0577 
0.2684 0.2545 0.1093 0.3678 
0.0875 0.3499 0.2266 0.3360 

MOTIF filter22 
letter-probability matrix: alength= 4 w= 12 nsites= 12 
0.3238 0.2950 0.2075 0.1737 
0.1607 0.3232 0.2034 0.3127 
0.0400 0.5628 0.2836 0.1136 
0.6375 0.1152 0.1723 0.0749 
0.0391 0.0000 0.2141 0.7469 
0.0004 0.5913 0.0378 0.3705 
0.2899 0.2080 0.5021 0.0000 
0.9156 0.0002 0.0517 0.0325 
0.3666 0.0093 0.0321 0.5920 
0.0910 0.2403 0.3552 0.3136 
0.0644 0.3833 0.3129 0.2394 
0.2310 0.2727 0.1074 0.3889 

MOTIF filter23 
letter-probability matrix: alength= 4 w= 12 nsites= 12 
0.2288 0.2423 0.2577 0.2713 
0.3415 0.1991 0.2356 0.2238 
0.2187 0.3370 0.2193 0.2250 
0.0002 0.5767 0.4232 0.0000 
0.0076 0.0032 0.4162 0.5730 
0.4130 0.2016 0.0214 0.3641 
0.1883 0.6080 0.0064 0.1974 
0.4045 0.1616 0.4256 0.0083 
0.0084 0.6007 0.0990 0.2919 
0.3111 0.3833 0.2817 0.0239 
0.2541 0.2709 0.2501 0.2250 
0.2511 0.2340 0.2689 0.2460 

MOTIF filter24 
letter-probability matrix: alength= 4 w= 16 nsites= 16 
0.2470 0.2494 0.2502 0.2534 
0.2189 0.2253 0.2221 0.3336 
0.0706 0.0529 0.4579 0.4186 
0.0634 0.8468 0.0032 0.0866 
0.0000 0.2141 0.0024 0.7835 
0.7338 0.2662 0.0000 0.0000 
0.3520 0.0000 0.0008 0.6472 
0.3793 0.0000 0.0000 0.6207 
0.6439 0.0000 0.0000 0.3561 
0.5060 0.0000 0.0000 0.4940 
0.2237 0.0000 0.0008 0.7755 
0.8829 0.0016 0.0000 0.1155 
0.0914 0.0000 0.8613 0.0473 
0.3745 0.2518 0.2759 0.0978 
0.2109 0.1820 0.3673 0.2398 
0.2294 0.3681 0.1820 0.2205 

MOTIF filter25 
letter-probability matrix: alength= 4 w= 10 nsites= 10 
0.2554 0.2162 0.2771 0.2514 
0.3025 0.1823 0.2430 0.2721 
0.3258 0.1524 0.2579 0.2639 
0.0307 0.7874 0.0519 0.1300 
0.2715 0.0386 0.6254 0.0646 
0.0925 0.7373 0.0219 0.1483 
0.0221 0.9245 0.0168 0.0366 
0.4216 0.3571 0.0140 0.2072 
0.1839 0.2790 0.1349 0.4021 
0.1248 0.1677 0.5722 0.1354 

MOTIF filter26 
letter-probability matrix: alength= 4 w= 19 nsites= 19 
0.1622 0.2072 0.2432 0.3874 
0.1712 0.3784 0.3423 0.1081 
0.2703 0.2252 0.2523 0.2523 
0.2162 0.0991 0.0180 0.6667 
0.0000 0.0180 0.9640 0.0180 
0.4595 0.5315 0.0090 0.0000 
0.0090 0.9820 0.0090 0.0000 
0.0000 1.0000 0.0000 0.0000 
0.8108 0.0000 0.0000 0.1892 
0.0000 0.0090 0.0000 0.9910 
0.9910 0.0090 0.0000 0.0000 
0.0000 0.0180 0.0000 0.9820 
0.9730 0.0180 0.0000 0.0090 
0.2703 0.0090 0.0000 0.7207 
0.0000 0.0180 0.9820 0.0000 
0.0000 0.0000 1.0000 0.0000 
0.0000 0.0000 0.0180 0.9820 
0.3604 0.6396 0.0000 0.0000 
0.9189 0.0000 0.0000 0.0811 

MOTIF filter27 
letter-probability matrix: alength= 4 w= 13 nsites= 13 
0.2507 0.2120 0.2863 0.2511 
0.2353 0.1441 0.4811 0.1396 
0.1576 0.0715 0.5654 0.2056 
0.2016 0.0769 0.6846 0.0369 
0.0103 0.1612 0.8213 0.0071 
0.0320 0.1757 0.6949 0.0974 
0.2389 0.4077 0.1798 0.1736 
0.1194 0.0715 0.7532 0.0559 
0.0214 0.0826 0.8691 0.0269 
0.2778 0.0019 0.6788 0.0416 
0.2456 0.1145 0.6280 0.0118 
0.2216 0.3498 0.2977 0.1309 
0.2396 0.2496 0.2866 0.2242 

MOTIF filter28 
letter-probability matrix: alength= 4 w= 15 nsites= 15 
0.1790 0.1480 0.1400 0.5330 
0.0838 0.0924 0.3356 0.4882 
0.2536 0.2260 0.3643 0.1561 
0.0861 0.8766 0.0161 0.0212 
0.0448 0.5347 0.1583 0.2622 
0.5318 0.0534 0.2909 0.1239 
0.3075 0.0092 0.1865 0.4968 
0.6070 0.1331 0.2295 0.0304 
0.0436 0.0981 0.0585 0.7998 
0.5921 0.3414 0.0379 0.0287 
0.6053 0.0149 0.0459 0.3339 
0.0057 0.0011 0.9610 0.0321 
0.0006 0.5072 0.4814 0.0109 
0.5995 0.0143 0.2215 0.1647 
0.2955 0.4710 0.1113 0.1222 

MOTIF filter29 
letter-probability matrix: alength= 4 w= 13 nsites= 13 
0.2799 0.2067 0.4050 0.1084 
0.3828 0.0714 0.3336 0.2122 
0.1594 0.0778 0.4476 0.3151 
0.1409 0.3383 0.5190 0.0019 
0.0751 0.5783 0.2410 0.1057 
0.0000 0.0037 0.9741 0.0222 
0.0167 0.0000 0.8193 0.1640 
0.4504 0.4819 0.0102 0.0575 
0.2512 0.0019 0.7461 0.0009 
0.0028 0.0371 0.9564 0.0037 
0.2326 0.1205 0.3494 0.2975 
0.2882 0.0760 0.5839 0.0519 
0.3948 0.2586 0.2215 0.1251 

MOTIF filter30 
letter-probability matrix: alength= 4 w= 13 nsites= 13 
0.2403 0.2424 0.2488 0.2685 
0.2424 0.2201 0.3221 0.2154 
0.3447 0.2842 0.3044 0.0667 
0.0305 0.0813 0.0228 0.8654 
0.0226 0.0775 0.8105 0.0895 
0.9210 0.0169 0.0300 0.0321 
0.0990 0.3955 0.3942 0.1113 
0.0203 0.0210 0.0162 0.9425 
0.0680 0.8164 0.0923 0.0233 
0.8851 0.0274 0.0598 0.0277 
0.0623 0.3219 0.2693 0.3465 
0.2177 0.3355 0.2039 0.2429 
0.2611 0.2378 0.2560 0.2452 

MOTIF filter31 
letter-probability matrix: alength= 4 w= 15 nsites= 15 
0.2558 0.2535 0.2244 0.2663 
0.2679 0.2457 0.2398 0.2467 
0.1927 0.2440 0.1705 0.3927 
0.0382 0.0444 0.0248 0.8925 
0.0222 0.0389 0.0559 0.8830 
0.1758 0.7478 0.0291 0.0474 
0.0598 0.6286 0.0196 0.2921 
0.2414 0.2483 0.2568 0.2535 
0.3058 0.0121 0.6338 0.0484 
0.0519 0.0206 0.7615 0.1660 
0.8834 0.0644 0.0268 0.0255 
0.9285 0.0265 0.0140 0.0310 
0.4100 0.1669 0.2349 0.1882 
0.2398 0.2418 0.2398 0.2787 
0.2558 0.2385 0.2715 0.2342 

