MEME version 4

ALPHABET= ACGT

Background letter frequencies:
A 0.2500 C 0.2500 G 0.2500 T 0.2500 

MOTIF filter0 
letter-probability matrix: alength= 4 w= 14 nsites= 14 
0.2507 0.2565 0.2429 0.2499 
0.1983 0.2689 0.2590 0.2739 
0.1049 0.2784 0.3651 0.2515 
0.0070 0.6328 0.1169 0.2433 
0.0380 0.6729 0.0508 0.2383 
0.1652 0.7270 0.0967 0.0112 
0.0107 0.8881 0.0434 0.0578 
0.1685 0.1817 0.3581 0.2916 
0.0087 0.7406 0.0083 0.2425 
0.0033 0.9922 0.0045 0.0000 
0.0087 0.7898 0.0066 0.1950 
0.0929 0.5998 0.0789 0.2284 
0.0636 0.4915 0.1879 0.2569 
0.2276 0.3247 0.1817 0.2660 

MOTIF filter1 
letter-probability matrix: alength= 4 w= 12 nsites= 12 
0.2329 0.4312 0.1713 0.1646 
0.1101 0.1355 0.2093 0.5451 
0.3779 0.4069 0.0067 0.2085 
0.1443 0.0363 0.0095 0.8098 
0.6549 0.0556 0.0058 0.2837 
0.3613 0.0060 0.0040 0.6287 
0.5885 0.0052 0.0104 0.3959 
0.2793 0.0051 0.0950 0.6206 
0.6622 0.0378 0.0161 0.2839 
0.1105 0.0383 0.3050 0.5462 
0.6245 0.1650 0.1312 0.0792 
0.2064 0.1273 0.4987 0.1676 

MOTIF filter2 
letter-probability matrix: alength= 4 w= 13 nsites= 13 
0.2496 0.2344 0.2404 0.2756 
0.2259 0.1965 0.3797 0.1979 
0.3497 0.2841 0.2735 0.0927 
0.0608 0.0292 0.0311 0.8789 
0.0328 0.0651 0.8060 0.0961 
0.8547 0.0275 0.0932 0.0246 
0.0907 0.3864 0.4222 0.1007 
0.0710 0.0400 0.0406 0.8484 
0.0859 0.7217 0.0755 0.1170 
0.8595 0.0190 0.0791 0.0425 
0.0864 0.2667 0.3464 0.3005 
0.2474 0.3275 0.1897 0.2354 
0.3022 0.2148 0.2546 0.2284 

MOTIF filter3 
letter-probability matrix: alength= 4 w= 14 nsites= 14 
0.2254 0.3776 0.1840 0.2130 
0.4523 0.0650 0.2448 0.2379 
0.1521 0.5892 0.1010 0.1577 
0.0567 0.0346 0.0512 0.8575 
0.3084 0.0249 0.0581 0.6086 
0.0207 0.9322 0.0304 0.0166 
0.0263 0.9364 0.0373 0.0000 
0.0028 0.0000 0.9751 0.0221 
0.0000 0.1051 0.8230 0.0719 
0.5228 0.1618 0.1162 0.1992 
0.7220 0.0830 0.0636 0.1314 
0.2075 0.1189 0.5560 0.1176 
0.1259 0.3140 0.0678 0.4924 
0.1964 0.1687 0.4661 0.1687 

MOTIF filter4 
letter-probability matrix: alength= 4 w= 16 nsites= 16 
0.2481 0.2795 0.2328 0.2396 
0.3067 0.2209 0.2243 0.2481 
0.1071 0.0229 0.6958 0.1742 
0.1274 0.7485 0.0561 0.0680 
0.2031 0.5811 0.1478 0.0680 
0.6737 0.0000 0.3127 0.0136 
0.2991 0.4452 0.0136 0.2421 
0.0986 0.6720 0.1920 0.0374 
0.7460 0.0170 0.0000 0.2370 
0.0000 0.0000 0.0000 1.0000 
0.0008 0.4308 0.3925 0.1759 
0.0416 0.0561 0.4316 0.4707 
0.0756 0.5293 0.0136 0.3815 
0.1793 0.2557 0.3594 0.2056 
0.1674 0.1054 0.5489 0.1784 
0.2404 0.4783 0.0858 0.1954 

MOTIF filter5 
letter-probability matrix: alength= 4 w= 10 nsites= 10 
0.4761 0.0912 0.3497 0.0830 
0.2271 0.4200 0.1183 0.2346 
0.3056 0.2576 0.0036 0.4333 
0.7690 0.1948 0.0000 0.0363 
0.0155 0.0236 0.9479 0.0131 
0.1213 0.3955 0.0006 0.4826 
0.6828 0.0858 0.0000 0.2314 
0.1385 0.1647 0.5578 0.1391 
0.0841 0.3269 0.1007 0.4882 
0.3931 0.2428 0.1127 0.2514 

MOTIF filter6 
letter-probability matrix: alength= 4 w= 10 nsites= 10 
0.1789 0.2655 0.3279 0.2276 
0.3456 0.0001 0.4019 0.2524 
0.2168 0.3897 0.2461 0.1473 
0.2202 0.0002 0.0770 0.7026 
0.5795 0.0510 0.0000 0.3695 
0.0135 0.6979 0.1265 0.1621 
0.0497 0.5365 0.0025 0.4113 
0.2802 0.3389 0.2929 0.0880 
0.2788 0.2695 0.2487 0.2031 
0.2780 0.1606 0.2506 0.3107 

MOTIF filter7 
letter-probability matrix: alength= 4 w= 15 nsites= 15 
0.2145 0.2226 0.2781 0.2849 
0.0530 0.0642 0.8360 0.0468 
0.0405 0.9507 0.0025 0.0062 
0.0249 0.2631 0.0474 0.6646 
0.3909 0.0493 0.5050 0.0549 
0.6671 0.0162 0.0025 0.3142 
0.6646 0.1658 0.0754 0.0941 
0.5112 0.0779 0.1328 0.2781 
0.4476 0.0468 0.0387 0.4670 
0.0611 0.0580 0.0561 0.8248 
0.2625 0.0131 0.5542 0.1702 
0.0935 0.1085 0.6459 0.1521 
0.2151 0.3466 0.2195 0.2188 
0.2032 0.2980 0.2968 0.2020 
0.2425 0.2637 0.3360 0.1577 

MOTIF filter8 
letter-probability matrix: alength= 4 w= 10 nsites= 10 
0.3144 0.0012 0.2050 0.4794 
0.2888 0.2021 0.1106 0.3984 
0.1782 0.0958 0.0961 0.6299 
0.8951 0.0609 0.0111 0.0329 
0.4898 0.0111 0.0527 0.4464 
0.1938 0.2068 0.2151 0.3843 
0.6804 0.0803 0.1820 0.0573 
0.3204 0.1988 0.2132 0.2676 
0.2032 0.3849 0.0286 0.3834 
0.3307 0.2003 0.2260 0.2430 

MOTIF filter9 
letter-probability matrix: alength= 4 w= 18 nsites= 18 
0.1626 0.1574 0.4048 0.2751 
0.3754 0.3581 0.0744 0.1920 
0.0761 0.8443 0.0138 0.0657 
0.1384 0.7249 0.0398 0.0969 
0.6903 0.1246 0.0675 0.1176 
0.1419 0.0450 0.0692 0.7439 
0.6453 0.1211 0.1678 0.0657 
0.0000 0.0277 0.0087 0.9637 
0.5104 0.4879 0.0000 0.0017 
0.5882 0.0121 0.0017 0.3979 
0.0017 0.0104 0.9602 0.0277 
0.0000 0.5138 0.4862 0.0000 
0.6488 0.0104 0.1003 0.2405 
0.3616 0.4031 0.1021 0.1332 
0.6073 0.0208 0.0121 0.3599 
0.3356 0.1176 0.0519 0.4948 
0.3201 0.1471 0.1090 0.4239 
0.2318 0.2353 0.2889 0.2439 

MOTIF filter10 
letter-probability matrix: alength= 4 w= 14 nsites= 14 
0.1168 0.3205 0.1706 0.3922 
0.5688 0.2202 0.1701 0.0409 
0.1525 0.1008 0.1138 0.6329 
0.7930 0.0006 0.2065 0.0000 
0.0333 0.0105 0.0320 0.9242 
0.3303 0.2411 0.4139 0.0147 
0.0624 0.1038 0.6290 0.2047 
0.0062 0.3051 0.1873 0.5014 
0.2941 0.3176 0.3289 0.0594 
0.3146 0.2986 0.1534 0.2334 
0.0701 0.5202 0.0170 0.3927 
0.2389 0.3088 0.1897 0.2625 
0.2653 0.3354 0.2151 0.1843 
0.2607 0.2212 0.2842 0.2340 

MOTIF filter11 
letter-probability matrix: alength= 4 w= 11 nsites= 11 
0.2518 0.2636 0.3123 0.1723 
0.3450 0.1368 0.2937 0.2244 
0.1516 0.3220 0.2169 0.3094 
0.0000 0.5582 0.2375 0.2042 
0.4368 0.0000 0.1850 0.3783 
0.7278 0.1030 0.1693 0.0000 
0.1155 0.1120 0.0521 0.7204 
0.0003 0.3158 0.0322 0.6517 
0.1013 0.0861 0.2110 0.6016 
0.3096 0.0768 0.4884 0.1251 
0.2007 0.2556 0.0131 0.5306 

MOTIF filter12 
letter-probability matrix: alength= 4 w= 12 nsites= 12 
0.2710 0.1879 0.2059 0.3352 
0.2513 0.1633 0.2298 0.3556 
0.1796 0.1022 0.3883 0.3299 
0.5717 0.0858 0.3063 0.0362 
0.4699 0.0667 0.2704 0.1930 
0.0395 0.7659 0.0290 0.1656 
0.3386 0.3405 0.0000 0.3209 
0.0000 0.3754 0.6195 0.0051 
0.0869 0.5705 0.0000 0.3426 
0.2062 0.3041 0.3929 0.0968 
0.2013 0.2635 0.3079 0.2274 
0.2397 0.2694 0.2786 0.2124 

MOTIF filter13 
letter-probability matrix: alength= 4 w= 17 nsites= 17 
0.3077 0.3077 0.0769 0.3077 
0.2154 0.3692 0.3385 0.0769 
0.0923 0.2769 0.1231 0.5077 
0.1231 0.5231 0.3385 0.0154 
0.0000 0.9846 0.0154 0.0000 
0.0000 0.9231 0.0462 0.0308 
0.0000 0.0308 0.9692 0.0000 
0.0000 0.0000 0.0000 1.0000 
0.7692 0.0923 0.0000 0.1385 
0.0000 0.0000 1.0000 0.0000 
0.3231 0.1538 0.1231 0.4000 
0.0154 0.2154 0.2308 0.5385 
0.2000 0.5077 0.1692 0.1231 
0.6000 0.1538 0.2462 0.0000 
0.3077 0.2308 0.1077 0.3538 
0.2154 0.1385 0.2769 0.3692 
0.2154 0.2000 0.2308 0.3538 

MOTIF filter14 
letter-probability matrix: alength= 4 w= 14 nsites= 14 
0.2336 0.2530 0.2668 0.2466 
0.2512 0.2340 0.2723 0.2424 
0.2457 0.1204 0.5302 0.1037 
0.1775 0.0132 0.6343 0.1750 
0.2900 0.0324 0.6731 0.0046 
0.1237 0.1303 0.7268 0.0192 
0.1400 0.1343 0.7230 0.0026 
0.2655 0.4579 0.1182 0.1583 
0.0942 0.0509 0.8157 0.0392 
0.0103 0.0588 0.8531 0.0777 
0.3472 0.0335 0.5735 0.0458 
0.3311 0.1427 0.5130 0.0132 
0.1836 0.3884 0.3347 0.0934 
0.2116 0.2781 0.2556 0.2547 

MOTIF filter15 
letter-probability matrix: alength= 4 w= 15 nsites= 15 
0.3478 0.2207 0.1940 0.2375 
0.0970 0.3010 0.3545 0.2475 
0.0569 0.5819 0.1003 0.2609 
0.0836 0.4381 0.0268 0.4515 
0.3779 0.5886 0.0334 0.0000 
0.0033 0.8629 0.1338 0.0000 
0.0569 0.0000 0.1873 0.7559 
0.9498 0.0067 0.0435 0.0000 
0.0000 0.3645 0.6355 0.0000 
0.0000 0.0000 0.1237 0.8763 
0.4816 0.3244 0.0669 0.1271 
0.0569 0.3110 0.0033 0.6288 
0.2642 0.3612 0.0635 0.3110 
0.3077 0.5050 0.0569 0.1304 
0.2676 0.2709 0.1973 0.2642 

MOTIF filter16 
letter-probability matrix: alength= 4 w= 15 nsites= 15 
0.2691 0.2442 0.2292 0.2575 
0.2716 0.2425 0.2533 0.2326 
0.1445 0.2434 0.1628 0.4493 
0.0000 0.0125 0.0017 0.9859 
0.0000 0.0017 0.0249 0.9734 
0.1005 0.8962 0.0000 0.0033 
0.0224 0.7533 0.0000 0.2243 
0.2608 0.2301 0.2583 0.2508 
0.2309 0.0000 0.7450 0.0241 
0.0191 0.0050 0.8713 0.1047 
0.9568 0.0349 0.0066 0.0017 
0.9942 0.0025 0.0033 0.0000 
0.4759 0.1453 0.2168 0.1620 
0.2309 0.2691 0.2450 0.2550 
0.2525 0.2392 0.2517 0.2566 

MOTIF filter17 
letter-probability matrix: alength= 4 w= 14 nsites= 14 
0.2265 0.2710 0.2439 0.2585 
0.1272 0.0500 0.1522 0.6706 
0.0938 0.0354 0.7429 0.1279 
0.0104 0.9493 0.0257 0.0146 
0.0771 0.3794 0.0139 0.5295 
0.1925 0.0292 0.7616 0.0167 
0.9430 0.0202 0.0368 0.0000 
0.0076 0.1793 0.1001 0.7130 
0.1237 0.4128 0.2001 0.2634 
0.3475 0.0730 0.4434 0.1362 
0.0278 0.0751 0.8019 0.0952 
0.2349 0.3419 0.2043 0.2189 
0.3030 0.2488 0.1550 0.2933 
0.2307 0.2439 0.2120 0.3134 

MOTIF filter18 
letter-probability matrix: alength= 4 w= 12 nsites= 12 
0.2932 0.2141 0.2669 0.2257 
0.1438 0.1670 0.3020 0.3871 
0.2789 0.2030 0.1994 0.3188 
0.8278 0.0000 0.1722 0.0000 
0.0040 0.8482 0.1478 0.0000 
0.1750 0.0000 0.4499 0.3751 
0.0004 0.2365 0.0064 0.7567 
0.0567 0.2010 0.0000 0.7423 
0.0244 0.3168 0.0000 0.6588 
0.0140 0.1918 0.4119 0.3823 
0.2948 0.4379 0.0304 0.2369 
0.2793 0.1942 0.2777 0.2489 

MOTIF filter19 
letter-probability matrix: alength= 4 w= 9 nsites= 9 
0.2653 0.0638 0.4358 0.2351 
0.2936 0.0791 0.3333 0.2940 
0.3590 0.1923 0.1615 0.2871 
0.3991 0.5942 0.0051 0.0016 
0.5670 0.2156 0.0386 0.1788 
0.0004 0.2940 0.0451 0.6605 
0.2927 0.2310 0.3564 0.1198 
0.1528 0.3517 0.0108 0.4848 
0.1869 0.2036 0.5670 0.0426 

MOTIF filter20 
letter-probability matrix: alength= 4 w= 10 nsites= 10 
0.1436 0.3260 0.2277 0.3027 
0.1654 0.3055 0.1815 0.3475 
0.3141 0.0932 0.3741 0.2187 
0.0000 0.4575 0.5419 0.0005 
0.2833 0.0195 0.2835 0.4137 
0.6885 0.0025 0.1031 0.2059 
0.1296 0.5087 0.3616 0.0001 
0.5088 0.1978 0.2665 0.0268 
0.2969 0.2144 0.3946 0.0941 
0.3169 0.2226 0.3607 0.0998 

MOTIF filter21 
letter-probability matrix: alength= 4 w= 11 nsites= 11 
0.1710 0.3008 0.2591 0.2691 
0.1740 0.2309 0.3031 0.2920 
0.2921 0.3742 0.2984 0.0353 
0.9611 0.0226 0.0079 0.0083 
0.0000 0.0002 0.1502 0.8496 
0.0001 0.4436 0.0279 0.5284 
0.7263 0.0660 0.1530 0.0547 
0.5016 0.0690 0.4294 0.0000 
0.4512 0.1187 0.1132 0.3169 
0.1208 0.3274 0.2486 0.3032 
0.2082 0.2950 0.2655 0.2313 

MOTIF filter22 
letter-probability matrix: alength= 4 w= 12 nsites= 12 
0.2584 0.2547 0.2457 0.2412 
0.3620 0.2170 0.2437 0.1773 
0.2435 0.2690 0.2730 0.2145 
0.0449 0.8736 0.0357 0.0458 
0.8513 0.0341 0.0389 0.0757 
0.0407 0.7566 0.0349 0.1678 
0.1737 0.0441 0.7429 0.0393 
0.0654 0.0393 0.0225 0.8727 
0.1024 0.0441 0.7725 0.0810 
0.2079 0.2741 0.2883 0.2297 
0.2133 0.2551 0.1864 0.3452 
0.2328 0.2571 0.2532 0.2569 

MOTIF filter23 
letter-probability matrix: alength= 4 w= 14 nsites= 14 
0.2506 0.2510 0.2469 0.2514 
0.2632 0.2582 0.2291 0.2495 
0.3943 0.1903 0.3388 0.0766 
0.0467 0.0630 0.0724 0.8179 
0.0312 0.0406 0.2005 0.7276 
0.3038 0.0297 0.4871 0.1794 
0.0965 0.5899 0.1037 0.2099 
0.2239 0.0772 0.6158 0.0830 
0.1895 0.4832 0.0249 0.3025 
0.7169 0.1917 0.0423 0.0491 
0.8469 0.0608 0.0566 0.0357 
0.0858 0.3117 0.1943 0.4081 
0.2487 0.2580 0.2521 0.2411 
0.2454 0.2384 0.2551 0.2611 

MOTIF filter24 
letter-probability matrix: alength= 4 w= 13 nsites= 13 
0.1240 0.3401 0.3226 0.2133 
0.2808 0.2831 0.3302 0.1059 
0.4081 0.1164 0.3501 0.1254 
0.0067 0.6005 0.0485 0.3444 
0.0000 0.8447 0.1511 0.0043 
0.9724 0.0238 0.0029 0.0010 
0.5002 0.1026 0.1368 0.2603 
0.0095 0.0162 0.0394 0.9349 
0.0323 0.2950 0.6727 0.0000 
0.4314 0.0195 0.5449 0.0043 
0.1154 0.3853 0.1786 0.3207 
0.1102 0.2817 0.2836 0.3245 
0.3245 0.2627 0.2347 0.1781 

MOTIF filter25 
letter-probability matrix: alength= 4 w= 14 nsites= 14 
0.2741 0.0723 0.2397 0.4139 
0.4418 0.1033 0.1985 0.2564 
0.1920 0.2360 0.2250 0.3470 
0.0686 0.7270 0.0505 0.1539 
0.2964 0.2422 0.3874 0.0740 
0.0000 0.3588 0.3667 0.2744 
0.2730 0.0006 0.0452 0.6813 
0.7767 0.0000 0.2219 0.0014 
0.3154 0.6553 0.0056 0.0237 
0.5703 0.0215 0.1770 0.2312 
0.0762 0.0260 0.7324 0.1654 
0.3605 0.2329 0.0000 0.4065 
0.2242 0.2849 0.0839 0.4071 
0.3888 0.2532 0.0810 0.2770 

MOTIF filter26 
letter-probability matrix: alength= 4 w= 14 nsites= 14 
0.2947 0.1798 0.0530 0.4725 
0.4956 0.0372 0.3593 0.1079 
0.2406 0.4156 0.0425 0.3013 
0.0508 0.6396 0.0125 0.2972 
0.0086 0.2736 0.7106 0.0072 
0.0502 0.0949 0.3574 0.4975 
0.1690 0.4772 0.1118 0.2420 
0.5386 0.0544 0.1401 0.2669 
0.0924 0.0130 0.8729 0.0216 
0.0197 0.6781 0.1318 0.1704 
0.6193 0.0635 0.2786 0.0386 
0.2639 0.2531 0.1387 0.3443 
0.3424 0.2475 0.1118 0.2983 
0.3321 0.2236 0.1329 0.3113 

MOTIF filter27 
letter-probability matrix: alength= 4 w= 17 nsites= 17 
0.1588 0.1825 0.4218 0.2370 
0.5071 0.3318 0.1540 0.0071 
0.2204 0.5403 0.0711 0.1682 
0.0000 0.9976 0.0024 0.0000 
0.2180 0.2062 0.0000 0.5758 
0.2275 0.0474 0.2417 0.4834 
0.9953 0.0000 0.0047 0.0000 
0.0000 0.0047 0.0000 0.9953 
0.4526 0.0995 0.0047 0.4431 
0.4242 0.0000 0.3507 0.2251 
0.0047 0.0024 0.9929 0.0000 
0.0972 0.1896 0.4502 0.2630 
0.0118 0.3270 0.2346 0.4265 
0.0758 0.8175 0.0782 0.0284 
0.6185 0.0995 0.2133 0.0687 
0.2251 0.2014 0.2346 0.3389 
0.2204 0.1777 0.3033 0.2986 

MOTIF filter28 
letter-probability matrix: alength= 4 w= 16 nsites= 16 
0.2385 0.2136 0.2765 0.2714 
0.1946 0.4199 0.1565 0.2290 
0.3811 0.2341 0.1792 0.2056 
0.1463 0.0256 0.6628 0.1653 
0.0775 0.7089 0.1266 0.0871 
0.5187 0.4543 0.0263 0.0007 
0.8632 0.0293 0.1075 0.0000 
0.3050 0.0563 0.2787 0.3599 
0.4075 0.3541 0.0219 0.2165 
0.0000 0.0373 0.0000 0.9627 
0.0000 0.0015 0.2685 0.7301 
0.1456 0.0841 0.7476 0.0227 
0.3870 0.5523 0.0234 0.0373 
0.2553 0.1178 0.3394 0.2875 
0.1514 0.2114 0.4770 0.1602 
0.2143 0.5201 0.0541 0.2114 

MOTIF filter29 
letter-probability matrix: alength= 4 w= 10 nsites= 10 
0.3321 0.1953 0.3234 0.1492 
0.3140 0.2101 0.3389 0.1371 
0.3647 0.3269 0.2401 0.0683 
0.0144 0.3123 0.0365 0.6368 
0.5315 0.3866 0.0269 0.0549 
0.0018 0.0012 0.4852 0.5118 
0.9181 0.0025 0.0758 0.0036 
0.0000 0.2723 0.4104 0.3174 
0.4335 0.1685 0.2278 0.1701 
0.2352 0.1839 0.2952 0.2857 

MOTIF filter30 
letter-probability matrix: alength= 4 w= 14 nsites= 14 
0.5166 0.0648 0.2618 0.1567 
0.3345 0.3511 0.2671 0.0473 
0.2180 0.1138 0.1130 0.5552 
0.0114 0.2110 0.1060 0.6716 
0.3398 0.6392 0.0000 0.0210 
0.0158 0.4133 0.5657 0.0053 
0.0499 0.0000 0.8415 0.1086 
0.8441 0.0333 0.1191 0.0035 
0.7049 0.0595 0.0692 0.1664 
0.0525 0.1147 0.7443 0.0884 
0.0674 0.2785 0.0289 0.6252 
0.2452 0.1138 0.5385 0.1025 
0.2671 0.3100 0.3529 0.0701 
0.2014 0.3748 0.2172 0.2067 

MOTIF filter31 
letter-probability matrix: alength= 4 w= 10 nsites= 10 
0.1122 0.2622 0.3944 0.2313 
0.1442 0.0886 0.5988 0.1684 
0.1578 0.3504 0.4826 0.0092 
0.0137 0.1506 0.1467 0.6889 
0.7629 0.1984 0.0381 0.0006 
0.3060 0.6556 0.0015 0.0369 
0.1004 0.5558 0.0074 0.3365 
0.1761 0.4292 0.3398 0.0550 
0.3165 0.4305 0.1229 0.1301 
0.2191 0.1285 0.2188 0.4335 

