MEME version 4

ALPHABET= ACGT

Background letter frequencies:
A 0.2500 C 0.2500 G 0.2500 T 0.2500 

MOTIF filter0 
letter-probability matrix: alength= 4 w= 10 nsites= 10 
0.1934 0.2178 0.3484 0.2404 
0.1088 0.5228 0.1474 0.2210 
0.5114 0.0947 0.2309 0.1630 
0.1477 0.0117 0.0230 0.8176 
0.0144 0.1507 0.0030 0.8319 
0.3898 0.0000 0.3324 0.2778 
0.3692 0.5737 0.0268 0.0304 
0.4900 0.0032 0.2435 0.2633 
0.0616 0.2912 0.1252 0.5220 
0.4947 0.2629 0.0003 0.2421 

MOTIF filter1 
letter-probability matrix: alength= 4 w= 11 nsites= 11 
0.1032 0.2271 0.2361 0.4336 
0.2439 0.2842 0.0122 0.4597 
0.3268 0.0867 0.2400 0.3465 
0.0247 0.9722 0.0030 0.0000 
0.1680 0.5976 0.0000 0.2344 
0.1344 0.0426 0.3135 0.5094 
0.0266 0.0000 0.9471 0.0263 
0.2870 0.0566 0.5001 0.1564 
0.5161 0.3488 0.0043 0.1307 
0.4157 0.1270 0.2461 0.2111 
0.2721 0.1759 0.2843 0.2677 

MOTIF filter2 
letter-probability matrix: alength= 4 w= 10 nsites= 10 
0.3041 0.3711 0.1552 0.1695 
0.4118 0.0240 0.2930 0.2712 
0.1616 0.4761 0.3552 0.0072 
0.9159 0.0075 0.0754 0.0012 
0.1072 0.5987 0.1181 0.1760 
0.0007 0.0981 0.6234 0.2778 
0.0004 0.1554 0.0000 0.8441 
0.1994 0.3025 0.4420 0.0561 
0.2799 0.3831 0.1329 0.2042 
0.1809 0.2162 0.2982 0.3047 

MOTIF filter3 
letter-probability matrix: alength= 4 w= 12 nsites= 12 
0.2644 0.1605 0.1913 0.3837 
0.2580 0.3243 0.1844 0.2333 
0.1603 0.1301 0.1428 0.5667 
0.6180 0.0000 0.3819 0.0001 
0.2412 0.4854 0.1535 0.1199 
0.4425 0.3349 0.1052 0.1174 
0.0088 0.0000 0.9480 0.0431 
0.2433 0.3618 0.0128 0.3820 
0.0005 0.2137 0.0205 0.7652 
0.6098 0.1277 0.1157 0.1468 
0.1649 0.2470 0.2194 0.3687 
0.2743 0.2721 0.1576 0.2960 

MOTIF filter4 
letter-probability matrix: alength= 4 w= 12 nsites= 12 
0.1956 0.2224 0.2782 0.3038 
0.3014 0.1774 0.4019 0.1193 
0.4158 0.1206 0.2057 0.2579 
0.0019 0.5163 0.0983 0.3835 
0.0257 0.2745 0.0053 0.6945 
0.4822 0.0172 0.4934 0.0072 
0.6898 0.0145 0.2955 0.0003 
0.0000 0.1949 0.0292 0.7760 
0.0057 0.5488 0.1414 0.3041 
0.4718 0.1375 0.3361 0.0545 
0.3972 0.0877 0.4575 0.0576 
0.2592 0.2397 0.0987 0.4025 

MOTIF filter5 
letter-probability matrix: alength= 4 w= 14 nsites= 14 
0.1564 0.2252 0.3413 0.2771 
0.2446 0.3387 0.2440 0.1726 
0.3634 0.2622 0.2479 0.1265 
0.0480 0.9280 0.0175 0.0065 
0.5386 0.0000 0.0837 0.3777 
0.2375 0.0000 0.3005 0.4620 
0.0013 0.9987 0.0000 0.0000 
0.0019 0.4504 0.0084 0.5393 
0.1986 0.0000 0.7735 0.0279 
0.1953 0.0526 0.1590 0.5931 
0.3245 0.3550 0.1058 0.2148 
0.0013 0.1213 0.6223 0.2550 
0.0928 0.2005 0.2661 0.4406 
0.2103 0.2745 0.3193 0.1960 

MOTIF filter6 
letter-probability matrix: alength= 4 w= 12 nsites= 12 
0.2015 0.1636 0.4090 0.2259 
0.2804 0.3893 0.1443 0.1861 
0.1283 0.4337 0.1976 0.2405 
0.0667 0.6722 0.1472 0.1139 
0.3326 0.0007 0.5762 0.0905 
0.0712 0.2449 0.1678 0.5161 
0.2735 0.0000 0.7257 0.0008 
0.0212 0.5350 0.0033 0.4406 
0.7221 0.0137 0.0184 0.2459 
0.2973 0.3166 0.0263 0.3598 
0.0371 0.5199 0.3115 0.1315 
0.0943 0.2946 0.3964 0.2147 

MOTIF filter7 
letter-probability matrix: alength= 4 w= 14 nsites= 14 
0.2474 0.3835 0.1302 0.2389 
0.2212 0.3416 0.1651 0.2720 
0.1043 0.5510 0.1621 0.1826 
0.0382 0.3850 0.0386 0.5382 
0.0002 0.6252 0.1209 0.2537 
0.5286 0.4701 0.0002 0.0011 
0.0000 0.7637 0.0000 0.2363 
0.1030 0.1311 0.4045 0.3615 
0.0039 0.4097 0.1403 0.4461 
0.0004 0.6918 0.2738 0.0340 
0.0170 0.5288 0.0218 0.4324 
0.0753 0.4880 0.0633 0.3735 
0.1765 0.4849 0.1248 0.2138 
0.3187 0.2616 0.1843 0.2354 

MOTIF filter8 
letter-probability matrix: alength= 4 w= 12 nsites= 12 
0.2715 0.1632 0.2852 0.2802 
0.2386 0.2087 0.2239 0.3288 
0.2081 0.2342 0.1695 0.3882 
0.0491 0.7779 0.0000 0.1729 
0.0307 0.9030 0.0578 0.0084 
0.0194 0.6639 0.0116 0.3051 
0.2733 0.0665 0.5958 0.0644 
0.0210 0.0045 0.8323 0.1422 
0.1687 0.0000 0.8124 0.0189 
0.4560 0.1472 0.2597 0.1372 
0.4736 0.1842 0.1593 0.1829 
0.3088 0.2079 0.1146 0.3687 

MOTIF filter9 
letter-probability matrix: alength= 4 w= 12 nsites= 12 
0.3410 0.2102 0.2483 0.2005 
0.3283 0.0151 0.1956 0.4609 
0.2853 0.2489 0.1775 0.2883 
0.0606 0.3234 0.6130 0.0030 
0.0000 0.6329 0.3610 0.0061 
0.0297 0.0000 0.2102 0.7601 
0.0896 0.0357 0.1878 0.6869 
1.0000 0.0000 0.0000 0.0000 
0.0000 0.9158 0.0842 0.0000 
0.0715 0.2980 0.2071 0.4234 
0.1575 0.3622 0.3228 0.1575 
0.3555 0.3761 0.0000 0.2683 

MOTIF filter10 
letter-probability matrix: alength= 4 w= 12 nsites= 12 
0.2735 0.2031 0.2011 0.3223 
0.2911 0.1389 0.2774 0.2926 
0.1943 0.1324 0.3956 0.2777 
0.4195 0.0078 0.5252 0.0475 
0.4857 0.1034 0.3462 0.0647 
0.7827 0.1140 0.0755 0.0278 
0.2181 0.3932 0.0000 0.3887 
0.0000 0.1761 0.6119 0.2120 
0.0808 0.3429 0.0000 0.5763 
0.4552 0.1681 0.3464 0.0303 
0.3406 0.2830 0.1572 0.2192 
0.2606 0.2702 0.1799 0.2893 

MOTIF filter11 
letter-probability matrix: alength= 4 w= 14 nsites= 14 
0.1697 0.3849 0.2450 0.2004 
0.2375 0.3796 0.1856 0.1972 
0.4369 0.1357 0.3266 0.1007 
0.0435 0.5917 0.0710 0.2937 
0.0000 0.0000 0.0000 1.0000 
0.0000 0.0000 0.0042 0.9958 
0.1103 0.8897 0.0000 0.0000 
0.0011 0.8176 0.0000 0.1813 
0.2227 0.1177 0.5387 0.1209 
0.2047 0.0795 0.6829 0.0329 
0.0170 0.0541 0.6628 0.2662 
0.7603 0.0817 0.0870 0.0710 
0.8505 0.0573 0.0095 0.0827 
0.4761 0.1612 0.2142 0.1485 

MOTIF filter12 
letter-probability matrix: alength= 4 w= 14 nsites= 14 
0.2557 0.3502 0.2816 0.1125 
0.3508 0.2076 0.1781 0.2635 
0.3604 0.2329 0.2918 0.1149 
0.1763 0.6992 0.0854 0.0391 
0.2310 0.6089 0.0241 0.1360 
0.2930 0.0572 0.5211 0.1288 
0.4735 0.2148 0.2533 0.0584 
0.0457 0.0427 0.1059 0.8057 
0.0235 0.7130 0.0415 0.2220 
0.5686 0.0024 0.3700 0.0590 
0.0024 0.0566 0.9182 0.0229 
0.0223 0.8574 0.0168 0.1035 
0.7022 0.1667 0.0481 0.0830 
0.3117 0.2280 0.2202 0.2401 

MOTIF filter13 
letter-probability matrix: alength= 4 w= 11 nsites= 11 
0.2578 0.3775 0.2333 0.1314 
0.1720 0.1231 0.2467 0.4582 
0.1425 0.1008 0.1927 0.5640 
0.0306 0.5702 0.3976 0.0017 
0.0451 0.9516 0.0000 0.0033 
0.0033 0.0000 0.9805 0.0161 
0.0000 0.2756 0.6715 0.0529 
0.9065 0.0379 0.0195 0.0362 
0.7444 0.0535 0.1030 0.0991 
0.0590 0.1331 0.6464 0.1615 
0.1125 0.2812 0.1002 0.5061 

MOTIF filter14 
letter-probability matrix: alength= 4 w= 14 nsites= 14 
0.1484 0.1556 0.4013 0.2947 
0.1505 0.3974 0.2492 0.2029 
0.3299 0.2727 0.3492 0.0482 
0.3736 0.0000 0.5524 0.0741 
0.2676 0.6544 0.0780 0.0000 
0.0500 0.6595 0.2905 0.0000 
0.9819 0.0000 0.0181 0.0000 
0.2869 0.0172 0.0003 0.6957 
0.0006 0.2595 0.3844 0.3555 
0.0084 0.3841 0.3128 0.2947 
0.1132 0.6141 0.0000 0.2727 
0.1267 0.3669 0.3706 0.1358 
0.3055 0.1376 0.3910 0.1659 
0.2366 0.3793 0.1547 0.2294 

MOTIF filter15 
letter-probability matrix: alength= 4 w= 12 nsites= 12 
0.1567 0.5288 0.1680 0.1464 
0.2695 0.5054 0.2191 0.0059 
0.3954 0.0841 0.0782 0.4423 
0.0026 0.3129 0.0028 0.6818 
0.5521 0.0109 0.4292 0.0077 
0.0014 0.5676 0.0156 0.4154 
0.2513 0.0014 0.7463 0.0010 
0.1423 0.3155 0.0000 0.5423 
0.3837 0.0301 0.5704 0.0158 
0.4918 0.0552 0.4011 0.0519 
0.0548 0.2420 0.1878 0.5153 
0.2539 0.3952 0.1579 0.1930 

MOTIF filter16 
letter-probability matrix: alength= 4 w= 13 nsites= 13 
0.2360 0.1671 0.3523 0.2446 
0.2225 0.1885 0.3922 0.1968 
0.2349 0.1750 0.4323 0.1578 
0.1159 0.1046 0.6487 0.1308 
0.0082 0.2518 0.6345 0.1055 
0.3509 0.1957 0.3647 0.0887 
0.0270 0.2089 0.7640 0.0000 
0.0059 0.4733 0.4630 0.0577 
0.2143 0.0386 0.4980 0.2492 
0.0695 0.3625 0.5679 0.0002 
0.2046 0.3475 0.4302 0.0177 
0.1690 0.2266 0.4711 0.1333 
0.2743 0.2917 0.3319 0.1021 

MOTIF filter17 
letter-probability matrix: alength= 4 w= 15 nsites= 15 
0.2739 0.3415 0.1373 0.2474 
0.2181 0.1317 0.1505 0.4997 
0.0969 0.1080 0.6376 0.1575 
0.1129 0.7575 0.0258 0.1038 
0.0787 0.3693 0.0620 0.4899 
0.3812 0.0035 0.1840 0.4314 
0.4000 0.0021 0.0418 0.5561 
0.0955 0.5178 0.3310 0.0557 
0.2794 0.2760 0.0153 0.4293 
0.1275 0.3073 0.0941 0.4711 
0.2474 0.0070 0.7338 0.0118 
0.0216 0.0049 0.8899 0.0836 
0.4920 0.4411 0.0425 0.0244 
0.7770 0.0662 0.0983 0.0585 
0.4077 0.1359 0.2941 0.1624 

MOTIF filter18 
letter-probability matrix: alength= 4 w= 13 nsites= 13 
0.2026 0.2233 0.2118 0.3623 
0.1992 0.1808 0.4194 0.2007 
0.3363 0.3673 0.2482 0.0483 
0.0483 0.0146 0.0103 0.9268 
0.0280 0.0149 0.8874 0.0697 
0.9173 0.0103 0.0264 0.0460 
0.0686 0.4320 0.4443 0.0552 
0.0467 0.0433 0.0318 0.8782 
0.0624 0.8774 0.0161 0.0440 
0.9200 0.0096 0.0115 0.0590 
0.0421 0.2681 0.3830 0.3068 
0.1972 0.4136 0.1800 0.2091 
0.3278 0.2026 0.2256 0.2440 

MOTIF filter19 
letter-probability matrix: alength= 4 w= 10 nsites= 10 
0.1883 0.2339 0.3656 0.2123 
0.0915 0.5036 0.1573 0.2476 
0.2427 0.0585 0.3268 0.3721 
0.0059 0.6750 0.2771 0.0420 
0.2024 0.0145 0.0068 0.7763 
0.5196 0.1840 0.1810 0.1153 
0.0008 0.9256 0.0686 0.0050 
0.1533 0.4138 0.2933 0.1395 
0.1001 0.4799 0.2725 0.1475 
0.3646 0.2538 0.2212 0.1603 

MOTIF filter20 
letter-probability matrix: alength= 4 w= 10 nsites= 10 
0.2351 0.1754 0.4834 0.1061 
0.2996 0.0918 0.3902 0.2185 
0.4349 0.4318 0.0899 0.0435 
0.0003 0.7559 0.2405 0.0032 
0.1012 0.3852 0.1950 0.3187 
0.3080 0.0580 0.3004 0.3337 
0.0005 0.1209 0.4367 0.4419 
0.3254 0.2177 0.1745 0.2824 
0.0000 0.4884 0.1399 0.3717 
0.3156 0.2219 0.2478 0.2147 

MOTIF filter21 
letter-probability matrix: alength= 4 w= 11 nsites= 11 
0.2187 0.2341 0.2298 0.3173 
0.0812 0.2213 0.1306 0.5669 
0.2868 0.1731 0.2517 0.2884 
0.8194 0.1096 0.0711 0.0000 
0.6661 0.1936 0.0312 0.1091 
0.3142 0.2026 0.4823 0.0009 
0.0013 0.2102 0.1501 0.6384 
0.0515 0.0535 0.1310 0.7641 
0.0001 0.3805 0.2704 0.3490 
0.3743 0.2625 0.1216 0.2416 
0.3577 0.2485 0.1759 0.2179 

MOTIF filter22 
letter-probability matrix: alength= 4 w= 14 nsites= 14 
0.3145 0.2528 0.2662 0.1665 
0.1331 0.1323 0.3435 0.3911 
0.0803 0.5509 0.0818 0.2870 
0.0677 0.0216 0.1963 0.7145 
0.9026 0.0268 0.0506 0.0201 
0.1152 0.1219 0.1494 0.6134 
0.1390 0.0015 0.0580 0.8015 
0.3219 0.3368 0.0000 0.3413 
0.3264 0.5338 0.0074 0.1323 
0.0007 0.0967 0.0067 0.8959 
0.8662 0.0201 0.0907 0.0230 
0.0610 0.0052 0.9086 0.0253 
0.5026 0.2914 0.1509 0.0550 
0.4164 0.1799 0.2454 0.1584 

MOTIF filter23 
letter-probability matrix: alength= 4 w= 12 nsites= 12 
0.2961 0.2685 0.1843 0.2511 
0.3445 0.0503 0.4314 0.1738 
0.2109 0.3796 0.3003 0.1092 
0.3453 0.6378 0.0170 0.0000 
0.9404 0.0032 0.0074 0.0490 
0.0602 0.2994 0.4333 0.2071 
0.3861 0.1692 0.3910 0.0537 
0.0030 0.0046 0.0067 0.9857 
0.0000 0.0055 0.5897 0.4047 
0.1730 0.2062 0.4844 0.1364 
0.1974 0.4884 0.0543 0.2599 
0.1947 0.1864 0.2894 0.3295 

MOTIF filter24 
letter-probability matrix: alength= 4 w= 14 nsites= 14 
0.1965 0.2794 0.2668 0.2573 
0.2794 0.3019 0.2511 0.1675 
0.4374 0.0713 0.2501 0.2412 
0.1801 0.6336 0.1464 0.0399 
0.1917 0.6793 0.0000 0.1290 
0.9962 0.0000 0.0038 0.0000 
0.5080 0.3487 0.0068 0.1365 
0.2306 0.0426 0.2900 0.4367 
0.0010 0.0136 0.0007 0.9846 
0.2081 0.0000 0.6609 0.1310 
0.1170 0.1211 0.6622 0.0996 
0.2412 0.2289 0.1215 0.4084 
0.1593 0.1941 0.3340 0.3125 
0.2661 0.2470 0.2596 0.2272 

MOTIF filter25 
letter-probability matrix: alength= 4 w= 13 nsites= 13 
0.1675 0.2523 0.3712 0.2090 
0.3061 0.2327 0.3219 0.1393 
0.3404 0.1657 0.4111 0.0828 
0.0000 0.3901 0.0026 0.6073 
0.0000 0.4816 0.5132 0.0053 
0.9992 0.0008 0.0000 0.0000 
0.3106 0.1950 0.1935 0.3008 
0.0004 0.0000 0.0004 0.9992 
0.0147 0.4288 0.5565 0.0000 
0.5523 0.0004 0.4473 0.0000 
0.0975 0.3422 0.1977 0.3626 
0.1194 0.2696 0.3163 0.2948 
0.2157 0.3133 0.2812 0.1898 

MOTIF filter26 
letter-probability matrix: alength= 4 w= 9 nsites= 9 
0.3813 0.3373 0.1298 0.1516 
0.3430 0.1933 0.1785 0.2852 
0.2142 0.4441 0.0583 0.2834 
0.0000 0.0647 0.9353 0.0000 
0.4347 0.0054 0.0020 0.5578 
0.0001 0.9936 0.0063 0.0000 
0.3039 0.0052 0.3489 0.3420 
0.3422 0.0890 0.1371 0.4317 
0.1085 0.1744 0.3737 0.3433 

MOTIF filter27 
letter-probability matrix: alength= 4 w= 17 nsites= 17 
0.4228 0.1080 0.1648 0.3044 
0.4190 0.1309 0.1238 0.3262 
0.2597 0.2057 0.2079 0.3268 
0.1282 0.1260 0.0502 0.6956 
0.0867 0.0404 0.7709 0.1020 
0.1244 0.7763 0.0371 0.0622 
0.0316 0.0900 0.0273 0.8511 
0.3312 0.1391 0.5183 0.0115 
0.6394 0.0426 0.0218 0.2962 
0.0415 0.6688 0.1418 0.1478 
0.4566 0.1779 0.2253 0.1402 
0.2826 0.0382 0.2199 0.4594 
0.0382 0.4228 0.2073 0.3317 
0.7059 0.0278 0.1178 0.1484 
0.1779 0.0687 0.3983 0.3552 
0.2231 0.3153 0.0987 0.3628 
0.3115 0.1506 0.1588 0.3792 

MOTIF filter28 
letter-probability matrix: alength= 4 w= 15 nsites= 15 
0.2001 0.1554 0.1205 0.5240 
0.1244 0.1606 0.5174 0.1975 
0.2778 0.2278 0.1856 0.3088 
0.0013 0.9717 0.0000 0.0270 
0.0000 0.5616 0.0000 0.4384 
0.9243 0.0013 0.0000 0.0744 
0.1106 0.0000 0.0020 0.8874 
0.7512 0.0211 0.0000 0.2278 
0.2093 0.0000 0.0053 0.7854 
0.8486 0.0000 0.0000 0.1514 
0.0783 0.0013 0.0000 0.9203 
0.4404 0.0026 0.5569 0.0000 
0.0145 0.0000 0.9835 0.0020 
0.2600 0.2120 0.2409 0.2870 
0.2442 0.4885 0.1619 0.1053 

MOTIF filter29 
letter-probability matrix: alength= 4 w= 14 nsites= 14 
0.2352 0.2648 0.2322 0.2678 
0.2281 0.2525 0.2678 0.2515 
0.2709 0.2312 0.2424 0.2556 
0.5132 0.1059 0.3768 0.0041 
0.0000 0.0000 0.0000 1.0000 
0.0000 0.0000 0.0937 0.9063 
0.2729 0.0000 0.5967 0.1303 
0.0092 0.8788 0.0020 0.1100 
0.0998 0.0143 0.8758 0.0102 
0.0998 0.6762 0.0000 0.2240 
0.9430 0.0570 0.0000 0.0000 
1.0000 0.0000 0.0000 0.0000 
0.0020 0.3523 0.1253 0.5204 
0.2668 0.2515 0.2882 0.1935 

MOTIF filter30 
letter-probability matrix: alength= 4 w= 14 nsites= 14 
0.1215 0.4346 0.1351 0.3087 
0.1802 0.1746 0.2553 0.3898 
0.2001 0.4213 0.1923 0.1863 
0.0205 0.0131 0.3282 0.6382 
0.3207 0.3117 0.2631 0.1045 
0.7904 0.0122 0.0287 0.1687 
0.4248 0.0643 0.2901 0.2209 
0.5475 0.0704 0.1472 0.2349 
0.6685 0.0364 0.1229 0.1721 
0.1181 0.2442 0.0053 0.6325 
0.4768 0.0644 0.1564 0.3024 
0.1997 0.4190 0.2931 0.0882 
0.2147 0.6436 0.0249 0.1169 
0.1464 0.3007 0.1780 0.3749 

MOTIF filter31 
letter-probability matrix: alength= 4 w= 14 nsites= 14 
0.1895 0.1704 0.1588 0.4813 
0.1256 0.1262 0.2688 0.4795 
0.1700 0.1708 0.5843 0.0748 
0.0326 0.8370 0.1153 0.0151 
0.0857 0.4535 0.1286 0.3322 
0.3503 0.2825 0.3113 0.0559 
0.6845 0.0000 0.0757 0.2398 
0.7346 0.0089 0.0058 0.2507 
0.1131 0.1177 0.0032 0.7660 
0.2748 0.0966 0.3018 0.3268 
0.0932 0.0121 0.3421 0.5527 
0.1958 0.2072 0.5072 0.0897 
0.0624 0.1915 0.5686 0.1775 
0.2300 0.2223 0.3493 0.1984 

