MEME version 4

ALPHABET= ACGT

Background letter frequencies:
A 0.2500 C 0.2500 G 0.2500 T 0.2500 

MOTIF filter0 
letter-probability matrix: alength= 4 w= 15 nsites= 15 
0.1724 0.4167 0.1921 0.2188 
0.4796 0.1145 0.2767 0.1291 
0.0184 0.4707 0.1711 0.3397 
0.0184 0.0013 0.0127 0.9676 
0.0095 0.0000 0.1520 0.8384 
0.1603 0.7933 0.0452 0.0013 
0.1781 0.5547 0.1190 0.1482 
0.2093 0.0910 0.5719 0.1279 
0.0903 0.3779 0.4841 0.0477 
0.0006 0.2799 0.5980 0.1215 
0.6380 0.1858 0.0922 0.0840 
0.8849 0.0210 0.0038 0.0903 
0.3683 0.0865 0.4218 0.1234 
0.1438 0.2341 0.1196 0.5025 
0.1813 0.2627 0.2290 0.3270 

MOTIF filter1 
letter-probability matrix: alength= 4 w= 10 nsites= 10 
0.2911 0.2511 0.2331 0.2247 
0.1009 0.0935 0.2276 0.5780 
0.1640 0.1587 0.2184 0.4588 
0.2528 0.6635 0.0000 0.0837 
0.2319 0.7676 0.0001 0.0004 
0.0001 0.6645 0.3289 0.0065 
0.0735 0.0000 0.5974 0.3291 
0.2087 0.2100 0.2069 0.3744 
0.4101 0.2969 0.2565 0.0365 
0.2744 0.1869 0.2076 0.3311 

MOTIF filter2 
letter-probability matrix: alength= 4 w= 14 nsites= 14 
0.2280 0.3369 0.2186 0.2164 
0.4315 0.1390 0.0942 0.3353 
0.1535 0.1373 0.1315 0.5778 
0.7339 0.1467 0.1195 0.0000 
0.0525 0.1760 0.2135 0.5580 
0.6319 0.2641 0.0541 0.0499 
0.1530 0.2503 0.0078 0.5889 
0.0368 0.2604 0.6793 0.0235 
0.0003 0.1230 0.8518 0.0249 
0.1576 0.0746 0.4077 0.3602 
0.1649 0.7646 0.0203 0.0502 
0.3649 0.1012 0.3040 0.2300 
0.1601 0.3146 0.2735 0.2519 
0.1484 0.2817 0.3088 0.2610 

MOTIF filter3 
letter-probability matrix: alength= 4 w= 10 nsites= 10 
0.2957 0.2978 0.2367 0.1698 
0.2264 0.3838 0.2419 0.1478 
0.2663 0.3910 0.1559 0.1868 
0.3155 0.0370 0.6457 0.0018 
0.2497 0.1486 0.0296 0.5721 
0.3951 0.5855 0.0182 0.0012 
0.1070 0.6822 0.0050 0.2057 
0.3743 0.0968 0.4900 0.0389 
0.2635 0.0181 0.1747 0.5437 
0.1012 0.3759 0.2745 0.2484 

MOTIF filter4 
letter-probability matrix: alength= 4 w= 13 nsites= 13 
0.2605 0.2273 0.2437 0.2684 
0.2278 0.2366 0.2895 0.2460 
0.3340 0.2492 0.3138 0.1030 
0.0475 0.0784 0.0813 0.7927 
0.0469 0.0899 0.6935 0.1697 
0.8189 0.0933 0.0378 0.0500 
0.0943 0.4125 0.4074 0.0858 
0.0370 0.0301 0.0561 0.8768 
0.1555 0.7020 0.0728 0.0696 
0.7788 0.0648 0.0934 0.0630 
0.0847 0.3256 0.2494 0.3403 
0.2349 0.2886 0.2311 0.2454 
0.2416 0.2275 0.2679 0.2630 

MOTIF filter5 
letter-probability matrix: alength= 4 w= 11 nsites= 11 
0.2600 0.2762 0.2349 0.2289 
0.2436 0.2713 0.2147 0.2704 
0.4924 0.1559 0.1277 0.2240 
0.1521 0.0127 0.0267 0.8085 
0.1087 0.1677 0.0110 0.7126 
0.4857 0.0000 0.0014 0.5128 
0.7921 0.0033 0.1119 0.0928 
0.8477 0.0018 0.0230 0.1275 
0.2416 0.1192 0.1556 0.4836 
0.2647 0.2047 0.2933 0.2373 
0.2366 0.2523 0.2621 0.2490 

MOTIF filter6 
letter-probability matrix: alength= 4 w= 14 nsites= 14 
0.2557 0.2422 0.2569 0.2452 
0.2488 0.2299 0.2597 0.2616 
0.2567 0.1625 0.4289 0.1519 
0.2493 0.0083 0.5521 0.1903 
0.3216 0.0426 0.6334 0.0024 
0.1808 0.0889 0.7221 0.0081 
0.2095 0.1427 0.6355 0.0123 
0.2550 0.4206 0.1642 0.1602 
0.1348 0.0706 0.7829 0.0118 
0.0228 0.0161 0.9235 0.0375 
0.2953 0.0151 0.6467 0.0429 
0.2995 0.1578 0.5152 0.0275 
0.1894 0.3465 0.3349 0.1291 
0.2092 0.2740 0.2606 0.2562 

MOTIF filter7 
letter-probability matrix: alength= 4 w= 15 nsites= 15 
0.2085 0.1811 0.0969 0.5135 
0.1028 0.1312 0.5546 0.2115 
0.3764 0.3289 0.1488 0.1459 
0.0166 0.9329 0.0441 0.0064 
0.0147 0.9339 0.0245 0.0269 
0.6564 0.0259 0.0538 0.2638 
0.0739 0.0259 0.0612 0.8390 
0.8424 0.0568 0.0553 0.0455 
0.0015 0.0504 0.0514 0.8967 
0.8067 0.0235 0.0406 0.1292 
0.2315 0.0700 0.0754 0.6231 
0.0695 0.0783 0.8071 0.0450 
0.0690 0.0636 0.8248 0.0426 
0.1650 0.1493 0.3421 0.3436 
0.2560 0.4900 0.1478 0.1062 

MOTIF filter8 
letter-probability matrix: alength= 4 w= 16 nsites= 16 
0.2372 0.2331 0.2164 0.3134 
0.2355 0.2502 0.2688 0.2455 
0.2086 0.1327 0.2906 0.3681 
0.1244 0.6715 0.0239 0.1803 
0.0120 0.1725 0.0133 0.8022 
0.8742 0.0551 0.0300 0.0408 
0.2610 0.0396 0.0814 0.6181 
0.4898 0.0396 0.0579 0.4127 
0.4474 0.0069 0.0451 0.5006 
0.6391 0.0457 0.0163 0.2989 
0.0834 0.0575 0.0765 0.7826 
0.7147 0.0546 0.1727 0.0579 
0.1780 0.0516 0.6521 0.1183 
0.3456 0.2818 0.1709 0.2017 
0.2369 0.2718 0.2694 0.2219 
0.3110 0.2280 0.2359 0.2251 

MOTIF filter9 
letter-probability matrix: alength= 4 w= 11 nsites= 11 
0.2071 0.2982 0.2278 0.2668 
0.2438 0.0560 0.3687 0.3315 
0.1406 0.5689 0.2486 0.0419 
0.7936 0.0559 0.0091 0.1414 
0.2261 0.0816 0.4730 0.2192 
0.0032 0.8619 0.0000 0.1350 
0.1905 0.3863 0.1604 0.2628 
0.3331 0.0006 0.6574 0.0090 
0.3450 0.0774 0.2121 0.3655 
0.1500 0.4662 0.0305 0.3533 
0.0654 0.2442 0.2509 0.4395 

MOTIF filter10 
letter-probability matrix: alength= 4 w= 13 nsites= 13 
0.1802 0.2579 0.3442 0.2177 
0.3506 0.1724 0.3093 0.1678 
0.2817 0.1554 0.3283 0.2347 
0.0252 0.2462 0.0090 0.7196 
0.0000 0.5082 0.3871 0.1047 
0.8779 0.0002 0.1213 0.0005 
0.1010 0.5355 0.3001 0.0634 
0.0073 0.1453 0.0019 0.8455 
0.1019 0.5947 0.3013 0.0021 
0.8934 0.0071 0.0898 0.0097 
0.1221 0.3201 0.2856 0.2723 
0.2202 0.2429 0.2475 0.2895 
0.2526 0.2686 0.2296 0.2492 

MOTIF filter11 
letter-probability matrix: alength= 4 w= 9 nsites= 9 
0.2456 0.2510 0.2699 0.2335 
0.2641 0.2817 0.2983 0.1558 
0.1051 0.2019 0.1680 0.5249 
0.0388 0.1784 0.7655 0.0173 
0.0000 0.1866 0.0649 0.7485 
0.9296 0.0022 0.0050 0.0632 
0.0491 0.5309 0.3116 0.1085 
0.2688 0.4756 0.2294 0.0262 
0.1556 0.2757 0.3807 0.1880 

MOTIF filter12 
letter-probability matrix: alength= 4 w= 14 nsites= 14 
0.1721 0.2720 0.3051 0.2508 
0.2745 0.2310 0.3211 0.1735 
0.3079 0.1695 0.3083 0.2142 
0.0178 0.6981 0.1682 0.1160 
0.0129 0.5983 0.0536 0.3352 
0.3411 0.2806 0.2776 0.1007 
0.9036 0.0417 0.0330 0.0216 
0.0107 0.0480 0.0131 0.9282 
0.1585 0.2911 0.1434 0.4070 
0.3051 0.0358 0.6449 0.0143 
0.0964 0.1501 0.7179 0.0356 
0.1920 0.3207 0.1769 0.3105 
0.1635 0.3021 0.2424 0.2920 
0.2420 0.3151 0.2197 0.2232 

MOTIF filter13 
letter-probability matrix: alength= 4 w= 13 nsites= 13 
0.1125 0.1257 0.5505 0.2113 
0.1852 0.3788 0.2036 0.2324 
0.1742 0.4017 0.2570 0.1671 
0.2737 0.0004 0.6534 0.0726 
0.1057 0.4080 0.2580 0.2283 
0.2120 0.7060 0.0295 0.0526 
0.5707 0.0000 0.2706 0.1587 
0.0317 0.5278 0.0384 0.4021 
0.4623 0.2990 0.2292 0.0095 
0.0817 0.0251 0.0824 0.8109 
0.1167 0.2418 0.3851 0.2563 
0.2604 0.3149 0.3906 0.0341 
0.2230 0.5059 0.0474 0.2237 

MOTIF filter14 
letter-probability matrix: alength= 4 w= 12 nsites= 12 
0.2058 0.4027 0.1456 0.2460 
0.1637 0.1367 0.1642 0.5354 
0.1478 0.1956 0.1075 0.5491 
0.0434 0.7912 0.1606 0.0049 
0.1093 0.8611 0.0066 0.0230 
0.0155 0.0071 0.8889 0.0885 
0.0314 0.1226 0.8093 0.0367 
0.8482 0.0217 0.0730 0.0571 
0.8438 0.0412 0.0761 0.0389 
0.2637 0.0942 0.5752 0.0668 
0.1814 0.2704 0.1031 0.4451 
0.2549 0.1588 0.4394 0.1469 

MOTIF filter15 
letter-probability matrix: alength= 4 w= 11 nsites= 11 
0.2329 0.2471 0.2511 0.2689 
0.2866 0.1639 0.2081 0.3415 
0.2207 0.3415 0.0000 0.4378 
0.2651 0.5645 0.0055 0.1649 
0.1134 0.6943 0.0190 0.1732 
0.0981 0.0841 0.8045 0.0134 
0.0015 0.0000 0.9125 0.0860 
0.1979 0.0000 0.5890 0.2131 
0.4395 0.1828 0.2542 0.1236 
0.3748 0.2026 0.2075 0.2151 
0.3085 0.3035 0.1122 0.2758 

MOTIF filter16 
letter-probability matrix: alength= 4 w= 10 nsites= 10 
0.2508 0.2524 0.2468 0.2500 
0.0842 0.8058 0.0671 0.0430 
0.7908 0.0346 0.0951 0.0794 
0.0325 0.6597 0.0404 0.2674 
0.2523 0.0269 0.6668 0.0540 
0.0758 0.1145 0.0397 0.7701 
0.0329 0.0553 0.8451 0.0667 
0.2035 0.2626 0.3004 0.2335 
0.1762 0.2667 0.2097 0.3474 
0.2540 0.2435 0.2506 0.2518 

MOTIF filter17 
letter-probability matrix: alength= 4 w= 13 nsites= 13 
0.2269 0.2819 0.2715 0.2197 
0.1392 0.3234 0.3230 0.2144 
0.0298 0.5439 0.1777 0.2487 
0.0581 0.5948 0.0695 0.2775 
0.0245 0.8490 0.0949 0.0316 
0.0506 0.8389 0.0971 0.0134 
0.1685 0.2722 0.3285 0.2308 
0.0385 0.7165 0.1440 0.1010 
0.0070 0.8781 0.0544 0.0605 
0.0111 0.6121 0.0801 0.2967 
0.1850 0.5647 0.0198 0.2305 
0.1360 0.4530 0.1535 0.2574 
0.2199 0.3025 0.2306 0.2470 

MOTIF filter18 
letter-probability matrix: alength= 4 w= 16 nsites= 16 
0.2599 0.2513 0.2408 0.2480 
0.2546 0.2084 0.2830 0.2540 
0.3971 0.1187 0.1656 0.3186 
0.4453 0.0270 0.0191 0.5086 
0.3423 0.0007 0.0270 0.6299 
0.1042 0.0053 0.0211 0.8694 
0.1082 0.4934 0.0092 0.3892 
0.0145 0.2117 0.4697 0.3041 
0.0956 0.4967 0.1379 0.2698 
0.1214 0.0000 0.3318 0.5468 
0.0000 0.0000 0.8747 0.1253 
0.9835 0.0165 0.0000 0.0000 
0.6425 0.1741 0.1544 0.0290 
0.3226 0.1702 0.1926 0.3146 
0.1616 0.3668 0.2797 0.1920 
0.4037 0.1326 0.2381 0.2256 

MOTIF filter19 
letter-probability matrix: alength= 4 w= 17 nsites= 17 
0.1406 0.3123 0.2997 0.2474 
0.2656 0.3773 0.1672 0.1899 
0.2984 0.1000 0.1325 0.4692 
0.0857 0.0360 0.6425 0.2357 
0.2513 0.5175 0.1558 0.0753 
0.0873 0.8659 0.0341 0.0127 
0.4922 0.4724 0.0023 0.0331 
0.6779 0.0295 0.0127 0.2799 
0.0211 0.0351 0.2458 0.6981 
0.5192 0.0565 0.2286 0.1958 
0.0935 0.0302 0.0643 0.8120 
0.5932 0.0756 0.2386 0.0925 
0.2617 0.0643 0.0776 0.5964 
0.1231 0.0838 0.6971 0.0961 
0.1029 0.0581 0.7753 0.0636 
0.1354 0.1886 0.3013 0.3747 
0.1860 0.4847 0.1818 0.1474 

MOTIF filter20 
letter-probability matrix: alength= 4 w= 11 nsites= 11 
0.1227 0.3452 0.2758 0.2563 
0.1796 0.2504 0.2219 0.3481 
0.1066 0.2581 0.3474 0.2879 
0.1220 0.8371 0.0409 0.0000 
0.0000 0.5187 0.0000 0.4813 
0.4204 0.0082 0.1693 0.4020 
0.5689 0.0002 0.4309 0.0000 
0.0000 0.0051 0.5418 0.4530 
0.2757 0.2506 0.2232 0.2505 
0.4151 0.1988 0.2291 0.1569 
0.2017 0.3024 0.3271 0.1688 

MOTIF filter21 
letter-probability matrix: alength= 4 w= 14 nsites= 14 
0.2262 0.2198 0.3415 0.2124 
0.1658 0.3467 0.2394 0.2481 
0.3558 0.3290 0.3079 0.0072 
0.1412 0.0000 0.3117 0.5471 
0.2254 0.2112 0.5540 0.0093 
0.5789 0.3254 0.0615 0.0342 
0.5656 0.2504 0.1595 0.0245 
0.0000 0.0059 0.0039 0.9902 
0.0039 0.5536 0.2046 0.2379 
0.3622 0.1386 0.0000 0.4992 
0.0117 0.2693 0.1656 0.5535 
0.1465 0.2753 0.3547 0.2235 
0.2474 0.2284 0.2890 0.2352 
0.2372 0.2706 0.2100 0.2822 

MOTIF filter22 
letter-probability matrix: alength= 4 w= 14 nsites= 14 
0.2436 0.2137 0.2339 0.3088 
0.3745 0.1962 0.1087 0.3206 
0.2143 0.1541 0.1208 0.5108 
0.6592 0.0874 0.1150 0.1385 
0.1858 0.1244 0.2104 0.4795 
0.1943 0.0985 0.5360 0.1711 
0.4219 0.0501 0.3907 0.1373 
0.2192 0.4248 0.0214 0.3345 
0.0028 0.0115 0.8850 0.1006 
0.3885 0.0927 0.0011 0.5177 
0.0295 0.6760 0.1174 0.1771 
0.3389 0.2538 0.1262 0.2811 
0.2172 0.3000 0.1079 0.3748 
0.3430 0.2024 0.1903 0.2643 

MOTIF filter23 
letter-probability matrix: alength= 4 w= 13 nsites= 13 
0.2545 0.2561 0.2442 0.2452 
0.2940 0.1582 0.3934 0.1545 
0.5665 0.0124 0.1963 0.2247 
0.3210 0.1999 0.2374 0.2417 
0.2599 0.3623 0.0513 0.3265 
0.7316 0.0276 0.0155 0.2253 
0.5988 0.0013 0.0173 0.3826 
0.0004 0.0452 0.8844 0.0700 
0.1342 0.6059 0.2593 0.0006 
0.3573 0.0843 0.0085 0.5498 
0.3166 0.1289 0.2580 0.2965 
0.3726 0.1132 0.3685 0.1457 
0.2008 0.2583 0.2955 0.2454 

MOTIF filter24 
letter-probability matrix: alength= 4 w= 15 nsites= 15 
0.3383 0.2030 0.2208 0.2379 
0.1874 0.2543 0.2644 0.2939 
0.2286 0.1757 0.1446 0.4510 
0.0000 0.0933 0.0086 0.8981 
0.0000 0.0000 0.0031 0.9969 
0.1703 0.8297 0.0000 0.0000 
0.0350 0.7395 0.0000 0.2255 
0.3095 0.1858 0.2457 0.2589 
0.2714 0.0599 0.6641 0.0047 
0.0000 0.0739 0.8079 0.1182 
0.8344 0.1656 0.0000 0.0000 
0.9821 0.0179 0.0000 0.0000 
0.5350 0.2271 0.1042 0.1337 
0.2240 0.2830 0.2652 0.2278 
0.1928 0.3033 0.2589 0.2449 

MOTIF filter25 
letter-probability matrix: alength= 4 w= 10 nsites= 10 
0.1347 0.3627 0.1216 0.3810 
0.0846 0.1714 0.2669 0.4771 
0.2123 0.3147 0.3950 0.0780 
0.0104 0.9814 0.0077 0.0006 
0.0033 0.5518 0.0868 0.3581 
0.7372 0.0311 0.2307 0.0010 
0.0000 0.0124 0.6181 0.3695 
0.4351 0.1573 0.2004 0.2072 
0.1734 0.1191 0.3144 0.3931 
0.2445 0.2546 0.0241 0.4769 

MOTIF filter26 
letter-probability matrix: alength= 4 w= 14 nsites= 14 
0.2413 0.2192 0.2503 0.2892 
0.1171 0.6600 0.0596 0.1633 
0.0685 0.1717 0.0679 0.6919 
0.8165 0.0486 0.0998 0.0350 
0.2317 0.1443 0.0639 0.5601 
0.4189 0.1452 0.0193 0.4167 
0.3906 0.0806 0.1115 0.4173 
0.7449 0.0140 0.0309 0.2102 
0.0026 0.0070 0.0151 0.9753 
0.7850 0.0517 0.1246 0.0388 
0.1607 0.0324 0.7296 0.0773 
0.3061 0.3346 0.2251 0.1342 
0.2161 0.2897 0.2404 0.2538 
0.2360 0.2409 0.2461 0.2770 

MOTIF filter27 
letter-probability matrix: alength= 4 w= 13 nsites= 13 
0.2392 0.2033 0.3181 0.2395 
0.1600 0.4379 0.1925 0.2095 
0.1521 0.6005 0.1329 0.1145 
0.8878 0.0079 0.0645 0.0399 
0.5191 0.0775 0.1168 0.2867 
0.2499 0.2245 0.4105 0.1151 
0.7260 0.0348 0.0243 0.2149 
0.0229 0.0221 0.0071 0.9480 
0.0090 0.0503 0.8954 0.0452 
0.1097 0.0727 0.6944 0.1233 
0.1662 0.5663 0.0602 0.2072 
0.2287 0.2395 0.2819 0.2499 
0.1900 0.1713 0.4611 0.1776 

MOTIF filter28 
letter-probability matrix: alength= 4 w= 14 nsites= 14 
0.2509 0.2493 0.2483 0.2515 
0.2667 0.2620 0.2226 0.2487 
0.3986 0.1997 0.3341 0.0676 
0.0501 0.0398 0.0568 0.8534 
0.0290 0.0432 0.1979 0.7299 
0.3223 0.0256 0.4539 0.1983 
0.1013 0.5883 0.0837 0.2267 
0.2321 0.0786 0.6059 0.0835 
0.1957 0.5024 0.0167 0.2852 
0.6855 0.2092 0.0510 0.0544 
0.8435 0.0632 0.0513 0.0420 
0.0844 0.3170 0.1996 0.3989 
0.2431 0.2608 0.2491 0.2471 
0.2414 0.2416 0.2462 0.2707 

MOTIF filter29 
letter-probability matrix: alength= 4 w= 16 nsites= 16 
0.2330 0.2623 0.2582 0.2464 
0.1610 0.4124 0.2184 0.2082 
0.4071 0.0842 0.3754 0.1334 
0.0228 0.6157 0.1033 0.2582 
0.0183 0.0663 0.0325 0.8829 
0.0024 0.0333 0.1521 0.8121 
0.3444 0.5860 0.0195 0.0500 
0.0236 0.6312 0.0220 0.3233 
0.1948 0.0110 0.3843 0.4099 
0.0033 0.1728 0.3241 0.4998 
0.0285 0.2302 0.3526 0.3888 
0.0008 0.3367 0.1261 0.5364 
0.0260 0.3339 0.0569 0.5832 
0.2294 0.2546 0.3388 0.1773 
0.2668 0.3339 0.1639 0.2355 
0.2139 0.1842 0.1684 0.4335 

MOTIF filter30 
letter-probability matrix: alength= 4 w= 12 nsites= 12 
0.3314 0.1498 0.2617 0.2571 
0.4263 0.1242 0.1267 0.3227 
0.2179 0.2951 0.3698 0.1172 
0.0272 0.0000 0.0062 0.9666 
0.0586 0.7833 0.1544 0.0037 
0.6550 0.3223 0.0206 0.0021 
0.0173 0.0095 0.6682 0.3050 
0.0033 0.4181 0.4940 0.0846 
0.9563 0.0029 0.0029 0.0380 
0.1758 0.3219 0.1733 0.3289 
0.3529 0.1090 0.0586 0.4796 
0.3252 0.1713 0.0669 0.4366 

MOTIF filter31 
letter-probability matrix: alength= 4 w= 13 nsites= 13 
0.3002 0.2775 0.2081 0.2142 
0.1603 0.4325 0.1495 0.2577 
0.1743 0.2014 0.2498 0.3745 
0.0682 0.1792 0.6578 0.0947 
0.8458 0.0009 0.0259 0.1274 
0.0373 0.1734 0.0172 0.7721 
0.0003 0.4608 0.0530 0.4859 
0.2393 0.0271 0.7336 0.0000 
0.5657 0.0000 0.4340 0.0003 
0.0871 0.1003 0.0038 0.8088 
0.1067 0.4532 0.3084 0.1317 
0.3605 0.2912 0.1962 0.1521 
0.3177 0.1766 0.3687 0.1370 

