MEME version 4

ALPHABET= ACGT

Background letter frequencies:
A 0.2500 C 0.2500 G 0.2500 T 0.2500 

MOTIF filter0 
letter-probability matrix: alength= 4 w= 14 nsites= 14 
0.2416 0.2352 0.2485 0.2747 
0.2641 0.2321 0.3104 0.1934 
0.1562 0.4586 0.2071 0.1782 
0.8146 0.0646 0.1022 0.0186 
0.7287 0.0965 0.1505 0.0243 
0.2975 0.2302 0.4415 0.0308 
0.8229 0.1455 0.0312 0.0004 
0.0315 0.2173 0.0327 0.7185 
0.0019 0.0144 0.9328 0.0509 
0.0274 0.0437 0.8606 0.0684 
0.2166 0.5707 0.0156 0.1972 
0.3138 0.1444 0.3305 0.2112 
0.1809 0.1375 0.5122 0.1695 
0.1972 0.4844 0.0832 0.2352 

MOTIF filter1 
letter-probability matrix: alength= 4 w= 12 nsites= 12 
0.2474 0.2615 0.2574 0.2337 
0.3361 0.2289 0.2568 0.1782 
0.2466 0.2959 0.2694 0.1881 
0.0492 0.8386 0.0482 0.0639 
0.8340 0.0318 0.0747 0.0594 
0.0391 0.7161 0.0358 0.2089 
0.2106 0.0312 0.7291 0.0290 
0.0751 0.0778 0.0396 0.8075 
0.0536 0.0261 0.8542 0.0661 
0.2025 0.2648 0.2968 0.2360 
0.1946 0.2615 0.2112 0.3327 
0.2351 0.2548 0.2492 0.2608 

MOTIF filter2 
letter-probability matrix: alength= 4 w= 12 nsites= 12 
0.2547 0.2501 0.2287 0.2665 
0.2540 0.2572 0.2304 0.2584 
0.2459 0.2305 0.2465 0.2772 
0.5300 0.0629 0.0449 0.3622 
0.0396 0.1179 0.0002 0.8424 
0.0837 0.1998 0.0215 0.6951 
0.6404 0.0399 0.2350 0.0848 
0.8357 0.0330 0.0400 0.0913 
0.3366 0.0324 0.0633 0.5676 
0.2529 0.2455 0.2440 0.2575 
0.2540 0.2510 0.2533 0.2418 
0.2559 0.2450 0.2406 0.2586 

MOTIF filter3 
letter-probability matrix: alength= 4 w= 12 nsites= 12 
0.2025 0.3999 0.1148 0.2828 
0.2697 0.2749 0.1670 0.2884 
0.0398 0.2130 0.5144 0.2328 
0.0099 0.9826 0.0074 0.0000 
0.3480 0.0008 0.1961 0.4551 
0.0581 0.0000 0.7233 0.2186 
0.4996 0.4693 0.0003 0.0308 
0.3588 0.1660 0.3350 0.1403 
0.0886 0.0792 0.6597 0.1725 
0.1180 0.3359 0.1372 0.4089 
0.3341 0.1121 0.3861 0.1677 
0.1466 0.2713 0.4398 0.1424 

MOTIF filter4 
letter-probability matrix: alength= 4 w= 13 nsites= 13 
0.2114 0.0839 0.5892 0.1156 
0.4346 0.4234 0.0654 0.0766 
0.1295 0.1380 0.1169 0.6156 
0.0581 0.0092 0.8560 0.0766 
0.0099 0.7635 0.2219 0.0046 
0.0159 0.9075 0.0007 0.0760 
0.7768 0.0766 0.0892 0.0575 
0.0997 0.0350 0.2635 0.6017 
0.0647 0.4828 0.0727 0.3798 
0.1037 0.1169 0.0878 0.6915 
0.0614 0.0931 0.0661 0.7794 
0.2074 0.1202 0.4729 0.1995 
0.2655 0.2100 0.2794 0.2450 

MOTIF filter5 
letter-probability matrix: alength= 4 w= 15 nsites= 15 
0.1129 0.5119 0.2332 0.1420 
0.0999 0.5799 0.1840 0.1362 
0.3593 0.1705 0.3326 0.1375 
0.0968 0.0439 0.2033 0.6560 
0.3990 0.5518 0.0180 0.0312 
0.0034 0.4053 0.0516 0.5397 
0.9093 0.0553 0.0341 0.0013 
0.1298 0.0664 0.0011 0.8027 
0.2409 0.0703 0.5434 0.1454 
0.1454 0.0426 0.5875 0.2245 
0.4289 0.1520 0.1150 0.3041 
0.0130 0.2435 0.1058 0.6378 
0.4736 0.1055 0.3374 0.0836 
0.1565 0.1441 0.5743 0.1251 
0.2536 0.3194 0.2721 0.1549 

MOTIF filter6 
letter-probability matrix: alength= 4 w= 15 nsites= 15 
0.2495 0.2422 0.2576 0.2507 
0.2666 0.2391 0.2366 0.2578 
0.2142 0.2354 0.1836 0.3668 
0.0782 0.1113 0.0511 0.7593 
0.0392 0.0681 0.1362 0.7565 
0.2480 0.6371 0.0454 0.0695 
0.0980 0.5293 0.0209 0.3518 
0.2544 0.2279 0.2409 0.2768 
0.3294 0.0241 0.5320 0.1145 
0.0765 0.0402 0.6189 0.2644 
0.7663 0.1235 0.0554 0.0547 
0.8655 0.0290 0.0630 0.0425 
0.3675 0.1873 0.2149 0.2303 
0.2430 0.2544 0.2458 0.2567 
0.2574 0.2516 0.2466 0.2444 

MOTIF filter7 
letter-probability matrix: alength= 4 w= 12 nsites= 12 
0.2517 0.2255 0.2467 0.2761 
0.2620 0.2010 0.3241 0.2129 
0.3328 0.2360 0.3441 0.0871 
0.0284 0.0790 0.0377 0.8549 
0.0295 0.1083 0.7213 0.1409 
0.8854 0.0217 0.0585 0.0345 
0.0842 0.4366 0.3865 0.0928 
0.0510 0.0759 0.0312 0.8418 
0.1347 0.7203 0.0896 0.0554 
0.8310 0.0474 0.0720 0.0497 
0.0853 0.3281 0.2450 0.3416 
0.2325 0.2866 0.2255 0.2554 

MOTIF filter8 
letter-probability matrix: alength= 4 w= 15 nsites= 15 
0.1607 0.2050 0.2206 0.4137 
0.1470 0.2389 0.3439 0.2701 
0.2798 0.1704 0.2215 0.3283 
0.1729 0.0280 0.1137 0.6854 
0.0159 0.1738 0.0212 0.7891 
0.0287 0.8439 0.1028 0.0246 
0.4430 0.3847 0.0031 0.1692 
0.4305 0.1206 0.1330 0.3159 
0.1523 0.0016 0.3433 0.5028 
0.0523 0.1692 0.7707 0.0078 
0.9206 0.0262 0.0526 0.0006 
0.7125 0.1044 0.0215 0.1617 
0.3436 0.1704 0.2299 0.2561 
0.3009 0.2349 0.2754 0.1888 
0.3312 0.1900 0.3121 0.1667 

MOTIF filter9 
letter-probability matrix: alength= 4 w= 9 nsites= 9 
0.4836 0.0888 0.2430 0.1846 
0.1424 0.4016 0.2390 0.2171 
0.2985 0.2397 0.0789 0.3828 
0.0018 0.0640 0.0705 0.8637 
0.0027 0.9598 0.0375 0.0000 
0.0023 0.4003 0.5790 0.0185 
0.3838 0.3790 0.1512 0.0860 
0.0341 0.3693 0.2565 0.3401 
0.0655 0.3835 0.4021 0.1488 

MOTIF filter10 
letter-probability matrix: alength= 4 w= 16 nsites= 16 
0.1583 0.3004 0.3318 0.2095 
0.2456 0.2245 0.2590 0.2709 
0.2330 0.1249 0.5402 0.1019 
0.0931 0.6805 0.1688 0.0575 
0.0871 0.1489 0.3009 0.4632 
0.4786 0.1462 0.1426 0.2326 
0.0564 0.8554 0.0264 0.0618 
0.1081 0.6179 0.0047 0.2693 
0.5635 0.0929 0.2471 0.0965 
0.1672 0.0338 0.4802 0.3188 
0.4889 0.0327 0.0313 0.4471 
0.6013 0.0289 0.2292 0.1406 
0.1079 0.0569 0.7255 0.1097 
0.0450 0.2673 0.1677 0.5200 
0.3723 0.2183 0.2825 0.1269 
0.2709 0.2290 0.3904 0.1097 

MOTIF filter11 
letter-probability matrix: alength= 4 w= 13 nsites= 13 
0.2440 0.2316 0.2803 0.2440 
0.2561 0.1812 0.4299 0.1328 
0.2284 0.0557 0.5103 0.2056 
0.2825 0.0516 0.6348 0.0311 
0.0159 0.0619 0.8813 0.0409 
0.0749 0.0554 0.8081 0.0616 
0.2913 0.3299 0.1756 0.2033 
0.1200 0.0471 0.7762 0.0567 
0.0426 0.0706 0.7560 0.1309 
0.2811 0.0463 0.6102 0.0624 
0.2724 0.1484 0.5521 0.0271 
0.2476 0.3462 0.2655 0.1407 
0.2431 0.2639 0.2642 0.2289 

MOTIF filter12 
letter-probability matrix: alength= 4 w= 18 nsites= 18 
0.1901 0.1223 0.1027 0.5848 
0.1041 0.1330 0.5128 0.2501 
0.3110 0.3199 0.2208 0.1483 
0.0116 0.9354 0.0479 0.0051 
0.2371 0.7229 0.0209 0.0191 
0.7401 0.0237 0.0488 0.1874 
0.2985 0.0144 0.0744 0.6127 
0.9307 0.0070 0.0363 0.0260 
0.0311 0.0102 0.0130 0.9456 
0.5574 0.0483 0.1901 0.2041 
0.2064 0.0279 0.3003 0.4654 
0.0116 0.2013 0.7503 0.0367 
0.0153 0.1901 0.6481 0.1464 
0.1511 0.1553 0.3975 0.2961 
0.3017 0.5793 0.0758 0.0432 
0.4919 0.1292 0.0693 0.3096 
0.2487 0.2627 0.1962 0.2924 
0.2157 0.2417 0.2101 0.3324 

MOTIF filter13 
letter-probability matrix: alength= 4 w= 14 nsites= 14 
0.2549 0.2400 0.2530 0.2522 
0.2657 0.2695 0.2248 0.2400 
0.3879 0.1977 0.3461 0.0683 
0.0716 0.0587 0.0616 0.8081 
0.0384 0.0461 0.2028 0.7127 
0.3049 0.0431 0.4661 0.1860 
0.0969 0.6137 0.0792 0.2102 
0.2358 0.0763 0.5992 0.0887 
0.1883 0.4854 0.0311 0.2952 
0.7267 0.2068 0.0331 0.0335 
0.8643 0.0446 0.0476 0.0435 
0.0784 0.3104 0.2017 0.4095 
0.2396 0.2623 0.2464 0.2517 
0.2543 0.2364 0.2508 0.2584 

MOTIF filter14 
letter-probability matrix: alength= 4 w= 12 nsites= 12 
0.2921 0.1766 0.2586 0.2727 
0.3219 0.2097 0.1380 0.3304 
0.2167 0.1193 0.2920 0.3720 
0.1430 0.5579 0.0000 0.2992 
0.1970 0.7090 0.0757 0.0183 
0.0797 0.7808 0.0341 0.1054 
0.0157 0.0000 0.7470 0.2373 
0.3695 0.1033 0.0742 0.4530 
0.0000 0.2788 0.7007 0.0206 
0.3529 0.1772 0.1558 0.3140 
0.1987 0.4204 0.0910 0.2898 
0.3037 0.1914 0.2528 0.2521 

MOTIF filter15 
letter-probability matrix: alength= 4 w= 9 nsites= 9 
0.2903 0.3214 0.3561 0.0321 
0.2041 0.1816 0.2386 0.3757 
0.3989 0.2853 0.0747 0.2412 
0.0903 0.0107 0.3412 0.5578 
0.0028 0.1760 0.3366 0.4846 
0.0027 0.0000 0.9973 0.0000 
0.1257 0.2444 0.0443 0.5857 
0.5693 0.2309 0.1797 0.0201 
0.2027 0.2797 0.0147 0.5028 

MOTIF filter16 
letter-probability matrix: alength= 4 w= 12 nsites= 12 
0.3247 0.2588 0.2914 0.1251 
0.3255 0.3257 0.2452 0.1036 
0.2484 0.1890 0.2590 0.3036 
0.0018 0.2330 0.1707 0.5945 
0.0171 0.8081 0.0000 0.1748 
0.0016 0.4273 0.5351 0.0360 
0.1174 0.1969 0.4842 0.2016 
0.7573 0.0092 0.1986 0.0348 
0.7961 0.1912 0.0073 0.0055 
0.0932 0.3493 0.5093 0.0482 
0.1235 0.3853 0.0297 0.4616 
0.1599 0.3233 0.4301 0.0867 

MOTIF filter17 
letter-probability matrix: alength= 4 w= 12 nsites= 12 
0.0517 0.3384 0.0720 0.5380 
0.2055 0.4869 0.1747 0.1329 
0.5194 0.0081 0.2449 0.2275 
0.0064 0.4904 0.3587 0.1445 
0.1155 0.8624 0.0221 0.0000 
0.7510 0.0023 0.0221 0.2246 
0.0226 0.0209 0.0070 0.9495 
0.0586 0.0981 0.6384 0.2049 
0.1364 0.0203 0.2844 0.5589 
0.0517 0.1840 0.0000 0.7644 
0.0696 0.2728 0.3865 0.2710 
0.2583 0.3018 0.2391 0.2008 

MOTIF filter18 
letter-probability matrix: alength= 4 w= 13 nsites= 13 
0.2353 0.2861 0.2538 0.2248 
0.1421 0.3002 0.3175 0.2403 
0.0378 0.5543 0.1747 0.2331 
0.0920 0.5780 0.0269 0.3031 
0.1018 0.7530 0.1237 0.0215 
0.0679 0.8053 0.0473 0.0796 
0.1662 0.2156 0.3445 0.2737 
0.0740 0.7585 0.0775 0.0900 
0.0663 0.8412 0.0663 0.0263 
0.0089 0.5857 0.0881 0.3173 
0.1963 0.5363 0.0315 0.2360 
0.1304 0.4377 0.1595 0.2724 
0.2272 0.2826 0.2439 0.2463 

MOTIF filter19 
letter-probability matrix: alength= 4 w= 12 nsites= 12 
0.1716 0.4088 0.1992 0.2204 
0.4992 0.0763 0.3131 0.1115 
0.0914 0.6036 0.0813 0.2237 
0.0699 0.0393 0.0746 0.8163 
0.0107 0.0235 0.0054 0.9604 
0.0477 0.8196 0.1085 0.0242 
0.0857 0.8818 0.0091 0.0235 
0.0084 0.0118 0.7770 0.2029 
0.0094 0.2563 0.6658 0.0685 
0.3635 0.1764 0.2509 0.2093 
0.3238 0.2311 0.2277 0.2173 
0.3053 0.2079 0.2180 0.2687 

MOTIF filter20 
letter-probability matrix: alength= 4 w= 12 nsites= 12 
0.2978 0.3545 0.1711 0.1767 
0.2109 0.2266 0.1122 0.4503 
0.2188 0.2293 0.3059 0.2459 
0.7866 0.0455 0.0938 0.0741 
0.2601 0.2452 0.3580 0.1368 
0.0880 0.0066 0.1527 0.7527 
0.0480 0.8139 0.1074 0.0308 
0.3127 0.0240 0.0056 0.6577 
0.0815 0.0414 0.8686 0.0085 
0.2397 0.3777 0.0006 0.3820 
0.1803 0.2543 0.1165 0.4489 
0.2966 0.1558 0.2185 0.3291 

MOTIF filter21 
letter-probability matrix: alength= 4 w= 15 nsites= 15 
0.2801 0.2924 0.2942 0.1333 
0.2748 0.3295 0.3776 0.0180 
0.1288 0.0784 0.3415 0.4514 
0.0026 0.3470 0.5736 0.0768 
0.2158 0.2551 0.0075 0.5216 
0.6615 0.2715 0.0404 0.0266 
0.1859 0.6261 0.0820 0.1060 
0.1244 0.6245 0.0805 0.1706 
0.1925 0.3157 0.3231 0.1687 
0.1321 0.3828 0.3404 0.1447 
0.1288 0.3920 0.2536 0.2256 
0.0018 0.4183 0.4203 0.1596 
0.1765 0.3168 0.1917 0.3149 
0.1790 0.2796 0.2969 0.2445 
0.2684 0.2209 0.2261 0.2845 

MOTIF filter22 
letter-probability matrix: alength= 4 w= 16 nsites= 16 
0.2160 0.1536 0.0954 0.5351 
0.1016 0.1297 0.5279 0.2408 
0.3467 0.3433 0.1450 0.1650 
0.0243 0.8770 0.0725 0.0262 
0.0219 0.8593 0.0758 0.0429 
0.6381 0.0453 0.0739 0.2427 
0.0906 0.0291 0.0510 0.8293 
0.8665 0.0501 0.0434 0.0401 
0.0205 0.0491 0.0496 0.8808 
0.8436 0.0515 0.0253 0.0796 
0.2394 0.0701 0.0248 0.6657 
0.0625 0.0811 0.8374 0.0191 
0.0238 0.0815 0.8679 0.0267 
0.1669 0.1159 0.3600 0.3572 
0.2437 0.4912 0.1578 0.1073 
0.5412 0.0877 0.1335 0.2375 

MOTIF filter23 
letter-probability matrix: alength= 4 w= 10 nsites= 10 
0.1722 0.3773 0.3006 0.1498 
0.2566 0.0804 0.3790 0.2840 
0.1101 0.4638 0.3382 0.0878 
0.7349 0.2004 0.0145 0.0501 
0.2470 0.0093 0.3598 0.3840 
0.0079 0.5123 0.3284 0.1513 
0.0496 0.9462 0.0021 0.0022 
0.5691 0.0403 0.1973 0.1933 
0.0679 0.1132 0.3921 0.4268 
0.2360 0.4368 0.0820 0.2452 

MOTIF filter24 
letter-probability matrix: alength= 4 w= 12 nsites= 12 
0.3948 0.1414 0.2017 0.2621 
0.4690 0.0483 0.0897 0.3931 
0.2195 0.2977 0.3598 0.1230 
0.0305 0.0339 0.0069 0.9287 
0.0270 0.7000 0.2724 0.0006 
0.4759 0.5207 0.0034 0.0000 
0.0000 0.0155 0.6040 0.3805 
0.0000 0.2322 0.7644 0.0034 
0.9161 0.0011 0.0741 0.0086 
0.4305 0.3287 0.1511 0.0897 
0.3649 0.1029 0.1868 0.3454 
0.2126 0.1931 0.0759 0.5184 

MOTIF filter25 
letter-probability matrix: alength= 4 w= 12 nsites= 12 
0.1595 0.5474 0.2213 0.0718 
0.2203 0.4277 0.3318 0.0202 
0.1039 0.3407 0.3923 0.1631 
0.0270 0.5282 0.4378 0.0070 
0.0000 0.1023 0.8888 0.0089 
0.9186 0.0671 0.0047 0.0096 
0.4733 0.0113 0.0002 0.5153 
0.1490 0.2672 0.4162 0.1675 
0.1115 0.2696 0.0333 0.5856 
0.1072 0.0899 0.3719 0.4310 
0.1994 0.3125 0.3972 0.0908 
0.3069 0.2642 0.2304 0.1985 

MOTIF filter26 
letter-probability matrix: alength= 4 w= 13 nsites= 13 
0.4168 0.1034 0.2324 0.2475 
0.3806 0.1189 0.3139 0.1866 
0.2266 0.4703 0.0094 0.2938 
0.0861 0.2576 0.0192 0.6372 
0.7911 0.0758 0.0050 0.1281 
0.1185 0.0014 0.7837 0.0964 
0.0374 0.7707 0.0002 0.1916 
0.2559 0.0065 0.2290 0.5086 
0.2492 0.1014 0.4031 0.2463 
0.3950 0.0062 0.0261 0.5727 
0.4516 0.2065 0.0417 0.3002 
0.2379 0.2206 0.3240 0.2175 
0.2662 0.4868 0.1429 0.1041 

MOTIF filter27 
letter-probability matrix: alength= 4 w= 15 nsites= 15 
0.2262 0.2313 0.3088 0.2338 
0.1734 0.2006 0.2483 0.3777 
0.1275 0.6609 0.0452 0.1664 
0.0494 0.1854 0.0253 0.7400 
0.8184 0.1117 0.0269 0.0430 
0.3195 0.0123 0.0307 0.6375 
0.5894 0.0152 0.0158 0.3796 
0.3673 0.0250 0.0611 0.5467 
0.6707 0.0035 0.0044 0.3214 
0.0329 0.0139 0.0361 0.9171 
0.7283 0.0142 0.2528 0.0047 
0.1357 0.0051 0.7719 0.0873 
0.3505 0.3413 0.1414 0.1667 
0.1863 0.3353 0.2879 0.1904 
0.2898 0.2531 0.2411 0.2161 

MOTIF filter28 
letter-probability matrix: alength= 4 w= 11 nsites= 11 
0.3078 0.2709 0.2802 0.1412 
0.5037 0.0086 0.3336 0.1541 
0.3503 0.1426 0.2054 0.3018 
0.0000 0.6651 0.2741 0.0608 
0.6648 0.0006 0.3037 0.0309 
0.0891 0.5267 0.0013 0.3828 
0.1571 0.0431 0.2059 0.5939 
0.0662 0.2285 0.7040 0.0012 
0.3949 0.1860 0.3217 0.0973 
0.1277 0.4157 0.0526 0.4040 
0.1400 0.2660 0.3489 0.2452 

MOTIF filter29 
letter-probability matrix: alength= 4 w= 11 nsites= 11 
0.2012 0.2986 0.2147 0.2855 
0.0926 0.1960 0.1795 0.5319 
0.0736 0.1448 0.1499 0.6317 
0.0520 0.9473 0.0004 0.0003 
0.0000 0.8833 0.0000 0.1167 
0.3640 0.2123 0.0234 0.4003 
0.1166 0.2261 0.6573 0.0000 
0.0334 0.0818 0.4630 0.4218 
0.4771 0.2243 0.0262 0.2724 
0.3616 0.2717 0.1338 0.2329 
0.2316 0.3802 0.2312 0.1569 

MOTIF filter30 
letter-probability matrix: alength= 4 w= 14 nsites= 14 
0.2094 0.2693 0.2884 0.2329 
0.3033 0.2229 0.3151 0.1587 
0.3076 0.1859 0.3268 0.1798 
0.0263 0.7791 0.1186 0.0760 
0.0281 0.5520 0.0637 0.3563 
0.4541 0.1282 0.3138 0.1038 
0.9188 0.0122 0.0421 0.0269 
0.0210 0.0732 0.0550 0.8508 
0.1188 0.3383 0.1271 0.4158 
0.3673 0.0732 0.4887 0.0709 
0.0869 0.1080 0.7705 0.0345 
0.2156 0.3125 0.1894 0.2825 
0.1811 0.3002 0.1970 0.3217 
0.2222 0.2939 0.2437 0.2402 

MOTIF filter31 
letter-probability matrix: alength= 4 w= 14 nsites= 14 
0.2612 0.2977 0.1927 0.2484 
0.1533 0.1594 0.4464 0.2409 
0.0296 0.4451 0.0954 0.4299 
0.0314 0.0959 0.2449 0.6277 
0.6834 0.2902 0.0240 0.0024 
0.1780 0.2908 0.1165 0.4147 
0.0959 0.0008 0.6724 0.2308 
0.2228 0.7055 0.0000 0.0717 
0.4715 0.2929 0.1748 0.0608 
0.0035 0.1783 0.0077 0.8105 
0.6154 0.3353 0.0051 0.0442 
0.1970 0.0608 0.6239 0.1183 
0.2481 0.3467 0.1676 0.2375 
0.2593 0.2817 0.2327 0.2263 

