MEME version 4

ALPHABET= ACGT

Background letter frequencies:
A 0.2500 C 0.2500 G 0.2500 T 0.2500 

MOTIF filter0 
letter-probability matrix: alength= 4 w= 14 nsites= 14 
0.2510 0.2510 0.2510 0.2471 
0.2600 0.2607 0.2254 0.2539 
0.4046 0.1940 0.3400 0.0615 
0.0509 0.0412 0.0533 0.8546 
0.0259 0.0406 0.1800 0.7535 
0.3137 0.0273 0.4749 0.1841 
0.0921 0.6298 0.0710 0.2071 
0.2261 0.0714 0.6236 0.0789 
0.1917 0.4929 0.0253 0.2901 
0.7245 0.1722 0.0540 0.0493 
0.8663 0.0545 0.0418 0.0373 
0.0769 0.3159 0.1971 0.4101 
0.2440 0.2570 0.2535 0.2454 
0.2448 0.2351 0.2557 0.2643 

MOTIF filter1 
letter-probability matrix: alength= 4 w= 14 nsites= 14 
0.2636 0.2402 0.2374 0.2588 
0.2030 0.2336 0.1963 0.3671 
0.0613 0.0868 0.0482 0.8037 
0.0603 0.0650 0.1122 0.7626 
0.2128 0.6410 0.0508 0.0954 
0.0818 0.5758 0.0261 0.3164 
0.2502 0.2638 0.2313 0.2547 
0.2961 0.0214 0.5848 0.0977 
0.0463 0.0376 0.7007 0.2154 
0.8000 0.1039 0.0479 0.0482 
0.8826 0.0400 0.0393 0.0380 
0.3887 0.1713 0.2403 0.1997 
0.2333 0.2534 0.2330 0.2803 
0.2508 0.2548 0.2664 0.2280 

MOTIF filter2 
letter-probability matrix: alength= 4 w= 11 nsites= 11 
0.2778 0.2471 0.2422 0.2329 
0.2639 0.2416 0.2363 0.2582 
0.4708 0.1800 0.1490 0.2001 
0.1430 0.0401 0.0237 0.7931 
0.0664 0.2153 0.0062 0.7121 
0.4957 0.0097 0.0455 0.4492 
0.7599 0.0096 0.2100 0.0204 
0.5901 0.0348 0.1027 0.2724 
0.1987 0.1848 0.2419 0.3746 
0.2432 0.2426 0.2442 0.2700 
0.2516 0.2549 0.2411 0.2524 

MOTIF filter3 
letter-probability matrix: alength= 4 w= 14 nsites= 14 
0.2633 0.2984 0.2839 0.1544 
0.2484 0.2535 0.2055 0.2927 
0.2004 0.5965 0.0975 0.1056 
0.0361 0.5996 0.0651 0.2992 
0.2018 0.6646 0.1238 0.0099 
0.5100 0.0110 0.4791 0.0000 
0.0037 0.3183 0.5005 0.1774 
0.3419 0.0099 0.1706 0.4775 
0.6055 0.2383 0.1485 0.0077 
0.0563 0.0153 0.8968 0.0315 
0.0528 0.2515 0.0013 0.6944 
0.1455 0.3152 0.3384 0.2009 
0.3459 0.3801 0.2002 0.0738 
0.2212 0.2841 0.2620 0.2326 

MOTIF filter4 
letter-probability matrix: alength= 4 w= 10 nsites= 10 
0.4454 0.0000 0.2260 0.3286 
0.2666 0.4110 0.1959 0.1265 
0.4126 0.3931 0.1936 0.0008 
0.8037 0.0008 0.0008 0.1948 
0.0570 0.0012 0.0000 0.9418 
0.0023 0.0956 0.7455 0.1565 
0.0137 0.0870 0.8255 0.0738 
0.2268 0.4797 0.0000 0.2935 
0.0675 0.2721 0.3649 0.2955 
0.1647 0.1109 0.6062 0.1183 

MOTIF filter5 
letter-probability matrix: alength= 4 w= 13 nsites= 13 
0.2467 0.2643 0.2533 0.2357 
0.2357 0.2720 0.2489 0.2434 
0.1211 0.0639 0.3557 0.4593 
0.0419 0.8414 0.0000 0.1167 
0.0000 0.0297 0.0000 0.9703 
1.0000 0.0000 0.0000 0.0000 
0.2907 0.0000 0.0044 0.7048 
0.4570 0.0000 0.0011 0.5419 
0.5617 0.0000 0.0000 0.4383 
0.6938 0.0000 0.0000 0.3062 
0.0000 0.0000 0.0000 1.0000 
0.9989 0.0000 0.0011 0.0000 
0.1002 0.0000 0.8954 0.0044 

MOTIF filter6 
letter-probability matrix: alength= 4 w= 10 nsites= 10 
0.1372 0.2431 0.2522 0.3676 
0.3731 0.0118 0.2933 0.3218 
0.2582 0.3326 0.4092 0.0000 
0.1262 0.7630 0.0022 0.1085 
0.0877 0.1955 0.4072 0.3095 
0.0000 0.0725 0.1400 0.7875 
0.6950 0.0599 0.0000 0.2451 
0.4375 0.3381 0.1573 0.0670 
0.1741 0.3661 0.4581 0.0017 
0.1465 0.3564 0.2436 0.2535 

MOTIF filter7 
letter-probability matrix: alength= 4 w= 14 nsites= 14 
0.1746 0.2584 0.2861 0.2809 
0.3141 0.1801 0.3135 0.1924 
0.2449 0.3349 0.2260 0.1942 
0.2870 0.5837 0.1188 0.0105 
0.3672 0.4962 0.0485 0.0881 
0.1805 0.2889 0.1723 0.3583 
0.8436 0.0362 0.0860 0.0341 
0.0009 0.0107 0.0448 0.9435 
0.1379 0.0587 0.7410 0.0624 
0.3098 0.0797 0.6071 0.0034 
0.0266 0.5595 0.4041 0.0098 
0.1213 0.1634 0.2873 0.4280 
0.1152 0.4764 0.2181 0.1903 
0.3968 0.3963 0.0742 0.1327 

MOTIF filter8 
letter-probability matrix: alength= 4 w= 17 nsites= 17 
0.1832 0.1476 0.4724 0.1968 
0.1340 0.2816 0.3861 0.1983 
0.1279 0.1559 0.5602 0.1559 
0.0242 0.1877 0.7070 0.0810 
0.2680 0.0946 0.4883 0.1491 
0.4913 0.2226 0.1915 0.0946 
0.2354 0.0628 0.4913 0.2104 
0.0212 0.7192 0.2195 0.0401 
0.0008 0.0045 0.2226 0.7721 
0.7994 0.0038 0.1908 0.0061 
0.2544 0.1809 0.0045 0.5602 
0.3717 0.1136 0.0590 0.4557 
0.3452 0.1136 0.0742 0.4671 
0.4254 0.2301 0.0780 0.2665 
0.0386 0.2036 0.0969 0.6609 
0.7456 0.1385 0.0855 0.0303 
0.0992 0.0568 0.8145 0.0295 

MOTIF filter9 
letter-probability matrix: alength= 4 w= 14 nsites= 14 
0.3404 0.3975 0.1416 0.1205 
0.5068 0.0957 0.1988 0.1988 
0.2658 0.2795 0.4236 0.0311 
0.1441 0.1764 0.0000 0.6795 
0.0770 0.6820 0.0137 0.2273 
0.9056 0.0944 0.0000 0.0000 
0.0099 0.0000 0.6845 0.3056 
0.1267 0.8671 0.0000 0.0062 
0.9441 0.0000 0.0000 0.0559 
0.5826 0.1354 0.0720 0.2099 
0.3876 0.0236 0.0012 0.5876 
0.5540 0.0646 0.0012 0.3801 
0.2385 0.1019 0.1466 0.5130 
0.3826 0.3143 0.1130 0.1901 

MOTIF filter10 
letter-probability matrix: alength= 4 w= 12 nsites= 12 
0.1041 0.3771 0.2400 0.2787 
0.1796 0.4032 0.2114 0.2059 
0.4813 0.0905 0.3136 0.1146 
0.0535 0.6685 0.1091 0.1689 
0.0545 0.0549 0.0838 0.8068 
0.0437 0.0346 0.0229 0.8987 
0.0642 0.8803 0.0320 0.0234 
0.0857 0.8223 0.0217 0.0702 
0.0287 0.0251 0.7733 0.1729 
0.0418 0.2988 0.5455 0.1139 
0.2809 0.2458 0.2422 0.2312 
0.2708 0.2510 0.2431 0.2350 

MOTIF filter11 
letter-probability matrix: alength= 4 w= 15 nsites= 15 
0.2634 0.2582 0.2418 0.2366 
0.1675 0.0345 0.6701 0.1278 
0.1209 0.6062 0.1563 0.1166 
0.2288 0.3428 0.2211 0.2073 
0.0432 0.0967 0.6744 0.1857 
0.0130 0.8722 0.0432 0.0717 
0.0009 0.9309 0.0294 0.0389 
0.5587 0.1218 0.1623 0.1572 
0.0043 0.1356 0.1684 0.6917 
0.0052 0.6865 0.0475 0.2608 
0.0069 0.1140 0.0017 0.8774 
0.1546 0.1010 0.0017 0.7427 
0.2789 0.1658 0.1960 0.3592 
0.4093 0.1131 0.1157 0.3618 
0.3221 0.1304 0.2349 0.3126 

MOTIF filter12 
letter-probability matrix: alength= 4 w= 14 nsites= 14 
0.2081 0.2174 0.3410 0.2335 
0.2834 0.1766 0.2993 0.2408 
0.3705 0.1451 0.2219 0.2624 
0.0004 0.5412 0.2076 0.2507 
0.0004 0.4231 0.2798 0.2967 
0.3065 0.1705 0.5114 0.0116 
0.5743 0.1333 0.2919 0.0005 
0.0008 0.1892 0.0107 0.7994 
0.0040 0.5082 0.1228 0.3651 
0.3773 0.0441 0.5722 0.0064 
0.1609 0.1548 0.6844 0.0000 
0.1903 0.3132 0.1616 0.3349 
0.2062 0.3516 0.1914 0.2507 
0.2860 0.2872 0.2134 0.2134 

MOTIF filter13 
letter-probability matrix: alength= 4 w= 14 nsites= 14 
0.2868 0.2746 0.2175 0.2211 
0.0529 0.8280 0.0821 0.0370 
0.0807 0.7430 0.0614 0.1148 
0.6097 0.0514 0.0853 0.2536 
0.0966 0.0114 0.0594 0.8326 
0.6674 0.1652 0.1046 0.0628 
0.0099 0.0497 0.1853 0.7550 
0.8610 0.0290 0.0142 0.0958 
0.2754 0.0395 0.0620 0.6231 
0.1836 0.1043 0.6865 0.0256 
0.0696 0.0566 0.8454 0.0284 
0.2038 0.1566 0.3107 0.3289 
0.2504 0.4534 0.1671 0.1291 
0.4810 0.0947 0.1609 0.2635 

MOTIF filter14 
letter-probability matrix: alength= 4 w= 13 nsites= 13 
0.3053 0.0964 0.1313 0.4670 
0.1271 0.2678 0.4921 0.1130 
0.0456 0.1761 0.2119 0.5663 
0.0414 0.7510 0.0000 0.2077 
0.2205 0.0004 0.2009 0.5783 
0.7348 0.0009 0.2597 0.0047 
0.0759 0.6601 0.0512 0.2128 
0.5595 0.0124 0.0013 0.4269 
0.2810 0.1689 0.1352 0.4149 
0.5876 0.0388 0.0640 0.3096 
0.0597 0.0580 0.1309 0.7514 
0.6401 0.0977 0.0350 0.2273 
0.1049 0.0571 0.6938 0.1441 

MOTIF filter15 
letter-probability matrix: alength= 4 w= 12 nsites= 12 
0.2055 0.2700 0.2668 0.2577 
0.3215 0.0850 0.3560 0.2375 
0.0793 0.1977 0.2961 0.4269 
0.2581 0.0000 0.5256 0.2163 
0.5560 0.3722 0.0060 0.0658 
0.7298 0.0363 0.2087 0.0252 
0.1145 0.0000 0.0000 0.8855 
0.0057 0.7332 0.0985 0.1626 
0.1568 0.3294 0.0059 0.5080 
0.4799 0.2764 0.0587 0.1850 
0.5763 0.1554 0.1034 0.1649 
0.1754 0.2225 0.0978 0.5043 

MOTIF filter16 
letter-probability matrix: alength= 4 w= 13 nsites= 13 
0.2528 0.2275 0.2495 0.2702 
0.2540 0.2364 0.2785 0.2311 
0.3492 0.2066 0.2957 0.1485 
0.0970 0.1398 0.1159 0.6474 
0.0535 0.1201 0.5858 0.2406 
0.6559 0.0334 0.2212 0.0895 
0.1308 0.4444 0.3970 0.0277 
0.0008 0.0117 0.0002 0.9872 
0.0245 0.5353 0.4393 0.0008 
0.9856 0.0063 0.0055 0.0026 
0.0221 0.3776 0.3370 0.2633 
0.0984 0.2718 0.1260 0.5037 
0.2627 0.4345 0.1843 0.1185 

MOTIF filter17 
letter-probability matrix: alength= 4 w= 12 nsites= 12 
0.3087 0.2090 0.2227 0.2596 
0.2176 0.1275 0.4315 0.2234 
0.2527 0.1084 0.1617 0.4772 
0.0511 0.7570 0.1209 0.0710 
0.2753 0.0275 0.3777 0.3195 
0.0389 0.7137 0.0709 0.1765 
0.5495 0.3153 0.1168 0.0185 
0.0895 0.4129 0.4034 0.0942 
0.0421 0.4604 0.0341 0.4635 
0.1213 0.6487 0.2083 0.0218 
0.2438 0.3810 0.1551 0.2201 
0.0598 0.1777 0.6402 0.1222 

MOTIF filter18 
letter-probability matrix: alength= 4 w= 14 nsites= 14 
0.3379 0.2421 0.1443 0.2757 
0.1476 0.2673 0.3126 0.2725 
0.2867 0.2013 0.2828 0.2291 
0.0686 0.0259 0.3107 0.5948 
0.0162 0.3728 0.5767 0.0343 
0.2887 0.0019 0.0013 0.7081 
0.6764 0.1916 0.1320 0.0000 
0.1566 0.0000 0.0006 0.8427 
0.1987 0.5133 0.0000 0.2880 
0.7599 0.0019 0.0019 0.2362 
0.4252 0.1709 0.0440 0.3599 
0.0440 0.0848 0.0498 0.8214 
0.7599 0.0654 0.1126 0.0621 
0.1560 0.1016 0.6589 0.0835 

MOTIF filter19 
letter-probability matrix: alength= 4 w= 16 nsites= 16 
0.3035 0.2130 0.2167 0.2668 
0.2256 0.2096 0.2480 0.3168 
0.3290 0.3896 0.1296 0.1518 
0.1946 0.0694 0.0946 0.6414 
0.0629 0.1266 0.6574 0.1531 
0.5386 0.3300 0.0340 0.0973 
0.0640 0.0949 0.3055 0.5356 
0.0007 0.0000 0.7186 0.2807 
0.4849 0.5141 0.0003 0.0007 
0.7972 0.0415 0.0857 0.0755 
0.0425 0.0245 0.6193 0.3137 
0.1841 0.6938 0.0259 0.0963 
0.6570 0.0541 0.1851 0.1038 
0.1524 0.2113 0.3828 0.2535 
0.3045 0.3038 0.1535 0.2382 
0.2780 0.1562 0.1742 0.3916 

MOTIF filter20 
letter-probability matrix: alength= 4 w= 15 nsites= 15 
0.2677 0.3099 0.2537 0.1687 
0.3139 0.2450 0.3144 0.1266 
0.1023 0.0995 0.1835 0.6146 
0.2185 0.0449 0.6871 0.0495 
0.7363 0.1820 0.0771 0.0046 
0.0610 0.5087 0.2218 0.2085 
0.0809 0.1217 0.3420 0.4553 
0.0000 0.3617 0.0026 0.6358 
0.4359 0.0232 0.5408 0.0000 
0.2887 0.3377 0.1128 0.2608 
0.4135 0.1345 0.4283 0.0237 
0.0189 0.0360 0.2874 0.6577 
0.0745 0.5140 0.1968 0.2147 
0.6263 0.1029 0.1782 0.0926 
0.1470 0.2779 0.2598 0.3152 

MOTIF filter21 
letter-probability matrix: alength= 4 w= 13 nsites= 13 
0.2343 0.2856 0.2477 0.2324 
0.1341 0.2631 0.3427 0.2602 
0.0346 0.5448 0.1486 0.2720 
0.0947 0.5982 0.0380 0.2691 
0.0847 0.7244 0.1337 0.0572 
0.0221 0.8227 0.1062 0.0490 
0.2179 0.2088 0.3403 0.2329 
0.1273 0.8139 0.0446 0.0142 
0.0307 0.8033 0.1586 0.0075 
0.0010 0.6129 0.1002 0.2860 
0.1656 0.5268 0.1115 0.1961 
0.1279 0.4281 0.1718 0.2721 
0.2218 0.3016 0.2500 0.2266 

MOTIF filter22 
letter-probability matrix: alength= 4 w= 12 nsites= 12 
0.4229 0.2577 0.3060 0.0134 
0.2106 0.0577 0.3718 0.3599 
0.1352 0.4951 0.3099 0.0599 
0.0870 0.5884 0.0243 0.3004 
0.0225 0.0444 0.9074 0.0257 
0.0032 0.0000 0.6289 0.3680 
0.7585 0.0926 0.1282 0.0208 
0.8486 0.0162 0.0835 0.0518 
0.1007 0.2162 0.6820 0.0011 
0.1246 0.1782 0.1007 0.5965 
0.1317 0.3127 0.4025 0.1532 
0.3197 0.2081 0.2986 0.1736 

MOTIF filter23 
letter-probability matrix: alength= 4 w= 12 nsites= 12 
0.2532 0.2468 0.2545 0.2455 
0.3260 0.2167 0.2642 0.1930 
0.2409 0.2867 0.2647 0.2077 
0.0704 0.8415 0.0298 0.0583 
0.8712 0.0320 0.0527 0.0442 
0.0434 0.7796 0.0429 0.1341 
0.1386 0.0389 0.7879 0.0346 
0.0443 0.0511 0.0315 0.8731 
0.0442 0.0365 0.8520 0.0674 
0.2069 0.2743 0.2825 0.2362 
0.2106 0.2622 0.1983 0.3289 
0.2361 0.2543 0.2500 0.2596 

MOTIF filter24 
letter-probability matrix: alength= 4 w= 16 nsites= 16 
0.2000 0.1564 0.1062 0.5373 
0.0849 0.1311 0.5342 0.2498 
0.3213 0.3458 0.1564 0.1764 
0.0498 0.8102 0.1129 0.0271 
0.0107 0.9213 0.0431 0.0249 
0.5564 0.1031 0.1116 0.2289 
0.1324 0.0289 0.1742 0.6644 
0.9764 0.0027 0.0062 0.0147 
0.0587 0.0187 0.0013 0.9213 
0.7436 0.1218 0.0476 0.0871 
0.2391 0.1053 0.0880 0.5676 
0.0222 0.0493 0.9018 0.0267 
0.0533 0.1240 0.7884 0.0342 
0.1738 0.1658 0.3356 0.3249 
0.2431 0.5173 0.1422 0.0973 
0.5338 0.0956 0.1618 0.2089 

MOTIF filter25 
letter-probability matrix: alength= 4 w= 10 nsites= 10 
0.0790 0.4351 0.0682 0.4176 
0.5674 0.1087 0.2686 0.0553 
0.5260 0.1027 0.0327 0.3386 
0.0217 0.2558 0.6931 0.0294 
0.8057 0.0511 0.0972 0.0460 
0.0000 0.0686 0.0013 0.9301 
0.1815 0.2281 0.5904 0.0000 
0.3269 0.0303 0.4444 0.1983 
0.0354 0.4919 0.3576 0.1151 
0.2133 0.2372 0.2058 0.3437 

MOTIF filter26 
letter-probability matrix: alength= 4 w= 13 nsites= 13 
0.2768 0.2157 0.3389 0.1686 
0.3921 0.1212 0.3324 0.1543 
0.1592 0.3127 0.1334 0.3947 
0.0349 0.4545 0.4821 0.0285 
0.6009 0.1412 0.0695 0.1884 
0.2807 0.0579 0.2288 0.4326 
0.0011 0.2561 0.0000 0.7429 
0.0037 0.6882 0.3081 0.0000 
0.7903 0.0005 0.2006 0.0087 
0.1864 0.2239 0.0155 0.5741 
0.1729 0.1581 0.2847 0.3843 
0.0934 0.3895 0.4021 0.1150 
0.3401 0.1141 0.4417 0.1040 

MOTIF filter27 
letter-probability matrix: alength= 4 w= 12 nsites= 12 
0.2503 0.2420 0.2589 0.2488 
0.2540 0.1734 0.4391 0.1334 
0.2461 0.0491 0.5306 0.1742 
0.3082 0.0565 0.5786 0.0567 
0.0604 0.0860 0.8491 0.0045 
0.1070 0.0750 0.7984 0.0196 
0.2843 0.3622 0.1414 0.2121 
0.0519 0.0792 0.8563 0.0126 
0.0124 0.0229 0.8932 0.0715 
0.2705 0.0816 0.5784 0.0695 
0.2777 0.1383 0.5572 0.0268 
0.2175 0.3368 0.3208 0.1249 

MOTIF filter28 
letter-probability matrix: alength= 4 w= 10 nsites= 10 
0.2497 0.1786 0.3243 0.2475 
0.2844 0.2217 0.2224 0.2714 
0.1470 0.3117 0.2939 0.2475 
0.0080 0.5915 0.3740 0.0266 
0.2670 0.2019 0.0549 0.4762 
0.0001 0.0950 0.4450 0.4598 
0.8284 0.1679 0.0001 0.0036 
0.0007 0.4739 0.2918 0.2336 
0.3834 0.1003 0.0266 0.4897 
0.2777 0.3534 0.0000 0.3689 

MOTIF filter29 
letter-probability matrix: alength= 4 w= 15 nsites= 15 
0.2991 0.2336 0.2407 0.2265 
0.2619 0.2566 0.2124 0.2690 
0.4956 0.0212 0.1310 0.3522 
0.6496 0.0053 0.0779 0.2673 
0.5204 0.0000 0.0195 0.4602 
0.3239 0.1487 0.2195 0.3080 
0.0920 0.0124 0.0000 0.8956 
0.0000 0.0035 0.9965 0.0000 
0.0602 0.9381 0.0018 0.0000 
0.0159 0.0035 0.1611 0.8195 
0.0000 0.0000 0.9451 0.0549 
0.8265 0.0000 0.1681 0.0053 
0.0655 0.4035 0.3646 0.1664 
0.2956 0.1823 0.0761 0.4460 
0.1752 0.2566 0.1699 0.3982 

MOTIF filter30 
letter-probability matrix: alength= 4 w= 14 nsites= 14 
0.1361 0.3842 0.2877 0.1921 
0.3161 0.2593 0.3333 0.0913 
0.2205 0.0551 0.5848 0.1395 
0.0086 0.9208 0.0586 0.0121 
0.2567 0.7037 0.0000 0.0396 
0.9380 0.0052 0.0568 0.0000 
0.5952 0.0017 0.0663 0.3368 
0.2429 0.1352 0.0189 0.6029 
0.0103 0.2506 0.0086 0.7304 
0.1576 0.0034 0.5538 0.2851 
0.0181 0.0301 0.9397 0.0121 
0.2102 0.4858 0.1387 0.1654 
0.1878 0.2050 0.3084 0.2989 
0.1464 0.2041 0.4531 0.1964 

MOTIF filter31 
letter-probability matrix: alength= 4 w= 10 nsites= 10 
0.2661 0.1946 0.2062 0.3330 
0.2031 0.3344 0.2012 0.2613 
0.4086 0.1026 0.3676 0.1212 
0.8305 0.0284 0.1410 0.0001 
0.4241 0.1862 0.2840 0.1056 
0.8127 0.0755 0.1116 0.0002 
0.0000 0.0905 0.0533 0.8562 
0.1540 0.0893 0.1848 0.5720 
0.0119 0.2000 0.4932 0.2948 
0.2881 0.4512 0.0008 0.2600 

