MEME version 4

ALPHABET= ACGT

Background letter frequencies:
A 0.2500 C 0.2500 G 0.2500 T 0.2500 

MOTIF filter0 
letter-probability matrix: alength= 4 w= 12 nsites= 12 
0.2526 0.2443 0.2536 0.2495 
0.3415 0.2161 0.2625 0.1798 
0.2552 0.2871 0.2680 0.1897 
0.0436 0.8404 0.0568 0.0592 
0.8602 0.0397 0.0536 0.0465 
0.0482 0.7271 0.0404 0.1844 
0.1949 0.0243 0.7453 0.0354 
0.1135 0.0654 0.0260 0.7951 
0.0491 0.0318 0.8582 0.0609 
0.2025 0.2766 0.2891 0.2319 
0.1932 0.2691 0.1993 0.3383 
0.2363 0.2482 0.2622 0.2533 

MOTIF filter1 
letter-probability matrix: alength= 4 w= 13 nsites= 13 
0.2172 0.2449 0.3057 0.2322 
0.3843 0.1612 0.3695 0.0850 
0.1513 0.1578 0.2110 0.4798 
0.0001 0.5046 0.4084 0.0870 
0.7984 0.1594 0.0276 0.0147 
0.2756 0.2403 0.2117 0.2724 
0.0243 0.0210 0.0803 0.8744 
0.0020 0.3321 0.6660 0.0000 
0.7649 0.0088 0.1474 0.0789 
0.0005 0.3670 0.1780 0.4544 
0.1538 0.2825 0.2855 0.2782 
0.2047 0.2679 0.2978 0.2296 
0.2549 0.2281 0.3105 0.2066 

MOTIF filter2 
letter-probability matrix: alength= 4 w= 15 nsites= 15 
0.1609 0.1568 0.4488 0.2336 
0.3489 0.3571 0.1373 0.1568 
0.0379 0.9139 0.0307 0.0174 
0.0220 0.8612 0.0569 0.0599 
0.6885 0.0492 0.0538 0.2085 
0.1025 0.0364 0.0215 0.8397 
0.8776 0.0138 0.0640 0.0446 
0.0236 0.0984 0.0338 0.8443 
0.8028 0.0256 0.0815 0.0902 
0.1983 0.0451 0.0205 0.7362 
0.0656 0.0517 0.8550 0.0277 
0.0164 0.0246 0.9109 0.0482 
0.1767 0.1168 0.3489 0.3576 
0.2628 0.5051 0.1399 0.0922 
0.5389 0.0768 0.1388 0.2454 

MOTIF filter3 
letter-probability matrix: alength= 4 w= 9 nsites= 9 
0.3012 0.2182 0.2669 0.2137 
0.2433 0.2870 0.1923 0.2774 
0.2267 0.0000 0.3398 0.4335 
1.0000 0.0000 0.0000 0.0000 
0.0049 0.4935 0.4660 0.0356 
0.0000 0.0289 0.1365 0.8345 
0.2206 0.3983 0.0145 0.3666 
0.3655 0.2452 0.1444 0.2449 
0.1932 0.2850 0.2616 0.2601 

MOTIF filter4 
letter-probability matrix: alength= 4 w= 13 nsites= 13 
0.2254 0.2962 0.2575 0.2209 
0.1291 0.3094 0.3307 0.2307 
0.0254 0.5072 0.1812 0.2862 
0.0719 0.5646 0.0433 0.3203 
0.0340 0.8349 0.1259 0.0052 
0.0155 0.8540 0.0708 0.0597 
0.1640 0.1640 0.4050 0.2669 
0.0404 0.6829 0.1918 0.0849 
0.2185 0.7027 0.0387 0.0401 
0.0761 0.5793 0.0463 0.2983 
0.1923 0.5168 0.0622 0.2287 
0.1278 0.4371 0.1505 0.2846 
0.2222 0.2860 0.2603 0.2315 

MOTIF filter5 
letter-probability matrix: alength= 4 w= 15 nsites= 15 
0.2585 0.2090 0.2686 0.2640 
0.2005 0.2640 0.2830 0.2525 
0.3012 0.1007 0.2339 0.3642 
0.0461 0.2030 0.0533 0.6975 
0.0004 0.0000 0.0089 0.9907 
0.3883 0.4780 0.0990 0.0347 
0.6650 0.1455 0.0000 0.1895 
0.3075 0.0673 0.0639 0.5613 
0.2073 0.0042 0.3503 0.4382 
0.2060 0.0448 0.6261 0.1231 
0.8959 0.0347 0.0000 0.0694 
0.8198 0.0525 0.0423 0.0854 
0.2995 0.1675 0.1650 0.3680 
0.2817 0.2728 0.2352 0.2102 
0.2492 0.2479 0.2652 0.2377 

MOTIF filter6 
letter-probability matrix: alength= 4 w= 8 nsites= 8 
0.2762 0.2268 0.3712 0.1258 
0.2826 0.2540 0.2619 0.2015 
0.3888 0.0668 0.0889 0.4556 
0.0069 0.9411 0.0001 0.0519 
0.0553 0.0038 0.9325 0.0084 
0.3573 0.2365 0.0029 0.4033 
0.1436 0.1068 0.4541 0.2954 
0.3962 0.2543 0.0431 0.3064 

MOTIF filter7 
letter-probability matrix: alength= 4 w= 13 nsites= 13 
0.3049 0.2027 0.2613 0.2311 
0.2728 0.0847 0.4538 0.1886 
0.1686 0.5602 0.1174 0.1537 
0.0850 0.7075 0.1430 0.0645 
0.9338 0.0101 0.0560 0.0000 
0.4688 0.0985 0.0633 0.3694 
0.0769 0.4859 0.4001 0.0372 
0.4195 0.1146 0.0676 0.3984 
0.0006 0.0549 0.0307 0.9139 
0.0755 0.1303 0.7582 0.0360 
0.1042 0.1151 0.5664 0.2142 
0.1472 0.5484 0.0425 0.2618 
0.2097 0.2275 0.2720 0.2908 

MOTIF filter8 
letter-probability matrix: alength= 4 w= 14 nsites= 14 
0.2304 0.2490 0.2766 0.2439 
0.3293 0.2877 0.2004 0.1825 
0.0606 0.7621 0.1350 0.0423 
0.0374 0.5633 0.1601 0.2393 
0.3535 0.0617 0.3408 0.2439 
0.1218 0.4849 0.0733 0.3200 
0.3572 0.5726 0.0534 0.0168 
0.0183 0.0016 0.6589 0.3211 
0.2526 0.5110 0.0583 0.1781 
0.3367 0.4323 0.0067 0.2242 
0.0250 0.0759 0.8444 0.0546 
0.0680 0.3107 0.3925 0.2288 
0.1948 0.2342 0.1870 0.3839 
0.2854 0.4203 0.1000 0.1943 

MOTIF filter9 
letter-probability matrix: alength= 4 w= 16 nsites= 16 
0.2583 0.2420 0.2382 0.2616 
0.2507 0.2626 0.2953 0.1914 
0.1001 0.0886 0.3948 0.4165 
0.0740 0.7934 0.0120 0.1207 
0.0000 0.0147 0.0000 0.9853 
0.7379 0.2621 0.0000 0.0000 
0.2833 0.1365 0.1338 0.4464 
0.2588 0.2741 0.1055 0.3616 
0.4127 0.2316 0.1158 0.2398 
0.4008 0.0000 0.3877 0.2115 
0.0000 0.0837 0.0990 0.8173 
0.9810 0.0000 0.0185 0.0005 
0.0897 0.0555 0.7939 0.0609 
0.3703 0.4628 0.0718 0.0952 
0.2991 0.2860 0.2295 0.1854 
0.2257 0.2431 0.2398 0.2915 

MOTIF filter10 
letter-probability matrix: alength= 4 w= 15 nsites= 15 
0.2252 0.2046 0.3076 0.2626 
0.1634 0.3954 0.1962 0.2450 
0.1405 0.6725 0.0771 0.1099 
0.1275 0.2069 0.3107 0.3550 
0.4321 0.4855 0.0603 0.0221 
0.2824 0.3076 0.0076 0.4023 
0.8534 0.0145 0.1221 0.0099 
0.6321 0.0008 0.0458 0.3214 
0.7229 0.0443 0.0061 0.2267 
0.0015 0.0076 0.0061 0.9847 
0.1992 0.0000 0.7221 0.0786 
0.0130 0.0115 0.9603 0.0153 
0.2191 0.5313 0.0366 0.2130 
0.1099 0.3092 0.3336 0.2473 
0.3336 0.2038 0.3481 0.1145 

MOTIF filter11 
letter-probability matrix: alength= 4 w= 11 nsites= 11 
0.1740 0.2789 0.3717 0.1754 
0.1621 0.3037 0.3545 0.1796 
0.1468 0.2453 0.3817 0.2262 
0.0928 0.0000 0.7527 0.1545 
0.0749 0.8238 0.0359 0.0654 
0.3456 0.0015 0.0108 0.6421 
0.2219 0.0074 0.7444 0.0263 
0.0780 0.7478 0.0119 0.1623 
0.3260 0.2640 0.2456 0.1644 
0.3978 0.1479 0.2488 0.2055 
0.2642 0.2763 0.1843 0.2751 

MOTIF filter12 
letter-probability matrix: alength= 4 w= 15 nsites= 15 
0.2468 0.2686 0.2404 0.2442 
0.0365 0.5064 0.2109 0.2462 
0.0442 0.7192 0.1462 0.0904 
0.6442 0.0442 0.2654 0.0462 
0.0058 0.4974 0.0609 0.4359 
0.2801 0.0006 0.0141 0.7051 
0.2058 0.0006 0.0032 0.7904 
0.4231 0.5596 0.0096 0.0077 
0.2840 0.6474 0.0590 0.0096 
0.0237 0.0353 0.4891 0.4519 
0.0308 0.1436 0.7808 0.0449 
0.0160 0.0923 0.6872 0.2045 
0.2333 0.3250 0.2192 0.2224 
0.4833 0.1853 0.1295 0.2019 
0.2295 0.2045 0.3756 0.1904 

MOTIF filter13 
letter-probability matrix: alength= 4 w= 12 nsites= 12 
0.2221 0.3432 0.2364 0.1983 
0.1700 0.3738 0.1549 0.3013 
0.2863 0.0942 0.3294 0.2901 
0.0968 0.0105 0.0873 0.8054 
0.5749 0.0532 0.0729 0.2990 
0.3232 0.0037 0.0812 0.5919 
0.2470 0.0611 0.0998 0.5921 
0.8734 0.0735 0.0351 0.0180 
0.6120 0.0383 0.0343 0.3154 
0.3860 0.0642 0.4914 0.0584 
0.5861 0.1276 0.2462 0.0401 
0.2258 0.3974 0.1855 0.1913 

MOTIF filter14 
letter-probability matrix: alength= 4 w= 12 nsites= 12 
0.4157 0.1216 0.1856 0.2771 
0.3998 0.1583 0.0954 0.3465 
0.2445 0.1646 0.2414 0.3495 
0.0301 0.0294 0.0032 0.9373 
0.0692 0.5746 0.3536 0.0026 
0.4336 0.5549 0.0038 0.0077 
0.0050 0.0091 0.4800 0.5060 
0.0036 0.3324 0.5722 0.0918 
0.9484 0.0028 0.0131 0.0357 
0.2945 0.2773 0.2065 0.2217 
0.3227 0.1285 0.1410 0.4078 
0.2687 0.2438 0.1119 0.3756 

MOTIF filter15 
letter-probability matrix: alength= 4 w= 15 nsites= 15 
0.2688 0.1589 0.3360 0.2363 
0.2627 0.2497 0.2513 0.2363 
0.2293 0.2619 0.1646 0.3442 
0.1462 0.0424 0.1743 0.6371 
0.2807 0.0859 0.1613 0.4721 
0.0770 0.7690 0.1251 0.0289 
0.1189 0.8493 0.0033 0.0285 
0.0640 0.8354 0.0497 0.0509 
0.0990 0.0069 0.7242 0.1699 
0.0024 0.1857 0.7552 0.0566 
0.7336 0.0000 0.0016 0.2648 
0.7051 0.1116 0.0261 0.1572 
0.3230 0.0880 0.4827 0.1063 
0.1589 0.3255 0.2554 0.2603 
0.2424 0.2029 0.3719 0.1829 

MOTIF filter16 
letter-probability matrix: alength= 4 w= 13 nsites= 13 
0.2042 0.2623 0.2540 0.2796 
0.2184 0.2623 0.2753 0.2441 
0.3221 0.1927 0.2654 0.2198 
0.0569 0.7411 0.0872 0.1148 
0.1322 0.1423 0.2065 0.5190 
0.2591 0.2962 0.0107 0.4340 
0.0024 0.9403 0.0573 0.0000 
0.2140 0.5528 0.0146 0.2186 
0.1144 0.0000 0.8571 0.0285 
0.0030 0.0004 0.9316 0.0650 
0.3593 0.1186 0.3095 0.2126 
0.3883 0.1838 0.2269 0.2010 
0.2020 0.1960 0.4672 0.1348 

MOTIF filter17 
letter-probability matrix: alength= 4 w= 14 nsites= 14 
0.5317 0.3279 0.1156 0.0247 
0.4035 0.1215 0.1021 0.3729 
0.2865 0.1165 0.1242 0.4728 
0.2096 0.5987 0.0018 0.1898 
0.0783 0.1705 0.3392 0.4121 
0.1386 0.0054 0.5655 0.2906 
0.8169 0.1291 0.0337 0.0202 
0.7099 0.0891 0.0238 0.1772 
0.0625 0.0643 0.8417 0.0315 
0.0846 0.2474 0.0108 0.6572 
0.1552 0.1233 0.6743 0.0472 
0.1979 0.2879 0.4741 0.0400 
0.2141 0.3864 0.2393 0.1601 
0.1880 0.2515 0.2348 0.3257 

MOTIF filter18 
letter-probability matrix: alength= 4 w= 13 nsites= 13 
0.2241 0.2530 0.2884 0.2345 
0.2303 0.1379 0.5022 0.1296 
0.2189 0.0954 0.5656 0.1201 
0.2867 0.0636 0.6352 0.0145 
0.1562 0.0682 0.7728 0.0028 
0.1149 0.1841 0.6755 0.0255 
0.2761 0.3492 0.2502 0.1246 
0.0389 0.0956 0.8229 0.0426 
0.0186 0.0429 0.9151 0.0234 
0.2619 0.0443 0.6090 0.0848 
0.2831 0.1571 0.5304 0.0294 
0.1669 0.2931 0.4174 0.1226 
0.2061 0.2528 0.2848 0.2562 

MOTIF filter19 
letter-probability matrix: alength= 4 w= 13 nsites= 13 
0.0974 0.3078 0.3073 0.2875 
0.2510 0.2059 0.3996 0.1435 
0.3195 0.0274 0.4031 0.2500 
0.0943 0.8215 0.0806 0.0035 
0.0243 0.7535 0.0816 0.1405 
0.8585 0.1116 0.0030 0.0269 
0.6800 0.0928 0.2231 0.0041 
0.0000 0.0700 0.7297 0.2003 
0.1217 0.7323 0.1425 0.0035 
0.7723 0.1237 0.0390 0.0649 
0.5771 0.1608 0.1891 0.0730 
0.3068 0.1968 0.2657 0.2307 
0.3768 0.1836 0.1466 0.2931 

MOTIF filter20 
letter-probability matrix: alength= 4 w= 12 nsites= 12 
0.2205 0.2105 0.2815 0.2874 
0.4224 0.2108 0.2042 0.1625 
0.1735 0.2916 0.2410 0.2938 
0.0352 0.8192 0.0399 0.1057 
0.7238 0.0191 0.1869 0.0702 
0.0866 0.7017 0.1339 0.0779 
0.0289 0.0445 0.9267 0.0000 
0.0212 0.1261 0.0783 0.7744 
0.3824 0.0804 0.5080 0.0292 
0.2188 0.2848 0.2068 0.2897 
0.2132 0.2648 0.2260 0.2960 
0.2557 0.2518 0.2372 0.2553 

MOTIF filter21 
letter-probability matrix: alength= 4 w= 15 nsites= 15 
0.3526 0.2363 0.1552 0.2559 
0.1498 0.2137 0.2324 0.4041 
0.0764 0.5616 0.0632 0.2988 
0.0250 0.0039 0.0070 0.9641 
0.6264 0.0000 0.0359 0.3378 
0.1747 0.6092 0.0008 0.2153 
0.1217 0.5374 0.0000 0.3409 
0.5507 0.0390 0.1217 0.2886 
0.6513 0.0000 0.2871 0.0616 
0.0000 0.0000 0.3588 0.6412 
0.9314 0.0616 0.0070 0.0000 
0.6318 0.0000 0.3666 0.0016 
0.4704 0.2668 0.1420 0.1209 
0.2036 0.2395 0.3175 0.2395 
0.2785 0.2512 0.2356 0.2348 

MOTIF filter22 
letter-probability matrix: alength= 4 w= 14 nsites= 14 
0.4247 0.1209 0.2864 0.1681 
0.1102 0.0685 0.3294 0.4919 
0.2617 0.0306 0.1604 0.5472 
0.0243 0.1119 0.2009 0.6630 
0.2821 0.4647 0.2340 0.0191 
0.0064 0.5409 0.0030 0.4498 
0.0677 0.1923 0.6498 0.0902 
0.1009 0.0847 0.8128 0.0017 
0.0170 0.0009 0.9217 0.0604 
0.6711 0.1289 0.1817 0.0183 
0.9740 0.0226 0.0004 0.0030 
0.4340 0.1170 0.3217 0.1272 
0.1443 0.2587 0.2791 0.3179 
0.1821 0.2574 0.3345 0.2260 

MOTIF filter23 
letter-probability matrix: alength= 4 w= 13 nsites= 13 
0.2498 0.2403 0.2594 0.2506 
0.2698 0.2091 0.2918 0.2293 
0.3345 0.2475 0.2944 0.1236 
0.0310 0.0672 0.0433 0.8585 
0.0454 0.1386 0.7149 0.1012 
0.8963 0.0192 0.0456 0.0388 
0.1262 0.3775 0.3789 0.1174 
0.0154 0.0481 0.0292 0.9072 
0.1076 0.6926 0.1550 0.0448 
0.8188 0.0462 0.0686 0.0664 
0.1208 0.2980 0.2461 0.3350 
0.2358 0.2909 0.2073 0.2659 
0.2395 0.2307 0.2639 0.2659 

MOTIF filter24 
letter-probability matrix: alength= 4 w= 11 nsites= 11 
0.2559 0.2891 0.2379 0.2171 
0.2426 0.2726 0.2264 0.2584 
0.5222 0.0845 0.0642 0.3291 
0.0250 0.0242 0.0109 0.9399 
0.1298 0.2599 0.0049 0.6054 
0.6031 0.0291 0.2380 0.1298 
0.8941 0.0019 0.0319 0.0721 
0.3308 0.0192 0.0657 0.5842 
0.2654 0.2346 0.2336 0.2665 
0.1977 0.2580 0.2936 0.2507 
0.2359 0.2412 0.2493 0.2736 

MOTIF filter25 
letter-probability matrix: alength= 4 w= 14 nsites= 14 
0.2531 0.2293 0.2856 0.2320 
0.2637 0.2499 0.2185 0.2679 
0.4134 0.1462 0.3728 0.0677 
0.0700 0.0874 0.0555 0.7870 
0.0744 0.0241 0.1607 0.7408 
0.3425 0.0162 0.4200 0.2213 
0.0675 0.6132 0.0068 0.3125 
0.2996 0.0775 0.5952 0.0276 
0.2578 0.4427 0.0018 0.2977 
0.7572 0.1460 0.0328 0.0640 
0.8509 0.0427 0.0734 0.0330 
0.0643 0.3316 0.1453 0.4588 
0.2492 0.2488 0.2871 0.2149 
0.2569 0.2485 0.2389 0.2557 

MOTIF filter26 
letter-probability matrix: alength= 4 w= 16 nsites= 16 
0.2086 0.2960 0.2158 0.2795 
0.2025 0.2785 0.3720 0.1470 
0.0812 0.0144 0.5437 0.3607 
0.0010 0.9846 0.0000 0.0144 
0.0010 0.5797 0.0021 0.4173 
0.9836 0.0082 0.0031 0.0051 
0.0072 0.0000 0.0072 0.9856 
0.1593 0.1357 0.0504 0.6547 
0.0750 0.0668 0.0103 0.8479 
0.3720 0.0730 0.0000 0.5550 
0.0483 0.0596 0.1346 0.7575 
0.5992 0.1346 0.1809 0.0853 
0.1367 0.0298 0.7307 0.1028 
0.3237 0.2980 0.1521 0.2261 
0.3083 0.2826 0.1686 0.2405 
0.3104 0.1727 0.2980 0.2189 

MOTIF filter27 
letter-probability matrix: alength= 4 w= 14 nsites= 14 
0.2424 0.2650 0.2518 0.2408 
0.2812 0.2558 0.2345 0.2285 
0.3705 0.2511 0.3230 0.0554 
0.0326 0.0184 0.0402 0.9089 
0.0278 0.0244 0.1647 0.7831 
0.2342 0.1318 0.5176 0.1163 
0.0460 0.7873 0.0376 0.1292 
0.1363 0.0299 0.7731 0.0607 
0.1022 0.5486 0.1022 0.2471 
0.8175 0.1539 0.0060 0.0226 
0.9123 0.0357 0.0171 0.0349 
0.0678 0.3062 0.2387 0.3873 
0.2277 0.2818 0.2272 0.2634 
0.2413 0.2201 0.2815 0.2571 

MOTIF filter28 
letter-probability matrix: alength= 4 w= 12 nsites= 12 
0.2301 0.2431 0.2849 0.2419 
0.3544 0.1938 0.2271 0.2248 
0.2660 0.1465 0.2399 0.3477 
0.5251 0.1617 0.3131 0.0000 
0.1445 0.2314 0.0732 0.5509 
0.8175 0.1663 0.0162 0.0000 
0.0032 0.3469 0.0542 0.5956 
0.4164 0.1529 0.3317 0.0990 
0.0000 0.1760 0.2356 0.5884 
0.3051 0.1677 0.1099 0.4173 
0.1009 0.3058 0.1741 0.4191 
0.2206 0.2434 0.1101 0.4259 

MOTIF filter29 
letter-probability matrix: alength= 4 w= 14 nsites= 14 
0.1938 0.1841 0.4167 0.2054 
0.3387 0.2272 0.2902 0.1439 
0.2214 0.3377 0.2805 0.1604 
0.0005 0.8561 0.1071 0.0363 
0.1105 0.4414 0.0174 0.4307 
0.2040 0.2762 0.2733 0.2466 
0.8920 0.0693 0.0310 0.0078 
0.0010 0.0005 0.0063 0.9922 
0.2398 0.0950 0.1284 0.5368 
0.1124 0.0068 0.7626 0.1182 
0.0010 0.0538 0.9448 0.0005 
0.1599 0.3377 0.2369 0.2655 
0.1226 0.2878 0.2030 0.3866 
0.1967 0.4583 0.2112 0.1337 

MOTIF filter30 
letter-probability matrix: alength= 4 w= 12 nsites= 12 
0.2361 0.1204 0.4027 0.2408 
0.1242 0.6155 0.1039 0.1564 
0.1877 0.0651 0.4561 0.2911 
0.5617 0.0008 0.2733 0.1642 
0.1372 0.6152 0.0032 0.2443 
0.2970 0.3805 0.0014 0.3212 
0.0031 0.0000 0.9958 0.0011 
0.1689 0.5901 0.1423 0.0988 
0.1138 0.0874 0.0350 0.7639 
0.3712 0.1659 0.1651 0.2977 
0.1250 0.2403 0.4987 0.1360 
0.2115 0.2571 0.1846 0.3468 

MOTIF filter31 
letter-probability matrix: alength= 4 w= 11 nsites= 11 
0.0524 0.4437 0.1830 0.3209 
0.0814 0.2872 0.2650 0.3665 
0.3721 0.2043 0.4183 0.0053 
0.6957 0.0055 0.2953 0.0035 
0.0000 0.5867 0.0416 0.3717 
0.0021 0.5724 0.0742 0.3514 
0.4581 0.0524 0.4753 0.0142 
0.2943 0.0160 0.6712 0.0185 
0.1678 0.1974 0.1131 0.5217 
0.1471 0.3865 0.2090 0.2573 
0.3281 0.2735 0.2200 0.1783 

