MEME version 4

ALPHABET= ACGT

Background letter frequencies:
A 0.2500 C 0.2500 G 0.2500 T 0.2500 

MOTIF filter0 
letter-probability matrix: alength= 4 w= 12 nsites= 12 
0.2474 0.2614 0.2342 0.2569 
0.2782 0.2207 0.2519 0.2492 
0.2542 0.2175 0.2506 0.2776 
0.5951 0.0234 0.0088 0.3727 
0.0101 0.0441 0.0007 0.9451 
0.0092 0.2528 0.0000 0.7380 
0.7080 0.0013 0.2627 0.0281 
0.8862 0.0531 0.0000 0.0607 
0.3596 0.0000 0.0184 0.6221 
0.2559 0.2369 0.2609 0.2463 
0.2629 0.2452 0.2157 0.2762 
0.2609 0.2139 0.2096 0.3156 

MOTIF filter1 
letter-probability matrix: alength= 4 w= 13 nsites= 13 
0.2145 0.2834 0.2580 0.2441 
0.1344 0.3018 0.3413 0.2225 
0.0673 0.5209 0.1853 0.2265 
0.0674 0.5824 0.0544 0.2958 
0.0674 0.6666 0.1122 0.1538 
0.1536 0.6996 0.0365 0.1103 
0.1974 0.2442 0.3118 0.2466 
0.0560 0.7510 0.1026 0.0903 
0.0490 0.8480 0.0971 0.0059 
0.0206 0.6420 0.0539 0.2836 
0.1756 0.5725 0.0425 0.2095 
0.1303 0.4688 0.1448 0.2561 
0.2263 0.3046 0.2393 0.2298 

MOTIF filter2 
letter-probability matrix: alength= 4 w= 12 nsites= 12 
0.4026 0.4306 0.0577 0.1091 
0.2840 0.1792 0.1166 0.4201 
0.4501 0.2507 0.1799 0.1193 
0.1252 0.0125 0.0168 0.8455 
0.3595 0.0979 0.3351 0.2076 
0.0817 0.3921 0.0758 0.4504 
0.0204 0.6883 0.1427 0.1486 
0.2247 0.0033 0.7417 0.0303 
0.0738 0.0300 0.7934 0.1028 
0.2145 0.7117 0.0672 0.0066 
0.8329 0.0369 0.0105 0.1196 
0.2422 0.2705 0.2129 0.2745 

MOTIF filter3 
letter-probability matrix: alength= 4 w= 16 nsites= 16 
0.1860 0.1335 0.1265 0.5541 
0.1316 0.1189 0.4769 0.2726 
0.3757 0.2992 0.1214 0.2037 
0.0746 0.7565 0.0822 0.0867 
0.1828 0.6287 0.1031 0.0854 
0.4877 0.1227 0.0285 0.3612 
0.2713 0.0025 0.0025 0.7236 
0.9424 0.0032 0.0095 0.0449 
0.2062 0.0689 0.2454 0.4794 
0.9968 0.0006 0.0000 0.0025 
0.0455 0.0032 0.0019 0.9494 
0.0531 0.0848 0.8514 0.0108 
0.0272 0.0519 0.9064 0.0145 
0.1398 0.3586 0.2170 0.2846 
0.2125 0.5123 0.1708 0.1044 
0.4655 0.0734 0.2657 0.1954 

MOTIF filter4 
letter-probability matrix: alength= 4 w= 12 nsites= 12 
0.2467 0.2653 0.2537 0.2343 
0.3555 0.2193 0.2541 0.1710 
0.2432 0.3038 0.2719 0.1811 
0.0775 0.8268 0.0582 0.0374 
0.8024 0.0392 0.1069 0.0515 
0.0418 0.6984 0.0357 0.2242 
0.2025 0.0339 0.7325 0.0310 
0.0815 0.0711 0.0259 0.8215 
0.0425 0.0489 0.8163 0.0923 
0.1925 0.2792 0.2868 0.2415 
0.1919 0.2774 0.1958 0.3349 
0.2316 0.2574 0.2436 0.2675 

MOTIF filter5 
letter-probability matrix: alength= 4 w= 12 nsites= 12 
0.4469 0.0356 0.3948 0.1227 
0.1227 0.0756 0.5704 0.2313 
0.1412 0.5380 0.2383 0.0825 
0.3242 0.0149 0.0915 0.5694 
0.5626 0.2961 0.0921 0.0493 
0.0919 0.5686 0.1627 0.1768 
0.3333 0.3377 0.0010 0.3280 
0.1597 0.0644 0.5467 0.2293 
0.2659 0.3278 0.3687 0.0376 
0.0632 0.0867 0.1744 0.6758 
0.4620 0.3741 0.0839 0.0800 
0.0851 0.0424 0.5163 0.3562 

MOTIF filter6 
letter-probability matrix: alength= 4 w= 14 nsites= 14 
0.2521 0.2256 0.2569 0.2654 
0.2581 0.2210 0.2543 0.2666 
0.2114 0.2455 0.1821 0.3610 
0.0074 0.1078 0.0440 0.8408 
0.0641 0.0697 0.1201 0.7461 
0.1925 0.6969 0.0475 0.0632 
0.0937 0.5902 0.0362 0.2799 
0.2403 0.2596 0.2554 0.2447 
0.3185 0.0290 0.5645 0.0880 
0.0777 0.0659 0.6515 0.2049 
0.7552 0.1242 0.0575 0.0631 
0.7974 0.0668 0.0603 0.0756 
0.3607 0.1890 0.2365 0.2138 
0.2413 0.2509 0.2464 0.2613 

MOTIF filter7 
letter-probability matrix: alength= 4 w= 14 nsites= 14 
0.2710 0.3040 0.2184 0.2065 
0.1686 0.4461 0.2224 0.1629 
0.0249 0.3824 0.3598 0.2329 
0.1342 0.7683 0.0058 0.0917 
0.0165 0.0003 0.0240 0.9592 
0.7914 0.0304 0.1770 0.0012 
0.1678 0.0006 0.2817 0.5499 
0.3269 0.4964 0.0214 0.1553 
0.3005 0.2942 0.0153 0.3899 
0.3321 0.3306 0.2074 0.1299 
0.0035 0.3026 0.2074 0.4865 
0.5814 0.1556 0.1698 0.0931 
0.1186 0.1429 0.6885 0.0500 
0.3963 0.3199 0.1012 0.1825 

MOTIF filter8 
letter-probability matrix: alength= 4 w= 13 nsites= 13 
0.2002 0.2662 0.1637 0.3698 
0.2050 0.3904 0.2415 0.1630 
0.2070 0.3391 0.2558 0.1980 
0.4017 0.0658 0.5165 0.0161 
0.1304 0.0697 0.4101 0.3898 
0.9914 0.0005 0.0079 0.0003 
0.0583 0.2007 0.5968 0.1441 
0.2811 0.1745 0.4489 0.0955 
0.2363 0.3257 0.2488 0.1893 
0.0080 0.3099 0.5323 0.1499 
0.2159 0.3156 0.2656 0.2028 
0.1854 0.2498 0.2870 0.2779 
0.2559 0.3178 0.1934 0.2329 

MOTIF filter9 
letter-probability matrix: alength= 4 w= 11 nsites= 11 
0.2342 0.2076 0.3069 0.2513 
0.1171 0.4491 0.2672 0.1666 
0.3179 0.0617 0.4994 0.1210 
0.0171 0.8138 0.1089 0.0602 
0.1050 0.0000 0.0517 0.8433 
0.9248 0.0000 0.0000 0.0752 
0.0383 0.4887 0.3411 0.1319 
0.0765 0.5942 0.0021 0.3272 
0.1718 0.0966 0.4830 0.2486 
0.1397 0.3431 0.2880 0.2292 
0.1955 0.2272 0.0743 0.5029 

MOTIF filter10 
letter-probability matrix: alength= 4 w= 13 nsites= 13 
0.2505 0.2232 0.2781 0.2482 
0.2510 0.1561 0.4400 0.1529 
0.2417 0.0459 0.5242 0.1883 
0.3000 0.0779 0.5903 0.0318 
0.1066 0.0732 0.8035 0.0168 
0.0457 0.1211 0.7848 0.0483 
0.2893 0.3595 0.1591 0.1922 
0.0722 0.0814 0.7854 0.0610 
0.0368 0.0671 0.7969 0.0993 
0.2848 0.0441 0.5918 0.0793 
0.2984 0.1498 0.5345 0.0173 
0.2263 0.3357 0.3008 0.1372 
0.2245 0.2675 0.2860 0.2219 

MOTIF filter11 
letter-probability matrix: alength= 4 w= 13 nsites= 13 
0.2349 0.2201 0.2149 0.3301 
0.1970 0.3074 0.2149 0.2806 
0.2276 0.2988 0.1991 0.2744 
0.1073 0.5894 0.2947 0.0086 
0.2882 0.6104 0.0224 0.0791 
0.1541 0.0495 0.7208 0.0757 
0.0492 0.0282 0.7211 0.2015 
0.9223 0.0722 0.0000 0.0055 
0.9773 0.0093 0.0000 0.0134 
0.2249 0.0502 0.6933 0.0316 
0.0574 0.4017 0.0275 0.5134 
0.3573 0.1111 0.4484 0.0832 
0.3040 0.2744 0.3315 0.0901 

MOTIF filter12 
letter-probability matrix: alength= 4 w= 11 nsites= 11 
0.1782 0.2900 0.3097 0.2222 
0.4421 0.0955 0.2593 0.2030 
0.2258 0.1959 0.4494 0.1289 
0.1880 0.1730 0.0001 0.6389 
0.0001 0.5540 0.4458 0.0001 
0.5922 0.0162 0.0011 0.3905 
0.2736 0.3927 0.2879 0.0457 
0.2929 0.1819 0.0928 0.4324 
0.0318 0.5625 0.1128 0.2929 
0.3100 0.2152 0.3131 0.1617 
0.2415 0.2746 0.2080 0.2759 

MOTIF filter13 
letter-probability matrix: alength= 4 w= 16 nsites= 16 
0.1355 0.1183 0.4919 0.2543 
0.1739 0.5029 0.1657 0.1576 
0.3774 0.3108 0.1638 0.1480 
0.1351 0.0460 0.6418 0.1772 
0.0235 0.7907 0.0627 0.1231 
0.0694 0.4459 0.1954 0.2893 
0.9401 0.0010 0.0172 0.0417 
0.1825 0.0393 0.1135 0.6648 
0.0881 0.1279 0.1231 0.6609 
0.4708 0.0776 0.0096 0.4420 
0.1523 0.1518 0.0000 0.6959 
0.1250 0.2107 0.3036 0.3606 
0.1988 0.6868 0.0043 0.1102 
0.4430 0.0785 0.1782 0.3003 
0.3659 0.2893 0.1470 0.1978 
0.4358 0.1379 0.1355 0.2907 

MOTIF filter14 
letter-probability matrix: alength= 4 w= 16 nsites= 16 
0.1592 0.2396 0.1495 0.4517 
0.1682 0.1909 0.4338 0.2071 
0.2405 0.2470 0.3030 0.2096 
0.0016 0.7685 0.1235 0.1064 
0.0317 0.8587 0.0569 0.0528 
0.7839 0.0073 0.1259 0.0829 
0.0317 0.2632 0.0349 0.6702 
0.3721 0.0195 0.0138 0.5946 
0.0000 0.0008 0.0057 0.9935 
0.3282 0.5995 0.0000 0.0723 
0.1543 0.6028 0.0211 0.2218 
0.0374 0.0219 0.8440 0.0967 
0.0106 0.1568 0.7725 0.0601 
0.1747 0.1210 0.3802 0.3241 
0.1990 0.4687 0.1552 0.1771 
0.4695 0.1698 0.1292 0.2315 

MOTIF filter15 
letter-probability matrix: alength= 4 w= 14 nsites= 14 
0.1253 0.2703 0.3295 0.2749 
0.2113 0.2440 0.2270 0.3177 
0.1710 0.1270 0.4544 0.2477 
0.1749 0.5820 0.2214 0.0217 
0.1783 0.7025 0.0938 0.0253 
0.3171 0.0666 0.3618 0.2546 
0.2350 0.1876 0.1553 0.4221 
0.3244 0.6074 0.0396 0.0286 
0.0085 0.5970 0.0014 0.3931 
0.0044 0.0230 0.7472 0.2253 
0.0267 0.0827 0.8671 0.0235 
0.3744 0.4873 0.0408 0.0975 
0.2288 0.1574 0.2482 0.3657 
0.1878 0.2253 0.4818 0.1051 

MOTIF filter16 
letter-probability matrix: alength= 4 w= 11 nsites= 11 
0.1969 0.4249 0.3156 0.0626 
0.3362 0.2389 0.1191 0.3058 
0.2188 0.2556 0.0785 0.4471 
0.5702 0.0160 0.2869 0.1269 
0.3530 0.0814 0.0085 0.5571 
0.9143 0.0030 0.0104 0.0723 
0.0160 0.1709 0.4476 0.3656 
0.0000 0.5529 0.4471 0.0000 
0.3611 0.0975 0.2120 0.3295 
0.2999 0.1595 0.1961 0.3444 
0.3334 0.2765 0.0662 0.3239 

MOTIF filter17 
letter-probability matrix: alength= 4 w= 14 nsites= 14 
0.2268 0.2504 0.2602 0.2627 
0.2977 0.2213 0.2796 0.2015 
0.2616 0.2060 0.2865 0.2459 
0.0320 0.6819 0.1555 0.1306 
0.0512 0.4116 0.0529 0.4842 
0.3500 0.1639 0.3382 0.1480 
0.8395 0.0550 0.0641 0.0415 
0.0221 0.0623 0.0542 0.8613 
0.0992 0.2032 0.1344 0.5632 
0.3329 0.0282 0.6213 0.0175 
0.0260 0.0508 0.8963 0.0269 
0.1510 0.3408 0.1639 0.3444 
0.1160 0.3360 0.2320 0.3160 
0.2405 0.2842 0.2712 0.2041 

MOTIF filter18 
letter-probability matrix: alength= 4 w= 10 nsites= 10 
0.4539 0.0707 0.2903 0.1852 
0.2931 0.4598 0.2120 0.0351 
0.2126 0.1658 0.1344 0.4872 
0.0056 0.3391 0.1098 0.5456 
0.0709 0.9259 0.0008 0.0024 
0.1015 0.4434 0.4396 0.0155 
0.0930 0.0337 0.8193 0.0541 
0.5421 0.1572 0.1740 0.1268 
0.4207 0.1440 0.1722 0.2631 
0.1043 0.2216 0.4927 0.1814 

MOTIF filter19 
letter-probability matrix: alength= 4 w= 16 nsites= 16 
0.1953 0.1124 0.5133 0.1790 
0.2012 0.5266 0.1272 0.1450 
0.2426 0.2663 0.3003 0.1908 
0.1243 0.0533 0.6420 0.1805 
0.0385 0.7811 0.0429 0.1376 
0.0592 0.8225 0.0754 0.0429 
0.9956 0.0015 0.0030 0.0000 
0.4379 0.0059 0.0163 0.5399 
0.1598 0.3757 0.3240 0.1405 
0.4290 0.0118 0.0059 0.5533 
0.0000 0.0148 0.0000 0.9852 
0.0340 0.0518 0.8683 0.0459 
0.1361 0.0562 0.6672 0.1405 
0.1435 0.5902 0.0873 0.1790 
0.2130 0.2367 0.2899 0.2604 
0.1598 0.1657 0.4970 0.1775 

MOTIF filter20 
letter-probability matrix: alength= 4 w= 14 nsites= 14 
0.2026 0.3952 0.1396 0.2626 
0.2055 0.3602 0.3085 0.1259 
0.1630 0.1947 0.5131 0.1292 
0.3147 0.5757 0.0775 0.0321 
0.0000 0.8912 0.0071 0.1017 
0.7115 0.0584 0.0742 0.1559 
0.0013 0.0600 0.0454 0.8933 
0.3539 0.3977 0.1580 0.0905 
0.0138 0.3122 0.0975 0.5765 
0.0075 0.0017 0.7870 0.2038 
0.1030 0.0809 0.6861 0.1301 
0.1942 0.1321 0.5556 0.1180 
0.2184 0.3068 0.2864 0.1884 
0.2247 0.2309 0.2572 0.2872 

MOTIF filter21 
letter-probability matrix: alength= 4 w= 13 nsites= 13 
0.1960 0.6019 0.1406 0.0614 
0.1742 0.4632 0.1050 0.2576 
0.5189 0.0523 0.3149 0.1139 
0.0455 0.0169 0.2654 0.6722 
0.1630 0.3101 0.5124 0.0145 
0.0017 0.5501 0.0046 0.4436 
0.8532 0.0852 0.0084 0.0532 
0.0849 0.1548 0.1190 0.6413 
0.3500 0.2201 0.2487 0.1812 
0.0329 0.1263 0.5943 0.2465 
0.3331 0.2105 0.1439 0.3125 
0.1476 0.3353 0.0803 0.4368 
0.5252 0.1333 0.1969 0.1446 

MOTIF filter22 
letter-probability matrix: alength= 4 w= 12 nsites= 12 
0.2939 0.2664 0.2691 0.1706 
0.2978 0.2001 0.0844 0.4177 
0.1664 0.0828 0.6214 0.1294 
0.4442 0.5424 0.0078 0.0055 
0.0004 0.1472 0.1043 0.7480 
0.1313 0.0001 0.6804 0.1882 
0.1453 0.6729 0.1199 0.0619 
0.1654 0.6102 0.1544 0.0700 
0.0676 0.0030 0.7241 0.2052 
0.0655 0.5268 0.2508 0.1568 
0.3756 0.2022 0.2480 0.1742 
0.0862 0.1405 0.5174 0.2559 

MOTIF filter23 
letter-probability matrix: alength= 4 w= 9 nsites= 9 
0.1608 0.1313 0.1855 0.5224 
0.2177 0.0905 0.5873 0.1044 
0.1761 0.5300 0.2354 0.0586 
0.0073 0.0120 0.0047 0.9760 
0.0765 0.3565 0.4809 0.0862 
0.9908 0.0008 0.0053 0.0031 
0.0425 0.2528 0.4156 0.2890 
0.1459 0.4288 0.0571 0.3683 
0.4028 0.2327 0.1477 0.2168 

MOTIF filter24 
letter-probability matrix: alength= 4 w= 11 nsites= 11 
0.1584 0.3280 0.2167 0.2970 
0.2176 0.3900 0.2372 0.1552 
0.4930 0.0202 0.3157 0.1711 
0.0135 0.1169 0.4341 0.4355 
0.0333 0.8712 0.0347 0.0608 
0.7062 0.0024 0.1719 0.1195 
0.1838 0.0004 0.2948 0.5210 
0.1002 0.6717 0.2272 0.0009 
0.1181 0.2303 0.4144 0.2372 
0.1633 0.2235 0.1894 0.4238 
0.0566 0.3640 0.4223 0.1571 

MOTIF filter25 
letter-probability matrix: alength= 4 w= 11 nsites= 11 
0.2483 0.2525 0.2364 0.2627 
0.2462 0.2377 0.2894 0.2267 
0.3256 0.2390 0.3405 0.0949 
0.0537 0.0464 0.0577 0.8422 
0.0264 0.0527 0.7329 0.1880 
0.8568 0.0532 0.0511 0.0390 
0.1093 0.3992 0.4207 0.0708 
0.0343 0.0687 0.0370 0.8600 
0.1484 0.7654 0.0462 0.0399 
0.8697 0.0395 0.0503 0.0406 
0.0938 0.3318 0.2522 0.3222 

MOTIF filter26 
letter-probability matrix: alength= 4 w= 14 nsites= 14 
0.2420 0.2560 0.2741 0.2279 
0.2600 0.2691 0.2339 0.2369 
0.1124 0.0753 0.3685 0.4438 
0.0713 0.8263 0.0010 0.1014 
0.0000 0.0522 0.0070 0.9408 
0.9789 0.0191 0.0020 0.0000 
0.2721 0.0030 0.0000 0.7249 
0.4066 0.0020 0.1295 0.4618 
0.5713 0.0020 0.0000 0.4267 
0.6576 0.0371 0.0030 0.3022 
0.0000 0.0000 0.0030 0.9970 
0.9779 0.0211 0.0010 0.0000 
0.1215 0.0000 0.8745 0.0040 
0.4488 0.3946 0.0482 0.1084 

MOTIF filter27 
letter-probability matrix: alength= 4 w= 9 nsites= 9 
0.3181 0.0956 0.2661 0.3202 
0.3870 0.0846 0.1553 0.3731 
0.1951 0.2870 0.0503 0.4676 
0.4770 0.1662 0.0000 0.3568 
0.0405 0.0048 0.9482 0.0065 
0.0695 0.8784 0.0061 0.0459 
0.4248 0.1747 0.3506 0.0499 
0.2216 0.2306 0.2928 0.2551 
0.1842 0.0516 0.4404 0.3238 

MOTIF filter28 
letter-probability matrix: alength= 4 w= 11 nsites= 11 
0.1994 0.0422 0.2635 0.4949 
0.0144 0.4364 0.3215 0.2277 
0.3275 0.1116 0.0533 0.5075 
0.0913 0.2657 0.6397 0.0032 
0.5821 0.2523 0.0010 0.1646 
0.0337 0.3252 0.1959 0.4453 
0.1273 0.1275 0.2265 0.5186 
0.1770 0.7314 0.0802 0.0114 
0.3203 0.4007 0.2382 0.0408 
0.0883 0.0628 0.3964 0.4525 
0.1383 0.5439 0.1486 0.1692 

MOTIF filter29 
letter-probability matrix: alength= 4 w= 14 nsites= 14 
0.2523 0.2490 0.2500 0.2487 
0.2605 0.2621 0.2265 0.2509 
0.3948 0.1928 0.3408 0.0716 
0.0489 0.0454 0.0558 0.8499 
0.0291 0.0408 0.1917 0.7385 
0.3174 0.0313 0.4662 0.1851 
0.1006 0.6113 0.0740 0.2142 
0.2283 0.0835 0.6017 0.0864 
0.1946 0.4841 0.0252 0.2961 
0.7107 0.1844 0.0547 0.0502 
0.8629 0.0468 0.0552 0.0351 
0.0856 0.3030 0.1999 0.4114 
0.2575 0.2528 0.2521 0.2376 
0.2467 0.2320 0.2511 0.2702 

MOTIF filter30 
letter-probability matrix: alength= 4 w= 11 nsites= 11 
0.4329 0.2767 0.1734 0.1170 
0.3666 0.0512 0.2550 0.3271 
0.1218 0.0797 0.2055 0.5930 
0.0006 0.4389 0.5565 0.0040 
0.7502 0.0094 0.1191 0.1214 
0.2727 0.1666 0.0481 0.5126 
0.0050 0.0966 0.0414 0.8570 
0.0410 0.4493 0.5026 0.0071 
0.5445 0.1628 0.1745 0.1183 
0.1170 0.2894 0.0602 0.5334 
0.1062 0.2815 0.2680 0.3444 

MOTIF filter31 
letter-probability matrix: alength= 4 w= 16 nsites= 16 
0.2284 0.2480 0.2520 0.2716 
0.2764 0.2324 0.4309 0.0604 
0.4818 0.0444 0.3589 0.1149 
0.1462 0.6531 0.0818 0.1189 
0.0404 0.7782 0.1695 0.0120 
0.9080 0.0487 0.0098 0.0335 
0.8182 0.0098 0.1171 0.0549 
0.0847 0.2029 0.1302 0.5822 
0.1942 0.5113 0.2887 0.0058 
0.5196 0.2905 0.0491 0.1407 
0.5360 0.2975 0.0876 0.0789 
0.4524 0.1211 0.3225 0.1040 
0.6542 0.0822 0.1520 0.1116 
0.2524 0.2495 0.1698 0.3284 
0.1953 0.2062 0.2695 0.3291 
0.2687 0.2756 0.2658 0.1898 

