MEME version 4

ALPHABET= ACGT

Background letter frequencies:
A 0.2500 C 0.2500 G 0.2500 T 0.2500 

MOTIF filter0 
letter-probability matrix: alength= 4 w= 15 nsites= 15 
0.2466 0.2139 0.2543 0.2852 
0.2428 0.2524 0.2659 0.2389 
0.2197 0.2640 0.2582 0.2582 
0.5568 0.0963 0.3468 0.0000 
0.0000 0.0000 0.0000 1.0000 
0.0000 0.0000 0.0058 0.9942 
0.2794 0.0000 0.6724 0.0482 
0.0000 0.9711 0.0000 0.0289 
0.0443 0.0000 0.9557 0.0000 
0.0270 0.7881 0.0000 0.1850 
1.0000 0.0000 0.0000 0.0000 
1.0000 0.0000 0.0000 0.0000 
0.0000 0.3584 0.0694 0.5723 
0.2890 0.2582 0.2582 0.1946 
0.2216 0.2177 0.2813 0.2794 

MOTIF filter1 
letter-probability matrix: alength= 4 w= 15 nsites= 15 
0.2294 0.2382 0.2559 0.2765 
0.2324 0.2912 0.2706 0.2059 
0.2824 0.2294 0.2147 0.2735 
0.1471 0.6588 0.1294 0.0647 
0.9971 0.0000 0.0029 0.0000 
0.9853 0.0000 0.0147 0.0000 
0.4206 0.0676 0.4912 0.0206 
1.0000 0.0000 0.0000 0.0000 
0.0000 0.0000 0.0000 1.0000 
0.0000 0.0000 1.0000 0.0000 
0.0000 0.0000 1.0000 0.0000 
0.0500 0.8735 0.0000 0.0765 
0.1029 0.1941 0.4294 0.2735 
0.0706 0.0765 0.7882 0.0647 
0.1176 0.7912 0.0088 0.0824 

MOTIF filter2 
letter-probability matrix: alength= 4 w= 18 nsites= 18 
0.2794 0.2603 0.2222 0.2381 
0.2730 0.2889 0.2381 0.2000 
0.2317 0.2508 0.2571 0.2603 
0.1206 0.0095 0.7048 0.1651 
0.0730 0.7429 0.1048 0.0794 
0.2921 0.3587 0.2571 0.0921 
0.0413 0.0000 0.8571 0.1016 
0.0000 1.0000 0.0000 0.0000 
0.0000 1.0000 0.0000 0.0000 
1.0000 0.0000 0.0000 0.0000 
0.0000 0.0000 0.0000 1.0000 
0.0063 0.4635 0.1397 0.3905 
0.0000 0.0127 0.0000 0.9873 
0.0000 0.0127 0.0000 0.9873 
0.0825 0.0921 0.7079 0.1175 
0.2762 0.2254 0.2413 0.2571 
0.1968 0.2635 0.2730 0.2667 
0.2222 0.2984 0.2381 0.2413 

MOTIF filter3 
letter-probability matrix: alength= 4 w= 14 nsites= 14 
0.2050 0.2853 0.3047 0.2050 
0.2909 0.3241 0.2050 0.1801 
0.2770 0.2687 0.2355 0.2188 
0.7119 0.0859 0.1828 0.0194 
0.1607 0.4044 0.3989 0.0360 
0.0000 1.0000 0.0000 0.0000 
1.0000 0.0000 0.0000 0.0000 
0.0000 1.0000 0.0000 0.0000 
0.0000 0.0000 1.0000 0.0000 
0.0000 0.0000 0.0000 1.0000 
0.0000 0.0000 1.0000 0.0000 
0.0526 0.3380 0.3934 0.2161 
0.0886 0.2271 0.0942 0.5900 
0.2493 0.2050 0.2659 0.2798 

MOTIF filter4 
letter-probability matrix: alength= 4 w= 15 nsites= 15 
0.2657 0.3019 0.2222 0.2101 
0.2609 0.2633 0.2488 0.2271 
0.2367 0.2488 0.2585 0.2560 
0.0097 0.7899 0.1111 0.0894 
0.0000 0.2005 0.0024 0.7971 
0.0000 0.2415 0.7367 0.0217 
1.0000 0.0000 0.0000 0.0000 
0.0000 0.0000 0.0000 1.0000 
0.0000 0.0000 0.0000 1.0000 
0.0000 0.0000 1.0000 0.0000 
0.0000 0.0000 1.0000 0.0000 
0.0556 0.3841 0.0048 0.5556 
0.0072 0.4203 0.1425 0.4300 
0.2029 0.3961 0.3043 0.0966 
0.4469 0.1570 0.3237 0.0725 

MOTIF filter5 
letter-probability matrix: alength= 4 w= 16 nsites= 16 
0.2264 0.2491 0.2604 0.2642 
0.1987 0.2868 0.2805 0.2340 
0.2881 0.2440 0.2226 0.2453 
0.1522 0.0717 0.0365 0.7396 
0.0264 0.0830 0.6717 0.2189 
0.4264 0.3849 0.0692 0.1195 
0.0000 1.0000 0.0000 0.0000 
0.0000 0.9937 0.0013 0.0050 
0.8440 0.0000 0.0025 0.1535 
0.0151 0.0000 0.0000 0.9849 
1.0000 0.0000 0.0000 0.0000 
0.0000 0.0000 0.0000 1.0000 
1.0000 0.0000 0.0000 0.0000 
0.1522 0.0013 0.0000 0.8465 
0.0013 0.0038 0.9950 0.0000 
0.0000 0.0000 1.0000 0.0000 

MOTIF filter6 
letter-probability matrix: alength= 4 w= 20 nsites= 20 
0.2500 0.2500 0.2500 0.2500 
0.2500 0.2500 0.2500 0.2500 
0.2500 0.2500 0.2500 0.2500 
0.2500 0.2500 0.2500 0.2500 
0.2500 0.2500 0.2500 0.2500 
0.2500 0.2500 0.2500 0.2500 
0.2500 0.2500 0.2500 0.2500 
0.2500 0.2500 0.2500 0.2500 
0.2500 0.2500 0.2500 0.2500 
0.2500 0.2500 0.2500 0.2500 
0.2500 0.2500 0.2500 0.2500 
0.2500 0.2500 0.2500 0.2500 
0.2500 0.2500 0.2500 0.2500 
0.2500 0.2500 0.2500 0.2500 
0.2500 0.2500 0.2500 0.2500 
0.2500 0.2500 0.2500 0.2500 
0.2500 0.2500 0.2500 0.2500 
0.2500 0.2500 0.2500 0.2500 
0.2500 0.2500 0.2500 0.2500 
0.2500 0.2500 0.2500 0.2500 

MOTIF filter7 
letter-probability matrix: alength= 4 w= 14 nsites= 14 
0.4566 0.2122 0.1672 0.1640 
0.0611 0.3569 0.0997 0.4823 
0.0418 0.3248 0.3859 0.2476 
0.4309 0.1061 0.4630 0.0000 
0.5756 0.0032 0.4051 0.0161 
0.0000 1.0000 0.0000 0.0000 
0.0000 1.0000 0.0000 0.0000 
1.0000 0.0000 0.0000 0.0000 
1.0000 0.0000 0.0000 0.0000 
0.0000 0.0000 0.0000 1.0000 
0.0193 0.7846 0.1961 0.0000 
0.8328 0.0000 0.1672 0.0000 
0.0354 0.0643 0.8810 0.0193 
0.1768 0.2540 0.2765 0.2926 

MOTIF filter8 
letter-probability matrix: alength= 4 w= 13 nsites= 13 
0.2573 0.2124 0.2665 0.2639 
0.2375 0.1741 0.3918 0.1966 
0.3971 0.2335 0.3681 0.0013 
0.0000 0.0000 0.0000 1.0000 
0.0000 0.0000 0.9974 0.0026 
1.0000 0.0000 0.0000 0.0000 
0.0000 0.4974 0.5026 0.0000 
0.0000 0.0000 0.0000 1.0000 
0.0000 1.0000 0.0000 0.0000 
1.0000 0.0000 0.0000 0.0000 
0.0158 0.3285 0.2441 0.4116 
0.2269 0.3536 0.1821 0.2375 
0.2599 0.2071 0.2691 0.2639 

MOTIF filter9 
letter-probability matrix: alength= 4 w= 20 nsites= 20 
0.2857 0.2857 0.0000 0.4286 
0.0000 0.2857 0.0000 0.7143 
0.0000 0.0000 0.7143 0.2857 
0.8571 0.0000 0.1429 0.0000 
0.0000 0.0000 0.0000 1.0000 
0.4286 0.2857 0.2857 0.0000 
0.1429 0.8571 0.0000 0.0000 
0.7143 0.1429 0.0000 0.1429 
0.4286 0.2857 0.0000 0.2857 
0.2857 0.0000 0.1429 0.5714 
0.0000 0.2857 0.5714 0.1429 
0.5714 0.4286 0.0000 0.0000 
0.5714 0.2857 0.1429 0.0000 
0.1429 0.1429 0.7143 0.0000 
0.0000 0.0000 0.0000 1.0000 
0.4286 0.0000 0.5714 0.0000 
1.0000 0.0000 0.0000 0.0000 
0.0000 0.1429 0.8571 0.0000 
0.1429 0.5714 0.2857 0.0000 
0.0000 0.0000 0.7143 0.2857 

MOTIF filter10 
letter-probability matrix: alength= 4 w= 18 nsites= 18 
0.2820 0.5607 0.0361 0.1213 
0.2426 0.1803 0.0754 0.5016 
0.2721 0.1443 0.3279 0.2557 
0.6525 0.0393 0.0984 0.2098 
0.1639 0.3246 0.4918 0.0197 
0.0000 0.0000 0.0000 1.0000 
0.0066 0.9934 0.0000 0.0000 
1.0000 0.0000 0.0000 0.0000 
0.0000 0.0000 0.9967 0.0033 
0.0000 1.0000 0.0000 0.0000 
0.9934 0.0000 0.0000 0.0066 
0.4492 0.1639 0.1213 0.2656 
0.4164 0.0426 0.0033 0.5377 
0.4000 0.0689 0.0000 0.5311 
0.2984 0.1148 0.0164 0.5705 
0.2787 0.2230 0.2426 0.2557 
0.2852 0.2787 0.2131 0.2230 
0.2262 0.2918 0.2262 0.2557 

MOTIF filter11 
letter-probability matrix: alength= 4 w= 16 nsites= 16 
0.2957 0.2431 0.2657 0.1955 
0.2732 0.3033 0.2256 0.1980 
0.0677 0.1980 0.5013 0.2331 
0.0000 0.8095 0.0201 0.1704 
0.0000 0.8321 0.0000 0.1679 
0.0000 1.0000 0.0000 0.0000 
0.0000 1.0000 0.0000 0.0000 
0.0952 0.0000 0.5965 0.3083 
0.0000 1.0000 0.0000 0.0000 
0.0000 1.0000 0.0000 0.0000 
0.0000 0.8045 0.0000 0.1955 
0.0702 0.8371 0.0000 0.0927 
0.0476 0.6291 0.0526 0.2707 
0.2556 0.2506 0.2431 0.2506 
0.2857 0.2356 0.2331 0.2456 
0.2180 0.2957 0.2431 0.2431 

MOTIF filter12 
letter-probability matrix: alength= 4 w= 16 nsites= 16 
0.2347 0.2278 0.2458 0.2917 
0.1972 0.2944 0.2819 0.2264 
0.2875 0.2542 0.2167 0.2417 
0.1389 0.0556 0.0333 0.7722 
0.0264 0.0667 0.6764 0.2306 
0.4319 0.3889 0.0708 0.1083 
0.0000 1.0000 0.0000 0.0000 
0.0000 1.0000 0.0000 0.0000 
0.8361 0.0000 0.0028 0.1611 
0.0014 0.0000 0.0000 0.9986 
1.0000 0.0000 0.0000 0.0000 
0.0000 0.0000 0.0000 1.0000 
0.9986 0.0000 0.0000 0.0014 
0.1139 0.0014 0.0000 0.8847 
0.0014 0.0000 0.9986 0.0000 
0.0000 0.0000 1.0000 0.0000 

MOTIF filter13 
letter-probability matrix: alength= 4 w= 14 nsites= 14 
0.2520 0.2619 0.2440 0.2421 
0.2421 0.2341 0.2460 0.2778 
0.2421 0.3036 0.2163 0.2381 
0.0536 0.0238 0.3889 0.5337 
0.0000 0.9722 0.0000 0.0278 
0.0000 0.0000 0.0000 1.0000 
1.0000 0.0000 0.0000 0.0000 
0.1468 0.0000 0.0000 0.8532 
0.4087 0.0000 0.0000 0.5913 
0.5437 0.0000 0.0000 0.4563 
0.7024 0.0000 0.0000 0.2976 
0.0000 0.0000 0.0000 1.0000 
1.0000 0.0000 0.0000 0.0000 
0.0119 0.0000 0.9881 0.0000 

MOTIF filter14 
letter-probability matrix: alength= 4 w= 18 nsites= 18 
0.2188 0.2553 0.2736 0.2523 
0.2036 0.2736 0.2720 0.2508 
0.2994 0.2614 0.2128 0.2264 
0.1383 0.0562 0.0258 0.7796 
0.0243 0.0669 0.7112 0.1976 
0.4316 0.3845 0.0593 0.1246 
0.0000 0.9985 0.0000 0.0015 
0.0000 0.9939 0.0000 0.0061 
0.8571 0.0000 0.0030 0.1398 
0.0122 0.0000 0.0000 0.9878 
1.0000 0.0000 0.0000 0.0000 
0.0000 0.0000 0.0015 0.9985 
0.9970 0.0000 0.0000 0.0030 
0.1261 0.0046 0.0000 0.8693 
0.0015 0.0076 0.9909 0.0000 
0.0000 0.0000 1.0000 0.0000 
0.0608 0.0410 0.4347 0.4635 
0.2052 0.7325 0.0532 0.0091 

MOTIF filter15 
letter-probability matrix: alength= 4 w= 12 nsites= 12 
0.2414 0.1655 0.3821 0.2110 
0.4800 0.1090 0.4097 0.0014 
0.0000 0.0000 0.0000 1.0000 
0.0000 0.0000 1.0000 0.0000 
1.0000 0.0000 0.0000 0.0000 
0.0000 0.4952 0.5048 0.0000 
0.0000 0.0000 0.0000 1.0000 
0.0000 1.0000 0.0000 0.0000 
1.0000 0.0000 0.0000 0.0000 
0.0000 0.3669 0.2041 0.4290 
0.1917 0.4000 0.1862 0.2221 
0.2234 0.2069 0.3007 0.2690 

MOTIF filter16 
letter-probability matrix: alength= 4 w= 16 nsites= 16 
0.2882 0.2795 0.2052 0.2271 
0.2402 0.3144 0.1965 0.2489 
0.2533 0.2358 0.2358 0.2751 
0.0000 0.9214 0.0437 0.0349 
0.0000 0.1223 0.0000 0.8777 
0.0000 0.2096 0.7904 0.0000 
1.0000 0.0000 0.0000 0.0000 
0.0000 0.0000 0.0000 1.0000 
0.0000 0.0000 0.0000 1.0000 
0.0000 0.0000 1.0000 0.0000 
0.0000 0.0000 1.0000 0.0000 
0.0044 0.4236 0.0000 0.5721 
0.0044 0.4716 0.1135 0.4105 
0.1659 0.4934 0.3144 0.0262 
0.5764 0.1135 0.2707 0.0393 
0.1441 0.1048 0.2620 0.4891 

MOTIF filter17 
letter-probability matrix: alength= 4 w= 12 nsites= 12 
0.2510 0.2497 0.2469 0.2524 
0.2544 0.2734 0.2225 0.2497 
0.2551 0.2280 0.2381 0.2788 
0.6628 0.0000 0.0000 0.3372 
0.0000 0.0000 0.0000 1.0000 
0.0000 0.0163 0.0000 0.9837 
0.9545 0.0000 0.0455 0.0000 
1.0000 0.0000 0.0000 0.0000 
0.3501 0.0000 0.0000 0.6499 
0.2795 0.2327 0.2408 0.2469 
0.2429 0.2442 0.2646 0.2483 
0.2741 0.2456 0.2334 0.2469 

MOTIF filter18 
letter-probability matrix: alength= 4 w= 17 nsites= 17 
0.2535 0.2657 0.2360 0.2448 
0.2308 0.2850 0.2483 0.2360 
0.1119 0.0245 0.3549 0.5087 
0.0087 0.9650 0.0000 0.0262 
0.0000 0.0000 0.0000 1.0000 
1.0000 0.0000 0.0000 0.0000 
0.2552 0.0000 0.0052 0.7395 
0.4615 0.0000 0.0000 0.5385 
0.5629 0.0000 0.0000 0.4371 
0.7115 0.0000 0.0000 0.2885 
0.0000 0.0000 0.0000 1.0000 
1.0000 0.0000 0.0000 0.0000 
0.0350 0.0000 0.9633 0.0017 
0.5472 0.4336 0.0000 0.0192 
0.2902 0.2360 0.2535 0.2203 
0.2622 0.2395 0.2290 0.2692 
0.2483 0.2640 0.2622 0.2255 

MOTIF filter19 
letter-probability matrix: alength= 4 w= 18 nsites= 18 
0.2409 0.2739 0.2277 0.2574 
0.2706 0.2277 0.2574 0.2442 
0.2475 0.2805 0.2211 0.2508 
0.5314 0.0132 0.1221 0.3333 
0.6667 0.0099 0.0363 0.2871 
0.4488 0.0000 0.0198 0.5314 
0.3036 0.1419 0.1419 0.4125 
0.0099 0.0000 0.0000 0.9901 
0.0000 0.0000 1.0000 0.0000 
0.0165 0.9835 0.0000 0.0000 
0.0000 0.0000 0.0000 1.0000 
0.0000 0.0000 0.9934 0.0066 
1.0000 0.0000 0.0000 0.0000 
0.0231 0.5083 0.3135 0.1551 
0.1848 0.1122 0.0396 0.6634 
0.1881 0.3828 0.1155 0.3135 
0.5512 0.0462 0.1716 0.2310 
0.1485 0.0462 0.5512 0.2541 

MOTIF filter20 
letter-probability matrix: alength= 4 w= 11 nsites= 11 
0.3898 0.2129 0.2479 0.1494 
0.2352 0.2892 0.3125 0.1631 
0.0000 1.0000 0.0000 0.0000 
1.0000 0.0000 0.0000 0.0000 
0.0000 1.0000 0.0000 0.0000 
0.0000 0.0000 1.0000 0.0000 
0.0000 0.0000 0.0000 1.0000 
0.0000 0.0000 1.0000 0.0000 
0.1483 0.2934 0.3273 0.2309 
0.1748 0.2299 0.1536 0.4417 
0.2436 0.2489 0.2542 0.2532 

MOTIF filter21 
letter-probability matrix: alength= 4 w= 13 nsites= 13 
0.2519 0.2801 0.2468 0.2212 
0.2430 0.2570 0.2621 0.2379 
0.0844 0.0422 0.3645 0.5090 
0.0281 0.8951 0.0000 0.0767 
0.0000 0.0000 0.0000 1.0000 
1.0000 0.0000 0.0000 0.0000 
0.2711 0.0000 0.0000 0.7289 
0.4795 0.0000 0.0000 0.5205 
0.5639 0.0000 0.0000 0.4361 
0.7276 0.0000 0.0000 0.2724 
0.0000 0.0000 0.0000 1.0000 
1.0000 0.0000 0.0000 0.0000 
0.0767 0.0000 0.9041 0.0192 

MOTIF filter22 
letter-probability matrix: alength= 4 w= 16 nsites= 16 
0.1859 0.0704 0.5678 0.1759 
0.1256 0.5980 0.1206 0.1558 
0.2312 0.3116 0.2864 0.1709 
0.0603 0.0352 0.7688 0.1357 
0.0402 0.8844 0.0251 0.0503 
0.0151 0.9799 0.0050 0.0000 
1.0000 0.0000 0.0000 0.0000 
0.3869 0.0000 0.0000 0.6131 
0.1910 0.3166 0.3166 0.1759 
0.4221 0.0000 0.0000 0.5779 
0.0000 0.0000 0.0000 1.0000 
0.0000 0.0151 0.9648 0.0201 
0.1055 0.0653 0.7538 0.0754 
0.1055 0.6683 0.0854 0.1407 
0.1809 0.2010 0.3769 0.2412 
0.1759 0.1558 0.5829 0.0854 

MOTIF filter23 
letter-probability matrix: alength= 4 w= 13 nsites= 13 
0.0784 0.4510 0.2196 0.2510 
0.0902 0.7137 0.1333 0.0627 
0.7529 0.0000 0.2431 0.0039 
0.0000 0.9922 0.0000 0.0078 
0.0000 0.0000 0.0000 1.0000 
0.0000 0.0000 0.0000 1.0000 
0.0000 1.0000 0.0000 0.0000 
0.0000 1.0000 0.0000 0.0000 
0.0000 0.0000 0.9922 0.0078 
0.0000 0.0902 0.8824 0.0275 
0.2824 0.2118 0.2157 0.2902 
0.2588 0.2471 0.2275 0.2667 
0.2627 0.2118 0.2471 0.2784 

MOTIF filter24 
letter-probability matrix: alength= 4 w= 11 nsites= 11 
0.3904 0.2016 0.2626 0.1454 
0.2403 0.3329 0.3447 0.0821 
0.0012 0.9988 0.0000 0.0000 
1.0000 0.0000 0.0000 0.0000 
0.0000 0.9812 0.0000 0.0188 
0.0023 0.0000 0.9977 0.0000 
0.0000 0.0188 0.0000 0.9812 
0.0000 0.0000 0.9988 0.0012 
0.1571 0.3177 0.3177 0.2075 
0.1489 0.2673 0.1536 0.4302 
0.2016 0.2907 0.2685 0.2392 

MOTIF filter25 
letter-probability matrix: alength= 4 w= 14 nsites= 14 
0.2521 0.2541 0.2252 0.2686 
0.1219 0.1426 0.0930 0.6426 
0.0000 0.0000 0.0000 1.0000 
0.0000 0.0000 0.0000 1.0000 
0.0021 0.9979 0.0000 0.0000 
0.0000 0.9091 0.0000 0.0909 
0.2128 0.2707 0.2087 0.3079 
0.1860 0.0000 0.8140 0.0000 
0.0000 0.0000 0.9979 0.0021 
1.0000 0.0000 0.0000 0.0000 
1.0000 0.0000 0.0000 0.0000 
0.6302 0.0992 0.1570 0.1136 
0.2645 0.2851 0.2500 0.2004 
0.2541 0.2397 0.2727 0.2335 

MOTIF filter26 
letter-probability matrix: alength= 4 w= 15 nsites= 15 
0.2080 0.2599 0.2569 0.2752 
0.1407 0.1804 0.4006 0.2783 
0.0031 0.5168 0.2355 0.2446 
0.0642 0.6453 0.1162 0.1743 
0.7248 0.0092 0.2446 0.0214 
0.0000 0.9419 0.0153 0.0428 
0.0000 0.0000 0.0000 1.0000 
0.0000 0.0000 0.0000 1.0000 
0.0000 1.0000 0.0000 0.0000 
0.0000 1.0000 0.0000 0.0000 
0.0000 0.0000 0.9786 0.0214 
0.0000 0.1529 0.8471 0.0000 
0.2905 0.1651 0.2691 0.2752 
0.2691 0.2080 0.2508 0.2722 
0.2477 0.2110 0.2385 0.3028 

MOTIF filter27 
letter-probability matrix: alength= 4 w= 14 nsites= 14 
0.4796 0.1939 0.1429 0.1837 
0.0510 0.4048 0.0986 0.4456 
0.0748 0.3095 0.3571 0.2585 
0.4456 0.0782 0.4762 0.0000 
0.5782 0.0068 0.3673 0.0476 
0.0000 1.0000 0.0000 0.0000 
0.0000 1.0000 0.0000 0.0000 
1.0000 0.0000 0.0000 0.0000 
1.0000 0.0000 0.0000 0.0000 
0.0000 0.0000 0.0000 1.0000 
0.0034 0.7959 0.2007 0.0000 
0.8741 0.0034 0.1224 0.0000 
0.0646 0.0272 0.9082 0.0000 
0.2313 0.3061 0.2177 0.2449 

MOTIF filter28 
letter-probability matrix: alength= 4 w= 15 nsites= 15 
0.2485 0.2337 0.2189 0.2988 
0.2456 0.2189 0.2781 0.2574 
0.2130 0.2781 0.2633 0.2456 
0.0000 0.8817 0.1183 0.0000 
0.0207 0.9793 0.0000 0.0000 
0.0000 0.0000 1.0000 0.0000 
0.0000 0.0000 1.0000 0.0000 
1.0000 0.0000 0.0000 0.0000 
1.0000 0.0000 0.0000 0.0000 
0.0414 0.0059 0.9527 0.0000 
0.0266 0.3047 0.0089 0.6598 
0.1598 0.1006 0.6834 0.0562 
0.2604 0.2633 0.4586 0.0178 
0.2101 0.3609 0.2663 0.1627 
0.2041 0.3018 0.2633 0.2308 

MOTIF filter29 
letter-probability matrix: alength= 4 w= 15 nsites= 15 
0.2429 0.2458 0.2514 0.2599 
0.2345 0.2316 0.2853 0.2486 
0.2486 0.0424 0.6441 0.0650 
0.1215 0.0000 0.8107 0.0678 
0.1610 0.0000 0.8390 0.0000 
0.0000 0.0000 1.0000 0.0000 
0.0000 0.0000 1.0000 0.0000 
0.3164 0.5565 0.0000 0.1271 
0.0000 0.0000 1.0000 0.0000 
0.0000 0.0000 1.0000 0.0000 
0.1469 0.0000 0.8531 0.0000 
0.2006 0.0198 0.7797 0.0000 
0.1610 0.5876 0.1751 0.0763 
0.2740 0.1949 0.2853 0.2458 
0.2429 0.2938 0.2147 0.2486 

MOTIF filter30 
letter-probability matrix: alength= 4 w= 14 nsites= 14 
0.2653 0.2612 0.2259 0.2476 
0.1238 0.2095 0.1429 0.5238 
0.0000 0.0000 0.0000 1.0000 
0.0000 0.0000 0.0041 0.9959 
0.0435 0.9565 0.0000 0.0000 
0.0068 0.7850 0.0000 0.2082 
0.2721 0.1959 0.2721 0.2599 
0.1565 0.0000 0.8435 0.0000 
0.0000 0.0000 0.9782 0.0218 
1.0000 0.0000 0.0000 0.0000 
1.0000 0.0000 0.0000 0.0000 
0.5565 0.1034 0.1878 0.1524 
0.2150 0.2789 0.2476 0.2585 
0.2748 0.2449 0.2585 0.2218 

MOTIF filter31 
letter-probability matrix: alength= 4 w= 16 nsites= 16 
0.2208 0.2649 0.2455 0.2688 
0.2468 0.2494 0.2506 0.2532 
0.2545 0.2532 0.2403 0.2519 
0.5130 0.1104 0.3701 0.0065 
0.0000 0.0000 0.0000 1.0000 
0.0000 0.0000 0.0299 0.9701 
0.2805 0.0000 0.6571 0.0623 
0.0000 0.9390 0.0000 0.0610 
0.0623 0.0026 0.9351 0.0000 
0.0740 0.6636 0.0000 0.2623 
0.9662 0.0338 0.0000 0.0000 
1.0000 0.0000 0.0000 0.0000 
0.0091 0.3506 0.1312 0.5091 
0.2727 0.2442 0.2844 0.1987 
0.2519 0.1987 0.2636 0.2857 
0.2519 0.2325 0.2688 0.2468 

