MEME version 4

ALPHABET= ACGT

Background letter frequencies:
A 0.2500 C 0.2500 G 0.2500 T 0.2500 

MOTIF filter0 
letter-probability matrix: alength= 4 w= 14 nsites= 14 
0.1103 0.2182 0.4149 0.2566 
0.0000 0.8058 0.0192 0.1751 
0.0000 0.8273 0.0000 0.1727 
0.0000 1.0000 0.0000 0.0000 
0.0000 1.0000 0.0000 0.0000 
0.1031 0.0000 0.6115 0.2854 
0.0000 1.0000 0.0000 0.0000 
0.0000 1.0000 0.0000 0.0000 
0.0000 0.8153 0.0000 0.1847 
0.0695 0.8273 0.0000 0.1031 
0.0456 0.6139 0.0528 0.2878 
0.2542 0.2494 0.2422 0.2542 
0.2878 0.2398 0.2494 0.2230 
0.2374 0.2998 0.2470 0.2158 

MOTIF filter1 
letter-probability matrix: alength= 4 w= 17 nsites= 17 
0.2744 0.2492 0.2177 0.2587 
0.2429 0.2871 0.2587 0.2114 
0.2303 0.2492 0.2492 0.2713 
0.1167 0.0126 0.7035 0.1672 
0.0726 0.7382 0.1041 0.0852 
0.2934 0.3502 0.2492 0.1073 
0.0379 0.0000 0.8738 0.0883 
0.0000 1.0000 0.0000 0.0000 
0.0000 1.0000 0.0000 0.0000 
1.0000 0.0000 0.0000 0.0000 
0.0000 0.0000 0.0000 1.0000 
0.0063 0.4574 0.1451 0.3912 
0.0000 0.0126 0.0000 0.9874 
0.0000 0.0095 0.0000 0.9905 
0.0726 0.0852 0.7224 0.1199 
0.2808 0.2271 0.2461 0.2461 
0.1987 0.2776 0.2618 0.2618 

MOTIF filter2 
letter-probability matrix: alength= 4 w= 20 nsites= 20 
0.2376 0.2525 0.2475 0.2624 
0.6832 0.1040 0.0297 0.1832 
0.1832 0.0099 0.2129 0.5941 
0.0594 0.0990 0.1188 0.7228 
0.1139 0.0347 0.0396 0.8119 
0.4802 0.1139 0.0050 0.4010 
0.4950 0.0099 0.0693 0.4257 
0.4158 0.0693 0.0792 0.4356 
0.0990 0.0248 0.0446 0.8317 
0.3069 0.0990 0.0000 0.5941 
0.5297 0.1238 0.0198 0.3267 
0.1782 0.1287 0.5594 0.1337 
0.1782 0.4901 0.3317 0.0000 
0.0000 0.0545 0.2327 0.7129 
0.7129 0.2475 0.0000 0.0396 
0.1733 0.2921 0.3614 0.1733 
0.6733 0.1733 0.0594 0.0941 
0.4158 0.0891 0.2624 0.2327 
0.3267 0.4802 0.1782 0.0149 
0.3614 0.0297 0.0990 0.5099 

MOTIF filter3 
letter-probability matrix: alength= 4 w= 16 nsites= 16 
0.2514 0.2682 0.2207 0.2598 
0.2709 0.2039 0.1872 0.3380 
0.2374 0.2207 0.0000 0.5419 
0.0000 0.0419 0.0112 0.9469 
0.0000 0.0028 0.0000 0.9972 
0.0000 0.6508 0.0000 0.3492 
0.0279 0.9609 0.0000 0.0112 
0.1313 0.4134 0.0698 0.3855 
0.3994 0.0000 0.5810 0.0196 
0.0000 0.0000 0.9860 0.0140 
0.6788 0.0140 0.3073 0.0000 
1.0000 0.0000 0.0000 0.0000 
0.8324 0.0922 0.0642 0.0112 
0.3855 0.1425 0.1732 0.2989 
0.3911 0.0000 0.2626 0.3464 
0.2095 0.2654 0.3128 0.2123 

MOTIF filter4 
letter-probability matrix: alength= 4 w= 17 nsites= 17 
0.2562 0.2512 0.2446 0.2479 
0.2727 0.2612 0.2314 0.2347 
0.2430 0.2661 0.2529 0.2380 
0.0529 0.0132 0.3719 0.5620 
0.0083 0.9471 0.0000 0.0446 
0.0000 0.0000 0.0000 1.0000 
1.0000 0.0000 0.0000 0.0000 
0.2000 0.0000 0.0000 0.8000 
0.4281 0.0000 0.0000 0.5719 
0.5355 0.0000 0.0000 0.4645 
0.7008 0.0000 0.0000 0.2992 
0.0000 0.0000 0.0000 1.0000 
1.0000 0.0000 0.0000 0.0000 
0.0198 0.0000 0.9719 0.0083 
0.4430 0.4083 0.0430 0.1058 
0.2678 0.2248 0.2975 0.2099 
0.2744 0.2496 0.2298 0.2463 

MOTIF filter5 
letter-probability matrix: alength= 4 w= 14 nsites= 14 
0.2346 0.2682 0.2365 0.2607 
0.1173 0.1527 0.1546 0.5754 
0.0000 0.0000 0.0000 1.0000 
0.0000 0.0000 0.0000 1.0000 
0.0019 0.9981 0.0000 0.0000 
0.0000 0.8026 0.0000 0.1974 
0.2626 0.1974 0.2719 0.2682 
0.1099 0.0000 0.8901 0.0000 
0.0000 0.0000 0.9981 0.0019 
1.0000 0.0000 0.0000 0.0000 
1.0000 0.0000 0.0000 0.0000 
0.6182 0.0708 0.1676 0.1434 
0.2179 0.3147 0.2570 0.2104 
0.2626 0.2439 0.2495 0.2439 

MOTIF filter6 
letter-probability matrix: alength= 4 w= 12 nsites= 12 
0.2505 0.2515 0.2485 0.2495 
0.2412 0.3000 0.2309 0.2278 
0.2515 0.2268 0.2381 0.2835 
0.5258 0.0000 0.0000 0.4742 
0.0000 0.0000 0.0000 1.0000 
0.0000 0.0000 0.0000 1.0000 
0.8990 0.0000 0.1010 0.0000 
1.0000 0.0000 0.0000 0.0000 
0.0021 0.0000 0.0000 0.9979 
0.2691 0.2464 0.2505 0.2340 
0.2526 0.2392 0.2835 0.2247 
0.2464 0.2608 0.2381 0.2546 

MOTIF filter7 
letter-probability matrix: alength= 4 w= 16 nsites= 16 
0.2349 0.2476 0.2540 0.2635 
0.2222 0.3079 0.2762 0.1937 
0.2825 0.2635 0.2095 0.2444 
0.1206 0.7556 0.0794 0.0444 
1.0000 0.0000 0.0000 0.0000 
0.9873 0.0000 0.0127 0.0000 
0.4286 0.0540 0.4952 0.0222 
1.0000 0.0000 0.0000 0.0000 
0.0000 0.0000 0.0000 1.0000 
0.0000 0.0000 1.0000 0.0000 
0.0000 0.0000 1.0000 0.0000 
0.0413 0.8635 0.0000 0.0952 
0.1079 0.2095 0.4190 0.2635 
0.0730 0.1111 0.7714 0.0444 
0.1302 0.7619 0.0286 0.0794 
0.2921 0.2349 0.2032 0.2698 

MOTIF filter8 
letter-probability matrix: alength= 4 w= 15 nsites= 15 
0.0032 0.9743 0.0096 0.0129 
0.9068 0.0000 0.0000 0.0932 
0.0032 0.0000 0.0000 0.9968 
1.0000 0.0000 0.0000 0.0000 
0.0000 0.0000 0.0016 0.9984 
0.9984 0.0000 0.0000 0.0016 
0.1656 0.0032 0.0000 0.8312 
0.0000 0.0000 1.0000 0.0000 
0.0000 0.0000 1.0000 0.0000 
0.0740 0.0257 0.4678 0.4325 
0.2122 0.7154 0.0579 0.0145 
0.8135 0.0016 0.0289 0.1559 
0.2588 0.2797 0.2251 0.2363 
0.2186 0.2797 0.2669 0.2347 
0.2444 0.2363 0.3055 0.2138 

MOTIF filter9 
letter-probability matrix: alength= 4 w= 20 nsites= 20 
0.2500 0.2500 0.2500 0.2500 
0.2500 0.2500 0.2500 0.2500 
0.2500 0.2500 0.2500 0.2500 
0.2500 0.2500 0.2500 0.2500 
0.2500 0.2500 0.2500 0.2500 
0.2500 0.2500 0.2500 0.2500 
0.2500 0.2500 0.2500 0.2500 
0.2500 0.2500 0.2500 0.2500 
0.2500 0.2500 0.2500 0.2500 
0.2500 0.2500 0.2500 0.2500 
0.2500 0.2500 0.2500 0.2500 
0.2500 0.2500 0.2500 0.2500 
0.2500 0.2500 0.2500 0.2500 
0.2500 0.2500 0.2500 0.2500 
0.2500 0.2500 0.2500 0.2500 
0.2500 0.2500 0.2500 0.2500 
0.2500 0.2500 0.2500 0.2500 
0.2500 0.2500 0.2500 0.2500 
0.2500 0.2500 0.2500 0.2500 
0.2500 0.2500 0.2500 0.2500 

MOTIF filter10 
letter-probability matrix: alength= 4 w= 20 nsites= 20 
0.2250 0.2433 0.2658 0.2658 
0.2152 0.2813 0.2714 0.2321 
0.2968 0.2335 0.2250 0.2447 
0.1350 0.0717 0.0281 0.7651 
0.0225 0.0802 0.6906 0.2068 
0.4149 0.4248 0.0619 0.0985 
0.0000 1.0000 0.0000 0.0000 
0.0000 1.0000 0.0000 0.0000 
0.8228 0.0000 0.0070 0.1702 
0.0070 0.0000 0.0000 0.9930 
1.0000 0.0000 0.0000 0.0000 
0.0000 0.0000 0.0014 0.9986 
0.9972 0.0000 0.0000 0.0028 
0.1238 0.0014 0.0000 0.8748 
0.0014 0.0028 0.9958 0.0000 
0.0000 0.0000 1.0000 0.0000 
0.0970 0.0675 0.4037 0.4318 
0.2194 0.6835 0.0830 0.0141 
0.7750 0.0239 0.0464 0.1547 
0.2082 0.2813 0.2475 0.2630 

MOTIF filter11 
letter-probability matrix: alength= 4 w= 14 nsites= 14 
0.1191 0.0709 0.3418 0.4681 
0.0014 0.9702 0.0000 0.0284 
0.0000 0.0000 0.0000 1.0000 
1.0000 0.0000 0.0000 0.0000 
0.2667 0.0000 0.0000 0.7333 
0.4681 0.0000 0.0000 0.5319 
0.5745 0.0000 0.0000 0.4255 
0.7319 0.0000 0.0000 0.2681 
0.0000 0.0000 0.0000 1.0000 
1.0000 0.0000 0.0000 0.0000 
0.0723 0.0000 0.9248 0.0028 
0.5050 0.3546 0.0355 0.1050 
0.2936 0.2270 0.2411 0.2383 
0.2638 0.2511 0.2397 0.2454 

MOTIF filter12 
letter-probability matrix: alength= 4 w= 12 nsites= 12 
0.2293 0.2604 0.2645 0.2459 
0.4025 0.2044 0.2614 0.1317 
0.2293 0.3122 0.3226 0.1359 
0.0000 1.0000 0.0000 0.0000 
1.0000 0.0000 0.0000 0.0000 
0.0000 1.0000 0.0000 0.0000 
0.0000 0.0000 1.0000 0.0000 
0.0000 0.0000 0.0000 1.0000 
0.0000 0.0000 1.0000 0.0000 
0.1483 0.2977 0.3195 0.2344 
0.1598 0.2427 0.1660 0.4315 
0.2376 0.2541 0.2479 0.2604 

MOTIF filter13 
letter-probability matrix: alength= 4 w= 15 nsites= 15 
0.2674 0.2429 0.2241 0.2655 
0.2542 0.2618 0.2467 0.2373 
0.1111 0.1996 0.1262 0.5631 
0.0000 0.0000 0.0000 1.0000 
0.0000 0.0000 0.0000 1.0000 
0.0320 0.9680 0.0000 0.0000 
0.0000 0.8362 0.0000 0.1638 
0.2354 0.2185 0.2542 0.2919 
0.1676 0.0000 0.8267 0.0056 
0.0000 0.0000 0.9718 0.0282 
1.0000 0.0000 0.0000 0.0000 
1.0000 0.0000 0.0000 0.0000 
0.5461 0.1092 0.2034 0.1412 
0.2090 0.3202 0.2392 0.2316 
0.2128 0.2787 0.2467 0.2618 

MOTIF filter14 
letter-probability matrix: alength= 4 w= 16 nsites= 16 
0.2852 0.5636 0.0344 0.1168 
0.2371 0.1753 0.0687 0.5189 
0.2749 0.1443 0.3368 0.2440 
0.6770 0.0309 0.0893 0.2027 
0.1478 0.3230 0.5017 0.0275 
0.0000 0.0000 0.0000 1.0000 
0.0069 0.9931 0.0000 0.0000 
1.0000 0.0000 0.0000 0.0000 
0.0000 0.0000 0.9897 0.0103 
0.0000 1.0000 0.0000 0.0000 
0.9931 0.0000 0.0000 0.0069 
0.4570 0.1581 0.1237 0.2612 
0.4192 0.0378 0.0000 0.5430 
0.3952 0.0584 0.0000 0.5464 
0.3162 0.0997 0.0172 0.5670 
0.2715 0.2268 0.2543 0.2474 

MOTIF filter15 
letter-probability matrix: alength= 4 w= 13 nsites= 13 
0.2528 0.2429 0.2689 0.2354 
0.2503 0.1276 0.4089 0.2131 
0.4709 0.0905 0.4374 0.0012 
0.0000 0.0000 0.0000 1.0000 
0.0000 0.0000 1.0000 0.0000 
1.0000 0.0000 0.0000 0.0000 
0.0025 0.5019 0.4957 0.0000 
0.0000 0.0000 0.0000 1.0000 
0.0000 1.0000 0.0000 0.0000 
1.0000 0.0000 0.0000 0.0000 
0.0000 0.3209 0.2392 0.4399 
0.2144 0.3668 0.2169 0.2020 
0.2392 0.2206 0.2813 0.2590 

MOTIF filter16 
letter-probability matrix: alength= 4 w= 16 nsites= 16 
0.5000 0.1818 0.1503 0.1678 
0.0594 0.3497 0.1154 0.4755 
0.0350 0.3671 0.3776 0.2203 
0.4615 0.0699 0.4685 0.0000 
0.5979 0.0070 0.3706 0.0245 
0.0000 1.0000 0.0000 0.0000 
0.0000 1.0000 0.0000 0.0000 
1.0000 0.0000 0.0000 0.0000 
1.0000 0.0000 0.0000 0.0000 
0.0000 0.0000 0.0000 1.0000 
0.0035 0.8042 0.1923 0.0000 
0.8497 0.0000 0.1503 0.0000 
0.0455 0.0385 0.9161 0.0000 
0.1888 0.2867 0.2483 0.2762 
0.2937 0.1993 0.2902 0.2168 
0.2448 0.2902 0.2063 0.2587 

MOTIF filter17 
letter-probability matrix: alength= 4 w= 15 nsites= 15 
0.2635 0.3144 0.2096 0.2125 
0.2465 0.2918 0.2210 0.2408 
0.2465 0.2493 0.2380 0.2663 
0.0057 0.8215 0.0765 0.0963 
0.0000 0.1983 0.0000 0.8017 
0.0000 0.2266 0.7564 0.0170 
1.0000 0.0000 0.0000 0.0000 
0.0000 0.0000 0.0000 1.0000 
0.0000 0.0000 0.0000 1.0000 
0.0000 0.0000 1.0000 0.0000 
0.0000 0.0000 1.0000 0.0000 
0.0340 0.3994 0.0085 0.5581 
0.0170 0.4108 0.1388 0.4334 
0.2040 0.4363 0.3059 0.0538 
0.4816 0.1331 0.3428 0.0425 

MOTIF filter18 
letter-probability matrix: alength= 4 w= 14 nsites= 14 
0.2319 0.2232 0.2986 0.2464 
0.2464 0.0493 0.6435 0.0609 
0.1246 0.0000 0.8116 0.0638 
0.1536 0.0000 0.8464 0.0000 
0.0000 0.0000 1.0000 0.0000 
0.0000 0.0000 1.0000 0.0000 
0.3043 0.5739 0.0000 0.1217 
0.0000 0.0000 1.0000 0.0000 
0.0000 0.0000 1.0000 0.0000 
0.1507 0.0000 0.8493 0.0000 
0.1971 0.0174 0.7855 0.0000 
0.1710 0.5855 0.1710 0.0725 
0.2754 0.2029 0.2841 0.2377 
0.2406 0.2986 0.2058 0.2551 

MOTIF filter19 
letter-probability matrix: alength= 4 w= 13 nsites= 13 
0.4379 0.2119 0.1497 0.2006 
0.0621 0.3898 0.1017 0.4463 
0.0876 0.2938 0.3616 0.2571 
0.4181 0.1328 0.4492 0.0000 
0.5593 0.0056 0.3842 0.0508 
0.0000 1.0000 0.0000 0.0000 
0.0000 1.0000 0.0000 0.0000 
1.0000 0.0000 0.0000 0.0000 
1.0000 0.0000 0.0000 0.0000 
0.0000 0.0000 0.0000 1.0000 
0.0254 0.7740 0.2006 0.0000 
0.8475 0.0056 0.1469 0.0000 
0.0847 0.0819 0.8220 0.0113 

MOTIF filter20 
letter-probability matrix: alength= 4 w= 20 nsites= 20 
0.2581 0.2727 0.2405 0.2287 
0.8035 0.0000 0.0528 0.1437 
0.1202 0.6041 0.2757 0.0000 
0.0352 0.0000 0.3109 0.6540 
0.4956 0.3754 0.0792 0.0499 
0.2053 0.7038 0.0235 0.0674 
0.7419 0.0323 0.0645 0.1613 
0.4076 0.0821 0.0704 0.4399 
0.3372 0.3402 0.1848 0.1378 
0.2493 0.0733 0.2317 0.4457 
0.4428 0.2727 0.0587 0.2258 
0.0381 0.1965 0.1026 0.6628 
0.3431 0.0733 0.3372 0.2463 
0.0850 0.0000 0.7243 0.1906 
0.1144 0.5865 0.2903 0.0088 
0.0704 0.1173 0.5015 0.3109 
0.5337 0.3431 0.0411 0.0821 
0.0000 0.0645 0.3548 0.5806 
0.2170 0.3695 0.0352 0.3783 
0.1760 0.1848 0.0235 0.6158 

MOTIF filter21 
letter-probability matrix: alength= 4 w= 14 nsites= 14 
0.2619 0.2375 0.2452 0.2555 
0.2028 0.2054 0.3787 0.2131 
0.4634 0.2208 0.3158 0.0000 
0.0000 0.0000 0.0000 1.0000 
0.0000 0.0000 0.9987 0.0013 
1.0000 0.0000 0.0000 0.0000 
0.0000 0.4673 0.5315 0.0013 
0.0000 0.0000 0.0000 1.0000 
0.0000 1.0000 0.0000 0.0000 
1.0000 0.0000 0.0000 0.0000 
0.0000 0.4069 0.1399 0.4531 
0.2285 0.4005 0.1001 0.2709 
0.2580 0.2015 0.2927 0.2478 
0.2683 0.2349 0.2490 0.2478 

MOTIF filter22 
letter-probability matrix: alength= 4 w= 16 nsites= 16 
0.2878 0.2952 0.1956 0.2214 
0.2878 0.2657 0.2325 0.2140 
0.2140 0.2214 0.2915 0.2731 
0.0000 0.9373 0.0332 0.0295 
0.0000 0.1587 0.0000 0.8413 
0.0000 0.2657 0.7232 0.0111 
1.0000 0.0000 0.0000 0.0000 
0.0000 0.0000 0.0000 1.0000 
0.0000 0.0000 0.0000 1.0000 
0.0000 0.0000 1.0000 0.0000 
0.0000 0.0000 1.0000 0.0000 
0.0480 0.3948 0.0000 0.5572 
0.0000 0.4207 0.1107 0.4686 
0.1661 0.4502 0.3137 0.0701 
0.4834 0.1476 0.3026 0.0664 
0.1697 0.1328 0.2694 0.4280 

MOTIF filter23 
letter-probability matrix: alength= 4 w= 15 nsites= 15 
0.2521 0.2188 0.2299 0.2992 
0.2659 0.2050 0.2798 0.2493 
0.2327 0.2825 0.2576 0.2271 
0.0139 0.8421 0.1440 0.0000 
0.0360 0.9640 0.0000 0.0000 
0.0000 0.0000 1.0000 0.0000 
0.0000 0.0000 1.0000 0.0000 
1.0000 0.0000 0.0000 0.0000 
1.0000 0.0000 0.0000 0.0000 
0.0360 0.0055 0.9584 0.0000 
0.0249 0.2881 0.0028 0.6842 
0.1745 0.0970 0.6759 0.0526 
0.2604 0.2632 0.4543 0.0222 
0.2271 0.3629 0.2410 0.1690 
0.2133 0.2853 0.2632 0.2382 

MOTIF filter24 
letter-probability matrix: alength= 4 w= 14 nsites= 14 
0.2225 0.2545 0.2531 0.2698 
0.2545 0.2503 0.2573 0.2378 
0.2490 0.2517 0.2601 0.2392 
0.5132 0.1057 0.3811 0.0000 
0.0000 0.0000 0.0000 1.0000 
0.0000 0.0000 0.0014 0.9986 
0.2726 0.0000 0.6690 0.0584 
0.0042 0.9374 0.0028 0.0556 
0.0501 0.0000 0.9485 0.0014 
0.0737 0.6690 0.0000 0.2573 
0.9555 0.0445 0.0000 0.0000 
1.0000 0.0000 0.0000 0.0000 
0.0097 0.3255 0.1446 0.5202 
0.2809 0.2559 0.2726 0.1905 

MOTIF filter25 
letter-probability matrix: alength= 4 w= 15 nsites= 15 
0.2029 0.2580 0.2464 0.2928 
0.1478 0.1797 0.3942 0.2783 
0.0116 0.5014 0.2377 0.2493 
0.0667 0.6377 0.1420 0.1536 
0.7072 0.0087 0.2638 0.0203 
0.0000 0.9449 0.0087 0.0464 
0.0000 0.0000 0.0000 1.0000 
0.0000 0.0000 0.0000 1.0000 
0.0000 1.0000 0.0000 0.0000 
0.0000 1.0000 0.0000 0.0000 
0.0000 0.0000 0.9768 0.0232 
0.0000 0.1652 0.8261 0.0087 
0.2261 0.2145 0.2638 0.2957 
0.2261 0.2493 0.2638 0.2609 
0.2841 0.2000 0.2261 0.2899 

MOTIF filter26 
letter-probability matrix: alength= 4 w= 17 nsites= 17 
0.2242 0.2428 0.2677 0.2653 
0.2042 0.2852 0.2777 0.2329 
0.2827 0.2478 0.2291 0.2403 
0.1544 0.0672 0.0311 0.7472 
0.0249 0.0722 0.6812 0.2217 
0.4197 0.3873 0.0747 0.1183 
0.0000 1.0000 0.0000 0.0000 
0.0000 0.9963 0.0000 0.0037 
0.8356 0.0000 0.0050 0.1594 
0.0162 0.0000 0.0000 0.9838 
0.9988 0.0000 0.0012 0.0000 
0.0000 0.0000 0.0012 0.9988 
0.9913 0.0000 0.0000 0.0087 
0.1382 0.0025 0.0000 0.8593 
0.0025 0.0062 0.9913 0.0000 
0.0000 0.0012 0.9975 0.0012 
0.1046 0.0685 0.3898 0.4371 

MOTIF filter27 
letter-probability matrix: alength= 4 w= 18 nsites= 18 
0.2471 0.2196 0.2471 0.2863 
0.2314 0.2941 0.2863 0.1882 
0.2863 0.2314 0.2000 0.2824 
0.1608 0.6824 0.1098 0.0471 
0.9961 0.0000 0.0039 0.0000 
0.9843 0.0000 0.0157 0.0000 
0.4353 0.0745 0.4902 0.0000 
1.0000 0.0000 0.0000 0.0000 
0.0000 0.0000 0.0000 1.0000 
0.0000 0.0000 1.0000 0.0000 
0.0000 0.0000 1.0000 0.0000 
0.0392 0.9373 0.0000 0.0235 
0.1059 0.1882 0.4549 0.2510 
0.0627 0.0392 0.8431 0.0549 
0.0902 0.8471 0.0000 0.0627 
0.2471 0.2039 0.2392 0.3098 
0.2118 0.2627 0.3255 0.2000 
0.2745 0.2275 0.2784 0.2196 

MOTIF filter28 
letter-probability matrix: alength= 4 w= 13 nsites= 13 
0.2426 0.2316 0.2574 0.2684 
0.2500 0.2445 0.2518 0.2537 
0.2206 0.2647 0.2353 0.2794 
0.5460 0.1085 0.3419 0.0037 
0.0000 0.0000 0.0000 1.0000 
0.0000 0.0000 0.0221 0.9779 
0.2831 0.0000 0.6691 0.0478 
0.0000 0.9669 0.0000 0.0331 
0.0404 0.0000 0.9596 0.0000 
0.0294 0.7776 0.0000 0.1930 
1.0000 0.0000 0.0000 0.0000 
1.0000 0.0000 0.0000 0.0000 
0.0000 0.3952 0.0570 0.5478 

MOTIF filter29 
letter-probability matrix: alength= 4 w= 16 nsites= 16 
0.2514 0.3086 0.2057 0.2343 
0.1543 0.5314 0.1486 0.1657 
0.5314 0.1314 0.2457 0.0914 
0.1029 0.6571 0.1314 0.1086 
0.0971 0.0800 0.0857 0.7371 
0.0457 0.1029 0.0857 0.7657 
0.0000 1.0000 0.0000 0.0000 
0.0000 1.0000 0.0000 0.0000 
0.0000 0.0000 1.0000 0.0000 
0.0000 0.0171 0.9829 0.0000 
0.8629 0.0400 0.0571 0.0400 
0.8229 0.0514 0.0686 0.0571 
0.1143 0.1086 0.7029 0.0743 
0.0800 0.2629 0.0743 0.5829 
0.2400 0.1086 0.5886 0.0629 
0.2686 0.2457 0.4171 0.0686 

MOTIF filter30 
letter-probability matrix: alength= 4 w= 17 nsites= 17 
0.2770 0.2432 0.2432 0.2365 
0.2568 0.2669 0.2264 0.2500 
0.5439 0.0101 0.1216 0.3243 
0.6588 0.0068 0.0439 0.2905 
0.4527 0.0000 0.0203 0.5270 
0.3041 0.1419 0.1351 0.4189 
0.0101 0.0000 0.0000 0.9899 
0.0000 0.0000 1.0000 0.0000 
0.0203 0.9797 0.0000 0.0000 
0.0000 0.0000 0.0000 1.0000 
0.0000 0.0000 0.9932 0.0068 
1.0000 0.0000 0.0000 0.0000 
0.0236 0.5135 0.3108 0.1520 
0.1926 0.1081 0.0372 0.6622 
0.1757 0.3986 0.1115 0.3142 
0.5608 0.0473 0.1723 0.2196 
0.1486 0.0405 0.5541 0.2568 

MOTIF filter31 
letter-probability matrix: alength= 4 w= 12 nsites= 12 
0.2472 0.2585 0.2455 0.2488 
0.2829 0.2244 0.2325 0.2602 
0.2829 0.2618 0.2325 0.2228 
1.0000 0.0000 0.0000 0.0000 
0.0000 0.0000 0.0000 1.0000 
0.0000 0.4553 0.0000 0.5447 
1.0000 0.0000 0.0000 0.0000 
1.0000 0.0000 0.0000 0.0000 
0.9935 0.0000 0.0000 0.0065 
0.2715 0.2244 0.2195 0.2846 
0.2602 0.2228 0.2423 0.2748 
0.2309 0.2911 0.2553 0.2228 

