MEME version 4

ALPHABET= ACGT

Background letter frequencies:
A 0.2500 C 0.2500 G 0.2500 T 0.2500 

MOTIF filter0 
letter-probability matrix: alength= 4 w= 14 nsites= 14 
0.1607 0.1939 0.3684 0.2770 
0.0249 0.4737 0.2271 0.2742 
0.0886 0.6094 0.1357 0.1662 
0.6981 0.0166 0.2632 0.0222 
0.0000 0.9695 0.0000 0.0305 
0.0000 0.0000 0.0000 1.0000 
0.0000 0.0000 0.0000 1.0000 
0.0000 1.0000 0.0000 0.0000 
0.0000 1.0000 0.0000 0.0000 
0.0000 0.0000 0.9834 0.0166 
0.0000 0.1440 0.8532 0.0028 
0.2687 0.1911 0.2493 0.2909 
0.2770 0.2188 0.2521 0.2521 
0.2576 0.2327 0.2355 0.2742 

MOTIF filter1 
letter-probability matrix: alength= 4 w= 20 nsites= 20 
0.2891 0.2357 0.2253 0.2500 
0.1497 0.0703 0.0208 0.7591 
0.0234 0.0638 0.6927 0.2201 
0.4167 0.4076 0.0729 0.1029 
0.0000 1.0000 0.0000 0.0000 
0.0000 1.0000 0.0000 0.0000 
0.8307 0.0000 0.0052 0.1641 
0.0169 0.0000 0.0000 0.9831 
1.0000 0.0000 0.0000 0.0000 
0.0000 0.0000 0.0013 0.9987 
0.9896 0.0000 0.0000 0.0104 
0.1315 0.0026 0.0000 0.8659 
0.0026 0.0026 0.9948 0.0000 
0.0000 0.0013 0.9974 0.0013 
0.0977 0.0703 0.3854 0.4466 
0.2174 0.6667 0.0885 0.0273 
0.7565 0.0273 0.0573 0.1589 
0.2357 0.2708 0.2487 0.2448 
0.2292 0.2565 0.2617 0.2526 
0.2539 0.2409 0.2591 0.2461 

MOTIF filter2 
letter-probability matrix: alength= 4 w= 16 nsites= 16 
0.2484 0.2452 0.2419 0.2645 
0.2258 0.2323 0.2677 0.2742 
0.2226 0.2323 0.3032 0.2419 
0.2677 0.0387 0.6452 0.0484 
0.1226 0.0000 0.8290 0.0484 
0.1484 0.0000 0.8516 0.0000 
0.0000 0.0000 1.0000 0.0000 
0.0000 0.0000 1.0000 0.0000 
0.2968 0.5839 0.0000 0.1194 
0.0000 0.0000 1.0000 0.0000 
0.0000 0.0000 1.0000 0.0000 
0.1355 0.0000 0.8645 0.0000 
0.1645 0.0129 0.8226 0.0000 
0.1548 0.6032 0.1774 0.0645 
0.2839 0.2032 0.2935 0.2194 
0.2452 0.2903 0.2258 0.2387 

MOTIF filter3 
letter-probability matrix: alength= 4 w= 14 nsites= 14 
0.2465 0.2639 0.2407 0.2488 
0.2535 0.2396 0.2535 0.2535 
0.2465 0.1331 0.4144 0.2060 
0.4468 0.1400 0.4120 0.0012 
0.0000 0.0000 0.0000 1.0000 
0.0000 0.0000 1.0000 0.0000 
1.0000 0.0000 0.0000 0.0000 
0.0023 0.4977 0.5000 0.0000 
0.0000 0.0000 0.0000 1.0000 
0.0000 1.0000 0.0000 0.0000 
1.0000 0.0000 0.0000 0.0000 
0.0000 0.3032 0.2581 0.4387 
0.2188 0.3692 0.2118 0.2002 
0.2373 0.2222 0.2801 0.2604 

MOTIF filter4 
letter-probability matrix: alength= 4 w= 13 nsites= 13 
0.2813 0.1560 0.3303 0.2324 
0.5810 0.0642 0.1284 0.2263 
0.1529 0.3150 0.5015 0.0306 
0.0000 0.0000 0.0000 1.0000 
0.0061 0.9939 0.0000 0.0000 
1.0000 0.0000 0.0000 0.0000 
0.0000 0.0000 0.9939 0.0061 
0.0000 1.0000 0.0000 0.0000 
0.9908 0.0000 0.0000 0.0092 
0.4343 0.1774 0.1284 0.2599 
0.4404 0.0550 0.0031 0.5015 
0.4098 0.0642 0.0092 0.5168 
0.3180 0.0887 0.0214 0.5719 

MOTIF filter5 
letter-probability matrix: alength= 4 w= 16 nsites= 16 
0.2551 0.2507 0.2507 0.2435 
0.2507 0.2681 0.2551 0.2261 
0.2348 0.2739 0.2420 0.2493 
0.1014 0.0261 0.3609 0.5116 
0.0000 0.9188 0.0000 0.0812 
0.0000 0.0000 0.0000 1.0000 
1.0000 0.0000 0.0000 0.0000 
0.2159 0.0000 0.0029 0.7812 
0.4087 0.0000 0.0000 0.5913 
0.5116 0.0000 0.0000 0.4884 
0.6783 0.0000 0.0000 0.3217 
0.0000 0.0000 0.0000 1.0000 
1.0000 0.0000 0.0000 0.0000 
0.0362 0.0000 0.9507 0.0130 
0.4928 0.3783 0.0362 0.0928 
0.2942 0.2145 0.2594 0.2319 

MOTIF filter6 
letter-probability matrix: alength= 4 w= 11 nsites= 11 
0.2386 0.2498 0.2431 0.2686 
0.2356 0.2963 0.2423 0.2258 
0.2731 0.2221 0.2266 0.2783 
0.4644 0.0000 0.0000 0.5356 
0.0000 0.0000 0.0000 1.0000 
0.0000 0.0000 0.0000 1.0000 
0.6527 0.0000 0.3473 0.0000 
1.0000 0.0000 0.0000 0.0000 
0.0000 0.0000 0.0000 1.0000 
0.2603 0.2431 0.2438 0.2528 
0.2378 0.2611 0.2446 0.2566 

MOTIF filter7 
letter-probability matrix: alength= 4 w= 16 nsites= 16 
0.2321 0.2321 0.2363 0.2996 
0.2152 0.2743 0.2911 0.2194 
0.2447 0.2152 0.2447 0.2954 
0.1603 0.7342 0.0844 0.0211 
1.0000 0.0000 0.0000 0.0000 
0.9831 0.0000 0.0169 0.0000 
0.4810 0.0422 0.4726 0.0042 
1.0000 0.0000 0.0000 0.0000 
0.0000 0.0000 0.0000 1.0000 
0.0000 0.0000 1.0000 0.0000 
0.0000 0.0000 1.0000 0.0000 
0.0253 0.9367 0.0000 0.0380 
0.0928 0.1899 0.4937 0.2236 
0.0506 0.0759 0.8397 0.0338 
0.0675 0.8312 0.0295 0.0717 
0.2954 0.2405 0.1814 0.2827 

MOTIF filter8 
letter-probability matrix: alength= 4 w= 18 nsites= 18 
0.2427 0.2751 0.2265 0.2557 
0.2686 0.2298 0.2524 0.2492 
0.2460 0.2848 0.2201 0.2492 
0.5372 0.0129 0.1197 0.3301 
0.6602 0.0129 0.0388 0.2880 
0.4531 0.0000 0.0194 0.5275 
0.3074 0.1521 0.1424 0.3981 
0.0097 0.0000 0.0000 0.9903 
0.0000 0.0000 1.0000 0.0000 
0.0194 0.9806 0.0000 0.0000 
0.0000 0.0000 0.0000 1.0000 
0.0000 0.0000 0.9935 0.0065 
1.0000 0.0000 0.0000 0.0000 
0.0259 0.5146 0.3010 0.1586 
0.1909 0.1068 0.0388 0.6634 
0.1845 0.3916 0.1133 0.3107 
0.5534 0.0453 0.1683 0.2330 
0.1489 0.0485 0.5437 0.2589 

MOTIF filter9 
letter-probability matrix: alength= 4 w= 13 nsites= 13 
0.1505 0.1997 0.1603 0.4895 
0.0000 0.0000 0.0000 1.0000 
0.0000 0.0000 0.0000 1.0000 
0.0113 0.9887 0.0000 0.0000 
0.0000 0.7975 0.0000 0.2025 
0.2518 0.2236 0.2433 0.2813 
0.1871 0.0000 0.8129 0.0000 
0.0000 0.0000 0.9986 0.0014 
1.0000 0.0000 0.0000 0.0000 
1.0000 0.0000 0.0000 0.0000 
0.5246 0.1238 0.2039 0.1477 
0.2363 0.2799 0.2518 0.2321 
0.2504 0.2321 0.2588 0.2588 

MOTIF filter10 
letter-probability matrix: alength= 4 w= 14 nsites= 14 
0.2493 0.2033 0.2710 0.2764 
0.2304 0.2764 0.2439 0.2493 
0.0027 0.8753 0.1220 0.0000 
0.0271 0.9729 0.0000 0.0000 
0.0000 0.0000 1.0000 0.0000 
0.0000 0.0000 1.0000 0.0000 
1.0000 0.0000 0.0000 0.0000 
1.0000 0.0000 0.0000 0.0000 
0.0461 0.0054 0.9485 0.0000 
0.0325 0.2981 0.0163 0.6531 
0.1707 0.1003 0.6694 0.0596 
0.2683 0.2547 0.4526 0.0244 
0.2141 0.3631 0.2520 0.1707 
0.2141 0.2927 0.2547 0.2385 

MOTIF filter11 
letter-probability matrix: alength= 4 w= 14 nsites= 14 
0.2917 0.2101 0.2681 0.2301 
0.2681 0.2754 0.2917 0.1649 
0.2699 0.2138 0.2790 0.2373 
0.5598 0.1123 0.3152 0.0127 
0.2120 0.3551 0.3641 0.0688 
0.0000 1.0000 0.0000 0.0000 
1.0000 0.0000 0.0000 0.0000 
0.0000 1.0000 0.0000 0.0000 
0.0036 0.0000 0.9964 0.0000 
0.0000 0.0000 0.0000 1.0000 
0.0000 0.0000 1.0000 0.0000 
0.0815 0.3732 0.3460 0.1993 
0.1377 0.2355 0.1286 0.4982 
0.2174 0.2899 0.2536 0.2391 

MOTIF filter12 
letter-probability matrix: alength= 4 w= 18 nsites= 18 
0.2435 0.2338 0.2825 0.2403 
0.2240 0.2922 0.2792 0.2045 
0.2890 0.2662 0.1981 0.2468 
0.1234 0.7110 0.1071 0.0584 
1.0000 0.0000 0.0000 0.0000 
0.9870 0.0000 0.0130 0.0000 
0.4058 0.0812 0.4870 0.0260 
1.0000 0.0000 0.0000 0.0000 
0.0000 0.0000 0.0000 1.0000 
0.0000 0.0000 1.0000 0.0000 
0.0000 0.0000 1.0000 0.0000 
0.0519 0.8864 0.0000 0.0617 
0.1039 0.1883 0.4188 0.2890 
0.0649 0.0747 0.7890 0.0714 
0.1234 0.7890 0.0097 0.0779 
0.2792 0.1916 0.2370 0.2922 
0.2143 0.2305 0.3247 0.2305 
0.2565 0.2468 0.2792 0.2175 

MOTIF filter13 
letter-probability matrix: alength= 4 w= 12 nsites= 12 
0.2255 0.2517 0.2570 0.2657 
0.5245 0.1154 0.2395 0.1206 
0.2185 0.3654 0.3514 0.0647 
0.0000 1.0000 0.0000 0.0000 
1.0000 0.0000 0.0000 0.0000 
0.0000 1.0000 0.0000 0.0000 
0.0000 0.0000 1.0000 0.0000 
0.0000 0.0000 0.0000 1.0000 
0.0000 0.0000 1.0000 0.0000 
0.0612 0.3304 0.3724 0.2360 
0.0717 0.2448 0.1224 0.5612 
0.2727 0.1696 0.2413 0.3164 

MOTIF filter14 
letter-probability matrix: alength= 4 w= 13 nsites= 13 
0.1241 0.2161 0.1908 0.4690 
0.0000 0.0000 0.0000 1.0000 
0.0000 0.0000 0.0092 0.9908 
0.0667 0.9333 0.0000 0.0000 
0.0184 0.6207 0.0000 0.3609 
0.3931 0.0000 0.4460 0.1609 
0.0023 0.0000 0.9977 0.0000 
0.0023 0.0000 0.9931 0.0046 
1.0000 0.0000 0.0000 0.0000 
1.0000 0.0000 0.0000 0.0000 
0.6115 0.0598 0.1402 0.1885 
0.2299 0.2782 0.2184 0.2736 
0.2943 0.2000 0.3126 0.1931 

MOTIF filter15 
letter-probability matrix: alength= 4 w= 12 nsites= 12 
0.2563 0.2638 0.2379 0.2420 
0.2624 0.2536 0.2195 0.2645 
0.2563 0.2461 0.2222 0.2754 
1.0000 0.0000 0.0000 0.0000 
0.0000 0.0000 0.0000 1.0000 
0.0000 0.3947 0.0000 0.6053 
1.0000 0.0000 0.0000 0.0000 
1.0000 0.0000 0.0000 0.0000 
0.5453 0.0000 0.0000 0.4547 
0.2774 0.2175 0.2304 0.2747 
0.2474 0.2372 0.2720 0.2434 
0.2359 0.2699 0.2454 0.2488 

MOTIF filter16 
letter-probability matrix: alength= 4 w= 10 nsites= 10 
0.2257 0.3012 0.3022 0.1709 
0.0000 1.0000 0.0000 0.0000 
0.9924 0.0000 0.0076 0.0000 
0.0000 0.9566 0.0000 0.0434 
0.0104 0.0000 0.9896 0.0000 
0.0000 0.0000 0.0000 1.0000 
0.0000 0.0000 1.0000 0.0000 
0.1653 0.2871 0.3173 0.2304 
0.1719 0.2266 0.1662 0.4353 
0.2332 0.2578 0.2635 0.2455 

MOTIF filter17 
letter-probability matrix: alength= 4 w= 16 nsites= 16 
0.3042 0.2460 0.2619 0.1878 
0.2619 0.3069 0.2302 0.2011 
0.0661 0.1878 0.5132 0.2328 
0.0000 0.8201 0.0212 0.1587 
0.0000 0.8360 0.0000 0.1640 
0.0000 1.0000 0.0000 0.0000 
0.0000 1.0000 0.0000 0.0000 
0.0926 0.0000 0.6058 0.3016 
0.0000 1.0000 0.0000 0.0000 
0.0000 1.0000 0.0000 0.0000 
0.0000 0.8016 0.0000 0.1984 
0.0608 0.8545 0.0000 0.0847 
0.0450 0.6402 0.0556 0.2593 
0.2566 0.2434 0.2407 0.2593 
0.2857 0.2328 0.2407 0.2407 
0.2143 0.3042 0.2487 0.2328 

MOTIF filter18 
letter-probability matrix: alength= 4 w= 15 nsites= 15 
0.2625 0.2389 0.2242 0.2743 
0.2625 0.2478 0.2183 0.2714 
0.1593 0.1799 0.0236 0.6372 
0.0000 0.0000 0.0000 1.0000 
0.0000 0.0000 0.0000 1.0000 
0.0000 0.9971 0.0000 0.0029 
0.0000 0.9971 0.0000 0.0029 
0.0472 0.4366 0.0000 0.5162 
0.4130 0.0000 0.5752 0.0118 
0.0000 0.0000 0.9204 0.0796 
0.9853 0.0147 0.0000 0.0000 
1.0000 0.0000 0.0000 0.0000 
0.5398 0.1740 0.2035 0.0826 
0.2360 0.2625 0.2802 0.2212 
0.2743 0.2419 0.2065 0.2773 

MOTIF filter19 
letter-probability matrix: alength= 4 w= 16 nsites= 16 
0.2868 0.2941 0.1912 0.2279 
0.2721 0.2684 0.2206 0.2390 
0.2132 0.2390 0.2721 0.2757 
0.0000 0.9375 0.0441 0.0184 
0.0000 0.1544 0.0000 0.8456 
0.0000 0.2243 0.7574 0.0184 
1.0000 0.0000 0.0000 0.0000 
0.0000 0.0000 0.0000 1.0000 
0.0000 0.0000 0.0000 1.0000 
0.0000 0.0000 1.0000 0.0000 
0.0000 0.0000 1.0000 0.0000 
0.0257 0.4228 0.0000 0.5515 
0.0110 0.4375 0.1140 0.4375 
0.1654 0.4632 0.3199 0.0515 
0.4926 0.1360 0.3199 0.0515 
0.1654 0.1287 0.2721 0.4338 

MOTIF filter20 
letter-probability matrix: alength= 4 w= 17 nsites= 17 
0.2304 0.2253 0.2713 0.2730 
0.2611 0.2747 0.2133 0.2509 
0.2389 0.2474 0.2730 0.2406 
0.0768 0.0427 0.3259 0.5546 
0.0154 0.9659 0.0000 0.0188 
0.0000 0.0017 0.0000 0.9983 
1.0000 0.0000 0.0000 0.0000 
0.2423 0.0000 0.0000 0.7577 
0.4659 0.0000 0.0000 0.5341 
0.6058 0.0000 0.0000 0.3942 
0.7816 0.0000 0.0000 0.2184 
0.0000 0.0000 0.0000 1.0000 
1.0000 0.0000 0.0000 0.0000 
0.0273 0.0000 0.9727 0.0000 
0.4676 0.3754 0.0341 0.1229 
0.2253 0.2509 0.2867 0.2372 
0.2577 0.2526 0.2474 0.2423 

MOTIF filter21 
letter-probability matrix: alength= 4 w= 18 nsites= 18 
0.2787 0.2492 0.2131 0.2590 
0.2459 0.2852 0.2590 0.2098 
0.2361 0.2525 0.2525 0.2590 
0.1213 0.0164 0.7082 0.1541 
0.0656 0.7377 0.1148 0.0820 
0.2918 0.3541 0.2557 0.0984 
0.0393 0.0000 0.8852 0.0754 
0.0000 1.0000 0.0000 0.0000 
0.0000 1.0000 0.0000 0.0000 
1.0000 0.0000 0.0000 0.0000 
0.0000 0.0000 0.0000 1.0000 
0.0066 0.4656 0.1410 0.3869 
0.0000 0.0131 0.0000 0.9869 
0.0000 0.0098 0.0000 0.9902 
0.0656 0.0754 0.7377 0.1213 
0.2787 0.2262 0.2525 0.2426 
0.1902 0.2787 0.2689 0.2623 
0.2295 0.2951 0.2426 0.2328 

MOTIF filter22 
letter-probability matrix: alength= 4 w= 14 nsites= 14 
0.2078 0.2689 0.2427 0.2805 
0.2587 0.2369 0.2369 0.2674 
0.2863 0.2544 0.2195 0.2398 
0.5349 0.0974 0.3648 0.0029 
0.0000 0.0000 0.0000 1.0000 
0.0000 0.0000 0.0087 0.9913 
0.2660 0.0000 0.6628 0.0712 
0.0000 0.9608 0.0000 0.0392 
0.0640 0.0058 0.9302 0.0000 
0.0625 0.6555 0.0000 0.2820 
0.9680 0.0320 0.0000 0.0000 
1.0000 0.0000 0.0000 0.0000 
0.0087 0.3547 0.1512 0.4855 
0.2805 0.2587 0.2718 0.1890 

MOTIF filter23 
letter-probability matrix: alength= 4 w= 14 nsites= 14 
0.2589 0.2312 0.2616 0.2483 
0.1968 0.2127 0.3712 0.2193 
0.4742 0.2232 0.3025 0.0000 
0.0000 0.0000 0.0000 1.0000 
0.0000 0.0000 0.9987 0.0013 
1.0000 0.0000 0.0000 0.0000 
0.0000 0.4571 0.5416 0.0013 
0.0000 0.0000 0.0000 1.0000 
0.0000 1.0000 0.0000 0.0000 
1.0000 0.0000 0.0000 0.0000 
0.0000 0.4188 0.1493 0.4320 
0.2285 0.4174 0.0766 0.2774 
0.2655 0.1929 0.2906 0.2510 
0.2734 0.2312 0.2431 0.2523 

MOTIF filter24 
letter-probability matrix: alength= 4 w= 15 nsites= 15 
0.2349 0.2610 0.2610 0.2430 
0.1867 0.2631 0.2811 0.2691 
0.5181 0.0683 0.4137 0.0000 
0.0000 0.0000 0.0000 1.0000 
0.0000 0.0000 0.0100 0.9900 
0.2369 0.0000 0.7610 0.0020 
0.0040 0.9277 0.0040 0.0643 
0.0080 0.0000 0.9920 0.0000 
0.0683 0.7129 0.0000 0.2189 
0.9799 0.0201 0.0000 0.0000 
1.0000 0.0000 0.0000 0.0000 
0.0120 0.3052 0.0924 0.5904 
0.2972 0.2008 0.2871 0.2149 
0.2129 0.1988 0.2912 0.2972 
0.2289 0.2450 0.2791 0.2470 

MOTIF filter25 
letter-probability matrix: alength= 4 w= 15 nsites= 15 
0.2353 0.2217 0.2421 0.3009 
0.2421 0.2330 0.2828 0.2421 
0.2195 0.2670 0.2466 0.2670 
0.5068 0.1335 0.3507 0.0090 
0.0000 0.0000 0.0000 1.0000 
0.0000 0.0000 0.0113 0.9887 
0.3326 0.0000 0.6109 0.0566 
0.0000 0.9977 0.0000 0.0023 
0.0430 0.0000 0.9570 0.0000 
0.0136 0.8778 0.0000 0.1086 
1.0000 0.0000 0.0000 0.0000 
1.0000 0.0000 0.0000 0.0000 
0.0000 0.3801 0.0430 0.5769 
0.2624 0.3190 0.2262 0.1923 
0.2489 0.2127 0.2579 0.2805 

MOTIF filter26 
letter-probability matrix: alength= 4 w= 19 nsites= 19 
0.2965 0.2211 0.2111 0.2714 
0.3518 0.2513 0.2312 0.1658 
0.2362 0.2915 0.1709 0.3015 
0.2663 0.5930 0.0402 0.1005 
0.2312 0.1508 0.0704 0.5477 
0.2965 0.1055 0.3317 0.2663 
0.8040 0.0101 0.0503 0.1357 
0.1307 0.3116 0.5528 0.0050 
0.0000 0.0000 0.0000 1.0000 
0.0050 0.9950 0.0000 0.0000 
1.0000 0.0000 0.0000 0.0000 
0.0000 0.0000 0.9950 0.0050 
0.0000 1.0000 0.0000 0.0000 
1.0000 0.0000 0.0000 0.0000 
0.4673 0.1357 0.1256 0.2714 
0.4171 0.0151 0.0000 0.5678 
0.3668 0.0452 0.0000 0.5879 
0.3015 0.1055 0.0151 0.5779 
0.3116 0.2312 0.2915 0.1658 

MOTIF filter27 
letter-probability matrix: alength= 4 w= 20 nsites= 20 
0.2918 0.2397 0.2260 0.2425 
0.1438 0.0767 0.0425 0.7370 
0.0219 0.0849 0.6877 0.2055 
0.4151 0.4110 0.0521 0.1219 
0.0000 0.9986 0.0014 0.0000 
0.0000 0.9945 0.0000 0.0055 
0.8562 0.0000 0.0027 0.1411 
0.0151 0.0000 0.0000 0.9849 
1.0000 0.0000 0.0000 0.0000 
0.0000 0.0000 0.0000 1.0000 
0.9986 0.0000 0.0000 0.0014 
0.1411 0.0014 0.0000 0.8575 
0.0000 0.0014 0.9986 0.0000 
0.0000 0.0000 1.0000 0.0000 
0.0986 0.0616 0.4151 0.4247 
0.2041 0.6986 0.0712 0.0260 
0.7795 0.0137 0.0452 0.1616 
0.2356 0.2877 0.2247 0.2521 
0.2151 0.2712 0.2616 0.2521 
0.2479 0.2260 0.2808 0.2452 

MOTIF filter28 
letter-probability matrix: alength= 4 w= 16 nsites= 16 
0.4762 0.2051 0.1392 0.1795 
0.0513 0.3956 0.0916 0.4615 
0.0806 0.3114 0.3626 0.2454 
0.3993 0.1136 0.4872 0.0000 
0.5678 0.0037 0.4066 0.0220 
0.0000 1.0000 0.0000 0.0000 
0.0000 1.0000 0.0000 0.0000 
1.0000 0.0000 0.0000 0.0000 
1.0000 0.0000 0.0000 0.0000 
0.0000 0.0000 0.0000 1.0000 
0.0110 0.7875 0.2015 0.0000 
0.8388 0.0037 0.1575 0.0000 
0.0330 0.0623 0.9048 0.0000 
0.2527 0.1868 0.2601 0.3004 
0.2674 0.1685 0.2674 0.2967 
0.2344 0.2821 0.2344 0.2491 

MOTIF filter29 
letter-probability matrix: alength= 4 w= 13 nsites= 13 
0.2453 0.2399 0.2534 0.2615 
0.0081 0.8059 0.0836 0.1024 
0.0000 0.2075 0.0000 0.7925 
0.0000 0.2291 0.7493 0.0216 
1.0000 0.0000 0.0000 0.0000 
0.0000 0.0000 0.0000 1.0000 
0.0000 0.0000 0.0000 1.0000 
0.0000 0.0000 1.0000 0.0000 
0.0000 0.0000 1.0000 0.0000 
0.0485 0.3854 0.0108 0.5553 
0.0108 0.4313 0.1348 0.4232 
0.2049 0.4205 0.3073 0.0674 
0.4663 0.1402 0.3288 0.0647 

MOTIF filter30 
letter-probability matrix: alength= 4 w= 16 nsites= 16 
0.4844 0.2076 0.1315 0.1765 
0.0554 0.3495 0.1211 0.4740 
0.0277 0.3426 0.4083 0.2215 
0.4810 0.0796 0.4394 0.0000 
0.6055 0.0035 0.3460 0.0450 
0.0000 1.0000 0.0000 0.0000 
0.0000 1.0000 0.0000 0.0000 
1.0000 0.0000 0.0000 0.0000 
1.0000 0.0000 0.0000 0.0000 
0.0000 0.0000 0.0000 1.0000 
0.0035 0.7993 0.1972 0.0000 
0.8893 0.0000 0.1107 0.0000 
0.0692 0.0450 0.8789 0.0069 
0.1730 0.3356 0.2561 0.2353 
0.2664 0.2284 0.2941 0.2111 
0.2630 0.2837 0.1938 0.2595 

MOTIF filter31 
letter-probability matrix: alength= 4 w= 20 nsites= 20 
0.2500 0.2500 0.2500 0.2500 
0.2500 0.2500 0.2500 0.2500 
0.2500 0.2500 0.2500 0.2500 
0.2500 0.2500 0.2500 0.2500 
0.2500 0.2500 0.2500 0.2500 
0.2500 0.2500 0.2500 0.2500 
0.2500 0.2500 0.2500 0.2500 
0.2500 0.2500 0.2500 0.2500 
0.2500 0.2500 0.2500 0.2500 
0.2500 0.2500 0.2500 0.2500 
0.2500 0.2500 0.2500 0.2500 
0.2500 0.2500 0.2500 0.2500 
0.2500 0.2500 0.2500 0.2500 
0.2500 0.2500 0.2500 0.2500 
0.2500 0.2500 0.2500 0.2500 
0.2500 0.2500 0.2500 0.2500 
0.2500 0.2500 0.2500 0.2500 
0.2500 0.2500 0.2500 0.2500 
0.2500 0.2500 0.2500 0.2500 
0.2500 0.2500 0.2500 0.2500 

