MEME version 4

ALPHABET= ACGT

Background letter frequencies:
A 0.2500 C 0.2500 G 0.2500 T 0.2500 

MOTIF filter0 
letter-probability matrix: alength= 4 w= 14 nsites= 14 
0.2317 0.2258 0.3050 0.2375 
0.2463 0.0440 0.6481 0.0616 
0.1232 0.0000 0.8182 0.0587 
0.1584 0.0000 0.8416 0.0000 
0.0000 0.0000 1.0000 0.0000 
0.0000 0.0000 1.0000 0.0000 
0.2962 0.5777 0.0000 0.1261 
0.0000 0.0000 1.0000 0.0000 
0.0000 0.0000 1.0000 0.0000 
0.1525 0.0000 0.8475 0.0000 
0.1935 0.0176 0.7889 0.0000 
0.1730 0.5836 0.1730 0.0704 
0.2757 0.1965 0.2903 0.2375 
0.2405 0.2933 0.2082 0.2581 

MOTIF filter1 
letter-probability matrix: alength= 4 w= 13 nsites= 13 
0.2428 0.2702 0.2403 0.2466 
0.2528 0.2441 0.2665 0.2366 
0.2553 0.1333 0.3923 0.2192 
0.4707 0.0872 0.4421 0.0000 
0.0000 0.0000 0.0000 1.0000 
0.0000 0.0000 1.0000 0.0000 
1.0000 0.0000 0.0000 0.0000 
0.0025 0.5044 0.4932 0.0000 
0.0000 0.0000 0.0000 1.0000 
0.0000 1.0000 0.0000 0.0000 
1.0000 0.0000 0.0000 0.0000 
0.0000 0.3163 0.2428 0.4408 
0.2217 0.3587 0.2105 0.2092 

MOTIF filter2 
letter-probability matrix: alength= 4 w= 15 nsites= 15 
0.1917 0.2857 0.2180 0.3045 
0.1541 0.1729 0.4060 0.2669 
0.0150 0.5188 0.1917 0.2744 
0.0489 0.6692 0.1617 0.1203 
0.7820 0.0226 0.1955 0.0000 
0.0000 1.0000 0.0000 0.0000 
0.0000 0.0000 0.0000 1.0000 
0.0000 0.0000 0.0000 1.0000 
0.0000 1.0000 0.0000 0.0000 
0.0000 1.0000 0.0000 0.0000 
0.0000 0.0000 0.9962 0.0038 
0.0000 0.1353 0.8609 0.0038 
0.2744 0.1842 0.2782 0.2632 
0.2782 0.2218 0.2406 0.2594 
0.2632 0.2256 0.2256 0.2857 

MOTIF filter3 
letter-probability matrix: alength= 4 w= 14 nsites= 14 
0.2595 0.2519 0.2214 0.2672 
0.1425 0.1679 0.0458 0.6438 
0.0000 0.0000 0.0000 1.0000 
0.0000 0.0000 0.0000 1.0000 
0.0000 1.0000 0.0000 0.0000 
0.0000 0.9822 0.0000 0.0178 
0.1450 0.3130 0.1221 0.4198 
0.2672 0.0000 0.7328 0.0000 
0.0000 0.0000 1.0000 0.0000 
1.0000 0.0000 0.0000 0.0000 
1.0000 0.0000 0.0000 0.0000 
0.5623 0.1298 0.1858 0.1221 
0.2417 0.2417 0.2926 0.2239 
0.2875 0.2214 0.2316 0.2595 

MOTIF filter4 
letter-probability matrix: alength= 4 w= 19 nsites= 19 
0.2590 0.2711 0.2169 0.2530 
0.5602 0.0000 0.1205 0.3193 
0.7108 0.0060 0.0361 0.2470 
0.5120 0.0000 0.0241 0.4639 
0.3012 0.1747 0.0783 0.4458 
0.0060 0.0000 0.0000 0.9940 
0.0000 0.0000 1.0000 0.0000 
0.0241 0.9759 0.0000 0.0000 
0.0000 0.0000 0.0000 1.0000 
0.0000 0.0000 0.9880 0.0120 
1.0000 0.0000 0.0000 0.0000 
0.0060 0.5301 0.3373 0.1265 
0.1687 0.0000 0.0301 0.8012 
0.1867 0.4157 0.0783 0.3193 
0.5241 0.0181 0.1988 0.2590 
0.1205 0.0060 0.7470 0.1265 
0.1867 0.2711 0.3193 0.2229 
0.2771 0.1988 0.2470 0.2771 
0.2048 0.3012 0.2530 0.2410 

MOTIF filter5 
letter-probability matrix: alength= 4 w= 9 nsites= 9 
0.2695 0.1731 0.2695 0.2880 
0.4716 0.1744 0.2708 0.0832 
0.1915 0.3554 0.3355 0.1176 
0.0013 0.9987 0.0000 0.0000 
1.0000 0.0000 0.0000 0.0000 
0.0000 1.0000 0.0000 0.0000 
0.0211 0.0000 0.9789 0.0000 
0.0000 0.0026 0.0000 0.9974 
0.0000 0.0000 1.0000 0.0000 

MOTIF filter6 
letter-probability matrix: alength= 4 w= 15 nsites= 15 
0.2405 0.2673 0.2532 0.2390 
0.2362 0.2588 0.2489 0.2560 
0.5403 0.1018 0.3550 0.0028 
0.0000 0.0000 0.0000 1.0000 
0.0000 0.0000 0.0226 0.9774 
0.2885 0.0000 0.6492 0.0622 
0.0014 0.9463 0.0000 0.0523 
0.0651 0.0000 0.9349 0.0000 
0.0651 0.7016 0.0000 0.2334 
0.9844 0.0156 0.0000 0.0000 
1.0000 0.0000 0.0000 0.0000 
0.0028 0.3395 0.1216 0.5361 
0.2786 0.2475 0.2744 0.1994 
0.2277 0.2122 0.2772 0.2829 
0.2574 0.2320 0.2687 0.2419 

MOTIF filter7 
letter-probability matrix: alength= 4 w= 15 nsites= 15 
0.2463 0.2433 0.2226 0.2878 
0.2641 0.2107 0.2730 0.2522 
0.2315 0.2611 0.2463 0.2611 
0.0030 0.8783 0.1187 0.0000 
0.0267 0.9733 0.0000 0.0000 
0.0000 0.0000 1.0000 0.0000 
0.0000 0.0000 1.0000 0.0000 
1.0000 0.0000 0.0000 0.0000 
1.0000 0.0000 0.0000 0.0000 
0.0356 0.0059 0.9585 0.0000 
0.0237 0.2967 0.0089 0.6706 
0.1751 0.0831 0.7003 0.0415 
0.2522 0.2493 0.4748 0.0237 
0.2226 0.3591 0.2493 0.1691 
0.2166 0.2938 0.2522 0.2374 

MOTIF filter8 
letter-probability matrix: alength= 4 w= 16 nsites= 16 
0.2675 0.2613 0.2078 0.2634 
0.2675 0.2346 0.2510 0.2469 
0.0864 0.1852 0.1749 0.5535 
0.0000 0.0000 0.0000 1.0000 
0.0000 0.0000 0.0123 0.9877 
0.0432 0.9568 0.0000 0.0000 
0.0165 0.6708 0.0000 0.3128 
0.3580 0.0638 0.3827 0.1955 
0.0082 0.0000 0.9918 0.0000 
0.0000 0.0000 0.9959 0.0041 
1.0000 0.0000 0.0000 0.0000 
1.0000 0.0000 0.0000 0.0000 
0.6399 0.0514 0.1379 0.1708 
0.2263 0.2963 0.2366 0.2407 
0.2984 0.2016 0.2942 0.2058 
0.2593 0.2798 0.2160 0.2449 

MOTIF filter9 
letter-probability matrix: alength= 4 w= 20 nsites= 20 
0.2095 0.2859 0.2754 0.2292 
0.2885 0.2424 0.2240 0.2451 
0.1357 0.0698 0.0303 0.7642 
0.0211 0.0764 0.6970 0.2055 
0.4084 0.4084 0.0698 0.1133 
0.0000 1.0000 0.0000 0.0000 
0.0000 0.9974 0.0000 0.0026 
0.8485 0.0000 0.0026 0.1489 
0.0171 0.0000 0.0000 0.9829 
1.0000 0.0000 0.0000 0.0000 
0.0000 0.0000 0.0000 1.0000 
0.9934 0.0000 0.0000 0.0066 
0.1436 0.0026 0.0000 0.8538 
0.0013 0.0040 0.9947 0.0000 
0.0000 0.0000 0.9987 0.0013 
0.0856 0.0659 0.4032 0.4453 
0.2148 0.6680 0.0883 0.0290 
0.7536 0.0237 0.0514 0.1713 
0.2306 0.2806 0.2411 0.2477 
0.2213 0.2754 0.2622 0.2411 

MOTIF filter10 
letter-probability matrix: alength= 4 w= 20 nsites= 20 
0.2500 0.2500 0.2500 0.2500 
0.2500 0.2500 0.2500 0.2500 
0.0000 0.2500 0.2500 0.5000 
0.0000 0.0000 0.5000 0.5000 
0.2500 0.2500 0.5000 0.0000 
0.5000 0.5000 0.0000 0.0000 
0.0000 0.0000 1.0000 0.0000 
0.5000 0.2500 0.2500 0.0000 
0.0000 0.5000 0.0000 0.5000 
0.0000 0.7500 0.2500 0.0000 
0.0000 0.0000 0.7500 0.2500 
0.0000 1.0000 0.0000 0.0000 
0.7500 0.2500 0.0000 0.0000 
1.0000 0.0000 0.0000 0.0000 
0.0000 0.0000 0.7500 0.2500 
1.0000 0.0000 0.0000 0.0000 
0.0000 0.0000 0.0000 1.0000 
0.0000 0.0000 1.0000 0.0000 
0.0000 0.0000 1.0000 0.0000 
0.0000 0.7500 0.0000 0.2500 

MOTIF filter11 
letter-probability matrix: alength= 4 w= 12 nsites= 12 
0.2587 0.2581 0.2400 0.2432 
0.2646 0.2613 0.2322 0.2419 
0.2490 0.2264 0.2432 0.2814 
0.6391 0.0000 0.0000 0.3609 
0.0000 0.0000 0.0000 1.0000 
0.0000 0.0220 0.0000 0.9780 
0.9567 0.0000 0.0433 0.0000 
1.0000 0.0000 0.0000 0.0000 
0.3713 0.0000 0.0000 0.6287 
0.2626 0.2212 0.2568 0.2594 
0.2477 0.2471 0.2671 0.2380 
0.2536 0.2529 0.2316 0.2620 

MOTIF filter12 
letter-probability matrix: alength= 4 w= 13 nsites= 13 
0.4469 0.2262 0.1553 0.1717 
0.0654 0.3706 0.1144 0.4496 
0.0708 0.3324 0.3624 0.2343 
0.4360 0.1144 0.4496 0.0000 
0.5777 0.0054 0.3706 0.0463 
0.0000 1.0000 0.0000 0.0000 
0.0000 1.0000 0.0000 0.0000 
1.0000 0.0000 0.0000 0.0000 
1.0000 0.0000 0.0000 0.0000 
0.0000 0.0000 0.0000 1.0000 
0.0218 0.7657 0.2125 0.0000 
0.8420 0.0000 0.1580 0.0000 
0.0545 0.0654 0.8747 0.0054 

MOTIF filter13 
letter-probability matrix: alength= 4 w= 18 nsites= 18 
0.0334 0.0906 0.6555 0.2205 
0.4112 0.3909 0.0703 0.1275 
0.0000 1.0000 0.0000 0.0000 
0.0000 0.9928 0.0012 0.0060 
0.8343 0.0012 0.0048 0.1597 
0.0143 0.0000 0.0000 0.9857 
1.0000 0.0000 0.0000 0.0000 
0.0000 0.0000 0.0012 0.9988 
0.9893 0.0000 0.0000 0.0107 
0.1502 0.0012 0.0000 0.8486 
0.0012 0.0024 0.9964 0.0000 
0.0000 0.0012 0.9988 0.0000 
0.1061 0.0703 0.3957 0.4279 
0.2205 0.6591 0.0930 0.0274 
0.7294 0.0298 0.0656 0.1752 
0.2372 0.2765 0.2431 0.2431 
0.2253 0.2622 0.2574 0.2551 
0.2443 0.2360 0.2694 0.2503 

MOTIF filter14 
letter-probability matrix: alength= 4 w= 14 nsites= 14 
0.1662 0.1907 0.3678 0.2752 
0.0218 0.4714 0.2534 0.2534 
0.1063 0.6403 0.0981 0.1553 
0.6649 0.0000 0.2943 0.0409 
0.0000 0.9183 0.0136 0.0681 
0.0000 0.0000 0.0000 1.0000 
0.0000 0.0000 0.0000 1.0000 
0.0000 1.0000 0.0000 0.0000 
0.0000 1.0000 0.0000 0.0000 
0.0000 0.0000 0.9782 0.0218 
0.0000 0.1362 0.8638 0.0000 
0.2834 0.1907 0.2398 0.2861 
0.2725 0.2262 0.2507 0.2507 
0.2534 0.2044 0.2507 0.2916 

MOTIF filter15 
letter-probability matrix: alength= 4 w= 9 nsites= 9 
0.2520 0.3091 0.2815 0.1575 
0.5531 0.1299 0.2185 0.0984 
0.2244 0.3799 0.3602 0.0354 
0.0000 1.0000 0.0000 0.0000 
1.0000 0.0000 0.0000 0.0000 
0.0000 1.0000 0.0000 0.0000 
0.0000 0.0000 1.0000 0.0000 
0.0000 0.0000 0.0000 1.0000 
0.0000 0.0000 1.0000 0.0000 

MOTIF filter16 
letter-probability matrix: alength= 4 w= 18 nsites= 18 
0.2804 0.2461 0.2212 0.2523 
0.2430 0.2897 0.2555 0.2118 
0.2243 0.2492 0.2523 0.2741 
0.1184 0.0156 0.7040 0.1620 
0.0779 0.7290 0.1121 0.0810 
0.2897 0.3520 0.2523 0.1059 
0.0405 0.0000 0.8754 0.0841 
0.0000 1.0000 0.0000 0.0000 
0.0000 1.0000 0.0000 0.0000 
1.0000 0.0000 0.0000 0.0000 
0.0000 0.0000 0.0000 1.0000 
0.0062 0.4642 0.1433 0.3863 
0.0000 0.0187 0.0000 0.9813 
0.0000 0.0093 0.0000 0.9907 
0.0717 0.0810 0.7227 0.1246 
0.2679 0.2243 0.2586 0.2492 
0.2025 0.2710 0.2617 0.2648 
0.2305 0.3022 0.2399 0.2274 

MOTIF filter17 
letter-probability matrix: alength= 4 w= 18 nsites= 18 
0.2236 0.2508 0.2508 0.2749 
0.2236 0.3021 0.2659 0.2085 
0.2689 0.2659 0.1994 0.2659 
0.1511 0.6888 0.1118 0.0483 
0.9970 0.0000 0.0030 0.0000 
0.9849 0.0000 0.0151 0.0000 
0.4230 0.0785 0.4773 0.0211 
1.0000 0.0000 0.0000 0.0000 
0.0000 0.0000 0.0000 1.0000 
0.0000 0.0000 1.0000 0.0000 
0.0000 0.0000 1.0000 0.0000 
0.0514 0.8701 0.0000 0.0785 
0.1148 0.1843 0.4350 0.2659 
0.0755 0.0695 0.7915 0.0634 
0.1208 0.7855 0.0121 0.0816 
0.2719 0.2236 0.2115 0.2931 
0.2356 0.2417 0.3021 0.2205 
0.2628 0.2326 0.2810 0.2236 

MOTIF filter18 
letter-probability matrix: alength= 4 w= 15 nsites= 15 
0.3095 0.3036 0.1905 0.1964 
0.2619 0.2679 0.2232 0.2470 
0.2321 0.2381 0.2708 0.2589 
0.0000 0.8780 0.0714 0.0506 
0.0000 0.1548 0.0000 0.8452 
0.0000 0.2232 0.7679 0.0089 
1.0000 0.0000 0.0000 0.0000 
0.0000 0.0000 0.0000 1.0000 
0.0000 0.0000 0.0000 1.0000 
0.0000 0.0000 1.0000 0.0000 
0.0000 0.0000 1.0000 0.0000 
0.0536 0.3958 0.0060 0.5446 
0.0030 0.4137 0.1488 0.4345 
0.1935 0.4196 0.3065 0.0804 
0.4702 0.1577 0.3006 0.0714 

MOTIF filter19 
letter-probability matrix: alength= 4 w= 14 nsites= 14 
0.1058 0.0721 0.3528 0.4693 
0.0000 1.0000 0.0000 0.0000 
0.0000 0.0000 0.0000 1.0000 
1.0000 0.0000 0.0000 0.0000 
0.2485 0.0000 0.0015 0.7500 
0.4402 0.0000 0.0000 0.5598 
0.5506 0.0000 0.0000 0.4494 
0.7040 0.0000 0.0000 0.2960 
0.0000 0.0000 0.0000 1.0000 
1.0000 0.0000 0.0000 0.0000 
0.0230 0.0000 0.9739 0.0031 
0.4785 0.3742 0.0429 0.1043 
0.2822 0.2316 0.2623 0.2239 
0.2699 0.2638 0.2301 0.2362 

MOTIF filter20 
letter-probability matrix: alength= 4 w= 17 nsites= 17 
0.2156 0.1972 0.1147 0.4725 
0.2477 0.1789 0.3349 0.2385 
0.7431 0.0229 0.0826 0.1514 
0.1606 0.3165 0.5092 0.0138 
0.0000 0.0000 0.0000 1.0000 
0.0046 0.9954 0.0000 0.0000 
1.0000 0.0000 0.0000 0.0000 
0.0000 0.0000 1.0000 0.0000 
0.0000 1.0000 0.0000 0.0000 
1.0000 0.0000 0.0000 0.0000 
0.5275 0.1147 0.0688 0.2890 
0.4174 0.0275 0.0046 0.5505 
0.3761 0.0138 0.0000 0.6101 
0.2706 0.0872 0.0046 0.6376 
0.3028 0.1835 0.2661 0.2477 
0.2431 0.3119 0.1881 0.2569 
0.2294 0.3165 0.2339 0.2202 

MOTIF filter21 
letter-probability matrix: alength= 4 w= 16 nsites= 16 
0.3073 0.2422 0.2604 0.1901 
0.2708 0.3021 0.2318 0.1953 
0.0651 0.1927 0.5104 0.2318 
0.0000 0.8229 0.0182 0.1589 
0.0000 0.8281 0.0000 0.1719 
0.0000 1.0000 0.0000 0.0000 
0.0000 1.0000 0.0000 0.0000 
0.0938 0.0000 0.6042 0.3021 
0.0000 1.0000 0.0000 0.0000 
0.0000 1.0000 0.0000 0.0000 
0.0000 0.7995 0.0000 0.2005 
0.0651 0.8464 0.0000 0.0885 
0.0443 0.6432 0.0521 0.2604 
0.2604 0.2500 0.2370 0.2526 
0.2865 0.2370 0.2318 0.2448 
0.2161 0.2969 0.2448 0.2422 

MOTIF filter22 
letter-probability matrix: alength= 4 w= 16 nsites= 16 
0.0607 0.2536 0.5786 0.1071 
1.0000 0.0000 0.0000 0.0000 
0.0000 0.0000 0.0000 1.0000 
0.0000 0.0000 0.0000 1.0000 
0.0000 0.0000 1.0000 0.0000 
0.0000 0.0000 1.0000 0.0000 
0.0071 0.4643 0.0000 0.5286 
0.0000 0.5107 0.0857 0.4036 
0.1679 0.4500 0.3357 0.0464 
0.5464 0.1214 0.3000 0.0321 
0.1429 0.0857 0.2679 0.5036 
0.1071 0.0786 0.3286 0.4857 
0.0000 0.3143 0.1821 0.5036 
0.2036 0.2536 0.2714 0.2714 
0.2929 0.2786 0.1357 0.2929 
0.2179 0.2536 0.2643 0.2643 

MOTIF filter23 
letter-probability matrix: alength= 4 w= 19 nsites= 19 
0.2857 0.2381 0.2129 0.2633 
0.2717 0.2689 0.2185 0.2409 
0.4706 0.0532 0.1401 0.3361 
0.6162 0.0280 0.0672 0.2885 
0.4006 0.0028 0.0392 0.5574 
0.2857 0.1429 0.1681 0.4034 
0.0252 0.0000 0.0000 0.9748 
0.0000 0.0000 1.0000 0.0000 
0.0336 0.9664 0.0000 0.0000 
0.0000 0.0000 0.0000 1.0000 
0.0000 0.0000 0.9748 0.0252 
0.9972 0.0000 0.0028 0.0000 
0.0280 0.4846 0.3305 0.1569 
0.1933 0.1429 0.0560 0.6078 
0.1933 0.3529 0.1148 0.3389 
0.5378 0.0420 0.2017 0.2185 
0.1289 0.0196 0.5630 0.2885 
0.3025 0.2689 0.2409 0.1877 
0.2941 0.1933 0.2717 0.2409 

MOTIF filter24 
letter-probability matrix: alength= 4 w= 13 nsites= 13 
0.0510 0.8163 0.0191 0.1135 
0.0000 0.0000 0.0000 1.0000 
1.0000 0.0000 0.0000 0.0000 
0.2449 0.0000 0.0000 0.7551 
0.4490 0.0000 0.0000 0.5510 
0.5574 0.0000 0.0000 0.4426 
0.7181 0.0000 0.0000 0.2819 
0.0000 0.0000 0.0000 1.0000 
1.0000 0.0000 0.0000 0.0000 
0.0485 0.0000 0.9452 0.0064 
0.5000 0.3648 0.0281 0.1071 
0.2883 0.2232 0.2602 0.2283 
0.2602 0.2679 0.2296 0.2423 

MOTIF filter25 
letter-probability matrix: alength= 4 w= 14 nsites= 14 
0.2570 0.2400 0.2509 0.2521 
0.1985 0.1961 0.3934 0.2119 
0.4543 0.2241 0.3216 0.0000 
0.0000 0.0000 0.0000 1.0000 
0.0000 0.0000 0.9988 0.0012 
1.0000 0.0000 0.0000 0.0000 
0.0000 0.4750 0.5238 0.0012 
0.0000 0.0000 0.0000 1.0000 
0.0000 1.0000 0.0000 0.0000 
1.0000 0.0000 0.0000 0.0000 
0.0012 0.3886 0.1717 0.4385 
0.2266 0.3983 0.1060 0.2692 
0.2546 0.2107 0.2875 0.2473 
0.2728 0.2375 0.2497 0.2400 

MOTIF filter26 
letter-probability matrix: alength= 4 w= 15 nsites= 15 
0.2660 0.2513 0.2072 0.2754 
0.2447 0.2634 0.2366 0.2553 
0.1310 0.2032 0.1190 0.5468 
0.0013 0.0000 0.0000 0.9987 
0.0000 0.0000 0.0000 1.0000 
0.0508 0.9492 0.0000 0.0000 
0.0000 0.8489 0.0000 0.1511 
0.2460 0.2326 0.2447 0.2767 
0.2005 0.0000 0.7928 0.0067 
0.0000 0.0000 0.9372 0.0628 
0.9987 0.0013 0.0000 0.0000 
1.0000 0.0000 0.0000 0.0000 
0.5508 0.1176 0.2139 0.1176 
0.2380 0.2821 0.2406 0.2393 
0.2246 0.2580 0.2781 0.2393 

MOTIF filter27 
letter-probability matrix: alength= 4 w= 14 nsites= 14 
0.2018 0.2839 0.2643 0.2500 
0.4750 0.1625 0.2429 0.1196 
0.2304 0.3196 0.3268 0.1232 
0.0000 1.0000 0.0000 0.0000 
1.0000 0.0000 0.0000 0.0000 
0.0000 0.9946 0.0000 0.0054 
0.0018 0.0000 0.9982 0.0000 
0.0000 0.0000 0.0000 1.0000 
0.0000 0.0000 1.0000 0.0000 
0.0411 0.3321 0.4000 0.2268 
0.0643 0.2161 0.0982 0.6214 
0.2446 0.2286 0.2554 0.2714 
0.2321 0.2875 0.2696 0.2107 
0.2554 0.2268 0.2411 0.2768 

MOTIF filter28 
letter-probability matrix: alength= 4 w= 20 nsites= 20 
0.2463 0.2279 0.3033 0.2224 
0.3015 0.0827 0.6066 0.0092 
0.2941 0.5735 0.0607 0.0717 
0.3272 0.1452 0.2665 0.2610 
0.5202 0.2206 0.0257 0.2335 
0.2794 0.1801 0.0588 0.4816 
0.1452 0.4007 0.3548 0.0993 
0.0000 0.3971 0.4522 0.1507 
0.3548 0.0754 0.0846 0.4853 
0.3070 0.2812 0.0165 0.3952 
0.0092 0.4283 0.1324 0.4301 
0.4926 0.0000 0.0901 0.4173 
0.0000 0.5147 0.1489 0.3364 
0.2904 0.0882 0.4577 0.1636 
0.3529 0.0515 0.5938 0.0018 
0.8658 0.0129 0.0460 0.0754 
0.0018 0.1158 0.0993 0.7831 
0.5643 0.2831 0.1305 0.0221 
0.2610 0.1710 0.0607 0.5074 
0.0901 0.3511 0.4062 0.1526 

MOTIF filter29 
letter-probability matrix: alength= 4 w= 20 nsites= 20 
0.2897 0.2310 0.2103 0.2690 
0.3034 0.2379 0.2552 0.2034 
0.2448 0.3034 0.1897 0.2621 
0.2862 0.6138 0.0103 0.0897 
0.2517 0.1655 0.0310 0.5517 
0.3069 0.1241 0.3310 0.2379 
0.6310 0.0414 0.0966 0.2310 
0.1517 0.3103 0.5138 0.0241 
0.0000 0.0000 0.0000 1.0000 
0.0172 0.9828 0.0000 0.0000 
1.0000 0.0000 0.0000 0.0000 
0.0000 0.0000 0.9690 0.0310 
0.0000 1.0000 0.0000 0.0000 
0.9931 0.0000 0.0000 0.0069 
0.4207 0.1828 0.1517 0.2448 
0.4138 0.0448 0.0069 0.5345 
0.4000 0.0655 0.0138 0.5207 
0.3483 0.0931 0.0172 0.5414 
0.2517 0.2310 0.2655 0.2517 
0.2966 0.2483 0.2379 0.2172 

MOTIF filter30 
letter-probability matrix: alength= 4 w= 15 nsites= 15 
0.1651 0.2752 0.2385 0.3211 
0.1284 0.4450 0.3257 0.1009 
0.2156 0.1055 0.5275 0.1514 
0.0780 0.8899 0.0321 0.0000 
0.0046 0.8532 0.1239 0.0183 
0.0046 0.0000 0.9404 0.0550 
0.2339 0.0000 0.7661 0.0000 
0.8532 0.1147 0.0000 0.0321 
0.9725 0.0000 0.0092 0.0183 
0.1330 0.0642 0.6560 0.1468 
0.0505 0.2477 0.1193 0.5826 
0.0413 0.0780 0.7431 0.1376 
0.3257 0.4633 0.0000 0.2110 
0.0000 0.4541 0.3349 0.2110 
0.3028 0.1697 0.2936 0.2339 

MOTIF filter31 
letter-probability matrix: alength= 4 w= 17 nsites= 17 
0.2523 0.3165 0.1927 0.2385 
0.2706 0.2064 0.2844 0.2385 
0.2615 0.2706 0.2385 0.2294 
0.5642 0.0000 0.0550 0.3807 
0.7064 0.0046 0.0000 0.2890 
0.4541 0.0000 0.0046 0.5413 
0.3028 0.1330 0.1468 0.4174 
0.0000 0.0000 0.0000 1.0000 
0.0000 0.0000 1.0000 0.0000 
0.0000 1.0000 0.0000 0.0000 
0.0000 0.0000 0.0000 1.0000 
0.0000 0.0000 1.0000 0.0000 
1.0000 0.0000 0.0000 0.0000 
0.0367 0.5917 0.2339 0.1376 
0.1422 0.1606 0.0183 0.6789 
0.1560 0.4358 0.1284 0.2798 
0.5642 0.0505 0.1239 0.2615 

