MEME version 4

ALPHABET= ACGT

Background letter frequencies:
A 0.2500 C 0.2500 G 0.2500 T 0.2500 

MOTIF filter0 
letter-probability matrix: alength= 4 w= 14 nsites= 14 
0.1222 0.0722 0.3417 0.4639 
0.0000 0.9736 0.0000 0.0264 
0.0000 0.0000 0.0000 1.0000 
1.0000 0.0000 0.0000 0.0000 
0.2625 0.0000 0.0014 0.7361 
0.4569 0.0000 0.0000 0.5431 
0.5653 0.0000 0.0000 0.4347 
0.7194 0.0000 0.0000 0.2806 
0.0000 0.0000 0.0000 1.0000 
1.0000 0.0000 0.0000 0.0000 
0.0694 0.0000 0.9264 0.0042 
0.4917 0.3542 0.0389 0.1153 
0.3014 0.2236 0.2514 0.2236 
0.2639 0.2583 0.2375 0.2403 

MOTIF filter1 
letter-probability matrix: alength= 4 w= 20 nsites= 20 
0.2850 0.2392 0.2305 0.2454 
0.1487 0.0706 0.0322 0.7485 
0.0273 0.0756 0.6853 0.2119 
0.4164 0.3990 0.0706 0.1140 
0.0000 1.0000 0.0000 0.0000 
0.0000 0.9950 0.0000 0.0050 
0.8414 0.0000 0.0025 0.1561 
0.0186 0.0000 0.0000 0.9814 
0.9988 0.0012 0.0000 0.0000 
0.0000 0.0000 0.0000 1.0000 
0.9901 0.0000 0.0000 0.0099 
0.1512 0.0025 0.0000 0.8463 
0.0025 0.0050 0.9926 0.0000 
0.0000 0.0000 0.9975 0.0025 
0.0979 0.0694 0.3916 0.4411 
0.2119 0.6691 0.0892 0.0297 
0.7361 0.0260 0.0657 0.1722 
0.2392 0.2800 0.2392 0.2416 
0.2218 0.2577 0.2701 0.2503 
0.2416 0.2330 0.2751 0.2503 

MOTIF filter2 
letter-probability matrix: alength= 4 w= 17 nsites= 17 
0.3022 0.5234 0.0498 0.1246 
0.2461 0.1931 0.0717 0.4891 
0.2804 0.1558 0.3146 0.2492 
0.6885 0.0748 0.0000 0.2368 
0.1682 0.3115 0.4798 0.0405 
0.0000 0.0000 0.0000 1.0000 
0.0187 0.9813 0.0000 0.0000 
1.0000 0.0000 0.0000 0.0000 
0.0000 0.0000 0.9720 0.0280 
0.0000 1.0000 0.0000 0.0000 
0.9938 0.0000 0.0000 0.0062 
0.4361 0.1713 0.1433 0.2492 
0.4579 0.0374 0.0093 0.4953 
0.4112 0.0623 0.0187 0.5078 
0.3271 0.1277 0.0187 0.5265 
0.2461 0.2118 0.2430 0.2991 
0.3146 0.2523 0.2118 0.2212 

MOTIF filter3 
letter-probability matrix: alength= 4 w= 14 nsites= 14 
0.2258 0.2405 0.2610 0.2727 
0.2229 0.2991 0.2815 0.1965 
0.2815 0.2493 0.1848 0.2845 
0.1672 0.6716 0.1173 0.0440 
0.9971 0.0000 0.0029 0.0000 
0.9912 0.0000 0.0088 0.0000 
0.4399 0.0850 0.4721 0.0029 
1.0000 0.0000 0.0000 0.0000 
0.0000 0.0000 0.0000 1.0000 
0.0000 0.0000 1.0000 0.0000 
0.0000 0.0000 1.0000 0.0000 
0.0264 0.9296 0.0000 0.0440 
0.1290 0.2053 0.3959 0.2698 
0.0968 0.0821 0.7507 0.0704 

MOTIF filter4 
letter-probability matrix: alength= 4 w= 13 nsites= 13 
0.1467 0.2065 0.3587 0.2880 
0.0217 0.4755 0.2391 0.2636 
0.0788 0.6277 0.1332 0.1603 
0.7011 0.0163 0.2582 0.0245 
0.0000 0.9565 0.0027 0.0408 
0.0000 0.0000 0.0000 1.0000 
0.0000 0.0000 0.0000 1.0000 
0.0000 1.0000 0.0000 0.0000 
0.0000 1.0000 0.0000 0.0000 
0.0000 0.0000 0.9810 0.0190 
0.0000 0.1495 0.8451 0.0054 
0.2636 0.1984 0.2473 0.2908 
0.2636 0.2201 0.2554 0.2609 

MOTIF filter5 
letter-probability matrix: alength= 4 w= 15 nsites= 15 
0.1446 0.0663 0.5873 0.2018 
0.0813 0.7289 0.1145 0.0753 
0.2831 0.3524 0.2470 0.1175 
0.0301 0.0000 0.8916 0.0783 
0.0000 1.0000 0.0000 0.0000 
0.0000 1.0000 0.0000 0.0000 
1.0000 0.0000 0.0000 0.0000 
0.0000 0.0000 0.0000 1.0000 
0.0090 0.4578 0.1627 0.3705 
0.0000 0.0120 0.0000 0.9880 
0.0000 0.0060 0.0000 0.9940 
0.0753 0.0813 0.7349 0.1084 
0.2771 0.2319 0.2530 0.2380 
0.2078 0.2952 0.2380 0.2590 
0.2410 0.2831 0.2440 0.2319 

MOTIF filter6 
letter-probability matrix: alength= 4 w= 16 nsites= 16 
0.2821 0.5598 0.0299 0.1282 
0.2137 0.1667 0.0513 0.5684 
0.2607 0.1325 0.3632 0.2436 
0.6624 0.0171 0.1667 0.1538 
0.1239 0.3077 0.5556 0.0128 
0.0000 0.0000 0.0000 1.0000 
0.0000 1.0000 0.0000 0.0000 
1.0000 0.0000 0.0000 0.0000 
0.0000 0.0000 0.9957 0.0043 
0.0000 1.0000 0.0000 0.0000 
1.0000 0.0000 0.0000 0.0000 
0.4573 0.1581 0.1239 0.2607 
0.3889 0.0299 0.0000 0.5812 
0.3590 0.0556 0.0000 0.5855 
0.3120 0.0897 0.0128 0.5855 
0.3077 0.2564 0.2692 0.1667 

MOTIF filter7 
letter-probability matrix: alength= 4 w= 15 nsites= 15 
0.2412 0.2743 0.2566 0.2279 
0.2412 0.2544 0.2699 0.2345 
0.0996 0.3075 0.3606 0.2323 
0.5730 0.2301 0.1969 0.0000 
0.0000 0.0000 0.0000 1.0000 
0.0000 0.0000 0.9934 0.0066 
1.0000 0.0000 0.0000 0.0000 
0.0000 0.3805 0.6173 0.0022 
0.0000 0.0000 0.0000 1.0000 
0.0000 1.0000 0.0000 0.0000 
1.0000 0.0000 0.0000 0.0000 
0.0000 0.5664 0.0221 0.4115 
0.2080 0.4646 0.0111 0.3164 
0.2102 0.2124 0.3119 0.2655 
0.2588 0.2588 0.2544 0.2279 

MOTIF filter8 
letter-probability matrix: alength= 4 w= 15 nsites= 15 
0.2640 0.2453 0.2166 0.2740 
0.2539 0.2582 0.2281 0.2597 
0.1277 0.1894 0.1234 0.5595 
0.0000 0.0000 0.0000 1.0000 
0.0000 0.0000 0.0000 1.0000 
0.0244 0.9756 0.0000 0.0000 
0.0014 0.8149 0.0000 0.1836 
0.2539 0.2209 0.2482 0.2769 
0.1765 0.0000 0.8235 0.0000 
0.0000 0.0000 0.9885 0.0115 
1.0000 0.0000 0.0000 0.0000 
1.0000 0.0000 0.0000 0.0000 
0.5681 0.1033 0.1894 0.1392 
0.2281 0.2712 0.2554 0.2453 
0.2597 0.2453 0.2568 0.2382 

MOTIF filter9 
letter-probability matrix: alength= 4 w= 15 nsites= 15 
0.2443 0.2443 0.2472 0.2642 
0.2273 0.2358 0.2614 0.2756 
0.2159 0.2386 0.2955 0.2500 
0.2528 0.0369 0.6506 0.0597 
0.1193 0.0000 0.8125 0.0682 
0.1676 0.0000 0.8324 0.0000 
0.0000 0.0000 1.0000 0.0000 
0.0000 0.0000 1.0000 0.0000 
0.2955 0.5739 0.0000 0.1307 
0.0000 0.0000 1.0000 0.0000 
0.0000 0.0000 1.0000 0.0000 
0.1591 0.0000 0.8409 0.0000 
0.2017 0.0142 0.7841 0.0000 
0.1619 0.5824 0.1761 0.0795 
0.2727 0.1960 0.2898 0.2415 

MOTIF filter10 
letter-probability matrix: alength= 4 w= 17 nsites= 17 
0.2357 0.2391 0.2559 0.2694 
0.2054 0.3165 0.2727 0.2054 
0.2626 0.2323 0.2391 0.2660 
0.1279 0.7273 0.1044 0.0404 
1.0000 0.0000 0.0000 0.0000 
0.9865 0.0000 0.0135 0.0000 
0.4411 0.0640 0.4613 0.0337 
1.0000 0.0000 0.0000 0.0000 
0.0000 0.0000 0.0000 1.0000 
0.0000 0.0000 1.0000 0.0000 
0.0000 0.0000 1.0000 0.0000 
0.0572 0.8384 0.0000 0.1044 
0.1077 0.1886 0.4512 0.2525 
0.0741 0.0774 0.7980 0.0505 
0.0842 0.8620 0.0034 0.0505 
0.2862 0.2121 0.2054 0.2963 
0.2424 0.2424 0.2997 0.2155 

MOTIF filter11 
letter-probability matrix: alength= 4 w= 12 nsites= 12 
0.0441 0.2316 0.0478 0.6765 
0.0000 0.1801 0.8199 0.0000 
1.0000 0.0000 0.0000 0.0000 
0.0000 0.0000 0.0000 1.0000 
0.0000 0.0000 0.0000 1.0000 
0.0000 0.0000 1.0000 0.0000 
0.0000 0.0000 1.0000 0.0000 
0.0184 0.4118 0.0000 0.5699 
0.0000 0.5184 0.0735 0.4081 
0.1544 0.4816 0.3529 0.0110 
0.5037 0.1176 0.3419 0.0368 
0.1397 0.1176 0.2684 0.4743 

MOTIF filter12 
letter-probability matrix: alength= 4 w= 9 nsites= 9 
0.2466 0.2627 0.2370 0.2537 
0.2511 0.2627 0.2350 0.2511 
0.2151 0.2440 0.2531 0.2878 
0.7231 0.0000 0.0000 0.2769 
0.0000 0.0000 0.0000 1.0000 
0.0000 0.0599 0.0000 0.9401 
0.8931 0.0000 0.1069 0.0000 
1.0000 0.0000 0.0000 0.0000 
0.2801 0.0000 0.0000 0.7199 

MOTIF filter13 
letter-probability matrix: alength= 4 w= 17 nsites= 17 
0.2555 0.2368 0.2523 0.2555 
0.2399 0.2960 0.2150 0.2492 
0.5421 0.0218 0.1308 0.3053 
0.6417 0.0187 0.0436 0.2960 
0.4798 0.0000 0.0343 0.4860 
0.3146 0.1620 0.1215 0.4019 
0.0125 0.0000 0.0000 0.9875 
0.0000 0.0000 1.0000 0.0000 
0.0374 0.9626 0.0000 0.0000 
0.0000 0.0000 0.0000 1.0000 
0.0000 0.0000 0.9938 0.0062 
1.0000 0.0000 0.0000 0.0000 
0.0093 0.5171 0.3240 0.1495 
0.1869 0.1028 0.0405 0.6698 
0.1713 0.3801 0.1153 0.3333 
0.5234 0.0498 0.1994 0.2274 
0.1526 0.0467 0.5265 0.2741 

MOTIF filter14 
letter-probability matrix: alength= 4 w= 13 nsites= 13 
0.0737 0.6686 0.1161 0.1416 
0.0000 0.0963 0.0000 0.9037 
0.0028 0.2351 0.7422 0.0198 
1.0000 0.0000 0.0000 0.0000 
0.0000 0.0000 0.0000 1.0000 
0.0000 0.0000 0.0000 1.0000 
0.0000 0.0000 1.0000 0.0000 
0.0000 0.0000 1.0000 0.0000 
0.0595 0.3626 0.0000 0.5779 
0.0028 0.4051 0.1331 0.4589 
0.2068 0.3994 0.3258 0.0680 
0.5042 0.1671 0.2408 0.0878 
0.1586 0.1473 0.2436 0.4504 

MOTIF filter15 
letter-probability matrix: alength= 4 w= 13 nsites= 13 
0.3871 0.1828 0.3892 0.0409 
0.5290 0.0065 0.4043 0.0602 
0.0000 1.0000 0.0000 0.0000 
0.0000 1.0000 0.0000 0.0000 
1.0000 0.0000 0.0000 0.0000 
1.0000 0.0000 0.0000 0.0000 
0.0000 0.0000 0.0000 1.0000 
0.0237 0.7247 0.2452 0.0065 
0.8194 0.0086 0.1720 0.0000 
0.0731 0.0989 0.8237 0.0043 
0.2280 0.2774 0.2323 0.2624 
0.2667 0.2086 0.2473 0.2774 
0.2387 0.2645 0.2323 0.2645 

MOTIF filter16 
letter-probability matrix: alength= 4 w= 20 nsites= 20 
0.2549 0.2383 0.2579 0.2489 
0.0121 0.4796 0.0000 0.5083 
0.1780 0.0799 0.3122 0.4299 
0.2006 0.3183 0.1659 0.3152 
0.0814 0.8401 0.0784 0.0000 
0.5083 0.1327 0.2127 0.1463 
0.0000 0.0754 0.8462 0.0784 
0.2896 0.5852 0.0724 0.0528 
0.4118 0.0196 0.5219 0.0468 
0.0000 0.1101 0.7360 0.1538 
0.3575 0.0950 0.2504 0.2971 
0.4615 0.1312 0.0664 0.3409 
0.0513 0.6124 0.1991 0.1373 
0.3198 0.3605 0.1735 0.1463 
0.3213 0.1719 0.1885 0.3183 
0.2609 0.2127 0.3002 0.2262 
0.5309 0.2474 0.1599 0.0618 
0.4615 0.3409 0.0362 0.1614 
0.0332 0.3590 0.5792 0.0287 
0.0332 0.7270 0.1192 0.1207 

MOTIF filter17 
letter-probability matrix: alength= 4 w= 15 nsites= 15 
0.2567 0.2299 0.2239 0.2896 
0.2448 0.2179 0.2776 0.2597 
0.2179 0.2657 0.2627 0.2537 
0.0000 0.8836 0.1164 0.0000 
0.0299 0.9701 0.0000 0.0000 
0.0000 0.0000 1.0000 0.0000 
0.0000 0.0000 1.0000 0.0000 
1.0000 0.0000 0.0000 0.0000 
1.0000 0.0000 0.0000 0.0000 
0.0418 0.0030 0.9552 0.0000 
0.0269 0.2985 0.0060 0.6687 
0.1612 0.0985 0.6925 0.0478 
0.2746 0.2507 0.4567 0.0179 
0.2209 0.3552 0.2627 0.1612 
0.2030 0.2955 0.2597 0.2418 

MOTIF filter18 
letter-probability matrix: alength= 4 w= 14 nsites= 14 
0.2534 0.2740 0.2277 0.2449 
0.2825 0.2586 0.2757 0.1832 
0.2757 0.0753 0.4315 0.2175 
0.4058 0.0017 0.5925 0.0000 
0.0000 0.0000 0.0000 1.0000 
0.0000 0.0000 1.0000 0.0000 
1.0000 0.0000 0.0000 0.0000 
0.0000 0.5205 0.4795 0.0000 
0.0000 0.0000 0.0000 1.0000 
0.0000 1.0000 0.0000 0.0000 
1.0000 0.0000 0.0000 0.0000 
0.0000 0.2774 0.2466 0.4760 
0.2397 0.3442 0.2534 0.1627 
0.1952 0.2380 0.3065 0.2603 

MOTIF filter19 
letter-probability matrix: alength= 4 w= 16 nsites= 16 
0.2571 0.2267 0.2368 0.2794 
0.2267 0.2490 0.2530 0.2713 
0.2206 0.2733 0.2045 0.3016 
0.5466 0.1032 0.3462 0.0040 
0.0000 0.0000 0.0000 1.0000 
0.0000 0.0000 0.0202 0.9798 
0.2895 0.0000 0.6660 0.0445 
0.0000 0.9879 0.0000 0.0121 
0.0263 0.0000 0.9737 0.0000 
0.0263 0.8036 0.0000 0.1700 
1.0000 0.0000 0.0000 0.0000 
1.0000 0.0000 0.0000 0.0000 
0.0000 0.3785 0.0607 0.5607 
0.2733 0.2692 0.2551 0.2024 
0.2368 0.2287 0.2510 0.2834 
0.2490 0.2510 0.2834 0.2166 

MOTIF filter20 
letter-probability matrix: alength= 4 w= 9 nsites= 9 
0.2361 0.2495 0.2659 0.2485 
0.3912 0.2125 0.2628 0.1335 
0.2290 0.3080 0.3172 0.1458 
0.0000 1.0000 0.0000 0.0000 
1.0000 0.0000 0.0000 0.0000 
0.0000 1.0000 0.0000 0.0000 
0.0000 0.0000 1.0000 0.0000 
0.0000 0.0000 0.0000 1.0000 
0.0000 0.0000 1.0000 0.0000 

MOTIF filter21 
letter-probability matrix: alength= 4 w= 15 nsites= 15 
0.1239 0.3323 0.1360 0.4079 
0.0302 0.3535 0.3867 0.2296 
0.4502 0.0846 0.4653 0.0000 
0.6163 0.0000 0.3414 0.0423 
0.0000 1.0000 0.0000 0.0000 
0.0000 1.0000 0.0000 0.0000 
1.0000 0.0000 0.0000 0.0000 
1.0000 0.0000 0.0000 0.0000 
0.0000 0.0000 0.0000 1.0000 
0.0091 0.8127 0.1782 0.0000 
0.8550 0.0000 0.1450 0.0000 
0.0574 0.0634 0.8701 0.0091 
0.1903 0.2840 0.2568 0.2689 
0.2628 0.2024 0.2810 0.2538 
0.2508 0.2870 0.1903 0.2719 

MOTIF filter22 
letter-probability matrix: alength= 4 w= 19 nsites= 19 
0.2383 0.2944 0.2150 0.2523 
0.2710 0.2290 0.2664 0.2336 
0.2804 0.2710 0.2336 0.2150 
0.5140 0.0000 0.0841 0.4019 
0.7477 0.0000 0.0093 0.2430 
0.4299 0.0000 0.0047 0.5654 
0.2897 0.1308 0.1355 0.4439 
0.0000 0.0000 0.0000 1.0000 
0.0000 0.0000 1.0000 0.0000 
0.0140 0.9860 0.0000 0.0000 
0.0000 0.0000 0.0000 1.0000 
0.0000 0.0000 1.0000 0.0000 
1.0000 0.0000 0.0000 0.0000 
0.0327 0.5421 0.2664 0.1589 
0.1822 0.0981 0.0327 0.6869 
0.1682 0.4439 0.0794 0.3084 
0.5841 0.0327 0.1262 0.2570 
0.1215 0.0280 0.6121 0.2383 
0.2570 0.2804 0.2430 0.2196 

MOTIF filter23 
letter-probability matrix: alength= 4 w= 14 nsites= 14 
0.1036 0.2073 0.4275 0.2617 
0.0000 0.7927 0.0181 0.1891 
0.0000 0.8187 0.0000 0.1813 
0.0000 1.0000 0.0000 0.0000 
0.0000 1.0000 0.0000 0.0000 
0.1088 0.0000 0.6321 0.2591 
0.0000 1.0000 0.0000 0.0000 
0.0000 1.0000 0.0000 0.0000 
0.0000 0.7953 0.0000 0.2047 
0.0570 0.8342 0.0000 0.1088 
0.0000 0.6554 0.0622 0.2824 
0.2565 0.2332 0.2617 0.2487 
0.2850 0.2409 0.2409 0.2332 
0.2280 0.3057 0.2461 0.2202 

MOTIF filter24 
letter-probability matrix: alength= 4 w= 14 nsites= 14 
0.0000 0.3794 0.3688 0.2518 
0.2660 0.2908 0.2482 0.1950 
0.0355 0.3582 0.3759 0.2305 
0.0000 0.8546 0.0177 0.1277 
0.0000 0.9362 0.0000 0.0638 
0.0000 1.0000 0.0000 0.0000 
0.0000 0.8865 0.0745 0.0390 
0.0709 0.2589 0.4716 0.1986 
0.0000 0.9823 0.0177 0.0000 
0.0000 0.9965 0.0000 0.0035 
0.0000 0.8333 0.0000 0.1667 
0.1028 0.8582 0.0000 0.0390 
0.1773 0.5461 0.0532 0.2234 
0.2447 0.3121 0.2057 0.2376 

MOTIF filter25 
letter-probability matrix: alength= 4 w= 11 nsites= 11 
0.3835 0.2236 0.3490 0.0439 
0.0000 0.0000 0.0000 1.0000 
0.0000 0.0000 1.0000 0.0000 
1.0000 0.0000 0.0000 0.0000 
0.0031 0.5152 0.4817 0.0000 
0.0000 0.0000 0.0000 1.0000 
0.0000 1.0000 0.0000 0.0000 
1.0000 0.0000 0.0000 0.0000 
0.0000 0.3239 0.2602 0.4159 
0.2153 0.3751 0.1944 0.2153 
0.2696 0.1996 0.2706 0.2602 

MOTIF filter26 
letter-probability matrix: alength= 4 w= 10 nsites= 10 
0.2333 0.2038 0.2474 0.3154 
0.2295 0.1321 0.4154 0.2231 
0.4026 0.2013 0.3962 0.0000 
0.0000 0.0000 0.0000 1.0000 
0.0000 0.0000 0.9987 0.0013 
1.0000 0.0000 0.0000 0.0000 
0.0013 0.4615 0.5372 0.0000 
0.0000 0.0000 0.0000 1.0000 
0.0000 1.0000 0.0000 0.0000 
1.0000 0.0000 0.0000 0.0000 

MOTIF filter27 
letter-probability matrix: alength= 4 w= 12 nsites= 12 
0.2258 0.2677 0.2706 0.2359 
0.4703 0.1693 0.2287 0.1317 
0.2344 0.3126 0.3271 0.1259 
0.0000 1.0000 0.0000 0.0000 
1.0000 0.0000 0.0000 0.0000 
0.0000 0.9986 0.0000 0.0014 
0.0000 0.0000 1.0000 0.0000 
0.0000 0.0000 0.0000 1.0000 
0.0000 0.0000 1.0000 0.0000 
0.0637 0.3184 0.3893 0.2287 
0.0825 0.2533 0.1042 0.5601 
0.2417 0.2272 0.2446 0.2865 

MOTIF filter28 
letter-probability matrix: alength= 4 w= 17 nsites= 17 
0.2560 0.2496 0.2576 0.2369 
0.2639 0.2576 0.2432 0.2353 
0.2353 0.2766 0.2512 0.2369 
0.0477 0.0127 0.3784 0.5612 
0.0095 0.9332 0.0000 0.0572 
0.0000 0.0000 0.0000 1.0000 
1.0000 0.0000 0.0000 0.0000 
0.2067 0.0000 0.0000 0.7933 
0.4420 0.0000 0.0000 0.5580 
0.5358 0.0000 0.0000 0.4642 
0.6995 0.0000 0.0000 0.3005 
0.0000 0.0000 0.0000 1.0000 
1.0000 0.0000 0.0000 0.0000 
0.0334 0.0000 0.9587 0.0079 
0.4404 0.4086 0.0445 0.1065 
0.2576 0.2258 0.2878 0.2289 
0.2703 0.2417 0.2258 0.2623 

MOTIF filter29 
letter-probability matrix: alength= 4 w= 13 nsites= 13 
0.2211 0.2572 0.2558 0.2659 
0.2601 0.2428 0.2587 0.2384 
0.2413 0.2601 0.2688 0.2298 
0.5058 0.1156 0.3786 0.0000 
0.0000 0.0000 0.0000 1.0000 
0.0000 0.0000 0.0101 0.9899 
0.2630 0.0000 0.6792 0.0578 
0.0029 0.9523 0.0000 0.0448 
0.0549 0.0000 0.9422 0.0029 
0.0578 0.6850 0.0000 0.2572 
0.9624 0.0376 0.0000 0.0000 
1.0000 0.0000 0.0000 0.0000 
0.0101 0.3367 0.1301 0.5231 

MOTIF filter30 
letter-probability matrix: alength= 4 w= 13 nsites= 13 
0.2689 0.2302 0.2340 0.2669 
0.2998 0.2263 0.1915 0.2824 
0.2708 0.2437 0.2708 0.2147 
0.9749 0.0193 0.0058 0.0000 
0.0000 0.0000 0.0000 1.0000 
0.0000 0.2824 0.0000 0.7176 
0.5029 0.0000 0.0000 0.4971 
0.7737 0.0000 0.2263 0.0000 
1.0000 0.0000 0.0000 0.0000 
0.0000 0.0058 0.0077 0.9865 
0.2573 0.2534 0.2340 0.2553 
0.3133 0.2321 0.2340 0.2205 
0.2050 0.2418 0.3269 0.2263 

MOTIF filter31 
letter-probability matrix: alength= 4 w= 19 nsites= 19 
0.1629 0.0775 0.0420 0.7175 
0.0197 0.0854 0.6807 0.2142 
0.4179 0.3955 0.0657 0.1209 
0.0000 1.0000 0.0000 0.0000 
0.0000 0.9987 0.0000 0.0013 
0.8331 0.0000 0.0039 0.1629 
0.0079 0.0000 0.0000 0.9921 
1.0000 0.0000 0.0000 0.0000 
0.0000 0.0000 0.0000 1.0000 
0.9974 0.0000 0.0000 0.0026 
0.1340 0.0013 0.0000 0.8647 
0.0000 0.0013 0.9987 0.0000 
0.0000 0.0000 1.0000 0.0000 
0.0986 0.0657 0.4034 0.4323 
0.2286 0.6728 0.0802 0.0184 
0.7556 0.0223 0.0618 0.1603 
0.2234 0.2773 0.2418 0.2576 
0.2273 0.2720 0.2470 0.2536 
0.2497 0.2392 0.2628 0.2484 

