MEME version 4

ALPHABET= ACGT

Background letter frequencies:
A 0.2500 C 0.2500 G 0.2500 T 0.2500 

MOTIF filter0 
letter-probability matrix: alength= 4 w= 12 nsites= 12 
0.2551 0.2591 0.2359 0.2498 
0.2684 0.2631 0.2306 0.2379 
0.2598 0.2313 0.2445 0.2644 
0.6680 0.0000 0.0000 0.3320 
0.0000 0.0000 0.0000 1.0000 
0.0000 0.0351 0.0000 0.9649 
0.9563 0.0000 0.0437 0.0000 
1.0000 0.0000 0.0000 0.0000 
0.3439 0.0000 0.0000 0.6561 
0.2876 0.2319 0.2412 0.2392 
0.2399 0.2492 0.2710 0.2399 
0.2558 0.2512 0.2346 0.2584 

MOTIF filter1 
letter-probability matrix: alength= 4 w= 12 nsites= 12 
0.2387 0.2543 0.2613 0.2457 
0.4233 0.2019 0.2433 0.1315 
0.2269 0.3310 0.3005 0.1416 
0.0063 0.9937 0.0000 0.0000 
0.9937 0.0000 0.0063 0.0000 
0.0000 0.9006 0.0000 0.0994 
0.0665 0.0000 0.9335 0.0000 
0.0094 0.0102 0.0000 0.9804 
0.0000 0.0000 0.9961 0.0039 
0.1541 0.2989 0.3200 0.2269 
0.1659 0.2574 0.1534 0.4233 
0.2473 0.2371 0.2551 0.2606 

MOTIF filter2 
letter-probability matrix: alength= 4 w= 12 nsites= 12 
0.2275 0.2647 0.2637 0.2441 
0.4043 0.1841 0.2668 0.1448 
0.2316 0.3123 0.3206 0.1355 
0.0000 1.0000 0.0000 0.0000 
1.0000 0.0000 0.0000 0.0000 
0.0000 1.0000 0.0000 0.0000 
0.0010 0.0000 0.9990 0.0000 
0.0000 0.0000 0.0000 1.0000 
0.0000 0.0000 1.0000 0.0000 
0.1582 0.2937 0.3092 0.2389 
0.1613 0.2327 0.1706 0.4354 
0.2337 0.2606 0.2523 0.2534 

MOTIF filter3 
letter-probability matrix: alength= 4 w= 12 nsites= 12 
0.1260 0.0315 0.6640 0.1785 
0.0000 1.0000 0.0000 0.0000 
0.0000 1.0000 0.0000 0.0000 
1.0000 0.0000 0.0000 0.0000 
0.0000 0.0000 0.0000 1.0000 
0.0000 0.4777 0.1680 0.3543 
0.0000 0.0000 0.0000 1.0000 
0.0000 0.0000 0.0000 1.0000 
0.0184 0.0341 0.7612 0.1864 
0.2651 0.2126 0.2677 0.2546 
0.1995 0.3097 0.2415 0.2493 
0.2520 0.2730 0.2415 0.2336 

MOTIF filter4 
letter-probability matrix: alength= 4 w= 14 nsites= 14 
0.5731 0.0659 0.0888 0.2722 
0.4527 0.0000 0.0229 0.5244 
0.2779 0.1461 0.1605 0.4155 
0.0000 0.0000 0.0000 1.0000 
0.0000 0.0000 1.0000 0.0000 
0.0287 0.9713 0.0000 0.0000 
0.0000 0.0000 0.0000 1.0000 
0.0000 0.0000 0.9885 0.0115 
1.0000 0.0000 0.0000 0.0000 
0.0201 0.5244 0.3066 0.1490 
0.1948 0.1089 0.0430 0.6533 
0.1891 0.3840 0.1146 0.3123 
0.5158 0.0487 0.1862 0.2493 
0.1662 0.0344 0.5272 0.2722 

MOTIF filter5 
letter-probability matrix: alength= 4 w= 14 nsites= 14 
0.1481 0.3240 0.2768 0.2511 
0.3069 0.2146 0.4034 0.0751 
0.3927 0.1009 0.4077 0.0987 
0.0000 0.9979 0.0021 0.0000 
0.0000 0.6352 0.0000 0.3648 
0.5064 0.0730 0.4163 0.0043 
1.0000 0.0000 0.0000 0.0000 
0.0000 0.0000 0.0000 1.0000 
0.0021 0.3970 0.0429 0.5579 
0.3262 0.0000 0.6738 0.0000 
0.0000 0.0043 0.9957 0.0000 
0.0966 0.3605 0.0815 0.4614 
0.0987 0.3305 0.1910 0.3798 
0.2082 0.3991 0.2747 0.1180 

MOTIF filter6 
letter-probability matrix: alength= 4 w= 16 nsites= 16 
0.2554 0.2630 0.2468 0.2348 
0.2424 0.2662 0.2511 0.2403 
0.1158 0.0703 0.3463 0.4675 
0.0379 0.8658 0.0000 0.0963 
0.0000 0.0108 0.0000 0.9892 
1.0000 0.0000 0.0000 0.0000 
0.2792 0.0000 0.0022 0.7186 
0.4621 0.0011 0.0000 0.5368 
0.5649 0.0000 0.0011 0.4340 
0.7045 0.0000 0.0000 0.2955 
0.0022 0.0011 0.0000 0.9968 
0.9968 0.0000 0.0032 0.0000 
0.1061 0.0011 0.8626 0.0303 
0.4556 0.3550 0.0552 0.1342 
0.2792 0.2305 0.2652 0.2251 
0.2424 0.2868 0.2370 0.2338 

MOTIF filter7 
letter-probability matrix: alength= 4 w= 16 nsites= 16 
0.2490 0.2614 0.2490 0.2407 
0.2282 0.2241 0.2780 0.2697 
0.2033 0.1992 0.3444 0.2531 
0.2697 0.0249 0.6473 0.0581 
0.0913 0.0000 0.8797 0.0290 
0.1494 0.0000 0.8506 0.0000 
0.0000 0.0000 1.0000 0.0000 
0.0000 0.0000 1.0000 0.0000 
0.2988 0.5892 0.0000 0.1120 
0.0000 0.0000 1.0000 0.0000 
0.0000 0.0000 1.0000 0.0000 
0.0913 0.0000 0.9087 0.0000 
0.1411 0.0000 0.8589 0.0000 
0.1245 0.6680 0.1660 0.0415 
0.2780 0.2158 0.2863 0.2199 
0.2282 0.3237 0.2241 0.2241 

MOTIF filter8 
letter-probability matrix: alength= 4 w= 19 nsites= 19 
0.2314 0.2358 0.2314 0.3013 
0.0218 0.1048 0.0611 0.8122 
0.0655 0.0349 0.0611 0.8384 
0.1135 0.0568 0.0000 0.8297 
0.0218 0.2271 0.0917 0.6594 
0.6157 0.1397 0.2096 0.0349 
0.4410 0.0000 0.0000 0.5590 
0.2227 0.1834 0.1397 0.4541 
0.2402 0.0480 0.2533 0.4585 
0.7336 0.0568 0.1441 0.0655 
0.7031 0.1092 0.1223 0.0655 
0.2882 0.0873 0.4410 0.1834 
0.3755 0.2096 0.0786 0.3362 
0.4279 0.2533 0.1266 0.1921 
0.7904 0.1179 0.0087 0.0830 
0.3712 0.0000 0.5983 0.0306 
0.3188 0.2926 0.3624 0.0262 
0.1092 0.2140 0.0873 0.5895 
0.2009 0.4367 0.2183 0.1441 

MOTIF filter9 
letter-probability matrix: alength= 4 w= 13 nsites= 13 
0.2428 0.2312 0.2611 0.2649 
0.2331 0.1628 0.3988 0.2052 
0.3911 0.2187 0.3565 0.0337 
0.0000 0.0000 0.0000 1.0000 
0.0000 0.0000 1.0000 0.0000 
1.0000 0.0000 0.0000 0.0000 
0.0087 0.4981 0.4923 0.0010 
0.0000 0.0000 0.0000 1.0000 
0.0077 0.9923 0.0000 0.0000 
1.0000 0.0000 0.0000 0.0000 
0.0164 0.3295 0.2514 0.4027 
0.2148 0.3642 0.1917 0.2293 
0.2572 0.2206 0.2697 0.2524 

MOTIF filter10 
letter-probability matrix: alength= 4 w= 20 nsites= 20 
0.2292 0.2507 0.2521 0.2679 
0.1905 0.2837 0.2794 0.2464 
0.3009 0.2092 0.2249 0.2650 
0.1375 0.0745 0.0358 0.7521 
0.0172 0.0745 0.7034 0.2049 
0.4169 0.4054 0.0630 0.1146 
0.0000 1.0000 0.0000 0.0000 
0.0000 0.9971 0.0014 0.0014 
0.8453 0.0000 0.0029 0.1519 
0.0029 0.0000 0.0000 0.9971 
1.0000 0.0000 0.0000 0.0000 
0.0000 0.0000 0.0000 1.0000 
0.9943 0.0000 0.0000 0.0057 
0.1347 0.0014 0.0000 0.8639 
0.0000 0.0029 0.9971 0.0000 
0.0000 0.0014 0.9986 0.0000 
0.0860 0.0659 0.3997 0.4484 
0.2192 0.6805 0.0817 0.0186 
0.8009 0.0172 0.0372 0.1447 
0.2020 0.2837 0.2607 0.2536 

MOTIF filter11 
letter-probability matrix: alength= 4 w= 17 nsites= 17 
0.2049 0.2267 0.2645 0.3038 
0.2122 0.2892 0.2776 0.2209 
0.2689 0.2660 0.2413 0.2238 
0.1497 0.0538 0.0116 0.7849 
0.0276 0.0640 0.6933 0.2151 
0.4215 0.3910 0.0741 0.1134 
0.0000 0.9985 0.0015 0.0000 
0.0000 0.9956 0.0000 0.0044 
0.8517 0.0000 0.0000 0.1483 
0.0044 0.0000 0.0000 0.9956 
1.0000 0.0000 0.0000 0.0000 
0.0000 0.0000 0.0000 1.0000 
0.9985 0.0000 0.0000 0.0015 
0.1294 0.0000 0.0000 0.8706 
0.0015 0.0029 0.9956 0.0000 
0.0000 0.0000 0.9985 0.0015 
0.0988 0.0538 0.3939 0.4535 

MOTIF filter12 
letter-probability matrix: alength= 4 w= 16 nsites= 16 
0.2544 0.2387 0.2282 0.2787 
0.2683 0.2352 0.2265 0.2700 
0.2160 0.2178 0.1551 0.4111 
0.0192 0.0923 0.1028 0.7857 
0.0000 0.0000 0.0000 1.0000 
0.0000 0.3502 0.0139 0.6359 
0.0279 0.9721 0.0000 0.0000 
0.0418 0.5714 0.0000 0.3868 
0.4181 0.0000 0.4634 0.1185 
0.0000 0.0000 1.0000 0.0000 
0.3589 0.0070 0.6289 0.0052 
1.0000 0.0000 0.0000 0.0000 
0.9861 0.0087 0.0052 0.0000 
0.4686 0.1045 0.2073 0.2195 
0.2509 0.2787 0.2178 0.2526 
0.2334 0.2491 0.3066 0.2108 

MOTIF filter13 
letter-probability matrix: alength= 4 w= 13 nsites= 13 
0.2497 0.2330 0.2623 0.2550 
0.2299 0.1735 0.3877 0.2090 
0.4107 0.2194 0.3689 0.0010 
0.0000 0.0000 0.0000 1.0000 
0.0000 0.0000 0.9969 0.0031 
1.0000 0.0000 0.0000 0.0000 
0.0000 0.4963 0.5026 0.0010 
0.0000 0.0000 0.0000 1.0000 
0.0000 1.0000 0.0000 0.0000 
1.0000 0.0000 0.0000 0.0000 
0.0031 0.3396 0.2456 0.4117 
0.2153 0.3647 0.1839 0.2362 
0.2623 0.2142 0.2780 0.2456 

MOTIF filter14 
letter-probability matrix: alength= 4 w= 20 nsites= 20 
0.3235 0.1618 0.2794 0.2353 
0.0735 0.1176 0.4118 0.3971 
0.2059 0.0000 0.2647 0.5294 
0.5147 0.1029 0.0735 0.3088 
0.1029 0.4412 0.4559 0.0000 
0.7353 0.0147 0.0294 0.2206 
0.6471 0.2500 0.1029 0.0000 
0.0882 0.6176 0.0294 0.2647 
0.3088 0.5882 0.1029 0.0000 
0.0000 0.3088 0.1912 0.5000 
0.4559 0.0000 0.4706 0.0735 
0.1618 0.4853 0.1912 0.1618 
0.1029 0.0000 0.8971 0.0000 
0.0735 0.2059 0.0147 0.7059 
0.0588 0.2059 0.5441 0.1912 
0.1618 0.0147 0.1029 0.7206 
0.8235 0.1324 0.0294 0.0147 
0.0294 0.4559 0.5147 0.0000 
0.1324 0.0882 0.6618 0.1176 
0.6765 0.0000 0.1912 0.1324 

MOTIF filter15 
letter-probability matrix: alength= 4 w= 13 nsites= 13 
0.3049 0.2351 0.2610 0.1990 
0.2791 0.2997 0.2274 0.1938 
0.0672 0.1860 0.5090 0.2377 
0.0000 0.8165 0.0181 0.1654 
0.0000 0.8372 0.0000 0.1628 
0.0000 1.0000 0.0000 0.0000 
0.0000 1.0000 0.0000 0.0000 
0.1059 0.0000 0.5840 0.3101 
0.0000 1.0000 0.0000 0.0000 
0.0000 1.0000 0.0000 0.0000 
0.0000 0.7959 0.0000 0.2041 
0.0698 0.8269 0.0000 0.1034 
0.0388 0.6460 0.0491 0.2661 

MOTIF filter16 
letter-probability matrix: alength= 4 w= 13 nsites= 13 
0.1496 0.2050 0.3601 0.2853 
0.0194 0.4820 0.2327 0.2659 
0.0803 0.6316 0.1357 0.1524 
0.6953 0.0139 0.2604 0.0305 
0.0000 0.9584 0.0000 0.0416 
0.0000 0.0000 0.0000 1.0000 
0.0000 0.0000 0.0000 1.0000 
0.0000 1.0000 0.0000 0.0000 
0.0000 1.0000 0.0000 0.0000 
0.0000 0.0000 0.9861 0.0139 
0.0000 0.1413 0.8532 0.0055 
0.2604 0.1939 0.2521 0.2936 
0.2687 0.2216 0.2521 0.2576 

MOTIF filter17 
letter-probability matrix: alength= 4 w= 15 nsites= 15 
0.1647 0.0402 0.6145 0.1807 
0.0522 0.8273 0.0643 0.0562 
0.2771 0.3855 0.2410 0.0964 
0.0201 0.0000 0.9639 0.0161 
0.0000 1.0000 0.0000 0.0000 
0.0000 1.0000 0.0000 0.0000 
1.0000 0.0000 0.0000 0.0000 
0.0000 0.0000 0.0000 1.0000 
0.0120 0.5020 0.1446 0.3414 
0.0040 0.0241 0.0000 0.9719 
0.0000 0.0120 0.0000 0.9880 
0.0562 0.0964 0.7711 0.0763 
0.2651 0.2249 0.2530 0.2570 
0.2048 0.2811 0.2329 0.2811 
0.2570 0.2731 0.2490 0.2209 

MOTIF filter18 
letter-probability matrix: alength= 4 w= 14 nsites= 14 
0.2668 0.2291 0.2453 0.2588 
0.2183 0.2345 0.2561 0.2911 
0.2318 0.2749 0.2642 0.2291 
0.2426 0.0431 0.6631 0.0512 
0.1267 0.0000 0.7951 0.0782 
0.1590 0.0000 0.8410 0.0000 
0.0000 0.0000 1.0000 0.0000 
0.0000 0.0000 1.0000 0.0000 
0.3073 0.5768 0.0000 0.1159 
0.0000 0.0000 1.0000 0.0000 
0.0000 0.0000 1.0000 0.0000 
0.1833 0.0000 0.8140 0.0027 
0.2318 0.0296 0.7385 0.0000 
0.1887 0.5445 0.1698 0.0970 

MOTIF filter19 
letter-probability matrix: alength= 4 w= 15 nsites= 15 
0.2963 0.2259 0.1519 0.3259 
0.2593 0.2333 0.2519 0.2556 
0.2074 0.3074 0.1778 0.3074 
0.2222 0.7185 0.0111 0.0481 
0.2444 0.1481 0.0556 0.5519 
0.2852 0.1407 0.3370 0.2370 
0.6778 0.0185 0.0889 0.2148 
0.1444 0.3185 0.5148 0.0222 
0.0000 0.0000 0.0000 1.0000 
0.0037 0.9963 0.0000 0.0000 
1.0000 0.0000 0.0000 0.0000 
0.0000 0.0000 0.9963 0.0037 
0.0000 1.0000 0.0000 0.0000 
0.9889 0.0000 0.0000 0.0111 
0.4370 0.1741 0.0926 0.2963 

MOTIF filter20 
letter-probability matrix: alength= 4 w= 14 nsites= 14 
0.2367 0.2426 0.2604 0.2604 
0.2249 0.2929 0.2722 0.2101 
0.2751 0.2633 0.1923 0.2692 
0.1568 0.7189 0.0799 0.0444 
0.9970 0.0000 0.0030 0.0000 
0.9852 0.0000 0.0148 0.0000 
0.4024 0.0799 0.5030 0.0148 
1.0000 0.0000 0.0000 0.0000 
0.0000 0.0000 0.0000 1.0000 
0.0000 0.0000 1.0000 0.0000 
0.0000 0.0000 1.0000 0.0000 
0.0562 0.8905 0.0000 0.0533 
0.1183 0.2071 0.4172 0.2574 
0.0769 0.0858 0.7692 0.0680 

MOTIF filter21 
letter-probability matrix: alength= 4 w= 16 nsites= 16 
0.2579 0.2661 0.2442 0.2318 
0.2263 0.2840 0.2579 0.2318 
0.1015 0.0343 0.3539 0.5103 
0.0055 0.9150 0.0000 0.0796 
0.0000 0.0000 0.0000 1.0000 
1.0000 0.0000 0.0000 0.0000 
0.2209 0.0000 0.0041 0.7750 
0.4266 0.0000 0.0000 0.5734 
0.5185 0.0000 0.0000 0.4815 
0.6845 0.0014 0.0000 0.3141 
0.0000 0.0000 0.0000 1.0000 
1.0000 0.0000 0.0000 0.0000 
0.0329 0.0000 0.9492 0.0178 
0.4691 0.3772 0.0384 0.1152 
0.2881 0.2181 0.2661 0.2277 
0.2551 0.2606 0.2263 0.2579 

MOTIF filter22 
letter-probability matrix: alength= 4 w= 15 nsites= 15 
0.2333 0.1667 0.2667 0.3333 
0.2417 0.2000 0.3667 0.1917 
0.2500 0.2708 0.2792 0.2000 
0.0042 0.8875 0.1083 0.0000 
0.0042 0.9958 0.0000 0.0000 
0.0000 0.0000 1.0000 0.0000 
0.0000 0.0000 1.0000 0.0000 
1.0000 0.0000 0.0000 0.0000 
1.0000 0.0000 0.0000 0.0000 
0.0333 0.0000 0.9667 0.0000 
0.0250 0.2250 0.0000 0.7500 
0.1625 0.0625 0.7417 0.0333 
0.2625 0.2208 0.4917 0.0250 
0.1917 0.4000 0.2708 0.1375 
0.2000 0.2583 0.2583 0.2833 

MOTIF filter23 
letter-probability matrix: alength= 4 w= 16 nsites= 16 
0.4749 0.2183 0.1298 0.1770 
0.0590 0.3481 0.1209 0.4720 
0.0501 0.3274 0.3894 0.2330 
0.4425 0.0973 0.4602 0.0000 
0.5811 0.0029 0.3628 0.0531 
0.0000 1.0000 0.0000 0.0000 
0.0000 1.0000 0.0000 0.0000 
1.0000 0.0000 0.0000 0.0000 
1.0000 0.0000 0.0000 0.0000 
0.0000 0.0000 0.0000 1.0000 
0.0177 0.7758 0.2065 0.0000 
0.8820 0.0000 0.1180 0.0000 
0.0708 0.0708 0.8496 0.0088 
0.2035 0.2979 0.2507 0.2478 
0.2861 0.1976 0.2714 0.2448 
0.2448 0.2743 0.2124 0.2684 

MOTIF filter24 
letter-probability matrix: alength= 4 w= 15 nsites= 15 
0.2578 0.2389 0.2240 0.2794 
0.2605 0.2551 0.2362 0.2483 
0.1404 0.1984 0.1323 0.5290 
0.0000 0.0000 0.0000 1.0000 
0.0000 0.0000 0.0000 1.0000 
0.0297 0.9703 0.0000 0.0000 
0.0000 0.8246 0.0000 0.1754 
0.2429 0.2240 0.2456 0.2874 
0.2065 0.0000 0.7922 0.0013 
0.0000 0.0000 0.9784 0.0216 
1.0000 0.0000 0.0000 0.0000 
1.0000 0.0000 0.0000 0.0000 
0.5425 0.1269 0.1984 0.1323 
0.2362 0.2834 0.2483 0.2321 
0.2551 0.2429 0.2564 0.2456 

MOTIF filter25 
letter-probability matrix: alength= 4 w= 15 nsites= 15 
0.0236 0.4594 0.2238 0.2931 
0.2813 0.2758 0.3783 0.0646 
0.3286 0.3893 0.0867 0.1954 
0.0599 0.3546 0.5808 0.0047 
0.1064 0.3065 0.5343 0.0528 
0.0000 0.4074 0.2734 0.3191 
0.1907 0.2727 0.0788 0.4578 
0.1080 0.7951 0.0118 0.0851 
0.2049 0.4255 0.0126 0.3570 
0.0339 0.5406 0.2687 0.1568 
0.0087 0.8006 0.1702 0.0205 
0.0812 0.4058 0.3601 0.1529 
0.0000 0.9165 0.0229 0.0607 
0.1064 0.5422 0.2419 0.1095 
0.0725 0.2222 0.3656 0.3396 

MOTIF filter26 
letter-probability matrix: alength= 4 w= 14 nsites= 14 
0.2386 0.2676 0.2510 0.2427 
0.2479 0.2676 0.2448 0.2396 
0.5073 0.1276 0.3465 0.0187 
0.0000 0.0000 0.0000 1.0000 
0.0000 0.0000 0.0436 0.9564 
0.2894 0.0000 0.6286 0.0820 
0.0083 0.8952 0.0073 0.0892 
0.0923 0.0041 0.8911 0.0124 
0.0861 0.6649 0.0000 0.2490 
0.9544 0.0456 0.0000 0.0000 
1.0000 0.0000 0.0000 0.0000 
0.0124 0.3485 0.1411 0.4979 
0.2687 0.2510 0.2770 0.2033 
0.2469 0.2189 0.2614 0.2728 

MOTIF filter27 
letter-probability matrix: alength= 4 w= 20 nsites= 20 
0.2331 0.2403 0.2633 0.2633 
0.2115 0.2835 0.2647 0.2403 
0.2820 0.2619 0.1986 0.2576 
0.1367 0.0748 0.0388 0.7496 
0.0230 0.0719 0.6993 0.2058 
0.3986 0.4245 0.0604 0.1165 
0.0000 1.0000 0.0000 0.0000 
0.0000 0.9942 0.0014 0.0043 
0.8388 0.0000 0.0043 0.1568 
0.0187 0.0000 0.0000 0.9813 
1.0000 0.0000 0.0000 0.0000 
0.0000 0.0014 0.0014 0.9971 
0.9942 0.0000 0.0000 0.0058 
0.1309 0.0014 0.0000 0.8676 
0.0014 0.0014 0.9971 0.0000 
0.0000 0.0000 1.0000 0.0000 
0.0921 0.0719 0.4158 0.4201 
0.1914 0.7324 0.0604 0.0158 
0.7914 0.0144 0.0417 0.1525 
0.2374 0.2921 0.2245 0.2460 

MOTIF filter28 
letter-probability matrix: alength= 4 w= 15 nsites= 15 
0.2591 0.2713 0.2146 0.2551 
0.2510 0.2389 0.2308 0.2794 
0.2024 0.2186 0.2713 0.3077 
0.0000 0.9190 0.0810 0.0000 
0.0121 0.9879 0.0000 0.0000 
0.0000 0.0000 1.0000 0.0000 
0.0000 0.0000 1.0000 0.0000 
1.0000 0.0000 0.0000 0.0000 
1.0000 0.0000 0.0000 0.0000 
0.0040 0.0000 0.9960 0.0000 
0.0040 0.3401 0.0040 0.6518 
0.1619 0.0688 0.7409 0.0283 
0.2470 0.2389 0.5101 0.0040 
0.2227 0.3684 0.2348 0.1741 
0.2065 0.3239 0.2632 0.2065 

MOTIF filter29 
letter-probability matrix: alength= 4 w= 18 nsites= 18 
0.2215 0.2345 0.2769 0.2671 
0.2182 0.2964 0.2704 0.2150 
0.2736 0.2476 0.2215 0.2573 
0.1433 0.6743 0.1336 0.0489 
1.0000 0.0000 0.0000 0.0000 
0.9805 0.0033 0.0163 0.0000 
0.4300 0.0879 0.4593 0.0228 
1.0000 0.0000 0.0000 0.0000 
0.0000 0.0000 0.0000 1.0000 
0.0000 0.0000 1.0000 0.0000 
0.0000 0.0000 1.0000 0.0000 
0.0423 0.8697 0.0000 0.0879 
0.1107 0.1889 0.4267 0.2736 
0.0586 0.0619 0.8176 0.0619 
0.0814 0.8567 0.0033 0.0586 
0.2573 0.2182 0.2280 0.2964 
0.2248 0.2378 0.3029 0.2345 
0.2638 0.2378 0.2638 0.2345 

MOTIF filter30 
letter-probability matrix: alength= 4 w= 18 nsites= 18 
0.2932 0.4495 0.1173 0.1401 
0.2313 0.2052 0.0749 0.4886 
0.2736 0.1694 0.3094 0.2476 
0.6352 0.0651 0.1173 0.1824 
0.1564 0.3029 0.5016 0.0391 
0.0000 0.0000 0.0000 1.0000 
0.0163 0.9837 0.0000 0.0000 
1.0000 0.0000 0.0000 0.0000 
0.0000 0.0000 0.9609 0.0391 
0.0000 1.0000 0.0000 0.0000 
1.0000 0.0000 0.0000 0.0000 
0.4430 0.1629 0.1401 0.2541 
0.4235 0.0261 0.0000 0.5505 
0.3941 0.0130 0.0000 0.5928 
0.3290 0.0651 0.0000 0.6059 
0.2834 0.2378 0.2541 0.2248 
0.2573 0.2704 0.2410 0.2313 
0.2117 0.3029 0.2443 0.2410 

MOTIF filter31 
letter-probability matrix: alength= 4 w= 16 nsites= 16 
0.2819 0.3145 0.1929 0.2107 
0.2789 0.2908 0.1988 0.2315 
0.2493 0.2285 0.2404 0.2819 
0.0059 0.8101 0.0861 0.0979 
0.0000 0.1365 0.0000 0.8635 
0.0000 0.2344 0.7418 0.0237 
1.0000 0.0000 0.0000 0.0000 
0.0000 0.0000 0.0000 1.0000 
0.0000 0.0000 0.0000 1.0000 
0.0000 0.0000 1.0000 0.0000 
0.0000 0.0000 1.0000 0.0000 
0.0386 0.3976 0.0059 0.5579 
0.0000 0.4362 0.1335 0.4303 
0.1780 0.4332 0.3145 0.0742 
0.4926 0.1365 0.3116 0.0593 
0.1424 0.1484 0.2641 0.4451 

