MEME version 4

ALPHABET= ACGT

Background letter frequencies:
A 0.2500 C 0.2500 G 0.2500 T 0.2500 

MOTIF filter0 
letter-probability matrix: alength= 4 w= 17 nsites= 17 
0.2266 0.2500 0.2617 0.2617 
0.2266 0.3008 0.3008 0.1719 
0.2305 0.2930 0.2109 0.2656 
0.1680 0.7148 0.0781 0.0391 
0.9961 0.0000 0.0039 0.0000 
0.9961 0.0000 0.0039 0.0000 
0.4219 0.0898 0.4883 0.0000 
1.0000 0.0000 0.0000 0.0000 
0.0000 0.0000 0.0000 1.0000 
0.0000 0.0000 1.0000 0.0000 
0.0000 0.0000 1.0000 0.0000 
0.0508 0.9180 0.0000 0.0312 
0.0859 0.2070 0.4648 0.2422 
0.0586 0.0508 0.8164 0.0742 
0.0977 0.8359 0.0117 0.0547 
0.2578 0.1953 0.2305 0.3164 
0.2070 0.2539 0.3086 0.2305 

MOTIF filter1 
letter-probability matrix: alength= 4 w= 13 nsites= 13 
0.2445 0.2438 0.2521 0.2596 
0.2257 0.1806 0.3770 0.2167 
0.3883 0.2333 0.3476 0.0309 
0.0008 0.0000 0.0000 0.9992 
0.0038 0.0000 0.9217 0.0745 
0.9985 0.0000 0.0008 0.0008 
0.0316 0.4658 0.4680 0.0346 
0.0000 0.0000 0.0000 1.0000 
0.0625 0.9375 0.0000 0.0000 
1.0000 0.0000 0.0000 0.0000 
0.0301 0.3108 0.2716 0.3875 
0.2069 0.3657 0.2024 0.2250 
0.2649 0.2220 0.2694 0.2438 

MOTIF filter2 
letter-probability matrix: alength= 4 w= 13 nsites= 13 
0.2355 0.2558 0.2297 0.2791 
0.2587 0.2151 0.2820 0.2442 
0.2267 0.2529 0.2674 0.2529 
0.0000 0.9186 0.0814 0.0000 
0.0407 0.9593 0.0000 0.0000 
0.0000 0.0000 1.0000 0.0000 
0.0000 0.0000 1.0000 0.0000 
1.0000 0.0000 0.0000 0.0000 
1.0000 0.0000 0.0000 0.0000 
0.0436 0.0174 0.9390 0.0000 
0.0262 0.2965 0.0203 0.6570 
0.1395 0.0959 0.7122 0.0523 
0.2558 0.2587 0.4564 0.0291 

MOTIF filter3 
letter-probability matrix: alength= 4 w= 16 nsites= 16 
0.2857 0.2771 0.2208 0.2165 
0.1299 0.0000 0.7273 0.1429 
0.0866 0.7749 0.1039 0.0346 
0.3074 0.3680 0.2165 0.1082 
0.0303 0.0000 0.9134 0.0563 
0.0000 1.0000 0.0000 0.0000 
0.0000 1.0000 0.0000 0.0000 
1.0000 0.0000 0.0000 0.0000 
0.0000 0.0000 0.0000 1.0000 
0.0043 0.5238 0.1255 0.3463 
0.0000 0.0000 0.0000 1.0000 
0.0000 0.0043 0.0000 0.9957 
0.0563 0.0606 0.8095 0.0736 
0.2684 0.2208 0.2641 0.2468 
0.1948 0.2987 0.2597 0.2468 
0.2641 0.2381 0.2381 0.2597 

MOTIF filter4 
letter-probability matrix: alength= 4 w= 12 nsites= 12 
0.0635 0.7460 0.1706 0.0198 
0.0000 1.0000 0.0000 0.0000 
0.0000 0.0000 1.0000 0.0000 
0.0000 0.0000 1.0000 0.0000 
1.0000 0.0000 0.0000 0.0000 
1.0000 0.0000 0.0000 0.0000 
0.0040 0.0000 0.9960 0.0000 
0.0000 0.2897 0.0000 0.7103 
0.2183 0.0238 0.7262 0.0317 
0.2421 0.2421 0.5000 0.0159 
0.1944 0.4325 0.2500 0.1230 
0.1984 0.3095 0.2262 0.2659 

MOTIF filter5 
letter-probability matrix: alength= 4 w= 13 nsites= 13 
0.2878 0.1686 0.3023 0.2413 
0.6105 0.0581 0.1134 0.2180 
0.1657 0.3198 0.4855 0.0291 
0.0000 0.0000 0.0000 1.0000 
0.0058 0.9942 0.0000 0.0000 
1.0000 0.0000 0.0000 0.0000 
0.0000 0.0000 0.9826 0.0174 
0.0000 1.0000 0.0000 0.0000 
0.9942 0.0000 0.0000 0.0058 
0.4302 0.1715 0.1308 0.2674 
0.4128 0.0407 0.0029 0.5436 
0.3837 0.0756 0.0000 0.5407 
0.3023 0.1192 0.0203 0.5581 

MOTIF filter6 
letter-probability matrix: alength= 4 w= 15 nsites= 15 
0.2842 0.2421 0.2179 0.2558 
0.2663 0.2547 0.2316 0.2474 
0.1411 0.2084 0.1568 0.4937 
0.0000 0.0011 0.0000 0.9989 
0.0000 0.0000 0.0042 0.9958 
0.0726 0.9274 0.0000 0.0000 
0.0105 0.7663 0.0000 0.2232 
0.2558 0.2263 0.2421 0.2758 
0.2179 0.0000 0.7695 0.0126 
0.0000 0.0000 0.9116 0.0884 
0.9958 0.0042 0.0000 0.0000 
1.0000 0.0000 0.0000 0.0000 
0.5084 0.1253 0.2179 0.1484 
0.2442 0.2726 0.2411 0.2421 
0.2611 0.2368 0.2589 0.2432 

MOTIF filter7 
letter-probability matrix: alength= 4 w= 13 nsites= 13 
0.2472 0.2321 0.2603 0.2603 
0.2331 0.1705 0.3915 0.2048 
0.3996 0.2230 0.3633 0.0141 
0.0000 0.0000 0.0000 1.0000 
0.0000 0.0000 1.0000 0.0000 
1.0000 0.0000 0.0000 0.0000 
0.0000 0.5025 0.4965 0.0010 
0.0000 0.0000 0.0000 1.0000 
0.0000 1.0000 0.0000 0.0000 
1.0000 0.0000 0.0000 0.0000 
0.0091 0.3340 0.2523 0.4046 
0.2180 0.3592 0.1897 0.2331 
0.2573 0.2200 0.2725 0.2503 

MOTIF filter8 
letter-probability matrix: alength= 4 w= 14 nsites= 14 
0.2521 0.2410 0.2659 0.2410 
0.2244 0.2632 0.2576 0.2548 
0.2327 0.2798 0.2438 0.2438 
0.0388 0.0139 0.3850 0.5623 
0.0000 0.8864 0.0000 0.1136 
0.0000 0.0000 0.0000 1.0000 
1.0000 0.0000 0.0000 0.0000 
0.0139 0.0000 0.0000 0.9861 
0.0277 0.0000 0.0000 0.9723 
0.1385 0.0000 0.0000 0.8615 
0.4598 0.0028 0.0000 0.5374 
0.0000 0.0000 0.0000 1.0000 
0.9945 0.0000 0.0055 0.0000 
0.0000 0.0000 0.9695 0.0305 

MOTIF filter9 
letter-probability matrix: alength= 4 w= 12 nsites= 12 
0.1561 0.2063 0.3492 0.2884 
0.0265 0.4603 0.2381 0.2751 
0.0873 0.6243 0.1349 0.1534 
0.6825 0.0132 0.2725 0.0317 
0.0000 0.9577 0.0000 0.0423 
0.0000 0.0000 0.0000 1.0000 
0.0000 0.0000 0.0000 1.0000 
0.0000 1.0000 0.0000 0.0000 
0.0000 1.0000 0.0000 0.0000 
0.0000 0.0000 0.9841 0.0159 
0.0000 0.1429 0.8519 0.0053 
0.2619 0.1958 0.2513 0.2910 

MOTIF filter10 
letter-probability matrix: alength= 4 w= 16 nsites= 16 
0.2318 0.2469 0.2469 0.2743 
0.2373 0.2689 0.2524 0.2414 
0.2250 0.2730 0.2428 0.2593 
0.5295 0.1111 0.3580 0.0014 
0.0000 0.0000 0.0000 1.0000 
0.0000 0.0000 0.0178 0.9822 
0.2785 0.0000 0.6584 0.0631 
0.0000 0.9424 0.0055 0.0521 
0.0604 0.0000 0.9396 0.0000 
0.0809 0.6831 0.0000 0.2359 
0.9753 0.0247 0.0000 0.0000 
1.0000 0.0000 0.0000 0.0000 
0.0027 0.3265 0.1427 0.5281 
0.2771 0.2428 0.2730 0.2071 
0.2332 0.2044 0.2757 0.2867 
0.2551 0.2373 0.2579 0.2497 

MOTIF filter11 
letter-probability matrix: alength= 4 w= 19 nsites= 19 
0.3603 0.0914 0.2480 0.3003 
0.2480 0.5561 0.1619 0.0339 
0.0261 0.3838 0.1332 0.4569 
0.6684 0.0313 0.1123 0.1880 
0.1149 0.2324 0.1227 0.5300 
0.0470 0.2324 0.1854 0.5352 
0.0261 0.0783 0.2350 0.6606 
0.1358 0.2533 0.0470 0.5640 
0.5796 0.0392 0.1984 0.1828 
0.8120 0.0339 0.0940 0.0601 
0.3943 0.2428 0.3081 0.0548 
0.6789 0.2167 0.1018 0.0026 
0.0157 0.1201 0.1671 0.6971 
0.0392 0.0627 0.8956 0.0026 
0.1488 0.0601 0.7180 0.0731 
0.0914 0.8198 0.0366 0.0522 
0.1018 0.3342 0.3551 0.2089 
0.1567 0.0339 0.6319 0.1775 
0.1619 0.6423 0.0496 0.1462 

MOTIF filter12 
letter-probability matrix: alength= 4 w= 14 nsites= 14 
0.2647 0.2558 0.2149 0.2647 
0.2309 0.2629 0.2948 0.2114 
0.0995 0.0320 0.3535 0.5151 
0.0107 0.9609 0.0000 0.0284 
0.0000 0.0000 0.0000 1.0000 
1.0000 0.0000 0.0000 0.0000 
0.3126 0.0000 0.0000 0.6874 
0.5773 0.0000 0.0000 0.4227 
0.6661 0.0000 0.0000 0.3339 
0.8153 0.0000 0.0000 0.1847 
0.0000 0.0000 0.0000 1.0000 
1.0000 0.0000 0.0000 0.0000 
0.0604 0.0000 0.9396 0.0000 
0.5542 0.3641 0.0284 0.0533 

MOTIF filter13 
letter-probability matrix: alength= 4 w= 12 nsites= 12 
0.2269 0.2667 0.2637 0.2428 
0.3930 0.2030 0.2567 0.1473 
0.2299 0.3035 0.3134 0.1532 
0.0000 1.0000 0.0000 0.0000 
1.0000 0.0000 0.0000 0.0000 
0.0000 1.0000 0.0000 0.0000 
0.0040 0.0000 0.9960 0.0000 
0.0000 0.0000 0.0000 1.0000 
0.0000 0.0000 1.0000 0.0000 
0.1652 0.2896 0.3114 0.2338 
0.1692 0.2398 0.1711 0.4199 
0.2348 0.2577 0.2488 0.2587 

MOTIF filter14 
letter-probability matrix: alength= 4 w= 20 nsites= 20 
0.2325 0.2854 0.2495 0.2325 
0.2854 0.2250 0.0454 0.4442 
0.4669 0.0000 0.1512 0.3819 
0.5482 0.0208 0.1456 0.2854 
0.4669 0.0813 0.2892 0.1626 
0.3837 0.0000 0.0038 0.6125 
0.2476 0.1701 0.0038 0.5784 
0.5350 0.0189 0.0000 0.4461 
0.5104 0.2193 0.2306 0.0397 
0.1758 0.2174 0.1588 0.4480 
0.0302 0.1928 0.5784 0.1985 
0.3611 0.4329 0.1607 0.0454 
0.1985 0.0113 0.1682 0.6219 
0.0964 0.0227 0.8129 0.0681 
0.8828 0.0662 0.0340 0.0170 
0.1512 0.3062 0.2930 0.2495 
0.0718 0.2042 0.0926 0.6314 
0.1456 0.3894 0.0473 0.4178 
0.6030 0.2628 0.0208 0.1134 
0.0416 0.1191 0.1947 0.6446 

MOTIF filter15 
letter-probability matrix: alength= 4 w= 18 nsites= 18 
0.2126 0.2155 0.2759 0.2960 
0.2227 0.2888 0.2514 0.2371 
0.2945 0.2543 0.2170 0.2342 
0.1422 0.0560 0.0244 0.7773 
0.0287 0.0489 0.6954 0.2270 
0.4167 0.4052 0.0704 0.1078 
0.0000 1.0000 0.0000 0.0000 
0.0000 1.0000 0.0000 0.0000 
0.8161 0.0000 0.0043 0.1796 
0.0101 0.0000 0.0000 0.9899 
1.0000 0.0000 0.0000 0.0000 
0.0000 0.0000 0.0014 0.9986 
0.9957 0.0000 0.0000 0.0043 
0.1078 0.0014 0.0000 0.8908 
0.0014 0.0029 0.9957 0.0000 
0.0000 0.0000 1.0000 0.0000 
0.1020 0.0661 0.3793 0.4526 
0.2098 0.6868 0.0819 0.0216 

MOTIF filter16 
letter-probability matrix: alength= 4 w= 16 nsites= 16 
0.2144 0.2669 0.2519 0.2669 
0.2549 0.2429 0.2579 0.2444 
0.2369 0.2564 0.2564 0.2504 
0.5127 0.1079 0.3733 0.0060 
0.0000 0.0000 0.0000 1.0000 
0.0000 0.0000 0.0210 0.9790 
0.2939 0.0000 0.6552 0.0510 
0.0000 0.9445 0.0000 0.0555 
0.0645 0.0045 0.9295 0.0015 
0.0480 0.7256 0.0000 0.2264 
0.9895 0.0105 0.0000 0.0000 
1.0000 0.0000 0.0000 0.0000 
0.0045 0.3793 0.0960 0.5202 
0.2834 0.2624 0.2789 0.1754 
0.2294 0.2324 0.2504 0.2879 
0.2519 0.2459 0.2714 0.2309 

MOTIF filter17 
letter-probability matrix: alength= 4 w= 16 nsites= 16 
0.2396 0.2724 0.2509 0.2371 
0.2396 0.2799 0.2346 0.2459 
0.1148 0.0580 0.3518 0.4754 
0.0290 0.9130 0.0000 0.0580 
0.0000 0.0050 0.0000 0.9950 
1.0000 0.0000 0.0000 0.0000 
0.2976 0.0000 0.0050 0.6974 
0.5019 0.0000 0.0000 0.4981 
0.6040 0.0000 0.0000 0.3960 
0.7402 0.0000 0.0000 0.2598 
0.0000 0.0000 0.0000 1.0000 
1.0000 0.0000 0.0000 0.0000 
0.0832 0.0013 0.9117 0.0038 
0.4754 0.3632 0.0404 0.1211 
0.2812 0.2308 0.2560 0.2320 
0.2522 0.2573 0.2371 0.2535 

MOTIF filter18 
letter-probability matrix: alength= 4 w= 20 nsites= 20 
0.2135 0.2789 0.2745 0.2331 
0.2898 0.2386 0.2309 0.2407 
0.1634 0.0784 0.0447 0.7135 
0.0316 0.0969 0.6525 0.2190 
0.4107 0.3889 0.0730 0.1275 
0.0022 0.9902 0.0054 0.0022 
0.0000 0.9880 0.0033 0.0087 
0.8290 0.0022 0.0098 0.1590 
0.0207 0.0000 0.0033 0.9760 
0.9902 0.0065 0.0022 0.0011 
0.0000 0.0022 0.0011 0.9967 
0.9771 0.0033 0.0000 0.0196 
0.1569 0.0054 0.0033 0.8344 
0.0033 0.0131 0.9815 0.0022 
0.0000 0.0033 0.9935 0.0033 
0.1122 0.0719 0.3900 0.4259 
0.2255 0.6449 0.0937 0.0359 
0.7113 0.0338 0.0719 0.1830 
0.2418 0.2734 0.2375 0.2473 
0.2342 0.2614 0.2593 0.2451 

MOTIF filter19 
letter-probability matrix: alength= 4 w= 14 nsites= 14 
0.2358 0.2751 0.2402 0.2489 
0.2140 0.2009 0.3493 0.2358 
0.2445 0.2052 0.3319 0.2183 
0.2445 0.0437 0.6376 0.0742 
0.0699 0.0044 0.8734 0.0524 
0.1179 0.0000 0.8821 0.0000 
0.0044 0.0000 0.9956 0.0000 
0.0000 0.0000 1.0000 0.0000 
0.2664 0.5153 0.1004 0.1179 
0.0131 0.0262 0.9389 0.0218 
0.0000 0.0000 1.0000 0.0000 
0.0917 0.0000 0.9039 0.0044 
0.1921 0.0044 0.8035 0.0000 
0.1790 0.5546 0.2533 0.0131 

MOTIF filter20 
letter-probability matrix: alength= 4 w= 16 nsites= 16 
0.2586 0.2529 0.2586 0.2299 
0.2414 0.2874 0.2098 0.2615 
0.5000 0.0172 0.1293 0.3534 
0.6437 0.0057 0.0345 0.3161 
0.4511 0.0000 0.0201 0.5287 
0.2989 0.1810 0.1494 0.3707 
0.0000 0.0000 0.0000 1.0000 
0.0000 0.0000 1.0000 0.0000 
0.0230 0.9770 0.0000 0.0000 
0.0000 0.0000 0.0000 1.0000 
0.0000 0.0000 0.9943 0.0057 
1.0000 0.0000 0.0000 0.0000 
0.0345 0.5057 0.3161 0.1437 
0.2011 0.1207 0.0517 0.6264 
0.1753 0.3736 0.1178 0.3333 
0.5000 0.0517 0.1839 0.2644 

MOTIF filter21 
letter-probability matrix: alength= 4 w= 12 nsites= 12 
0.2519 0.2681 0.2276 0.2525 
0.2606 0.2612 0.2338 0.2444 
0.2562 0.2269 0.2456 0.2712 
0.6621 0.0000 0.0000 0.3379 
0.0000 0.0000 0.0000 1.0000 
0.0000 0.0468 0.0000 0.9532 
0.9383 0.0000 0.0617 0.0000 
1.0000 0.0000 0.0000 0.0000 
0.3491 0.0000 0.0000 0.6509 
0.2718 0.2338 0.2481 0.2463 
0.2344 0.2488 0.2612 0.2556 
0.2618 0.2544 0.2338 0.2500 

MOTIF filter22 
letter-probability matrix: alength= 4 w= 17 nsites= 17 
0.2323 0.2155 0.2727 0.2795 
0.2525 0.2963 0.2458 0.2054 
0.3199 0.2121 0.2256 0.2424 
0.1212 0.7306 0.1077 0.0404 
1.0000 0.0000 0.0000 0.0000 
0.9899 0.0000 0.0101 0.0000 
0.4512 0.0471 0.4747 0.0269 
1.0000 0.0000 0.0000 0.0000 
0.0000 0.0000 0.0000 1.0000 
0.0000 0.0000 1.0000 0.0000 
0.0000 0.0000 1.0000 0.0000 
0.0236 0.8721 0.0000 0.1044 
0.1111 0.1616 0.4411 0.2862 
0.0707 0.0842 0.7879 0.0572 
0.1077 0.7811 0.0168 0.0943 
0.2896 0.2391 0.1818 0.2896 
0.2357 0.2357 0.2997 0.2290 

MOTIF filter23 
letter-probability matrix: alength= 4 w= 15 nsites= 15 
0.4484 0.2255 0.1495 0.1766 
0.0652 0.3696 0.1114 0.4538 
0.0707 0.3207 0.3750 0.2337 
0.4266 0.1087 0.4647 0.0000 
0.5815 0.0082 0.3668 0.0435 
0.0000 1.0000 0.0000 0.0000 
0.0000 1.0000 0.0000 0.0000 
1.0000 0.0000 0.0000 0.0000 
1.0000 0.0000 0.0000 0.0000 
0.0000 0.0000 0.0000 1.0000 
0.0217 0.7745 0.2038 0.0000 
0.8397 0.0027 0.1576 0.0000 
0.0625 0.0652 0.8668 0.0054 
0.2011 0.2880 0.2337 0.2772 
0.2745 0.1957 0.2690 0.2609 

MOTIF filter24 
letter-probability matrix: alength= 4 w= 13 nsites= 13 
0.2558 0.2267 0.2500 0.2674 
0.2442 0.2442 0.2355 0.2762 
0.2209 0.2645 0.2587 0.2558 
0.2500 0.0407 0.6453 0.0640 
0.1134 0.0000 0.8227 0.0640 
0.1831 0.0000 0.8169 0.0000 
0.0000 0.0000 1.0000 0.0000 
0.0000 0.0000 1.0000 0.0000 
0.2936 0.5669 0.0000 0.1395 
0.0000 0.0000 1.0000 0.0000 
0.0000 0.0000 1.0000 0.0000 
0.1744 0.0000 0.8256 0.0000 
0.1541 0.0087 0.8372 0.0000 

MOTIF filter25 
letter-probability matrix: alength= 4 w= 20 nsites= 20 
0.2845 0.2405 0.2346 0.2405 
0.1408 0.0704 0.0293 0.7595 
0.0235 0.0718 0.7141 0.1906 
0.4047 0.4150 0.0645 0.1158 
0.0000 1.0000 0.0000 0.0000 
0.0000 0.9956 0.0015 0.0029 
0.8856 0.0000 0.0044 0.1100 
0.0191 0.0000 0.0000 0.9809 
1.0000 0.0000 0.0000 0.0000 
0.0000 0.0000 0.0015 0.9985 
0.9927 0.0000 0.0000 0.0073 
0.1422 0.0029 0.0000 0.8548 
0.0000 0.0015 0.9985 0.0000 
0.0000 0.0000 1.0000 0.0000 
0.0880 0.0469 0.4296 0.4355 
0.2111 0.6921 0.0733 0.0235 
0.7889 0.0132 0.0293 0.1686 
0.2493 0.2874 0.2258 0.2375 
0.2243 0.2595 0.2727 0.2434 
0.2522 0.2243 0.2991 0.2243 

MOTIF filter26 
letter-probability matrix: alength= 4 w= 14 nsites= 14 
0.1244 0.2430 0.3992 0.2334 
0.2179 0.2401 0.2623 0.2797 
0.0887 0.1553 0.2797 0.4764 
0.0492 0.4986 0.4195 0.0328 
0.0569 0.7290 0.1562 0.0579 
0.0569 0.6210 0.2324 0.0897 
0.0945 0.8206 0.0260 0.0588 
0.0501 0.4282 0.2642 0.2575 
0.0868 0.7830 0.0752 0.0550 
0.0627 0.8939 0.0424 0.0010 
0.0000 0.7252 0.1070 0.1678 
0.1986 0.6403 0.0000 0.1610 
0.0444 0.5670 0.1070 0.2816 
0.0656 0.6654 0.2430 0.0260 

MOTIF filter27 
letter-probability matrix: alength= 4 w= 18 nsites= 18 
0.2639 0.2551 0.2434 0.2375 
0.2669 0.3021 0.2463 0.1848 
0.2287 0.2346 0.2610 0.2757 
0.1026 0.0264 0.6979 0.1730 
0.0587 0.7155 0.1085 0.1173 
0.2727 0.3578 0.2639 0.1056 
0.0557 0.0000 0.8358 0.1085 
0.0000 1.0000 0.0000 0.0000 
0.0000 1.0000 0.0000 0.0000 
1.0000 0.0000 0.0000 0.0000 
0.0000 0.0000 0.0000 1.0000 
0.0088 0.4692 0.1466 0.3754 
0.0000 0.0323 0.0059 0.9619 
0.0000 0.0117 0.0000 0.9883 
0.0674 0.0880 0.7185 0.1261 
0.2786 0.2170 0.2463 0.2581 
0.1994 0.2786 0.2551 0.2669 
0.2141 0.3021 0.2434 0.2405 

MOTIF filter28 
letter-probability matrix: alength= 4 w= 20 nsites= 20 
0.3043 0.1739 0.1739 0.3478 
0.0870 0.2174 0.1304 0.5652 
0.0870 0.2609 0.5217 0.1304 
0.5652 0.0000 0.0000 0.4348 
0.6087 0.0435 0.0000 0.3478 
0.0000 0.0000 0.0000 1.0000 
0.3043 0.3043 0.0000 0.3913 
0.2609 0.0435 0.0000 0.6957 
0.0000 0.0000 1.0000 0.0000 
0.0000 1.0000 0.0000 0.0000 
0.2609 0.0000 0.0000 0.7391 
0.0435 0.0000 0.9565 0.0000 
0.9565 0.0000 0.0000 0.0435 
0.0000 0.5652 0.1739 0.2609 
0.0870 0.0000 0.0000 0.9130 
0.0435 0.6957 0.0870 0.1739 
0.6522 0.0435 0.1739 0.1304 
0.1739 0.0435 0.7826 0.0000 
0.0000 0.8696 0.0435 0.0870 
0.2609 0.3043 0.3478 0.0870 

MOTIF filter29 
letter-probability matrix: alength= 4 w= 12 nsites= 12 
0.2710 0.3094 0.2206 0.1990 
0.2782 0.2494 0.2302 0.2422 
0.2494 0.2542 0.2518 0.2446 
0.0000 0.8058 0.1055 0.0887 
0.0000 0.1727 0.0000 0.8273 
0.0000 0.2398 0.7338 0.0264 
1.0000 0.0000 0.0000 0.0000 
0.0000 0.0000 0.0000 1.0000 
0.0000 0.0000 0.0000 1.0000 
0.0000 0.0000 1.0000 0.0000 
0.0000 0.0000 1.0000 0.0000 
0.0432 0.4365 0.0000 0.5204 

MOTIF filter30 
letter-probability matrix: alength= 4 w= 12 nsites= 12 
0.2768 0.2318 0.2318 0.2595 
0.5225 0.1384 0.2664 0.0727 
0.1713 0.4100 0.3633 0.0554 
0.0000 1.0000 0.0000 0.0000 
1.0000 0.0000 0.0000 0.0000 
0.0000 1.0000 0.0000 0.0000 
0.0000 0.0000 1.0000 0.0000 
0.0000 0.0000 0.0000 1.0000 
0.0000 0.0000 1.0000 0.0000 
0.0606 0.3737 0.3720 0.1938 
0.0934 0.2561 0.1038 0.5467 
0.2388 0.2163 0.2716 0.2734 

MOTIF filter31 
letter-probability matrix: alength= 4 w= 13 nsites= 13 
0.3052 0.2407 0.2556 0.1985 
0.2705 0.3052 0.2233 0.2010 
0.0744 0.1886 0.5062 0.2308 
0.0000 0.8089 0.0174 0.1737 
0.0000 0.8362 0.0000 0.1638 
0.0000 1.0000 0.0000 0.0000 
0.0000 1.0000 0.0000 0.0000 
0.1042 0.0000 0.5831 0.3127 
0.0000 1.0000 0.0000 0.0000 
0.0000 1.0000 0.0000 0.0000 
0.0000 0.7965 0.0000 0.2035 
0.0769 0.8139 0.0000 0.1092 
0.0422 0.6278 0.0546 0.2754 

