MEME version 4

ALPHABET= ACGT

Background letter frequencies:
A 0.2500 C 0.2500 G 0.2500 T 0.2500 

MOTIF filter0 
letter-probability matrix: alength= 4 w= 18 nsites= 18 
0.4068 0.2373 0.2678 0.0881 
0.4746 0.1695 0.1593 0.1966 
0.5186 0.1932 0.1051 0.1831 
0.0169 0.3729 0.0983 0.5119 
0.0407 0.3322 0.3695 0.2576 
0.4407 0.1017 0.4576 0.0000 
0.5864 0.0068 0.3492 0.0576 
0.0000 1.0000 0.0000 0.0000 
0.0000 1.0000 0.0000 0.0000 
1.0000 0.0000 0.0000 0.0000 
1.0000 0.0000 0.0000 0.0000 
0.0000 0.0000 0.0000 1.0000 
0.0000 0.7864 0.2136 0.0000 
0.8407 0.0000 0.1593 0.0000 
0.0610 0.0441 0.8881 0.0068 
0.1831 0.3220 0.2203 0.2746 
0.2915 0.2000 0.2644 0.2441 
0.2475 0.2678 0.2305 0.2542 

MOTIF filter1 
letter-probability matrix: alength= 4 w= 14 nsites= 14 
0.1622 0.1919 0.3730 0.2730 
0.0243 0.4838 0.2216 0.2703 
0.0892 0.6135 0.1351 0.1622 
0.6784 0.0162 0.2703 0.0351 
0.0000 0.9568 0.0054 0.0378 
0.0000 0.0000 0.0000 1.0000 
0.0000 0.0000 0.0000 1.0000 
0.0000 1.0000 0.0000 0.0000 
0.0000 1.0000 0.0000 0.0000 
0.0000 0.0000 0.9865 0.0135 
0.0000 0.1405 0.8514 0.0081 
0.2757 0.1973 0.2432 0.2838 
0.2676 0.2378 0.2405 0.2541 
0.2541 0.2297 0.2514 0.2649 

MOTIF filter2 
letter-probability matrix: alength= 4 w= 15 nsites= 15 
0.2467 0.2310 0.2257 0.2966 
0.2467 0.2100 0.2861 0.2572 
0.2178 0.2835 0.2493 0.2493 
0.0052 0.8661 0.1286 0.0000 
0.0315 0.9685 0.0000 0.0000 
0.0000 0.0000 1.0000 0.0000 
0.0000 0.0000 1.0000 0.0000 
1.0000 0.0000 0.0000 0.0000 
1.0000 0.0000 0.0000 0.0000 
0.0525 0.0079 0.9396 0.0000 
0.0315 0.2887 0.0210 0.6588 
0.1811 0.0997 0.6693 0.0499 
0.2651 0.2520 0.4514 0.0315 
0.2205 0.3543 0.2441 0.1811 
0.2283 0.2835 0.2546 0.2336 

MOTIF filter3 
letter-probability matrix: alength= 4 w= 20 nsites= 20 
0.2149 0.2783 0.2760 0.2308 
0.2885 0.2353 0.2319 0.2443 
0.1595 0.0758 0.0396 0.7251 
0.0305 0.0928 0.6584 0.2183 
0.4106 0.3925 0.0713 0.1256 
0.0000 0.9955 0.0034 0.0011 
0.0000 0.9910 0.0023 0.0068 
0.8292 0.0023 0.0090 0.1595 
0.0204 0.0000 0.0023 0.9774 
0.9989 0.0011 0.0000 0.0000 
0.0000 0.0000 0.0011 0.9989 
0.9842 0.0011 0.0000 0.0147 
0.1516 0.0045 0.0011 0.8428 
0.0023 0.0090 0.9887 0.0000 
0.0011 0.0023 0.9932 0.0034 
0.1109 0.0701 0.3857 0.4333 
0.2217 0.6482 0.0950 0.0351 
0.7115 0.0328 0.0713 0.1844 
0.2410 0.2783 0.2353 0.2455 
0.2319 0.2590 0.2647 0.2443 

MOTIF filter4 
letter-probability matrix: alength= 4 w= 12 nsites= 12 
0.1994 0.2653 0.2669 0.2685 
0.4807 0.1897 0.1929 0.1367 
0.2315 0.3071 0.3408 0.1206 
0.0000 1.0000 0.0000 0.0000 
1.0000 0.0000 0.0000 0.0000 
0.0000 0.9920 0.0000 0.0080 
0.0000 0.0000 1.0000 0.0000 
0.0000 0.0000 0.0000 1.0000 
0.0000 0.0000 1.0000 0.0000 
0.0354 0.3248 0.4019 0.2379 
0.1013 0.2460 0.1029 0.5498 
0.2106 0.2299 0.2653 0.2942 

MOTIF filter5 
letter-probability matrix: alength= 4 w= 18 nsites= 18 
0.2883 0.5429 0.0399 0.1288 
0.2454 0.1871 0.0706 0.4969 
0.2853 0.1534 0.3160 0.2454 
0.6350 0.0521 0.1135 0.1994 
0.1718 0.3160 0.4847 0.0276 
0.0000 0.0000 0.0000 1.0000 
0.0061 0.9939 0.0000 0.0000 
1.0000 0.0000 0.0000 0.0000 
0.0000 0.0000 0.9847 0.0153 
0.0000 1.0000 0.0000 0.0000 
0.9969 0.0000 0.0000 0.0031 
0.4417 0.1810 0.1135 0.2638 
0.4233 0.0460 0.0031 0.5276 
0.3957 0.0706 0.0000 0.5337 
0.3098 0.1104 0.0184 0.5613 
0.2853 0.2209 0.2423 0.2515 
0.2730 0.2822 0.2209 0.2239 
0.2209 0.2914 0.2331 0.2546 

MOTIF filter6 
letter-probability matrix: alength= 4 w= 13 nsites= 13 
0.2498 0.2616 0.2517 0.2369 
0.2349 0.2646 0.2597 0.2408 
0.1219 0.0733 0.3429 0.4618 
0.0525 0.8276 0.0010 0.1189 
0.0000 0.0149 0.0000 0.9851 
1.0000 0.0000 0.0000 0.0000 
0.2874 0.0000 0.0069 0.7056 
0.4569 0.0010 0.0000 0.5421 
0.5629 0.0000 0.0010 0.4361 
0.6908 0.0059 0.0000 0.3033 
0.0010 0.0010 0.0010 0.9970 
0.9861 0.0010 0.0129 0.0000 
0.1239 0.0020 0.8266 0.0476 

MOTIF filter7 
letter-probability matrix: alength= 4 w= 20 nsites= 20 
0.0000 0.5000 0.5000 0.0000 
0.0000 1.0000 0.0000 0.0000 
0.0000 0.5000 0.5000 0.0000 
1.0000 0.0000 0.0000 0.0000 
0.5000 0.0000 0.5000 0.0000 
0.0000 1.0000 0.0000 0.0000 
0.0000 0.0000 1.0000 0.0000 
0.0000 1.0000 0.0000 0.0000 
0.5000 0.5000 0.0000 0.0000 
0.0000 1.0000 0.0000 0.0000 
0.0000 0.0000 1.0000 0.0000 
0.0000 0.0000 0.0000 1.0000 
0.5000 0.0000 0.5000 0.0000 
0.0000 0.5000 0.5000 0.0000 
0.0000 0.0000 0.5000 0.5000 
1.0000 0.0000 0.0000 0.0000 
0.5000 0.0000 0.0000 0.5000 
0.0000 1.0000 0.0000 0.0000 
0.5000 0.0000 0.5000 0.0000 
0.5000 0.0000 0.5000 0.0000 

MOTIF filter8 
letter-probability matrix: alength= 4 w= 14 nsites= 14 
0.2655 0.2455 0.2136 0.2754 
0.1437 0.2016 0.0519 0.6028 
0.0000 0.0000 0.0000 1.0000 
0.0000 0.0000 0.0000 1.0000 
0.0000 1.0000 0.0000 0.0000 
0.0000 0.9820 0.0000 0.0180 
0.1896 0.3134 0.1357 0.3613 
0.2834 0.0000 0.7106 0.0060 
0.0000 0.0000 0.9701 0.0299 
0.9940 0.0060 0.0000 0.0000 
1.0000 0.0000 0.0000 0.0000 
0.5309 0.1497 0.2275 0.0918 
0.2375 0.2475 0.2695 0.2455 
0.2355 0.2655 0.2455 0.2535 

MOTIF filter9 
letter-probability matrix: alength= 4 w= 15 nsites= 15 
0.2524 0.2379 0.2217 0.2880 
0.2395 0.2670 0.2265 0.2670 
0.1327 0.1505 0.1230 0.5939 
0.0000 0.0000 0.0000 1.0000 
0.0000 0.0000 0.0000 1.0000 
0.0146 0.9854 0.0000 0.0000 
0.0032 0.8123 0.0000 0.1845 
0.2524 0.2201 0.2379 0.2896 
0.1764 0.0000 0.8236 0.0000 
0.0000 0.0000 0.9951 0.0049 
1.0000 0.0000 0.0000 0.0000 
1.0000 0.0000 0.0000 0.0000 
0.5971 0.0890 0.1812 0.1327 
0.2362 0.2848 0.2573 0.2217 
0.2718 0.2330 0.2411 0.2540 

MOTIF filter10 
letter-probability matrix: alength= 4 w= 17 nsites= 17 
0.2744 0.2208 0.2492 0.2555 
0.2334 0.2871 0.2208 0.2587 
0.5331 0.0284 0.1325 0.3060 
0.6562 0.0221 0.0379 0.2839 
0.4416 0.0000 0.0284 0.5300 
0.2997 0.1546 0.1356 0.4101 
0.0095 0.0000 0.0000 0.9905 
0.0000 0.0000 1.0000 0.0000 
0.0252 0.9748 0.0000 0.0000 
0.0000 0.0000 0.0000 1.0000 
0.0000 0.0000 0.9937 0.0063 
1.0000 0.0000 0.0000 0.0000 
0.0158 0.5079 0.3249 0.1514 
0.2019 0.1009 0.0536 0.6435 
0.1830 0.3943 0.1104 0.3123 
0.5205 0.0473 0.2082 0.2240 
0.1577 0.0284 0.5552 0.2587 

MOTIF filter11 
letter-probability matrix: alength= 4 w= 15 nsites= 15 
0.1275 0.3449 0.1449 0.3826 
0.0522 0.3478 0.3768 0.2232 
0.4232 0.1130 0.4580 0.0058 
0.5913 0.0116 0.3739 0.0232 
0.0000 1.0000 0.0000 0.0000 
0.0000 1.0000 0.0000 0.0000 
1.0000 0.0000 0.0000 0.0000 
1.0000 0.0000 0.0000 0.0000 
0.0000 0.0000 0.0000 1.0000 
0.0203 0.7855 0.1942 0.0000 
0.8754 0.0000 0.1246 0.0000 
0.0464 0.0667 0.8841 0.0029 
0.2174 0.2609 0.2725 0.2493 
0.2725 0.1971 0.2696 0.2609 
0.2087 0.3043 0.1942 0.2928 

MOTIF filter12 
letter-probability matrix: alength= 4 w= 17 nsites= 17 
0.2314 0.2943 0.2714 0.2029 
0.2686 0.2686 0.1971 0.2657 
0.1600 0.6657 0.1200 0.0543 
1.0000 0.0000 0.0000 0.0000 
0.9857 0.0000 0.0143 0.0000 
0.4371 0.0800 0.4629 0.0200 
1.0000 0.0000 0.0000 0.0000 
0.0000 0.0000 0.0000 1.0000 
0.0000 0.0000 1.0000 0.0000 
0.0000 0.0000 1.0000 0.0000 
0.0514 0.8686 0.0000 0.0800 
0.1171 0.1971 0.4229 0.2629 
0.0771 0.0800 0.7686 0.0743 
0.1314 0.7629 0.0171 0.0886 
0.2714 0.2229 0.2200 0.2857 
0.2371 0.2457 0.3000 0.2171 
0.2657 0.2400 0.2743 0.2200 

MOTIF filter13 
letter-probability matrix: alength= 4 w= 20 nsites= 20 
0.2259 0.2590 0.2782 0.2369 
0.0000 0.1460 0.8430 0.0110 
0.2452 0.0000 0.0689 0.6860 
0.1680 0.0083 0.6915 0.1322 
0.6309 0.3361 0.0000 0.0331 
0.1736 0.4463 0.0854 0.2948 
0.0441 0.4160 0.1129 0.4270 
0.1074 0.6391 0.2204 0.0331 
0.0110 0.2149 0.4270 0.3471 
0.2121 0.1377 0.3691 0.2810 
0.1377 0.1460 0.4711 0.2452 
0.1708 0.0661 0.6722 0.0909 
0.2259 0.2342 0.2590 0.2810 
0.1598 0.4986 0.3058 0.0358 
0.1295 0.2617 0.3636 0.2452 
0.5950 0.2369 0.1350 0.0331 
0.0468 0.7135 0.0083 0.2314 
0.0661 0.3994 0.3829 0.1515 
0.1543 0.0854 0.0551 0.7052 
0.0110 0.3140 0.6419 0.0331 

MOTIF filter14 
letter-probability matrix: alength= 4 w= 15 nsites= 15 
0.2818 0.3066 0.2072 0.2044 
0.2652 0.2735 0.2293 0.2320 
0.2348 0.2431 0.2514 0.2707 
0.0000 0.8425 0.0829 0.0746 
0.0000 0.1851 0.0000 0.8149 
0.0000 0.2265 0.7569 0.0166 
1.0000 0.0000 0.0000 0.0000 
0.0000 0.0000 0.0000 1.0000 
0.0000 0.0000 0.0000 1.0000 
0.0000 0.0000 1.0000 0.0000 
0.0000 0.0000 1.0000 0.0000 
0.0359 0.4006 0.0028 0.5608 
0.0110 0.4282 0.1354 0.4254 
0.1768 0.4420 0.3039 0.0773 
0.4696 0.1492 0.3122 0.0691 

MOTIF filter15 
letter-probability matrix: alength= 4 w= 9 nsites= 9 
0.2521 0.2685 0.2521 0.2273 
0.2965 0.2191 0.2092 0.2751 
0.2685 0.2488 0.2405 0.2422 
1.0000 0.0000 0.0000 0.0000 
0.0000 0.0000 0.0000 1.0000 
0.0000 0.4366 0.0000 0.5634 
1.0000 0.0000 0.0000 0.0000 
1.0000 0.0000 0.0000 0.0000 
0.9835 0.0000 0.0000 0.0165 

MOTIF filter16 
letter-probability matrix: alength= 4 w= 16 nsites= 16 
0.3297 0.2344 0.2491 0.1868 
0.2601 0.3077 0.2015 0.2308 
0.0806 0.1868 0.5128 0.2198 
0.0000 0.8718 0.0073 0.1209 
0.0000 0.8755 0.0000 0.1245 
0.0000 1.0000 0.0000 0.0000 
0.0000 1.0000 0.0000 0.0000 
0.0989 0.0000 0.6410 0.2601 
0.0000 1.0000 0.0000 0.0000 
0.0000 1.0000 0.0000 0.0000 
0.0000 0.8608 0.0000 0.1392 
0.0293 0.9048 0.0000 0.0659 
0.0037 0.6227 0.0513 0.3223 
0.2601 0.2381 0.2161 0.2857 
0.2784 0.2271 0.2381 0.2564 
0.1795 0.3700 0.2418 0.2088 

MOTIF filter17 
letter-probability matrix: alength= 4 w= 16 nsites= 16 
0.2971 0.2514 0.2686 0.1829 
0.2686 0.3229 0.2114 0.1971 
0.0657 0.1629 0.5457 0.2257 
0.0000 0.8229 0.0143 0.1629 
0.0000 0.8600 0.0000 0.1400 
0.0000 1.0000 0.0000 0.0000 
0.0000 1.0000 0.0000 0.0000 
0.0829 0.0000 0.6171 0.3000 
0.0000 1.0000 0.0000 0.0000 
0.0000 1.0000 0.0000 0.0000 
0.0000 0.7743 0.0000 0.2257 
0.0771 0.8371 0.0000 0.0857 
0.0600 0.6714 0.0457 0.2229 
0.2514 0.2286 0.2771 0.2429 
0.2629 0.2657 0.2029 0.2686 
0.2371 0.2543 0.2543 0.2543 

MOTIF filter18 
letter-probability matrix: alength= 4 w= 11 nsites= 11 
0.2545 0.2404 0.2455 0.2596 
0.2324 0.3018 0.2314 0.2344 
0.2787 0.2213 0.2223 0.2777 
0.5201 0.0000 0.0000 0.4799 
0.0000 0.0000 0.0000 1.0000 
0.0000 0.0000 0.0000 1.0000 
0.8783 0.0000 0.1217 0.0000 
1.0000 0.0000 0.0000 0.0000 
0.0030 0.0000 0.0000 0.9970 
0.2636 0.2495 0.2425 0.2445 
0.2364 0.2425 0.2696 0.2515 

MOTIF filter19 
letter-probability matrix: alength= 4 w= 12 nsites= 12 
0.2275 0.1822 0.3739 0.2164 
0.3986 0.2108 0.3556 0.0350 
0.0000 0.0000 0.0000 1.0000 
0.0000 0.0000 0.9602 0.0398 
1.0000 0.0000 0.0000 0.0000 
0.0358 0.4702 0.4662 0.0278 
0.0000 0.0000 0.0000 1.0000 
0.0621 0.9379 0.0000 0.0000 
1.0000 0.0000 0.0000 0.0000 
0.0286 0.3182 0.2609 0.3922 
0.2076 0.3652 0.2068 0.2204 
0.2570 0.2228 0.2673 0.2530 

MOTIF filter20 
letter-probability matrix: alength= 4 w= 14 nsites= 14 
0.2304 0.2611 0.2628 0.2457 
0.5068 0.1177 0.3669 0.0085 
0.0000 0.0000 0.0000 1.0000 
0.0000 0.0000 0.0239 0.9761 
0.2679 0.0000 0.6911 0.0410 
0.0000 0.9608 0.0000 0.0392 
0.0648 0.0000 0.9352 0.0000 
0.0597 0.7526 0.0000 0.1877 
0.9983 0.0017 0.0000 0.0000 
1.0000 0.0000 0.0000 0.0000 
0.0000 0.3891 0.0512 0.5597 
0.2765 0.2765 0.2526 0.1945 
0.2116 0.2253 0.2696 0.2935 
0.2747 0.2218 0.2679 0.2355 

MOTIF filter21 
letter-probability matrix: alength= 4 w= 15 nsites= 15 
0.2864 0.2394 0.2237 0.2506 
0.2640 0.2192 0.2438 0.2729 
0.0626 0.2170 0.1611 0.5593 
0.0000 0.0022 0.0000 0.9978 
0.0000 0.0000 0.0134 0.9866 
0.0738 0.9262 0.0000 0.0000 
0.0291 0.6286 0.0000 0.3423 
0.4049 0.0134 0.4474 0.1342 
0.0000 0.0000 1.0000 0.0000 
0.0157 0.0022 0.9732 0.0089 
1.0000 0.0000 0.0000 0.0000 
1.0000 0.0000 0.0000 0.0000 
0.5973 0.0626 0.1723 0.1678 
0.2282 0.2841 0.2081 0.2796 
0.2662 0.2081 0.3423 0.1834 

MOTIF filter22 
letter-probability matrix: alength= 4 w= 20 nsites= 20 
0.2700 0.2500 0.2600 0.2200 
0.2900 0.2900 0.2150 0.2050 
0.5250 0.0000 0.0900 0.3850 
0.7450 0.0000 0.0050 0.2500 
0.4600 0.0000 0.0000 0.5400 
0.3000 0.1200 0.1250 0.4550 
0.0000 0.0000 0.0000 1.0000 
0.0000 0.0000 1.0000 0.0000 
0.0150 0.9850 0.0000 0.0000 
0.0000 0.0000 0.0000 1.0000 
0.0000 0.0000 1.0000 0.0000 
1.0000 0.0000 0.0000 0.0000 
0.0350 0.5750 0.2650 0.1250 
0.1800 0.0950 0.0350 0.6900 
0.1650 0.4150 0.0850 0.3350 
0.5800 0.0400 0.1350 0.2450 
0.1100 0.0300 0.6250 0.2350 
0.2450 0.2600 0.2700 0.2250 
0.2450 0.2000 0.2950 0.2600 
0.2000 0.2250 0.2800 0.2950 

MOTIF filter23 
letter-probability matrix: alength= 4 w= 17 nsites= 17 
0.2559 0.2699 0.2356 0.2387 
0.2449 0.2746 0.2387 0.2418 
0.0998 0.0296 0.3479 0.5226 
0.0016 0.9407 0.0000 0.0577 
0.0000 0.0000 0.0000 1.0000 
1.0000 0.0000 0.0000 0.0000 
0.2168 0.0000 0.0000 0.7832 
0.4150 0.0000 0.0000 0.5850 
0.5257 0.0000 0.0000 0.4743 
0.6927 0.0000 0.0000 0.3073 
0.0000 0.0000 0.0000 1.0000 
1.0000 0.0000 0.0000 0.0000 
0.0296 0.0000 0.9672 0.0031 
0.4930 0.3994 0.0234 0.0842 
0.2777 0.2215 0.2668 0.2340 
0.2652 0.2293 0.2324 0.2730 
0.2496 0.2527 0.2730 0.2246 

MOTIF filter24 
letter-probability matrix: alength= 4 w= 9 nsites= 9 
0.2686 0.3162 0.2686 0.1467 
0.5371 0.1562 0.1905 0.1162 
0.2210 0.3314 0.4152 0.0324 
0.0000 1.0000 0.0000 0.0000 
1.0000 0.0000 0.0000 0.0000 
0.0000 1.0000 0.0000 0.0000 
0.0000 0.0000 1.0000 0.0000 
0.0000 0.0000 0.0000 1.0000 
0.0000 0.0000 1.0000 0.0000 

MOTIF filter25 
letter-probability matrix: alength= 4 w= 18 nsites= 18 
0.2763 0.2462 0.2252 0.2523 
0.2432 0.2913 0.2643 0.2012 
0.2282 0.2523 0.2492 0.2703 
0.1111 0.0180 0.6877 0.1832 
0.0811 0.7177 0.1141 0.0871 
0.2913 0.3423 0.2523 0.1141 
0.0480 0.0000 0.8589 0.0931 
0.0000 1.0000 0.0000 0.0000 
0.0000 1.0000 0.0000 0.0000 
1.0000 0.0000 0.0000 0.0000 
0.0000 0.0000 0.0000 1.0000 
0.0030 0.4715 0.1441 0.3814 
0.0000 0.0210 0.0000 0.9790 
0.0000 0.0090 0.0000 0.9910 
0.0751 0.0811 0.7297 0.1141 
0.2613 0.2462 0.2432 0.2492 
0.2042 0.2793 0.2553 0.2613 
0.2462 0.2823 0.2492 0.2222 

MOTIF filter26 
letter-probability matrix: alength= 4 w= 16 nsites= 16 
0.2583 0.2509 0.2694 0.2214 
0.2583 0.2251 0.2583 0.2583 
0.1808 0.2731 0.3026 0.2435 
0.2509 0.0258 0.7011 0.0221 
0.1033 0.0000 0.8303 0.0664 
0.1661 0.0000 0.8339 0.0000 
0.0000 0.0000 1.0000 0.0000 
0.0000 0.0000 1.0000 0.0000 
0.3026 0.5683 0.0000 0.1292 
0.0000 0.0000 1.0000 0.0000 
0.0000 0.0000 1.0000 0.0000 
0.1144 0.0000 0.8856 0.0000 
0.1734 0.0037 0.8229 0.0000 
0.1587 0.6162 0.1661 0.0590 
0.3026 0.1624 0.3210 0.2140 
0.2731 0.2841 0.2140 0.2288 

MOTIF filter27 
letter-probability matrix: alength= 4 w= 20 nsites= 20 
0.2094 0.2822 0.2770 0.2315 
0.2874 0.2445 0.2315 0.2367 
0.1495 0.0702 0.0403 0.7399 
0.0260 0.0754 0.6853 0.2133 
0.4330 0.3953 0.0585 0.1131 
0.0000 1.0000 0.0000 0.0000 
0.0000 0.9948 0.0000 0.0052 
0.8362 0.0000 0.0013 0.1625 
0.0065 0.0000 0.0000 0.9935 
0.9987 0.0013 0.0000 0.0000 
0.0000 0.0000 0.0013 0.9987 
0.9987 0.0000 0.0000 0.0013 
0.1417 0.0026 0.0000 0.8557 
0.0000 0.0039 0.9961 0.0000 
0.0000 0.0000 1.0000 0.0000 
0.1040 0.0624 0.4057 0.4278 
0.2172 0.6710 0.0897 0.0221 
0.7516 0.0299 0.0598 0.1586 
0.2263 0.2757 0.2497 0.2484 
0.2211 0.2575 0.2575 0.2640 

MOTIF filter28 
letter-probability matrix: alength= 4 w= 13 nsites= 13 
0.2428 0.2451 0.2439 0.2682 
0.1988 0.1838 0.4081 0.2092 
0.4370 0.2208 0.3376 0.0046 
0.0000 0.0000 0.0000 1.0000 
0.0000 0.0000 1.0000 0.0000 
1.0000 0.0000 0.0000 0.0000 
0.0000 0.4971 0.5029 0.0000 
0.0000 0.0000 0.0000 1.0000 
0.0000 1.0000 0.0000 0.0000 
1.0000 0.0000 0.0000 0.0000 
0.0000 0.3734 0.1908 0.4358 
0.2266 0.3711 0.1457 0.2566 
0.2532 0.2277 0.2740 0.2451 

MOTIF filter29 
letter-probability matrix: alength= 4 w= 12 nsites= 12 
0.2376 0.2504 0.2504 0.2617 
0.2532 0.2390 0.2432 0.2646 
0.2560 0.2617 0.2447 0.2376 
0.5377 0.1024 0.3599 0.0000 
0.0000 0.0000 0.0000 1.0000 
0.0000 0.0000 0.0100 0.9900 
0.2674 0.0000 0.6657 0.0669 
0.0000 0.9516 0.0000 0.0484 
0.0512 0.0000 0.9488 0.0000 
0.0711 0.6643 0.0000 0.2646 
0.9744 0.0256 0.0000 0.0000 
1.0000 0.0000 0.0000 0.0000 

MOTIF filter30 
letter-probability matrix: alength= 4 w= 16 nsites= 16 
0.2565 0.2045 0.2565 0.2825 
0.2230 0.2639 0.2639 0.2491 
0.2491 0.2379 0.2751 0.2379 
0.2639 0.0260 0.6468 0.0632 
0.1115 0.0000 0.8587 0.0297 
0.1115 0.0000 0.8885 0.0000 
0.0000 0.0000 1.0000 0.0000 
0.0000 0.0000 1.0000 0.0000 
0.3197 0.5762 0.0000 0.1041 
0.0000 0.0000 1.0000 0.0000 
0.0000 0.0000 1.0000 0.0000 
0.1338 0.0000 0.8662 0.0000 
0.1375 0.0297 0.8327 0.0000 
0.1784 0.5985 0.1561 0.0669 
0.2862 0.2268 0.2900 0.1970 
0.2305 0.3197 0.2119 0.2379 

MOTIF filter31 
letter-probability matrix: alength= 4 w= 12 nsites= 12 
0.2551 0.2096 0.2626 0.2727 
0.4760 0.1326 0.3043 0.0871 
0.2109 0.3232 0.3409 0.1250 
0.0013 0.9987 0.0000 0.0000 
1.0000 0.0000 0.0000 0.0000 
0.0000 1.0000 0.0000 0.0000 
0.0341 0.0000 0.9659 0.0000 
0.0000 0.0000 0.0000 1.0000 
0.0000 0.0000 1.0000 0.0000 
0.1389 0.3308 0.3131 0.2172 
0.1465 0.2096 0.1465 0.4975 
0.2765 0.2361 0.2487 0.2386 

