MEME version 4

ALPHABET= ACGT

Background letter frequencies:
A 0.2500 C 0.2500 G 0.2500 T 0.2500 

MOTIF filter0 
letter-probability matrix: alength= 4 w= 13 nsites= 13 
0.2774 0.3151 0.2466 0.1610 
0.0240 0.0000 0.9178 0.0582 
0.0000 1.0000 0.0000 0.0000 
0.0000 1.0000 0.0000 0.0000 
1.0000 0.0000 0.0000 0.0000 
0.0000 0.0000 0.0000 1.0000 
0.0103 0.4829 0.1438 0.3630 
0.0000 0.0000 0.0000 1.0000 
0.0000 0.0000 0.0000 1.0000 
0.0445 0.0377 0.7945 0.1233 
0.3185 0.2295 0.2466 0.2055 
0.2055 0.3014 0.2534 0.2397 
0.2397 0.2671 0.2637 0.2295 

MOTIF filter1 
letter-probability matrix: alength= 4 w= 15 nsites= 15 
0.1902 0.5415 0.1756 0.0927 
1.0000 0.0000 0.0000 0.0000 
1.0000 0.0000 0.0000 0.0000 
0.4341 0.1366 0.4098 0.0195 
1.0000 0.0000 0.0000 0.0000 
0.0000 0.0000 0.0000 1.0000 
0.0000 0.0000 1.0000 0.0000 
0.0000 0.0000 1.0000 0.0000 
0.0634 0.8927 0.0000 0.0439 
0.1171 0.1659 0.4732 0.2439 
0.0244 0.0585 0.8585 0.0585 
0.1122 0.8146 0.0098 0.0634 
0.2293 0.2049 0.2439 0.3220 
0.1805 0.2341 0.2976 0.2878 
0.2976 0.2341 0.3122 0.1561 

MOTIF filter2 
letter-probability matrix: alength= 4 w= 16 nsites= 16 
0.2732 0.2398 0.2249 0.2621 
0.2454 0.2342 0.2379 0.2825 
0.2268 0.1933 0.1394 0.4405 
0.0167 0.0651 0.0967 0.8216 
0.0000 0.0000 0.0000 1.0000 
0.0000 0.3866 0.0056 0.6078 
0.0297 0.9703 0.0000 0.0000 
0.0446 0.5669 0.0000 0.3885 
0.4387 0.0000 0.4610 0.1004 
0.0000 0.0000 1.0000 0.0000 
0.3922 0.0056 0.5985 0.0037 
1.0000 0.0000 0.0000 0.0000 
0.9684 0.0093 0.0186 0.0037 
0.4684 0.1134 0.2230 0.1952 
0.2788 0.2862 0.2045 0.2305 
0.2193 0.2658 0.2974 0.2175 

MOTIF filter3 
letter-probability matrix: alength= 4 w= 11 nsites= 11 
0.2712 0.0000 0.2646 0.4643 
0.2936 0.1413 0.1197 0.4454 
0.0345 0.2500 0.2589 0.4566 
0.5085 0.0599 0.4294 0.0023 
0.1352 0.0277 0.0000 0.8371 
0.0590 0.1343 0.0569 0.7498 
0.6394 0.0749 0.0770 0.2088 
0.3230 0.1548 0.5222 0.0000 
0.4890 0.1614 0.0958 0.2538 
0.0415 0.2530 0.2612 0.4444 
0.2701 0.2654 0.2544 0.2100 

MOTIF filter4 
letter-probability matrix: alength= 4 w= 12 nsites= 12 
0.2460 0.2409 0.2553 0.2578 
0.2224 0.1727 0.3917 0.2131 
0.3884 0.2174 0.3580 0.0362 
0.0000 0.0000 0.0000 1.0000 
0.0000 0.0000 0.9655 0.0345 
1.0000 0.0000 0.0000 0.0000 
0.0286 0.4659 0.4642 0.0413 
0.0000 0.0000 0.0000 1.0000 
0.0160 0.9840 0.0000 0.0000 
1.0000 0.0000 0.0000 0.0000 
0.0312 0.3286 0.2426 0.3976 
0.2190 0.3606 0.1904 0.2300 

MOTIF filter5 
letter-probability matrix: alength= 4 w= 16 nsites= 16 
0.2464 0.2377 0.2493 0.2667 
0.2406 0.2522 0.2406 0.2667 
0.2348 0.2435 0.2812 0.2406 
0.2522 0.0522 0.6319 0.0638 
0.1217 0.0000 0.8174 0.0609 
0.1681 0.0000 0.8319 0.0000 
0.0000 0.0000 1.0000 0.0000 
0.0000 0.0000 1.0000 0.0000 
0.3072 0.5797 0.0000 0.1130 
0.0000 0.0000 1.0000 0.0000 
0.0000 0.0000 1.0000 0.0000 
0.1391 0.0000 0.8609 0.0000 
0.1884 0.0174 0.7942 0.0000 
0.1681 0.5855 0.1681 0.0783 
0.2754 0.2029 0.2783 0.2435 
0.2348 0.2986 0.2087 0.2580 

MOTIF filter6 
letter-probability matrix: alength= 4 w= 18 nsites= 18 
0.2743 0.2655 0.2168 0.2434 
0.2522 0.2920 0.2389 0.2168 
0.2257 0.2655 0.2257 0.2832 
0.1062 0.0000 0.7655 0.1283 
0.0575 0.8230 0.0796 0.0398 
0.2788 0.3805 0.2743 0.0664 
0.0310 0.0000 0.9248 0.0442 
0.0000 1.0000 0.0000 0.0000 
0.0000 1.0000 0.0000 0.0000 
1.0000 0.0000 0.0000 0.0000 
0.0000 0.0000 0.0000 1.0000 
0.0088 0.4646 0.1416 0.3850 
0.0000 0.0221 0.0000 0.9779 
0.0000 0.0177 0.0000 0.9823 
0.0442 0.0841 0.7920 0.0796 
0.2788 0.2035 0.2522 0.2655 
0.2080 0.2920 0.2257 0.2743 
0.2345 0.2965 0.2257 0.2434 

MOTIF filter7 
letter-probability matrix: alength= 4 w= 13 nsites= 13 
0.2436 0.2345 0.2661 0.2559 
0.2314 0.1702 0.3945 0.2039 
0.4128 0.2222 0.3649 0.0000 
0.0000 0.0000 0.0000 1.0000 
0.0000 0.0000 0.9990 0.0010 
1.0000 0.0000 0.0000 0.0000 
0.0000 0.4944 0.5056 0.0000 
0.0000 0.0000 0.0000 1.0000 
0.0000 1.0000 0.0000 0.0000 
1.0000 0.0000 0.0000 0.0000 
0.0183 0.3323 0.2477 0.4016 
0.2151 0.3639 0.1886 0.2324 
0.2548 0.2171 0.2742 0.2538 

MOTIF filter8 
letter-probability matrix: alength= 4 w= 15 nsites= 15 
0.2478 0.2595 0.2303 0.2624 
0.2711 0.2187 0.2799 0.2303 
0.2274 0.2507 0.2536 0.2682 
0.0058 0.8630 0.1312 0.0000 
0.0262 0.9738 0.0000 0.0000 
0.0000 0.0000 1.0000 0.0000 
0.0000 0.0000 1.0000 0.0000 
1.0000 0.0000 0.0000 0.0000 
1.0000 0.0000 0.0000 0.0000 
0.0321 0.0087 0.9592 0.0000 
0.0233 0.2915 0.0146 0.6706 
0.1778 0.0845 0.6880 0.0496 
0.2566 0.2536 0.4694 0.0204 
0.2070 0.3703 0.2507 0.1720 
0.2187 0.2915 0.2507 0.2391 

MOTIF filter9 
letter-probability matrix: alength= 4 w= 16 nsites= 16 
0.4742 0.2194 0.1419 0.1645 
0.0710 0.3452 0.1194 0.4645 
0.0516 0.3548 0.3710 0.2226 
0.4774 0.0710 0.4484 0.0032 
0.6258 0.0000 0.3387 0.0355 
0.0000 1.0000 0.0000 0.0000 
0.0000 1.0000 0.0000 0.0000 
1.0000 0.0000 0.0000 0.0000 
1.0000 0.0000 0.0000 0.0000 
0.0000 0.0000 0.0000 1.0000 
0.0065 0.7774 0.2161 0.0000 
0.8645 0.0000 0.1355 0.0000 
0.0581 0.0484 0.8935 0.0000 
0.1903 0.2903 0.2677 0.2516 
0.2742 0.1968 0.3000 0.2290 
0.2419 0.2613 0.2194 0.2774 

MOTIF filter10 
letter-probability matrix: alength= 4 w= 14 nsites= 14 
0.2263 0.2660 0.2430 0.2647 
0.2442 0.2519 0.2481 0.2558 
0.2558 0.2404 0.2506 0.2532 
0.5128 0.1151 0.3657 0.0064 
0.0000 0.0000 0.0000 1.0000 
0.0000 0.0000 0.0230 0.9770 
0.2852 0.0000 0.6483 0.0665 
0.0000 0.9361 0.0000 0.0639 
0.0678 0.0038 0.9284 0.0000 
0.0703 0.6624 0.0000 0.2673 
0.9655 0.0345 0.0000 0.0000 
1.0000 0.0000 0.0000 0.0000 
0.0128 0.3593 0.1343 0.4936 
0.2724 0.2532 0.2737 0.2008 

MOTIF filter11 
letter-probability matrix: alength= 4 w= 18 nsites= 18 
0.2331 0.2466 0.2635 0.2568 
0.2297 0.3074 0.2736 0.1892 
0.2838 0.2601 0.2128 0.2432 
0.1216 0.7736 0.0743 0.0304 
0.9966 0.0000 0.0034 0.0000 
0.9831 0.0000 0.0169 0.0000 
0.4020 0.0608 0.5135 0.0236 
1.0000 0.0000 0.0000 0.0000 
0.0000 0.0000 0.0000 1.0000 
0.0000 0.0000 1.0000 0.0000 
0.0000 0.0000 1.0000 0.0000 
0.0439 0.8682 0.0000 0.0878 
0.1081 0.1926 0.4324 0.2669 
0.0777 0.0642 0.7939 0.0642 
0.1318 0.7872 0.0135 0.0676 
0.2568 0.2365 0.2128 0.2939 
0.2500 0.2466 0.2973 0.2061 
0.2568 0.2297 0.2905 0.2230 

MOTIF filter12 
letter-probability matrix: alength= 4 w= 19 nsites= 19 
0.2355 0.2548 0.2471 0.2625 
0.5251 0.2162 0.2548 0.0039 
0.5328 0.2046 0.1236 0.1390 
0.4903 0.1931 0.1390 0.1776 
0.0502 0.4015 0.0734 0.4749 
0.0618 0.3320 0.3552 0.2510 
0.3938 0.1081 0.4981 0.0000 
0.5598 0.0039 0.4015 0.0347 
0.0000 1.0000 0.0000 0.0000 
0.0000 1.0000 0.0000 0.0000 
1.0000 0.0000 0.0000 0.0000 
1.0000 0.0000 0.0000 0.0000 
0.0000 0.0000 0.0000 1.0000 
0.0077 0.8031 0.1892 0.0000 
0.8340 0.0039 0.1622 0.0000 
0.0541 0.0502 0.8958 0.0000 
0.2278 0.2625 0.2355 0.2741 
0.2664 0.1853 0.2432 0.3050 
0.2046 0.3127 0.2239 0.2587 

MOTIF filter13 
letter-probability matrix: alength= 4 w= 10 nsites= 10 
0.1215 0.5848 0.1165 0.1772 
0.0000 0.0000 0.0000 1.0000 
0.0000 0.0000 0.0000 1.0000 
0.0000 1.0000 0.0000 0.0000 
0.0000 1.0000 0.0000 0.0000 
0.0000 0.0000 0.9899 0.0101 
0.0000 0.0177 0.9823 0.0000 
0.2532 0.2278 0.2608 0.2582 
0.0000 0.2987 0.3570 0.3443 
0.2000 0.2532 0.2835 0.2633 

MOTIF filter14 
letter-probability matrix: alength= 4 w= 17 nsites= 17 
0.2896 0.5433 0.0358 0.1313 
0.2388 0.1791 0.0657 0.5164 
0.2896 0.1612 0.3134 0.2358 
0.6239 0.0597 0.0985 0.2179 
0.1672 0.3433 0.4478 0.0418 
0.0000 0.0000 0.0000 1.0000 
0.0179 0.9821 0.0000 0.0000 
1.0000 0.0000 0.0000 0.0000 
0.0000 0.0000 1.0000 0.0000 
0.0000 1.0000 0.0000 0.0000 
0.9940 0.0000 0.0000 0.0060 
0.4567 0.1642 0.1254 0.2537 
0.4269 0.0597 0.0090 0.5045 
0.4119 0.0746 0.0090 0.5045 
0.2627 0.1254 0.0328 0.5791 
0.2567 0.2149 0.2358 0.2925 
0.3045 0.2866 0.1821 0.2269 

MOTIF filter15 
letter-probability matrix: alength= 4 w= 15 nsites= 15 
0.2723 0.2977 0.2163 0.2137 
0.0687 0.1883 0.5064 0.2366 
0.0000 0.8092 0.0229 0.1679 
0.0000 0.8295 0.0000 0.1705 
0.0000 1.0000 0.0000 0.0000 
0.0000 1.0000 0.0000 0.0000 
0.0941 0.0000 0.6031 0.3028 
0.0000 1.0000 0.0000 0.0000 
0.0000 1.0000 0.0000 0.0000 
0.0000 0.7913 0.0000 0.2087 
0.0687 0.8346 0.0000 0.0967 
0.0356 0.6463 0.0509 0.2672 
0.2545 0.2519 0.2392 0.2545 
0.2850 0.2417 0.2239 0.2494 
0.2290 0.3003 0.2392 0.2316 

MOTIF filter16 
letter-probability matrix: alength= 4 w= 14 nsites= 14 
0.2708 0.2500 0.2365 0.2428 
0.1525 0.2184 0.1643 0.4648 
0.0000 0.0063 0.0000 0.9937 
0.0000 0.0000 0.0217 0.9783 
0.1236 0.8764 0.0000 0.0000 
0.0235 0.7310 0.0000 0.2455 
0.2545 0.2274 0.2446 0.2735 
0.2410 0.0000 0.7365 0.0226 
0.0000 0.0000 0.8863 0.1137 
0.9883 0.0117 0.0000 0.0000 
1.0000 0.0000 0.0000 0.0000 
0.4747 0.1426 0.2193 0.1634 
0.2392 0.2708 0.2473 0.2428 
0.2590 0.2301 0.2572 0.2536 

MOTIF filter17 
letter-probability matrix: alength= 4 w= 16 nsites= 16 
0.2483 0.2626 0.2455 0.2436 
0.2455 0.2701 0.2483 0.2360 
0.1242 0.0834 0.3327 0.4597 
0.0559 0.8152 0.0009 0.1280 
0.0000 0.0114 0.0000 0.9886 
0.9981 0.0000 0.0019 0.0000 
0.2967 0.0009 0.0066 0.6957 
0.4559 0.0066 0.0000 0.5374 
0.5460 0.0000 0.0009 0.4531 
0.6777 0.0038 0.0000 0.3185 
0.0019 0.0000 0.0000 0.9981 
0.9820 0.0009 0.0171 0.0000 
0.1365 0.0057 0.8066 0.0512 
0.4332 0.3536 0.0597 0.1536 
0.2749 0.2341 0.2569 0.2341 
0.2427 0.2815 0.2389 0.2370 

MOTIF filter18 
letter-probability matrix: alength= 4 w= 14 nsites= 14 
0.2558 0.2735 0.2340 0.2367 
0.2313 0.2762 0.2639 0.2286 
0.1034 0.0340 0.3497 0.5129 
0.0082 0.9116 0.0000 0.0803 
0.0000 0.0000 0.0000 1.0000 
1.0000 0.0000 0.0000 0.0000 
0.2381 0.0000 0.0027 0.7592 
0.4381 0.0000 0.0000 0.5619 
0.5347 0.0000 0.0000 0.4653 
0.6993 0.0014 0.0000 0.2993 
0.0000 0.0000 0.0000 1.0000 
1.0000 0.0000 0.0000 0.0000 
0.0327 0.0000 0.9456 0.0218 
0.4721 0.3714 0.0395 0.1170 

MOTIF filter19 
letter-probability matrix: alength= 4 w= 20 nsites= 20 
0.2874 0.2184 0.2184 0.2759 
0.3180 0.2337 0.2414 0.2069 
0.2414 0.2912 0.1877 0.2797 
0.2682 0.5862 0.0230 0.1226 
0.2452 0.1686 0.0805 0.5057 
0.2720 0.1379 0.3257 0.2644 
0.6935 0.0268 0.0920 0.1877 
0.1648 0.2835 0.5402 0.0115 
0.0000 0.0000 0.0000 1.0000 
0.0038 0.9962 0.0000 0.0000 
1.0000 0.0000 0.0000 0.0000 
0.0000 0.0000 0.9693 0.0307 
0.0000 1.0000 0.0000 0.0000 
1.0000 0.0000 0.0000 0.0000 
0.4330 0.1724 0.1034 0.2912 
0.4253 0.0307 0.0000 0.5441 
0.3755 0.0460 0.0000 0.5785 
0.3372 0.0958 0.0077 0.5594 
0.2759 0.2529 0.2605 0.2107 
0.2682 0.2567 0.2452 0.2299 

MOTIF filter20 
letter-probability matrix: alength= 4 w= 20 nsites= 20 
0.2911 0.2373 0.2300 0.2416 
0.1310 0.0626 0.0349 0.7715 
0.0189 0.0786 0.7162 0.1863 
0.4119 0.4192 0.0509 0.1179 
0.0000 0.9985 0.0015 0.0000 
0.0000 0.9956 0.0000 0.0044 
0.8836 0.0000 0.0029 0.1135 
0.0204 0.0000 0.0015 0.9782 
0.9985 0.0015 0.0000 0.0000 
0.0000 0.0000 0.0015 0.9985 
0.9927 0.0000 0.0000 0.0073 
0.1572 0.0029 0.0000 0.8399 
0.0000 0.0058 0.9942 0.0000 
0.0000 0.0000 1.0000 0.0000 
0.0873 0.0495 0.4294 0.4338 
0.2038 0.7118 0.0597 0.0247 
0.7656 0.0131 0.0422 0.1790 
0.2547 0.2838 0.2125 0.2489 
0.2096 0.2664 0.2707 0.2533 
0.2445 0.2227 0.2984 0.2344 

MOTIF filter21 
letter-probability matrix: alength= 4 w= 16 nsites= 16 
0.2930 0.2894 0.1905 0.2271 
0.2637 0.2894 0.2161 0.2308 
0.2088 0.2418 0.2821 0.2674 
0.0000 0.9341 0.0440 0.0220 
0.0000 0.1648 0.0000 0.8352 
0.0000 0.2381 0.7473 0.0147 
1.0000 0.0000 0.0000 0.0000 
0.0000 0.0000 0.0000 1.0000 
0.0000 0.0000 0.0000 1.0000 
0.0000 0.0000 1.0000 0.0000 
0.0000 0.0000 1.0000 0.0000 
0.0220 0.4212 0.0000 0.5568 
0.0110 0.4322 0.1172 0.4396 
0.1685 0.4689 0.3150 0.0476 
0.5018 0.1355 0.3114 0.0513 
0.1685 0.1245 0.2747 0.4322 

MOTIF filter22 
letter-probability matrix: alength= 4 w= 19 nsites= 19 
0.1660 0.0887 0.0557 0.6897 
0.0392 0.1010 0.6392 0.2206 
0.3959 0.3794 0.0897 0.1351 
0.0031 0.9825 0.0093 0.0052 
0.0010 0.9742 0.0041 0.0206 
0.8237 0.0031 0.0103 0.1629 
0.0330 0.0000 0.0021 0.9649 
0.9907 0.0062 0.0031 0.0000 
0.0000 0.0031 0.0031 0.9938 
0.9691 0.0052 0.0000 0.0258 
0.1639 0.0072 0.0021 0.8268 
0.0175 0.0113 0.9711 0.0000 
0.0041 0.0082 0.9835 0.0041 
0.1165 0.0794 0.3732 0.4309 
0.2247 0.6247 0.1113 0.0392 
0.6918 0.0371 0.0856 0.1856 
0.2485 0.2732 0.2392 0.2392 
0.2351 0.2546 0.2608 0.2495 
0.2464 0.2351 0.2619 0.2567 

MOTIF filter23 
letter-probability matrix: alength= 4 w= 20 nsites= 20 
0.2238 0.2484 0.2639 0.2639 
0.2109 0.2885 0.2717 0.2290 
0.2885 0.2445 0.2199 0.2471 
0.1565 0.0673 0.0246 0.7516 
0.0272 0.0712 0.6805 0.2212 
0.4191 0.4023 0.0699 0.1087 
0.0000 1.0000 0.0000 0.0000 
0.0000 0.9987 0.0000 0.0013 
0.8189 0.0000 0.0065 0.1746 
0.0039 0.0000 0.0000 0.9961 
1.0000 0.0000 0.0000 0.0000 
0.0000 0.0000 0.0013 0.9987 
0.9922 0.0000 0.0000 0.0078 
0.1332 0.0013 0.0000 0.8655 
0.0026 0.0026 0.9948 0.0000 
0.0000 0.0013 0.9987 0.0000 
0.1087 0.0699 0.3868 0.4347 
0.2290 0.6520 0.0893 0.0298 
0.7387 0.0323 0.0647 0.1643 
0.2160 0.2781 0.2523 0.2536 

MOTIF filter24 
letter-probability matrix: alength= 4 w= 13 nsites= 13 
0.2065 0.2655 0.2507 0.2773 
0.1740 0.1770 0.3628 0.2861 
0.0177 0.4867 0.2389 0.2566 
0.0590 0.6401 0.1445 0.1563 
0.7493 0.0059 0.2389 0.0059 
0.0000 0.9794 0.0000 0.0206 
0.0000 0.0000 0.0000 1.0000 
0.0000 0.0000 0.0000 1.0000 
0.0000 1.0000 0.0000 0.0000 
0.0000 1.0000 0.0000 0.0000 
0.0000 0.0000 0.9794 0.0206 
0.0000 0.1770 0.8053 0.0177 
0.2802 0.1888 0.2478 0.2832 

MOTIF filter25 
letter-probability matrix: alength= 4 w= 17 nsites= 17 
0.2673 0.2442 0.2541 0.2343 
0.2442 0.2772 0.2343 0.2442 
0.5314 0.0066 0.1254 0.3366 
0.6634 0.0099 0.0396 0.2871 
0.4422 0.0000 0.0264 0.5314 
0.2838 0.1485 0.1485 0.4191 
0.0066 0.0000 0.0000 0.9934 
0.0000 0.0000 1.0000 0.0000 
0.0132 0.9868 0.0000 0.0000 
0.0000 0.0000 0.0000 1.0000 
0.0000 0.0000 0.9934 0.0066 
1.0000 0.0000 0.0000 0.0000 
0.0264 0.5083 0.3102 0.1551 
0.2013 0.1188 0.0330 0.6469 
0.1914 0.3696 0.1188 0.3201 
0.5314 0.0495 0.1815 0.2376 
0.1452 0.0429 0.5578 0.2541 

MOTIF filter26 
letter-probability matrix: alength= 4 w= 20 nsites= 20 
0.2381 0.2381 0.2575 0.2662 
0.4521 0.3069 0.2139 0.0271 
0.5034 0.2391 0.0920 0.1655 
0.5789 0.3136 0.0581 0.0494 
0.1045 0.1375 0.1326 0.6254 
0.1772 0.3553 0.0687 0.3988 
0.5382 0.0048 0.1859 0.2711 
0.8006 0.0455 0.1530 0.0010 
0.4288 0.2188 0.3427 0.0097 
0.2865 0.1549 0.0300 0.5286 
0.0455 0.0939 0.2856 0.5750 
0.2924 0.3611 0.2023 0.1442 
0.1462 0.3059 0.4221 0.1258 
0.2827 0.5363 0.1810 0.0000 
0.0194 0.1404 0.3988 0.4414 
0.2865 0.1433 0.1859 0.3843 
0.0000 0.3098 0.0668 0.6234 
0.1859 0.1723 0.0997 0.5421 
0.6476 0.0416 0.0077 0.3030 
0.2623 0.1200 0.0039 0.6137 

MOTIF filter27 
letter-probability matrix: alength= 4 w= 13 nsites= 13 
0.2500 0.2473 0.2445 0.2582 
0.0082 0.8159 0.0687 0.1071 
0.0000 0.1841 0.0027 0.8132 
0.0000 0.2308 0.7500 0.0192 
1.0000 0.0000 0.0000 0.0000 
0.0000 0.0000 0.0000 1.0000 
0.0000 0.0000 0.0000 1.0000 
0.0000 0.0000 1.0000 0.0000 
0.0000 0.0000 1.0000 0.0000 
0.0495 0.3736 0.0110 0.5659 
0.0110 0.4286 0.1374 0.4231 
0.1951 0.4093 0.3269 0.0687 
0.4643 0.1374 0.3379 0.0604 

MOTIF filter28 
letter-probability matrix: alength= 4 w= 16 nsites= 16 
0.2394 0.2357 0.2523 0.2726 
0.2376 0.2505 0.2836 0.2284 
0.2210 0.2615 0.2578 0.2597 
0.5322 0.1013 0.3665 0.0000 
0.0000 0.0000 0.0000 1.0000 
0.0000 0.0000 0.0092 0.9908 
0.2726 0.0000 0.6851 0.0424 
0.0000 0.9761 0.0000 0.0239 
0.0460 0.0000 0.9540 0.0000 
0.0497 0.7643 0.0000 0.1860 
0.9982 0.0018 0.0000 0.0000 
1.0000 0.0000 0.0000 0.0000 
0.0000 0.3499 0.0773 0.5727 
0.2910 0.2707 0.2449 0.1934 
0.2228 0.2118 0.2689 0.2965 
0.2560 0.2523 0.2689 0.2228 

MOTIF filter29 
letter-probability matrix: alength= 4 w= 9 nsites= 9 
0.2304 0.2622 0.2622 0.2453 
0.3793 0.2145 0.2582 0.1480 
0.2274 0.2999 0.3098 0.1629 
0.0000 1.0000 0.0000 0.0000 
1.0000 0.0000 0.0000 0.0000 
0.0000 1.0000 0.0000 0.0000 
0.0000 0.0000 1.0000 0.0000 
0.0000 0.0000 0.0000 1.0000 
0.0000 0.0000 1.0000 0.0000 

MOTIF filter30 
letter-probability matrix: alength= 4 w= 17 nsites= 17 
0.2007 0.0810 0.1866 0.5317 
0.2148 0.2676 0.1831 0.3345 
0.0845 0.1655 0.2254 0.5246 
0.0704 0.2148 0.7113 0.0035 
0.5000 0.1866 0.2746 0.0387 
0.4155 0.0951 0.0352 0.4542 
0.1725 0.1655 0.1549 0.5070 
0.0035 0.1585 0.2324 0.6056 
0.9437 0.0000 0.0563 0.0000 
0.2606 0.0000 0.0458 0.6937 
0.0423 0.2465 0.0739 0.6373 
0.8099 0.0176 0.0106 0.1620 
0.9296 0.0035 0.0106 0.0563 
0.8345 0.0458 0.0951 0.0246 
0.0915 0.1937 0.4331 0.2817 
0.3028 0.1796 0.2254 0.2923 
0.1444 0.4085 0.1866 0.2606 

MOTIF filter31 
letter-probability matrix: alength= 4 w= 10 nsites= 10 
0.2519 0.2410 0.2280 0.2791 
0.6508 0.0000 0.0000 0.3492 
0.0000 0.0000 0.0000 1.0000 
0.0000 0.0129 0.0000 0.9871 
0.9551 0.0000 0.0449 0.0000 
1.0000 0.0000 0.0000 0.0000 
0.3506 0.0000 0.0000 0.6494 
0.2784 0.2287 0.2464 0.2464 
0.2417 0.2566 0.2614 0.2403 
0.2580 0.2573 0.2280 0.2566 

