MEME version 4

ALPHABET= ACGT

Background letter frequencies:
A 0.2500 C 0.2500 G 0.2500 T 0.2500 

MOTIF filter0 
letter-probability matrix: alength= 4 w= 15 nsites= 15 
0.2121 0.2813 0.2489 0.2577 
0.2577 0.2430 0.2415 0.2577 
0.2430 0.2784 0.2518 0.2268 
0.5169 0.1208 0.3623 0.0000 
0.0000 0.0000 0.0000 1.0000 
0.0000 0.0000 0.0029 0.9971 
0.2842 0.0000 0.6348 0.0810 
0.0000 0.9809 0.0000 0.0191 
0.0707 0.0000 0.9293 0.0000 
0.0604 0.6789 0.0000 0.2607 
0.9617 0.0383 0.0000 0.0000 
1.0000 0.0000 0.0000 0.0000 
0.0133 0.3535 0.1340 0.4993 
0.2415 0.2725 0.2769 0.2091 
0.2489 0.1944 0.2504 0.3063 

MOTIF filter1 
letter-probability matrix: alength= 4 w= 15 nsites= 15 
0.2511 0.2533 0.2555 0.2401 
0.2445 0.2621 0.2313 0.2621 
0.6079 0.0264 0.3656 0.0000 
0.0000 0.0000 0.0000 1.0000 
0.0000 0.0000 0.0022 0.9978 
0.2511 0.0000 0.7291 0.0198 
0.0000 0.9273 0.0000 0.0727 
0.0044 0.0022 0.9934 0.0000 
0.0220 0.7225 0.0000 0.2555 
1.0000 0.0000 0.0000 0.0000 
1.0000 0.0000 0.0000 0.0000 
0.0066 0.3524 0.0947 0.5463 
0.3436 0.2335 0.2687 0.1542 
0.2313 0.2159 0.2819 0.2709 
0.2467 0.2533 0.2533 0.2467 

MOTIF filter2 
letter-probability matrix: alength= 4 w= 9 nsites= 9 
0.2612 0.2586 0.2328 0.2474 
0.2681 0.2509 0.2095 0.2716 
0.2698 0.2379 0.2241 0.2681 
1.0000 0.0000 0.0000 0.0000 
0.0000 0.0000 0.0000 1.0000 
0.0000 0.2431 0.0000 0.7569 
1.0000 0.0000 0.0000 0.0000 
1.0000 0.0000 0.0000 0.0000 
0.5629 0.0000 0.0000 0.4371 

MOTIF filter3 
letter-probability matrix: alength= 4 w= 11 nsites= 11 
0.3687 0.2341 0.3239 0.0733 
0.0030 0.0000 0.0000 0.9970 
0.0007 0.0000 0.9088 0.0905 
1.0000 0.0000 0.0000 0.0000 
0.0449 0.4533 0.4585 0.0434 
0.0000 0.0000 0.0000 1.0000 
0.0314 0.9686 0.0000 0.0000 
1.0000 0.0000 0.0000 0.0000 
0.0292 0.3194 0.2618 0.3897 
0.2132 0.3747 0.1907 0.2214 
0.2730 0.2229 0.2655 0.2386 

MOTIF filter4 
letter-probability matrix: alength= 4 w= 14 nsites= 14 
0.1834 0.2092 0.3868 0.2206 
0.0430 0.4785 0.2063 0.2722 
0.1203 0.5845 0.1289 0.1662 
0.6762 0.0287 0.2636 0.0315 
0.0000 0.9456 0.0086 0.0458 
0.0000 0.0000 0.0000 1.0000 
0.0000 0.0000 0.0000 1.0000 
0.0000 1.0000 0.0000 0.0000 
0.0000 1.0000 0.0000 0.0000 
0.0000 0.0000 0.9857 0.0143 
0.0000 0.0888 0.9054 0.0057 
0.3438 0.1605 0.2378 0.2579 
0.3410 0.1777 0.2464 0.2350 
0.2436 0.2149 0.2808 0.2607 

MOTIF filter5 
letter-probability matrix: alength= 4 w= 17 nsites= 17 
0.2204 0.2971 0.2748 0.2077 
0.2652 0.2556 0.2077 0.2716 
0.1629 0.6709 0.1182 0.0479 
0.9840 0.0000 0.0160 0.0000 
0.9744 0.0064 0.0192 0.0000 
0.4217 0.0895 0.4665 0.0224 
1.0000 0.0000 0.0000 0.0000 
0.0000 0.0000 0.0000 1.0000 
0.0000 0.0000 1.0000 0.0000 
0.0000 0.0000 1.0000 0.0000 
0.0511 0.8626 0.0000 0.0863 
0.1246 0.1789 0.4313 0.2652 
0.0447 0.0447 0.8562 0.0543 
0.0895 0.8371 0.0064 0.0671 
0.2652 0.2109 0.2332 0.2907 
0.2396 0.2460 0.3035 0.2109 
0.2812 0.2300 0.2780 0.2109 

MOTIF filter6 
letter-probability matrix: alength= 4 w= 12 nsites= 12 
0.2295 0.2641 0.2621 0.2443 
0.3907 0.2057 0.2572 0.1464 
0.2275 0.3066 0.3126 0.1533 
0.0000 1.0000 0.0000 0.0000 
1.0000 0.0000 0.0000 0.0000 
0.0000 0.9960 0.0000 0.0040 
0.0000 0.0000 1.0000 0.0000 
0.0000 0.0000 0.0000 1.0000 
0.0000 0.0000 1.0000 0.0000 
0.1682 0.2898 0.3126 0.2295 
0.1731 0.2413 0.1662 0.4194 
0.2364 0.2552 0.2453 0.2631 

MOTIF filter7 
letter-probability matrix: alength= 4 w= 19 nsites= 19 
0.1719 0.0926 0.0590 0.6765 
0.0376 0.1017 0.6419 0.2187 
0.4039 0.3774 0.0885 0.1302 
0.0031 0.9807 0.0132 0.0031 
0.0020 0.9695 0.0071 0.0214 
0.8169 0.0020 0.0122 0.1689 
0.0305 0.0000 0.0020 0.9674 
0.9837 0.0081 0.0061 0.0020 
0.0000 0.0031 0.0031 0.9939 
0.9664 0.0061 0.0000 0.0275 
0.1658 0.0081 0.0020 0.8240 
0.0132 0.0142 0.9715 0.0010 
0.0061 0.0081 0.9827 0.0031 
0.1180 0.0783 0.3764 0.4273 
0.2228 0.6307 0.1048 0.0417 
0.6897 0.0427 0.0814 0.1862 
0.2472 0.2686 0.2350 0.2492 
0.2370 0.2574 0.2614 0.2442 
0.2442 0.2370 0.2625 0.2564 

MOTIF filter8 
letter-probability matrix: alength= 4 w= 15 nsites= 15 
0.2436 0.2351 0.2238 0.2975 
0.2521 0.2153 0.2748 0.2578 
0.2181 0.2861 0.2521 0.2436 
0.0000 0.8782 0.1218 0.0000 
0.0283 0.9717 0.0000 0.0000 
0.0000 0.0000 1.0000 0.0000 
0.0000 0.0000 1.0000 0.0000 
1.0000 0.0000 0.0000 0.0000 
1.0000 0.0000 0.0000 0.0000 
0.0453 0.0085 0.9462 0.0000 
0.0255 0.3031 0.0113 0.6601 
0.1671 0.0963 0.6799 0.0567 
0.2691 0.2550 0.4504 0.0255 
0.2153 0.3569 0.2663 0.1615 
0.2068 0.2975 0.2550 0.2408 

MOTIF filter9 
letter-probability matrix: alength= 4 w= 16 nsites= 16 
0.2452 0.2516 0.2194 0.2839 
0.2559 0.2538 0.2430 0.2473 
0.0989 0.1591 0.1591 0.5828 
0.0000 0.0000 0.0000 1.0000 
0.0000 0.0000 0.0022 0.9978 
0.0237 0.9763 0.0000 0.0000 
0.0151 0.7097 0.0000 0.2753 
0.3570 0.0882 0.3505 0.2043 
0.0215 0.0000 0.9785 0.0000 
0.0000 0.0000 1.0000 0.0000 
1.0000 0.0000 0.0000 0.0000 
1.0000 0.0000 0.0000 0.0000 
0.6602 0.0645 0.1376 0.1376 
0.2151 0.2882 0.2538 0.2430 
0.2753 0.2000 0.2989 0.2258 
0.2581 0.3011 0.2344 0.2065 

MOTIF filter10 
letter-probability matrix: alength= 4 w= 18 nsites= 18 
0.0318 0.0966 0.6493 0.2224 
0.4117 0.4104 0.0559 0.1220 
0.0000 1.0000 0.0000 0.0000 
0.0000 0.9987 0.0000 0.0013 
0.8463 0.0013 0.0064 0.1461 
0.0127 0.0000 0.0000 0.9873 
1.0000 0.0000 0.0000 0.0000 
0.0000 0.0000 0.0000 1.0000 
0.9924 0.0000 0.0000 0.0076 
0.1436 0.0000 0.0000 0.8564 
0.0000 0.0013 0.9987 0.0000 
0.0000 0.0000 1.0000 0.0000 
0.1017 0.0610 0.4104 0.4269 
0.2224 0.6620 0.0889 0.0267 
0.7535 0.0229 0.0546 0.1690 
0.2389 0.2821 0.2351 0.2440 
0.2211 0.2618 0.2618 0.2554 
0.2490 0.2351 0.2732 0.2427 

MOTIF filter11 
letter-probability matrix: alength= 4 w= 15 nsites= 15 
0.1787 0.2809 0.2511 0.2894 
0.1319 0.1447 0.4255 0.2979 
0.0170 0.5064 0.2298 0.2468 
0.0128 0.7574 0.1277 0.1021 
0.7872 0.0043 0.2085 0.0000 
0.0000 0.9872 0.0043 0.0085 
0.0000 0.0000 0.0000 1.0000 
0.0000 0.0000 0.0000 1.0000 
0.0000 1.0000 0.0000 0.0000 
0.0000 1.0000 0.0000 0.0000 
0.0000 0.0000 0.9957 0.0043 
0.0000 0.1617 0.8383 0.0000 
0.2128 0.1957 0.2894 0.3021 
0.2468 0.2298 0.2553 0.2681 
0.2681 0.2085 0.2340 0.2894 

MOTIF filter12 
letter-probability matrix: alength= 4 w= 15 nsites= 15 
0.2722 0.2514 0.1972 0.2792 
0.2375 0.2833 0.2250 0.2542 
0.1208 0.2153 0.1278 0.5361 
0.0000 0.0014 0.0000 0.9986 
0.0000 0.0000 0.0028 0.9972 
0.0486 0.9514 0.0000 0.0000 
0.0000 0.7944 0.0000 0.2056 
0.2819 0.2000 0.2681 0.2500 
0.1389 0.0000 0.8611 0.0000 
0.0000 0.0000 0.9639 0.0361 
1.0000 0.0000 0.0000 0.0000 
1.0000 0.0000 0.0000 0.0000 
0.5611 0.0986 0.1931 0.1472 
0.2208 0.2708 0.2417 0.2667 
0.2333 0.2556 0.2764 0.2347 

MOTIF filter13 
letter-probability matrix: alength= 4 w= 10 nsites= 10 
0.2489 0.2757 0.2399 0.2355 
0.5171 0.1714 0.2414 0.0700 
0.1908 0.3636 0.3770 0.0686 
0.0000 1.0000 0.0000 0.0000 
1.0000 0.0000 0.0000 0.0000 
0.0000 1.0000 0.0000 0.0000 
0.0000 0.0000 1.0000 0.0000 
0.0000 0.0000 0.0000 1.0000 
0.0000 0.0000 1.0000 0.0000 
0.0551 0.3532 0.3636 0.2280 

MOTIF filter14 
letter-probability matrix: alength= 4 w= 18 nsites= 18 
0.2774 0.2484 0.2161 0.2581 
0.2419 0.2839 0.2677 0.2065 
0.2323 0.2516 0.2516 0.2645 
0.1226 0.0161 0.7032 0.1581 
0.0677 0.7355 0.1129 0.0839 
0.2935 0.3548 0.2548 0.0968 
0.0387 0.0000 0.8774 0.0839 
0.0000 1.0000 0.0000 0.0000 
0.0000 1.0000 0.0000 0.0000 
1.0000 0.0000 0.0000 0.0000 
0.0000 0.0000 0.0000 1.0000 
0.0065 0.4645 0.1387 0.3903 
0.0000 0.0129 0.0000 0.9871 
0.0000 0.0097 0.0000 0.9903 
0.0645 0.0839 0.7323 0.1194 
0.2806 0.2258 0.2484 0.2452 
0.1935 0.2774 0.2710 0.2581 
0.2258 0.2935 0.2484 0.2323 

MOTIF filter15 
letter-probability matrix: alength= 4 w= 18 nsites= 18 
0.2291 0.2873 0.2291 0.2545 
0.2545 0.2327 0.2582 0.2545 
0.2691 0.2836 0.2145 0.2327 
0.5636 0.0000 0.0982 0.3382 
0.6909 0.0000 0.0145 0.2945 
0.4255 0.0000 0.0182 0.5564 
0.2836 0.1455 0.1382 0.4327 
0.0109 0.0000 0.0000 0.9891 
0.0000 0.0000 1.0000 0.0000 
0.0145 0.9855 0.0000 0.0000 
0.0000 0.0000 0.0000 1.0000 
0.0000 0.0000 0.9709 0.0291 
1.0000 0.0000 0.0000 0.0000 
0.0218 0.5309 0.3091 0.1382 
0.2036 0.1273 0.0509 0.6182 
0.1782 0.4109 0.1127 0.2982 
0.5709 0.0436 0.1782 0.2073 
0.1164 0.0473 0.5964 0.2400 

MOTIF filter16 
letter-probability matrix: alength= 4 w= 14 nsites= 14 
0.2299 0.2328 0.2925 0.2448 
0.2478 0.0478 0.6478 0.0567 
0.1224 0.0000 0.8179 0.0597 
0.1612 0.0000 0.8388 0.0000 
0.0000 0.0000 1.0000 0.0000 
0.0000 0.0000 1.0000 0.0000 
0.3015 0.5791 0.0000 0.1194 
0.0000 0.0000 1.0000 0.0000 
0.0000 0.0000 1.0000 0.0000 
0.1522 0.0000 0.8478 0.0000 
0.1821 0.0179 0.8000 0.0000 
0.1582 0.5940 0.1761 0.0716 
0.2776 0.1970 0.3015 0.2239 
0.2448 0.2985 0.2030 0.2537 

MOTIF filter17 
letter-probability matrix: alength= 4 w= 13 nsites= 13 
0.2455 0.2365 0.2695 0.2485 
0.2246 0.3084 0.2455 0.2216 
0.2844 0.2126 0.2066 0.2964 
0.1317 0.7425 0.0928 0.0329 
1.0000 0.0000 0.0000 0.0000 
0.9940 0.0000 0.0060 0.0000 
0.4222 0.0539 0.5120 0.0120 
1.0000 0.0000 0.0000 0.0000 
0.0000 0.0000 0.0000 1.0000 
0.0000 0.0000 1.0000 0.0000 
0.0000 0.0000 1.0000 0.0000 
0.0449 0.8743 0.0000 0.0808 
0.0958 0.2335 0.4222 0.2485 

MOTIF filter18 
letter-probability matrix: alength= 4 w= 10 nsites= 10 
0.2573 0.2585 0.2354 0.2488 
0.0049 0.0000 0.0000 0.9951 
0.0000 0.0000 0.0000 1.0000 
0.0000 0.0000 0.0000 1.0000 
0.5500 0.0000 0.4500 0.0000 
1.0000 0.0000 0.0000 0.0000 
0.0000 0.0000 0.0000 1.0000 
0.2305 0.2634 0.2512 0.2549 
0.2585 0.2439 0.2561 0.2415 
0.2378 0.2439 0.2671 0.2512 

MOTIF filter19 
letter-probability matrix: alength= 4 w= 12 nsites= 12 
0.2441 0.1593 0.3898 0.2068 
0.4441 0.1582 0.3977 0.0000 
0.0000 0.0000 0.0000 1.0000 
0.0000 0.0000 1.0000 0.0000 
1.0000 0.0000 0.0000 0.0000 
0.0000 0.4983 0.5017 0.0000 
0.0000 0.0000 0.0000 1.0000 
0.0000 1.0000 0.0000 0.0000 
1.0000 0.0000 0.0000 0.0000 
0.0000 0.3288 0.2407 0.4305 
0.2192 0.3672 0.1955 0.2181 
0.2316 0.2136 0.2904 0.2644 

MOTIF filter20 
letter-probability matrix: alength= 4 w= 20 nsites= 20 
0.2588 0.2574 0.2485 0.2353 
0.4015 0.3897 0.1191 0.0897 
0.2029 0.3088 0.2029 0.2853 
0.6971 0.0559 0.0515 0.1956 
0.5985 0.0309 0.1529 0.2176 
0.2559 0.0309 0.5691 0.1441 
0.1765 0.1103 0.1000 0.6132 
0.1824 0.4882 0.1765 0.1529 
0.6368 0.1206 0.2015 0.0412 
0.2103 0.3897 0.3676 0.0324 
0.0132 0.6926 0.0000 0.2941 
0.7426 0.0956 0.0647 0.0971 
0.3485 0.4441 0.1221 0.0853 
0.0059 0.0618 0.6397 0.2926 
0.2235 0.0397 0.0103 0.7265 
0.3426 0.0235 0.6088 0.0250 
0.2735 0.6309 0.0500 0.0456 
0.1868 0.1176 0.1088 0.5868 
0.2985 0.0265 0.2824 0.3926 
0.3412 0.2750 0.3059 0.0779 

MOTIF filter21 
letter-probability matrix: alength= 4 w= 18 nsites= 18 
0.2921 0.5395 0.0206 0.1478 
0.2062 0.2027 0.0653 0.5258 
0.2818 0.1443 0.3299 0.2440 
0.6220 0.0481 0.1306 0.1993 
0.1306 0.3024 0.5292 0.0378 
0.0000 0.0000 0.0000 1.0000 
0.0034 0.9966 0.0000 0.0000 
1.0000 0.0000 0.0000 0.0000 
0.0000 0.0000 0.9725 0.0275 
0.0000 1.0000 0.0000 0.0000 
1.0000 0.0000 0.0000 0.0000 
0.4296 0.1546 0.1443 0.2715 
0.4742 0.0172 0.0000 0.5086 
0.3608 0.0378 0.0103 0.5911 
0.3093 0.1306 0.0137 0.5464 
0.2990 0.2509 0.2405 0.2096 
0.2577 0.2646 0.2543 0.2234 
0.2062 0.2646 0.2715 0.2577 

MOTIF filter22 
letter-probability matrix: alength= 4 w= 17 nsites= 17 
0.5589 0.0608 0.0951 0.2852 
0.5171 0.0000 0.0076 0.4753 
0.2814 0.1711 0.1179 0.4297 
0.0038 0.0000 0.0000 0.9962 
0.0000 0.0000 1.0000 0.0000 
0.0076 0.9924 0.0000 0.0000 
0.0000 0.0000 0.0000 1.0000 
0.0000 0.0000 0.9848 0.0152 
1.0000 0.0000 0.0000 0.0000 
0.0190 0.5551 0.2738 0.1521 
0.1977 0.0722 0.0304 0.6996 
0.1559 0.3802 0.1103 0.3536 
0.4905 0.0418 0.2357 0.2319 
0.1331 0.0228 0.6046 0.2395 
0.3042 0.2167 0.2890 0.1901 
0.2738 0.1711 0.3118 0.2433 
0.1939 0.2319 0.2928 0.2814 

MOTIF filter23 
letter-probability matrix: alength= 4 w= 16 nsites= 16 
0.4534 0.2150 0.1554 0.1762 
0.0751 0.3601 0.1088 0.4560 
0.0674 0.3212 0.3705 0.2409 
0.4275 0.1295 0.4430 0.0000 
0.5699 0.0078 0.3782 0.0440 
0.0000 1.0000 0.0000 0.0000 
0.0000 1.0000 0.0000 0.0000 
1.0000 0.0000 0.0000 0.0000 
1.0000 0.0000 0.0000 0.0000 
0.0000 0.0000 0.0000 1.0000 
0.0259 0.7720 0.2021 0.0000 
0.8368 0.0026 0.1606 0.0000 
0.0648 0.0699 0.8627 0.0026 
0.2176 0.2772 0.2254 0.2798 
0.2642 0.1969 0.2694 0.2694 
0.2383 0.2694 0.2280 0.2642 

MOTIF filter24 
letter-probability matrix: alength= 4 w= 16 nsites= 16 
0.3049 0.2455 0.2610 0.1886 
0.2610 0.3101 0.2248 0.2041 
0.0724 0.1912 0.4961 0.2403 
0.0000 0.8062 0.0207 0.1731 
0.0000 0.8346 0.0000 0.1654 
0.0000 1.0000 0.0000 0.0000 
0.0000 1.0000 0.0000 0.0000 
0.0956 0.0000 0.6072 0.2972 
0.0000 1.0000 0.0000 0.0000 
0.0000 1.0000 0.0000 0.0000 
0.0000 0.8062 0.0000 0.1938 
0.0646 0.8475 0.0000 0.0879 
0.0388 0.6408 0.0543 0.2661 
0.2558 0.2455 0.2429 0.2558 
0.2817 0.2403 0.2326 0.2455 
0.2171 0.3049 0.2429 0.2351 

MOTIF filter25 
letter-probability matrix: alength= 4 w= 15 nsites= 15 
0.2135 0.2599 0.3155 0.2111 
0.2088 0.2645 0.2529 0.2738 
0.4617 0.1276 0.3875 0.0232 
0.0000 0.0000 0.0000 1.0000 
0.0000 0.0000 0.0116 0.9884 
0.3155 0.0000 0.6543 0.0302 
0.0000 0.9861 0.0000 0.0139 
0.0557 0.0000 0.9443 0.0000 
0.0325 0.8794 0.0000 0.0882 
1.0000 0.0000 0.0000 0.0000 
1.0000 0.0000 0.0000 0.0000 
0.0000 0.3573 0.0487 0.5940 
0.2622 0.2483 0.2761 0.2135 
0.2135 0.2158 0.2854 0.2854 
0.2947 0.2204 0.3016 0.1833 

MOTIF filter26 
letter-probability matrix: alength= 4 w= 16 nsites= 16 
0.2522 0.2579 0.2450 0.2450 
0.2478 0.2694 0.2450 0.2378 
0.1458 0.0999 0.3226 0.4318 
0.0639 0.7644 0.0172 0.1545 
0.0043 0.0316 0.0093 0.9547 
0.9784 0.0072 0.0086 0.0057 
0.2996 0.0093 0.0201 0.6710 
0.4432 0.0093 0.0093 0.5381 
0.5237 0.0072 0.0115 0.4576 
0.6580 0.0093 0.0000 0.3326 
0.0165 0.0129 0.0144 0.9562 
0.9511 0.0065 0.0323 0.0101 
0.1523 0.0093 0.7694 0.0690 
0.4167 0.3542 0.0675 0.1616 
0.2565 0.2471 0.2615 0.2349 
0.2586 0.2687 0.2364 0.2364 

MOTIF filter27 
letter-probability matrix: alength= 4 w= 16 nsites= 16 
0.2981 0.2818 0.2276 0.1924 
0.2873 0.2141 0.2195 0.2791 
0.2629 0.2114 0.2304 0.2954 
0.1463 0.1491 0.0488 0.6558 
0.0000 0.0000 0.0000 1.0000 
0.0000 0.0000 0.0000 1.0000 
0.0000 1.0000 0.0000 0.0000 
0.0000 0.9810 0.0000 0.0190 
0.1220 0.3659 0.0434 0.4688 
0.3631 0.0000 0.6287 0.0081 
0.0000 0.0000 0.9648 0.0352 
1.0000 0.0000 0.0000 0.0000 
1.0000 0.0000 0.0000 0.0000 
0.6070 0.1409 0.1680 0.0840 
0.2195 0.2547 0.2764 0.2493 
0.2818 0.2575 0.2060 0.2547 

MOTIF filter28 
letter-probability matrix: alength= 4 w= 18 nsites= 18 
0.2905 0.5574 0.0405 0.1115 
0.2466 0.1993 0.0676 0.4865 
0.2669 0.1655 0.3277 0.2399 
0.6520 0.0405 0.0912 0.2162 
0.1622 0.3412 0.4730 0.0236 
0.0000 0.0000 0.0000 1.0000 
0.0135 0.9865 0.0000 0.0000 
1.0000 0.0000 0.0000 0.0000 
0.0000 0.0000 1.0000 0.0000 
0.0000 1.0000 0.0000 0.0000 
0.9932 0.0000 0.0000 0.0068 
0.4899 0.1554 0.0946 0.2601 
0.3851 0.0541 0.0068 0.5541 
0.4122 0.0878 0.0000 0.5000 
0.2939 0.1014 0.0203 0.5845 
0.2635 0.1858 0.2601 0.2905 
0.3074 0.2939 0.1689 0.2297 
0.2331 0.3243 0.2095 0.2331 

MOTIF filter29 
letter-probability matrix: alength= 4 w= 15 nsites= 15 
0.2776 0.3085 0.2031 0.2108 
0.2674 0.2751 0.2288 0.2288 
0.2365 0.2416 0.2571 0.2648 
0.0051 0.8123 0.0951 0.0874 
0.0000 0.1799 0.0000 0.8201 
0.0000 0.2468 0.7326 0.0206 
1.0000 0.0000 0.0000 0.0000 
0.0000 0.0000 0.0000 1.0000 
0.0000 0.0000 0.0000 1.0000 
0.0000 0.0000 1.0000 0.0000 
0.0000 0.0000 1.0000 0.0000 
0.0463 0.3959 0.0051 0.5527 
0.0103 0.4396 0.1414 0.4087 
0.1851 0.4242 0.3085 0.0823 
0.4627 0.1465 0.3265 0.0643 

MOTIF filter30 
letter-probability matrix: alength= 4 w= 20 nsites= 20 
0.1364 0.3182 0.2727 0.2727 
0.0909 0.7727 0.0000 0.1364 
0.3182 0.0000 0.3182 0.3636 
0.0000 0.6364 0.3182 0.0455 
0.0000 0.0000 0.8182 0.1818 
0.3636 0.2273 0.0909 0.3182 
0.0000 1.0000 0.0000 0.0000 
0.3636 0.4545 0.1818 0.0000 
0.0455 0.6818 0.2727 0.0000 
0.0455 0.1364 0.4091 0.4091 
0.0455 0.4545 0.5000 0.0000 
0.5000 0.4545 0.0000 0.0455 
0.4545 0.2727 0.0000 0.2727 
0.0000 0.5455 0.4091 0.0455 
0.0000 0.0000 1.0000 0.0000 
0.0909 0.0455 0.7727 0.0909 
0.5455 0.0000 0.4545 0.0000 
0.2273 0.4091 0.3636 0.0000 
0.0000 0.0000 1.0000 0.0000 
0.0000 0.1364 0.1364 0.7273 

MOTIF filter31 
letter-probability matrix: alength= 4 w= 17 nsites= 17 
0.2705 0.2432 0.2329 0.2534 
0.2466 0.3562 0.1918 0.2055 
0.6027 0.0000 0.0822 0.3151 
0.7226 0.0068 0.0205 0.2500 
0.3973 0.0103 0.0137 0.5788 
0.3253 0.1336 0.2260 0.3151 
0.0000 0.0000 0.0000 1.0000 
0.0000 0.1370 0.8630 0.0000 
0.2329 0.7671 0.0000 0.0000 
0.0000 0.0000 0.0479 0.9521 
0.0000 0.1062 0.8938 0.0000 
1.0000 0.0000 0.0000 0.0000 
0.0616 0.4349 0.2842 0.2192 
0.1473 0.0514 0.0205 0.7808 
0.2123 0.3425 0.0685 0.3767 
0.4349 0.0651 0.0856 0.4144 
0.1918 0.1062 0.4384 0.2637 

