MEME version 4

ALPHABET= ACGT

Background letter frequencies:
A 0.2500 C 0.2500 G 0.2500 T 0.2500 

MOTIF filter0 
letter-probability matrix: alength= 4 w= 12 nsites= 12 
0.0604 0.3666 0.2790 0.2941 
0.1158 0.5156 0.2044 0.1641 
0.5166 0.0685 0.3162 0.0987 
0.0111 0.7462 0.0775 0.1652 
0.0091 0.0181 0.0191 0.9537 
0.0010 0.0091 0.0141 0.9758 
0.1349 0.7704 0.0514 0.0433 
0.0725 0.7795 0.0091 0.1390 
0.0201 0.0020 0.4864 0.4914 
0.0433 0.3152 0.2900 0.3515 
0.0242 0.2155 0.2165 0.5438 
0.0151 0.3625 0.1893 0.4330 

MOTIF filter1 
letter-probability matrix: alength= 4 w= 17 nsites= 17 
0.2315 0.1390 0.1129 0.5166 
0.1099 0.1542 0.4671 0.2688 
0.3357 0.3595 0.1321 0.1728 
0.0750 0.6475 0.1635 0.1140 
0.1129 0.7080 0.1094 0.0698 
0.5439 0.1123 0.1524 0.1914 
0.1030 0.0756 0.0873 0.7341 
0.7964 0.0401 0.1606 0.0029 
0.0000 0.0000 0.0047 0.9953 
0.5055 0.0000 0.4526 0.0419 
0.5300 0.0215 0.0081 0.4404 
0.0006 0.2414 0.7580 0.0000 
0.0000 0.0000 0.5701 0.4299 
0.0500 0.5160 0.1699 0.2641 
0.6329 0.3583 0.0070 0.0017 
0.4107 0.1611 0.1699 0.2583 
0.2920 0.2339 0.2275 0.2467 

MOTIF filter2 
letter-probability matrix: alength= 4 w= 12 nsites= 12 
0.1364 0.3015 0.3024 0.2598 
0.2349 0.2633 0.3669 0.1349 
0.2341 0.2466 0.3838 0.1355 
0.0023 0.5334 0.1089 0.3554 
0.0006 0.5492 0.4338 0.0164 
0.8993 0.0270 0.0660 0.0078 
0.3067 0.0698 0.1386 0.4850 
0.0419 0.0352 0.0428 0.8801 
0.0727 0.4351 0.4862 0.0060 
0.4935 0.0632 0.4132 0.0301 
0.1624 0.3212 0.2550 0.2614 
0.1758 0.3004 0.2515 0.2724 

MOTIF filter3 
letter-probability matrix: alength= 4 w= 11 nsites= 11 
0.1930 0.2619 0.1755 0.3697 
0.1757 0.1393 0.1712 0.5139 
0.2109 0.2896 0.1367 0.3628 
0.0331 0.7199 0.1861 0.0610 
0.1700 0.7220 0.0409 0.0671 
0.1011 0.0106 0.8353 0.0529 
0.0218 0.0838 0.8818 0.0126 
0.7893 0.0612 0.1090 0.0405 
0.8721 0.0342 0.0655 0.0281 
0.2986 0.1129 0.5206 0.0679 
0.1859 0.2654 0.1271 0.4216 

MOTIF filter4 
letter-probability matrix: alength= 4 w= 15 nsites= 15 
0.3079 0.1839 0.3232 0.1849 
0.2050 0.0882 0.5559 0.1509 
0.1328 0.6151 0.1505 0.1015 
0.0572 0.7108 0.1965 0.0354 
0.8321 0.0010 0.1666 0.0003 
0.2565 0.1638 0.1604 0.4193 
0.0613 0.4639 0.3978 0.0770 
0.4544 0.2354 0.1178 0.1924 
0.0027 0.1540 0.0007 0.8426 
0.0085 0.3348 0.6427 0.0140 
0.1199 0.2078 0.4438 0.2285 
0.0603 0.7742 0.0181 0.1475 
0.1625 0.3573 0.2095 0.2708 
0.1975 0.1713 0.4520 0.1792 
0.1849 0.4223 0.1332 0.2595 

MOTIF filter5 
letter-probability matrix: alength= 4 w= 14 nsites= 14 
0.1059 0.4271 0.1689 0.2980 
0.1589 0.3895 0.2802 0.1714 
0.3720 0.4190 0.1366 0.0724 
0.1423 0.1163 0.0727 0.6688 
0.3808 0.4898 0.1163 0.0132 
0.2999 0.0658 0.0031 0.6312 
0.2780 0.0943 0.1131 0.5146 
0.4337 0.0633 0.2852 0.2178 
0.1329 0.0006 0.2783 0.5882 
0.0003 0.0686 0.1586 0.7725 
0.6359 0.0013 0.3012 0.0617 
0.0025 0.0526 0.9401 0.0047 
0.1877 0.4528 0.0185 0.3410 
0.1313 0.3375 0.1752 0.3560 

MOTIF filter6 
letter-probability matrix: alength= 4 w= 12 nsites= 12 
0.1609 0.2821 0.3091 0.2479 
0.0396 0.4978 0.1892 0.2734 
0.1154 0.5447 0.0293 0.3106 
0.0916 0.7415 0.0864 0.0805 
0.0925 0.7065 0.0949 0.1061 
0.2049 0.1921 0.3312 0.2717 
0.0615 0.7675 0.0384 0.1326 
0.0756 0.9044 0.0058 0.0142 
0.0341 0.5867 0.0230 0.3562 
0.2256 0.5018 0.0197 0.2528 
0.1584 0.3942 0.1715 0.2759 
0.2371 0.2801 0.2345 0.2483 

MOTIF filter7 
letter-probability matrix: alength= 4 w= 14 nsites= 14 
0.3307 0.2318 0.2605 0.1771 
0.2788 0.2330 0.2923 0.1959 
0.2853 0.2052 0.1973 0.3122 
0.0576 0.1475 0.0508 0.7441 
0.0758 0.0985 0.1055 0.7202 
0.1566 0.2203 0.2950 0.3281 
0.2205 0.3062 0.2526 0.2206 
0.2878 0.0567 0.1450 0.5105 
0.1758 0.0023 0.0808 0.7410 
0.0275 0.0174 0.2899 0.6652 
0.7690 0.1954 0.0000 0.0356 
0.5428 0.1329 0.2962 0.0281 
0.4830 0.2430 0.0301 0.2440 
0.2466 0.3005 0.1785 0.2744 

MOTIF filter8 
letter-probability matrix: alength= 4 w= 13 nsites= 13 
0.1635 0.4281 0.1847 0.2238 
0.5130 0.1315 0.2300 0.1256 
0.1810 0.2076 0.2033 0.4082 
0.1335 0.0424 0.8135 0.0105 
0.1424 0.2066 0.0198 0.6312 
0.0737 0.4634 0.4628 0.0001 
0.0408 0.5397 0.3172 0.1023 
0.1488 0.0043 0.5958 0.2510 
0.0434 0.4739 0.2715 0.2112 
0.6533 0.1356 0.1147 0.0964 
0.0605 0.3025 0.2231 0.4140 
0.2029 0.1900 0.1900 0.4170 
0.3126 0.1201 0.0766 0.4907 

MOTIF filter9 
letter-probability matrix: alength= 4 w= 15 nsites= 15 
0.2251 0.2740 0.2598 0.2412 
0.2013 0.2379 0.3376 0.2232 
0.2862 0.1678 0.3608 0.1852 
0.0154 0.3016 0.0045 0.6785 
0.0013 0.0039 0.6032 0.3916 
0.9936 0.0058 0.0000 0.0006 
0.0785 0.2457 0.3678 0.3080 
0.1023 0.0000 0.0090 0.8887 
0.3376 0.5807 0.0000 0.0817 
0.8920 0.0058 0.0161 0.0862 
0.0045 0.1376 0.0810 0.7768 
0.6193 0.1929 0.1357 0.0521 
0.2219 0.0707 0.5897 0.1177 
0.3473 0.3138 0.1910 0.1479 
0.2180 0.3164 0.2328 0.2328 

MOTIF filter10 
letter-probability matrix: alength= 4 w= 16 nsites= 16 
0.2075 0.2285 0.1880 0.3760 
0.1929 0.2204 0.3566 0.2301 
0.2366 0.3290 0.1896 0.2447 
0.1880 0.6823 0.0583 0.0713 
0.1815 0.5073 0.0486 0.2626 
0.4554 0.2139 0.1653 0.1653 
0.3987 0.0551 0.0600 0.4862 
0.4425 0.1929 0.2917 0.0729 
0.0000 0.0032 0.0016 0.9951 
0.3371 0.6629 0.0000 0.0000 
0.8104 0.0016 0.0032 0.1848 
0.0000 0.0016 0.9724 0.0259 
0.0000 0.7861 0.2139 0.0000 
0.9109 0.0000 0.0243 0.0648 
0.3355 0.3128 0.1199 0.2318 
0.5592 0.0421 0.0000 0.3987 

MOTIF filter11 
letter-probability matrix: alength= 4 w= 10 nsites= 10 
0.2928 0.0850 0.3259 0.2962 
0.2286 0.0731 0.5508 0.1475 
0.5304 0.0442 0.2579 0.1674 
0.0000 0.7962 0.1446 0.0592 
0.3535 0.0711 0.0012 0.5742 
0.0814 0.0688 0.4469 0.4029 
0.4244 0.0276 0.5470 0.0010 
0.0428 0.4018 0.0001 0.5553 
0.0660 0.3299 0.1135 0.4906 
0.2145 0.3825 0.2193 0.1837 

MOTIF filter12 
letter-probability matrix: alength= 4 w= 11 nsites= 11 
0.5665 0.2868 0.0980 0.0486 
0.1542 0.5027 0.1661 0.1769 
0.2112 0.0414 0.1939 0.5535 
0.0018 0.4440 0.0058 0.5485 
0.3315 0.0004 0.5290 0.1391 
0.4937 0.3182 0.0123 0.1759 
0.0901 0.2223 0.3813 0.3063 
0.0512 0.0227 0.0223 0.9038 
0.0825 0.7528 0.0822 0.0825 
0.9056 0.0638 0.0076 0.0231 
0.1103 0.3395 0.2728 0.2775 

MOTIF filter13 
letter-probability matrix: alength= 4 w= 9 nsites= 9 
0.2202 0.3922 0.2764 0.1112 
0.3063 0.2339 0.2358 0.2239 
0.2448 0.2039 0.2258 0.3254 
0.0123 0.2125 0.7357 0.0395 
0.7597 0.0045 0.0010 0.2347 
0.0004 0.4720 0.5265 0.0011 
0.2046 0.3654 0.0449 0.3851 
0.3587 0.4220 0.0900 0.1292 
0.2317 0.2621 0.2543 0.2519 

MOTIF filter14 
letter-probability matrix: alength= 4 w= 14 nsites= 14 
0.2534 0.2456 0.2530 0.2479 
0.2689 0.2610 0.2249 0.2451 
0.3861 0.2027 0.3350 0.0763 
0.0672 0.0637 0.0648 0.8043 
0.0476 0.0486 0.1984 0.7055 
0.3152 0.0289 0.4580 0.1979 
0.1135 0.5588 0.0980 0.2297 
0.2122 0.0872 0.5664 0.1343 
0.1932 0.4653 0.0282 0.3134 
0.7179 0.1928 0.0375 0.0518 
0.8470 0.0498 0.0584 0.0448 
0.0788 0.2986 0.2041 0.4185 
0.2512 0.2574 0.2488 0.2425 
0.2490 0.2402 0.2507 0.2601 

MOTIF filter15 
letter-probability matrix: alength= 4 w= 9 nsites= 9 
0.2281 0.0628 0.2070 0.5021 
0.1986 0.1439 0.5722 0.0853 
0.4360 0.0807 0.4144 0.0689 
0.0375 0.8202 0.1409 0.0014 
0.2426 0.0718 0.0680 0.6176 
0.0044 0.2435 0.6985 0.0536 
0.4573 0.1912 0.0001 0.3515 
0.0922 0.3188 0.4811 0.1078 
0.2747 0.2761 0.2227 0.2265 

MOTIF filter16 
letter-probability matrix: alength= 4 w= 10 nsites= 10 
0.3454 0.3477 0.1304 0.1765 
0.1694 0.1253 0.1950 0.5103 
0.1535 0.0808 0.5552 0.2105 
0.3368 0.6154 0.0181 0.0297 
0.1730 0.0463 0.3795 0.4012 
0.0099 0.1627 0.5993 0.2281 
0.0522 0.9092 0.0334 0.0052 
0.5200 0.1826 0.0794 0.2180 
0.1272 0.0562 0.3024 0.5142 
0.0665 0.6264 0.1603 0.1469 

MOTIF filter17 
letter-probability matrix: alength= 4 w= 12 nsites= 12 
0.2448 0.2688 0.2519 0.2344 
0.3584 0.2186 0.2585 0.1646 
0.2421 0.3191 0.2830 0.1558 
0.0628 0.8963 0.0158 0.0251 
0.8971 0.0227 0.0570 0.0232 
0.0319 0.8507 0.0303 0.0871 
0.0871 0.0426 0.8316 0.0388 
0.0426 0.0592 0.0046 0.8936 
0.0322 0.0085 0.8971 0.0622 
0.1883 0.2710 0.2986 0.2421 
0.1872 0.2770 0.1758 0.3600 
0.2426 0.2486 0.2525 0.2563 

MOTIF filter18 
letter-probability matrix: alength= 4 w= 11 nsites= 11 
0.0970 0.0851 0.4282 0.3898 
0.3262 0.0553 0.5334 0.0851 
0.1932 0.3955 0.3898 0.0215 
0.0000 0.0000 0.0000 1.0000 
0.0000 0.4290 0.5599 0.0111 
1.0000 0.0000 0.0000 0.0000 
0.0277 0.4492 0.4637 0.0595 
0.0400 0.2824 0.0157 0.6618 
0.2329 0.6131 0.0442 0.1098 
0.6296 0.0665 0.1482 0.1557 
0.0966 0.1610 0.3819 0.3604 

MOTIF filter19 
letter-probability matrix: alength= 4 w= 11 nsites= 11 
0.0113 0.2493 0.3598 0.3796 
0.2094 0.2959 0.2089 0.2858 
0.2397 0.0754 0.5937 0.0912 
0.0041 0.0837 0.8919 0.0203 
0.5839 0.0478 0.0408 0.3275 
0.4311 0.0177 0.0009 0.5503 
0.0840 0.8543 0.0000 0.0617 
0.0729 0.1512 0.7469 0.0290 
0.1703 0.4884 0.1542 0.1871 
0.2965 0.2265 0.2243 0.2527 
0.3621 0.3080 0.1967 0.1333 

MOTIF filter20 
letter-probability matrix: alength= 4 w= 14 nsites= 14 
0.2752 0.1853 0.2674 0.2721 
0.1237 0.1531 0.3878 0.3354 
0.1305 0.5967 0.0835 0.1893 
0.1832 0.0646 0.1241 0.6281 
0.4135 0.0581 0.5257 0.0027 
0.2022 0.0020 0.4236 0.3722 
0.1119 0.0331 0.7863 0.0686 
0.6484 0.1082 0.0673 0.1761 
0.1613 0.6278 0.1410 0.0700 
0.0301 0.0291 0.0051 0.9358 
0.3864 0.5984 0.0027 0.0125 
0.5203 0.0419 0.3878 0.0500 
0.1694 0.4287 0.1900 0.2120 
0.2782 0.2461 0.2214 0.2542 

MOTIF filter21 
letter-probability matrix: alength= 4 w= 13 nsites= 13 
0.1855 0.4877 0.1289 0.1978 
0.2428 0.2231 0.3772 0.1569 
0.1085 0.0975 0.5907 0.2033 
0.0014 0.9645 0.0130 0.0211 
0.0000 0.8608 0.0130 0.1262 
0.6296 0.0000 0.0812 0.2892 
0.0020 0.0000 0.0095 0.9884 
0.1037 0.4604 0.0805 0.3554 
0.0075 0.2347 0.0027 0.7551 
0.2360 0.1310 0.0000 0.6330 
0.1787 0.0846 0.2538 0.4829 
0.3629 0.1310 0.3840 0.1221 
0.2394 0.0737 0.5225 0.1644 

MOTIF filter22 
letter-probability matrix: alength= 4 w= 12 nsites= 12 
0.2342 0.2296 0.2189 0.3173 
0.1282 0.2898 0.2959 0.2861 
0.3404 0.1309 0.3831 0.1456 
0.0074 0.6443 0.3483 0.0000 
0.0269 0.0274 0.4541 0.4916 
0.0391 0.3328 0.4369 0.1911 
0.4513 0.4579 0.0326 0.0582 
0.0422 0.4063 0.4179 0.1336 
0.0029 0.1988 0.6117 0.1866 
0.3406 0.2754 0.2674 0.1166 
0.2510 0.2957 0.3400 0.1133 
0.1535 0.3517 0.2210 0.2738 

MOTIF filter23 
letter-probability matrix: alength= 4 w= 13 nsites= 13 
0.3329 0.1508 0.1605 0.3558 
0.1488 0.2860 0.2854 0.2798 
0.3500 0.1847 0.2895 0.1758 
0.6088 0.0564 0.3104 0.0244 
0.7090 0.0063 0.0585 0.2262 
0.0004 0.3424 0.0419 0.6153 
0.1607 0.1700 0.0004 0.6688 
0.6055 0.0121 0.3679 0.0145 
0.7071 0.1553 0.1329 0.0048 
0.0808 0.1028 0.0851 0.7313 
0.0799 0.4537 0.1011 0.3653 
0.3992 0.2158 0.1378 0.2471 
0.3480 0.0763 0.5288 0.0469 

MOTIF filter24 
letter-probability matrix: alength= 4 w= 19 nsites= 19 
0.2209 0.2430 0.2811 0.2550 
0.2700 0.2625 0.2397 0.2278 
0.2912 0.2951 0.1919 0.2218 
0.1925 0.1012 0.0757 0.6306 
0.0754 0.0685 0.5609 0.2951 
0.3789 0.3780 0.0841 0.1589 
0.0192 0.8001 0.1197 0.0611 
0.0093 0.8548 0.1116 0.0242 
0.3568 0.0168 0.4062 0.2203 
0.0308 0.1634 0.3954 0.4104 
0.5028 0.1179 0.3786 0.0006 
0.0251 0.2299 0.3271 0.4178 
0.5633 0.2320 0.1757 0.0290 
0.1619 0.5037 0.0162 0.3182 
0.0440 0.2718 0.6627 0.0216 
0.0311 0.2496 0.6914 0.0278 
0.1033 0.1248 0.3945 0.3774 
0.2251 0.4529 0.1748 0.1473 
0.5049 0.0688 0.1724 0.2538 

MOTIF filter25 
letter-probability matrix: alength= 4 w= 15 nsites= 15 
0.2664 0.2577 0.2484 0.2275 
0.1608 0.5653 0.1457 0.1283 
0.1416 0.1439 0.3743 0.3401 
0.2380 0.6843 0.0255 0.0522 
0.3999 0.3204 0.0035 0.2763 
0.9733 0.0012 0.0255 0.0000 
0.3616 0.0360 0.2629 0.3395 
0.7557 0.1846 0.0133 0.0464 
0.0749 0.0145 0.0133 0.8973 
0.2513 0.0012 0.6303 0.1172 
0.0209 0.0151 0.7887 0.1753 
0.4150 0.4904 0.0540 0.0406 
0.1428 0.1909 0.4701 0.1962 
0.2681 0.1689 0.4144 0.1486 
0.2078 0.5212 0.0685 0.2026 

MOTIF filter26 
letter-probability matrix: alength= 4 w= 13 nsites= 13 
0.2548 0.2317 0.2666 0.2469 
0.2601 0.2248 0.2602 0.2549 
0.2069 0.2309 0.2100 0.3522 
0.0688 0.1133 0.0513 0.7666 
0.0558 0.0240 0.1699 0.7504 
0.2558 0.5980 0.0508 0.0954 
0.1053 0.5302 0.0160 0.3485 
0.2503 0.2432 0.2561 0.2505 
0.3270 0.0291 0.5392 0.1047 
0.0740 0.0542 0.5961 0.2757 
0.7012 0.1794 0.0606 0.0588 
0.7802 0.0729 0.0867 0.0602 
0.3652 0.1946 0.2212 0.2190 

MOTIF filter27 
letter-probability matrix: alength= 4 w= 12 nsites= 12 
0.2336 0.3064 0.2226 0.2373 
0.2124 0.2342 0.2501 0.3033 
0.3058 0.1203 0.4329 0.1410 
0.0083 0.1975 0.7941 0.0001 
0.1162 0.2966 0.0579 0.5293 
0.3419 0.2842 0.3688 0.0052 
0.0000 0.0374 0.0735 0.8891 
0.2215 0.0836 0.1787 0.5162 
0.0064 0.6162 0.1292 0.2482 
0.4695 0.2358 0.1224 0.1724 
0.2487 0.2700 0.3040 0.1774 
0.3313 0.2650 0.2134 0.1903 

MOTIF filter28 
letter-probability matrix: alength= 4 w= 14 nsites= 14 
0.2605 0.2961 0.2315 0.2119 
0.2578 0.2818 0.1916 0.2688 
0.4388 0.1623 0.1554 0.2435 
0.4258 0.0655 0.0343 0.4744 
0.5835 0.0286 0.0299 0.3580 
0.2967 0.0988 0.2275 0.3769 
0.1457 0.4631 0.0007 0.3906 
0.0070 0.1381 0.7741 0.0808 
0.1058 0.8636 0.0017 0.0289 
0.1257 0.0486 0.0526 0.7731 
0.5802 0.0100 0.3673 0.0426 
0.3706 0.0223 0.3909 0.2162 
0.3749 0.3836 0.1171 0.1244 
0.1986 0.1703 0.1208 0.5103 

MOTIF filter29 
letter-probability matrix: alength= 4 w= 13 nsites= 13 
0.3534 0.0790 0.1289 0.4387 
0.1007 0.1034 0.4147 0.3812 
0.3647 0.0920 0.1685 0.3749 
0.0313 0.1964 0.6141 0.1583 
0.0288 0.9206 0.0500 0.0006 
0.1353 0.2621 0.0056 0.5970 
0.1168 0.1147 0.4251 0.3434 
0.7729 0.0244 0.2000 0.0027 
0.0010 0.0573 0.3009 0.6407 
0.5469 0.2004 0.0302 0.2225 
0.5136 0.0832 0.1382 0.2650 
0.2146 0.0809 0.6199 0.0847 
0.1889 0.1606 0.4216 0.2289 

MOTIF filter30 
letter-probability matrix: alength= 4 w= 12 nsites= 12 
0.2526 0.2347 0.2616 0.2511 
0.2751 0.1525 0.4041 0.1682 
0.2552 0.0360 0.4818 0.2270 
0.3563 0.0256 0.5850 0.0332 
0.1122 0.0078 0.8708 0.0093 
0.1327 0.0373 0.8071 0.0228 
0.3069 0.3528 0.1114 0.2289 
0.1351 0.0499 0.7077 0.1073 
0.0833 0.0619 0.7523 0.1025 
0.2897 0.0563 0.5369 0.1171 
0.2964 0.1804 0.4883 0.0350 
0.2426 0.3247 0.2764 0.1563 

MOTIF filter31 
letter-probability matrix: alength= 4 w= 16 nsites= 16 
0.2073 0.3148 0.2092 0.2687 
0.4683 0.0461 0.1708 0.3148 
0.5489 0.0653 0.1574 0.2284 
0.2246 0.0096 0.1017 0.6641 
0.1209 0.6257 0.0883 0.1651 
0.0115 0.0000 0.0000 0.9885 
0.3378 0.0000 0.6622 0.0000 
0.1344 0.5470 0.0000 0.3186 
0.1785 0.0173 0.0000 0.8042 
0.2207 0.0000 0.5854 0.1939 
0.9271 0.0000 0.0000 0.0729 
0.0192 0.2035 0.0998 0.6775 
0.7562 0.0173 0.0345 0.1919 
0.1363 0.0998 0.5106 0.2534 
0.5278 0.1881 0.1516 0.1324 
0.2207 0.1171 0.4741 0.1881 

