MEME version 4

ALPHABET= ACGT

Background letter frequencies:
A 0.2500 C 0.2500 G 0.2500 T 0.2500 

MOTIF filter0 
letter-probability matrix: alength= 4 w= 16 nsites= 16 
0.2539 0.2706 0.2372 0.2384 
0.2443 0.2837 0.2467 0.2253 
0.0989 0.0608 0.3456 0.4946 
0.0215 0.8856 0.0000 0.0930 
0.0000 0.0060 0.0000 0.9940 
1.0000 0.0000 0.0000 0.0000 
0.2872 0.0036 0.0048 0.7044 
0.4660 0.0048 0.0000 0.5292 
0.5578 0.0000 0.0072 0.4350 
0.6937 0.0012 0.0000 0.3051 
0.0000 0.0000 0.0000 1.0000 
1.0000 0.0000 0.0000 0.0000 
0.0667 0.0000 0.9225 0.0107 
0.4648 0.3719 0.0441 0.1192 
0.2670 0.2300 0.2753 0.2277 
0.2431 0.2920 0.2372 0.2277 

MOTIF filter1 
letter-probability matrix: alength= 4 w= 11 nsites= 11 
0.2392 0.2019 0.2333 0.3256 
0.2505 0.2613 0.2238 0.2644 
0.1209 0.5643 0.2713 0.0435 
0.1456 0.7425 0.0473 0.0646 
0.0450 0.0234 0.8963 0.0352 
0.0303 0.0517 0.8884 0.0296 
0.8881 0.0581 0.0360 0.0177 
0.8920 0.0332 0.0550 0.0198 
0.1628 0.1448 0.6217 0.0707 
0.1602 0.2981 0.1191 0.4226 
0.2119 0.1690 0.4362 0.1829 

MOTIF filter2 
letter-probability matrix: alength= 4 w= 14 nsites= 14 
0.3000 0.3032 0.1894 0.2073 
0.0032 0.8853 0.0376 0.0739 
0.0037 0.8670 0.1087 0.0206 
0.5619 0.0106 0.1161 0.3115 
0.0353 0.2830 0.0615 0.6202 
0.5766 0.0743 0.2839 0.0651 
0.0110 0.2665 0.0344 0.6881 
0.4950 0.4844 0.0147 0.0060 
0.1665 0.5018 0.0050 0.3266 
0.0106 0.1757 0.7982 0.0156 
0.0106 0.0849 0.8518 0.0528 
0.0936 0.1830 0.3872 0.3362 
0.1711 0.5821 0.1564 0.0904 
0.3954 0.1532 0.1867 0.2647 

MOTIF filter3 
letter-probability matrix: alength= 4 w= 13 nsites= 13 
0.1086 0.2919 0.3382 0.2613 
0.3756 0.1731 0.4265 0.0249 
0.4966 0.0271 0.3620 0.1143 
0.0136 0.9412 0.0124 0.0328 
0.0305 0.9118 0.0034 0.0543 
0.9864 0.0090 0.0045 0.0000 
0.9842 0.0034 0.0057 0.0068 
0.0034 0.0136 0.0011 0.9819 
0.1018 0.6516 0.2274 0.0192 
0.7624 0.0294 0.1980 0.0102 
0.1595 0.1708 0.6165 0.0532 
0.2579 0.2590 0.2070 0.2760 
0.2896 0.2251 0.2308 0.2545 

MOTIF filter4 
letter-probability matrix: alength= 4 w= 8 nsites= 8 
0.3699 0.1622 0.1001 0.3678 
0.0962 0.2337 0.0689 0.6012 
0.2643 0.3648 0.0000 0.3709 
0.0002 0.9122 0.0876 0.0001 
0.0052 0.8642 0.0698 0.0609 
0.2873 0.1779 0.4075 0.1273 
0.2282 0.2100 0.3621 0.1997 
0.2959 0.2029 0.3035 0.1977 

MOTIF filter5 
letter-probability matrix: alength= 4 w= 13 nsites= 13 
0.1872 0.4186 0.2115 0.1827 
0.2835 0.3034 0.2901 0.1229 
0.0864 0.0022 0.7032 0.2082 
0.0000 0.9878 0.0011 0.0111 
0.0000 0.8671 0.0000 0.1329 
0.9934 0.0000 0.0066 0.0000 
0.0233 0.0011 0.0000 0.9756 
0.0133 0.3488 0.0897 0.5482 
0.0022 0.2038 0.0055 0.7885 
0.0598 0.0975 0.0000 0.8427 
0.1041 0.1960 0.4264 0.2735 
0.3965 0.2193 0.2016 0.1827 
0.1905 0.1971 0.3898 0.2226 

MOTIF filter6 
letter-probability matrix: alength= 4 w= 12 nsites= 12 
0.2096 0.2157 0.2769 0.2977 
0.1683 0.3352 0.2836 0.2129 
0.2200 0.2455 0.3208 0.2137 
0.0003 0.4200 0.5787 0.0010 
0.3128 0.0242 0.1264 0.5365 
0.0131 0.6414 0.3143 0.0312 
0.7182 0.0000 0.0064 0.2754 
0.0358 0.2902 0.6732 0.0008 
0.0126 0.0469 0.3966 0.5439 
0.2669 0.2663 0.2797 0.1871 
0.3364 0.2695 0.2399 0.1542 
0.1821 0.2999 0.2771 0.2410 

MOTIF filter7 
letter-probability matrix: alength= 4 w= 14 nsites= 14 
0.0908 0.2712 0.1668 0.4712 
0.0985 0.2682 0.3145 0.3187 
0.5513 0.0997 0.2534 0.0955 
0.0071 0.4510 0.0985 0.4433 
0.0000 0.0071 0.0000 0.9929 
0.0000 0.0315 0.2362 0.7323 
0.2588 0.6398 0.1003 0.0012 
0.0000 0.5875 0.0012 0.4113 
0.0570 0.0813 0.4481 0.4136 
0.0582 0.0772 0.8588 0.0059 
0.1116 0.0184 0.8012 0.0688 
0.5003 0.0950 0.1454 0.2593 
0.4439 0.1466 0.1650 0.2445 
0.2979 0.2582 0.1881 0.2558 

MOTIF filter8 
letter-probability matrix: alength= 4 w= 12 nsites= 12 
0.2547 0.2337 0.2810 0.2306 
0.3593 0.2363 0.2911 0.1134 
0.0554 0.0613 0.0314 0.8519 
0.0298 0.0445 0.7635 0.1623 
0.8400 0.0333 0.0788 0.0478 
0.0932 0.3880 0.4250 0.0939 
0.0308 0.0438 0.0283 0.8971 
0.1252 0.7554 0.0974 0.0220 
0.8863 0.0205 0.0696 0.0236 
0.0964 0.3107 0.2691 0.3238 
0.2149 0.3212 0.2005 0.2634 
0.2787 0.2360 0.2443 0.2411 

MOTIF filter9 
letter-probability matrix: alength= 4 w= 12 nsites= 12 
0.1920 0.1723 0.3722 0.2635 
0.2399 0.3511 0.2370 0.1719 
0.2539 0.5531 0.1797 0.0133 
0.0030 0.6166 0.1528 0.2276 
0.0326 0.0016 0.0454 0.9203 
0.0577 0.3449 0.0053 0.5921 
0.3375 0.5857 0.0768 0.0000 
0.0112 0.7944 0.0158 0.1787 
0.3192 0.1402 0.5337 0.0069 
0.0438 0.2040 0.5174 0.2347 
0.2301 0.1877 0.3687 0.2134 
0.4120 0.2331 0.2580 0.0969 

MOTIF filter10 
letter-probability matrix: alength= 4 w= 18 nsites= 18 
0.2288 0.2665 0.2311 0.2736 
0.2335 0.6297 0.0778 0.0590 
0.2689 0.4717 0.0259 0.2335 
0.4953 0.1392 0.1509 0.2146 
0.4434 0.0448 0.1439 0.3679 
0.3962 0.2759 0.2948 0.0330 
0.0000 0.0330 0.0047 0.9623 
0.2099 0.7830 0.0000 0.0071 
0.8821 0.0071 0.0071 0.1038 
0.0000 0.0047 0.9646 0.0307 
0.0000 0.8632 0.1368 0.0000 
0.9151 0.0094 0.0212 0.0542 
0.4434 0.2807 0.0637 0.2123 
0.5024 0.0283 0.0000 0.4693 
0.3750 0.0613 0.0189 0.5448 
0.3231 0.1226 0.0330 0.5212 
0.2547 0.2335 0.2689 0.2429 
0.2382 0.2547 0.2500 0.2571 

MOTIF filter11 
letter-probability matrix: alength= 4 w= 12 nsites= 12 
0.1947 0.2497 0.3094 0.2462 
0.2614 0.2649 0.2479 0.2257 
0.2745 0.2510 0.2894 0.1851 
0.5691 0.1827 0.0000 0.2481 
0.0000 0.0000 0.0000 1.0000 
0.0000 0.0547 0.0000 0.9453 
0.4972 0.3709 0.1311 0.0009 
0.8033 0.1967 0.0000 0.0000 
0.1409 0.0000 0.1548 0.7043 
0.1191 0.3142 0.4126 0.1542 
0.2257 0.2996 0.2453 0.2294 
0.2143 0.2593 0.2654 0.2610 

MOTIF filter12 
letter-probability matrix: alength= 4 w= 15 nsites= 15 
0.2427 0.2292 0.2578 0.2703 
0.0826 0.1211 0.0359 0.7604 
0.0457 0.0223 0.8337 0.0982 
0.1003 0.7947 0.0327 0.0722 
0.0634 0.0343 0.0644 0.8378 
0.1985 0.1107 0.6435 0.0473 
0.5821 0.0000 0.0042 0.4137 
0.0541 0.5733 0.1367 0.2360 
0.7500 0.0499 0.0099 0.1902 
0.2495 0.0665 0.3436 0.3404 
0.1211 0.4220 0.1497 0.3072 
0.6201 0.0395 0.1918 0.1486 
0.2666 0.1585 0.3456 0.2292 
0.2781 0.2063 0.2022 0.3134 
0.2692 0.2204 0.2297 0.2807 

MOTIF filter13 
letter-probability matrix: alength= 4 w= 12 nsites= 12 
0.2581 0.2625 0.2449 0.2344 
0.3369 0.2205 0.2575 0.1851 
0.2508 0.2908 0.2590 0.1994 
0.0758 0.8439 0.0367 0.0436 
0.8693 0.0349 0.0538 0.0421 
0.0415 0.7481 0.0503 0.1602 
0.1619 0.0501 0.7587 0.0293 
0.0556 0.0572 0.0410 0.8462 
0.0395 0.0158 0.8829 0.0618 
0.2100 0.2651 0.2839 0.2410 
0.2074 0.2601 0.2024 0.3301 
0.2387 0.2590 0.2401 0.2622 

MOTIF filter14 
letter-probability matrix: alength= 4 w= 16 nsites= 16 
0.2325 0.2425 0.2098 0.3151 
0.1402 0.4097 0.3536 0.0964 
0.1971 0.4579 0.1637 0.1813 
0.0752 0.8774 0.0186 0.0288 
0.0456 0.4085 0.0041 0.5418 
0.6917 0.0263 0.2746 0.0074 
0.1109 0.0140 0.2721 0.6030 
0.6430 0.0826 0.0627 0.2116 
0.3623 0.1188 0.0033 0.5156 
0.4386 0.0018 0.5375 0.0222 
0.0066 0.0989 0.1813 0.7132 
0.3182 0.1313 0.4857 0.0648 
0.0701 0.2542 0.6713 0.0043 
0.2800 0.3233 0.1604 0.2364 
0.1354 0.4470 0.2348 0.1828 
0.2909 0.2555 0.1698 0.2838 

MOTIF filter15 
letter-probability matrix: alength= 4 w= 15 nsites= 15 
0.3065 0.1003 0.3258 0.2674 
0.0811 0.5045 0.2481 0.1663 
0.1086 0.3904 0.1574 0.3436 
0.5601 0.0041 0.0000 0.4357 
0.0825 0.0000 0.0192 0.8983 
0.0048 0.8880 0.1065 0.0007 
0.4399 0.3505 0.0000 0.2096 
0.3533 0.3038 0.0241 0.3189 
0.2179 0.0103 0.7368 0.0351 
0.0048 0.0715 0.8357 0.0880 
0.6687 0.2639 0.0296 0.0378 
0.7100 0.0770 0.1416 0.0715 
0.3409 0.1759 0.2859 0.1973 
0.1787 0.3615 0.2653 0.1945 
0.2151 0.3100 0.2584 0.2165 

MOTIF filter16 
letter-probability matrix: alength= 4 w= 11 nsites= 11 
0.1601 0.1900 0.3177 0.3322 
0.1329 0.3385 0.2670 0.2615 
0.0608 0.5744 0.1657 0.1991 
0.6237 0.0394 0.3233 0.0136 
0.0011 0.5686 0.4301 0.0002 
0.3948 0.0119 0.1418 0.4515 
0.7482 0.0169 0.0798 0.1551 
0.0215 0.7090 0.2676 0.0019 
0.1617 0.4059 0.2652 0.1672 
0.1217 0.1884 0.6011 0.0888 
0.0968 0.2730 0.3284 0.3018 

MOTIF filter17 
letter-probability matrix: alength= 4 w= 13 nsites= 13 
0.2343 0.3046 0.2541 0.2070 
0.1205 0.2936 0.3452 0.2408 
0.0390 0.5737 0.1634 0.2239 
0.0617 0.6351 0.0225 0.2808 
0.0792 0.8486 0.0542 0.0179 
0.0699 0.8027 0.0443 0.0831 
0.1754 0.2249 0.3283 0.2715 
0.0422 0.7844 0.0912 0.0821 
0.0921 0.8505 0.0302 0.0272 
0.0510 0.6339 0.0338 0.2813 
0.1850 0.5685 0.0358 0.2107 
0.1313 0.4455 0.1492 0.2740 
0.2239 0.2798 0.2416 0.2548 

MOTIF filter18 
letter-probability matrix: alength= 4 w= 11 nsites= 11 
0.0997 0.3276 0.3157 0.2569 
0.0877 0.4624 0.3522 0.0977 
0.3107 0.0910 0.5136 0.0847 
0.3547 0.1329 0.0048 0.5076 
0.0498 0.6327 0.2594 0.0580 
0.5128 0.0366 0.2994 0.1511 
0.0468 0.8901 0.0032 0.0599 
0.0268 0.0374 0.9082 0.0276 
0.4144 0.1101 0.1034 0.3722 
0.0837 0.5014 0.1905 0.2244 
0.0867 0.3083 0.3899 0.2150 

MOTIF filter19 
letter-probability matrix: alength= 4 w= 14 nsites= 14 
0.2955 0.1639 0.3552 0.1854 
0.1495 0.0456 0.3461 0.4588 
0.1380 0.5483 0.0491 0.2646 
0.0918 0.0000 0.3390 0.5692 
0.6127 0.3334 0.0406 0.0132 
0.6398 0.0000 0.0709 0.2893 
0.5809 0.1021 0.0074 0.3096 
0.5659 0.0241 0.0000 0.4099 
0.8005 0.0283 0.0842 0.0871 
0.1613 0.2504 0.0121 0.5762 
0.7634 0.0709 0.0597 0.1059 
0.2858 0.1045 0.5162 0.0936 
0.3508 0.3617 0.0612 0.2263 
0.1333 0.2869 0.2157 0.3640 

MOTIF filter20 
letter-probability matrix: alength= 4 w= 12 nsites= 12 
0.2687 0.3989 0.2616 0.0707 
0.1367 0.2870 0.3141 0.2622 
0.1096 0.2033 0.1131 0.5740 
0.0000 1.0000 0.0000 0.0000 
0.0000 0.9935 0.0000 0.0065 
0.0790 0.0000 0.8344 0.0866 
0.0053 0.6989 0.2145 0.0813 
0.5651 0.2516 0.0230 0.1603 
0.0000 0.1632 0.4962 0.3406 
0.1674 0.3300 0.2451 0.2575 
0.3707 0.3047 0.0689 0.2557 
0.1432 0.3105 0.2923 0.2540 

MOTIF filter21 
letter-probability matrix: alength= 4 w= 14 nsites= 14 
0.2599 0.2667 0.2124 0.2609 
0.0965 0.6431 0.1392 0.1212 
0.1178 0.3574 0.1576 0.3671 
0.6164 0.0364 0.0204 0.3269 
0.0044 0.0000 0.0000 0.9956 
0.3497 0.0097 0.0000 0.6406 
0.4631 0.0233 0.0058 0.5078 
0.8516 0.0984 0.0005 0.0495 
0.3594 0.0563 0.0015 0.5829 
0.6062 0.0815 0.2502 0.0621 
0.0989 0.0242 0.7168 0.1600 
0.3123 0.1571 0.3865 0.1440 
0.4981 0.3167 0.1426 0.0427 
0.5844 0.1309 0.1222 0.1625 

MOTIF filter22 
letter-probability matrix: alength= 4 w= 16 nsites= 16 
0.4842 0.1242 0.1874 0.2042 
0.2463 0.3600 0.2716 0.1221 
0.2442 0.0653 0.3811 0.3095 
0.0000 0.0021 0.2800 0.7179 
0.0000 0.0000 0.1326 0.8674 
0.2695 0.7305 0.0000 0.0000 
0.0000 0.5263 0.1053 0.3684 
0.3095 0.3095 0.2779 0.1032 
0.2568 0.0000 0.7347 0.0084 
0.0000 0.0000 0.9705 0.0295 
1.0000 0.0000 0.0000 0.0000 
1.0000 0.0000 0.0000 0.0000 
0.6611 0.1053 0.1411 0.0926 
0.1263 0.2484 0.2737 0.3516 
0.2547 0.2716 0.2337 0.2400 
0.3074 0.2421 0.1726 0.2779 

MOTIF filter23 
letter-probability matrix: alength= 4 w= 16 nsites= 16 
0.3018 0.1930 0.2702 0.2351 
0.1860 0.1123 0.2561 0.4456 
0.0632 0.4035 0.2000 0.3333 
0.0596 0.0491 0.1684 0.7228 
0.6982 0.0982 0.1228 0.0807 
0.1193 0.3088 0.0211 0.5509 
0.1053 0.2035 0.1754 0.5158 
0.0035 0.9719 0.0000 0.0246 
0.0632 0.8982 0.0000 0.0386 
0.0035 0.0667 0.0491 0.8807 
0.9439 0.0000 0.0561 0.0000 
0.0526 0.0105 0.8737 0.0632 
0.6526 0.2035 0.0737 0.0702 
0.5965 0.1123 0.1684 0.1228 
0.3895 0.2140 0.2456 0.1509 
0.2702 0.2632 0.2632 0.2035 

MOTIF filter24 
letter-probability matrix: alength= 4 w= 13 nsites= 13 
0.2284 0.3051 0.2354 0.2311 
0.0538 0.5338 0.0360 0.3764 
0.3571 0.0708 0.2817 0.2904 
0.3270 0.0986 0.2337 0.3407 
0.3647 0.6227 0.0120 0.0006 
0.0018 0.4288 0.3738 0.1957 
0.8927 0.0336 0.0000 0.0737 
0.2094 0.0026 0.0693 0.7186 
0.4223 0.2562 0.3203 0.0012 
0.0020 0.0070 0.8614 0.1296 
0.4422 0.2062 0.0392 0.3124 
0.1272 0.2413 0.1813 0.4501 
0.3615 0.1027 0.3887 0.1471 

MOTIF filter25 
letter-probability matrix: alength= 4 w= 13 nsites= 13 
0.2212 0.2274 0.2931 0.2583 
0.2329 0.2525 0.2673 0.2473 
0.2539 0.1256 0.5060 0.1146 
0.1961 0.0151 0.6299 0.1589 
0.2597 0.0444 0.6677 0.0282 
0.0330 0.0396 0.8992 0.0282 
0.0103 0.0877 0.8700 0.0320 
0.2797 0.3784 0.1662 0.1758 
0.0516 0.0547 0.8510 0.0427 
0.0344 0.0581 0.8676 0.0399 
0.2683 0.0286 0.6557 0.0475 
0.2625 0.1269 0.5941 0.0165 
0.2411 0.3605 0.2776 0.1207 

MOTIF filter26 
letter-probability matrix: alength= 4 w= 13 nsites= 13 
0.4003 0.1815 0.2892 0.1290 
0.0000 0.0000 0.0000 1.0000 
0.0000 0.0000 0.0532 0.9468 
0.3059 0.0000 0.5492 0.1449 
0.0259 0.7533 0.0073 0.2134 
0.2061 0.0485 0.7081 0.0372 
0.1270 0.6024 0.0000 0.2706 
0.8570 0.1356 0.0000 0.0073 
0.9967 0.0000 0.0000 0.0033 
0.0120 0.3391 0.0971 0.5519 
0.2739 0.2420 0.2939 0.1902 
0.2427 0.2354 0.2340 0.2879 
0.2733 0.2181 0.2600 0.2487 

MOTIF filter27 
letter-probability matrix: alength= 4 w= 14 nsites= 14 
0.2521 0.2462 0.2391 0.2626 
0.1506 0.0491 0.0651 0.7353 
0.0546 0.0278 0.8445 0.0731 
0.2438 0.6878 0.0426 0.0259 
0.1210 0.0919 0.1345 0.6526 
0.0222 0.0080 0.7495 0.2203 
0.6220 0.3564 0.0201 0.0015 
0.3718 0.2330 0.2900 0.1052 
0.0296 0.1515 0.4881 0.3308 
0.1135 0.6800 0.0367 0.1697 
0.5795 0.0170 0.1987 0.2049 
0.0380 0.1200 0.5822 0.2598 
0.1910 0.3453 0.2339 0.2299 
0.2805 0.2259 0.2314 0.2623 

MOTIF filter28 
letter-probability matrix: alength= 4 w= 18 nsites= 18 
0.1905 0.2162 0.3500 0.2432 
0.2986 0.3446 0.1986 0.1581 
0.0905 0.6649 0.1338 0.1108 
0.1257 0.6351 0.1230 0.1162 
0.5176 0.0905 0.1986 0.1932 
0.0405 0.4027 0.0743 0.4824 
0.2824 0.0014 0.0000 0.7162 
0.0000 0.0000 0.0000 1.0000 
0.2770 0.7162 0.0000 0.0068 
0.0162 0.6730 0.0000 0.3108 
0.0649 0.0554 0.8135 0.0662 
0.0189 0.0270 0.9486 0.0054 
0.0541 0.0459 0.7068 0.1932 
0.7135 0.1905 0.0676 0.0284 
0.8608 0.0324 0.0419 0.0649 
0.4203 0.1851 0.2108 0.1838 
0.2378 0.2486 0.2527 0.2608 
0.2757 0.2351 0.2689 0.2203 

MOTIF filter29 
letter-probability matrix: alength= 4 w= 14 nsites= 14 
0.2298 0.2479 0.2562 0.2661 
0.3110 0.2227 0.3294 0.1369 
0.2984 0.2579 0.2307 0.2131 
0.0387 0.6621 0.1398 0.1594 
0.0000 0.6515 0.0856 0.2629 
0.2550 0.4256 0.2699 0.0495 
0.9519 0.0138 0.0191 0.0152 
0.0009 0.4062 0.0050 0.5879 
0.0158 0.7271 0.0264 0.2307 
0.4856 0.0999 0.4118 0.0026 
0.2195 0.0768 0.6999 0.0038 
0.1829 0.2881 0.0950 0.4341 
0.0615 0.4516 0.1676 0.3192 
0.3121 0.3790 0.1539 0.1550 

MOTIF filter30 
letter-probability matrix: alength= 4 w= 17 nsites= 17 
0.2363 0.2854 0.2531 0.2252 
0.1561 0.2375 0.1639 0.4426 
0.1828 0.0334 0.1371 0.6466 
0.1650 0.6288 0.0825 0.1237 
0.0234 0.2363 0.5429 0.1973 
0.2241 0.4849 0.0591 0.2319 
0.0892 0.0702 0.8406 0.0000 
0.0301 0.8841 0.0390 0.0468 
0.0033 0.0892 0.6722 0.2352 
0.1405 0.0580 0.0914 0.7101 
0.3155 0.6020 0.0078 0.0747 
0.1081 0.7815 0.0792 0.0312 
0.1884 0.3902 0.2809 0.1405 
0.7035 0.0858 0.1159 0.0948 
0.4181 0.2553 0.0903 0.2363 
0.3166 0.1895 0.1862 0.3077 
0.1315 0.2375 0.3099 0.3211 

MOTIF filter31 
letter-probability matrix: alength= 4 w= 14 nsites= 14 
0.2136 0.3106 0.2163 0.2595 
0.2333 0.2097 0.2765 0.2805 
0.1651 0.5740 0.1651 0.0957 
0.8427 0.0511 0.0118 0.0944 
0.7405 0.0760 0.1756 0.0079 
0.5872 0.0668 0.3198 0.0262 
0.8965 0.0000 0.0000 0.1035 
0.0000 0.0157 0.0026 0.9817 
0.0039 0.0000 0.9961 0.0000 
0.0000 0.0000 1.0000 0.0000 
0.0957 0.7562 0.0039 0.1442 
0.1258 0.2556 0.3473 0.2713 
0.1363 0.1717 0.5911 0.1009 
0.2280 0.5806 0.0629 0.1284 

