MEME version 4

ALPHABET= ACGT

Background letter frequencies:
A 0.2500 C 0.2500 G 0.2500 T 0.2500 

MOTIF filter0 
letter-probability matrix: alength= 4 w= 17 nsites= 17 
0.2403 0.2554 0.2609 0.2434 
0.1512 0.2768 0.3238 0.2482 
0.1169 0.4988 0.2021 0.1822 
0.6237 0.0780 0.2220 0.0764 
0.3119 0.4328 0.2411 0.0143 
0.2936 0.1018 0.3079 0.2967 
0.0621 0.2506 0.1281 0.5593 
0.1257 0.8441 0.0056 0.0247 
0.0008 0.5505 0.4455 0.0032 
0.0438 0.0008 0.8799 0.0756 
0.7367 0.1408 0.0676 0.0549 
0.7653 0.1273 0.0286 0.0788 
0.0692 0.1384 0.7192 0.0732 
0.0915 0.2315 0.0286 0.6484 
0.2713 0.1265 0.4980 0.1042 
0.2936 0.3174 0.2418 0.1472 
0.2490 0.3365 0.1965 0.2180 

MOTIF filter1 
letter-probability matrix: alength= 4 w= 9 nsites= 9 
0.1883 0.3330 0.1985 0.2803 
0.2310 0.2917 0.2176 0.2597 
0.2276 0.2665 0.2200 0.2859 
0.0382 0.3238 0.6154 0.0226 
0.3924 0.2114 0.0043 0.3919 
0.0016 0.9095 0.0848 0.0041 
0.2805 0.4071 0.0076 0.3048 
0.3787 0.1137 0.2236 0.2840 
0.1212 0.5797 0.1598 0.1393 

MOTIF filter2 
letter-probability matrix: alength= 4 w= 13 nsites= 13 
0.2349 0.2616 0.3964 0.1071 
0.3335 0.2705 0.2428 0.1532 
0.2192 0.1440 0.1889 0.4479 
0.4222 0.1736 0.4041 0.0000 
0.1905 0.5288 0.0879 0.1927 
0.0922 0.7615 0.0003 0.1461 
0.1577 0.1797 0.5375 0.1250 
0.5315 0.0016 0.2447 0.2222 
0.0042 0.3073 0.6575 0.0310 
0.0316 0.5706 0.3252 0.0727 
0.2233 0.2901 0.0320 0.4547 
0.1906 0.3204 0.2124 0.2765 
0.3243 0.3078 0.3133 0.0546 

MOTIF filter3 
letter-probability matrix: alength= 4 w= 17 nsites= 17 
0.2361 0.2707 0.2767 0.2165 
0.2481 0.2586 0.2421 0.2511 
0.1744 0.6000 0.1519 0.0737 
0.9353 0.0301 0.0226 0.0120 
0.8992 0.0481 0.0316 0.0211 
0.4030 0.1519 0.3850 0.0602 
0.9489 0.0226 0.0105 0.0180 
0.0180 0.0105 0.0000 0.9714 
0.0346 0.0571 0.8812 0.0271 
0.0000 0.0135 0.7985 0.1880 
0.0632 0.8391 0.0000 0.0977 
0.3188 0.1714 0.2662 0.2436 
0.1383 0.1083 0.6211 0.1323 
0.1158 0.7820 0.0150 0.0872 
0.3489 0.2241 0.1323 0.2947 
0.2662 0.2150 0.2120 0.3068 
0.2827 0.2120 0.2195 0.2857 

MOTIF filter4 
letter-probability matrix: alength= 4 w= 11 nsites= 11 
0.5561 0.2453 0.0390 0.1596 
0.1687 0.3161 0.2549 0.2603 
0.4157 0.1424 0.1661 0.2758 
0.0367 0.0225 0.0299 0.9109 
0.0343 0.4929 0.1643 0.3086 
0.8672 0.0086 0.0286 0.0957 
0.2374 0.0528 0.3908 0.3190 
0.0560 0.5692 0.0688 0.3060 
0.4759 0.1878 0.1914 0.1449 
0.2588 0.1993 0.2896 0.2524 
0.2499 0.2317 0.1544 0.3640 

MOTIF filter5 
letter-probability matrix: alength= 4 w= 15 nsites= 15 
0.2301 0.2633 0.2952 0.2114 
0.3079 0.4768 0.1941 0.0211 
0.1989 0.0489 0.3243 0.4279 
0.0032 0.3460 0.6496 0.0011 
0.5725 0.0190 0.0185 0.3900 
0.4898 0.2829 0.0838 0.1435 
0.0000 0.7251 0.2749 0.0000 
0.3743 0.1732 0.0937 0.3588 
0.0019 0.0608 0.5626 0.3747 
0.0297 0.2114 0.5464 0.2125 
0.2435 0.3669 0.3159 0.0737 
0.0000 0.2967 0.6007 0.1026 
0.1857 0.2920 0.2480 0.2743 
0.1418 0.4128 0.3443 0.1011 
0.3335 0.2803 0.1909 0.1952 

MOTIF filter6 
letter-probability matrix: alength= 4 w= 12 nsites= 12 
0.2494 0.2458 0.2674 0.2374 
0.2456 0.2558 0.2466 0.2520 
0.4038 0.2013 0.3366 0.0583 
0.0172 0.0277 0.0233 0.9318 
0.0172 0.0363 0.1542 0.7923 
0.2989 0.0307 0.4874 0.1830 
0.0740 0.6594 0.0613 0.2053 
0.2159 0.0662 0.6546 0.0632 
0.1716 0.5098 0.0233 0.2953 
0.7566 0.1620 0.0391 0.0423 
0.8986 0.0387 0.0361 0.0265 
0.0720 0.3228 0.1778 0.4274 

MOTIF filter7 
letter-probability matrix: alength= 4 w= 15 nsites= 15 
0.2222 0.2854 0.2401 0.2523 
0.1758 0.4095 0.1932 0.2216 
0.3457 0.0412 0.4768 0.1363 
0.0365 0.8016 0.1125 0.0493 
0.1792 0.3596 0.1166 0.3445 
0.0557 0.0992 0.4936 0.3515 
0.0017 0.9954 0.0023 0.0006 
0.0093 0.9907 0.0000 0.0000 
0.4165 0.0174 0.5029 0.0632 
0.0000 0.2767 0.3132 0.4101 
0.0766 0.6317 0.0586 0.2332 
0.0708 0.2599 0.0539 0.6154 
0.0215 0.2645 0.2001 0.5139 
0.1009 0.3730 0.3509 0.1752 
0.2425 0.2367 0.1914 0.3295 

MOTIF filter8 
letter-probability matrix: alength= 4 w= 13 nsites= 13 
0.2041 0.2640 0.1656 0.3664 
0.1473 0.1961 0.2779 0.3787 
0.1363 0.0449 0.3906 0.4282 
0.0100 0.9777 0.0000 0.0123 
0.0000 0.6579 0.0007 0.3414 
0.9541 0.0086 0.0003 0.0369 
0.2254 0.0000 0.1526 0.6220 
0.1346 0.1227 0.4385 0.3042 
0.4362 0.0073 0.0013 0.5552 
0.6117 0.0007 0.0000 0.3876 
0.2530 0.0821 0.2483 0.4166 
0.4219 0.1443 0.3248 0.1090 
0.1858 0.2025 0.4890 0.1227 

MOTIF filter9 
letter-probability matrix: alength= 4 w= 11 nsites= 11 
0.3791 0.1813 0.1766 0.2630 
0.3098 0.0576 0.5523 0.0802 
0.3941 0.0202 0.3230 0.2626 
0.0370 0.2424 0.7188 0.0019 
0.0714 0.0456 0.5099 0.3731 
0.1852 0.1405 0.4476 0.2267 
0.0590 0.6998 0.0041 0.2370 
0.0287 0.6002 0.0822 0.2889 
0.3593 0.1204 0.3436 0.1768 
0.1340 0.0933 0.6059 0.1668 
0.2381 0.2279 0.3197 0.2143 

MOTIF filter10 
letter-probability matrix: alength= 4 w= 13 nsites= 13 
0.1653 0.1554 0.1489 0.5305 
0.1161 0.1249 0.5880 0.1710 
0.2155 0.5746 0.1535 0.0564 
0.0453 0.0427 0.0122 0.8998 
0.0366 0.0480 0.8302 0.0853 
0.8919 0.0232 0.0415 0.0434 
0.0765 0.4189 0.4303 0.0743 
0.0781 0.0556 0.0552 0.8111 
0.1074 0.7506 0.0602 0.0819 
0.8229 0.0171 0.0895 0.0704 
0.0396 0.1413 0.5739 0.2452 
0.1950 0.4383 0.1885 0.1782 
0.4410 0.1417 0.2235 0.1938 

MOTIF filter11 
letter-probability matrix: alength= 4 w= 16 nsites= 16 
0.2582 0.2192 0.1470 0.3757 
0.2689 0.1390 0.5128 0.0793 
0.4973 0.1017 0.3295 0.0716 
0.0251 0.7195 0.0730 0.1825 
0.0301 0.4885 0.1069 0.3745 
0.5122 0.0082 0.4344 0.0452 
0.0249 0.4675 0.0000 0.5076 
0.4323 0.0411 0.5104 0.0162 
0.0692 0.3492 0.0003 0.5813 
0.5335 0.0153 0.1656 0.2856 
0.4074 0.0503 0.2199 0.3224 
0.0287 0.2882 0.4489 0.2341 
0.1137 0.1878 0.6361 0.0624 
0.1950 0.1822 0.3216 0.3012 
0.2239 0.3728 0.1764 0.2269 
0.3662 0.1864 0.2177 0.2298 

MOTIF filter12 
letter-probability matrix: alength= 4 w= 12 nsites= 12 
0.3085 0.1675 0.1088 0.4152 
0.1689 0.0958 0.1689 0.5664 
0.2522 0.5577 0.0273 0.1628 
0.0425 0.6558 0.0591 0.2426 
0.0871 0.3115 0.4785 0.1229 
0.0851 0.0018 0.9053 0.0079 
0.0012 0.1763 0.8149 0.0076 
0.5533 0.0004 0.0846 0.3616 
0.7441 0.0148 0.1650 0.0761 
0.1952 0.2417 0.2386 0.3245 
0.1544 0.3740 0.2291 0.2426 
0.1811 0.3281 0.1987 0.2921 

MOTIF filter13 
letter-probability matrix: alength= 4 w= 13 nsites= 13 
0.2246 0.2580 0.2842 0.2332 
0.2378 0.1809 0.4322 0.1491 
0.2084 0.0364 0.5377 0.2175 
0.3030 0.0209 0.6413 0.0348 
0.0185 0.1193 0.8246 0.0376 
0.0902 0.0929 0.7695 0.0473 
0.2931 0.3248 0.1914 0.1907 
0.0839 0.0728 0.7801 0.0631 
0.0924 0.0724 0.7062 0.1290 
0.2738 0.0444 0.6051 0.0767 
0.2535 0.1801 0.5393 0.0271 
0.2473 0.3311 0.2789 0.1427 
0.2354 0.2562 0.2950 0.2135 

MOTIF filter14 
letter-probability matrix: alength= 4 w= 17 nsites= 17 
0.3179 0.1618 0.2379 0.2824 
0.3324 0.1800 0.2642 0.2234 
0.1755 0.3921 0.1456 0.2867 
0.1479 0.0451 0.1717 0.6353 
0.4111 0.1257 0.3016 0.1616 
0.1603 0.1979 0.1490 0.4929 
0.1011 0.6738 0.1377 0.0874 
0.3482 0.0160 0.3384 0.2974 
0.2721 0.0566 0.6297 0.0417 
0.0594 0.5259 0.0028 0.4119 
0.9047 0.0278 0.0002 0.0673 
0.5147 0.0953 0.2651 0.1250 
0.4835 0.0427 0.2764 0.1975 
0.1531 0.2875 0.0107 0.5487 
0.4840 0.2529 0.0000 0.2631 
0.2360 0.2223 0.3433 0.1984 
0.3050 0.3149 0.1710 0.2091 

MOTIF filter15 
letter-probability matrix: alength= 4 w= 16 nsites= 16 
0.2122 0.3595 0.2341 0.1941 
0.4305 0.1654 0.2273 0.1767 
0.0846 0.2885 0.0838 0.5431 
0.0846 0.0400 0.2273 0.6480 
0.2153 0.2998 0.0657 0.4192 
0.0015 0.9592 0.0393 0.0000 
0.0204 0.9313 0.0008 0.0476 
0.2251 0.0000 0.6692 0.1057 
0.0000 0.0242 0.7213 0.2545 
0.8059 0.0060 0.1601 0.0279 
0.5657 0.0257 0.0378 0.3708 
0.5551 0.0574 0.3678 0.0196 
0.1548 0.1707 0.0295 0.6450 
0.1397 0.1458 0.6239 0.0906 
0.1480 0.2009 0.6012 0.0498 
0.1805 0.2175 0.3082 0.2938 

MOTIF filter16 
letter-probability matrix: alength= 4 w= 13 nsites= 13 
0.2580 0.2459 0.2489 0.2472 
0.2581 0.2374 0.2677 0.2368 
0.3482 0.2415 0.3108 0.0995 
0.0681 0.0551 0.0645 0.8123 
0.0710 0.0695 0.6655 0.1941 
0.7786 0.0276 0.1342 0.0595 
0.1194 0.3847 0.3987 0.0971 
0.0342 0.0093 0.1173 0.8393 
0.1282 0.7216 0.0572 0.0929 
0.8662 0.0161 0.0609 0.0569 
0.1422 0.2886 0.2457 0.3236 
0.2133 0.2895 0.1954 0.3018 
0.2458 0.2263 0.2537 0.2743 

MOTIF filter17 
letter-probability matrix: alength= 4 w= 12 nsites= 12 
0.2004 0.1380 0.3764 0.2852 
0.2918 0.3467 0.3423 0.0192 
0.3684 0.0919 0.1685 0.3713 
0.0232 0.0306 0.1862 0.7599 
0.1355 0.0623 0.7235 0.0786 
0.1331 0.4526 0.0454 0.3689 
0.0508 0.2183 0.6648 0.0661 
0.0105 0.8591 0.0918 0.0387 
0.7113 0.0214 0.0486 0.2187 
0.4023 0.2360 0.2583 0.1033 
0.1135 0.1904 0.4344 0.2617 
0.3002 0.1416 0.2182 0.3400 

MOTIF filter18 
letter-probability matrix: alength= 4 w= 12 nsites= 12 
0.3511 0.1876 0.3105 0.1508 
0.2867 0.3165 0.3082 0.0886 
0.3611 0.4477 0.0126 0.1786 
0.7737 0.1376 0.0485 0.0402 
0.0324 0.0481 0.2999 0.6196 
0.3752 0.0959 0.4996 0.0293 
0.0000 0.0559 0.4338 0.5102 
0.8459 0.0381 0.0259 0.0901 
0.0000 0.1494 0.2312 0.6195 
0.1151 0.2190 0.4009 0.2650 
0.0712 0.1887 0.4378 0.3024 
0.1393 0.2301 0.3407 0.2899 

MOTIF filter19 
letter-probability matrix: alength= 4 w= 13 nsites= 13 
0.2334 0.2358 0.3052 0.2256 
0.3323 0.0450 0.3873 0.2353 
0.2446 0.0972 0.1399 0.5183 
0.0000 0.4088 0.4554 0.1358 
0.4828 0.2929 0.1754 0.0489 
0.1558 0.2733 0.0004 0.5705 
0.0897 0.0000 0.0065 0.9039 
0.0004 0.2086 0.7909 0.0000 
0.4203 0.0101 0.5138 0.0558 
0.0541 0.3360 0.0080 0.6019 
0.0735 0.2797 0.3756 0.2711 
0.4144 0.1506 0.3608 0.0741 
0.3688 0.1487 0.3330 0.1496 

MOTIF filter20 
letter-probability matrix: alength= 4 w= 16 nsites= 16 
0.2654 0.2621 0.2467 0.2259 
0.2774 0.2412 0.2423 0.2390 
0.1195 0.0735 0.3388 0.4682 
0.0219 0.8596 0.0000 0.1184 
0.0000 0.0000 0.0044 0.9956 
0.9594 0.0000 0.0406 0.0000 
0.2292 0.0011 0.1371 0.6327 
0.4145 0.0011 0.0482 0.5362 
0.5285 0.0373 0.0022 0.4320 
0.6535 0.0121 0.0011 0.3333 
0.0000 0.0000 0.0000 1.0000 
0.9978 0.0000 0.0022 0.0000 
0.0954 0.0000 0.9024 0.0022 
0.4364 0.4002 0.0537 0.1096 
0.2840 0.2434 0.2686 0.2039 
0.2522 0.2401 0.2752 0.2325 

MOTIF filter21 
letter-probability matrix: alength= 4 w= 12 nsites= 12 
0.2780 0.3004 0.3628 0.0588 
0.2643 0.2428 0.1972 0.2957 
0.3291 0.2807 0.3902 0.0000 
0.0818 0.0651 0.1326 0.7205 
0.0596 0.9404 0.0000 0.0000 
0.0142 0.6948 0.2909 0.0000 
0.1897 0.0204 0.6779 0.1119 
0.2815 0.0905 0.1075 0.5206 
0.0000 0.2827 0.0374 0.6799 
0.0661 0.3585 0.1067 0.4687 
0.3211 0.1638 0.1670 0.3480 
0.2182 0.3154 0.1626 0.3039 

MOTIF filter22 
letter-probability matrix: alength= 4 w= 15 nsites= 15 
0.2610 0.3231 0.2237 0.1923 
0.3002 0.2368 0.2041 0.2590 
0.1308 0.1714 0.4794 0.2184 
0.1060 0.6344 0.0818 0.1779 
0.0098 0.8600 0.0144 0.1158 
0.0164 0.8738 0.0621 0.0477 
0.0961 0.6292 0.1655 0.1092 
0.0177 0.0000 0.8502 0.1321 
0.1884 0.6717 0.1328 0.0072 
0.0000 0.7619 0.0170 0.2211 
0.1857 0.6691 0.0013 0.1439 
0.2041 0.5304 0.0013 0.2642 
0.0556 0.4375 0.3388 0.1681 
0.1550 0.1785 0.5154 0.1511 
0.2525 0.2250 0.2799 0.2426 

MOTIF filter23 
letter-probability matrix: alength= 4 w= 11 nsites= 11 
0.1254 0.3237 0.2511 0.2998 
0.1684 0.3270 0.1918 0.3128 
0.1408 0.3147 0.2379 0.3065 
0.0592 0.7098 0.1279 0.1032 
0.2029 0.1583 0.0455 0.5932 
0.1629 0.1631 0.6728 0.0012 
0.0728 0.4993 0.3821 0.0457 
0.0519 0.0170 0.8197 0.1113 
0.1851 0.5779 0.0275 0.2095 
0.4198 0.4468 0.0366 0.0967 
0.3173 0.1898 0.0869 0.4060 

MOTIF filter24 
letter-probability matrix: alength= 4 w= 11 nsites= 11 
0.2555 0.3023 0.2130 0.2293 
0.4121 0.2249 0.2352 0.1277 
0.2424 0.3173 0.2844 0.1559 
0.0143 0.9738 0.0115 0.0004 
0.9123 0.0179 0.0512 0.0186 
0.0032 0.8758 0.0151 0.1059 
0.1115 0.0333 0.8397 0.0155 
0.0266 0.0504 0.0016 0.9215 
0.0464 0.0242 0.8782 0.0512 
0.1729 0.2812 0.3042 0.2416 
0.1603 0.2590 0.1666 0.4141 

MOTIF filter25 
letter-probability matrix: alength= 4 w= 15 nsites= 15 
0.3487 0.2015 0.2250 0.2247 
0.4011 0.1430 0.2948 0.1611 
0.3258 0.2524 0.2351 0.1867 
0.3527 0.0056 0.5400 0.1018 
0.0483 0.4031 0.1955 0.3531 
0.1151 0.2385 0.2562 0.3903 
0.4893 0.5099 0.0007 0.0001 
0.0251 0.8087 0.0779 0.0882 
0.5040 0.0091 0.0525 0.4344 
0.1601 0.5859 0.0469 0.2070 
0.6690 0.2135 0.0592 0.0583 
0.0000 0.2860 0.0213 0.6926 
0.3648 0.2329 0.2414 0.1608 
0.0948 0.3019 0.2237 0.3796 
0.2597 0.3144 0.2600 0.1660 

MOTIF filter26 
letter-probability matrix: alength= 4 w= 11 nsites= 11 
0.2555 0.2455 0.2563 0.2427 
0.1906 0.3010 0.2395 0.2689 
0.0443 0.4802 0.4710 0.0045 
0.4493 0.2467 0.0835 0.2206 
0.3047 0.0590 0.4708 0.1656 
0.0002 0.4169 0.0816 0.5013 
0.0036 0.3378 0.6586 0.0000 
0.6087 0.0014 0.3755 0.0144 
0.2274 0.1854 0.5014 0.0857 
0.3568 0.1105 0.0744 0.4583 
0.0900 0.5028 0.3691 0.0381 

MOTIF filter27 
letter-probability matrix: alength= 4 w= 13 nsites= 13 
0.2580 0.2499 0.2769 0.2152 
0.3270 0.1847 0.2908 0.1974 
0.0251 0.8324 0.0828 0.0597 
0.0446 0.5830 0.0458 0.3266 
0.5961 0.1281 0.1957 0.0801 
0.9323 0.0096 0.0183 0.0398 
0.0556 0.0686 0.0266 0.8493 
0.0980 0.3665 0.1309 0.4046 
0.4976 0.0220 0.3550 0.1255 
0.1753 0.0925 0.7102 0.0220 
0.2466 0.2902 0.1835 0.2796 
0.1756 0.2984 0.1785 0.3476 
0.2069 0.3250 0.2026 0.2656 

MOTIF filter28 
letter-probability matrix: alength= 4 w= 14 nsites= 14 
0.3431 0.2293 0.1719 0.2558 
0.4199 0.1376 0.2276 0.2148 
0.1514 0.3474 0.1484 0.3528 
0.0007 0.0027 0.0161 0.9805 
0.0003 0.0514 0.3293 0.6190 
0.1564 0.8436 0.0000 0.0000 
0.0077 0.6945 0.0000 0.2978 
0.0537 0.3743 0.3662 0.2058 
0.3622 0.0900 0.5472 0.0007 
0.0000 0.1178 0.5851 0.2971 
0.4602 0.5099 0.0218 0.0081 
0.5247 0.2685 0.0161 0.1907 
0.3246 0.3276 0.1699 0.1779 
0.1850 0.3263 0.1796 0.3092 

MOTIF filter29 
letter-probability matrix: alength= 4 w= 11 nsites= 11 
0.2392 0.1837 0.2090 0.3681 
0.3179 0.1291 0.3208 0.2322 
0.3184 0.1685 0.1053 0.4078 
0.0306 0.3285 0.6383 0.0025 
0.0008 0.1895 0.1661 0.6436 
0.1941 0.7741 0.0021 0.0297 
0.2515 0.5724 0.1041 0.0719 
0.0517 0.8847 0.0093 0.0543 
0.1254 0.2486 0.3323 0.2937 
0.0829 0.5790 0.1531 0.1849 
0.1743 0.3012 0.3191 0.2053 

MOTIF filter30 
letter-probability matrix: alength= 4 w= 10 nsites= 10 
0.3030 0.0132 0.4141 0.2696 
0.4297 0.0363 0.2480 0.2860 
0.4089 0.0735 0.3635 0.1541 
0.0010 0.0859 0.0000 0.9131 
0.8201 0.0407 0.1114 0.0277 
0.3950 0.3096 0.0064 0.2890 
0.0251 0.0025 0.7178 0.2545 
0.0387 0.1590 0.5076 0.2948 
0.2007 0.1006 0.4331 0.2656 
0.2195 0.3627 0.1735 0.2443 

MOTIF filter31 
letter-probability matrix: alength= 4 w= 11 nsites= 11 
0.1838 0.2407 0.2722 0.3033 
0.1831 0.4148 0.1729 0.2293 
0.0969 0.1436 0.3562 0.4033 
0.2741 0.6445 0.0697 0.0117 
0.1254 0.0027 0.5104 0.3615 
0.2380 0.0072 0.6927 0.0621 
0.4440 0.0013 0.1606 0.3942 
0.0494 0.8982 0.0006 0.0518 
0.0769 0.3077 0.0630 0.5525 
0.4351 0.3298 0.0093 0.2258 
0.0468 0.1924 0.4543 0.3066 

