MEME version 4

ALPHABET= ACGT

Background letter frequencies:
A 0.2500 C 0.2500 G 0.2500 T 0.2500 

MOTIF filter0 
letter-probability matrix: alength= 4 w= 13 nsites= 13 
0.2341 0.2543 0.1040 0.4076 
0.2755 0.2212 0.1962 0.3071 
0.2965 0.2572 0.1218 0.3246 
0.0122 0.6384 0.2303 0.1191 
0.2970 0.1567 0.0308 0.5155 
0.2146 0.0002 0.1455 0.6397 
0.0000 0.4771 0.5229 0.0000 
0.6288 0.1670 0.0001 0.2042 
0.5601 0.0700 0.0905 0.2795 
0.3836 0.0414 0.5662 0.0089 
0.3272 0.0763 0.3465 0.2500 
0.2052 0.3704 0.2025 0.2219 
0.3944 0.1080 0.4003 0.0973 

MOTIF filter1 
letter-probability matrix: alength= 4 w= 14 nsites= 14 
0.1870 0.2523 0.3507 0.2100 
0.1209 0.3092 0.3000 0.2700 
0.1090 0.5179 0.2391 0.1341 
0.5876 0.0670 0.2814 0.0640 
0.1932 0.6101 0.1134 0.0834 
0.1195 0.1081 0.0829 0.6895 
0.0340 0.2536 0.0635 0.6489 
0.1809 0.8041 0.0000 0.0150 
0.0000 0.7499 0.2501 0.0000 
0.0216 0.0004 0.9127 0.0653 
0.5880 0.1853 0.2223 0.0044 
0.3789 0.2347 0.1756 0.2109 
0.0900 0.1800 0.4102 0.3198 
0.0556 0.2973 0.1015 0.5457 

MOTIF filter2 
letter-probability matrix: alength= 4 w= 15 nsites= 15 
0.2606 0.2581 0.2206 0.2606 
0.3026 0.2297 0.2477 0.2200 
0.1555 0.2890 0.1503 0.4052 
0.0058 0.0161 0.0039 0.9742 
0.0297 0.0277 0.0497 0.8929 
0.0935 0.8942 0.0013 0.0110 
0.0194 0.7871 0.0045 0.1890 
0.2129 0.2426 0.3110 0.2335 
0.2200 0.0032 0.7555 0.0213 
0.0181 0.0116 0.8665 0.1039 
0.8819 0.0632 0.0277 0.0271 
0.9671 0.0103 0.0123 0.0103 
0.4342 0.1613 0.2387 0.1658 
0.2245 0.2600 0.2465 0.2690 
0.2535 0.2355 0.2594 0.2516 

MOTIF filter3 
letter-probability matrix: alength= 4 w= 14 nsites= 14 
0.1662 0.2787 0.1003 0.4548 
0.5510 0.0329 0.1986 0.2176 
0.2107 0.2507 0.1679 0.3707 
0.1053 0.8787 0.0067 0.0094 
0.3528 0.3653 0.0001 0.2818 
0.3353 0.2680 0.3478 0.0489 
0.0597 0.0000 0.4186 0.5217 
0.5271 0.0014 0.3058 0.1657 
0.2683 0.0010 0.5476 0.1831 
0.5213 0.1624 0.1752 0.1411 
0.1356 0.2008 0.0345 0.6291 
0.4890 0.1037 0.2507 0.1566 
0.1793 0.1315 0.5585 0.1307 
0.2375 0.2336 0.2519 0.2770 

MOTIF filter4 
letter-probability matrix: alength= 4 w= 16 nsites= 16 
0.2481 0.3613 0.1659 0.2247 
0.2392 0.1599 0.3282 0.2727 
0.0801 0.2811 0.4930 0.1458 
0.0656 0.5691 0.0238 0.3415 
0.3774 0.4555 0.0733 0.0938 
0.6992 0.0000 0.2481 0.0528 
0.4209 0.2545 0.0959 0.2288 
0.2670 0.4193 0.2392 0.0745 
0.6726 0.0024 0.0000 0.3250 
0.0000 0.0109 0.0000 0.9891 
0.4128 0.1329 0.3862 0.0681 
0.0499 0.0044 0.8272 0.1184 
0.1949 0.6118 0.0133 0.1800 
0.2223 0.2135 0.2984 0.2658 
0.1623 0.1687 0.4841 0.1849 
0.2086 0.4732 0.1289 0.1893 

MOTIF filter5 
letter-probability matrix: alength= 4 w= 14 nsites= 14 
0.2341 0.3078 0.2771 0.1810 
0.3190 0.2714 0.2616 0.1481 
0.2508 0.3236 0.2053 0.2203 
0.3083 0.0760 0.5894 0.0263 
0.2820 0.1171 0.2902 0.3106 
0.1586 0.1596 0.6124 0.0695 
0.6478 0.0722 0.0804 0.1996 
0.0006 0.6188 0.3302 0.0504 
0.4865 0.1512 0.1501 0.2122 
0.0007 0.6827 0.0000 0.3165 
0.9153 0.0250 0.0374 0.0223 
0.1065 0.4508 0.1426 0.3001 
0.1026 0.1511 0.4875 0.2588 
0.0755 0.3180 0.3558 0.2506 

MOTIF filter6 
letter-probability matrix: alength= 4 w= 9 nsites= 9 
0.3840 0.2685 0.2419 0.1056 
0.3307 0.3069 0.2100 0.1523 
0.4689 0.3005 0.2281 0.0025 
0.1398 0.0275 0.0000 0.8327 
0.0000 0.7035 0.2957 0.0008 
0.3768 0.0013 0.5861 0.0358 
0.2270 0.1473 0.1047 0.5210 
0.0014 0.1989 0.4703 0.3294 
0.1894 0.2999 0.3176 0.1931 

MOTIF filter7 
letter-probability matrix: alength= 4 w= 12 nsites= 12 
0.3687 0.1410 0.3775 0.1128 
0.2361 0.3441 0.2515 0.1683 
0.2647 0.3935 0.2676 0.0742 
0.0584 0.0021 0.0000 0.9395 
0.0004 0.5677 0.0017 0.4302 
0.5550 0.1028 0.0006 0.3416 
0.6142 0.1003 0.1255 0.1600 
0.9733 0.0013 0.0056 0.0198 
0.1735 0.0663 0.1278 0.6323 
0.1844 0.2127 0.3819 0.2211 
0.1789 0.2334 0.3898 0.1979 
0.1743 0.1696 0.4154 0.2407 

MOTIF filter8 
letter-probability matrix: alength= 4 w= 14 nsites= 14 
0.2318 0.2399 0.2599 0.2683 
0.2640 0.1649 0.1907 0.3805 
0.1773 0.3086 0.3871 0.1269 
0.1521 0.7804 0.0249 0.0426 
0.4671 0.2591 0.2443 0.0296 
0.0052 0.9110 0.0003 0.0835 
0.4489 0.0000 0.3784 0.1727 
0.0038 0.2425 0.0736 0.6801 
0.4981 0.0067 0.4943 0.0009 
0.2657 0.0997 0.0151 0.6195 
0.2017 0.0159 0.7644 0.0180 
0.1339 0.2556 0.2420 0.3686 
0.1205 0.1466 0.5335 0.1994 
0.2028 0.3141 0.3657 0.1174 

MOTIF filter9 
letter-probability matrix: alength= 4 w= 13 nsites= 13 
0.4373 0.1325 0.0996 0.3307 
0.3884 0.1118 0.2015 0.2983 
0.3884 0.1677 0.1916 0.2522 
0.0695 0.0841 0.1780 0.6684 
0.0000 0.0009 0.6407 0.3584 
0.0841 0.9159 0.0000 0.0000 
0.3739 0.0935 0.1855 0.3471 
0.0000 0.0000 0.8426 0.1574 
0.3734 0.6219 0.0047 0.0000 
0.8497 0.0808 0.0465 0.0230 
0.1930 0.2381 0.1667 0.4021 
0.2334 0.2485 0.0719 0.4462 
0.3650 0.1052 0.1193 0.4105 

MOTIF filter10 
letter-probability matrix: alength= 4 w= 10 nsites= 10 
0.1573 0.2185 0.3858 0.2384 
0.3971 0.1917 0.2635 0.1477 
0.3286 0.3277 0.3202 0.0235 
0.0273 0.0426 0.0826 0.8475 
0.0000 0.9406 0.0591 0.0002 
0.9995 0.0005 0.0000 0.0000 
0.0031 0.6056 0.3583 0.0330 
0.0409 0.3068 0.3523 0.2999 
0.2250 0.1946 0.0685 0.5120 
0.2858 0.1180 0.5452 0.0510 

MOTIF filter11 
letter-probability matrix: alength= 4 w= 11 nsites= 11 
0.2745 0.2247 0.2607 0.2401 
0.2755 0.2735 0.2330 0.2179 
0.1843 0.2426 0.2557 0.3174 
0.3924 0.0000 0.1573 0.4503 
0.3742 0.2352 0.3906 0.0000 
0.3574 0.6426 0.0000 0.0000 
0.0000 0.0003 0.6603 0.3394 
0.0000 0.4695 0.1728 0.3577 
0.4759 0.1933 0.0060 0.3248 
0.2786 0.2277 0.2566 0.2370 
0.2273 0.2387 0.2638 0.2702 

MOTIF filter12 
letter-probability matrix: alength= 4 w= 14 nsites= 14 
0.2585 0.2388 0.2544 0.2483 
0.2648 0.1556 0.4242 0.1554 
0.2352 0.0488 0.5018 0.2142 
0.2981 0.0563 0.5812 0.0645 
0.0685 0.0916 0.8351 0.0047 
0.0638 0.1027 0.8035 0.0301 
0.3017 0.3645 0.1210 0.2128 
0.0911 0.0084 0.8593 0.0412 
0.0631 0.0093 0.8944 0.0332 
0.3370 0.0077 0.6135 0.0418 
0.3544 0.0816 0.5373 0.0267 
0.2594 0.2786 0.3209 0.1411 
0.2562 0.2309 0.2773 0.2356 
0.2524 0.2191 0.2953 0.2332 

MOTIF filter13 
letter-probability matrix: alength= 4 w= 13 nsites= 13 
0.2798 0.2397 0.2728 0.2077 
0.1815 0.5231 0.1997 0.0956 
0.0737 0.3208 0.1710 0.4345 
0.1415 0.0053 0.5261 0.3271 
0.2447 0.0010 0.6366 0.1177 
0.1346 0.2183 0.6425 0.0046 
0.0040 0.0069 0.0172 0.9719 
0.2140 0.5516 0.2103 0.0241 
0.7619 0.0317 0.0129 0.1935 
0.0155 0.2735 0.6521 0.0589 
0.0651 0.2407 0.5632 0.1310 
0.2361 0.1849 0.3052 0.2738 
0.3247 0.3859 0.1515 0.1379 

MOTIF filter14 
letter-probability matrix: alength= 4 w= 14 nsites= 14 
0.2296 0.2709 0.2601 0.2395 
0.2560 0.2618 0.2444 0.2378 
0.4839 0.1519 0.3369 0.0273 
0.0000 0.0017 0.0008 0.9975 
0.0000 0.0000 0.0793 0.9207 
0.3080 0.0050 0.5888 0.0983 
0.0140 0.8571 0.0091 0.1197 
0.1263 0.0149 0.8448 0.0140 
0.1065 0.6416 0.0008 0.2510 
0.9348 0.0652 0.0000 0.0000 
0.9992 0.0000 0.0008 0.0000 
0.0223 0.3394 0.1618 0.4765 
0.2601 0.2494 0.2783 0.2122 
0.2362 0.2172 0.2667 0.2799 

MOTIF filter15 
letter-probability matrix: alength= 4 w= 12 nsites= 12 
0.2470 0.3329 0.2744 0.1456 
0.1224 0.4322 0.3200 0.1253 
0.1467 0.0951 0.2692 0.4889 
0.1041 0.5131 0.0097 0.3731 
0.3176 0.2305 0.4519 0.0000 
0.0191 0.5868 0.3527 0.0415 
0.4127 0.1080 0.4754 0.0039 
0.0025 0.3293 0.1034 0.5647 
0.0767 0.2384 0.6601 0.0248 
0.0000 0.4421 0.3578 0.2000 
0.2915 0.0905 0.4791 0.1388 
0.2071 0.2848 0.2039 0.3042 

MOTIF filter16 
letter-probability matrix: alength= 4 w= 12 nsites= 12 
0.2762 0.2851 0.2291 0.2096 
0.2905 0.0532 0.4896 0.1666 
0.1440 0.6097 0.1813 0.0650 
0.2775 0.7222 0.0003 0.0000 
0.9930 0.0000 0.0070 0.0000 
0.1596 0.2587 0.1899 0.3918 
0.3520 0.1749 0.2995 0.1736 
0.0000 0.0016 0.0000 0.9984 
0.0000 0.0003 0.7228 0.2768 
0.1102 0.1688 0.5773 0.1437 
0.2533 0.4705 0.0717 0.2045 
0.2335 0.1908 0.3109 0.2647 

MOTIF filter17 
letter-probability matrix: alength= 4 w= 12 nsites= 12 
0.2565 0.3691 0.2516 0.1228 
0.1005 0.2246 0.2858 0.3891 
0.1659 0.3477 0.3783 0.1081 
0.0520 0.5211 0.3783 0.0486 
0.1496 0.0024 0.7413 0.1067 
0.0508 0.0567 0.7542 0.1383 
0.2911 0.0000 0.0248 0.6840 
0.3653 0.3192 0.0116 0.3039 
0.0000 0.5902 0.4098 0.0000 
0.3318 0.3074 0.0267 0.3342 
0.3054 0.2531 0.2494 0.1921 
0.2814 0.2447 0.2294 0.2444 

MOTIF filter18 
letter-probability matrix: alength= 4 w= 12 nsites= 12 
0.2732 0.2095 0.2853 0.2320 
0.3024 0.2288 0.2121 0.2566 
0.2206 0.2247 0.2913 0.2634 
0.2429 0.2421 0.5144 0.0005 
0.1778 0.1515 0.2266 0.4442 
0.9221 0.0467 0.0312 0.0000 
0.0019 0.4814 0.5082 0.0085 
0.1299 0.2637 0.1674 0.4391 
0.0381 0.6694 0.2071 0.0853 
0.0036 0.2831 0.4460 0.2673 
0.4783 0.1786 0.1816 0.1614 
0.1812 0.2469 0.2982 0.2737 

MOTIF filter19 
letter-probability matrix: alength= 4 w= 13 nsites= 13 
0.1573 0.3240 0.3192 0.1995 
0.3179 0.1982 0.2988 0.1852 
0.0459 0.5228 0.1143 0.3170 
0.0972 0.0000 0.4300 0.4728 
0.9933 0.0067 0.0000 0.0000 
0.2350 0.1902 0.2642 0.3107 
0.0251 0.0000 0.0186 0.9563 
0.2662 0.5328 0.0000 0.2010 
0.4029 0.1327 0.0695 0.3949 
0.0102 0.1236 0.1963 0.6698 
0.5222 0.3276 0.0180 0.1322 
0.2811 0.1290 0.4332 0.1567 
0.2982 0.2911 0.1735 0.2372 

MOTIF filter20 
letter-probability matrix: alength= 4 w= 16 nsites= 16 
0.1501 0.3002 0.2066 0.3431 
0.2534 0.3782 0.2398 0.1287 
0.3626 0.1092 0.2904 0.2378 
0.0214 0.8791 0.0663 0.0331 
0.0741 0.1676 0.2534 0.5049 
0.7251 0.0136 0.1657 0.0955 
0.0351 0.8928 0.0526 0.0195 
0.0760 0.1481 0.0000 0.7758 
0.4756 0.0000 0.3002 0.2242 
0.0175 0.0741 0.8265 0.0819 
0.2456 0.1969 0.0214 0.5361 
0.7154 0.0214 0.1754 0.0877 
0.1384 0.0819 0.7563 0.0234 
0.1033 0.3021 0.0877 0.5068 
0.2008 0.2729 0.4308 0.0955 
0.2320 0.2846 0.4172 0.0663 

MOTIF filter21 
letter-probability matrix: alength= 4 w= 10 nsites= 10 
0.3863 0.0219 0.4127 0.1791 
0.2727 0.4650 0.0948 0.1676 
0.4521 0.0005 0.1877 0.3597 
0.0002 0.8031 0.1967 0.0000 
0.6248 0.0013 0.0533 0.3205 
0.0763 0.1129 0.5833 0.2275 
0.0669 0.3228 0.0000 0.6102 
0.1262 0.4396 0.2086 0.2256 
0.2840 0.3454 0.2978 0.0728 
0.2278 0.1767 0.3460 0.2496 

MOTIF filter22 
letter-probability matrix: alength= 4 w= 11 nsites= 11 
0.2728 0.1346 0.2597 0.3329 
0.1567 0.2539 0.3066 0.2829 
0.2957 0.2093 0.3708 0.1242 
0.0145 0.8274 0.1547 0.0033 
0.0372 0.2039 0.0000 0.7588 
0.1101 0.3121 0.4042 0.1735 
0.9544 0.0000 0.0061 0.0395 
0.0023 0.1579 0.7679 0.0718 
0.1470 0.2368 0.2910 0.3252 
0.2071 0.3497 0.4251 0.0180 
0.3126 0.2728 0.1331 0.2816 

MOTIF filter23 
letter-probability matrix: alength= 4 w= 12 nsites= 12 
0.2055 0.0896 0.2128 0.4921 
0.0689 0.3349 0.1473 0.4489 
0.3506 0.0042 0.1966 0.4486 
0.5602 0.0379 0.3184 0.0835 
0.5164 0.0018 0.0430 0.4388 
0.0618 0.0089 0.3947 0.5346 
0.2521 0.0236 0.1837 0.5406 
0.7456 0.1102 0.0098 0.1344 
0.6875 0.0534 0.0179 0.2412 
0.3140 0.2421 0.0072 0.4367 
0.2323 0.4076 0.2253 0.1348 
0.2847 0.4049 0.0670 0.2434 

MOTIF filter24 
letter-probability matrix: alength= 4 w= 14 nsites= 14 
0.3888 0.2637 0.1295 0.2181 
0.2968 0.0999 0.0640 0.5393 
0.2599 0.3148 0.2559 0.1693 
0.2351 0.0478 0.0121 0.7050 
0.2121 0.2768 0.5111 0.0000 
0.0446 0.6188 0.0028 0.3339 
0.4112 0.2986 0.0022 0.2881 
0.1850 0.0022 0.5050 0.3079 
0.8065 0.0002 0.1802 0.0131 
0.0004 0.3719 0.1810 0.4467 
0.7429 0.0188 0.0131 0.2252 
0.2014 0.2351 0.2197 0.3438 
0.4031 0.0720 0.3021 0.2228 
0.2024 0.0880 0.3931 0.3164 

MOTIF filter25 
letter-probability matrix: alength= 4 w= 13 nsites= 13 
0.2446 0.2620 0.2504 0.2430 
0.3419 0.0564 0.3751 0.2266 
0.1139 0.1774 0.2412 0.4675 
0.0000 0.5114 0.3714 0.1171 
0.8339 0.0122 0.0520 0.1019 
0.0688 0.3516 0.2423 0.3373 
0.0000 0.0016 0.0189 0.9794 
0.0998 0.2111 0.6891 0.0000 
0.6339 0.0012 0.3444 0.0206 
0.0494 0.3252 0.0268 0.5985 
0.0778 0.3045 0.3479 0.2698 
0.3460 0.2458 0.3079 0.1003 
0.3396 0.1818 0.3077 0.1709 

MOTIF filter26 
letter-probability matrix: alength= 4 w= 16 nsites= 16 
0.2304 0.2454 0.1860 0.3382 
0.1693 0.2792 0.3840 0.1676 
0.1597 0.2696 0.2659 0.3048 
0.0174 0.9154 0.0358 0.0314 
0.0000 0.4184 0.0935 0.4881 
0.8096 0.1430 0.0014 0.0461 
0.0085 0.0239 0.0007 0.9669 
0.5457 0.1130 0.0113 0.3300 
0.1201 0.0154 0.1290 0.7355 
0.7420 0.0003 0.0000 0.2577 
0.0867 0.0382 0.0724 0.8027 
0.4805 0.0505 0.3590 0.1099 
0.0901 0.0457 0.7498 0.1143 
0.2515 0.2666 0.2703 0.2116 
0.2140 0.3614 0.2505 0.1741 
0.3870 0.1935 0.1966 0.2229 

MOTIF filter27 
letter-probability matrix: alength= 4 w= 14 nsites= 14 
0.1889 0.2804 0.2910 0.2398 
0.2984 0.2306 0.3205 0.1506 
0.3142 0.2073 0.2929 0.1855 
0.0461 0.7755 0.0941 0.0843 
0.0712 0.5344 0.0657 0.3287 
0.5238 0.1126 0.2432 0.1204 
0.9068 0.0206 0.0289 0.0437 
0.0254 0.0442 0.0251 0.9053 
0.1289 0.2708 0.1533 0.4471 
0.3864 0.0453 0.4445 0.1238 
0.1876 0.1061 0.6632 0.0431 
0.2835 0.2590 0.1813 0.2762 
0.1964 0.2733 0.2028 0.3275 
0.2254 0.3105 0.2286 0.2355 

MOTIF filter28 
letter-probability matrix: alength= 4 w= 10 nsites= 10 
0.2678 0.2605 0.1994 0.2724 
0.2076 0.2971 0.0431 0.4522 
0.3090 0.1029 0.4753 0.1128 
0.5562 0.1847 0.2585 0.0006 
0.0000 0.2122 0.0000 0.7878 
0.5121 0.3675 0.0000 0.1204 
0.0634 0.0000 0.8967 0.0398 
0.4300 0.1225 0.3956 0.0519 
0.3127 0.2578 0.2320 0.1975 
0.2607 0.2571 0.3783 0.1039 

MOTIF filter29 
letter-probability matrix: alength= 4 w= 16 nsites= 16 
0.3032 0.2788 0.2138 0.2042 
0.2101 0.2508 0.2873 0.2519 
0.1333 0.1032 0.4598 0.3037 
0.0307 0.4810 0.0005 0.4878 
0.0011 0.0011 0.3915 0.6063 
0.9085 0.0016 0.0899 0.0000 
0.0672 0.4021 0.2672 0.2635 
0.4915 0.0000 0.0000 0.5085 
0.1148 0.5772 0.1751 0.1328 
0.5286 0.0032 0.3693 0.0989 
0.0005 0.1693 0.0259 0.8042 
0.6889 0.1048 0.1619 0.0444 
0.1508 0.0741 0.6878 0.0873 
0.3741 0.3307 0.1825 0.1127 
0.2085 0.2963 0.3323 0.1630 
0.2042 0.2915 0.2656 0.2386 

MOTIF filter30 
letter-probability matrix: alength= 4 w= 12 nsites= 12 
0.2304 0.2780 0.2611 0.2304 
0.1435 0.2823 0.3101 0.2641 
0.0569 0.5269 0.1134 0.3027 
0.0669 0.5915 0.0258 0.3157 
0.0703 0.8621 0.0110 0.0566 
0.0156 0.8621 0.0268 0.0955 
0.1985 0.1934 0.3209 0.2873 
0.0908 0.7504 0.0676 0.0912 
0.0938 0.7628 0.1048 0.0386 
0.0564 0.5375 0.0910 0.3152 
0.2074 0.4962 0.0923 0.2041 
0.1536 0.4238 0.1492 0.2733 

MOTIF filter31 
letter-probability matrix: alength= 4 w= 13 nsites= 13 
0.3499 0.2772 0.1848 0.1881 
0.1461 0.4790 0.1376 0.2373 
0.0002 0.4270 0.3419 0.2310 
0.9301 0.0116 0.0396 0.0187 
0.0421 0.7932 0.0000 0.1648 
0.2577 0.3909 0.3514 0.0000 
0.1990 0.0282 0.0157 0.7571 
0.2347 0.0393 0.4042 0.3219 
0.4672 0.1567 0.1167 0.2594 
0.0011 0.0898 0.2912 0.6179 
0.2598 0.1158 0.5508 0.0737 
0.1477 0.2160 0.1640 0.4722 
0.1852 0.3465 0.3413 0.1270 

