MEME version 4

ALPHABET= ACGT

Background letter frequencies:
A 0.2500 C 0.2500 G 0.2500 T 0.2500 

MOTIF filter0 
letter-probability matrix: alength= 4 w= 15 nsites= 15 
0.2482 0.2240 0.3102 0.2176 
0.1766 0.3339 0.2407 0.2488 
0.3220 0.2628 0.1858 0.2294 
0.6381 0.0188 0.1201 0.2229 
0.3253 0.3780 0.0851 0.2116 
0.2299 0.0522 0.1939 0.5240 
0.0302 0.0156 0.0172 0.9370 
0.0048 0.4179 0.5773 0.0000 
0.1616 0.8368 0.0005 0.0011 
0.0145 0.0048 0.6780 0.3026 
0.0005 0.2935 0.6774 0.0285 
0.8034 0.0749 0.0517 0.0700 
0.2666 0.3199 0.1896 0.2240 
0.1405 0.1799 0.4583 0.2213 
0.2348 0.1626 0.1039 0.4987 

MOTIF filter1 
letter-probability matrix: alength= 4 w= 10 nsites= 10 
0.2726 0.2103 0.2755 0.2416 
0.3082 0.1246 0.1833 0.3839 
0.0415 0.3650 0.1241 0.4694 
0.0432 0.1755 0.0713 0.7100 
0.3964 0.1108 0.4124 0.0804 
0.9611 0.0303 0.0068 0.0017 
0.0173 0.0068 0.0002 0.9757 
0.0638 0.2391 0.1336 0.5635 
0.4191 0.0705 0.4577 0.0527 
0.3564 0.0895 0.4944 0.0597 

MOTIF filter2 
letter-probability matrix: alength= 4 w= 14 nsites= 14 
0.4369 0.0362 0.4137 0.1132 
0.1851 0.3688 0.3917 0.0544 
0.4057 0.0696 0.1879 0.3367 
0.0601 0.1456 0.7943 0.0000 
0.2493 0.0506 0.2328 0.4674 
0.1625 0.4172 0.4178 0.0025 
0.0140 0.6506 0.1644 0.1711 
0.2407 0.0191 0.3908 0.3494 
0.0598 0.2893 0.1952 0.4556 
0.0000 0.4127 0.2550 0.3323 
0.8436 0.0913 0.0000 0.0652 
0.0235 0.2382 0.1402 0.5981 
0.1533 0.2099 0.0121 0.6248 
0.2048 0.2207 0.3380 0.2366 

MOTIF filter3 
letter-probability matrix: alength= 4 w= 14 nsites= 14 
0.1731 0.3765 0.2414 0.2091 
0.2960 0.2277 0.2288 0.2474 
0.1298 0.0429 0.5833 0.2440 
0.0550 0.7032 0.0884 0.1533 
0.2254 0.7628 0.0057 0.0061 
0.6099 0.1905 0.1928 0.0068 
0.4269 0.0106 0.1863 0.3761 
0.4406 0.1863 0.0565 0.3165 
0.0008 0.0273 0.0091 0.9628 
0.0000 0.0144 0.7214 0.2641 
0.1579 0.0144 0.7666 0.0611 
0.1985 0.4634 0.1871 0.1510 
0.1389 0.2433 0.1958 0.4220 
0.1662 0.3689 0.3085 0.1564 

MOTIF filter4 
letter-probability matrix: alength= 4 w= 12 nsites= 12 
0.2666 0.2631 0.2467 0.2236 
0.0343 0.1597 0.3452 0.4609 
0.2184 0.2229 0.3834 0.1753 
0.0015 0.5272 0.4669 0.0045 
0.5108 0.0000 0.3559 0.1333 
0.1490 0.4173 0.3005 0.1331 
0.2367 0.0940 0.2485 0.4208 
0.4855 0.0860 0.0001 0.4284 
0.0000 0.6410 0.3590 0.0000 
0.2865 0.3057 0.1257 0.2821 
0.3284 0.1668 0.3091 0.1958 
0.2679 0.2602 0.2668 0.2051 

MOTIF filter5 
letter-probability matrix: alength= 4 w= 12 nsites= 12 
0.1978 0.1690 0.2992 0.3339 
0.2105 0.3069 0.2483 0.2343 
0.3011 0.2508 0.2462 0.2019 
0.0196 0.5259 0.4401 0.0145 
0.1604 0.1953 0.0942 0.5501 
0.2738 0.1009 0.1603 0.4649 
0.7209 0.2018 0.0600 0.0173 
0.0651 0.6631 0.2703 0.0015 
0.0037 0.0537 0.9090 0.0336 
0.0051 0.2584 0.4650 0.2715 
0.3107 0.3163 0.0447 0.3283 
0.3016 0.2953 0.2731 0.1299 

MOTIF filter6 
letter-probability matrix: alength= 4 w= 12 nsites= 12 
0.2521 0.2498 0.2587 0.2394 
0.2612 0.2669 0.2277 0.2441 
0.4326 0.1729 0.3496 0.0450 
0.0168 0.0180 0.0193 0.9459 
0.0193 0.0237 0.1419 0.8151 
0.3243 0.0139 0.4962 0.1656 
0.0693 0.7125 0.0380 0.1802 
0.1925 0.0488 0.7052 0.0535 
0.1545 0.5488 0.0180 0.2787 
0.8262 0.1289 0.0206 0.0244 
0.9433 0.0222 0.0180 0.0165 
0.0541 0.3309 0.1754 0.4395 

MOTIF filter7 
letter-probability matrix: alength= 4 w= 14 nsites= 14 
0.2758 0.2452 0.2483 0.2307 
0.2562 0.2609 0.2446 0.2383 
0.1077 0.2199 0.3770 0.2954 
0.0000 0.6155 0.1308 0.2538 
0.0088 0.5949 0.0000 0.3964 
0.3250 0.6557 0.0194 0.0000 
0.1883 0.5936 0.0037 0.2144 
0.2530 0.0643 0.3027 0.3800 
0.0824 0.7426 0.0002 0.1748 
0.1355 0.8009 0.0000 0.0636 
0.0000 0.6302 0.0000 0.3698 
0.3203 0.4896 0.0094 0.1807 
0.1018 0.4035 0.1895 0.3052 
0.2687 0.2658 0.2364 0.2291 

MOTIF filter8 
letter-probability matrix: alength= 4 w= 11 nsites= 11 
0.2152 0.1864 0.3499 0.2485 
0.3166 0.1096 0.2764 0.2973 
0.3386 0.2939 0.0397 0.3278 
0.0102 0.1821 0.7571 0.0505 
0.6659 0.0670 0.0010 0.2661 
0.0512 0.6917 0.2298 0.0273 
0.3018 0.0768 0.0360 0.5855 
0.0292 0.7715 0.1872 0.0120 
0.4012 0.0093 0.2971 0.2923 
0.1453 0.2625 0.3866 0.2055 
0.1968 0.2330 0.3354 0.2348 

MOTIF filter9 
letter-probability matrix: alength= 4 w= 16 nsites= 16 
0.2697 0.2603 0.2556 0.2144 
0.2697 0.2780 0.2179 0.2344 
0.0801 0.0542 0.3604 0.5053 
0.0318 0.8952 0.0000 0.0730 
0.0000 0.0000 0.0000 1.0000 
0.9953 0.0000 0.0047 0.0000 
0.2615 0.0071 0.0177 0.7138 
0.4193 0.0012 0.0860 0.4935 
0.5406 0.0012 0.0342 0.4240 
0.6655 0.0518 0.0118 0.2709 
0.0000 0.0106 0.0024 0.9870 
0.9976 0.0024 0.0000 0.0000 
0.1072 0.0000 0.8834 0.0094 
0.4311 0.4311 0.0471 0.0907 
0.2568 0.2214 0.2803 0.2415 
0.2203 0.2921 0.2320 0.2556 

MOTIF filter10 
letter-probability matrix: alength= 4 w= 12 nsites= 12 
0.1078 0.5741 0.1482 0.1699 
0.0914 0.5323 0.1849 0.1914 
0.3493 0.1560 0.2995 0.1951 
0.1594 0.6782 0.1621 0.0004 
0.0143 0.8586 0.0478 0.0793 
0.0004 0.4016 0.5528 0.0452 
0.1651 0.7097 0.0944 0.0307 
0.0671 0.2501 0.5993 0.0835 
0.0125 0.0644 0.5668 0.3563 
0.1615 0.3070 0.4439 0.0875 
0.3722 0.1789 0.3936 0.0553 
0.1351 0.3231 0.3190 0.2228 

MOTIF filter11 
letter-probability matrix: alength= 4 w= 11 nsites= 11 
0.1544 0.1952 0.1585 0.4918 
0.2756 0.2120 0.1663 0.3461 
0.4212 0.0382 0.3595 0.1811 
0.1172 0.1845 0.6397 0.0586 
0.2645 0.0003 0.0377 0.6975 
0.0763 0.0267 0.0000 0.8970 
0.0242 0.2014 0.3790 0.3954 
0.3675 0.5676 0.0000 0.0649 
0.2241 0.2732 0.4232 0.0795 
0.2037 0.3550 0.2066 0.2347 
0.2213 0.3434 0.2067 0.2286 

MOTIF filter12 
letter-probability matrix: alength= 4 w= 12 nsites= 12 
0.2677 0.2670 0.2011 0.2643 
0.1485 0.1505 0.3716 0.3295 
0.1459 0.2054 0.4788 0.1698 
0.2900 0.0067 0.5787 0.1246 
0.5600 0.0114 0.1138 0.3147 
0.8151 0.0002 0.0967 0.0881 
0.0002 0.8077 0.0000 0.1922 
0.0015 0.4178 0.5785 0.0022 
0.0175 0.5328 0.0000 0.4497 
0.5432 0.2542 0.1098 0.0928 
0.3783 0.2409 0.1232 0.2576 
0.2023 0.3055 0.2249 0.2673 

MOTIF filter13 
letter-probability matrix: alength= 4 w= 16 nsites= 16 
0.1733 0.1814 0.1192 0.5261 
0.1293 0.1733 0.4499 0.2475 
0.2355 0.1453 0.2715 0.3477 
0.0070 0.9820 0.0000 0.0110 
0.0050 0.4639 0.0080 0.5230 
0.9489 0.0220 0.0200 0.0090 
0.2154 0.0000 0.0190 0.7655 
0.8427 0.0230 0.0000 0.1343 
0.2996 0.0441 0.0411 0.6152 
0.9068 0.0100 0.0030 0.0802 
0.0020 0.0000 0.0441 0.9539 
0.4760 0.0010 0.5230 0.0000 
0.0040 0.0000 0.9960 0.0000 
0.3257 0.2946 0.1784 0.2014 
0.1693 0.4890 0.2134 0.1283 
0.5100 0.1433 0.1723 0.1743 

MOTIF filter14 
letter-probability matrix: alength= 4 w= 11 nsites= 11 
0.2727 0.3711 0.2269 0.1293 
0.1741 0.4399 0.2521 0.1339 
0.3820 0.0885 0.4039 0.1256 
0.0416 0.3252 0.0359 0.5973 
0.0467 0.5591 0.3770 0.0172 
0.2758 0.0010 0.6120 0.1113 
0.0112 0.7096 0.0003 0.2788 
0.0224 0.3926 0.4924 0.0926 
0.2530 0.0944 0.5351 0.1176 
0.1059 0.4642 0.0870 0.3429 
0.1448 0.3274 0.2895 0.2383 

MOTIF filter15 
letter-probability matrix: alength= 4 w= 11 nsites= 11 
0.2561 0.2109 0.2220 0.3109 
0.2299 0.2191 0.3362 0.2148 
0.3236 0.3014 0.2824 0.0926 
0.0150 0.0343 0.0207 0.9300 
0.0297 0.0668 0.7680 0.1355 
0.8915 0.0135 0.0634 0.0316 
0.0892 0.4181 0.3966 0.0961 
0.0934 0.0873 0.0493 0.7700 
0.1467 0.6730 0.0867 0.0936 
0.7559 0.0587 0.0965 0.0889 
0.0928 0.3081 0.2682 0.3309 

MOTIF filter16 
letter-probability matrix: alength= 4 w= 15 nsites= 15 
0.2541 0.2692 0.2185 0.2582 
0.3106 0.2348 0.2383 0.2162 
0.1533 0.2902 0.1492 0.4073 
0.0169 0.0175 0.0181 0.9476 
0.0198 0.0385 0.0449 0.8969 
0.1096 0.8485 0.0239 0.0181 
0.0204 0.7465 0.0291 0.2040 
0.2034 0.2821 0.3030 0.2115 
0.1807 0.0099 0.7890 0.0204 
0.0227 0.0099 0.8566 0.1107 
0.9114 0.0425 0.0245 0.0216 
0.9621 0.0157 0.0093 0.0128 
0.4272 0.1492 0.2617 0.1620 
0.2308 0.2593 0.2232 0.2867 
0.2547 0.2279 0.2768 0.2407 

MOTIF filter17 
letter-probability matrix: alength= 4 w= 12 nsites= 12 
0.1559 0.3696 0.1729 0.3017 
0.1737 0.1426 0.4275 0.2561 
0.2347 0.2922 0.1223 0.3507 
0.0329 0.8811 0.0845 0.0015 
0.0002 0.6107 0.1389 0.2503 
0.1850 0.0069 0.7325 0.0755 
0.0659 0.6818 0.0168 0.2356 
0.2045 0.2859 0.5095 0.0000 
0.0000 0.1391 0.7944 0.0665 
0.2874 0.1712 0.4340 0.1074 
0.2398 0.4212 0.0879 0.2511 
0.2402 0.2075 0.3986 0.1538 

MOTIF filter18 
letter-probability matrix: alength= 4 w= 11 nsites= 11 
0.1148 0.1735 0.4272 0.2845 
0.1314 0.4888 0.1868 0.1930 
0.3103 0.2666 0.3686 0.0545 
0.3536 0.0000 0.5819 0.0645 
0.2213 0.7608 0.0179 0.0000 
0.0532 0.8652 0.0815 0.0000 
1.0000 0.0000 0.0000 0.0000 
0.2916 0.0042 0.0000 0.7042 
0.0008 0.1918 0.3794 0.4280 
0.0087 0.4418 0.2879 0.2616 
0.3602 0.3257 0.0187 0.2953 

MOTIF filter19 
letter-probability matrix: alength= 4 w= 14 nsites= 14 
0.0946 0.1515 0.4952 0.2586 
0.3704 0.2625 0.2451 0.1219 
0.0782 0.5695 0.2797 0.0725 
0.0073 0.7920 0.1856 0.0151 
0.2155 0.3345 0.2854 0.1645 
0.0598 0.1217 0.4656 0.3530 
0.7523 0.0439 0.1924 0.0114 
0.0042 0.0600 0.0421 0.8937 
0.4583 0.0712 0.1022 0.3683 
0.2966 0.0814 0.3655 0.2566 
0.0000 0.1596 0.8404 0.0000 
0.0226 0.2854 0.4762 0.2158 
0.0647 0.3600 0.2056 0.3696 
0.3345 0.4975 0.1243 0.0437 

MOTIF filter20 
letter-probability matrix: alength= 4 w= 11 nsites= 11 
0.2611 0.2145 0.3693 0.1552 
0.0000 0.3908 0.4267 0.1826 
0.2779 0.0416 0.4662 0.2143 
0.1207 0.6361 0.2287 0.0145 
0.1722 0.3100 0.5154 0.0025 
0.0315 0.0472 0.0223 0.8990 
0.6413 0.0367 0.3160 0.0060 
0.0149 0.3419 0.6419 0.0013 
0.3595 0.2770 0.2225 0.1409 
0.3061 0.2672 0.2448 0.1818 
0.2851 0.3769 0.1133 0.2247 

MOTIF filter21 
letter-probability matrix: alength= 4 w= 14 nsites= 14 
0.2566 0.2161 0.3141 0.2133 
0.4707 0.1040 0.1787 0.2466 
0.2357 0.1968 0.3815 0.1859 
0.1956 0.0020 0.0382 0.7643 
0.1522 0.7096 0.0546 0.0835 
0.4984 0.0217 0.0751 0.4048 
0.0008 0.0000 0.9755 0.0237 
0.0245 0.9663 0.0076 0.0016 
0.5333 0.0723 0.0096 0.3847 
0.1538 0.0912 0.5984 0.1566 
0.6040 0.0787 0.0598 0.2574 
0.2671 0.2149 0.1699 0.3482 
0.2699 0.2076 0.0815 0.4410 
0.1900 0.2622 0.2635 0.2843 

MOTIF filter22 
letter-probability matrix: alength= 4 w= 12 nsites= 12 
0.2489 0.2273 0.2729 0.2509 
0.2875 0.1451 0.2991 0.2683 
0.4065 0.3299 0.2333 0.0304 
0.0000 0.6797 0.0074 0.3130 
0.3270 0.2492 0.0215 0.4022 
0.8791 0.0711 0.0497 0.0000 
0.2007 0.0207 0.4287 0.3499 
0.0215 0.4183 0.0480 0.5122 
0.4719 0.0000 0.5260 0.0022 
0.4345 0.4229 0.1230 0.0195 
0.1072 0.2528 0.1454 0.4946 
0.3851 0.2598 0.0454 0.3097 

MOTIF filter23 
letter-probability matrix: alength= 4 w= 12 nsites= 12 
0.1805 0.2106 0.2977 0.3112 
0.3336 0.2479 0.3485 0.0701 
0.4199 0.1785 0.2753 0.1263 
0.0271 0.4311 0.0105 0.5313 
0.0000 0.9665 0.0291 0.0044 
0.9594 0.0000 0.0081 0.0325 
0.4213 0.0000 0.3844 0.1944 
0.0010 0.2364 0.0186 0.7440 
0.1355 0.5273 0.3373 0.0000 
0.3495 0.3254 0.1930 0.1321 
0.2012 0.2970 0.0562 0.4456 
0.1327 0.3464 0.2668 0.2540 

MOTIF filter24 
letter-probability matrix: alength= 4 w= 14 nsites= 14 
0.2336 0.2541 0.2385 0.2738 
0.2637 0.2621 0.1555 0.3187 
0.2929 0.0829 0.3634 0.2608 
0.0139 0.6721 0.3111 0.0029 
0.0809 0.2998 0.3295 0.2898 
0.1670 0.0430 0.6659 0.1241 
0.2095 0.3648 0.3511 0.0746 
0.0727 0.7116 0.0350 0.1808 
0.1395 0.2900 0.2751 0.2953 
0.1641 0.3946 0.3579 0.0834 
0.0238 0.3850 0.5539 0.0373 
0.2176 0.3156 0.0993 0.3674 
0.1764 0.2724 0.2324 0.3188 
0.2129 0.1950 0.2957 0.2964 

MOTIF filter25 
letter-probability matrix: alength= 4 w= 15 nsites= 15 
0.2431 0.2407 0.2645 0.2518 
0.2526 0.2462 0.2550 0.2462 
0.2661 0.1001 0.5449 0.0890 
0.1882 0.0024 0.6481 0.1612 
0.2724 0.0000 0.7236 0.0040 
0.0421 0.0191 0.9333 0.0056 
0.0008 0.0620 0.9269 0.0103 
0.3264 0.3948 0.0993 0.1795 
0.0135 0.0516 0.8888 0.0461 
0.0127 0.0453 0.9230 0.0191 
0.2788 0.0008 0.6847 0.0357 
0.2661 0.0643 0.6688 0.0008 
0.2359 0.4059 0.2558 0.1025 
0.2605 0.2295 0.2947 0.2153 
0.2446 0.2804 0.2399 0.2351 

MOTIF filter26 
letter-probability matrix: alength= 4 w= 12 nsites= 12 
0.3075 0.2191 0.2531 0.2203 
0.1562 0.2016 0.3191 0.3231 
0.2996 0.0859 0.2493 0.3651 
0.0567 0.5107 0.4326 0.0000 
0.0772 0.6389 0.2804 0.0036 
0.3376 0.0000 0.3037 0.3587 
0.0000 0.9839 0.0161 0.0000 
0.0142 0.0000 0.0000 0.9858 
0.4893 0.0017 0.5090 0.0000 
0.1835 0.2042 0.3602 0.2521 
0.2377 0.1923 0.2823 0.2877 
0.2574 0.3077 0.1543 0.2806 

MOTIF filter27 
letter-probability matrix: alength= 4 w= 14 nsites= 14 
0.2135 0.1992 0.3384 0.2490 
0.1233 0.4083 0.2935 0.1749 
0.1028 0.3275 0.2787 0.2911 
0.5295 0.0000 0.3181 0.1524 
0.0402 0.6864 0.1268 0.1466 
0.2803 0.0000 0.3533 0.3664 
0.4793 0.1573 0.0026 0.3608 
0.0855 0.7555 0.0133 0.1456 
0.0045 0.4763 0.0092 0.5100 
0.3179 0.0054 0.6011 0.0755 
0.0032 0.0513 0.8814 0.0641 
0.2773 0.1340 0.2877 0.3010 
0.4630 0.2178 0.1787 0.1405 
0.2745 0.1856 0.3311 0.2088 

MOTIF filter28 
letter-probability matrix: alength= 4 w= 9 nsites= 9 
0.4278 0.1285 0.2097 0.2340 
0.4321 0.0138 0.1895 0.3647 
0.1492 0.4869 0.2434 0.1204 
0.0127 0.1553 0.0000 0.8319 
0.1278 0.2281 0.6398 0.0043 
0.0260 0.4176 0.0000 0.5564 
0.6062 0.1080 0.0997 0.1862 
0.1207 0.1827 0.5117 0.1849 
0.4490 0.1155 0.3425 0.0930 

MOTIF filter29 
letter-probability matrix: alength= 4 w= 15 nsites= 15 
0.2781 0.1450 0.3522 0.2247 
0.1745 0.1434 0.3442 0.3378 
0.0813 0.5211 0.2112 0.1865 
0.5259 0.0438 0.3641 0.0661 
0.1012 0.7163 0.1355 0.0470 
0.2542 0.0135 0.1251 0.6072 
0.0669 0.1076 0.2231 0.6024 
0.1402 0.8534 0.0016 0.0048 
0.0056 0.5570 0.4271 0.0104 
0.0303 0.0120 0.6550 0.3028 
0.7179 0.0773 0.1004 0.1044 
0.6088 0.1442 0.0271 0.2199 
0.0183 0.2454 0.4462 0.2900 
0.0629 0.2255 0.0263 0.6853 
0.2446 0.1378 0.4598 0.1578 

MOTIF filter30 
letter-probability matrix: alength= 4 w= 12 nsites= 12 
0.2491 0.2648 0.2570 0.2290 
0.3385 0.2287 0.2606 0.1722 
0.2393 0.2997 0.2654 0.1955 
0.0645 0.8458 0.0387 0.0510 
0.8386 0.0414 0.0536 0.0664 
0.0345 0.6608 0.0384 0.2662 
0.1806 0.0483 0.7427 0.0284 
0.0692 0.0653 0.0324 0.8330 
0.0620 0.0427 0.8297 0.0657 
0.2001 0.2576 0.2941 0.2482 
0.2004 0.2595 0.2098 0.3303 
0.2301 0.2620 0.2529 0.2549 

MOTIF filter31 
letter-probability matrix: alength= 4 w= 12 nsites= 12 
0.3834 0.3791 0.1525 0.0850 
0.5464 0.1385 0.1853 0.1299 
0.3994 0.0698 0.3615 0.1693 
0.2917 0.5558 0.1525 0.0000 
0.0343 0.2426 0.0000 0.7231 
0.0000 0.0000 0.7438 0.2562 
0.0000 0.3062 0.6853 0.0086 
0.3908 0.5507 0.0020 0.0566 
0.6587 0.0406 0.2094 0.0913 
0.0503 0.0737 0.8615 0.0144 
0.0671 0.5187 0.0499 0.3643 
0.2691 0.1966 0.4029 0.1314 

