MEME version 4

ALPHABET= ACGT

Background letter frequencies:
A 0.2500 C 0.2500 G 0.2500 T 0.2500 

MOTIF filter0 
letter-probability matrix: alength= 4 w= 17 nsites= 17 
0.1214 0.2702 0.4191 0.1893 
0.3133 0.1436 0.3316 0.2115 
0.1867 0.0718 0.5757 0.1658 
0.0809 0.5953 0.2977 0.0261 
0.0940 0.5313 0.0431 0.3316 
0.0157 0.7755 0.1593 0.0496 
0.0000 0.5849 0.2298 0.1854 
0.3773 0.2650 0.3368 0.0209 
0.4125 0.1540 0.4282 0.0052 
0.0065 0.0849 0.9086 0.0000 
0.0222 0.8407 0.0392 0.0979 
0.0000 0.6775 0.2911 0.0313 
0.1527 0.2402 0.4360 0.1710 
0.1423 0.6762 0.0470 0.1345 
0.3029 0.1319 0.3016 0.2637 
0.1201 0.2572 0.3551 0.2676 
0.3225 0.2650 0.1279 0.2846 

MOTIF filter1 
letter-probability matrix: alength= 4 w= 10 nsites= 10 
0.2108 0.2813 0.4040 0.1038 
0.3186 0.0966 0.1576 0.4272 
0.3711 0.1285 0.4748 0.0257 
0.7225 0.0434 0.1020 0.1320 
0.0138 0.6090 0.3690 0.0082 
0.0662 0.1342 0.0003 0.7994 
0.0002 0.3427 0.6570 0.0001 
0.3658 0.2690 0.0000 0.3652 
0.2108 0.2503 0.3128 0.2261 
0.3570 0.2414 0.1818 0.2199 

MOTIF filter2 
letter-probability matrix: alength= 4 w= 14 nsites= 14 
0.2767 0.1490 0.1464 0.4279 
0.1712 0.0367 0.4020 0.3901 
0.1323 0.5754 0.1620 0.1303 
0.0098 0.0002 0.0000 0.9900 
0.3968 0.0028 0.5988 0.0015 
0.3599 0.3232 0.0523 0.2646 
0.1318 0.3219 0.3391 0.2072 
0.1058 0.2168 0.5187 0.1588 
0.4785 0.0654 0.1023 0.3538 
0.0098 0.3925 0.0652 0.5326 
0.8269 0.0387 0.0725 0.0619 
0.1705 0.0895 0.5317 0.2083 
0.3060 0.3404 0.1182 0.2354 
0.2795 0.1983 0.2565 0.2656 

MOTIF filter3 
letter-probability matrix: alength= 4 w= 15 nsites= 15 
0.3612 0.1584 0.2863 0.1941 
0.2766 0.3872 0.1095 0.2267 
0.0954 0.1171 0.2787 0.5087 
0.1855 0.5597 0.2549 0.0000 
0.2191 0.0640 0.0499 0.6670 
0.6464 0.0239 0.0184 0.3113 
0.0033 0.0000 0.0000 0.9967 
0.1074 0.0000 0.0033 0.8894 
0.6443 0.2223 0.0000 0.1334 
0.9989 0.0000 0.0000 0.0011 
0.3471 0.0163 0.0640 0.5727 
0.6540 0.1866 0.0304 0.1291 
0.2072 0.1367 0.5163 0.1399 
0.3850 0.2983 0.1193 0.1974 
0.2766 0.2386 0.1931 0.2918 

MOTIF filter4 
letter-probability matrix: alength= 4 w= 12 nsites= 12 
0.0596 0.4627 0.2093 0.2685 
0.1161 0.2681 0.2270 0.3888 
0.2123 0.2624 0.4853 0.0400 
0.7410 0.0283 0.1897 0.0411 
0.0000 0.7805 0.0034 0.2161 
0.0079 0.8563 0.0000 0.1357 
0.3077 0.0000 0.6414 0.0509 
0.3062 0.0000 0.6931 0.0008 
0.0038 0.4615 0.0140 0.5207 
0.1365 0.4449 0.2632 0.1554 
0.3149 0.2323 0.3714 0.0814 
0.2459 0.1670 0.5151 0.0720 

MOTIF filter5 
letter-probability matrix: alength= 4 w= 13 nsites= 13 
0.2850 0.2443 0.2309 0.2399 
0.1281 0.3960 0.2578 0.2181 
0.1843 0.3354 0.1610 0.3193 
0.4583 0.0075 0.4185 0.1158 
0.4955 0.0029 0.1957 0.3059 
0.3692 0.3486 0.1295 0.1527 
0.0199 0.4582 0.0005 0.5214 
0.5758 0.0621 0.2094 0.1527 
0.0419 0.0903 0.0000 0.8677 
0.2047 0.1007 0.6921 0.0025 
0.2353 0.0454 0.4459 0.2734 
0.2185 0.1524 0.1202 0.5090 
0.2353 0.2139 0.2148 0.3359 

MOTIF filter6 
letter-probability matrix: alength= 4 w= 10 nsites= 10 
0.1159 0.0707 0.4001 0.4133 
0.2640 0.4008 0.3346 0.0006 
0.4199 0.0000 0.3020 0.2782 
0.6284 0.2734 0.0675 0.0307 
0.3996 0.0000 0.3171 0.2834 
0.3172 0.3732 0.0001 0.3096 
0.0072 0.3206 0.0875 0.5846 
0.2796 0.4205 0.0000 0.2999 
0.0062 0.4079 0.3885 0.1975 
0.3057 0.4148 0.0490 0.2305 

MOTIF filter7 
letter-probability matrix: alength= 4 w= 11 nsites= 11 
0.2818 0.1153 0.1579 0.4450 
0.1203 0.2892 0.0781 0.5124 
0.1294 0.1296 0.5414 0.1995 
0.0795 0.6491 0.0464 0.2250 
0.7021 0.0090 0.1185 0.1704 
0.0005 0.1141 0.8854 0.0000 
0.5181 0.2870 0.0434 0.1515 
0.7397 0.0487 0.1655 0.0461 
0.2486 0.2997 0.0821 0.3696 
0.1911 0.0203 0.4605 0.3281 
0.0906 0.2538 0.1134 0.5423 

MOTIF filter8 
letter-probability matrix: alength= 4 w= 10 nsites= 10 
0.3992 0.2095 0.3729 0.0183 
0.1331 0.3844 0.2963 0.1863 
0.3787 0.1529 0.2436 0.2248 
0.0009 0.0726 0.9261 0.0004 
0.0162 0.0002 0.0000 0.9837 
0.9114 0.0024 0.0053 0.0810 
0.0013 0.6057 0.3591 0.0340 
0.1756 0.3597 0.1863 0.2785 
0.2781 0.2393 0.2928 0.1897 
0.2859 0.2527 0.2251 0.2362 

MOTIF filter9 
letter-probability matrix: alength= 4 w= 14 nsites= 14 
0.1553 0.1901 0.2711 0.3835 
0.1270 0.5108 0.1785 0.1837 
0.1154 0.0930 0.1740 0.6176 
0.6987 0.0198 0.2786 0.0030 
0.1344 0.2872 0.0138 0.5646 
0.1057 0.4354 0.2704 0.1886 
0.9007 0.0000 0.0007 0.0986 
0.4854 0.2801 0.0788 0.1557 
0.0015 0.0000 0.0015 0.9970 
0.5127 0.4604 0.0254 0.0015 
0.6277 0.0000 0.3715 0.0007 
0.2707 0.3420 0.2379 0.1494 
0.2689 0.2883 0.2748 0.1680 
0.2184 0.1699 0.2827 0.3290 

MOTIF filter10 
letter-probability matrix: alength= 4 w= 15 nsites= 15 
0.2416 0.1200 0.1371 0.5013 
0.1669 0.1892 0.4093 0.2345 
0.3163 0.2830 0.1331 0.2676 
0.0671 0.5314 0.3721 0.0294 
0.0501 0.8771 0.0616 0.0113 
0.3574 0.2930 0.0411 0.3084 
0.2351 0.0202 0.3208 0.4240 
0.9400 0.0191 0.0406 0.0003 
0.0060 0.1614 0.0443 0.7883 
0.4400 0.3713 0.0425 0.1462 
0.4062 0.0752 0.1837 0.3349 
0.0113 0.0338 0.9091 0.0459 
0.0456 0.3456 0.5212 0.0875 
0.2932 0.1368 0.2851 0.2849 
0.2131 0.4531 0.1701 0.1638 

MOTIF filter11 
letter-probability matrix: alength= 4 w= 16 nsites= 16 
0.3830 0.1445 0.1907 0.2818 
0.3381 0.1386 0.1714 0.3520 
0.3503 0.3083 0.1445 0.1970 
0.2092 0.0290 0.0286 0.7333 
0.1369 0.0504 0.7152 0.0974 
0.3910 0.5073 0.0336 0.0680 
0.0689 0.0882 0.2281 0.6149 
0.0080 0.0004 0.5250 0.4666 
0.3751 0.6010 0.0000 0.0239 
0.5615 0.2218 0.1096 0.1071 
0.0672 0.0428 0.4502 0.4397 
0.0714 0.8047 0.0269 0.0970 
0.7950 0.0189 0.0995 0.0865 
0.2398 0.1176 0.3431 0.2995 
0.3818 0.1701 0.1243 0.3238 
0.3209 0.1512 0.1739 0.3541 

MOTIF filter12 
letter-probability matrix: alength= 4 w= 10 nsites= 10 
0.2843 0.2328 0.2533 0.2296 
0.1754 0.3473 0.2627 0.2146 
0.1717 0.2320 0.4085 0.1878 
0.4796 0.0015 0.1464 0.3725 
0.0414 0.3372 0.6160 0.0054 
0.4086 0.0045 0.2178 0.3691 
0.0004 0.9044 0.0931 0.0021 
0.4314 0.0400 0.0737 0.4549 
0.2231 0.4375 0.0784 0.2610 
0.2591 0.3254 0.2224 0.1931 

MOTIF filter13 
letter-probability matrix: alength= 4 w= 10 nsites= 10 
0.0131 0.5297 0.2067 0.2505 
0.3848 0.2525 0.3533 0.0094 
0.4442 0.2938 0.2021 0.0599 
0.0025 0.0480 0.0000 0.9495 
0.0238 0.5532 0.2647 0.1583 
0.5749 0.0000 0.4250 0.0001 
0.0997 0.0963 0.7776 0.0264 
0.0394 0.3508 0.2539 0.3559 
0.2088 0.3823 0.2070 0.2019 
0.3477 0.1902 0.2090 0.2532 

MOTIF filter14 
letter-probability matrix: alength= 4 w= 15 nsites= 15 
0.2727 0.2432 0.2203 0.2637 
0.2735 0.2457 0.2457 0.2351 
0.1695 0.2170 0.1597 0.4537 
0.0008 0.0090 0.0000 0.9902 
0.0008 0.0000 0.0483 0.9509 
0.1360 0.8608 0.0033 0.0000 
0.0410 0.6953 0.0016 0.2621 
0.2539 0.2375 0.2465 0.2621 
0.2555 0.0000 0.7289 0.0156 
0.0000 0.0000 0.8894 0.1106 
0.9656 0.0344 0.0000 0.0000 
1.0000 0.0000 0.0000 0.0000 
0.4693 0.1466 0.2293 0.1548 
0.2318 0.2760 0.2351 0.2572 
0.2539 0.2375 0.2580 0.2506 

MOTIF filter15 
letter-probability matrix: alength= 4 w= 16 nsites= 16 
0.2342 0.3135 0.1741 0.2782 
0.2422 0.1408 0.3616 0.2555 
0.2862 0.0874 0.2982 0.3282 
0.3909 0.0140 0.4863 0.1087 
0.1434 0.0994 0.6458 0.1114 
0.0494 0.3469 0.2735 0.3302 
0.0594 0.6558 0.2849 0.0000 
0.0007 0.4356 0.0013 0.5624 
0.0507 0.6918 0.1288 0.1288 
0.0881 0.5203 0.2262 0.1654 
0.3763 0.0540 0.5697 0.0000 
0.0000 0.9426 0.0560 0.0013 
0.4203 0.5290 0.0153 0.0354 
0.2028 0.5183 0.1388 0.1401 
0.2829 0.4530 0.0020 0.2622 
0.2041 0.3089 0.0454 0.4416 

MOTIF filter16 
letter-probability matrix: alength= 4 w= 11 nsites= 11 
0.1123 0.2541 0.4294 0.2042 
0.1771 0.1922 0.2756 0.3552 
0.1978 0.2973 0.1642 0.3408 
0.1041 0.8062 0.0897 0.0000 
0.0039 0.8787 0.1130 0.0044 
0.0151 0.2410 0.4758 0.2680 
0.0098 0.4965 0.3489 0.1448 
0.0000 0.4890 0.4672 0.0438 
0.4488 0.2822 0.1567 0.1123 
0.5788 0.2407 0.0843 0.0962 
0.3044 0.2297 0.2845 0.1814 

MOTIF filter17 
letter-probability matrix: alength= 4 w= 12 nsites= 12 
0.4418 0.1536 0.2819 0.1227 
0.1424 0.6262 0.1185 0.1129 
0.1697 0.1753 0.2020 0.4530 
0.1143 0.0926 0.0891 0.7041 
0.0084 0.8626 0.1290 0.0000 
0.0323 0.9649 0.0000 0.0028 
0.0000 0.0000 0.9860 0.0140 
0.0000 0.1353 0.8513 0.0133 
0.6928 0.0926 0.0982 0.1164 
0.5687 0.1304 0.1367 0.1641 
0.1213 0.1353 0.5673 0.1760 
0.1171 0.2847 0.1101 0.4881 

MOTIF filter18 
letter-probability matrix: alength= 4 w= 16 nsites= 16 
0.1741 0.5208 0.1443 0.1607 
0.2307 0.2455 0.3393 0.1845 
0.1756 0.0714 0.5655 0.1875 
0.1399 0.7247 0.0357 0.0997 
0.1801 0.6518 0.0580 0.1101 
0.9360 0.0119 0.0268 0.0253 
0.3750 0.0119 0.0357 0.5774 
0.0342 0.4375 0.4985 0.0298 
0.2083 0.3289 0.0045 0.4583 
0.0000 0.3527 0.0000 0.6473 
0.2173 0.0640 0.6905 0.0283 
0.0774 0.0312 0.8363 0.0551 
0.0893 0.8140 0.0506 0.0461 
0.4494 0.1964 0.1756 0.1786 
0.2455 0.1622 0.4286 0.1637 
0.2321 0.3467 0.0759 0.3452 

MOTIF filter19 
letter-probability matrix: alength= 4 w= 13 nsites= 13 
0.1626 0.2944 0.2180 0.3250 
0.3073 0.2870 0.1380 0.2677 
0.1170 0.1704 0.0973 0.6153 
0.2042 0.0435 0.0321 0.7203 
0.2555 0.1239 0.0410 0.5796 
0.3562 0.6357 0.0005 0.0076 
0.1153 0.3677 0.2839 0.2332 
0.5137 0.0582 0.4038 0.0243 
0.0725 0.0065 0.7656 0.1554 
0.6482 0.0744 0.2583 0.0192 
0.3046 0.0763 0.5230 0.0961 
0.4923 0.2193 0.1191 0.1692 
0.2621 0.2350 0.2377 0.2653 

MOTIF filter20 
letter-probability matrix: alength= 4 w= 10 nsites= 10 
0.2876 0.2521 0.3419 0.1185 
0.1574 0.5458 0.2270 0.0698 
0.3311 0.3283 0.3406 0.0000 
0.0026 0.1372 0.0555 0.8047 
0.4677 0.3061 0.2261 0.0001 
0.0007 0.4382 0.3917 0.1694 
0.7819 0.0752 0.1428 0.0001 
0.0000 0.3271 0.2268 0.4461 
0.1535 0.2508 0.3537 0.2420 
0.1048 0.2612 0.3036 0.3304 

MOTIF filter21 
letter-probability matrix: alength= 4 w= 14 nsites= 14 
0.2603 0.2586 0.2328 0.2484 
0.2748 0.1793 0.4134 0.1325 
0.2359 0.0410 0.5219 0.2013 
0.3087 0.0969 0.5920 0.0024 
0.0017 0.0000 0.6408 0.3575 
0.0034 0.0000 0.9871 0.0095 
0.3890 0.3450 0.0098 0.2562 
0.0319 0.0288 0.9393 0.0000 
0.0000 0.0000 0.5625 0.4375 
0.3368 0.1799 0.4232 0.0600 
0.4924 0.0363 0.4714 0.0000 
0.2091 0.3260 0.2731 0.1918 
0.2464 0.1732 0.3423 0.2382 
0.2579 0.2237 0.2918 0.2267 

MOTIF filter22 
letter-probability matrix: alength= 4 w= 10 nsites= 10 
0.2454 0.1995 0.2424 0.3127 
0.4418 0.0620 0.4310 0.0652 
0.4508 0.0969 0.1321 0.3203 
0.4666 0.4290 0.1043 0.0000 
0.0000 0.0059 0.0106 0.9835 
0.5209 0.0110 0.1849 0.2832 
0.0000 0.2030 0.0482 0.7487 
0.1744 0.2318 0.0232 0.5705 
0.3259 0.2845 0.1387 0.2508 
0.3953 0.1839 0.2641 0.1567 

MOTIF filter23 
letter-probability matrix: alength= 4 w= 13 nsites= 13 
0.2748 0.3656 0.1785 0.1811 
0.1603 0.2231 0.0687 0.5479 
0.1213 0.2629 0.4584 0.1573 
0.8893 0.0301 0.0420 0.0386 
0.0997 0.0403 0.1641 0.6959 
0.0000 0.1298 0.0000 0.8702 
0.0598 0.3723 0.5505 0.0174 
0.8906 0.0000 0.1094 0.0000 
0.5314 0.1260 0.0967 0.2460 
0.0475 0.1510 0.0818 0.7197 
0.0865 0.4826 0.3070 0.1238 
0.4606 0.1599 0.2574 0.1221 
0.1484 0.2464 0.3109 0.2943 

MOTIF filter24 
letter-probability matrix: alength= 4 w= 9 nsites= 9 
0.2896 0.2497 0.2086 0.2522 
0.2999 0.1968 0.3356 0.1678 
0.2616 0.1400 0.4301 0.1683 
0.1944 0.1011 0.0481 0.6563 
0.4622 0.0258 0.5032 0.0088 
0.0005 0.9463 0.0521 0.0011 
0.1203 0.4156 0.2665 0.1977 
0.3139 0.2743 0.1841 0.2277 
0.2454 0.1361 0.1249 0.4936 

MOTIF filter25 
letter-probability matrix: alength= 4 w= 14 nsites= 14 
0.3203 0.2209 0.2074 0.2514 
0.2473 0.3216 0.2412 0.1899 
0.2216 0.1689 0.4007 0.2088 
0.0047 0.4953 0.0115 0.4885 
0.0000 0.0993 0.2635 0.6372 
0.8541 0.1459 0.0000 0.0000 
0.0311 0.7703 0.0608 0.1378 
0.2074 0.0000 0.1561 0.6365 
0.0872 0.8736 0.0000 0.0392 
0.4385 0.4473 0.0000 0.1142 
0.0000 0.3142 0.0101 0.6757 
0.5615 0.2892 0.0453 0.1041 
0.0993 0.2297 0.4743 0.1966 
0.3034 0.3635 0.1264 0.2068 

MOTIF filter26 
letter-probability matrix: alength= 4 w= 14 nsites= 14 
0.2341 0.2677 0.2715 0.2267 
0.2621 0.2528 0.2379 0.2472 
0.4860 0.1390 0.3498 0.0252 
0.0000 0.0009 0.0000 0.9991 
0.0000 0.0000 0.0522 0.9478 
0.3125 0.0047 0.5877 0.0951 
0.0084 0.8722 0.0000 0.1194 
0.1007 0.0009 0.8974 0.0009 
0.1026 0.6306 0.0009 0.2659 
0.9170 0.0830 0.0000 0.0000 
1.0000 0.0000 0.0000 0.0000 
0.0159 0.3461 0.1511 0.4869 
0.2631 0.2556 0.2733 0.2080 
0.2444 0.2192 0.2584 0.2780 

MOTIF filter27 
letter-probability matrix: alength= 4 w= 16 nsites= 16 
0.2384 0.2674 0.1680 0.3262 
0.2590 0.2054 0.3903 0.1453 
0.2173 0.1891 0.3594 0.2342 
0.0193 0.9283 0.0113 0.0411 
0.0949 0.5981 0.1047 0.2023 
0.8244 0.0738 0.0361 0.0657 
0.1743 0.0999 0.0142 0.7115 
0.3623 0.4206 0.0549 0.1622 
0.1764 0.0061 0.4723 0.3452 
0.7031 0.0150 0.1131 0.1688 
0.1113 0.0348 0.1015 0.7524 
0.2769 0.0675 0.5825 0.0730 
0.0443 0.0564 0.7951 0.1042 
0.1440 0.3961 0.1543 0.3056 
0.1522 0.4048 0.2376 0.2054 
0.3724 0.1706 0.2173 0.2397 

MOTIF filter28 
letter-probability matrix: alength= 4 w= 16 nsites= 16 
0.2048 0.0964 0.4452 0.2536 
0.1717 0.4505 0.1691 0.2087 
0.2655 0.2999 0.2550 0.1797 
0.1585 0.0462 0.6420 0.1532 
0.0159 0.9062 0.0674 0.0106 
0.4769 0.5178 0.0040 0.0013 
0.9590 0.0013 0.0396 0.0000 
0.2246 0.0951 0.3078 0.3725 
0.4254 0.3104 0.1229 0.1413 
0.0000 0.0357 0.0000 0.9643 
0.0000 0.0053 0.6037 0.3910 
0.0238 0.1004 0.8402 0.0357 
0.1083 0.7477 0.0185 0.1255 
0.1519 0.2166 0.3514 0.2801 
0.1321 0.1876 0.5337 0.1466 
0.2074 0.5601 0.0713 0.1612 

MOTIF filter29 
letter-probability matrix: alength= 4 w= 9 nsites= 9 
0.1139 0.3832 0.1669 0.3359 
0.2460 0.1728 0.1270 0.4541 
0.2885 0.0000 0.3138 0.3977 
0.0000 0.9987 0.0001 0.0012 
0.2518 0.0000 0.7480 0.0002 
0.8563 0.0678 0.0157 0.0602 
0.2890 0.2906 0.0796 0.3409 
0.2377 0.3738 0.1955 0.1930 
0.2793 0.1998 0.2622 0.2588 

MOTIF filter30 
letter-probability matrix: alength= 4 w= 18 nsites= 18 
0.2336 0.2814 0.2636 0.2214 
0.2889 0.2674 0.2064 0.2373 
0.1932 0.1585 0.1069 0.5413 
0.0253 0.1144 0.6248 0.2355 
0.1679 0.6614 0.0507 0.1201 
0.0056 0.9681 0.0000 0.0263 
0.0000 0.9953 0.0009 0.0038 
0.3696 0.4540 0.0197 0.1567 
0.0507 0.0385 0.3021 0.6088 
0.5122 0.4437 0.0422 0.0019 
0.0000 0.5582 0.0000 0.4418 
0.4465 0.4897 0.0000 0.0638 
0.1023 0.4625 0.0000 0.4353 
0.0235 0.3330 0.5366 0.1069 
0.0779 0.1173 0.6782 0.1266 
0.1341 0.1482 0.4221 0.2955 
0.2580 0.5113 0.1173 0.1135 
0.5441 0.1032 0.1257 0.2270 

MOTIF filter31 
letter-probability matrix: alength= 4 w= 15 nsites= 15 
0.2200 0.2358 0.1861 0.3581 
0.1798 0.1855 0.3078 0.3269 
0.1301 0.3878 0.3069 0.1753 
0.1085 0.1139 0.0812 0.6964 
0.0057 0.5523 0.3800 0.0620 
0.5939 0.3743 0.0210 0.0108 
0.1708 0.0003 0.0009 0.8280 
0.4738 0.0000 0.2385 0.2877 
0.1115 0.0000 0.6901 0.1984 
0.0000 0.5685 0.4285 0.0030 
0.2239 0.3102 0.0812 0.3848 
0.0270 0.6134 0.1903 0.1693 
0.4573 0.3437 0.1384 0.0605 
0.4132 0.2319 0.2188 0.1361 
0.1666 0.3009 0.2622 0.2703 

