MEME version 4

ALPHABET= ACGT

Background letter frequencies:
A 0.2500 C 0.2500 G 0.2500 T 0.2500 

MOTIF filter0 
letter-probability matrix: alength= 4 w= 14 nsites= 14 
0.1820 0.1859 0.3867 0.2454 
0.3504 0.1602 0.3775 0.1118 
0.1970 0.3698 0.4332 0.0000 
0.2938 0.6723 0.0053 0.0286 
0.0000 0.9719 0.0000 0.0281 
0.8708 0.0198 0.0106 0.0987 
0.1694 0.0077 0.8228 0.0000 
0.3417 0.0218 0.3630 0.2735 
0.0000 0.3679 0.2715 0.3606 
0.2749 0.0833 0.4966 0.1452 
0.1433 0.1060 0.6738 0.0770 
0.2052 0.3035 0.2585 0.2328 
0.1888 0.3596 0.1864 0.2652 
0.2168 0.2938 0.2401 0.2493 

MOTIF filter1 
letter-probability matrix: alength= 4 w= 14 nsites= 14 
0.3215 0.0572 0.3161 0.3052 
0.1798 0.3052 0.2425 0.2725 
0.1689 0.0341 0.2916 0.5054 
0.6035 0.0136 0.2888 0.0940 
0.4033 0.1512 0.3297 0.1158 
0.0123 0.0722 0.2548 0.6608 
0.9305 0.0545 0.0000 0.0150 
0.0422 0.7807 0.0109 0.1662 
0.0095 0.0191 0.0463 0.9251 
0.7847 0.0395 0.0000 0.1757 
0.0436 0.1635 0.7929 0.0000 
0.2534 0.4033 0.0436 0.2997 
0.3951 0.1989 0.2589 0.1471 
0.2248 0.2643 0.2807 0.2302 

MOTIF filter2 
letter-probability matrix: alength= 4 w= 16 nsites= 16 
0.2105 0.2224 0.1290 0.4382 
0.1445 0.2105 0.4649 0.1801 
0.1980 0.1825 0.3103 0.3092 
0.0024 0.9780 0.0000 0.0196 
0.0000 0.5297 0.0000 0.4703 
0.9786 0.0006 0.0065 0.0143 
0.1017 0.0000 0.0030 0.8954 
0.5957 0.1195 0.0208 0.2640 
0.1825 0.0202 0.0143 0.7830 
0.7212 0.0749 0.0000 0.2039 
0.0476 0.0208 0.0172 0.9144 
0.5476 0.0226 0.4227 0.0071 
0.0672 0.0024 0.8746 0.0559 
0.2872 0.2301 0.2057 0.2771 
0.2759 0.4037 0.1968 0.1237 
0.4625 0.1249 0.1843 0.2283 

MOTIF filter3 
letter-probability matrix: alength= 4 w= 15 nsites= 15 
0.2410 0.2666 0.2520 0.2404 
0.3436 0.1680 0.2620 0.2264 
0.1254 0.2940 0.1744 0.4061 
0.0274 0.0093 0.0385 0.9247 
0.0758 0.0519 0.0513 0.8209 
0.1132 0.8576 0.0274 0.0018 
0.0257 0.7252 0.0613 0.1879 
0.1855 0.2660 0.3489 0.1995 
0.1039 0.0047 0.8845 0.0070 
0.0023 0.0187 0.9061 0.0729 
0.7888 0.0753 0.0432 0.0928 
0.9434 0.0420 0.0070 0.0076 
0.3477 0.1686 0.3372 0.1464 
0.1832 0.3384 0.1914 0.2870 
0.2328 0.2369 0.3057 0.2246 

MOTIF filter4 
letter-probability matrix: alength= 4 w= 11 nsites= 11 
0.2222 0.3605 0.3212 0.0961 
0.2460 0.5060 0.1994 0.0486 
0.4546 0.1790 0.2605 0.1059 
0.0038 0.1778 0.2544 0.5640 
0.2427 0.4048 0.2579 0.0947 
0.0000 0.2589 0.1218 0.6192 
0.5230 0.3083 0.1666 0.0022 
0.0042 0.2974 0.0025 0.6959 
0.3612 0.1944 0.4444 0.0000 
0.0000 0.3246 0.4696 0.2058 
0.1938 0.0555 0.4199 0.3308 

MOTIF filter5 
letter-probability matrix: alength= 4 w= 14 nsites= 14 
0.4928 0.1473 0.1473 0.2126 
0.3816 0.1401 0.2053 0.2729 
0.1111 0.1836 0.0894 0.6159 
0.1546 0.7295 0.1135 0.0024 
0.5193 0.0411 0.1377 0.3019 
0.0411 0.0121 0.9203 0.0266 
0.0193 0.9493 0.0266 0.0048 
0.3913 0.0000 0.1256 0.4831 
0.0000 0.0000 0.9903 0.0097 
0.6208 0.0362 0.0000 0.3430 
0.6860 0.1256 0.1135 0.0749 
0.0580 0.1812 0.3696 0.3913 
0.3237 0.3261 0.0193 0.3309 
0.5773 0.1135 0.1208 0.1884 

MOTIF filter6 
letter-probability matrix: alength= 4 w= 15 nsites= 15 
0.2399 0.2624 0.2884 0.2093 
0.2597 0.2884 0.2300 0.2219 
0.4762 0.1411 0.3666 0.0162 
0.0009 0.0404 0.0054 0.9533 
0.0054 0.0027 0.1114 0.8805 
0.3324 0.0063 0.6208 0.0404 
0.0773 0.7520 0.0557 0.1150 
0.0458 0.1752 0.7790 0.0000 
0.0818 0.7493 0.0000 0.1689 
0.9712 0.0189 0.0000 0.0099 
1.0000 0.0000 0.0000 0.0000 
0.0000 0.3136 0.1330 0.5535 
0.2354 0.3531 0.2462 0.1653 
0.3145 0.1797 0.2776 0.2282 
0.2372 0.2165 0.3738 0.1725 

MOTIF filter7 
letter-probability matrix: alength= 4 w= 13 nsites= 13 
0.3129 0.1933 0.2447 0.2491 
0.2011 0.2069 0.3405 0.2515 
0.0626 0.4727 0.4105 0.0542 
0.0000 0.6298 0.3401 0.0300 
0.0536 0.6766 0.2488 0.0211 
0.2965 0.0000 0.5108 0.1927 
0.0099 0.9396 0.0000 0.0505 
0.0059 0.6710 0.1363 0.1868 
0.0762 0.6642 0.2596 0.0000 
0.0000 0.6617 0.2401 0.0982 
0.1698 0.4885 0.0647 0.2770 
0.2596 0.3947 0.0678 0.2779 
0.1478 0.2934 0.3361 0.2227 

MOTIF filter8 
letter-probability matrix: alength= 4 w= 14 nsites= 14 
0.3047 0.1158 0.2797 0.2998 
0.2031 0.0221 0.4593 0.3155 
0.2198 0.1447 0.1349 0.5005 
0.1629 0.0829 0.0819 0.6722 
0.2763 0.1168 0.4097 0.1973 
0.0761 0.3675 0.1035 0.4529 
0.8651 0.1237 0.0098 0.0015 
0.2645 0.5893 0.0343 0.1119 
0.0191 0.5025 0.0417 0.4367 
0.1075 0.1217 0.7571 0.0137 
0.0000 0.4416 0.0510 0.5074 
0.1752 0.0054 0.8140 0.0054 
0.2076 0.2316 0.3008 0.2601 
0.2826 0.1865 0.1752 0.3557 

MOTIF filter9 
letter-probability matrix: alength= 4 w= 10 nsites= 10 
0.2317 0.1882 0.2117 0.3684 
0.2369 0.1689 0.2901 0.3040 
0.4112 0.1379 0.2511 0.1998 
0.0008 0.2144 0.7848 0.0000 
0.2858 0.0638 0.0007 0.6496 
0.0024 0.8482 0.1461 0.0034 
0.6625 0.1149 0.0096 0.2130 
0.2953 0.3837 0.1113 0.2097 
0.0690 0.2434 0.1799 0.5077 
0.0928 0.3919 0.4406 0.0747 

MOTIF filter10 
letter-probability matrix: alength= 4 w= 16 nsites= 16 
0.1804 0.5412 0.1263 0.1521 
0.3196 0.1907 0.3067 0.1830 
0.1314 0.0928 0.6418 0.1340 
0.1057 0.6856 0.0387 0.1701 
0.0644 0.8325 0.0541 0.0490 
1.0000 0.0000 0.0000 0.0000 
0.4871 0.0129 0.0361 0.4639 
0.1624 0.3402 0.3686 0.1289 
0.6289 0.0155 0.0026 0.3531 
0.0000 0.0077 0.0000 0.9923 
0.0129 0.0593 0.8943 0.0335 
0.0464 0.0541 0.8299 0.0696 
0.0747 0.7758 0.0309 0.1186 
0.1572 0.2990 0.2474 0.2964 
0.1469 0.1082 0.6186 0.1263 
0.1418 0.6134 0.1108 0.1340 

MOTIF filter11 
letter-probability matrix: alength= 4 w= 16 nsites= 16 
0.2365 0.0732 0.4430 0.2473 
0.2209 0.3469 0.2365 0.1957 
0.3265 0.3685 0.1873 0.1176 
0.2185 0.0132 0.6267 0.1417 
0.0720 0.8655 0.0480 0.0144 
0.3601 0.6339 0.0060 0.0000 
0.9712 0.0024 0.0264 0.0000 
0.1897 0.0924 0.2941 0.4238 
0.5498 0.1993 0.1116 0.1393 
0.0000 0.0240 0.0000 0.9760 
0.0000 0.0060 0.6579 0.3361 
0.0432 0.0984 0.8031 0.0552 
0.1717 0.6495 0.0192 0.1597 
0.1513 0.1873 0.3517 0.3097 
0.1729 0.2053 0.4190 0.2029 
0.2245 0.5174 0.0636 0.1945 

MOTIF filter12 
letter-probability matrix: alength= 4 w= 12 nsites= 12 
0.2402 0.2646 0.2580 0.2372 
0.4151 0.2053 0.2454 0.1342 
0.2335 0.3195 0.3084 0.1386 
0.0007 0.9993 0.0000 0.0000 
0.9896 0.0000 0.0104 0.0000 
0.0000 0.9029 0.0000 0.0971 
0.1097 0.0000 0.8873 0.0030 
0.0015 0.0111 0.0000 0.9874 
0.0030 0.0000 0.9867 0.0104 
0.1646 0.2839 0.2839 0.2676 
0.1660 0.2498 0.1505 0.4337 
0.2424 0.2572 0.2357 0.2646 

MOTIF filter13 
letter-probability matrix: alength= 4 w= 19 nsites= 19 
0.3000 0.2000 0.3200 0.1800 
0.0200 0.2600 0.2400 0.4800 
0.0000 0.2800 0.3400 0.3800 
0.0400 0.5000 0.4200 0.0400 
0.3600 0.4200 0.0400 0.1800 
0.0800 0.0600 0.1000 0.7600 
0.0800 0.0000 0.3400 0.5800 
0.1600 0.5600 0.0800 0.2000 
0.0000 1.0000 0.0000 0.0000 
0.0800 0.5800 0.0200 0.3200 
0.3000 0.0000 0.6600 0.0400 
0.0000 0.0000 1.0000 0.0000 
0.1600 0.0000 0.0200 0.8200 
0.9400 0.0400 0.0200 0.0000 
0.0400 0.1800 0.6200 0.1600 
0.1000 0.7400 0.0600 0.1000 
0.1600 0.4800 0.0600 0.3000 
0.2400 0.4200 0.0400 0.3000 
0.2600 0.0600 0.4400 0.2400 

MOTIF filter14 
letter-probability matrix: alength= 4 w= 12 nsites= 12 
0.2450 0.1750 0.1774 0.4026 
0.0315 0.3629 0.3337 0.2719 
0.2229 0.2532 0.1155 0.4084 
0.0000 0.3547 0.6453 0.0000 
0.0000 0.0000 0.9557 0.0443 
1.0000 0.0000 0.0000 0.0000 
0.2929 0.2030 0.0023 0.5018 
0.0758 0.0000 0.0000 0.9242 
0.0105 0.6896 0.2929 0.0070 
0.3664 0.4481 0.0082 0.1774 
0.1517 0.4026 0.1447 0.3011 
0.2030 0.2450 0.1855 0.3664 

MOTIF filter15 
letter-probability matrix: alength= 4 w= 12 nsites= 12 
0.2345 0.2368 0.2477 0.2809 
0.2248 0.2227 0.3353 0.2173 
0.3569 0.2264 0.3199 0.0968 
0.0228 0.1186 0.0327 0.8259 
0.0165 0.0820 0.8103 0.0912 
0.8934 0.0216 0.0562 0.0288 
0.0506 0.4539 0.4165 0.0789 
0.0330 0.0529 0.0367 0.8774 
0.0724 0.8363 0.0374 0.0539 
0.8985 0.0258 0.0490 0.0267 
0.0952 0.3274 0.2378 0.3397 
0.2187 0.3100 0.2282 0.2431 

MOTIF filter16 
letter-probability matrix: alength= 4 w= 13 nsites= 13 
0.2113 0.1976 0.3066 0.2845 
0.2437 0.2093 0.3109 0.2360 
0.2508 0.1304 0.5236 0.0953 
0.2096 0.0451 0.6483 0.0970 
0.2093 0.0247 0.7566 0.0094 
0.0508 0.0187 0.9271 0.0033 
0.1220 0.1167 0.7533 0.0080 
0.2825 0.3557 0.2334 0.1284 
0.0919 0.0518 0.8221 0.0341 
0.0174 0.0588 0.8867 0.0371 
0.2347 0.0598 0.6556 0.0498 
0.2337 0.1317 0.6152 0.0194 
0.2290 0.3541 0.2922 0.1247 

MOTIF filter17 
letter-probability matrix: alength= 4 w= 15 nsites= 15 
0.2638 0.1468 0.4537 0.1357 
0.4106 0.2699 0.1382 0.1813 
0.1777 0.5352 0.1301 0.1570 
0.0724 0.6354 0.2081 0.0841 
0.3246 0.3605 0.2243 0.0906 
0.1185 0.0157 0.0400 0.8258 
0.3068 0.4562 0.2370 0.0000 
0.1529 0.3777 0.0192 0.4501 
0.5873 0.0010 0.0005 0.4111 
0.2704 0.0005 0.0000 0.7291 
0.0000 0.0010 0.8587 0.1403 
0.0000 0.0648 0.9352 0.0000 
0.2268 0.2258 0.1332 0.4142 
0.0582 0.5468 0.2476 0.1473 
0.4349 0.1711 0.2689 0.1251 

MOTIF filter18 
letter-probability matrix: alength= 4 w= 11 nsites= 11 
0.2907 0.1231 0.3836 0.2026 
0.4066 0.1071 0.3257 0.1606 
0.2793 0.2382 0.2983 0.1842 
0.1071 0.0005 0.2551 0.6373 
0.2163 0.5823 0.0098 0.1916 
0.6244 0.0000 0.0611 0.3145 
0.3113 0.0000 0.6589 0.0298 
0.0338 0.4794 0.0019 0.4850 
0.3026 0.3128 0.0555 0.3291 
0.2238 0.3860 0.0179 0.3722 
0.2849 0.1509 0.0388 0.5254 

MOTIF filter19 
letter-probability matrix: alength= 4 w= 12 nsites= 12 
0.3316 0.2579 0.2070 0.2035 
0.2930 0.3281 0.2018 0.1772 
0.2053 0.0737 0.3930 0.3281 
0.0000 0.6070 0.0000 0.3930 
0.1298 0.0000 0.8702 0.0000 
0.0000 0.9982 0.0018 0.0000 
0.6053 0.0000 0.3947 0.0000 
0.0000 0.0070 0.0614 0.9316 
0.0000 0.0439 0.0000 0.9561 
0.2965 0.3018 0.1263 0.2754 
0.2368 0.4789 0.0456 0.2386 
0.2596 0.2421 0.2456 0.2526 

MOTIF filter20 
letter-probability matrix: alength= 4 w= 14 nsites= 14 
0.3146 0.2485 0.1705 0.2665 
0.2361 0.1462 0.1157 0.5021 
0.2913 0.0449 0.1694 0.4943 
0.0584 0.0015 0.0072 0.9329 
0.0098 0.3461 0.0744 0.5697 
0.0976 0.1389 0.3445 0.4189 
0.0465 0.7970 0.0325 0.1240 
0.3678 0.0000 0.5610 0.0713 
0.0362 0.1457 0.6575 0.1606 
0.7304 0.2319 0.0377 0.0000 
0.9267 0.0351 0.0377 0.0005 
0.3419 0.2774 0.0894 0.2913 
0.3166 0.1968 0.1751 0.3115 
0.2665 0.2045 0.1260 0.4029 

MOTIF filter21 
letter-probability matrix: alength= 4 w= 10 nsites= 10 
0.1880 0.1753 0.2604 0.3763 
0.3924 0.1899 0.2733 0.1445 
0.4295 0.0008 0.2439 0.3258 
0.0503 0.9093 0.0175 0.0229 
0.1595 0.0024 0.0645 0.7736 
0.1454 0.0304 0.6842 0.1400 
0.0209 0.7273 0.0011 0.2507 
0.3363 0.3993 0.0015 0.2629 
0.1408 0.1511 0.6158 0.0923 
0.2611 0.2196 0.3475 0.1717 

MOTIF filter22 
letter-probability matrix: alength= 4 w= 12 nsites= 12 
0.2044 0.2168 0.3377 0.2411 
0.2640 0.1562 0.2741 0.3057 
0.3319 0.2426 0.2473 0.1782 
0.0577 0.6341 0.1057 0.2025 
0.2900 0.1502 0.4560 0.1037 
0.3757 0.1615 0.3738 0.0891 
0.0357 0.0233 0.7403 0.2007 
0.0868 0.7701 0.0002 0.1429 
0.0000 0.6155 0.3845 0.0000 
0.1780 0.2792 0.2545 0.2883 
0.3272 0.1514 0.2683 0.2530 
0.2055 0.2000 0.1558 0.4386 

MOTIF filter23 
letter-probability matrix: alength= 4 w= 14 nsites= 14 
0.2495 0.1193 0.3802 0.2509 
0.3076 0.1443 0.1130 0.4351 
0.2296 0.1484 0.5191 0.1030 
0.3249 0.6189 0.0073 0.0490 
0.0517 0.1198 0.0431 0.7854 
0.2908 0.0309 0.2241 0.4542 
0.3721 0.1184 0.3575 0.1520 
0.0163 0.5154 0.4401 0.0281 
0.0136 0.1207 0.0885 0.7772 
0.0245 0.3181 0.5594 0.0980 
0.4868 0.0685 0.2609 0.1838 
0.0277 0.0417 0.8966 0.0340 
0.1828 0.5077 0.1384 0.1711 
0.6143 0.1638 0.1284 0.0935 

MOTIF filter24 
letter-probability matrix: alength= 4 w= 12 nsites= 12 
0.5098 0.1119 0.2718 0.1066 
0.2762 0.5240 0.1350 0.0648 
0.1661 0.1243 0.2620 0.4476 
0.0311 0.0107 0.0320 0.9263 
0.0018 0.7318 0.2664 0.0000 
0.1581 0.8419 0.0000 0.0000 
0.0000 0.0000 0.9423 0.0577 
0.0000 0.4041 0.5888 0.0071 
0.8801 0.0506 0.0178 0.0515 
0.4654 0.2220 0.1279 0.1847 
0.1137 0.1599 0.4032 0.3233 
0.1456 0.2256 0.0941 0.5346 

MOTIF filter25 
letter-probability matrix: alength= 4 w= 19 nsites= 19 
0.2910 0.2379 0.2345 0.2366 
0.2366 0.2549 0.2604 0.2481 
0.2345 0.2189 0.1849 0.3617 
0.0374 0.0197 0.0095 0.9334 
0.0190 0.0292 0.3909 0.5608 
0.2828 0.6560 0.0177 0.0435 
0.0027 0.9164 0.0007 0.0802 
0.1108 0.6723 0.1088 0.1081 
0.5207 0.0020 0.4092 0.0680 
0.0054 0.0007 0.5085 0.4854 
0.9782 0.0170 0.0048 0.0000 
0.4949 0.0054 0.0000 0.4997 
0.7539 0.0911 0.0870 0.0680 
0.1747 0.1516 0.0952 0.5785 
0.0789 0.1557 0.6703 0.0952 
0.1210 0.1074 0.6818 0.0897 
0.1414 0.1536 0.3549 0.3501 
0.2515 0.4670 0.1611 0.1203 
0.5214 0.1162 0.1496 0.2128 

MOTIF filter26 
letter-probability matrix: alength= 4 w= 11 nsites= 11 
0.2082 0.1777 0.3610 0.2531 
0.2727 0.1184 0.2720 0.3368 
0.4219 0.1953 0.2795 0.1034 
0.4152 0.0165 0.0169 0.5515 
0.0041 0.5034 0.4678 0.0246 
0.2925 0.2803 0.2063 0.2209 
0.3587 0.1973 0.0104 0.4335 
0.0017 0.9712 0.0270 0.0000 
0.3165 0.2500 0.1583 0.2752 
0.2037 0.2251 0.2390 0.3323 
0.0918 0.2197 0.4442 0.2444 

MOTIF filter27 
letter-probability matrix: alength= 4 w= 12 nsites= 12 
0.1998 0.3401 0.2452 0.2150 
0.2078 0.3102 0.2676 0.2144 
0.2579 0.2663 0.3718 0.1039 
0.7747 0.0047 0.0411 0.1795 
0.0000 0.3398 0.0000 0.6602 
0.0000 0.4163 0.0000 0.5837 
0.5625 0.0588 0.3787 0.0000 
0.9253 0.0000 0.0747 0.0000 
0.0688 0.0009 0.0000 0.9303 
0.1033 0.4259 0.2094 0.2614 
0.3114 0.2103 0.3385 0.1397 
0.2044 0.1493 0.5177 0.1285 

MOTIF filter28 
letter-probability matrix: alength= 4 w= 13 nsites= 13 
0.2104 0.3583 0.1896 0.2417 
0.2438 0.2583 0.2042 0.2937 
0.4875 0.1187 0.1229 0.2708 
0.0771 0.0667 0.0396 0.8167 
0.4938 0.0271 0.4792 0.0000 
0.0042 0.0812 0.0000 0.9146 
0.0021 0.8896 0.0000 0.1083 
0.4250 0.0125 0.5437 0.0188 
0.0063 0.0000 0.9937 0.0000 
0.0000 0.3396 0.5479 0.1125 
0.1688 0.3333 0.3708 0.1271 
0.5354 0.2812 0.1437 0.0396 
0.2396 0.2375 0.0396 0.4833 

MOTIF filter29 
letter-probability matrix: alength= 4 w= 13 nsites= 13 
0.4271 0.1533 0.1490 0.2706 
0.2410 0.0951 0.1533 0.5106 
0.1490 0.5624 0.1374 0.1512 
0.2008 0.0190 0.0867 0.6934 
0.3351 0.0011 0.6607 0.0032 
0.0349 0.8953 0.0000 0.0698 
0.1469 0.4313 0.0000 0.4218 
0.3985 0.0159 0.4249 0.1607 
0.9789 0.0000 0.0011 0.0201 
0.0011 0.0603 0.0222 0.9165 
0.5127 0.2600 0.0359 0.1913 
0.3277 0.0655 0.4894 0.1173 
0.2717 0.1596 0.4704 0.0983 

MOTIF filter30 
letter-probability matrix: alength= 4 w= 15 nsites= 15 
0.2664 0.2811 0.2349 0.2175 
0.2336 0.2778 0.2584 0.2303 
0.1098 0.2363 0.3896 0.2644 
0.0047 0.6299 0.1185 0.2470 
0.0328 0.6613 0.0047 0.3012 
0.0321 0.9398 0.0080 0.0201 
0.0482 0.8708 0.0462 0.0348 
0.1506 0.1459 0.4217 0.2818 
0.0281 0.9264 0.0107 0.0348 
0.0174 0.9685 0.0000 0.0141 
0.0087 0.6961 0.0248 0.2704 
0.1359 0.6881 0.0060 0.1700 
0.1011 0.5335 0.1171 0.2483 
0.2336 0.2972 0.2390 0.2303 
0.2423 0.2965 0.2242 0.2369 

MOTIF filter31 
letter-probability matrix: alength= 4 w= 15 nsites= 15 
0.2173 0.2938 0.2617 0.2272 
0.1531 0.1654 0.3531 0.3284 
0.1210 0.5975 0.1111 0.1704 
0.0642 0.0815 0.0667 0.7877 
0.5086 0.4296 0.0494 0.0123 
0.0346 0.0716 0.0272 0.8667 
0.1259 0.0716 0.4617 0.3407 
0.8247 0.0000 0.0000 0.1753 
0.1136 0.0000 0.0000 0.8864 
0.0000 0.0000 0.0025 0.9975 
0.4444 0.0000 0.5556 0.0000 
0.0000 0.0000 1.0000 0.0000 
0.1580 0.5753 0.0000 0.2667 
0.0370 0.3630 0.1778 0.4222 
0.1728 0.4691 0.2667 0.0914 

