MEME version 4

ALPHABET= ACGT

Background letter frequencies:
A 0.2500 C 0.2500 G 0.2500 T 0.2500 

MOTIF filter0 
letter-probability matrix: alength= 4 w= 20 nsites= 20 
1.0000 0.0000 0.0000 0.0000 
1.0000 0.0000 0.0000 0.0000 
0.0000 1.0000 0.0000 0.0000 
0.0000 0.0000 1.0000 0.0000 
1.0000 0.0000 0.0000 0.0000 
0.0000 0.0000 1.0000 0.0000 
1.0000 0.0000 0.0000 0.0000 
0.0000 1.0000 0.0000 0.0000 
1.0000 0.0000 0.0000 0.0000 
0.0000 0.0000 1.0000 0.0000 
0.0000 0.0000 0.0000 1.0000 
0.0000 1.0000 0.0000 0.0000 
0.0000 0.0000 1.0000 0.0000 
1.0000 0.0000 0.0000 0.0000 
0.0000 1.0000 0.0000 0.0000 
0.0000 1.0000 0.0000 0.0000 
0.0000 0.0000 1.0000 0.0000 
0.0000 0.0000 1.0000 0.0000 
0.0000 0.0000 1.0000 0.0000 
0.0000 1.0000 0.0000 0.0000 

MOTIF filter1 
letter-probability matrix: alength= 4 w= 10 nsites= 10 
0.1547 0.1508 0.1268 0.5676 
0.3696 0.0631 0.2956 0.2717 
0.2141 0.1377 0.0865 0.5617 
0.5689 0.0215 0.0173 0.3923 
0.1601 0.0007 0.0321 0.8071 
0.3644 0.3675 0.1118 0.1563 
0.5281 0.0004 0.4446 0.0270 
0.2844 0.4669 0.0695 0.1792 
0.3167 0.2959 0.3383 0.0491 
0.3545 0.2407 0.1467 0.2580 

MOTIF filter2 
letter-probability matrix: alength= 4 w= 19 nsites= 19 
0.3799 0.1594 0.1900 0.2707 
0.4105 0.0699 0.0677 0.4520 
0.2489 0.2162 0.1878 0.3472 
0.1070 0.0480 0.0393 0.8057 
0.0677 0.0568 0.8210 0.0546 
0.0546 0.9170 0.0000 0.0284 
0.1288 0.0109 0.0284 0.8319 
0.2096 0.0655 0.6441 0.0808 
0.8384 0.0328 0.0306 0.0983 
0.0721 0.3865 0.3755 0.1659 
0.1245 0.0546 0.0393 0.7817 
0.1485 0.6463 0.0306 0.1747 
0.6463 0.0197 0.0306 0.3035 
0.1638 0.0000 0.7664 0.0699 
0.1157 0.6245 0.1659 0.0939 
0.6965 0.0677 0.0873 0.1485 
0.2860 0.1878 0.2358 0.2904 
0.3712 0.1332 0.1376 0.3581 
0.3122 0.1594 0.1310 0.3974 

MOTIF filter3 
letter-probability matrix: alength= 4 w= 12 nsites= 12 
0.2708 0.2505 0.2153 0.2634 
0.2943 0.2258 0.2498 0.2301 
0.1733 0.2548 0.1474 0.4244 
0.0080 0.0086 0.0031 0.9803 
0.0037 0.0136 0.0247 0.9581 
0.1135 0.8742 0.0012 0.0111 
0.0234 0.7329 0.0031 0.2406 
0.2394 0.2406 0.2727 0.2474 
0.2486 0.0093 0.7168 0.0253 
0.0463 0.0216 0.8347 0.0975 
0.9056 0.0481 0.0197 0.0265 
0.9377 0.0160 0.0259 0.0204 

MOTIF filter4 
letter-probability matrix: alength= 4 w= 12 nsites= 12 
0.2479 0.1737 0.2764 0.3020 
0.3630 0.2211 0.2463 0.1696 
0.2656 0.1921 0.3281 0.2141 
0.0766 0.8256 0.0715 0.0263 
0.8250 0.0669 0.0325 0.0757 
0.1016 0.7563 0.1077 0.0344 
0.0362 0.1555 0.7703 0.0379 
0.0864 0.0079 0.0099 0.8958 
0.0134 0.0013 0.9215 0.0638 
0.2071 0.3604 0.1735 0.2590 
0.1812 0.2345 0.1386 0.4457 
0.2990 0.2435 0.1720 0.2856 

MOTIF filter5 
letter-probability matrix: alength= 4 w= 16 nsites= 16 
0.1439 0.2659 0.1712 0.4190 
0.1776 0.1732 0.5410 0.1083 
0.2902 0.1302 0.3415 0.2380 
0.0000 1.0000 0.0000 0.0000 
0.0000 0.7595 0.0000 0.2405 
0.9839 0.0000 0.0005 0.0156 
0.2273 0.0000 0.0000 0.7727 
0.4746 0.0932 0.0137 0.4185 
0.0761 0.1946 0.0761 0.6532 
0.7356 0.0029 0.0029 0.2585 
0.1239 0.0620 0.2376 0.5766 
0.4922 0.0327 0.4478 0.0273 
0.1220 0.0488 0.7605 0.0688 
0.2649 0.1990 0.2390 0.2971 
0.2283 0.4132 0.1673 0.1912 
0.4629 0.1756 0.1649 0.1966 

MOTIF filter6 
letter-probability matrix: alength= 4 w= 11 nsites= 11 
0.3337 0.2424 0.2038 0.2202 
0.1691 0.2970 0.2473 0.2866 
0.1770 0.2956 0.2023 0.3251 
0.0517 0.6388 0.0514 0.2581 
0.2976 0.1492 0.5332 0.0200 
0.0002 0.4144 0.5854 0.0000 
0.1159 0.0000 0.0891 0.7950 
0.5223 0.0004 0.1581 0.3192 
0.3943 0.3356 0.1835 0.0867 
0.3866 0.3850 0.0787 0.1496 
0.0386 0.3112 0.4133 0.2369 

MOTIF filter7 
letter-probability matrix: alength= 4 w= 16 nsites= 16 
0.1829 0.1060 0.1614 0.5497 
0.0994 0.1360 0.4437 0.3208 
0.3743 0.3471 0.1557 0.1229 
0.0957 0.6979 0.1266 0.0797 
0.1013 0.8246 0.0469 0.0272 
0.5750 0.0525 0.2073 0.1651 
0.0019 0.6707 0.0009 0.3265 
0.7777 0.0610 0.1614 0.0000 
0.0000 0.5122 0.0300 0.4578 
0.3171 0.0103 0.6717 0.0009 
0.1379 0.1023 0.0047 0.7552 
0.0047 0.0328 0.9522 0.0103 
0.0516 0.1951 0.6745 0.0788 
0.0713 0.2280 0.2608 0.4400 
0.1895 0.5450 0.1163 0.1492 
0.5310 0.1614 0.0826 0.2251 

MOTIF filter8 
letter-probability matrix: alength= 4 w= 14 nsites= 14 
0.2567 0.1648 0.2908 0.2876 
0.2607 0.2060 0.2765 0.2567 
0.3471 0.1363 0.2853 0.2314 
0.1101 0.6632 0.1022 0.1244 
0.1300 0.2330 0.1973 0.4398 
0.3914 0.0000 0.1165 0.4921 
0.6315 0.1735 0.0174 0.1775 
0.0000 0.2274 0.7670 0.0055 
0.0000 0.8043 0.1957 0.0000 
0.0048 0.0000 0.0230 0.9723 
0.9960 0.0000 0.0000 0.0040 
0.3051 0.1862 0.1458 0.3629 
0.2266 0.2330 0.3796 0.1609 
0.3407 0.3027 0.1490 0.2076 

MOTIF filter9 
letter-probability matrix: alength= 4 w= 10 nsites= 10 
0.1715 0.3865 0.3317 0.1102 
0.5052 0.1686 0.3101 0.0161 
0.4484 0.3393 0.0397 0.1725 
0.0057 0.0058 0.0002 0.9883 
0.0138 0.1842 0.8020 0.0000 
0.0530 0.1381 0.7498 0.0590 
0.3369 0.5811 0.0000 0.0820 
0.0097 0.3181 0.4467 0.2255 
0.2072 0.3087 0.3640 0.1201 
0.1694 0.3288 0.2878 0.2140 

MOTIF filter10 
letter-probability matrix: alength= 4 w= 13 nsites= 13 
0.3877 0.3436 0.1564 0.1123 
0.2357 0.3062 0.2379 0.2203 
0.1145 0.4339 0.3172 0.1344 
0.0022 0.0837 0.0220 0.8921 
0.6432 0.0066 0.2489 0.1013 
0.0441 0.0022 0.0551 0.8987 
0.0771 0.4317 0.4912 0.0000 
0.0000 0.0088 0.0000 0.9912 
0.9824 0.0176 0.0000 0.0000 
0.0000 0.1630 0.5110 0.3260 
0.2313 0.2181 0.3700 0.1806 
0.0330 0.4207 0.0837 0.4626 
0.3392 0.1696 0.2291 0.2621 

MOTIF filter11 
letter-probability matrix: alength= 4 w= 20 nsites= 20 
0.2000 0.2000 0.2000 0.4000 
0.2000 0.8000 0.0000 0.0000 
0.2000 0.0000 0.6000 0.2000 
0.6000 0.2000 0.0000 0.2000 
0.0000 0.0000 0.8000 0.2000 
0.0000 1.0000 0.0000 0.0000 
0.0000 0.0000 0.0000 1.0000 
1.0000 0.0000 0.0000 0.0000 
0.0000 0.2000 0.0000 0.8000 
0.4000 0.4000 0.0000 0.2000 
0.0000 1.0000 0.0000 0.0000 
0.0000 0.6000 0.4000 0.0000 
0.0000 0.0000 0.0000 1.0000 
1.0000 0.0000 0.0000 0.0000 
0.6000 0.0000 0.4000 0.0000 
0.6000 0.2000 0.0000 0.2000 
0.0000 0.0000 0.8000 0.2000 
0.2000 0.2000 0.2000 0.4000 
0.2000 0.0000 0.0000 0.8000 
0.2000 0.2000 0.4000 0.2000 

MOTIF filter12 
letter-probability matrix: alength= 4 w= 13 nsites= 13 
0.2310 0.2318 0.2572 0.2800 
0.2499 0.2072 0.3557 0.1872 
0.3697 0.2808 0.2982 0.0513 
0.0376 0.1133 0.0181 0.8310 
0.0145 0.1382 0.8079 0.0394 
0.9422 0.0194 0.0192 0.0192 
0.0506 0.4384 0.4778 0.0332 
0.0156 0.0257 0.0187 0.9401 
0.0622 0.7825 0.1270 0.0283 
0.7760 0.0412 0.1460 0.0368 
0.0469 0.3228 0.2925 0.3378 
0.1877 0.3391 0.2235 0.2497 
0.2647 0.2435 0.2320 0.2598 

MOTIF filter13 
letter-probability matrix: alength= 4 w= 13 nsites= 13 
0.2591 0.2167 0.2788 0.2454 
0.2721 0.1335 0.4610 0.1333 
0.2376 0.0130 0.5505 0.1990 
0.3302 0.0178 0.6104 0.0416 
0.0393 0.0253 0.8736 0.0619 
0.1346 0.0947 0.7417 0.0290 
0.3220 0.3340 0.1289 0.2150 
0.1020 0.0558 0.8249 0.0173 
0.0591 0.0148 0.8604 0.0656 
0.3187 0.0316 0.5904 0.0594 
0.3152 0.1429 0.5269 0.0150 
0.2412 0.3319 0.3045 0.1225 
0.2366 0.2539 0.2654 0.2441 

MOTIF filter14 
letter-probability matrix: alength= 4 w= 16 nsites= 16 
0.2671 0.1792 0.2001 0.3536 
0.1365 0.0757 0.3923 0.3955 
0.1771 0.4147 0.0273 0.3809 
0.0397 0.0119 0.1341 0.8143 
0.4853 0.0784 0.4266 0.0097 
0.3712 0.1746 0.0811 0.3731 
0.1703 0.1127 0.3809 0.3360 
0.2290 0.1914 0.4690 0.1106 
0.5166 0.0181 0.2087 0.2566 
0.0092 0.4799 0.0597 0.4512 
0.8938 0.0408 0.0562 0.0092 
0.1665 0.0557 0.7334 0.0443 
0.1089 0.7383 0.0633 0.0895 
0.3779 0.2679 0.1890 0.1652 
0.1511 0.2822 0.3214 0.2452 
0.2211 0.3690 0.1938 0.2160 

MOTIF filter15 
letter-probability matrix: alength= 4 w= 12 nsites= 12 
0.0673 0.3453 0.3667 0.2207 
0.1130 0.4171 0.3088 0.1611 
0.4080 0.0032 0.3800 0.2087 
0.0189 0.6644 0.1982 0.1185 
0.2806 0.0879 0.1119 0.5196 
0.4102 0.0537 0.1690 0.3671 
0.0594 0.6185 0.0003 0.3217 
0.2686 0.0683 0.6629 0.0001 
0.4915 0.3480 0.0000 0.1604 
0.2439 0.2814 0.1973 0.2774 
0.3393 0.1899 0.1104 0.3604 
0.2163 0.2676 0.2086 0.3075 

MOTIF filter16 
letter-probability matrix: alength= 4 w= 13 nsites= 13 
0.2509 0.1735 0.2196 0.3559 
0.2788 0.0926 0.3012 0.3274 
0.2850 0.0637 0.4000 0.2513 
0.0386 0.7735 0.1818 0.0062 
0.7253 0.0000 0.1525 0.1222 
0.4203 0.4382 0.0028 0.1387 
0.1453 0.0981 0.7435 0.0131 
0.6248 0.0396 0.0427 0.2929 
0.0145 0.6434 0.0620 0.2802 
0.0028 0.8358 0.1601 0.0014 
0.2799 0.1005 0.3136 0.3060 
0.0406 0.2781 0.5060 0.1752 
0.2640 0.1167 0.3986 0.2207 

MOTIF filter17 
letter-probability matrix: alength= 4 w= 16 nsites= 16 
0.3268 0.1906 0.3279 0.1547 
0.2101 0.1003 0.2107 0.4789 
0.0496 0.4361 0.0781 0.4361 
0.0079 0.0459 0.1172 0.8289 
0.7281 0.0000 0.2191 0.0528 
0.2709 0.0143 0.6478 0.0671 
0.4662 0.0005 0.3543 0.1790 
0.5301 0.1315 0.1790 0.1595 
0.1367 0.4245 0.0048 0.4340 
0.0026 0.6072 0.0005 0.3897 
0.7761 0.1135 0.0000 0.1103 
0.3242 0.1563 0.2577 0.2619 
0.6394 0.1732 0.1378 0.0496 
0.3369 0.1410 0.1267 0.3955 
0.2677 0.2809 0.1426 0.3089 
0.2661 0.1679 0.1800 0.3860 

MOTIF filter18 
letter-probability matrix: alength= 4 w= 15 nsites= 15 
0.3065 0.2127 0.1926 0.2881 
0.2044 0.2245 0.2379 0.3333 
0.0921 0.0938 0.1859 0.6281 
0.0000 0.0134 0.0084 0.9782 
0.2797 0.0000 0.1508 0.5695 
0.2647 0.5377 0.0838 0.1139 
0.0201 0.9799 0.0000 0.0000 
0.2027 0.2781 0.2446 0.2747 
0.0000 0.0000 0.9899 0.0101 
0.1926 0.0553 0.7487 0.0034 
0.8744 0.0402 0.0050 0.0804 
0.9799 0.0151 0.0034 0.0017 
0.6030 0.1189 0.0972 0.1809 
0.3367 0.1642 0.1022 0.3970 
0.3015 0.1926 0.3082 0.1977 

MOTIF filter19 
letter-probability matrix: alength= 4 w= 12 nsites= 12 
0.2521 0.2188 0.2432 0.2859 
0.2174 0.2176 0.2781 0.2869 
0.2243 0.2270 0.2527 0.2959 
0.0684 0.3865 0.5451 0.0000 
0.2488 0.0703 0.1847 0.4962 
0.6236 0.0000 0.3516 0.0248 
0.0006 0.7379 0.2528 0.0087 
0.1037 0.0115 0.1677 0.7171 
0.2200 0.2652 0.5130 0.0017 
0.1265 0.3309 0.2342 0.3085 
0.2336 0.2679 0.2559 0.2425 
0.2246 0.2654 0.2310 0.2790 

MOTIF filter20 
letter-probability matrix: alength= 4 w= 12 nsites= 12 
0.1202 0.4317 0.1585 0.2896 
0.1038 0.5902 0.1475 0.1585 
0.2951 0.1694 0.3989 0.1366 
0.9891 0.0000 0.0000 0.0109 
0.0000 0.0000 0.0000 1.0000 
0.0000 0.1530 0.0000 0.8470 
0.8142 0.0000 0.1858 0.0000 
0.9945 0.0000 0.0055 0.0000 
0.0273 0.0000 0.0000 0.9727 
0.1530 0.2842 0.4153 0.1475 
0.1202 0.2896 0.4481 0.1421 
0.1803 0.2842 0.2623 0.2732 

MOTIF filter21 
letter-probability matrix: alength= 4 w= 10 nsites= 10 
0.2026 0.3665 0.2385 0.1924 
0.1263 0.4253 0.2242 0.2241 
0.1819 0.3332 0.4017 0.0832 
0.0020 0.6077 0.2771 0.1131 
0.2414 0.0278 0.4268 0.3040 
0.0171 0.9271 0.0106 0.0452 
0.0236 0.3750 0.5995 0.0020 
0.0814 0.4125 0.2456 0.2605 
0.3583 0.1712 0.4679 0.0027 
0.1302 0.1640 0.5342 0.1716 

MOTIF filter22 
letter-probability matrix: alength= 4 w= 14 nsites= 14 
0.1880 0.3504 0.2497 0.2118 
0.3309 0.2582 0.2521 0.1587 
0.2973 0.0446 0.5085 0.1496 
0.0641 0.8175 0.0995 0.0189 
0.1374 0.8346 0.0006 0.0275 
0.9402 0.0116 0.0482 0.0000 
0.4884 0.2344 0.1056 0.1716 
0.1703 0.1117 0.2882 0.4298 
0.0012 0.0897 0.0354 0.8736 
0.0153 0.0006 0.8382 0.1459 
0.0488 0.1337 0.7747 0.0427 
0.2241 0.4042 0.0916 0.2802 
0.1978 0.2643 0.2247 0.3132 
0.2137 0.2912 0.3114 0.1838 

MOTIF filter23 
letter-probability matrix: alength= 4 w= 14 nsites= 14 
0.1975 0.2601 0.2771 0.2654 
0.2958 0.2612 0.3414 0.1016 
0.2612 0.1944 0.3070 0.2374 
0.0671 0.5967 0.2864 0.0497 
0.0000 0.7327 0.0757 0.1916 
0.3715 0.2809 0.2964 0.0513 
0.6066 0.1572 0.2274 0.0089 
0.0146 0.1494 0.0000 0.8360 
0.1542 0.1226 0.3352 0.3881 
0.1797 0.0000 0.8203 0.0000 
0.0053 0.0679 0.8960 0.0308 
0.1674 0.2614 0.2296 0.3416 
0.1110 0.3302 0.2680 0.2907 
0.2468 0.3038 0.2196 0.2298 

MOTIF filter24 
letter-probability matrix: alength= 4 w= 12 nsites= 12 
0.1096 0.1620 0.3911 0.3373 
0.2683 0.1639 0.2491 0.3187 
0.0223 0.5196 0.1214 0.3367 
0.0066 0.3193 0.1017 0.5725 
0.2425 0.1419 0.5202 0.0954 
0.9406 0.0004 0.0386 0.0204 
0.0386 0.1160 0.1000 0.7454 
0.1299 0.2731 0.2001 0.3969 
0.6872 0.0787 0.2321 0.0020 
0.3864 0.2300 0.2997 0.0839 
0.2655 0.2494 0.1290 0.3561 
0.2198 0.5087 0.0676 0.2039 

MOTIF filter25 
letter-probability matrix: alength= 4 w= 15 nsites= 15 
0.1739 0.2265 0.4480 0.1516 
0.3177 0.2746 0.0805 0.3272 
0.1359 0.4760 0.3227 0.0654 
0.0705 0.8221 0.0593 0.0481 
0.3317 0.1829 0.0442 0.4413 
0.1359 0.0391 0.4217 0.4032 
0.8087 0.0643 0.1214 0.0056 
0.0006 0.0705 0.0224 0.9066 
0.3865 0.5095 0.0162 0.0878 
0.4916 0.0330 0.1689 0.3065 
0.0123 0.0117 0.9485 0.0274 
0.0112 0.5341 0.3842 0.0705 
0.4782 0.0660 0.1723 0.2836 
0.2109 0.4256 0.1633 0.2002 
0.5459 0.0766 0.0956 0.2819 

MOTIF filter26 
letter-probability matrix: alength= 4 w= 11 nsites= 11 
0.2568 0.2252 0.2966 0.2214 
0.2302 0.2617 0.2341 0.2740 
0.2291 0.2605 0.2757 0.2348 
0.4567 0.0001 0.5011 0.0421 
0.1290 0.8707 0.0002 0.0000 
0.2587 0.0661 0.2846 0.3906 
0.0000 0.3046 0.5928 0.1026 
0.0101 0.5574 0.0000 0.4324 
0.2460 0.2436 0.3799 0.1305 
0.2358 0.2836 0.2660 0.2146 
0.2265 0.2779 0.2408 0.2547 

MOTIF filter27 
letter-probability matrix: alength= 4 w= 13 nsites= 13 
0.1653 0.2949 0.2082 0.3317 
0.2112 0.3533 0.2082 0.2273 
0.5565 0.1331 0.1855 0.1250 
0.0247 0.8916 0.0509 0.0328 
0.0338 0.4304 0.0010 0.5348 
0.0000 0.0000 0.7051 0.2949 
0.0000 0.3216 0.6784 0.0000 
0.6658 0.3342 0.0000 0.0000 
0.6215 0.0035 0.3281 0.0469 
0.0242 0.1557 0.8150 0.0050 
0.1290 0.3054 0.0696 0.4960 
0.1331 0.1956 0.4728 0.1986 
0.1885 0.2908 0.3674 0.1532 

MOTIF filter28 
letter-probability matrix: alength= 4 w= 11 nsites= 11 
0.0000 0.2701 0.4321 0.2979 
0.1311 0.2385 0.1995 0.4309 
0.4236 0.0171 0.3424 0.2169 
0.0868 0.6743 0.1355 0.1034 
0.4637 0.0496 0.0920 0.3947 
0.0001 0.5264 0.4561 0.0175 
0.3362 0.6002 0.0000 0.0636 
0.0273 0.4134 0.5518 0.0075 
0.1765 0.4049 0.2048 0.2139 
0.3423 0.3733 0.1511 0.1333 
0.3032 0.2733 0.1977 0.2258 

MOTIF filter29 
letter-probability matrix: alength= 4 w= 13 nsites= 13 
0.2169 0.2878 0.2739 0.2214 
0.1262 0.2920 0.3332 0.2486 
0.0292 0.5288 0.1747 0.2674 
0.0559 0.6132 0.0671 0.2637 
0.0606 0.7975 0.0986 0.0433 
0.1214 0.7111 0.0945 0.0730 
0.1860 0.2214 0.3167 0.2760 
0.0193 0.7925 0.0389 0.1493 
0.0021 0.8397 0.0024 0.1559 
0.0029 0.6306 0.0124 0.3541 
0.1407 0.5818 0.0405 0.2370 
0.1125 0.5082 0.1294 0.2499 
0.2331 0.2961 0.2418 0.2290 

MOTIF filter30 
letter-probability matrix: alength= 4 w= 12 nsites= 12 
0.2377 0.2659 0.2669 0.2296 
0.2518 0.2608 0.2387 0.2487 
0.4824 0.1400 0.3625 0.0151 
0.0000 0.0000 0.0000 1.0000 
0.0000 0.0000 0.0564 0.9436 
0.2860 0.0030 0.6213 0.0896 
0.0091 0.8933 0.0020 0.0957 
0.1007 0.0020 0.8842 0.0131 
0.0846 0.6506 0.0000 0.2649 
0.9486 0.0514 0.0000 0.0000 
1.0000 0.0000 0.0000 0.0000 
0.0101 0.3515 0.1420 0.4965 

MOTIF filter31 
letter-probability matrix: alength= 4 w= 17 nsites= 17 
0.2440 0.1898 0.3494 0.2169 
0.2620 0.3042 0.1747 0.2590 
0.1807 0.1867 0.2500 0.3825 
0.0392 0.0301 0.8102 0.1205 
0.0211 0.8434 0.0663 0.0693 
0.1295 0.4759 0.1416 0.2530 
0.5030 0.0000 0.4970 0.0000 
0.3554 0.4488 0.0211 0.1747 
0.0873 0.4970 0.4127 0.0030 
0.9548 0.0000 0.0000 0.0452 
0.0030 0.0000 0.0000 0.9970 
0.0060 0.3012 0.6536 0.0392 
0.0060 0.0301 0.6627 0.3012 
0.0452 0.5361 0.0151 0.4036 
0.1777 0.2078 0.4157 0.1988 
0.1898 0.1175 0.5753 0.1175 
0.2018 0.5813 0.0753 0.1416 

