MEME version 4

ALPHABET= ACGT

Background letter frequencies:
A 0.2500 C 0.2500 G 0.2500 T 0.2500 

MOTIF filter0 
letter-probability matrix: alength= 4 w= 17 nsites= 17 
0.2325 0.2505 0.2625 0.2545 
0.2445 0.2826 0.2044 0.2685 
0.4669 0.0581 0.1443 0.3307 
0.5611 0.0361 0.1022 0.3006 
0.3707 0.0040 0.0621 0.5631 
0.2104 0.3707 0.1343 0.2846 
0.0240 0.0020 0.0020 0.9719 
0.1503 0.0000 0.8497 0.0000 
0.0922 0.7816 0.0000 0.1263 
0.1824 0.0040 0.0040 0.8096 
0.1142 0.0000 0.7976 0.0882 
0.9399 0.0000 0.0000 0.0601 
0.0060 0.3086 0.1383 0.5471 
0.5992 0.0401 0.0321 0.3287 
0.1242 0.1623 0.4329 0.2806 
0.3347 0.1643 0.2485 0.2525 
0.1784 0.0982 0.4810 0.2425 

MOTIF filter1 
letter-probability matrix: alength= 4 w= 17 nsites= 17 
0.3704 0.2963 0.2037 0.1296 
0.2222 0.1852 0.3704 0.2222 
0.2593 0.2593 0.2778 0.2037 
0.4259 0.0556 0.5000 0.0185 
0.0185 0.2037 0.0000 0.7778 
0.0000 0.0000 0.7593 0.2407 
1.0000 0.0000 0.0000 0.0000 
0.0185 0.5556 0.4259 0.0000 
0.0556 0.0000 0.0000 0.9444 
0.0370 0.9630 0.0000 0.0000 
1.0000 0.0000 0.0000 0.0000 
0.0000 0.1481 0.0000 0.8519 
1.0000 0.0000 0.0000 0.0000 
0.0741 0.0185 0.8333 0.0741 
0.3704 0.3519 0.1481 0.1296 
0.1852 0.2407 0.3333 0.2407 
0.1852 0.2778 0.2778 0.2593 

MOTIF filter2 
letter-probability matrix: alength= 4 w= 17 nsites= 17 
0.0993 0.1638 0.5645 0.1725 
0.1341 0.6080 0.1812 0.0767 
0.2700 0.3136 0.3171 0.0993 
0.0087 0.0279 0.5958 0.3676 
0.0070 0.9756 0.0035 0.0139 
0.0017 0.4007 0.0000 0.5976 
0.9965 0.0035 0.0000 0.0000 
0.1777 0.0000 0.0000 0.8223 
0.1220 0.2526 0.0488 0.5767 
0.3467 0.0244 0.0000 0.6289 
0.2700 0.0070 0.0000 0.7230 
0.0488 0.0157 0.3206 0.6150 
0.8118 0.0261 0.1115 0.0505 
0.1463 0.1115 0.6533 0.0889 
0.2805 0.3920 0.1167 0.2108 
0.2195 0.2003 0.3659 0.2143 
0.2160 0.3815 0.1916 0.2108 

MOTIF filter3 
letter-probability matrix: alength= 4 w= 13 nsites= 13 
0.1918 0.3233 0.2352 0.2497 
0.1496 0.4849 0.1761 0.1894 
0.5416 0.1001 0.2738 0.0844 
0.1194 0.7165 0.0941 0.0700 
0.1387 0.0760 0.1267 0.6586 
0.1170 0.0700 0.0808 0.7322 
0.0000 0.9614 0.0386 0.0000 
0.0060 0.9940 0.0000 0.0000 
0.0000 0.0000 0.9952 0.0048 
0.0000 0.1568 0.8420 0.0012 
0.6152 0.1653 0.0953 0.1242 
0.4198 0.2002 0.1628 0.2171 
0.1049 0.1532 0.5802 0.1616 

MOTIF filter4 
letter-probability matrix: alength= 4 w= 12 nsites= 12 
0.2520 0.3085 0.2269 0.2126 
0.3632 0.1040 0.4457 0.0870 
0.1552 0.5758 0.2170 0.0520 
0.0762 0.9238 0.0000 0.0000 
1.0000 0.0000 0.0000 0.0000 
0.1013 0.6726 0.1067 0.1193 
0.1883 0.0484 0.7022 0.0610 
0.0009 0.0018 0.0000 0.9973 
0.0000 0.0018 0.9157 0.0825 
0.0780 0.1937 0.6054 0.1229 
0.1274 0.4538 0.0915 0.3274 
0.2054 0.2260 0.2547 0.3139 

MOTIF filter5 
letter-probability matrix: alength= 4 w= 12 nsites= 12 
0.2361 0.2595 0.2820 0.2224 
0.2024 0.3010 0.3075 0.1891 
0.1724 0.4097 0.2674 0.1505 
0.0087 0.3625 0.1158 0.5129 
0.0004 0.6369 0.3508 0.0119 
0.6513 0.3334 0.0139 0.0014 
0.3200 0.0440 0.2785 0.3575 
0.0000 0.3531 0.0000 0.6469 
0.0000 0.8824 0.1168 0.0007 
0.2151 0.2847 0.2334 0.2668 
0.1437 0.4868 0.0179 0.3517 
0.0319 0.4117 0.1213 0.4352 

MOTIF filter6 
letter-probability matrix: alength= 4 w= 16 nsites= 16 
0.2015 0.1370 0.0987 0.5628 
0.0987 0.2186 0.4462 0.2365 
0.1803 0.2365 0.3515 0.2316 
0.0049 0.9788 0.0000 0.0163 
0.0000 0.7186 0.0008 0.2806 
0.9323 0.0082 0.0375 0.0220 
0.0359 0.0008 0.1868 0.7765 
0.5057 0.3336 0.0139 0.1468 
0.1191 0.0008 0.0546 0.8254 
0.6199 0.0595 0.0033 0.3173 
0.0220 0.0522 0.0212 0.9046 
0.4184 0.0318 0.5114 0.0383 
0.0759 0.0090 0.8834 0.0318 
0.2569 0.2471 0.2749 0.2210 
0.3059 0.4535 0.1248 0.1158 
0.5131 0.1052 0.1631 0.2186 

MOTIF filter7 
letter-probability matrix: alength= 4 w= 12 nsites= 12 
0.2693 0.2395 0.3126 0.1786 
0.4279 0.2385 0.2039 0.1297 
0.0334 0.3974 0.1539 0.4153 
0.2962 0.0082 0.1015 0.5941 
0.2913 0.0000 0.1765 0.5323 
0.8317 0.1625 0.0000 0.0057 
0.6978 0.1517 0.0655 0.0850 
0.5907 0.1624 0.2293 0.0176 
0.0572 0.1223 0.1433 0.6772 
0.1224 0.3447 0.3992 0.1337 
0.3391 0.2026 0.3347 0.1237 
0.2616 0.2094 0.3164 0.2126 

MOTIF filter8 
letter-probability matrix: alength= 4 w= 14 nsites= 14 
0.2170 0.1762 0.1784 0.4284 
0.1547 0.1878 0.4887 0.1688 
0.4259 0.1383 0.3997 0.0361 
0.0000 0.8894 0.0218 0.0888 
0.0233 0.6338 0.1222 0.2207 
0.3172 0.0116 0.6704 0.0007 
0.7313 0.0203 0.2485 0.0000 
0.0000 0.3234 0.0208 0.6558 
0.0089 0.3749 0.3083 0.3078 
0.3509 0.1621 0.4477 0.0393 
0.1839 0.1002 0.6808 0.0351 
0.2341 0.2586 0.2195 0.2878 
0.2433 0.2111 0.3096 0.2361 
0.1784 0.2997 0.2504 0.2715 

MOTIF filter9 
letter-probability matrix: alength= 4 w= 10 nsites= 10 
0.2613 0.2080 0.2615 0.2692 
0.3816 0.2807 0.3369 0.0008 
0.3746 0.2204 0.1790 0.2259 
0.5668 0.0836 0.3496 0.0000 
0.0000 0.0090 0.0047 0.9863 
0.5125 0.0004 0.1420 0.3452 
0.0000 0.2913 0.0203 0.6884 
0.3793 0.2136 0.0065 0.4006 
0.2591 0.2248 0.2267 0.2894 
0.2979 0.2157 0.2667 0.2197 

MOTIF filter10 
letter-probability matrix: alength= 4 w= 12 nsites= 12 
0.2517 0.2641 0.2641 0.2201 
0.3190 0.2356 0.1362 0.3092 
0.0430 0.3527 0.4702 0.1341 
0.1813 0.7002 0.1113 0.0073 
0.0528 0.1326 0.5614 0.2532 
0.0005 0.9995 0.0000 0.0000 
0.0000 0.0000 1.0000 0.0000 
0.2475 0.4428 0.3097 0.0000 
0.0000 0.6800 0.0026 0.3175 
0.0062 0.2786 0.2289 0.4863 
0.3910 0.3061 0.1378 0.1652 
0.2149 0.3589 0.0932 0.3330 

MOTIF filter11 
letter-probability matrix: alength= 4 w= 13 nsites= 13 
0.2148 0.3778 0.2011 0.2063 
0.1792 0.2234 0.2813 0.3160 
0.0780 0.5309 0.2230 0.1681 
0.2856 0.5746 0.0193 0.1205 
0.2496 0.5725 0.1668 0.0111 
0.0000 0.9949 0.0000 0.0051 
0.7320 0.0120 0.2110 0.0450 
0.0000 0.9318 0.0000 0.0682 
0.1608 0.3649 0.4743 0.0000 
0.0000 0.2672 0.0000 0.7328 
0.1694 0.2963 0.4987 0.0356 
0.0948 0.3791 0.1660 0.3602 
0.1728 0.1677 0.3027 0.3568 

MOTIF filter12 
letter-probability matrix: alength= 4 w= 16 nsites= 16 
0.2116 0.3039 0.1549 0.3296 
0.2163 0.1933 0.2145 0.3759 
0.2943 0.2085 0.2710 0.2263 
0.8724 0.0010 0.1106 0.0160 
0.1703 0.3926 0.4371 0.0000 
0.1818 0.3288 0.3777 0.1117 
0.9963 0.0026 0.0010 0.0000 
0.0000 0.3882 0.0309 0.5810 
0.2629 0.1080 0.6205 0.0086 
0.0000 0.2906 0.3639 0.3455 
0.4067 0.4164 0.0000 0.1768 
0.1596 0.2699 0.1865 0.3840 
0.1679 0.0581 0.6322 0.1418 
0.1120 0.3874 0.2788 0.2218 
0.1515 0.2192 0.2739 0.3555 
0.2597 0.2971 0.2132 0.2299 

MOTIF filter13 
letter-probability matrix: alength= 4 w= 12 nsites= 12 
0.1665 0.2298 0.1913 0.4125 
0.1378 0.2680 0.3398 0.2545 
0.3769 0.2872 0.2146 0.1214 
0.0887 0.7904 0.1209 0.0000 
0.2955 0.0086 0.1070 0.5890 
0.0481 0.7173 0.2333 0.0013 
0.8034 0.0738 0.0181 0.1047 
0.0050 0.2263 0.7205 0.0482 
0.0814 0.3790 0.0205 0.5191 
0.2006 0.4978 0.1721 0.1295 
0.3967 0.2831 0.1070 0.2132 
0.1634 0.2015 0.2661 0.3691 

MOTIF filter14 
letter-probability matrix: alength= 4 w= 10 nsites= 10 
0.1132 0.3709 0.3152 0.2006 
0.2614 0.3492 0.3218 0.0677 
0.3797 0.0566 0.2999 0.2638 
0.0050 0.1849 0.7835 0.0266 
0.3907 0.0000 0.0000 0.6093 
0.6378 0.0004 0.0000 0.3618 
0.0007 0.6257 0.3736 0.0001 
0.2389 0.3405 0.1395 0.2811 
0.2690 0.2901 0.2556 0.1854 
0.2530 0.2335 0.2975 0.2160 

MOTIF filter15 
letter-probability matrix: alength= 4 w= 12 nsites= 12 
0.1483 0.3877 0.1998 0.2641 
0.1549 0.2947 0.2173 0.3331 
0.2401 0.2084 0.4256 0.1259 
0.8672 0.0000 0.0163 0.1166 
0.0000 0.0565 0.0000 0.9435 
0.0000 0.3292 0.0012 0.6696 
0.6824 0.0000 0.3176 0.0000 
0.8048 0.0244 0.1708 0.0000 
0.1541 0.0306 0.0236 0.7916 
0.1290 0.4322 0.1952 0.2436 
0.3710 0.2560 0.2347 0.1383 
0.3199 0.2312 0.2974 0.1514 

MOTIF filter16 
letter-probability matrix: alength= 4 w= 14 nsites= 14 
0.2510 0.1810 0.2879 0.2802 
0.2607 0.1667 0.2410 0.3316 
0.2870 0.1507 0.3422 0.2201 
0.6738 0.0535 0.2067 0.0660 
0.4914 0.1718 0.2639 0.0729 
0.2261 0.0180 0.0040 0.7519 
0.0389 0.1558 0.4734 0.3319 
0.5766 0.0037 0.3848 0.0349 
0.0080 0.3136 0.6558 0.0226 
0.0114 0.8213 0.0326 0.1346 
0.0423 0.7407 0.0203 0.1967 
0.6015 0.0815 0.1078 0.2093 
0.4448 0.1509 0.1538 0.2504 
0.0778 0.4288 0.1338 0.3596 

MOTIF filter17 
letter-probability matrix: alength= 4 w= 16 nsites= 16 
0.2479 0.2137 0.2845 0.2539 
0.2348 0.2117 0.2945 0.2589 
0.2388 0.2238 0.2980 0.2393 
0.3437 0.0442 0.5650 0.0472 
0.3216 0.0005 0.6006 0.0773 
0.3537 0.0085 0.6367 0.0010 
0.1796 0.0140 0.8048 0.0015 
0.0753 0.0135 0.8430 0.0682 
0.1912 0.3216 0.2920 0.1952 
0.0452 0.0432 0.8956 0.0161 
0.0316 0.1054 0.8465 0.0166 
0.2092 0.0517 0.6919 0.0472 
0.1987 0.0748 0.7140 0.0125 
0.2002 0.4034 0.3101 0.0863 
0.2158 0.2890 0.2915 0.2037 
0.2539 0.2699 0.2604 0.2158 

MOTIF filter18 
letter-probability matrix: alength= 4 w= 18 nsites= 18 
0.2381 0.2750 0.2404 0.2465 
0.2643 0.2103 0.2966 0.2288 
0.2196 0.1433 0.1002 0.5370 
0.0362 0.0609 0.6402 0.2627 
0.2242 0.5462 0.0478 0.1818 
0.0131 0.9561 0.0039 0.0270 
0.0069 0.9361 0.0231 0.0339 
0.3991 0.2735 0.1533 0.1741 
0.0270 0.0000 0.4630 0.5100 
0.5747 0.2704 0.1549 0.0000 
0.0000 0.4276 0.0647 0.5077 
0.4407 0.5216 0.0285 0.0092 
0.1988 0.3752 0.0015 0.4245 
0.0162 0.2334 0.7042 0.0462 
0.0716 0.1032 0.7758 0.0493 
0.2720 0.1109 0.3652 0.2519 
0.2727 0.5077 0.1425 0.0770 
0.5663 0.0824 0.1032 0.2481 

MOTIF filter19 
letter-probability matrix: alength= 4 w= 14 nsites= 14 
0.3717 0.1674 0.2464 0.2146 
0.3013 0.1845 0.3159 0.1983 
0.1519 0.3674 0.2515 0.2292 
0.6807 0.1725 0.0584 0.0884 
0.1528 0.0000 0.0197 0.8275 
0.8575 0.0026 0.0927 0.0472 
0.0000 0.3107 0.6893 0.0000 
0.0000 0.4403 0.5597 0.0000 
0.2567 0.0506 0.0000 0.6927 
0.7082 0.1210 0.0000 0.1708 
0.0060 0.3708 0.0661 0.5571 
0.1751 0.1948 0.5888 0.0412 
0.1313 0.2738 0.2506 0.3442 
0.1948 0.1966 0.3476 0.2609 

MOTIF filter20 
letter-probability matrix: alength= 4 w= 14 nsites= 14 
0.4064 0.0342 0.4238 0.1357 
0.3235 0.2281 0.0539 0.3945 
0.1951 0.5564 0.1081 0.1404 
0.4969 0.0078 0.4582 0.0371 
0.1763 0.1320 0.0420 0.6496 
0.0130 0.4603 0.5210 0.0057 
0.6093 0.2212 0.0661 0.1034 
0.0105 0.3225 0.0801 0.5869 
0.0441 0.4606 0.4727 0.0225 
0.4282 0.0338 0.3508 0.1872 
0.0310 0.4071 0.0600 0.5019 
0.2335 0.2323 0.3556 0.1786 
0.2778 0.1817 0.2556 0.2849 
0.1750 0.3009 0.0873 0.4368 

MOTIF filter21 
letter-probability matrix: alength= 4 w= 13 nsites= 13 
0.2567 0.1933 0.2645 0.2855 
0.2386 0.1860 0.3342 0.2412 
0.0584 0.3466 0.3744 0.2207 
0.0022 0.4199 0.4929 0.0850 
0.0115 0.4549 0.5327 0.0008 
0.3528 0.0041 0.3372 0.3060 
0.0804 0.3375 0.3911 0.1909 
0.3658 0.4422 0.0092 0.1828 
0.6190 0.0257 0.3553 0.0000 
0.0000 0.3434 0.6549 0.0018 
0.2967 0.3109 0.0337 0.3587 
0.2956 0.2670 0.2306 0.2068 
0.2512 0.2492 0.2425 0.2571 

MOTIF filter22 
letter-probability matrix: alength= 4 w= 16 nsites= 16 
0.2524 0.2925 0.2366 0.2184 
0.2913 0.2399 0.3335 0.1353 
0.1941 0.0904 0.2188 0.4968 
0.2245 0.0656 0.6471 0.0628 
0.4773 0.0636 0.1167 0.3424 
0.2350 0.1021 0.6540 0.0089 
0.4899 0.0369 0.1588 0.3144 
0.0377 0.7342 0.0511 0.1771 
0.7723 0.0000 0.0288 0.1989 
0.0012 0.9145 0.0077 0.0766 
0.2192 0.0239 0.7261 0.0308 
0.0652 0.1592 0.1896 0.5859 
0.2087 0.0442 0.6767 0.0705 
0.3282 0.2504 0.2314 0.1900 
0.1921 0.2929 0.1835 0.3314 
0.2832 0.2395 0.2650 0.2123 

MOTIF filter23 
letter-probability matrix: alength= 4 w= 15 nsites= 15 
0.0667 0.1667 0.3667 0.4000 
0.2333 0.5000 0.2333 0.0333 
0.5667 0.1333 0.0667 0.2333 
0.0667 0.0667 0.6667 0.2000 
0.0333 0.7333 0.0000 0.2333 
0.4000 0.0000 0.6000 0.0000 
0.0000 1.0000 0.0000 0.0000 
1.0000 0.0000 0.0000 0.0000 
0.0000 0.0000 0.0000 1.0000 
0.0000 0.9000 0.0000 0.1000 
0.0000 0.3000 0.0000 0.7000 
0.2667 0.0333 0.7000 0.0000 
0.4667 0.0667 0.2000 0.2667 
0.3333 0.1667 0.2333 0.2667 
0.1333 0.4000 0.1000 0.3667 

MOTIF filter24 
letter-probability matrix: alength= 4 w= 14 nsites= 14 
0.0805 0.2149 0.4974 0.2072 
0.3768 0.2682 0.2711 0.0838 
0.1453 0.4793 0.3187 0.0567 
0.0010 0.9686 0.0305 0.0000 
0.4898 0.3202 0.0043 0.1858 
0.4426 0.0238 0.1101 0.4235 
0.9662 0.0000 0.0010 0.0329 
0.0567 0.0000 0.0000 0.9433 
0.4755 0.1586 0.0338 0.3321 
0.2558 0.0024 0.3263 0.4154 
0.0033 0.0257 0.9690 0.0019 
0.0915 0.2463 0.5384 0.1239 
0.1405 0.1410 0.3521 0.3664 
0.1682 0.4678 0.2635 0.1005 

MOTIF filter25 
letter-probability matrix: alength= 4 w= 13 nsites= 13 
0.2704 0.2270 0.1511 0.3515 
0.3825 0.0634 0.4554 0.0987 
0.0634 0.2262 0.1503 0.5601 
0.0007 0.0015 0.0052 0.9926 
0.1422 0.4134 0.3972 0.0472 
0.4945 0.4731 0.0081 0.0243 
0.0656 0.0228 0.8799 0.0317 
0.0413 0.8762 0.0000 0.0825 
0.9713 0.0052 0.0000 0.0236 
0.8187 0.0508 0.0317 0.0987 
0.2454 0.1540 0.0796 0.5210 
0.3655 0.1511 0.1349 0.3486 
0.2631 0.1960 0.1592 0.3817 

MOTIF filter26 
letter-probability matrix: alength= 4 w= 15 nsites= 15 
0.2600 0.2649 0.2150 0.2600 
0.3017 0.2314 0.2412 0.2257 
0.1333 0.2698 0.1423 0.4546 
0.0000 0.0000 0.0000 1.0000 
0.0000 0.0000 0.0123 0.9877 
0.0760 0.9231 0.0000 0.0008 
0.0155 0.7899 0.0000 0.1946 
0.2306 0.2208 0.2976 0.2510 
0.2159 0.0041 0.7686 0.0114 
0.0106 0.0074 0.8831 0.0989 
0.8872 0.0597 0.0262 0.0270 
0.9379 0.0319 0.0082 0.0221 
0.4767 0.1415 0.2200 0.1619 
0.2486 0.2657 0.2322 0.2535 
0.2494 0.2396 0.2494 0.2617 

MOTIF filter27 
letter-probability matrix: alength= 4 w= 15 nsites= 15 
0.2496 0.1397 0.2572 0.3536 
0.4033 0.2753 0.2092 0.1122 
0.2221 0.0941 0.0748 0.6090 
0.0532 0.0503 0.8364 0.0602 
0.5821 0.3331 0.0380 0.0468 
0.0345 0.0596 0.4243 0.4816 
0.0000 0.0000 0.5091 0.4909 
0.5658 0.4342 0.0000 0.0000 
0.7358 0.2051 0.0503 0.0088 
0.0205 0.0269 0.4331 0.5196 
0.0362 0.8165 0.0327 0.1146 
0.6651 0.0298 0.1555 0.1496 
0.1128 0.2344 0.4307 0.2221 
0.3776 0.2081 0.1607 0.2537 
0.2466 0.1800 0.1473 0.4261 

MOTIF filter28 
letter-probability matrix: alength= 4 w= 15 nsites= 15 
0.2510 0.1827 0.3102 0.2560 
0.2169 0.3514 0.2380 0.1938 
0.3454 0.3775 0.2761 0.0010 
0.0090 0.0080 0.0833 0.8996 
0.0030 0.0000 0.0833 0.9137 
0.3554 0.0000 0.6054 0.0392 
0.0000 0.7952 0.0141 0.1908 
0.1355 0.0000 0.8624 0.0020 
0.1175 0.5361 0.0000 0.3464 
0.8805 0.0602 0.0442 0.0151 
0.9769 0.0030 0.0201 0.0000 
0.0000 0.4789 0.0873 0.4337 
0.1697 0.3373 0.3454 0.1476 
0.2028 0.2641 0.3102 0.2229 
0.2440 0.2400 0.2972 0.2189 

MOTIF filter29 
letter-probability matrix: alength= 4 w= 12 nsites= 12 
0.1945 0.2776 0.2761 0.2518 
0.2291 0.2043 0.2224 0.3442 
0.1049 0.2445 0.3398 0.3108 
0.1467 0.6432 0.0408 0.1693 
0.3368 0.4360 0.1596 0.0676 
0.0499 0.6572 0.2479 0.0450 
0.0323 0.0122 0.9487 0.0068 
0.1330 0.2114 0.1613 0.4943 
0.4603 0.0202 0.5146 0.0049 
0.1378 0.5246 0.1310 0.2065 
0.2640 0.1061 0.3427 0.2872 
0.2433 0.2612 0.2108 0.2847 

MOTIF filter30 
letter-probability matrix: alength= 4 w= 15 nsites= 15 
0.2093 0.1844 0.4187 0.1876 
0.1627 0.6269 0.1291 0.0813 
0.1302 0.5130 0.2256 0.1312 
0.7321 0.0597 0.1800 0.0282 
0.1573 0.0033 0.0076 0.8319 
0.2207 0.2072 0.1800 0.3921 
0.1600 0.0911 0.3433 0.4056 
0.0011 0.8069 0.0000 0.1920 
0.1470 0.0081 0.7977 0.0472 
0.0331 0.2099 0.6502 0.1068 
0.4772 0.4930 0.0136 0.0163 
0.7885 0.0960 0.0320 0.0835 
0.0992 0.2028 0.3487 0.3492 
0.2918 0.2462 0.1855 0.2766 
0.3265 0.1600 0.2305 0.2831 

MOTIF filter31 
letter-probability matrix: alength= 4 w= 13 nsites= 13 
0.1921 0.2500 0.2226 0.3354 
0.1524 0.2957 0.3476 0.2043 
0.0610 0.1311 0.6250 0.1829 
0.8811 0.0000 0.1189 0.0000 
0.7012 0.0000 0.2988 0.0000 
0.0000 0.0091 0.0000 0.9909 
0.5213 0.4268 0.0000 0.0518 
0.0000 0.0061 0.9878 0.0061 
0.0122 0.9146 0.0000 0.0732 
0.0030 0.3110 0.5274 0.1585 
0.0915 0.4207 0.3720 0.1159 
0.5030 0.1220 0.2652 0.1098 
0.3049 0.2256 0.2774 0.1921 

