MEME version 4

ALPHABET= ACGT

Background letter frequencies:
A 0.2500 C 0.2500 G 0.2500 T 0.2500 

MOTIF filter0 
letter-probability matrix: alength= 4 w= 17 nsites= 17 
0.3228 0.1376 0.1587 0.3810 
0.2557 0.1993 0.2099 0.3351 
0.1623 0.1534 0.0970 0.5873 
0.1076 0.1217 0.6490 0.1217 
0.2310 0.7019 0.0459 0.0212 
0.0935 0.0564 0.0071 0.8430 
0.1005 0.0247 0.7795 0.0952 
0.9347 0.0071 0.0159 0.0423 
0.0917 0.3704 0.4198 0.1182 
0.0194 0.0176 0.0123 0.9506 
0.0635 0.8413 0.0053 0.0899 
0.8430 0.0035 0.0494 0.1041 
0.0423 0.0300 0.7531 0.1746 
0.1199 0.7055 0.0670 0.1076 
0.6349 0.0864 0.1287 0.1499 
0.3122 0.2134 0.1922 0.2822 
0.3880 0.1287 0.1164 0.3668 

MOTIF filter1 
letter-probability matrix: alength= 4 w= 13 nsites= 13 
0.1574 0.3642 0.2216 0.2568 
0.2454 0.2929 0.3462 0.1155 
0.2981 0.2744 0.3547 0.0728 
0.0019 0.5739 0.0133 0.4108 
0.0000 0.5635 0.4299 0.0067 
0.6957 0.0476 0.2168 0.0399 
0.1360 0.1151 0.1117 0.6372 
0.0300 0.0029 0.0109 0.9563 
0.0005 0.1764 0.8231 0.0000 
0.2601 0.0157 0.7233 0.0010 
0.0747 0.4199 0.0637 0.4417 
0.1141 0.3695 0.2263 0.2901 
0.2668 0.3462 0.2872 0.0999 

MOTIF filter2 
letter-probability matrix: alength= 4 w= 10 nsites= 10 
0.1985 0.2143 0.2455 0.3417 
0.2251 0.1187 0.2832 0.3730 
0.1577 0.3572 0.1827 0.3023 
0.0649 0.7180 0.2171 0.0000 
0.0037 0.2824 0.3052 0.4086 
0.4539 0.0509 0.4943 0.0010 
0.0000 0.0201 0.9771 0.0028 
0.1601 0.0716 0.3650 0.4033 
0.4681 0.3355 0.0264 0.1699 
0.4408 0.2311 0.2426 0.0855 

MOTIF filter3 
letter-probability matrix: alength= 4 w= 12 nsites= 12 
0.2414 0.2624 0.2444 0.2518 
0.2664 0.2520 0.2826 0.1990 
0.1569 0.4871 0.1336 0.2223 
0.0603 0.6453 0.2885 0.0060 
0.1439 0.2102 0.0054 0.6405 
0.0190 0.9237 0.0000 0.0573 
0.4721 0.0045 0.5234 0.0000 
0.3470 0.2761 0.1081 0.2688 
0.0000 0.5064 0.4320 0.0617 
0.2599 0.2816 0.2437 0.2148 
0.2368 0.2422 0.2662 0.2549 
0.2407 0.2813 0.2235 0.2545 

MOTIF filter4 
letter-probability matrix: alength= 4 w= 14 nsites= 14 
0.2336 0.2623 0.2602 0.2439 
0.2449 0.2613 0.2490 0.2449 
0.5031 0.1270 0.3443 0.0256 
0.0000 0.0000 0.0000 1.0000 
0.0000 0.0000 0.0502 0.9498 
0.2869 0.0000 0.6332 0.0799 
0.0082 0.8965 0.0072 0.0881 
0.0963 0.0010 0.8914 0.0113 
0.0861 0.6609 0.0000 0.2531 
0.9580 0.0420 0.0000 0.0000 
0.9990 0.0000 0.0010 0.0000 
0.0143 0.3525 0.1496 0.4836 
0.2623 0.2531 0.2807 0.2039 
0.2387 0.2172 0.2736 0.2705 

MOTIF filter5 
letter-probability matrix: alength= 4 w= 12 nsites= 12 
0.2719 0.2806 0.2468 0.2007 
0.2627 0.2633 0.2412 0.2328 
0.2588 0.2169 0.3345 0.1898 
0.6535 0.0235 0.0879 0.2351 
0.0017 0.1390 0.0042 0.8551 
0.0014 0.1642 0.1354 0.6991 
0.7116 0.0489 0.2300 0.0095 
0.9590 0.0248 0.0142 0.0020 
0.0960 0.0000 0.0003 0.9037 
0.1315 0.4500 0.1164 0.3021 
0.3875 0.1963 0.2259 0.1904 
0.2021 0.2406 0.3889 0.1683 

MOTIF filter6 
letter-probability matrix: alength= 4 w= 14 nsites= 14 
0.2400 0.2716 0.2952 0.1933 
0.3516 0.1565 0.3374 0.1544 
0.3395 0.0604 0.3685 0.2317 
0.0062 0.9023 0.0498 0.0417 
0.1524 0.4908 0.1099 0.2470 
0.5610 0.0477 0.3789 0.0124 
0.7987 0.0456 0.1557 0.0000 
0.0000 0.2928 0.0171 0.6901 
0.0057 0.5387 0.0637 0.3918 
0.4618 0.0314 0.4452 0.0617 
0.1542 0.0316 0.8142 0.0000 
0.2037 0.2830 0.0938 0.4195 
0.2003 0.2783 0.2218 0.2996 
0.2026 0.2651 0.2537 0.2786 

MOTIF filter7 
letter-probability matrix: alength= 4 w= 13 nsites= 13 
0.1934 0.2631 0.1819 0.3615 
0.1954 0.1799 0.5366 0.0881 
0.2674 0.4551 0.1624 0.1151 
0.2485 0.6692 0.0818 0.0006 
0.0330 0.1653 0.0393 0.7624 
0.1148 0.5466 0.3386 0.0000 
0.2055 0.1492 0.6448 0.0006 
0.0006 0.8433 0.0763 0.0798 
0.0376 0.5311 0.0023 0.4290 
0.0083 0.7848 0.1188 0.0881 
0.3610 0.3879 0.1159 0.1352 
0.1363 0.4321 0.1954 0.2362 
0.2468 0.3549 0.0846 0.3136 

MOTIF filter8 
letter-probability matrix: alength= 4 w= 18 nsites= 18 
0.3613 0.1487 0.1795 0.3106 
0.2927 0.2732 0.2391 0.1950 
0.2639 0.1815 0.2371 0.3175 
0.1258 0.0629 0.7010 0.1103 
0.1732 0.6699 0.0781 0.0788 
0.2113 0.0950 0.1944 0.4993 
0.3765 0.1126 0.4947 0.0162 
0.5679 0.2503 0.0050 0.1768 
0.2695 0.1493 0.3811 0.2000 
0.4454 0.1401 0.2897 0.1248 
0.2930 0.0146 0.0046 0.6877 
0.0172 0.1523 0.0066 0.8238 
0.3146 0.0354 0.3659 0.2841 
0.0828 0.0142 0.7772 0.1258 
0.1000 0.6599 0.0464 0.1937 
0.3444 0.2331 0.1795 0.2430 
0.1500 0.2285 0.4679 0.1536 
0.2262 0.4232 0.1616 0.1891 

MOTIF filter9 
letter-probability matrix: alength= 4 w= 15 nsites= 15 
0.1853 0.1693 0.0691 0.5763 
0.0889 0.1633 0.3725 0.3753 
0.3599 0.2019 0.1655 0.2726 
0.1090 0.6759 0.1966 0.0185 
0.0119 0.5644 0.1193 0.3043 
0.2107 0.2393 0.3728 0.1771 
0.4403 0.0101 0.3094 0.2403 
0.2663 0.0459 0.6878 0.0000 
0.0088 0.1036 0.0003 0.8872 
0.6344 0.2786 0.0302 0.0568 
0.5641 0.1269 0.0678 0.2412 
0.0220 0.1175 0.7924 0.0682 
0.1643 0.2205 0.4793 0.1360 
0.2494 0.1137 0.1793 0.4576 
0.1680 0.5097 0.1234 0.1988 

MOTIF filter10 
letter-probability matrix: alength= 4 w= 11 nsites= 11 
0.2125 0.2770 0.2983 0.2122 
0.1905 0.3286 0.2527 0.2283 
0.0701 0.1934 0.2676 0.4689 
0.4163 0.1111 0.4726 0.0000 
0.0301 0.3484 0.0000 0.6215 
0.1030 0.6670 0.0000 0.2299 
0.5291 0.0192 0.3233 0.1284 
0.2773 0.0127 0.6812 0.0288 
0.2372 0.0826 0.3244 0.3559 
0.0000 0.2620 0.3029 0.4351 
0.2961 0.2217 0.2759 0.2063 

MOTIF filter11 
letter-probability matrix: alength= 4 w= 16 nsites= 16 
0.3153 0.2538 0.2624 0.1685 
0.2354 0.2430 0.2851 0.2365 
0.2300 0.0616 0.5022 0.2063 
0.0054 0.4428 0.0011 0.5508 
0.0000 0.0000 0.4665 0.5335 
1.0000 0.0000 0.0000 0.0000 
0.0605 0.3002 0.2840 0.3553 
0.1447 0.0022 0.0000 0.8531 
0.2268 0.5454 0.0000 0.2279 
0.8963 0.0011 0.0000 0.1026 
0.0000 0.1674 0.0281 0.8045 
0.8110 0.0929 0.0454 0.0508 
0.1620 0.0605 0.6825 0.0950 
0.3952 0.3024 0.1134 0.1890 
0.1793 0.3110 0.2905 0.2192 
0.2300 0.2073 0.2937 0.2689 

MOTIF filter12 
letter-probability matrix: alength= 4 w= 16 nsites= 16 
0.2259 0.2065 0.1798 0.3878 
0.1593 0.2973 0.2977 0.2456 
0.2243 0.4034 0.1966 0.1757 
0.0612 0.6989 0.1627 0.0772 
0.0494 0.8270 0.0681 0.0555 
0.4335 0.1479 0.2829 0.1357 
0.0027 0.7684 0.1665 0.0624 
0.1757 0.6308 0.1281 0.0654 
0.0167 0.1411 0.4840 0.3582 
0.0395 0.5631 0.3935 0.0038 
0.1144 0.7034 0.0053 0.1768 
0.0886 0.1624 0.6943 0.0548 
0.0103 0.3654 0.5947 0.0297 
0.1194 0.2913 0.2304 0.3589 
0.1536 0.3715 0.3426 0.1323 
0.2392 0.3669 0.1958 0.1981 

MOTIF filter13 
letter-probability matrix: alength= 4 w= 12 nsites= 12 
0.3027 0.2362 0.2061 0.2549 
0.2728 0.1727 0.2873 0.2672 
0.3619 0.1377 0.2646 0.2357 
0.4145 0.0417 0.5308 0.0130 
0.0320 0.4464 0.4398 0.0817 
0.1134 0.0738 0.8128 0.0000 
0.0000 0.1376 0.7859 0.0764 
0.1077 0.6547 0.0004 0.2373 
0.0003 0.0631 0.6827 0.2539 
0.2711 0.1324 0.5006 0.0960 
0.3401 0.1903 0.3131 0.1564 
0.3403 0.2058 0.2395 0.2144 

MOTIF filter14 
letter-probability matrix: alength= 4 w= 11 nsites= 11 
0.2507 0.2327 0.3220 0.1947 
0.3071 0.2115 0.2487 0.2327 
0.3406 0.0999 0.2627 0.2968 
0.0083 0.0662 0.7833 0.1422 
0.5218 0.0013 0.0840 0.3930 
0.0048 0.1320 0.8603 0.0029 
0.2768 0.2990 0.0017 0.4225 
0.1520 0.7152 0.0001 0.1326 
0.4160 0.1333 0.1427 0.3080 
0.2220 0.2962 0.1508 0.3310 
0.2571 0.2449 0.2093 0.2887 

MOTIF filter15 
letter-probability matrix: alength= 4 w= 12 nsites= 12 
0.1543 0.3617 0.3085 0.1755 
0.2287 0.1064 0.3138 0.3511 
0.3351 0.3457 0.3191 0.0000 
0.0000 1.0000 0.0000 0.0000 
0.0000 0.0000 0.9894 0.0106 
0.0000 0.0000 0.8404 0.1596 
0.5213 0.4787 0.0000 0.0000 
0.1117 0.8883 0.0000 0.0000 
0.0000 0.0000 1.0000 0.0000 
0.0000 0.2606 0.3191 0.4202 
0.3138 0.1968 0.2872 0.2021 
0.1596 0.2713 0.3777 0.1915 

MOTIF filter16 
letter-probability matrix: alength= 4 w= 11 nsites= 11 
0.2752 0.2210 0.2608 0.2430 
0.3638 0.0320 0.2785 0.3257 
0.3936 0.3343 0.0380 0.2342 
0.0981 0.0023 0.8879 0.0116 
0.1832 0.2714 0.4579 0.0875 
0.0250 0.0000 0.0000 0.9750 
0.2189 0.2446 0.3194 0.2171 
0.0822 0.6303 0.0000 0.2875 
0.1499 0.2324 0.4392 0.1785 
0.2636 0.2926 0.2213 0.2225 
0.2364 0.2694 0.2476 0.2466 

MOTIF filter17 
letter-probability matrix: alength= 4 w= 14 nsites= 14 
0.2495 0.3711 0.2642 0.1152 
0.1572 0.4287 0.3016 0.1124 
0.3263 0.0475 0.3062 0.3199 
0.1755 0.0338 0.0283 0.7623 
0.2797 0.2486 0.0530 0.4186 
0.0000 0.9104 0.0027 0.0868 
0.2358 0.6572 0.0000 0.1069 
0.1472 0.0411 0.0192 0.7925 
0.1188 0.1344 0.7303 0.0165 
0.0027 0.0018 0.9241 0.0713 
0.5932 0.0649 0.1837 0.1581 
0.7532 0.1188 0.0210 0.1069 
0.5695 0.0256 0.2770 0.1280 
0.2038 0.2569 0.3428 0.1965 

MOTIF filter18 
letter-probability matrix: alength= 4 w= 12 nsites= 12 
0.2153 0.2276 0.2454 0.3118 
0.1271 0.4425 0.2872 0.1432 
0.4169 0.0414 0.3780 0.1638 
0.0431 0.8285 0.1276 0.0007 
0.2263 0.1338 0.0665 0.5735 
0.0834 0.4892 0.0188 0.4086 
0.1149 0.7292 0.1253 0.0306 
0.1357 0.5052 0.1774 0.1817 
0.0067 0.0551 0.9262 0.0120 
0.4240 0.1459 0.2177 0.2124 
0.3606 0.2110 0.1548 0.2736 
0.1737 0.2455 0.2552 0.3256 

MOTIF filter19 
letter-probability matrix: alength= 4 w= 15 nsites= 15 
0.2657 0.1700 0.3099 0.2545 
0.3070 0.0995 0.5146 0.0789 
0.1305 0.0423 0.3869 0.4404 
0.0648 0.0019 0.9174 0.0160 
0.5634 0.0000 0.4366 0.0000 
0.0019 0.1465 0.8498 0.0019 
0.0000 0.0000 0.7239 0.2761 
0.0732 0.6103 0.2770 0.0394 
0.4939 0.0357 0.4676 0.0028 
0.0056 0.2160 0.6479 0.1305 
0.0751 0.0338 0.8235 0.0676 
0.1296 0.0826 0.6845 0.1033 
0.1540 0.3033 0.4207 0.1221 
0.2394 0.2469 0.3624 0.1512 
0.2113 0.3061 0.3136 0.1690 

MOTIF filter20 
letter-probability matrix: alength= 4 w= 15 nsites= 15 
0.2326 0.3243 0.2550 0.1881 
0.2528 0.3505 0.1945 0.2023 
0.1367 0.3289 0.2106 0.3239 
0.0092 0.2546 0.0771 0.6592 
0.0096 0.0606 0.1587 0.7711 
0.0271 0.9656 0.0000 0.0073 
0.0032 0.9431 0.0018 0.0518 
0.0748 0.7083 0.0940 0.1229 
0.2248 0.1445 0.5165 0.1142 
0.0000 0.1119 0.7775 0.1106 
0.6436 0.2839 0.0110 0.0615 
0.6376 0.2229 0.0239 0.1156 
0.3303 0.3064 0.1729 0.1904 
0.1583 0.4000 0.1509 0.2908 
0.2330 0.2853 0.2115 0.2702 

MOTIF filter21 
letter-probability matrix: alength= 4 w= 15 nsites= 15 
0.4131 0.1219 0.1634 0.3016 
0.4343 0.1504 0.2558 0.1595 
0.3254 0.1959 0.0646 0.4141 
0.1082 0.1068 0.0487 0.7363 
0.1061 0.1140 0.5159 0.2641 
0.1219 0.6219 0.0696 0.1865 
0.0386 0.2915 0.0988 0.5711 
0.1006 0.0761 0.5974 0.2258 
0.1641 0.0783 0.6281 0.1295 
0.0065 0.6706 0.3113 0.0115 
0.6789 0.0859 0.0667 0.1685 
0.3427 0.0115 0.6006 0.0451 
0.2002 0.5141 0.2161 0.0696 
0.6003 0.0949 0.1847 0.1201 
0.4762 0.1198 0.1468 0.2572 

MOTIF filter22 
letter-probability matrix: alength= 4 w= 12 nsites= 12 
0.3726 0.2128 0.3010 0.1136 
0.2748 0.1977 0.3655 0.1620 
0.2500 0.2901 0.2975 0.1623 
0.1673 0.0554 0.0000 0.7772 
0.7263 0.0460 0.2058 0.0220 
0.0000 0.9991 0.0009 0.0000 
0.1326 0.4364 0.1941 0.2370 
0.2072 0.2008 0.2782 0.3137 
0.1391 0.0034 0.2594 0.5981 
0.3334 0.1664 0.3049 0.1953 
0.0000 0.3116 0.2916 0.3968 
0.3829 0.1757 0.1754 0.2660 

MOTIF filter23 
letter-probability matrix: alength= 4 w= 13 nsites= 13 
0.3635 0.2573 0.3792 0.0000 
0.2630 0.1923 0.1314 0.4133 
0.4187 0.1664 0.2631 0.1518 
0.6329 0.0345 0.1349 0.1977 
0.0270 0.0299 0.8950 0.0481 
0.2564 0.0700 0.3181 0.3555 
0.0000 0.5564 0.4390 0.0046 
0.5984 0.1215 0.0058 0.2743 
0.5248 0.1736 0.0685 0.2331 
0.0813 0.2884 0.0034 0.6269 
0.1995 0.2015 0.2439 0.3552 
0.2621 0.3133 0.1095 0.3151 
0.2145 0.1941 0.1813 0.4100 

MOTIF filter24 
letter-probability matrix: alength= 4 w= 11 nsites= 11 
0.3344 0.3408 0.2708 0.0540 
0.2189 0.1353 0.3206 0.3252 
0.1854 0.2023 0.3463 0.2660 
0.3751 0.0001 0.1387 0.4861 
0.0550 0.5530 0.0016 0.3904 
0.0000 0.0000 1.0000 0.0000 
0.3191 0.0387 0.0000 0.6422 
0.2881 0.6967 0.0151 0.0000 
0.2330 0.1054 0.2965 0.3651 
0.2187 0.2720 0.1994 0.3099 
0.2073 0.2715 0.2018 0.3194 

MOTIF filter25 
letter-probability matrix: alength= 4 w= 14 nsites= 14 
0.1644 0.3296 0.0807 0.4252 
0.4444 0.1704 0.3252 0.0600 
0.1896 0.0081 0.2904 0.5119 
0.2081 0.6793 0.0674 0.0452 
0.0074 0.1904 0.1407 0.6615 
0.8822 0.0000 0.1178 0.0000 
0.0007 0.0052 0.0067 0.9874 
0.4711 0.3296 0.1333 0.0659 
0.0319 0.0756 0.6274 0.2652 
0.5570 0.1696 0.0007 0.2726 
0.0274 0.3274 0.0178 0.6274 
0.5489 0.1200 0.2267 0.1044 
0.1785 0.1237 0.5089 0.1889 
0.2719 0.3185 0.1185 0.2911 

MOTIF filter26 
letter-probability matrix: alength= 4 w= 12 nsites= 12 
0.2673 0.1595 0.3127 0.2605 
0.0743 0.3604 0.2469 0.3184 
0.0948 0.5953 0.1930 0.1169 
0.4421 0.0000 0.4603 0.0976 
0.0227 0.1725 0.8048 0.0000 
0.3343 0.0000 0.0000 0.6657 
0.9966 0.0000 0.0000 0.0034 
0.0000 0.7123 0.2877 0.0000 
0.0114 0.3956 0.0000 0.5931 
0.1941 0.1266 0.5942 0.0851 
0.1425 0.3383 0.2423 0.2770 
0.2123 0.3076 0.2594 0.2208 

MOTIF filter27 
letter-probability matrix: alength= 4 w= 13 nsites= 13 
0.2463 0.2562 0.2686 0.2290 
0.2290 0.3100 0.3224 0.1386 
0.1968 0.1064 0.2537 0.4431 
0.0557 0.4944 0.4053 0.0446 
0.6912 0.2506 0.0582 0.0000 
0.0000 0.9988 0.0000 0.0012 
0.2017 0.1238 0.0179 0.6566 
0.1002 0.2834 0.1423 0.4740 
0.5749 0.0000 0.4251 0.0000 
0.0000 0.9480 0.0099 0.0421 
0.3379 0.0000 0.3304 0.3317 
0.0260 0.5606 0.1937 0.2197 
0.2803 0.2692 0.2141 0.2364 

MOTIF filter28 
letter-probability matrix: alength= 4 w= 17 nsites= 17 
0.3106 0.2349 0.2126 0.2419 
0.2498 0.1640 0.1920 0.3941 
0.1019 0.1229 0.4388 0.3364 
0.1308 0.7161 0.0612 0.0919 
0.0004 0.5293 0.0490 0.4213 
0.4668 0.5214 0.0061 0.0057 
0.3075 0.0022 0.1194 0.5709 
0.5941 0.0245 0.0761 0.3053 
0.6409 0.0017 0.1995 0.1579 
0.4309 0.0297 0.0031 0.5363 
0.5451 0.0140 0.0074 0.4335 
0.6422 0.0472 0.0402 0.2703 
0.0022 0.0214 0.6951 0.2813 
0.3889 0.2240 0.3705 0.0166 
0.0761 0.1614 0.6426 0.1199 
0.2760 0.4856 0.1019 0.1365 
0.3561 0.2292 0.1277 0.2870 

MOTIF filter29 
letter-probability matrix: alength= 4 w= 14 nsites= 14 
0.1673 0.5032 0.1786 0.1509 
0.2705 0.2783 0.2861 0.1651 
0.1644 0.1032 0.5744 0.1580 
0.0847 0.7281 0.1039 0.0833 
0.0135 0.9445 0.0128 0.0292 
0.9715 0.0014 0.0021 0.0249 
0.4498 0.0078 0.1167 0.4256 
0.1829 0.2562 0.2719 0.2890 
0.3907 0.1317 0.0221 0.4555 
0.0577 0.0278 0.0014 0.9132 
0.0242 0.0591 0.8954 0.0214 
0.1331 0.1431 0.6313 0.0925 
0.1302 0.5509 0.1146 0.2043 
0.1715 0.2868 0.2754 0.2662 

MOTIF filter30 
letter-probability matrix: alength= 4 w= 12 nsites= 12 
0.2522 0.2564 0.2549 0.2365 
0.3668 0.1745 0.3045 0.1541 
0.2407 0.3265 0.3073 0.1255 
0.0858 0.8995 0.0000 0.0147 
0.9443 0.0102 0.0454 0.0000 
0.0512 0.6924 0.1333 0.1231 
0.1125 0.1231 0.7216 0.0427 
0.0027 0.0108 0.0033 0.9831 
0.0057 0.0000 0.9275 0.0668 
0.1640 0.2519 0.3497 0.2344 
0.1923 0.2952 0.1715 0.3410 
0.2380 0.2401 0.2669 0.2549 

MOTIF filter31 
letter-probability matrix: alength= 4 w= 12 nsites= 12 
0.2388 0.2883 0.2870 0.1860 
0.2172 0.3186 0.2103 0.2539 
0.1993 0.3352 0.1938 0.2718 
0.0000 0.3439 0.6552 0.0009 
0.4582 0.0000 0.0000 0.5418 
0.1377 0.0028 0.5620 0.2975 
0.0005 0.9972 0.0000 0.0023 
0.7810 0.0000 0.1455 0.0735 
0.0110 0.9242 0.0262 0.0386 
0.2140 0.1345 0.3274 0.3242 
0.2769 0.4518 0.0634 0.2080 
0.1208 0.4118 0.2415 0.2259 

