MEME version 4

ALPHABET= ACGT

Background letter frequencies:
A 0.2500 C 0.2500 G 0.2500 T 0.2500 

MOTIF filter0 
letter-probability matrix: alength= 4 w= 16 nsites= 16 
0.2757 0.2941 0.1912 0.2390 
0.2647 0.3235 0.2059 0.2059 
0.2390 0.2316 0.2757 0.2537 
0.0000 0.9301 0.0257 0.0441 
0.0000 0.2096 0.0000 0.7904 
0.0037 0.2096 0.7610 0.0257 
1.0000 0.0000 0.0000 0.0000 
0.0000 0.0000 0.0000 1.0000 
0.0000 0.0000 0.0000 1.0000 
0.0000 0.0000 1.0000 0.0000 
0.0000 0.0000 1.0000 0.0000 
0.0184 0.4081 0.0074 0.5662 
0.0074 0.4596 0.0919 0.4412 
0.1985 0.4669 0.3051 0.0294 
0.4632 0.1618 0.3419 0.0331 
0.1507 0.1250 0.2794 0.4449 

MOTIF filter1 
letter-probability matrix: alength= 4 w= 20 nsites= 20 
0.2287 0.2385 0.2664 0.2664 
0.2232 0.2762 0.2734 0.2273 
0.2706 0.2608 0.2245 0.2441 
0.1339 0.0600 0.0251 0.7810 
0.0279 0.0516 0.7127 0.2078 
0.4114 0.4045 0.0739 0.1102 
0.0000 1.0000 0.0000 0.0000 
0.0000 1.0000 0.0000 0.0000 
0.8229 0.0000 0.0028 0.1743 
0.0139 0.0000 0.0000 0.9861 
1.0000 0.0000 0.0000 0.0000 
0.0000 0.0014 0.0014 0.9972 
0.9944 0.0000 0.0000 0.0056 
0.1185 0.0028 0.0000 0.8787 
0.0028 0.0014 0.9958 0.0000 
0.0000 0.0000 0.9986 0.0014 
0.1046 0.0753 0.3849 0.4351 
0.2106 0.6876 0.0795 0.0223 
0.7476 0.0209 0.0586 0.1729 
0.2301 0.2678 0.2441 0.2580 

MOTIF filter2 
letter-probability matrix: alength= 4 w= 16 nsites= 16 
0.2525 0.2736 0.2414 0.2325 
0.2369 0.2647 0.2592 0.2392 
0.1212 0.0612 0.3448 0.4727 
0.0334 0.8665 0.0000 0.1001 
0.0000 0.0011 0.0000 0.9989 
1.0000 0.0000 0.0000 0.0000 
0.2725 0.0000 0.0044 0.7230 
0.4694 0.0000 0.0000 0.5306 
0.5506 0.0000 0.0000 0.4494 
0.6963 0.0033 0.0000 0.3003 
0.0000 0.0000 0.0000 1.0000 
1.0000 0.0000 0.0000 0.0000 
0.1001 0.0000 0.8732 0.0267 
0.4505 0.3637 0.0534 0.1324 
0.2903 0.2269 0.2525 0.2303 
0.2503 0.2725 0.2314 0.2458 

MOTIF filter3 
letter-probability matrix: alength= 4 w= 19 nsites= 19 
0.1689 0.0850 0.0567 0.6894 
0.0357 0.1102 0.6411 0.2130 
0.4050 0.3872 0.0756 0.1322 
0.0031 0.9780 0.0147 0.0042 
0.0010 0.9790 0.0084 0.0115 
0.8290 0.0042 0.0105 0.1563 
0.0273 0.0000 0.0021 0.9706 
0.9843 0.0094 0.0052 0.0010 
0.0000 0.0031 0.0031 0.9937 
0.9780 0.0052 0.0000 0.0168 
0.1679 0.0073 0.0021 0.8227 
0.0042 0.0136 0.9801 0.0021 
0.0010 0.0052 0.9885 0.0052 
0.1133 0.0735 0.3841 0.4292 
0.2298 0.6296 0.0997 0.0409 
0.7051 0.0346 0.0787 0.1815 
0.2518 0.2728 0.2319 0.2434 
0.2298 0.2634 0.2602 0.2466 
0.2476 0.2340 0.2686 0.2497 

MOTIF filter4 
letter-probability matrix: alength= 4 w= 13 nsites= 13 
0.2490 0.2297 0.2636 0.2578 
0.2200 0.1744 0.3983 0.2074 
0.4147 0.2510 0.3343 0.0000 
0.0000 0.0000 0.0000 1.0000 
0.0000 0.0000 0.9612 0.0388 
1.0000 0.0000 0.0000 0.0000 
0.0078 0.4874 0.4709 0.0339 
0.0000 0.0000 0.0000 1.0000 
0.0087 0.9913 0.0000 0.0000 
1.0000 0.0000 0.0000 0.0000 
0.0000 0.3508 0.2335 0.4157 
0.2326 0.3779 0.1570 0.2326 
0.2645 0.2064 0.2762 0.2529 

MOTIF filter5 
letter-probability matrix: alength= 4 w= 13 nsites= 13 
0.2343 0.2597 0.2691 0.2369 
0.2410 0.2570 0.2477 0.2544 
0.5007 0.1272 0.3507 0.0214 
0.0000 0.0000 0.0000 1.0000 
0.0000 0.0000 0.0428 0.9572 
0.3199 0.0000 0.6185 0.0616 
0.0013 0.9465 0.0000 0.0522 
0.0669 0.0027 0.9304 0.0000 
0.0602 0.7349 0.0000 0.2048 
0.9866 0.0134 0.0000 0.0000 
1.0000 0.0000 0.0000 0.0000 
0.0067 0.3762 0.1178 0.4993 
0.2664 0.2664 0.2677 0.1995 

MOTIF filter6 
letter-probability matrix: alength= 4 w= 15 nsites= 15 
0.2583 0.2613 0.2397 0.2407 
0.2436 0.2731 0.2525 0.2308 
0.1169 0.0756 0.3399 0.4676 
0.0481 0.8310 0.0049 0.1159 
0.0010 0.0079 0.0000 0.9912 
0.9971 0.0000 0.0020 0.0010 
0.2859 0.0010 0.0088 0.7043 
0.4578 0.0029 0.0000 0.5393 
0.5491 0.0000 0.0010 0.4499 
0.6817 0.0039 0.0000 0.3143 
0.0059 0.0010 0.0000 0.9931 
0.9853 0.0020 0.0128 0.0000 
0.1110 0.0029 0.8340 0.0521 
0.4411 0.3635 0.0521 0.1434 
0.2701 0.2367 0.2574 0.2358 

MOTIF filter7 
letter-probability matrix: alength= 4 w= 17 nsites= 17 
0.2753 0.2437 0.2500 0.2310 
0.2405 0.2911 0.2373 0.2310 
0.5316 0.0127 0.1456 0.3101 
0.6456 0.0127 0.0443 0.2975 
0.4430 0.0000 0.0285 0.5285 
0.2975 0.1487 0.1266 0.4272 
0.0095 0.0000 0.0000 0.9905 
0.0000 0.0000 1.0000 0.0000 
0.0158 0.9842 0.0000 0.0000 
0.0000 0.0000 0.0000 1.0000 
0.0000 0.0000 0.9905 0.0095 
1.0000 0.0000 0.0000 0.0000 
0.0285 0.4842 0.3291 0.1582 
0.2025 0.1171 0.0411 0.6392 
0.1835 0.4019 0.1171 0.2975 
0.5222 0.0570 0.1962 0.2247 
0.1519 0.0348 0.5538 0.2595 

MOTIF filter8 
letter-probability matrix: alength= 4 w= 13 nsites= 13 
0.2543 0.2469 0.2518 0.2469 
0.2494 0.2372 0.2518 0.2616 
0.2249 0.2763 0.2738 0.2249 
0.2689 0.0513 0.6064 0.0733 
0.1174 0.0000 0.8142 0.0685 
0.2029 0.0000 0.7971 0.0000 
0.0000 0.0000 1.0000 0.0000 
0.0000 0.0000 1.0000 0.0000 
0.3032 0.5379 0.0000 0.1589 
0.0000 0.0000 1.0000 0.0000 
0.0000 0.0000 1.0000 0.0000 
0.1858 0.0000 0.8117 0.0024 
0.1956 0.0147 0.7897 0.0000 

MOTIF filter9 
letter-probability matrix: alength= 4 w= 12 nsites= 12 
0.2417 0.2599 0.2616 0.2368 
0.4282 0.1964 0.2434 0.1320 
0.2269 0.3218 0.3086 0.1427 
0.0008 0.9992 0.0000 0.0000 
0.9926 0.0000 0.0074 0.0000 
0.0000 0.9406 0.0000 0.0594 
0.0792 0.0000 0.9208 0.0000 
0.0017 0.0132 0.0000 0.9851 
0.0000 0.0000 0.9992 0.0008 
0.1625 0.2995 0.3053 0.2327 
0.1609 0.2376 0.1601 0.4414 
0.2351 0.2591 0.2517 0.2541 

MOTIF filter10 
letter-probability matrix: alength= 4 w= 16 nsites= 16 
0.4387 0.2222 0.1567 0.1823 
0.0741 0.3761 0.1111 0.4387 
0.0712 0.3191 0.3846 0.2251 
0.4359 0.1168 0.4473 0.0000 
0.5840 0.0085 0.3675 0.0399 
0.0000 1.0000 0.0000 0.0000 
0.0000 1.0000 0.0000 0.0000 
1.0000 0.0000 0.0000 0.0000 
1.0000 0.0000 0.0000 0.0000 
0.0000 0.0000 0.0000 1.0000 
0.0370 0.7863 0.1766 0.0000 
0.8462 0.0028 0.1510 0.0000 
0.0541 0.0712 0.8689 0.0057 
0.2251 0.2536 0.2507 0.2707 
0.2764 0.1681 0.2707 0.2849 
0.2336 0.2906 0.2222 0.2536 

MOTIF filter11 
letter-probability matrix: alength= 4 w= 14 nsites= 14 
0.2807 0.2404 0.2372 0.2417 
0.1767 0.2255 0.1611 0.4366 
0.0052 0.0299 0.0058 0.9591 
0.0006 0.0039 0.0598 0.9357 
0.1378 0.8233 0.0136 0.0253 
0.0383 0.6914 0.0026 0.2677 
0.2482 0.2235 0.2599 0.2684 
0.2437 0.0013 0.7381 0.0169 
0.0214 0.0097 0.8668 0.1020 
0.9435 0.0468 0.0045 0.0052 
0.9701 0.0175 0.0110 0.0013 
0.4607 0.1417 0.2216 0.1761 
0.2333 0.2690 0.2307 0.2671 
0.2554 0.2268 0.2612 0.2567 

MOTIF filter12 
letter-probability matrix: alength= 4 w= 14 nsites= 14 
0.2300 0.2220 0.2204 0.3275 
0.2396 0.2109 0.2444 0.3051 
0.2252 0.3083 0.2173 0.2492 
0.0304 0.7923 0.1773 0.0000 
0.0671 0.9329 0.0000 0.0000 
0.0000 0.0000 0.9984 0.0016 
0.0000 0.0016 0.9984 0.0000 
0.9952 0.0048 0.0000 0.0000 
1.0000 0.0000 0.0000 0.0000 
0.1518 0.0527 0.7955 0.0000 
0.0735 0.3163 0.0335 0.5767 
0.2188 0.1486 0.5431 0.0895 
0.2652 0.2572 0.4042 0.0735 
0.2428 0.3259 0.2460 0.1853 

MOTIF filter13 
letter-probability matrix: alength= 4 w= 18 nsites= 18 
0.2378 0.2808 0.2321 0.2493 
0.2779 0.2837 0.2378 0.2006 
0.2292 0.2292 0.2751 0.2665 
0.1146 0.0115 0.6676 0.2063 
0.0974 0.6991 0.1203 0.0831 
0.2837 0.3209 0.2751 0.1203 
0.0372 0.0000 0.8252 0.1375 
0.0000 0.9943 0.0000 0.0057 
0.0000 1.0000 0.0000 0.0000 
1.0000 0.0000 0.0000 0.0000 
0.0000 0.0000 0.0000 1.0000 
0.0229 0.4642 0.1261 0.3868 
0.0000 0.0287 0.0000 0.9713 
0.0000 0.0029 0.0000 0.9971 
0.0917 0.0745 0.7163 0.1175 
0.2951 0.2464 0.2178 0.2407 
0.2149 0.2636 0.2636 0.2579 
0.2378 0.2693 0.2665 0.2264 

MOTIF filter14 
letter-probability matrix: alength= 4 w= 16 nsites= 16 
0.2669 0.3310 0.2064 0.1957 
0.2669 0.2456 0.2278 0.2598 
0.2669 0.2420 0.2491 0.2420 
0.0107 0.8399 0.0925 0.0569 
0.0000 0.1032 0.0000 0.8968 
0.0000 0.2135 0.7758 0.0107 
1.0000 0.0000 0.0000 0.0000 
0.0000 0.0000 0.0000 1.0000 
0.0000 0.0000 0.0000 1.0000 
0.0000 0.0000 1.0000 0.0000 
0.0000 0.0000 1.0000 0.0000 
0.0605 0.4270 0.0000 0.5125 
0.0036 0.4520 0.1210 0.4235 
0.1673 0.4520 0.3096 0.0712 
0.5587 0.1210 0.2420 0.0783 
0.1388 0.1673 0.2456 0.4484 

MOTIF filter15 
letter-probability matrix: alength= 4 w= 15 nsites= 15 
0.2701 0.2846 0.2451 0.2003 
0.2556 0.2661 0.2306 0.2477 
0.1159 0.2227 0.4177 0.2437 
0.0000 0.6140 0.1370 0.2490 
0.0224 0.6996 0.0000 0.2780 
0.0013 0.9960 0.0000 0.0026 
0.0013 0.9974 0.0000 0.0013 
0.1502 0.0000 0.5336 0.3162 
0.0026 0.9974 0.0000 0.0000 
0.0013 0.9987 0.0000 0.0000 
0.0013 0.7167 0.0000 0.2819 
0.1383 0.6719 0.0013 0.1884 
0.0922 0.5112 0.1028 0.2938 
0.2385 0.2648 0.2556 0.2411 
0.2648 0.2451 0.2372 0.2530 

MOTIF filter16 
letter-probability matrix: alength= 4 w= 10 nsites= 10 
0.2666 0.2570 0.2334 0.2430 
1.0000 0.0000 0.0000 0.0000 
0.0000 0.0000 0.0000 1.0000 
0.0000 0.3940 0.0000 0.6060 
1.0000 0.0000 0.0000 0.0000 
1.0000 0.0000 0.0000 0.0000 
0.8769 0.0000 0.0000 0.1231 
0.2452 0.2270 0.2270 0.3009 
0.2516 0.2602 0.2302 0.2580 
0.2355 0.2709 0.2452 0.2484 

MOTIF filter17 
letter-probability matrix: alength= 4 w= 16 nsites= 16 
0.2790 0.2246 0.2065 0.2899 
0.2246 0.3007 0.2428 0.2319 
0.2283 0.2572 0.2536 0.2609 
0.1087 0.0072 0.7428 0.1413 
0.0652 0.7645 0.0906 0.0797 
0.2826 0.3768 0.2464 0.0942 
0.0362 0.0000 0.8804 0.0833 
0.0000 1.0000 0.0000 0.0000 
0.0000 1.0000 0.0000 0.0000 
1.0000 0.0000 0.0000 0.0000 
0.0000 0.0000 0.0000 1.0000 
0.0072 0.4674 0.1486 0.3768 
0.0000 0.0109 0.0000 0.9891 
0.0000 0.0072 0.0000 0.9928 
0.0543 0.0870 0.7174 0.1413 
0.2935 0.2065 0.2355 0.2645 

MOTIF filter18 
letter-probability matrix: alength= 4 w= 15 nsites= 15 
0.1917 0.2292 0.2708 0.3083 
0.2000 0.3125 0.2458 0.2417 
0.2917 0.2167 0.2125 0.2792 
0.1292 0.6833 0.1542 0.0333 
1.0000 0.0000 0.0000 0.0000 
0.9917 0.0000 0.0083 0.0000 
0.5042 0.0292 0.4625 0.0042 
1.0000 0.0000 0.0000 0.0000 
0.0000 0.0000 0.0000 1.0000 
0.0000 0.0000 1.0000 0.0000 
0.0000 0.0000 1.0000 0.0000 
0.0250 0.9375 0.0000 0.0375 
0.1125 0.1458 0.4500 0.2917 
0.0583 0.0542 0.8250 0.0625 
0.0625 0.8625 0.0042 0.0708 

MOTIF filter19 
letter-probability matrix: alength= 4 w= 14 nsites= 14 
0.2307 0.2693 0.2572 0.2428 
0.2686 0.2600 0.2371 0.2342 
0.4771 0.1461 0.3481 0.0287 
0.0029 0.0000 0.0007 0.9964 
0.0000 0.0007 0.0802 0.9191 
0.3066 0.0050 0.5752 0.1132 
0.0315 0.8145 0.0244 0.1297 
0.1332 0.0165 0.8245 0.0258 
0.1132 0.6089 0.0014 0.2765 
0.9054 0.0910 0.0007 0.0029 
0.9957 0.0007 0.0036 0.0000 
0.0330 0.3395 0.1583 0.4692 
0.2629 0.2507 0.2672 0.2192 
0.2521 0.2192 0.2579 0.2708 

MOTIF filter20 
letter-probability matrix: alength= 4 w= 13 nsites= 13 
0.2524 0.2350 0.2261 0.2865 
0.2082 0.2015 0.3777 0.2126 
0.3951 0.2149 0.3492 0.0409 
0.0257 0.0050 0.0218 0.9474 
0.0112 0.0246 0.8987 0.0655 
0.9681 0.0062 0.0134 0.0123 
0.0381 0.4650 0.4656 0.0313 
0.0218 0.0201 0.0045 0.9536 
0.0554 0.9144 0.0145 0.0157 
0.9703 0.0073 0.0213 0.0011 
0.0246 0.3195 0.2563 0.3996 
0.2003 0.3609 0.2121 0.2266 
0.2692 0.2188 0.2641 0.2479 

MOTIF filter21 
letter-probability matrix: alength= 4 w= 17 nsites= 17 
0.2646 0.2603 0.1909 0.2842 
0.2408 0.2538 0.2278 0.2777 
0.2625 0.4685 0.1150 0.1540 
0.4729 0.0347 0.0738 0.4187 
0.5835 0.0542 0.0868 0.2755 
0.5748 0.0065 0.0152 0.4035 
0.2169 0.1779 0.3861 0.2191 
0.0000 0.0000 0.0000 1.0000 
0.0000 0.5228 0.4772 0.0000 
0.5813 0.4187 0.0000 0.0000 
0.0000 0.0000 0.4729 0.5271 
0.0000 0.5206 0.4794 0.0000 
1.0000 0.0000 0.0000 0.0000 
0.2386 0.3709 0.1909 0.1996 
0.3275 0.0239 0.0022 0.6464 
0.3059 0.1410 0.0195 0.5336 
0.3970 0.0564 0.0347 0.5119 

MOTIF filter22 
letter-probability matrix: alength= 4 w= 16 nsites= 16 
0.4799 0.2322 0.1207 0.1672 
0.0557 0.3529 0.1176 0.4737 
0.0402 0.3313 0.3901 0.2384 
0.4427 0.0898 0.4613 0.0062 
0.5820 0.0000 0.3746 0.0433 
0.0000 1.0000 0.0000 0.0000 
0.0000 1.0000 0.0000 0.0000 
1.0000 0.0000 0.0000 0.0000 
1.0000 0.0000 0.0000 0.0000 
0.0000 0.0000 0.0000 1.0000 
0.0000 0.7802 0.2198 0.0000 
0.8421 0.0000 0.1579 0.0000 
0.0712 0.0588 0.8638 0.0062 
0.1703 0.3313 0.2322 0.2663 
0.2848 0.2229 0.2848 0.2074 
0.2353 0.2755 0.2198 0.2693 

MOTIF filter23 
letter-probability matrix: alength= 4 w= 15 nsites= 15 
0.1712 0.0893 0.5519 0.1876 
0.1913 0.5027 0.1603 0.1457 
0.3552 0.3843 0.1603 0.1002 
0.5064 0.0000 0.4845 0.0091 
0.4098 0.5683 0.0219 0.0000 
0.1712 0.7158 0.1129 0.0000 
1.0000 0.0000 0.0000 0.0000 
0.0000 0.0000 0.0000 1.0000 
0.0036 0.1949 0.5974 0.2040 
0.0000 0.0018 0.5628 0.4353 
0.0401 0.3862 0.0000 0.5738 
0.0638 0.1202 0.6703 0.1457 
0.1239 0.1566 0.6485 0.0710 
0.2277 0.4408 0.1749 0.1566 
0.3625 0.2495 0.1311 0.2568 

MOTIF filter24 
letter-probability matrix: alength= 4 w= 15 nsites= 15 
0.2757 0.2338 0.2135 0.2770 
0.2581 0.2527 0.2365 0.2527 
0.1419 0.1851 0.1270 0.5459 
0.0000 0.0000 0.0000 1.0000 
0.0000 0.0000 0.0000 1.0000 
0.0230 0.9770 0.0000 0.0000 
0.0000 0.8446 0.0000 0.1554 
0.2419 0.2432 0.2189 0.2959 
0.2216 0.0000 0.7662 0.0122 
0.0000 0.0000 0.9689 0.0311 
0.9986 0.0014 0.0000 0.0000 
1.0000 0.0000 0.0000 0.0000 
0.5392 0.1297 0.2000 0.1311 
0.2459 0.2716 0.2568 0.2257 
0.2541 0.2473 0.2541 0.2446 

MOTIF filter25 
letter-probability matrix: alength= 4 w= 14 nsites= 14 
0.1562 0.1953 0.3724 0.2760 
0.0234 0.4714 0.2422 0.2630 
0.0885 0.6172 0.1328 0.1615 
0.6693 0.0182 0.2812 0.0312 
0.0000 0.9453 0.0052 0.0495 
0.0000 0.0000 0.0000 1.0000 
0.0000 0.0000 0.0000 1.0000 
0.0000 1.0000 0.0000 0.0000 
0.0000 1.0000 0.0000 0.0000 
0.0000 0.0000 0.9766 0.0234 
0.0000 0.1354 0.8568 0.0078 
0.2734 0.1849 0.2500 0.2917 
0.2734 0.2344 0.2474 0.2448 
0.2604 0.2214 0.2422 0.2760 

MOTIF filter26 
letter-probability matrix: alength= 4 w= 19 nsites= 19 
0.2208 0.2351 0.2740 0.2701 
0.2013 0.2857 0.2792 0.2338 
0.2948 0.2364 0.2221 0.2468 
0.1455 0.0675 0.0377 0.7494 
0.0247 0.0779 0.6883 0.2091 
0.4169 0.4026 0.0662 0.1143 
0.0000 0.9987 0.0013 0.0000 
0.0000 0.9935 0.0000 0.0065 
0.8325 0.0000 0.0039 0.1636 
0.0091 0.0000 0.0000 0.9909 
1.0000 0.0000 0.0000 0.0000 
0.0000 0.0000 0.0013 0.9987 
0.9948 0.0000 0.0000 0.0052 
0.1403 0.0013 0.0000 0.8584 
0.0000 0.0052 0.9948 0.0000 
0.0000 0.0000 1.0000 0.0000 
0.0948 0.0662 0.4065 0.4325 
0.2104 0.6753 0.0909 0.0234 
0.7506 0.0221 0.0675 0.1597 

MOTIF filter27 
letter-probability matrix: alength= 4 w= 18 nsites= 18 
0.2651 0.2530 0.2620 0.2199 
0.2259 0.3012 0.2801 0.1928 
0.2500 0.2590 0.2199 0.2711 
0.1476 0.7259 0.0663 0.0602 
1.0000 0.0000 0.0000 0.0000 
0.9849 0.0000 0.0151 0.0000 
0.4187 0.0723 0.4849 0.0241 
1.0000 0.0000 0.0000 0.0000 
0.0000 0.0000 0.0000 1.0000 
0.0000 0.0000 1.0000 0.0000 
0.0000 0.0000 1.0000 0.0000 
0.0663 0.8464 0.0000 0.0873 
0.0994 0.2199 0.4247 0.2560 
0.0783 0.0904 0.7500 0.0813 
0.1476 0.7590 0.0151 0.0783 
0.2681 0.2199 0.2259 0.2861 
0.2229 0.2380 0.2952 0.2440 
0.2440 0.2349 0.3012 0.2199 

MOTIF filter28 
letter-probability matrix: alength= 4 w= 17 nsites= 17 
0.0370 0.1481 0.3704 0.4444 
0.3704 0.2222 0.2222 0.1852 
0.3704 0.2222 0.1111 0.2963 
0.0000 0.1852 0.7407 0.0741 
0.2222 0.0370 0.3704 0.3704 
0.8889 0.0000 0.1111 0.0000 
0.0000 0.0000 0.0000 1.0000 
0.0000 0.0000 0.0000 1.0000 
0.1481 0.0000 0.8519 0.0000 
0.0000 0.9630 0.0000 0.0370 
0.0000 0.0000 1.0000 0.0000 
0.1111 0.8148 0.0000 0.0741 
0.9630 0.0370 0.0000 0.0000 
1.0000 0.0000 0.0000 0.0000 
0.0000 0.1852 0.0741 0.7407 
0.4815 0.0370 0.2963 0.1852 
0.8148 0.0370 0.1481 0.0000 

MOTIF filter29 
letter-probability matrix: alength= 4 w= 13 nsites= 13 
0.2689 0.1569 0.3277 0.2465 
0.6078 0.0616 0.1289 0.2017 
0.1765 0.3137 0.4846 0.0252 
0.0000 0.0000 0.0000 1.0000 
0.0056 0.9944 0.0000 0.0000 
1.0000 0.0000 0.0000 0.0000 
0.0000 0.0000 0.9944 0.0056 
0.0000 1.0000 0.0000 0.0000 
0.9916 0.0000 0.0000 0.0084 
0.4398 0.1653 0.1204 0.2745 
0.4146 0.0532 0.0056 0.5266 
0.4034 0.0840 0.0056 0.5070 
0.3053 0.1176 0.0308 0.5462 

MOTIF filter30 
letter-probability matrix: alength= 4 w= 12 nsites= 12 
0.2395 0.2727 0.2350 0.2528 
0.2639 0.2506 0.2639 0.2217 
0.2650 0.2550 0.2328 0.2472 
0.1064 0.0000 0.0000 0.8936 
0.0000 0.0000 0.0000 1.0000 
0.0000 0.0000 0.0000 1.0000 
0.5965 0.0000 0.4035 0.0000 
1.0000 0.0000 0.0000 0.0000 
0.0000 0.0000 0.0000 1.0000 
0.2184 0.2661 0.2594 0.2561 
0.2472 0.2528 0.2494 0.2506 
0.2228 0.2417 0.2849 0.2506 

MOTIF filter31 
letter-probability matrix: alength= 4 w= 10 nsites= 10 
0.2444 0.2413 0.2526 0.2618 
0.2351 0.1632 0.3932 0.2084 
0.4117 0.2074 0.3727 0.0082 
0.0000 0.0000 0.0000 1.0000 
0.0000 0.0000 1.0000 0.0000 
1.0000 0.0000 0.0000 0.0000 
0.0000 0.4979 0.5021 0.0000 
0.0000 0.0000 0.0000 1.0000 
0.0000 1.0000 0.0000 0.0000 
1.0000 0.0000 0.0000 0.0000 

