MEME version 4

ALPHABET= ACGT

Background letter frequencies:
A 0.2500 C 0.2500 G 0.2500 T 0.2500 

MOTIF filter0 
letter-probability matrix: alength= 4 w= 19 nsites= 19 
0.4079 0.2538 0.3221 0.0162 
0.1309 0.1367 0.4832 0.2491 
0.1587 0.1147 0.0904 0.6362 
0.1437 0.6211 0.0093 0.2260 
0.0012 0.2851 0.5087 0.2051 
0.3384 0.3905 0.1089 0.1622 
0.7787 0.0046 0.1553 0.0614 
0.1784 0.3152 0.1054 0.4009 
0.2978 0.0035 0.0417 0.6570 
0.1460 0.0081 0.6466 0.1993 
0.0243 0.3244 0.2294 0.4218 
0.5272 0.0533 0.3349 0.0846 
0.1020 0.4855 0.0000 0.4125 
0.4844 0.3546 0.0255 0.1356 
0.4959 0.0267 0.3673 0.1101 
0.3291 0.0985 0.1924 0.3801 
0.0614 0.6454 0.1854 0.1078 
0.1483 0.3221 0.3928 0.1367 
0.2329 0.0614 0.6153 0.0904 

MOTIF filter1 
letter-probability matrix: alength= 4 w= 13 nsites= 13 
0.2773 0.2412 0.2156 0.2659 
0.2688 0.2450 0.2441 0.2422 
0.1652 0.2089 0.1519 0.4739 
0.0019 0.0000 0.0009 0.9972 
0.0000 0.0000 0.0038 0.9962 
0.0836 0.9145 0.0019 0.0000 
0.0104 0.7702 0.0000 0.2194 
0.2545 0.2393 0.2336 0.2726 
0.2498 0.0000 0.7293 0.0209 
0.0000 0.0038 0.8936 0.1026 
0.9573 0.0427 0.0000 0.0000 
0.9915 0.0038 0.0047 0.0000 
0.4862 0.1538 0.2108 0.1491 

MOTIF filter2 
letter-probability matrix: alength= 4 w= 14 nsites= 14 
0.2352 0.2719 0.2549 0.2379 
0.2685 0.2488 0.2386 0.2441 
0.4779 0.1455 0.3481 0.0286 
0.0007 0.0027 0.0000 0.9966 
0.0000 0.0000 0.0952 0.9048 
0.2991 0.0027 0.5826 0.1156 
0.0455 0.7961 0.0279 0.1305 
0.1264 0.0238 0.8273 0.0224 
0.1237 0.5996 0.0041 0.2726 
0.9001 0.0925 0.0020 0.0054 
0.9966 0.0014 0.0020 0.0000 
0.0394 0.3297 0.1591 0.4718 
0.2617 0.2542 0.2658 0.2182 
0.2522 0.2169 0.2556 0.2753 

MOTIF filter3 
letter-probability matrix: alength= 4 w= 14 nsites= 14 
0.2482 0.2726 0.2267 0.2525 
0.1019 0.2066 0.1463 0.5452 
0.0000 0.0000 0.0000 1.0000 
0.0000 0.0000 0.0043 0.9957 
0.0301 0.9699 0.0000 0.0000 
0.0086 0.7877 0.0000 0.2037 
0.2683 0.1951 0.2783 0.2582 
0.1420 0.0000 0.8580 0.0000 
0.0000 0.0000 0.9857 0.0143 
1.0000 0.0000 0.0000 0.0000 
1.0000 0.0000 0.0000 0.0000 
0.5624 0.0933 0.1923 0.1521 
0.2209 0.2783 0.2468 0.2539 
0.2769 0.2439 0.2511 0.2281 

MOTIF filter4 
letter-probability matrix: alength= 4 w= 15 nsites= 15 
0.2772 0.2970 0.2054 0.2203 
0.2599 0.2673 0.2327 0.2401 
0.2475 0.2550 0.2401 0.2574 
0.0124 0.7921 0.0965 0.0990 
0.0000 0.1881 0.0000 0.8119 
0.0000 0.2599 0.7178 0.0223 
1.0000 0.0000 0.0000 0.0000 
0.0000 0.0000 0.0000 1.0000 
0.0000 0.0000 0.0000 1.0000 
0.0000 0.0000 1.0000 0.0000 
0.0000 0.0000 1.0000 0.0000 
0.0446 0.3960 0.0099 0.5495 
0.0198 0.4332 0.1436 0.4035 
0.2005 0.4208 0.2995 0.0792 
0.4703 0.1411 0.3119 0.0767 

MOTIF filter5 
letter-probability matrix: alength= 4 w= 20 nsites= 20 
0.2500 0.2500 0.2500 0.2500 
0.2500 0.2500 0.2500 0.2500 
0.2500 0.2500 0.2500 0.2500 
0.2500 0.2500 0.2500 0.2500 
0.2500 0.2500 0.2500 0.2500 
0.2500 0.2500 0.2500 0.2500 
0.2500 0.2500 0.2500 0.2500 
0.2500 0.2500 0.2500 0.2500 
0.2500 0.2500 0.2500 0.2500 
0.2500 0.2500 0.2500 0.2500 
0.2500 0.2500 0.2500 0.2500 
0.2500 0.2500 0.2500 0.2500 
0.2500 0.2500 0.2500 0.2500 
0.2500 0.2500 0.2500 0.2500 
0.2500 0.2500 0.2500 0.2500 
0.2500 0.2500 0.2500 0.2500 
0.2500 0.2500 0.2500 0.2500 
0.2500 0.2500 0.2500 0.2500 
0.2500 0.2500 0.2500 0.2500 
0.2500 0.2500 0.2500 0.2500 

MOTIF filter6 
letter-probability matrix: alength= 4 w= 15 nsites= 15 
0.2263 0.2477 0.2508 0.2752 
0.2263 0.2844 0.2752 0.2141 
0.2752 0.2355 0.2110 0.2783 
0.1407 0.6850 0.1284 0.0459 
1.0000 0.0000 0.0000 0.0000 
0.9847 0.0000 0.0153 0.0000 
0.4343 0.0734 0.4832 0.0092 
1.0000 0.0000 0.0000 0.0000 
0.0000 0.0000 0.0000 1.0000 
0.0000 0.0000 1.0000 0.0000 
0.0000 0.0000 1.0000 0.0000 
0.0398 0.8869 0.0000 0.0734 
0.1040 0.1927 0.4251 0.2783 
0.0856 0.0734 0.7768 0.0642 
0.1009 0.7951 0.0183 0.0856 

MOTIF filter7 
letter-probability matrix: alength= 4 w= 20 nsites= 20 
0.2898 0.2375 0.2309 0.2418 
0.1623 0.0773 0.0447 0.7157 
0.0316 0.0937 0.6580 0.2168 
0.4085 0.3911 0.0730 0.1275 
0.0022 0.9913 0.0044 0.0022 
0.0000 0.9858 0.0033 0.0109 
0.8257 0.0022 0.0109 0.1612 
0.0229 0.0000 0.0022 0.9749 
0.9946 0.0033 0.0022 0.0000 
0.0000 0.0022 0.0011 0.9967 
0.9771 0.0022 0.0000 0.0207 
0.1601 0.0065 0.0022 0.8312 
0.0033 0.0109 0.9858 0.0000 
0.0011 0.0033 0.9924 0.0033 
0.1122 0.0708 0.3867 0.4303 
0.2222 0.6460 0.0948 0.0370 
0.7113 0.0349 0.0708 0.1830 
0.2418 0.2734 0.2375 0.2473 
0.2298 0.2593 0.2614 0.2495 
0.2407 0.2375 0.2658 0.2560 

MOTIF filter8 
letter-probability matrix: alength= 4 w= 18 nsites= 18 
0.2682 0.2514 0.2291 0.2514 
0.2514 0.2877 0.2514 0.2095 
0.2374 0.2402 0.2542 0.2682 
0.1089 0.0196 0.6872 0.1844 
0.0838 0.7067 0.1173 0.0922 
0.3073 0.3240 0.2570 0.1117 
0.0587 0.0000 0.8352 0.1061 
0.0000 1.0000 0.0000 0.0000 
0.0000 1.0000 0.0000 0.0000 
1.0000 0.0000 0.0000 0.0000 
0.0000 0.0000 0.0000 1.0000 
0.0112 0.4497 0.1369 0.4022 
0.0000 0.0196 0.0000 0.9804 
0.0000 0.0112 0.0000 0.9888 
0.0922 0.0810 0.7095 0.1173 
0.2877 0.2346 0.2374 0.2402 
0.2095 0.2737 0.2570 0.2598 
0.2486 0.2765 0.2374 0.2374 

MOTIF filter9 
letter-probability matrix: alength= 4 w= 12 nsites= 12 
0.1355 0.5014 0.1518 0.2114 
0.6965 0.0000 0.2954 0.0081 
0.0000 0.9973 0.0000 0.0027 
0.0000 0.0000 0.0000 1.0000 
0.0000 0.0000 0.0000 1.0000 
0.0000 1.0000 0.0000 0.0000 
0.0000 1.0000 0.0000 0.0000 
0.0000 0.0000 0.9892 0.0108 
0.0000 0.1653 0.8347 0.0000 
0.2981 0.1897 0.2520 0.2602 
0.3035 0.2331 0.2304 0.2331 
0.2764 0.2249 0.2276 0.2710 

MOTIF filter10 
letter-probability matrix: alength= 4 w= 17 nsites= 17 
0.2812 0.2300 0.2524 0.2364 
0.2524 0.2748 0.2332 0.2396 
0.5272 0.0064 0.1310 0.3355 
0.6454 0.0064 0.0415 0.3067 
0.4473 0.0000 0.0288 0.5240 
0.2907 0.1342 0.1470 0.4281 
0.0064 0.0000 0.0000 0.9936 
0.0000 0.0000 1.0000 0.0000 
0.0256 0.9744 0.0000 0.0000 
0.0000 0.0000 0.0000 1.0000 
0.0000 0.0000 0.9904 0.0096 
1.0000 0.0000 0.0000 0.0000 
0.0288 0.5144 0.3195 0.1374 
0.1949 0.1310 0.0447 0.6294 
0.1853 0.3834 0.1214 0.3099 
0.5272 0.0479 0.1981 0.2268 
0.1342 0.0479 0.5463 0.2716 

MOTIF filter11 
letter-probability matrix: alength= 4 w= 15 nsites= 15 
0.2537 0.2353 0.2243 0.2868 
0.2279 0.2574 0.3272 0.1875 
0.2096 0.2316 0.2684 0.2904 
0.0000 0.9044 0.0956 0.0000 
0.0257 0.9743 0.0000 0.0000 
0.0000 0.0000 1.0000 0.0000 
0.0000 0.0000 1.0000 0.0000 
1.0000 0.0000 0.0000 0.0000 
1.0000 0.0000 0.0000 0.0000 
0.0257 0.0000 0.9743 0.0000 
0.0110 0.3272 0.0074 0.6544 
0.1985 0.0551 0.7169 0.0294 
0.2353 0.2390 0.4926 0.0331 
0.2022 0.4301 0.2353 0.1324 
0.2022 0.3125 0.2353 0.2500 

MOTIF filter12 
letter-probability matrix: alength= 4 w= 18 nsites= 18 
0.2757 0.2202 0.2470 0.2572 
0.3182 0.2488 0.2840 0.1489 
0.7549 0.0194 0.1637 0.0620 
0.6670 0.0176 0.0472 0.2683 
0.7475 0.1637 0.0777 0.0111 
0.1933 0.1499 0.0897 0.5671 
0.0278 0.4209 0.3154 0.2359 
0.3284 0.4033 0.0796 0.1887 
0.0000 0.5680 0.1203 0.3117 
0.2914 0.0805 0.0907 0.5375 
0.0102 0.6244 0.1045 0.2609 
0.4422 0.0934 0.3876 0.0768 
0.0213 0.0620 0.6984 0.2183 
0.0981 0.3774 0.4154 0.1092 
0.5828 0.0009 0.2433 0.1730 
0.3349 0.1360 0.0185 0.5106 
0.4172 0.1193 0.0546 0.4089 
0.1092 0.1776 0.1915 0.5217 

MOTIF filter13 
letter-probability matrix: alength= 4 w= 13 nsites= 13 
0.2545 0.2288 0.2622 0.2545 
0.2571 0.2365 0.2571 0.2494 
0.2288 0.2674 0.2776 0.2262 
0.2571 0.0617 0.6041 0.0771 
0.1311 0.0000 0.8021 0.0668 
0.1774 0.0000 0.8226 0.0000 
0.0000 0.0000 1.0000 0.0000 
0.0000 0.0000 1.0000 0.0000 
0.3162 0.5501 0.0000 0.1337 
0.0000 0.0000 1.0000 0.0000 
0.0000 0.0000 1.0000 0.0000 
0.1542 0.0000 0.8458 0.0000 
0.1799 0.0154 0.8046 0.0000 

MOTIF filter14 
letter-probability matrix: alength= 4 w= 15 nsites= 15 
0.2933 0.1857 0.2004 0.3206 
0.4927 0.0782 0.1134 0.3157 
0.5836 0.0283 0.0860 0.3021 
0.2649 0.1202 0.3754 0.2395 
0.0000 0.0000 0.0000 1.0000 
0.0000 0.4467 0.5533 0.0000 
0.5161 0.4839 0.0000 0.0000 
0.0000 0.0000 0.3988 0.6012 
0.0000 0.4770 0.5191 0.0039 
1.0000 0.0000 0.0000 0.0000 
0.2248 0.3763 0.2170 0.1818 
0.2874 0.0538 0.0108 0.6481 
0.2805 0.2160 0.0430 0.4604 
0.4027 0.1056 0.0929 0.3988 
0.2463 0.1310 0.3851 0.2375 

MOTIF filter15 
letter-probability matrix: alength= 4 w= 16 nsites= 16 
0.2305 0.2295 0.2783 0.2617 
0.2160 0.2586 0.2970 0.2285 
0.2918 0.2399 0.2129 0.2555 
0.1796 0.1028 0.0820 0.6355 
0.0623 0.1184 0.5659 0.2534 
0.3728 0.3873 0.1049 0.1350 
0.0260 0.8899 0.0426 0.0415 
0.0478 0.8567 0.0623 0.0332 
0.6636 0.1651 0.0197 0.1516 
0.2544 0.0000 0.0000 0.7456 
1.0000 0.0000 0.0000 0.0000 
0.0737 0.0145 0.1184 0.7934 
0.9990 0.0000 0.0000 0.0010 
0.0104 0.0000 0.0000 0.9896 
0.0000 0.0000 1.0000 0.0000 
0.0000 0.0000 1.0000 0.0000 

MOTIF filter16 
letter-probability matrix: alength= 4 w= 14 nsites= 14 
0.2495 0.2342 0.2130 0.3033 
0.2256 0.2289 0.2999 0.2455 
0.1619 0.1022 0.3026 0.4333 
0.0544 0.8056 0.0093 0.1307 
0.0013 0.1473 0.0073 0.8441 
0.9841 0.0020 0.0080 0.0060 
0.2767 0.0066 0.0239 0.6928 
0.5222 0.0080 0.0020 0.4678 
0.4745 0.0046 0.0027 0.5182 
0.6954 0.0100 0.0020 0.2926 
0.0113 0.0073 0.0119 0.9695 
0.8434 0.0040 0.1453 0.0073 
0.1267 0.0126 0.8009 0.0597 
0.4061 0.3271 0.0883 0.1785 

MOTIF filter17 
letter-probability matrix: alength= 4 w= 16 nsites= 16 
0.2437 0.2513 0.2373 0.2678 
0.2424 0.2652 0.2551 0.2373 
0.2234 0.2640 0.2665 0.2462 
0.5140 0.1206 0.3477 0.0178 
0.0000 0.0000 0.0000 1.0000 
0.0000 0.0000 0.0317 0.9683 
0.3122 0.0000 0.6218 0.0660 
0.0000 0.9239 0.0000 0.0761 
0.0749 0.0000 0.9239 0.0013 
0.0622 0.7043 0.0000 0.2335 
0.9759 0.0241 0.0000 0.0000 
1.0000 0.0000 0.0000 0.0000 
0.0025 0.3668 0.1129 0.5178 
0.2741 0.2513 0.2792 0.1954 
0.2284 0.2195 0.2741 0.2779 
0.2678 0.2234 0.2728 0.2360 

MOTIF filter18 
letter-probability matrix: alength= 4 w= 15 nsites= 15 
0.2495 0.2590 0.2505 0.2410 
0.2448 0.2705 0.2467 0.2381 
0.1257 0.0838 0.3362 0.4543 
0.0571 0.8067 0.0057 0.1305 
0.0010 0.0038 0.0000 0.9952 
0.9981 0.0000 0.0019 0.0000 
0.2952 0.0010 0.0095 0.6943 
0.4514 0.0114 0.0010 0.5362 
0.5571 0.0010 0.0010 0.4410 
0.6800 0.0048 0.0000 0.3152 
0.0019 0.0010 0.0000 0.9971 
0.9905 0.0019 0.0076 0.0000 
0.1295 0.0029 0.8095 0.0581 
0.4295 0.3600 0.0581 0.1524 
0.2733 0.2305 0.2533 0.2429 

MOTIF filter19 
letter-probability matrix: alength= 4 w= 12 nsites= 12 
0.2422 0.2747 0.2285 0.2547 
0.2497 0.2597 0.2647 0.2260 
0.2572 0.2609 0.2347 0.2472 
0.0000 0.0000 0.0000 1.0000 
0.0000 0.0000 0.0000 1.0000 
0.0000 0.0000 0.0000 1.0000 
0.5481 0.0000 0.4519 0.0000 
1.0000 0.0000 0.0000 0.0000 
0.0000 0.0000 0.0000 1.0000 
0.2272 0.2672 0.2509 0.2547 
0.2572 0.2484 0.2522 0.2422 
0.2447 0.2447 0.2634 0.2472 

MOTIF filter20 
letter-probability matrix: alength= 4 w= 11 nsites= 11 
0.3374 0.2457 0.2984 0.1185 
0.0346 0.0132 0.0049 0.9473 
0.0099 0.0005 0.9205 0.0691 
0.9643 0.0093 0.0011 0.0252 
0.0346 0.4597 0.4728 0.0329 
0.0049 0.0252 0.0357 0.9342 
0.0625 0.8980 0.0208 0.0187 
0.9797 0.0055 0.0148 0.0000 
0.0241 0.3417 0.2518 0.3823 
0.2013 0.3856 0.1931 0.2200 
0.2490 0.2156 0.2885 0.2468 

MOTIF filter21 
letter-probability matrix: alength= 4 w= 12 nsites= 12 
0.2508 0.2590 0.2434 0.2468 
0.2610 0.2590 0.2103 0.2698 
0.2630 0.2434 0.2218 0.2718 
1.0000 0.0000 0.0000 0.0000 
0.0000 0.0000 0.0000 1.0000 
0.0000 0.3989 0.0000 0.6011 
1.0000 0.0000 0.0000 0.0000 
1.0000 0.0000 0.0000 0.0000 
0.5585 0.0000 0.0000 0.4415 
0.2826 0.2326 0.2238 0.2610 
0.2481 0.2285 0.2725 0.2508 
0.2427 0.2691 0.2448 0.2434 

MOTIF filter22 
letter-probability matrix: alength= 4 w= 17 nsites= 17 
0.2441 0.2508 0.2407 0.2644 
0.0373 0.0407 0.3356 0.5864 
0.0780 0.5492 0.0203 0.3525 
0.0034 0.0678 0.0949 0.8339 
0.9593 0.0102 0.0305 0.0000 
0.0000 0.0203 0.0068 0.9729 
0.0000 0.0373 0.3119 0.6508 
0.0203 0.0542 0.1492 0.7763 
0.1153 0.0373 0.0000 0.8475 
0.0508 0.1525 0.0034 0.7932 
0.8136 0.0169 0.0034 0.1661 
0.1966 0.0034 0.6746 0.1254 
0.3254 0.5424 0.0780 0.0542 
0.2305 0.2407 0.5254 0.0034 
0.1525 0.1661 0.5051 0.1763 
0.2983 0.1864 0.3186 0.1966 
0.3932 0.1627 0.3051 0.1390 

MOTIF filter23 
letter-probability matrix: alength= 4 w= 15 nsites= 15 
0.4257 0.2302 0.1708 0.1733 
0.0817 0.3589 0.1188 0.4406 
0.0693 0.3168 0.3762 0.2376 
0.4406 0.1188 0.4406 0.0000 
0.5866 0.0099 0.3589 0.0446 
0.0000 1.0000 0.0000 0.0000 
0.0000 1.0000 0.0000 0.0000 
1.0000 0.0000 0.0000 0.0000 
1.0000 0.0000 0.0000 0.0000 
0.0000 0.0000 0.0000 1.0000 
0.0272 0.7698 0.2030 0.0000 
0.8218 0.0025 0.1757 0.0000 
0.0594 0.0817 0.8441 0.0149 
0.2054 0.2847 0.2401 0.2698 
0.2748 0.2030 0.2698 0.2525 

MOTIF filter24 
letter-probability matrix: alength= 4 w= 15 nsites= 15 
0.1964 0.2655 0.2473 0.2909 
0.1273 0.1345 0.4473 0.2909 
0.0073 0.5091 0.2364 0.2473 
0.0145 0.7709 0.1018 0.1127 
0.7273 0.0182 0.2364 0.0182 
0.0000 0.9418 0.0109 0.0473 
0.0000 0.0000 0.0000 1.0000 
0.0000 0.0000 0.0000 1.0000 
0.0000 1.0000 0.0000 0.0000 
0.0000 1.0000 0.0000 0.0000 
0.0000 0.0000 0.9927 0.0073 
0.0000 0.1491 0.8364 0.0145 
0.2436 0.2036 0.2764 0.2764 
0.2764 0.2145 0.2327 0.2764 
0.2727 0.1927 0.2400 0.2945 

MOTIF filter25 
letter-probability matrix: alength= 4 w= 12 nsites= 12 
0.2375 0.2652 0.2575 0.2398 
0.4335 0.1922 0.2437 0.1307 
0.2367 0.3090 0.3128 0.1414 
0.0000 1.0000 0.0000 0.0000 
0.9846 0.0000 0.0154 0.0000 
0.0000 0.9131 0.0000 0.0869 
0.1007 0.0000 0.8993 0.0000 
0.0000 0.0161 0.0000 0.9839 
0.0000 0.0000 1.0000 0.0000 
0.1583 0.2936 0.3051 0.2429 
0.1591 0.2552 0.1606 0.4251 
0.2390 0.2567 0.2513 0.2529 

MOTIF filter26 
letter-probability matrix: alength= 4 w= 13 nsites= 13 
0.2278 0.2595 0.2342 0.2785 
0.2753 0.2025 0.2310 0.2911 
0.2152 0.2658 0.2785 0.2405 
0.0000 0.8829 0.1171 0.0000 
0.0222 0.9778 0.0000 0.0000 
0.0000 0.0000 1.0000 0.0000 
0.0000 0.0000 1.0000 0.0000 
1.0000 0.0000 0.0000 0.0000 
1.0000 0.0000 0.0000 0.0000 
0.0538 0.0222 0.9241 0.0000 
0.0127 0.2753 0.0158 0.6962 
0.1171 0.0981 0.7310 0.0538 
0.2880 0.2342 0.4715 0.0063 

MOTIF filter27 
letter-probability matrix: alength= 4 w= 14 nsites= 14 
0.1116 0.2189 0.4126 0.2568 
0.0000 0.7642 0.0189 0.2168 
0.0000 0.8042 0.0000 0.1958 
0.0000 1.0000 0.0000 0.0000 
0.0000 1.0000 0.0000 0.0000 
0.1116 0.0000 0.5789 0.3095 
0.0000 1.0000 0.0000 0.0000 
0.0000 1.0000 0.0000 0.0000 
0.0000 0.7895 0.0000 0.2105 
0.0863 0.7811 0.0000 0.1326 
0.0442 0.6168 0.0589 0.2800 
0.2653 0.2442 0.2421 0.2484 
0.2821 0.2379 0.2484 0.2316 
0.2316 0.2905 0.2379 0.2400 

MOTIF filter28 
letter-probability matrix: alength= 4 w= 16 nsites= 16 
0.2434 0.2013 0.2765 0.2788 
0.6836 0.0243 0.0819 0.2102 
0.4314 0.1150 0.2788 0.1748 
0.1305 0.0000 0.0000 0.8695 
0.1836 0.6416 0.0000 0.1748 
0.5796 0.0000 0.0000 0.4204 
0.0000 0.0000 1.0000 0.0000 
0.0022 0.9978 0.0000 0.0000 
0.5155 0.0000 0.0000 0.4845 
0.2500 0.0155 0.6084 0.1261 
0.8164 0.0088 0.0022 0.1726 
0.1792 0.2168 0.1416 0.4624 
0.2190 0.0996 0.0221 0.6593 
0.1903 0.3761 0.2013 0.2323 
0.4181 0.0929 0.1969 0.2920 
0.2677 0.1416 0.3982 0.1925 

MOTIF filter29 
letter-probability matrix: alength= 4 w= 15 nsites= 15 
0.2338 0.2441 0.2615 0.2605 
0.2144 0.2738 0.2677 0.2441 
0.2944 0.2410 0.2277 0.2369 
0.1703 0.0913 0.0533 0.6851 
0.0400 0.0944 0.6421 0.2236 
0.4123 0.3815 0.0841 0.1221 
0.0010 0.9877 0.0082 0.0031 
0.0000 0.9877 0.0021 0.0103 
0.8010 0.0021 0.0113 0.1856 
0.0185 0.0000 0.0041 0.9774 
0.9785 0.0072 0.0144 0.0000 
0.0000 0.0010 0.0031 0.9959 
0.9662 0.0000 0.0000 0.0338 
0.1703 0.0092 0.0062 0.8144 
0.0205 0.0133 0.9621 0.0041 

MOTIF filter30 
letter-probability matrix: alength= 4 w= 12 nsites= 12 
0.2463 0.2335 0.2643 0.2558 
0.2357 0.1667 0.3907 0.2070 
0.4087 0.2166 0.3747 0.0000 
0.0000 0.0000 0.0000 1.0000 
0.0000 0.0000 1.0000 0.0000 
1.0000 0.0000 0.0000 0.0000 
0.0000 0.4989 0.5011 0.0000 
0.0000 0.0000 0.0000 1.0000 
0.0000 1.0000 0.0000 0.0000 
1.0000 0.0000 0.0000 0.0000 
0.0000 0.3418 0.2452 0.4130 
0.2176 0.3641 0.1837 0.2346 

MOTIF filter31 
letter-probability matrix: alength= 4 w= 18 nsites= 18 
0.2718 0.2081 0.2349 0.2852 
0.2852 0.2383 0.2483 0.2282 
0.2383 0.2886 0.1913 0.2819 
0.2852 0.5805 0.0235 0.1107 
0.2685 0.1678 0.0470 0.5168 
0.2819 0.1544 0.3221 0.2416 
0.6141 0.0604 0.1074 0.2181 
0.1443 0.3456 0.4899 0.0201 
0.0000 0.0000 0.0000 1.0000 
0.0101 0.9899 0.0000 0.0000 
1.0000 0.0000 0.0000 0.0000 
0.0000 0.0000 0.9899 0.0101 
0.0000 1.0000 0.0000 0.0000 
0.9966 0.0000 0.0000 0.0034 
0.4564 0.1812 0.0940 0.2685 
0.4128 0.0503 0.0067 0.5302 
0.4027 0.0738 0.0000 0.5235 
0.3188 0.1040 0.0134 0.5638 

