MEME version 4

ALPHABET= ACGT

Background letter frequencies:
A 0.2500 C 0.2500 G 0.2500 T 0.2500 

MOTIF filter0 
letter-probability matrix: alength= 4 w= 15 nsites= 15 
0.2686 0.2267 0.2277 0.2770 
0.2749 0.2346 0.2550 0.2356 
0.1901 0.2482 0.1513 0.4105 
0.0079 0.0408 0.0131 0.9382 
0.0178 0.0000 0.0586 0.9236 
0.1518 0.8089 0.0120 0.0272 
0.0503 0.6681 0.0073 0.2743 
0.2377 0.2403 0.2607 0.2613 
0.2723 0.0026 0.6895 0.0356 
0.0110 0.0152 0.8199 0.1539 
0.9068 0.0728 0.0031 0.0173 
0.9602 0.0168 0.0162 0.0068 
0.4209 0.1827 0.2309 0.1654 
0.2262 0.2654 0.2356 0.2728 
0.2476 0.2346 0.2644 0.2534 

MOTIF filter1 
letter-probability matrix: alength= 4 w= 15 nsites= 15 
0.2554 0.2504 0.2998 0.1944 
0.2339 0.2488 0.2669 0.2504 
0.1697 0.2257 0.3641 0.2405 
0.5189 0.2273 0.2537 0.0000 
0.0000 0.0000 0.0000 1.0000 
0.0000 0.0000 1.0000 0.0000 
1.0000 0.0000 0.0000 0.0000 
0.0000 0.4778 0.5222 0.0000 
0.0000 0.0000 0.0000 1.0000 
0.0000 1.0000 0.0000 0.0000 
1.0000 0.0000 0.0000 0.0000 
0.0000 0.4926 0.0791 0.4283 
0.2158 0.4514 0.0445 0.2883 
0.2652 0.1878 0.2932 0.2537 
0.2455 0.2372 0.2372 0.2801 

MOTIF filter2 
letter-probability matrix: alength= 4 w= 20 nsites= 20 
0.2183 0.2769 0.2726 0.2322 
0.2897 0.2386 0.2343 0.2375 
0.1661 0.0767 0.0479 0.7093 
0.0341 0.0937 0.6539 0.2183 
0.4121 0.3834 0.0767 0.1278 
0.0043 0.9851 0.0075 0.0032 
0.0011 0.9808 0.0053 0.0128 
0.8232 0.0053 0.0106 0.1608 
0.0256 0.0000 0.0032 0.9712 
0.9925 0.0053 0.0021 0.0000 
0.0000 0.0021 0.0011 0.9968 
0.9744 0.0021 0.0000 0.0234 
0.1597 0.0075 0.0032 0.8296 
0.0043 0.0117 0.9840 0.0000 
0.0043 0.0032 0.9894 0.0032 
0.1150 0.0714 0.3834 0.4302 
0.2247 0.6347 0.0990 0.0415 
0.7007 0.0394 0.0735 0.1864 
0.2460 0.2737 0.2343 0.2460 
0.2279 0.2599 0.2609 0.2513 

MOTIF filter3 
letter-probability matrix: alength= 4 w= 15 nsites= 15 
0.1681 0.2647 0.2521 0.3151 
0.1261 0.1891 0.4118 0.2731 
0.0336 0.5168 0.1849 0.2647 
0.0294 0.7101 0.1555 0.1050 
0.7857 0.0042 0.2101 0.0000 
0.0000 0.9916 0.0000 0.0084 
0.0000 0.0000 0.0000 1.0000 
0.0000 0.0000 0.0000 1.0000 
0.0000 1.0000 0.0000 0.0000 
0.0000 1.0000 0.0000 0.0000 
0.0000 0.0000 1.0000 0.0000 
0.0000 0.1303 0.8697 0.0000 
0.2605 0.1807 0.2773 0.2815 
0.2857 0.2185 0.2605 0.2353 
0.2185 0.2143 0.2605 0.3067 

MOTIF filter4 
letter-probability matrix: alength= 4 w= 16 nsites= 16 
0.3275 0.5159 0.0377 0.1188 
0.2058 0.2116 0.0493 0.5333 
0.2783 0.1768 0.3594 0.1855 
0.6261 0.0609 0.1275 0.1855 
0.1478 0.3014 0.5159 0.0348 
0.0000 0.0000 0.0000 1.0000 
0.0174 0.9797 0.0000 0.0029 
0.9971 0.0000 0.0000 0.0029 
0.0000 0.0000 0.9971 0.0029 
0.0000 1.0000 0.0000 0.0000 
0.9594 0.0000 0.0000 0.0406 
0.4725 0.1072 0.1768 0.2435 
0.4406 0.0551 0.0319 0.4725 
0.3449 0.0812 0.0145 0.5594 
0.2928 0.1014 0.0290 0.5768 
0.2522 0.2551 0.2638 0.2290 

MOTIF filter5 
letter-probability matrix: alength= 4 w= 14 nsites= 14 
0.4155 0.2198 0.1662 0.1984 
0.0777 0.3378 0.1340 0.4504 
0.0590 0.2895 0.3995 0.2520 
0.3968 0.1394 0.4638 0.0000 
0.5496 0.0054 0.4182 0.0268 
0.0000 1.0000 0.0000 0.0000 
0.0000 1.0000 0.0000 0.0000 
1.0000 0.0000 0.0000 0.0000 
1.0000 0.0000 0.0000 0.0000 
0.0000 0.0000 0.0000 1.0000 
0.0295 0.7587 0.2118 0.0000 
0.8123 0.0000 0.1877 0.0000 
0.0429 0.1046 0.8445 0.0080 
0.1903 0.2627 0.2520 0.2949 

MOTIF filter6 
letter-probability matrix: alength= 4 w= 12 nsites= 12 
0.2291 0.2642 0.2588 0.2480 
0.1725 0.1860 0.3720 0.2695 
0.0135 0.4555 0.2722 0.2588 
0.1024 0.6550 0.1078 0.1348 
0.6765 0.0108 0.2668 0.0458 
0.0000 0.9245 0.0189 0.0566 
0.0000 0.0000 0.0000 1.0000 
0.0000 0.0000 0.0000 1.0000 
0.0000 1.0000 0.0000 0.0000 
0.0000 1.0000 0.0000 0.0000 
0.0000 0.0000 0.9838 0.0162 
0.0000 0.1456 0.8437 0.0108 

MOTIF filter7 
letter-probability matrix: alength= 4 w= 12 nsites= 12 
0.2685 0.2296 0.2380 0.2639 
0.2444 0.3139 0.2241 0.2176 
0.2593 0.2343 0.2259 0.2806 
0.4944 0.0000 0.0000 0.5056 
0.0000 0.0000 0.0000 1.0000 
0.0000 0.0000 0.0000 1.0000 
0.8194 0.0000 0.1806 0.0000 
1.0000 0.0000 0.0000 0.0000 
0.0139 0.0000 0.0000 0.9861 
0.2602 0.2472 0.2519 0.2407 
0.2380 0.2611 0.2620 0.2389 
0.2528 0.2213 0.2528 0.2731 

MOTIF filter8 
letter-probability matrix: alength= 4 w= 11 nsites= 11 
0.3113 0.2306 0.2535 0.2047 
0.2321 0.3246 0.3038 0.1395 
0.0426 0.9286 0.0222 0.0067 
0.9008 0.0011 0.0799 0.0181 
0.0211 0.8638 0.0137 0.1014 
0.1025 0.0070 0.8805 0.0100 
0.0544 0.0825 0.0033 0.8597 
0.0037 0.0089 0.9437 0.0437 
0.1721 0.2931 0.2957 0.2391 
0.1747 0.2620 0.1665 0.3967 
0.2461 0.2554 0.2491 0.2494 

MOTIF filter9 
letter-probability matrix: alength= 4 w= 17 nsites= 17 
0.2368 0.2746 0.2670 0.2217 
0.2569 0.2494 0.2141 0.2796 
0.1713 0.6348 0.1335 0.0605 
1.0000 0.0000 0.0000 0.0000 
0.9824 0.0025 0.0151 0.0000 
0.4307 0.0756 0.4710 0.0227 
1.0000 0.0000 0.0000 0.0000 
0.0000 0.0000 0.0000 1.0000 
0.0000 0.0000 1.0000 0.0000 
0.0000 0.0000 1.0000 0.0000 
0.0655 0.8262 0.0000 0.1083 
0.1310 0.2065 0.4081 0.2544 
0.0982 0.0932 0.7280 0.0806 
0.1511 0.7229 0.0277 0.0982 
0.2645 0.2343 0.2343 0.2670 
0.2368 0.2317 0.2897 0.2418 
0.2695 0.2469 0.2645 0.2191 

MOTIF filter10 
letter-probability matrix: alength= 4 w= 20 nsites= 20 
0.2571 0.2857 0.2571 0.2000 
0.0286 0.0286 0.4286 0.5143 
0.0571 0.1429 0.7714 0.0286 
0.1143 0.0000 0.8571 0.0286 
0.2286 0.3429 0.0000 0.4286 
0.0286 0.7429 0.1714 0.0571 
0.5714 0.1714 0.2571 0.0000 
0.3429 0.1714 0.0857 0.4000 
0.0000 0.4000 0.0000 0.6000 
0.1429 0.8571 0.0000 0.0000 
0.0000 0.0857 0.9143 0.0000 
0.1714 0.1429 0.4286 0.2571 
0.2857 0.4857 0.2286 0.0000 
0.1143 0.0000 0.3143 0.5714 
0.0857 0.0000 0.0857 0.8286 
0.4286 0.0286 0.2286 0.3143 
0.0571 0.2571 0.1429 0.5429 
0.1143 0.7429 0.1429 0.0000 
0.0286 0.6571 0.3143 0.0000 
0.0000 0.5714 0.2571 0.1714 

MOTIF filter11 
letter-probability matrix: alength= 4 w= 16 nsites= 16 
0.2644 0.2678 0.2068 0.2610 
0.1525 0.6915 0.1085 0.0475 
0.9966 0.0000 0.0034 0.0000 
0.9932 0.0000 0.0068 0.0000 
0.4305 0.0847 0.4712 0.0136 
1.0000 0.0000 0.0000 0.0000 
0.0000 0.0000 0.0000 1.0000 
0.0000 0.0000 1.0000 0.0000 
0.0000 0.0000 1.0000 0.0000 
0.0475 0.8881 0.0000 0.0644 
0.1085 0.1797 0.4407 0.2712 
0.0712 0.0576 0.8169 0.0542 
0.1220 0.8000 0.0169 0.0610 
0.2508 0.2102 0.2271 0.3119 
0.2102 0.2475 0.3119 0.2305 
0.2678 0.2237 0.2881 0.2203 

MOTIF filter12 
letter-probability matrix: alength= 4 w= 19 nsites= 19 
0.2276 0.2395 0.2589 0.2740 
0.2125 0.2794 0.2762 0.2319 
0.2902 0.2362 0.2330 0.2406 
0.1672 0.0809 0.0475 0.7044 
0.0378 0.0939 0.6516 0.2168 
0.4099 0.3905 0.0766 0.1230 
0.0022 0.9881 0.0076 0.0022 
0.0011 0.9860 0.0032 0.0097 
0.8198 0.0032 0.0108 0.1661 
0.0237 0.0000 0.0032 0.9730 
0.9946 0.0022 0.0022 0.0011 
0.0000 0.0032 0.0022 0.9946 
0.9752 0.0032 0.0000 0.0216 
0.1650 0.0065 0.0011 0.8274 
0.0032 0.0119 0.9849 0.0000 
0.0011 0.0086 0.9860 0.0043 
0.1122 0.0734 0.3819 0.4326 
0.2298 0.6365 0.0949 0.0388 
0.7023 0.0334 0.0777 0.1866 

MOTIF filter13 
letter-probability matrix: alength= 4 w= 18 nsites= 18 
0.2914 0.2020 0.2252 0.2815 
0.2881 0.2417 0.2517 0.2185 
0.2351 0.2881 0.1887 0.2881 
0.2947 0.5596 0.0265 0.1192 
0.2649 0.1623 0.0795 0.4934 
0.2881 0.1490 0.3079 0.2550 
0.6391 0.0464 0.0927 0.2219 
0.1589 0.3179 0.5033 0.0199 
0.0000 0.0000 0.0000 1.0000 
0.0099 0.9901 0.0000 0.0000 
1.0000 0.0000 0.0000 0.0000 
0.0000 0.0000 0.9868 0.0132 
0.0000 1.0000 0.0000 0.0000 
1.0000 0.0000 0.0000 0.0000 
0.4404 0.1788 0.1060 0.2748 
0.4305 0.0397 0.0000 0.5298 
0.4040 0.0695 0.0000 0.5265 
0.3113 0.1060 0.0132 0.5695 

MOTIF filter14 
letter-probability matrix: alength= 4 w= 15 nsites= 15 
0.2508 0.2308 0.2742 0.2441 
0.2375 0.2575 0.2609 0.2441 
0.2642 0.0368 0.6221 0.0769 
0.1003 0.0000 0.8696 0.0301 
0.1405 0.0000 0.8595 0.0000 
0.0000 0.0000 1.0000 0.0000 
0.0000 0.0000 1.0000 0.0000 
0.3211 0.5753 0.0000 0.1037 
0.0000 0.0000 1.0000 0.0000 
0.0000 0.0000 1.0000 0.0000 
0.1237 0.0000 0.8763 0.0000 
0.1572 0.0268 0.8161 0.0000 
0.1739 0.5920 0.1405 0.0936 
0.2776 0.1973 0.2642 0.2609 
0.2308 0.2943 0.2207 0.2542 

MOTIF filter15 
letter-probability matrix: alength= 4 w= 13 nsites= 13 
0.2487 0.2331 0.2570 0.2612 
0.2320 0.1727 0.3840 0.2112 
0.4037 0.2185 0.3746 0.0031 
0.0000 0.0000 0.0000 1.0000 
0.0000 0.0000 0.9990 0.0010 
1.0000 0.0000 0.0000 0.0000 
0.0000 0.4912 0.5088 0.0000 
0.0000 0.0000 0.0000 1.0000 
0.0000 1.0000 0.0000 0.0000 
1.0000 0.0000 0.0000 0.0000 
0.0135 0.3319 0.2487 0.4058 
0.2196 0.3538 0.1842 0.2425 
0.2539 0.2196 0.2789 0.2477 

MOTIF filter16 
letter-probability matrix: alength= 4 w= 15 nsites= 15 
0.2378 0.2297 0.2216 0.3108 
0.2541 0.2027 0.2649 0.2784 
0.2270 0.2838 0.2459 0.2432 
0.0000 0.8811 0.1189 0.0000 
0.0270 0.9730 0.0000 0.0000 
0.0000 0.0000 1.0000 0.0000 
0.0000 0.0000 1.0000 0.0000 
1.0000 0.0000 0.0000 0.0000 
1.0000 0.0000 0.0000 0.0000 
0.0459 0.0081 0.9459 0.0000 
0.0324 0.3000 0.0189 0.6486 
0.1757 0.0946 0.6730 0.0568 
0.2703 0.2568 0.4459 0.0270 
0.2162 0.3514 0.2595 0.1730 
0.2135 0.2973 0.2514 0.2378 

MOTIF filter17 
letter-probability matrix: alength= 4 w= 13 nsites= 13 
0.2431 0.2376 0.2541 0.2652 
0.0083 0.8315 0.0746 0.0856 
0.0000 0.1796 0.0000 0.8204 
0.0000 0.2459 0.7348 0.0193 
1.0000 0.0000 0.0000 0.0000 
0.0000 0.0000 0.0000 1.0000 
0.0000 0.0000 0.0000 1.0000 
0.0000 0.0000 1.0000 0.0000 
0.0000 0.0000 1.0000 0.0000 
0.0414 0.3923 0.0055 0.5608 
0.0110 0.4365 0.1409 0.4116 
0.1906 0.4282 0.3094 0.0718 
0.4669 0.1409 0.3287 0.0635 

MOTIF filter18 
letter-probability matrix: alength= 4 w= 14 nsites= 14 
0.1457 0.1108 0.3168 0.4267 
0.0593 0.8028 0.0113 0.1265 
0.0017 0.0218 0.0052 0.9712 
0.9948 0.0035 0.0017 0.0000 
0.2810 0.0009 0.0105 0.7077 
0.4459 0.0035 0.0017 0.5489 
0.5366 0.0017 0.0026 0.4590 
0.6806 0.0026 0.0000 0.3168 
0.0035 0.0009 0.0070 0.9887 
0.9695 0.0052 0.0218 0.0035 
0.1387 0.0061 0.7976 0.0576 
0.4311 0.3517 0.0620 0.1553 
0.2661 0.2443 0.2513 0.2382 
0.2469 0.2792 0.2391 0.2347 

MOTIF filter19 
letter-probability matrix: alength= 4 w= 8 nsites= 8 
0.2402 0.2586 0.2460 0.2552 
0.2581 0.2373 0.2189 0.2856 
0.2653 0.2392 0.2296 0.2658 
1.0000 0.0000 0.0000 0.0000 
0.0000 0.0000 0.0000 1.0000 
0.0000 0.4451 0.0000 0.5549 
1.0000 0.0000 0.0000 0.0000 
1.0000 0.0000 0.0000 0.0000 

MOTIF filter20 
letter-probability matrix: alength= 4 w= 15 nsites= 15 
0.2128 0.2340 0.2031 0.3501 
0.2940 0.3153 0.1277 0.2631 
0.2689 0.2534 0.2824 0.1954 
0.4739 0.0000 0.4700 0.0561 
0.1915 0.0000 0.3791 0.4294 
0.0000 0.0019 0.0000 0.9981 
0.0000 0.0000 1.0000 0.0000 
0.6402 0.2379 0.0097 0.1122 
0.0464 0.3810 0.5725 0.0000 
0.0445 0.0271 0.0000 0.9284 
0.4371 0.5474 0.0000 0.0155 
1.0000 0.0000 0.0000 0.0000 
0.0039 0.0232 0.3598 0.6132 
0.2863 0.2689 0.3366 0.1083 
0.1721 0.1896 0.3424 0.2959 

MOTIF filter21 
letter-probability matrix: alength= 4 w= 16 nsites= 16 
0.2495 0.2459 0.2242 0.2803 
0.2351 0.2767 0.2242 0.2640 
0.2387 0.2025 0.1537 0.4051 
0.0344 0.1356 0.1320 0.6980 
0.0000 0.0054 0.0000 0.9946 
0.0000 0.3020 0.0145 0.6835 
0.0325 0.9675 0.0000 0.0000 
0.0271 0.5714 0.0000 0.4014 
0.4647 0.0000 0.4756 0.0597 
0.0000 0.0000 1.0000 0.0000 
0.3183 0.0108 0.6691 0.0018 
1.0000 0.0000 0.0000 0.0000 
0.9928 0.0018 0.0054 0.0000 
0.4828 0.0886 0.2206 0.2080 
0.2459 0.2477 0.2260 0.2803 
0.2188 0.2604 0.3237 0.1971 

MOTIF filter22 
letter-probability matrix: alength= 4 w= 18 nsites= 18 
0.2316 0.2842 0.2246 0.2596 
0.2772 0.2316 0.2421 0.2491 
0.2421 0.2772 0.2175 0.2632 
0.5193 0.0105 0.1193 0.3509 
0.6947 0.0070 0.0281 0.2702 
0.4351 0.0000 0.0211 0.5439 
0.2877 0.1579 0.1474 0.4070 
0.0105 0.0000 0.0000 0.9895 
0.0000 0.0000 1.0000 0.0000 
0.0035 0.9965 0.0000 0.0000 
0.0000 0.0000 0.0000 1.0000 
0.0000 0.0000 0.9930 0.0070 
1.0000 0.0000 0.0000 0.0000 
0.0211 0.5298 0.3088 0.1404 
0.1965 0.1158 0.0491 0.6386 
0.1789 0.3965 0.1123 0.3123 
0.5474 0.0351 0.1825 0.2351 
0.1509 0.0246 0.5895 0.2351 

MOTIF filter23 
letter-probability matrix: alength= 4 w= 11 nsites= 11 
0.2273 0.2100 0.2428 0.3199 
0.1939 0.1887 0.4085 0.2089 
0.3700 0.2710 0.3280 0.0311 
0.0196 0.0069 0.0092 0.9643 
0.0144 0.0029 0.9206 0.0621 
0.9856 0.0012 0.0035 0.0098 
0.0345 0.4655 0.4678 0.0322 
0.0242 0.0196 0.0081 0.9482 
0.0558 0.8895 0.0219 0.0328 
0.9557 0.0035 0.0334 0.0075 
0.0242 0.3130 0.2831 0.3797 

MOTIF filter24 
letter-probability matrix: alength= 4 w= 15 nsites= 15 
0.2403 0.2442 0.2597 0.2558 
0.2171 0.2442 0.2481 0.2907 
0.2093 0.2171 0.3217 0.2519 
0.2519 0.0426 0.6705 0.0349 
0.1163 0.0000 0.8488 0.0349 
0.1318 0.0000 0.8682 0.0000 
0.0000 0.0000 1.0000 0.0000 
0.0000 0.0000 1.0000 0.0000 
0.2713 0.5969 0.0000 0.1318 
0.0000 0.0000 1.0000 0.0000 
0.0000 0.0000 1.0000 0.0000 
0.0969 0.0000 0.9031 0.0000 
0.1318 0.0078 0.8605 0.0000 
0.1589 0.6124 0.1744 0.0543 
0.3178 0.1860 0.3023 0.1938 

MOTIF filter25 
letter-probability matrix: alength= 4 w= 18 nsites= 18 
0.2736 0.2401 0.2188 0.2675 
0.2371 0.2857 0.2675 0.2097 
0.2371 0.2401 0.2462 0.2766 
0.1125 0.0182 0.6960 0.1733 
0.0790 0.7173 0.1155 0.0881 
0.2918 0.3495 0.2523 0.1064 
0.0426 0.0000 0.8693 0.0881 
0.0000 1.0000 0.0000 0.0000 
0.0000 1.0000 0.0000 0.0000 
1.0000 0.0000 0.0000 0.0000 
0.0000 0.0000 0.0000 1.0000 
0.0061 0.4590 0.1429 0.3921 
0.0000 0.0152 0.0000 0.9848 
0.0000 0.0091 0.0000 0.9909 
0.0729 0.0851 0.7143 0.1277 
0.2827 0.2219 0.2492 0.2462 
0.2067 0.2766 0.2553 0.2614 
0.2401 0.2918 0.2432 0.2249 

MOTIF filter26 
letter-probability matrix: alength= 4 w= 14 nsites= 14 
0.2330 0.2713 0.2557 0.2401 
0.2628 0.2537 0.2421 0.2414 
0.4692 0.1551 0.3394 0.0363 
0.0026 0.0058 0.0052 0.9864 
0.0026 0.0019 0.1038 0.8916 
0.3264 0.0052 0.5542 0.1142 
0.0305 0.8170 0.0214 0.1311 
0.1447 0.0260 0.8008 0.0286 
0.1226 0.6204 0.0039 0.2531 
0.9027 0.0921 0.0006 0.0045 
0.9935 0.0013 0.0052 0.0000 
0.0305 0.3478 0.1531 0.4685 
0.2531 0.2648 0.2641 0.2180 
0.2446 0.2245 0.2589 0.2719 

MOTIF filter27 
letter-probability matrix: alength= 4 w= 15 nsites= 15 
0.2720 0.2230 0.2770 0.2280 
0.2483 0.3243 0.2264 0.2010 
0.5270 0.0287 0.1047 0.3395 
0.5574 0.0405 0.0676 0.3345 
0.5203 0.0000 0.0135 0.4662 
0.2517 0.1301 0.2264 0.3919 
0.0000 0.0000 0.0000 1.0000 
0.0000 0.1301 0.8699 0.0000 
0.2247 0.7753 0.0000 0.0000 
0.0000 0.0000 0.2010 0.7990 
0.0000 0.2078 0.7922 0.0000 
1.0000 0.0000 0.0000 0.0000 
0.1655 0.3834 0.2517 0.1993 
0.2162 0.0845 0.0186 0.6807 
0.2247 0.2770 0.0743 0.4240 

MOTIF filter28 
letter-probability matrix: alength= 4 w= 15 nsites= 15 
0.2636 0.2543 0.2031 0.2791 
0.2791 0.2527 0.2233 0.2450 
0.1457 0.1814 0.1132 0.5597 
0.0000 0.0000 0.0000 1.0000 
0.0000 0.0000 0.0000 1.0000 
0.0155 0.9845 0.0000 0.0000 
0.0000 0.8961 0.0000 0.1039 
0.2140 0.2481 0.2155 0.3225 
0.2217 0.0000 0.7767 0.0016 
0.0000 0.0000 0.9798 0.0202 
1.0000 0.0000 0.0000 0.0000 
1.0000 0.0000 0.0000 0.0000 
0.5442 0.1271 0.1969 0.1318 
0.2388 0.2775 0.2636 0.2202 
0.2667 0.2450 0.2512 0.2372 

MOTIF filter29 
letter-probability matrix: alength= 4 w= 15 nsites= 15 
0.2732 0.2976 0.2122 0.2171 
0.0756 0.1927 0.4951 0.2366 
0.0000 0.8049 0.0220 0.1732 
0.0000 0.8244 0.0000 0.1756 
0.0000 1.0000 0.0000 0.0000 
0.0000 1.0000 0.0000 0.0000 
0.0902 0.0000 0.6073 0.3024 
0.0000 1.0000 0.0000 0.0000 
0.0000 1.0000 0.0000 0.0000 
0.0000 0.7854 0.0000 0.2146 
0.0756 0.8244 0.0000 0.1000 
0.0463 0.6415 0.0512 0.2610 
0.2610 0.2537 0.2415 0.2439 
0.2829 0.2390 0.2317 0.2463 
0.2244 0.3024 0.2341 0.2390 

MOTIF filter30 
letter-probability matrix: alength= 4 w= 14 nsites= 14 
0.1290 0.0874 0.3382 0.4454 
0.0333 0.8585 0.0000 0.1082 
0.0000 0.0010 0.0000 0.9990 
0.9969 0.0000 0.0031 0.0000 
0.2799 0.0000 0.0114 0.7086 
0.4485 0.0042 0.0000 0.5473 
0.5484 0.0000 0.0010 0.4506 
0.6847 0.0031 0.0010 0.3111 
0.0000 0.0010 0.0000 0.9990 
0.9969 0.0000 0.0031 0.0000 
0.1165 0.0031 0.8460 0.0343 
0.4485 0.3621 0.0510 0.1384 
0.2945 0.2227 0.2539 0.2289 
0.2466 0.2851 0.2279 0.2404 

MOTIF filter31 
letter-probability matrix: alength= 4 w= 13 nsites= 13 
0.4894 0.2007 0.1373 0.1725 
0.0458 0.4014 0.1127 0.4401 
0.0528 0.3556 0.3486 0.2430 
0.4754 0.0669 0.4577 0.0000 
0.5915 0.0070 0.3592 0.0423 
0.0000 1.0000 0.0000 0.0000 
0.0000 1.0000 0.0000 0.0000 
1.0000 0.0000 0.0000 0.0000 
1.0000 0.0000 0.0000 0.0000 
0.0000 0.0000 0.0000 1.0000 
0.0035 0.8028 0.1937 0.0000 
0.8803 0.0035 0.1162 0.0000 
0.0563 0.0246 0.9190 0.0000 

