MEME version 4

ALPHABET= ACGT

Background letter frequencies:
A 0.2500 C 0.2500 G 0.2500 T 0.2500 

MOTIF filter0 
letter-probability matrix: alength= 4 w= 16 nsites= 16 
0.2445 0.2727 0.2351 0.2476 
0.5329 0.0063 0.1317 0.3292 
0.6489 0.0094 0.0345 0.3072 
0.4545 0.0000 0.0313 0.5141 
0.2853 0.1411 0.1567 0.4169 
0.0031 0.0000 0.0000 0.9969 
0.0000 0.0000 1.0000 0.0000 
0.0313 0.9687 0.0000 0.0000 
0.0000 0.0000 0.0000 1.0000 
0.0000 0.0000 0.9843 0.0157 
1.0000 0.0000 0.0000 0.0000 
0.0219 0.5329 0.3135 0.1317 
0.2006 0.1442 0.0376 0.6176 
0.1975 0.3574 0.1254 0.3197 
0.5141 0.0533 0.2038 0.2288 
0.1411 0.0439 0.5392 0.2759 

MOTIF filter1 
letter-probability matrix: alength= 4 w= 14 nsites= 14 
0.1996 0.0735 0.4769 0.2500 
0.2300 0.4338 0.1922 0.1439 
0.2500 0.3887 0.2227 0.1387 
0.5063 0.0000 0.4905 0.0032 
0.3939 0.5977 0.0084 0.0000 
0.1733 0.6019 0.2248 0.0000 
1.0000 0.0000 0.0000 0.0000 
0.0000 0.0011 0.0000 0.9989 
0.0000 0.2237 0.6197 0.1565 
0.0000 0.0032 0.5746 0.4223 
0.0200 0.4296 0.0000 0.5504 
0.0683 0.1534 0.5473 0.2311 
0.1765 0.1691 0.5389 0.1155 
0.1964 0.4454 0.1334 0.2248 

MOTIF filter2 
letter-probability matrix: alength= 4 w= 16 nsites= 16 
0.5112 0.1940 0.1343 0.1604 
0.0373 0.4142 0.1231 0.4254 
0.0672 0.3507 0.3731 0.2090 
0.4701 0.0560 0.4739 0.0000 
0.6119 0.0037 0.3470 0.0373 
0.0000 1.0000 0.0000 0.0000 
0.0000 1.0000 0.0000 0.0000 
1.0000 0.0000 0.0000 0.0000 
1.0000 0.0000 0.0000 0.0000 
0.0000 0.0000 0.0000 1.0000 
0.0112 0.7836 0.2052 0.0000 
0.8993 0.0037 0.0970 0.0000 
0.0485 0.0410 0.9104 0.0000 
0.2127 0.2985 0.2873 0.2015 
0.3022 0.1530 0.2910 0.2537 
0.2276 0.2948 0.2090 0.2687 

MOTIF filter3 
letter-probability matrix: alength= 4 w= 12 nsites= 12 
0.2504 0.2475 0.2387 0.2634 
0.2599 0.2300 0.2568 0.2533 
0.2077 0.2377 0.1844 0.3702 
0.0323 0.0503 0.0318 0.8855 
0.0270 0.0305 0.0718 0.8707 
0.2088 0.7197 0.0355 0.0360 
0.0739 0.5996 0.0132 0.3132 
0.2462 0.2326 0.2700 0.2512 
0.3103 0.0101 0.6192 0.0604 
0.0559 0.0262 0.7266 0.1913 
0.8543 0.0800 0.0329 0.0329 
0.8869 0.0321 0.0559 0.0252 

MOTIF filter4 
letter-probability matrix: alength= 4 w= 17 nsites= 17 
0.1921 0.1474 0.4763 0.1842 
0.1632 0.5289 0.0947 0.2132 
0.2605 0.2947 0.2579 0.1868 
0.0974 0.1026 0.6526 0.1474 
0.0816 0.7368 0.0684 0.1132 
0.0263 0.9026 0.0421 0.0289 
1.0000 0.0000 0.0000 0.0000 
0.4632 0.0000 0.0132 0.5237 
0.2316 0.2816 0.3316 0.1553 
0.6342 0.0053 0.0000 0.3605 
0.0000 0.0053 0.0000 0.9947 
0.0158 0.0132 0.9500 0.0211 
0.1079 0.0605 0.7632 0.0684 
0.1447 0.6632 0.0816 0.1105 
0.1895 0.2895 0.2658 0.2553 
0.1132 0.1263 0.6053 0.1553 
0.2105 0.5158 0.1526 0.1211 

MOTIF filter5 
letter-probability matrix: alength= 4 w= 18 nsites= 18 
0.0748 0.1214 0.5821 0.2217 
0.3714 0.3476 0.1058 0.1752 
0.0036 0.9863 0.0064 0.0036 
0.0009 0.8823 0.0027 0.1141 
0.8458 0.0046 0.0100 0.1396 
0.0365 0.0000 0.0027 0.9608 
0.9370 0.0018 0.0018 0.0593 
0.0493 0.0036 0.0009 0.9462 
0.9626 0.0064 0.0000 0.0310 
0.1542 0.0073 0.0064 0.8321 
0.1113 0.0137 0.8750 0.0000 
0.0064 0.0027 0.9881 0.0027 
0.1697 0.0922 0.3522 0.3859 
0.2400 0.6049 0.1168 0.0383 
0.6843 0.0356 0.0794 0.2007 
0.2518 0.2719 0.2272 0.2491 
0.2208 0.2619 0.2591 0.2582 
0.2345 0.2327 0.2655 0.2673 

MOTIF filter6 
letter-probability matrix: alength= 4 w= 13 nsites= 13 
0.4000 0.1484 0.1903 0.2613 
0.3919 0.1387 0.2500 0.2194 
0.1968 0.0000 0.0000 0.8032 
0.1758 0.5742 0.0016 0.2484 
0.5081 0.0000 0.0000 0.4919 
0.0000 0.0000 1.0000 0.0000 
0.0000 1.0000 0.0000 0.0000 
0.4645 0.0000 0.0000 0.5355 
0.1823 0.0016 0.7274 0.0887 
0.8565 0.0000 0.0032 0.1403 
0.1419 0.2290 0.1694 0.4597 
0.2645 0.1306 0.0500 0.5548 
0.1645 0.3403 0.1887 0.3065 

MOTIF filter7 
letter-probability matrix: alength= 4 w= 12 nsites= 12 
0.2298 0.2623 0.2594 0.2485 
0.3846 0.2130 0.2525 0.1499 
0.2229 0.2988 0.3116 0.1667 
0.0000 1.0000 0.0000 0.0000 
1.0000 0.0000 0.0000 0.0000 
0.0000 1.0000 0.0000 0.0000 
0.0000 0.0000 1.0000 0.0000 
0.0000 0.0000 0.0000 1.0000 
0.0000 0.0000 1.0000 0.0000 
0.1686 0.2870 0.3146 0.2298 
0.1736 0.2377 0.1795 0.4093 
0.2327 0.2554 0.2495 0.2623 

MOTIF filter8 
letter-probability matrix: alength= 4 w= 12 nsites= 12 
0.2494 0.2481 0.2455 0.2570 
0.4668 0.1739 0.2724 0.0870 
0.2136 0.3376 0.3517 0.0972 
0.0000 1.0000 0.0000 0.0000 
1.0000 0.0000 0.0000 0.0000 
0.0000 1.0000 0.0000 0.0000 
0.0000 0.0000 1.0000 0.0000 
0.0000 0.0000 0.0000 1.0000 
0.0000 0.0000 1.0000 0.0000 
0.1164 0.3248 0.3350 0.2238 
0.1176 0.2609 0.1368 0.4847 
0.2251 0.2570 0.2558 0.2621 

MOTIF filter9 
letter-probability matrix: alength= 4 w= 12 nsites= 12 
0.2497 0.2699 0.2475 0.2329 
0.2307 0.2676 0.2699 0.2318 
0.1209 0.0515 0.3494 0.4782 
0.0146 0.8656 0.0000 0.1198 
0.0000 0.0000 0.0000 1.0000 
1.0000 0.0000 0.0000 0.0000 
0.2475 0.0000 0.0000 0.7525 
0.4446 0.0000 0.0000 0.5554 
0.5353 0.0000 0.0000 0.4647 
0.6797 0.0000 0.0000 0.3203 
0.0000 0.0000 0.0000 1.0000 
1.0000 0.0000 0.0000 0.0000 

MOTIF filter10 
letter-probability matrix: alength= 4 w= 16 nsites= 16 
0.2312 0.2432 0.2492 0.2763 
0.2357 0.2613 0.2492 0.2538 
0.2267 0.2748 0.2297 0.2688 
0.5405 0.1201 0.3333 0.0060 
0.0000 0.0000 0.0000 1.0000 
0.0000 0.0000 0.0165 0.9835 
0.2883 0.0000 0.6532 0.0586 
0.0000 0.9505 0.0000 0.0495 
0.0526 0.0030 0.9444 0.0000 
0.0511 0.7117 0.0000 0.2372 
0.9940 0.0060 0.0000 0.0000 
1.0000 0.0000 0.0000 0.0000 
0.0000 0.3574 0.1201 0.5225 
0.2853 0.2553 0.2523 0.2072 
0.2402 0.2087 0.2718 0.2793 
0.2538 0.2432 0.2628 0.2402 

MOTIF filter11 
letter-probability matrix: alength= 4 w= 11 nsites= 11 
0.2487 0.2757 0.2299 0.2456 
0.2657 0.2356 0.2281 0.2707 
0.6347 0.0000 0.0000 0.3653 
0.0000 0.0000 0.0000 1.0000 
0.0000 0.0238 0.0000 0.9762 
0.9380 0.0000 0.0620 0.0000 
1.0000 0.0000 0.0000 0.0000 
0.3690 0.0000 0.0000 0.6310 
0.2682 0.2381 0.2456 0.2481 
0.2306 0.2632 0.2632 0.2431 
0.2619 0.2519 0.2287 0.2575 

MOTIF filter12 
letter-probability matrix: alength= 4 w= 16 nsites= 16 
0.2278 0.2597 0.2431 0.2694 
0.2444 0.2611 0.2611 0.2333 
0.2333 0.2472 0.2694 0.2500 
0.4986 0.1125 0.3847 0.0042 
0.0000 0.0000 0.0000 1.0000 
0.0000 0.0000 0.0264 0.9736 
0.2875 0.0000 0.6500 0.0625 
0.0000 0.9542 0.0000 0.0458 
0.0569 0.0000 0.9431 0.0000 
0.0667 0.6944 0.0000 0.2389 
0.9736 0.0264 0.0000 0.0000 
1.0000 0.0000 0.0000 0.0000 
0.0069 0.3458 0.1222 0.5250 
0.2778 0.2458 0.2889 0.1875 
0.2208 0.2194 0.2639 0.2958 
0.2569 0.2292 0.2611 0.2528 

MOTIF filter13 
letter-probability matrix: alength= 4 w= 16 nsites= 16 
0.2248 0.2435 0.2622 0.2695 
0.2164 0.2820 0.2685 0.2331 
0.2882 0.2352 0.2393 0.2373 
0.1769 0.0760 0.0510 0.6961 
0.0375 0.0905 0.6483 0.2237 
0.4069 0.3788 0.0853 0.1290 
0.0052 0.9719 0.0156 0.0073 
0.0010 0.9750 0.0094 0.0146 
0.8106 0.0021 0.0104 0.1769 
0.0302 0.0000 0.0031 0.9667 
0.9906 0.0052 0.0042 0.0000 
0.0000 0.0042 0.0021 0.9938 
0.9625 0.0042 0.0021 0.0312 
0.1686 0.0083 0.0031 0.8200 
0.0094 0.0094 0.9802 0.0010 
0.0021 0.0104 0.9834 0.0042 

MOTIF filter14 
letter-probability matrix: alength= 4 w= 12 nsites= 12 
0.4299 0.2166 0.1592 0.1943 
0.0541 0.3248 0.1242 0.4968 
0.0701 0.2962 0.3535 0.2803 
0.4045 0.1146 0.4809 0.0000 
0.5764 0.0032 0.3694 0.0510 
0.0000 1.0000 0.0000 0.0000 
0.0000 1.0000 0.0000 0.0000 
1.0000 0.0000 0.0000 0.0000 
0.9968 0.0000 0.0032 0.0000 
0.0000 0.0000 0.0000 1.0000 
0.0096 0.8248 0.1656 0.0000 
0.8790 0.0000 0.1210 0.0000 

MOTIF filter15 
letter-probability matrix: alength= 4 w= 17 nsites= 17 
0.1174 0.3081 0.3837 0.1907 
0.1430 0.6163 0.1058 0.1349 
0.1686 0.5233 0.1314 0.1767 
0.1279 0.2930 0.5756 0.0035 
0.1058 0.6721 0.1442 0.0779 
0.1337 0.6407 0.2023 0.0233 
0.0116 0.8523 0.0547 0.0814 
0.2779 0.4198 0.1826 0.1198 
0.0174 0.1919 0.5279 0.2628 
0.5267 0.0977 0.2640 0.1116 
0.0000 0.0477 0.3849 0.5674 
0.9186 0.0012 0.0674 0.0128 
0.1791 0.1849 0.3535 0.2826 
0.0244 0.1372 0.4407 0.3977 
0.1640 0.0233 0.7744 0.0384 
0.1826 0.0314 0.3558 0.4302 
0.1302 0.4628 0.0919 0.3151 

MOTIF filter16 
letter-probability matrix: alength= 4 w= 20 nsites= 20 
0.2283 0.2462 0.2600 0.2655 
0.1843 0.2847 0.2847 0.2462 
0.2999 0.2311 0.2187 0.2503 
0.1389 0.0660 0.0330 0.7620 
0.0220 0.0715 0.6933 0.2132 
0.4168 0.4085 0.0646 0.1100 
0.0000 1.0000 0.0000 0.0000 
0.0000 0.9945 0.0014 0.0041 
0.8446 0.0000 0.0041 0.1513 
0.0151 0.0000 0.0000 0.9849 
0.9986 0.0014 0.0000 0.0000 
0.0000 0.0000 0.0014 0.9986 
0.9959 0.0000 0.0000 0.0041 
0.1403 0.0014 0.0000 0.8583 
0.0000 0.0055 0.9945 0.0000 
0.0000 0.0014 0.9986 0.0000 
0.0825 0.0660 0.4072 0.4443 
0.2160 0.6905 0.0743 0.0193 
0.7799 0.0220 0.0413 0.1568 
0.2311 0.2710 0.2517 0.2462 

MOTIF filter17 
letter-probability matrix: alength= 4 w= 16 nsites= 16 
0.2449 0.3230 0.2021 0.2299 
0.4225 0.0866 0.0663 0.4246 
0.5155 0.0663 0.1112 0.3070 
0.5508 0.0759 0.0503 0.3230 
0.2524 0.1487 0.3401 0.2588 
0.0000 0.0000 0.0000 1.0000 
0.0064 0.5198 0.4738 0.0000 
0.4599 0.5401 0.0000 0.0000 
0.0000 0.0000 0.5380 0.4620 
0.0000 0.4824 0.5176 0.0000 
1.0000 0.0000 0.0000 0.0000 
0.2727 0.3230 0.2011 0.2032 
0.2845 0.0620 0.0299 0.6235 
0.2738 0.1829 0.0567 0.4866 
0.3155 0.1358 0.0866 0.4620 
0.2802 0.1176 0.3519 0.2503 

MOTIF filter18 
letter-probability matrix: alength= 4 w= 13 nsites= 13 
0.1167 0.3370 0.2819 0.2643 
0.3414 0.2577 0.3084 0.0925 
0.4141 0.0815 0.4229 0.0815 
0.0154 0.9780 0.0022 0.0044 
0.0000 0.6300 0.0000 0.3700 
0.5837 0.0441 0.3612 0.0110 
1.0000 0.0000 0.0000 0.0000 
0.0000 0.0000 0.0000 1.0000 
0.0154 0.3744 0.0969 0.5132 
0.3260 0.0000 0.6718 0.0022 
0.0000 0.0198 0.9802 0.0000 
0.1123 0.2974 0.0793 0.5110 
0.0991 0.3568 0.1828 0.3612 

MOTIF filter19 
letter-probability matrix: alength= 4 w= 13 nsites= 13 
0.2488 0.2602 0.2422 0.2488 
0.2415 0.2608 0.2428 0.2548 
0.1468 0.1074 0.3215 0.4243 
0.0747 0.7465 0.0147 0.1641 
0.0040 0.0307 0.0133 0.9520 
0.9586 0.0093 0.0160 0.0160 
0.2989 0.0160 0.0200 0.6651 
0.4350 0.0093 0.0100 0.5457 
0.5284 0.0080 0.0100 0.4536 
0.6498 0.0113 0.0073 0.3316 
0.0167 0.0160 0.0187 0.9486 
0.9313 0.0140 0.0394 0.0153 
0.1601 0.0073 0.7799 0.0527 

MOTIF filter20 
letter-probability matrix: alength= 4 w= 15 nsites= 15 
0.1322 0.4478 0.2388 0.1812 
0.2367 0.4264 0.1535 0.1834 
0.1642 0.0810 0.5757 0.1791 
0.0299 0.9104 0.0384 0.0213 
0.5330 0.4670 0.0000 0.0000 
0.9595 0.0043 0.0362 0.0000 
0.2281 0.0064 0.3134 0.4520 
0.6461 0.1962 0.0362 0.1215 
0.0000 0.0000 0.0000 1.0000 
0.0000 0.0000 0.6908 0.3092 
0.0128 0.0299 0.9403 0.0171 
0.1386 0.6780 0.0256 0.1578 
0.1727 0.2409 0.3667 0.2196 
0.1748 0.2026 0.4733 0.1493 
0.2196 0.5565 0.0597 0.1642 

MOTIF filter21 
letter-probability matrix: alength= 4 w= 13 nsites= 13 
0.2564 0.2406 0.2315 0.2715 
0.2371 0.2259 0.3067 0.2303 
0.3483 0.2478 0.3045 0.0995 
0.0445 0.0555 0.0520 0.8480 
0.0291 0.0435 0.7443 0.1831 
0.8621 0.0445 0.0528 0.0406 
0.1262 0.4075 0.4080 0.0582 
0.0274 0.0533 0.0408 0.8785 
0.1613 0.7626 0.0372 0.0389 
0.8685 0.0504 0.0486 0.0325 
0.0936 0.3109 0.2691 0.3265 
0.2258 0.3112 0.2276 0.2354 
0.2698 0.2285 0.2527 0.2491 

MOTIF filter22 
letter-probability matrix: alength= 4 w= 16 nsites= 16 
0.2864 0.2500 0.1955 0.2682 
0.2500 0.3591 0.2864 0.1045 
0.1909 0.3455 0.3409 0.1227 
0.1000 0.6636 0.2227 0.0136 
0.0409 0.9318 0.0000 0.0273 
0.0136 0.0409 0.9136 0.0318 
0.0091 0.0000 0.9773 0.0136 
0.9636 0.0091 0.0273 0.0000 
0.9318 0.0318 0.0364 0.0000 
0.0000 0.0136 0.9727 0.0136 
0.0318 0.4545 0.0045 0.5091 
0.1682 0.0045 0.8091 0.0182 
0.1318 0.1409 0.7227 0.0045 
0.2045 0.5000 0.2318 0.0636 
0.3818 0.2273 0.2455 0.1455 
0.1818 0.3045 0.3000 0.2136 

MOTIF filter23 
letter-probability matrix: alength= 4 w= 13 nsites= 13 
0.1445 0.3925 0.2338 0.2291 
0.1657 0.4630 0.1774 0.1939 
0.5135 0.1222 0.2562 0.1081 
0.1034 0.6498 0.0905 0.1563 
0.0893 0.0670 0.1093 0.7344 
0.0705 0.0893 0.0717 0.7685 
0.0000 0.9718 0.0282 0.0000 
0.0059 0.9918 0.0000 0.0024 
0.0000 0.0000 0.9894 0.0106 
0.0000 0.0787 0.9189 0.0024 
0.5864 0.1105 0.1586 0.1445 
0.6005 0.1199 0.1293 0.1504 
0.2009 0.1398 0.5170 0.1422 

MOTIF filter24 
letter-probability matrix: alength= 4 w= 20 nsites= 20 
0.2222 0.2222 0.3333 0.2222 
0.4444 0.5556 0.0000 0.0000 
0.2222 0.0000 0.1111 0.6667 
0.0000 0.6667 0.0000 0.3333 
0.0000 0.0000 0.1111 0.8889 
0.0000 0.3333 0.1111 0.5556 
0.0000 0.2222 0.0000 0.7778 
0.0000 0.7778 0.1111 0.1111 
0.4444 0.1111 0.4444 0.0000 
0.2222 0.1111 0.6667 0.0000 
0.4444 0.1111 0.4444 0.0000 
0.6667 0.3333 0.0000 0.0000 
0.0000 0.1111 0.8889 0.0000 
0.2222 0.1111 0.5556 0.1111 
0.0000 0.0000 0.7778 0.2222 
0.1111 0.0000 0.3333 0.5556 
0.0000 0.0000 0.4444 0.5556 
0.0000 0.7778 0.2222 0.0000 
0.1111 0.0000 0.6667 0.2222 
0.2222 0.5556 0.0000 0.2222 

MOTIF filter25 
letter-probability matrix: alength= 4 w= 17 nsites= 17 
0.2686 0.2234 0.2606 0.2473 
0.2899 0.2926 0.2287 0.1888 
0.2394 0.2447 0.2606 0.2553 
0.1383 0.0213 0.6809 0.1596 
0.0878 0.7128 0.1011 0.0984 
0.2713 0.3511 0.2872 0.0904 
0.0399 0.0000 0.7872 0.1729 
0.0000 0.9973 0.0000 0.0027 
0.0000 0.9521 0.0000 0.0479 
1.0000 0.0000 0.0000 0.0000 
0.0000 0.0000 0.0000 1.0000 
0.0053 0.4415 0.0851 0.4681 
0.0000 0.0665 0.0000 0.9335 
0.0027 0.0053 0.0000 0.9920 
0.1223 0.1064 0.5452 0.2261 
0.3777 0.2021 0.1941 0.2261 
0.2021 0.1968 0.2952 0.3059 

MOTIF filter26 
letter-probability matrix: alength= 4 w= 13 nsites= 13 
0.1455 0.2230 0.3858 0.2457 
0.0000 0.6208 0.1255 0.2537 
0.0134 0.7089 0.0000 0.2777 
0.0000 1.0000 0.0000 0.0000 
0.0000 1.0000 0.0000 0.0000 
0.1562 0.0000 0.5247 0.3191 
0.0000 0.9987 0.0013 0.0000 
0.0000 0.9987 0.0000 0.0013 
0.0013 0.7156 0.0013 0.2817 
0.1429 0.6662 0.0000 0.1909 
0.0948 0.5047 0.1121 0.2884 
0.2363 0.2724 0.2563 0.2350 
0.2644 0.2457 0.2390 0.2510 

MOTIF filter27 
letter-probability matrix: alength= 4 w= 16 nsites= 16 
0.2385 0.2552 0.2385 0.2678 
0.0126 0.8828 0.0544 0.0502 
0.0000 0.1632 0.0000 0.8368 
0.0000 0.2092 0.7908 0.0000 
1.0000 0.0000 0.0000 0.0000 
0.0000 0.0000 0.0000 1.0000 
0.0000 0.0000 0.0000 1.0000 
0.0000 0.0000 1.0000 0.0000 
0.0000 0.0000 1.0000 0.0000 
0.0460 0.3933 0.0000 0.5607 
0.0167 0.4310 0.1255 0.4268 
0.1715 0.5105 0.2971 0.0209 
0.5732 0.1172 0.2887 0.0209 
0.1339 0.1213 0.2720 0.4728 
0.1548 0.1172 0.2636 0.4644 
0.0084 0.2971 0.1799 0.5146 

MOTIF filter28 
letter-probability matrix: alength= 4 w= 13 nsites= 13 
0.2770 0.2982 0.2216 0.2032 
0.2876 0.2507 0.2058 0.2559 
0.2322 0.2797 0.2084 0.2797 
0.0106 0.7520 0.1293 0.1082 
0.0000 0.1609 0.0000 0.8391 
0.0000 0.2507 0.7256 0.0237 
1.0000 0.0000 0.0000 0.0000 
0.0000 0.0000 0.0000 1.0000 
0.0000 0.0000 0.0000 1.0000 
0.0000 0.0000 1.0000 0.0000 
0.0000 0.0000 1.0000 0.0000 
0.0317 0.4248 0.0026 0.5409 
0.0000 0.4274 0.1293 0.4433 

MOTIF filter29 
letter-probability matrix: alength= 4 w= 18 nsites= 18 
0.2988 0.5444 0.0325 0.1243 
0.2456 0.1982 0.0680 0.4882 
0.2692 0.1686 0.3284 0.2337 
0.6183 0.0473 0.1213 0.2130 
0.1716 0.3254 0.4763 0.0266 
0.0000 0.0000 0.0000 1.0000 
0.0118 0.9882 0.0000 0.0000 
1.0000 0.0000 0.0000 0.0000 
0.0000 0.0000 0.9763 0.0237 
0.0000 1.0000 0.0000 0.0000 
0.9941 0.0000 0.0000 0.0059 
0.4645 0.1775 0.1065 0.2515 
0.4142 0.0562 0.0000 0.5296 
0.4172 0.0740 0.0000 0.5089 
0.2959 0.1154 0.0296 0.5592 
0.2663 0.2308 0.2485 0.2544 
0.2751 0.2988 0.2160 0.2101 
0.2071 0.3077 0.2485 0.2367 

MOTIF filter30 
letter-probability matrix: alength= 4 w= 14 nsites= 14 
0.2214 0.3990 0.1800 0.1995 
0.2652 0.1582 0.1606 0.4161 
0.3504 0.4988 0.1071 0.0438 
0.9951 0.0000 0.0000 0.0049 
0.9781 0.0000 0.0219 0.0000 
0.5645 0.0462 0.3844 0.0049 
1.0000 0.0000 0.0000 0.0000 
0.0000 0.0000 0.0000 1.0000 
0.1509 0.0000 0.8491 0.0000 
0.0000 0.0000 1.0000 0.0000 
0.1484 0.7956 0.0024 0.0535 
0.1265 0.2019 0.4039 0.2676 
0.0827 0.1144 0.7129 0.0900 
0.1411 0.7056 0.0268 0.1265 

MOTIF filter31 
letter-probability matrix: alength= 4 w= 15 nsites= 15 
0.2336 0.2355 0.2683 0.2625 
0.2394 0.2587 0.2625 0.2394 
0.2761 0.0888 0.5483 0.0869 
0.1486 0.0000 0.7259 0.1255 
0.2124 0.0000 0.7876 0.0000 
0.0000 0.0000 1.0000 0.0000 
0.0000 0.0000 1.0000 0.0000 
0.3301 0.5058 0.0000 0.1641 
0.0000 0.0000 1.0000 0.0000 
0.0000 0.0000 1.0000 0.0000 
0.2027 0.0000 0.7896 0.0077 
0.2259 0.0483 0.7259 0.0000 
0.1988 0.4884 0.1969 0.1158 
0.2548 0.2162 0.2896 0.2394 
0.2394 0.2992 0.2143 0.2471 

