MEME version 4

ALPHABET= ACGT

Background letter frequencies:
A 0.2500 C 0.2500 G 0.2500 T 0.2500 

MOTIF filter0 
letter-probability matrix: alength= 4 w= 16 nsites= 16 
0.2672 0.2510 0.2227 0.2591 
0.1174 0.0000 0.7490 0.1336 
0.0607 0.7976 0.0972 0.0445 
0.2753 0.3563 0.2672 0.1012 
0.0324 0.0000 0.9312 0.0364 
0.0000 1.0000 0.0000 0.0000 
0.0000 1.0000 0.0000 0.0000 
1.0000 0.0000 0.0000 0.0000 
0.0000 0.0000 0.0000 1.0000 
0.0040 0.4818 0.1255 0.3887 
0.0000 0.0364 0.0000 0.9636 
0.0000 0.0162 0.0000 0.9838 
0.0364 0.0891 0.8016 0.0729 
0.2753 0.2024 0.2753 0.2470 
0.2065 0.2874 0.2308 0.2753 
0.2389 0.2834 0.2632 0.2146 

MOTIF filter1 
letter-probability matrix: alength= 4 w= 16 nsites= 16 
0.2464 0.2522 0.2515 0.2500 
0.2435 0.2711 0.2427 0.2427 
0.1512 0.0967 0.3169 0.4353 
0.0640 0.7733 0.0124 0.1504 
0.0051 0.0363 0.0080 0.9506 
0.9738 0.0087 0.0109 0.0065 
0.2972 0.0044 0.0174 0.6810 
0.4419 0.0109 0.0044 0.5429 
0.5312 0.0087 0.0087 0.4513 
0.6562 0.0116 0.0087 0.3234 
0.0058 0.0116 0.0109 0.9717 
0.9484 0.0051 0.0342 0.0124 
0.1570 0.0153 0.7624 0.0654 
0.4172 0.3554 0.0698 0.1577 
0.2544 0.2507 0.2624 0.2326 
0.2515 0.2689 0.2442 0.2355 

MOTIF filter2 
letter-probability matrix: alength= 4 w= 18 nsites= 18 
0.4196 0.0769 0.1678 0.3357 
0.6399 0.0210 0.0734 0.2657 
0.4650 0.0035 0.0350 0.4965 
0.2902 0.1608 0.1399 0.4091 
0.0210 0.0000 0.0000 0.9790 
0.0000 0.0000 1.0000 0.0000 
0.0000 1.0000 0.0000 0.0000 
0.0000 0.0000 0.0000 1.0000 
0.0000 0.0000 0.9755 0.0245 
1.0000 0.0000 0.0000 0.0000 
0.0175 0.5664 0.2797 0.1364 
0.2133 0.0629 0.0350 0.6888 
0.1853 0.4091 0.0979 0.3077 
0.5105 0.0175 0.2238 0.2483 
0.1329 0.0315 0.6189 0.2168 
0.2273 0.2867 0.2517 0.2343 
0.2727 0.1923 0.2552 0.2797 
0.1958 0.2483 0.2483 0.3077 

MOTIF filter3 
letter-probability matrix: alength= 4 w= 13 nsites= 13 
0.1482 0.1995 0.3639 0.2884 
0.0216 0.4852 0.2318 0.2615 
0.0755 0.6226 0.1429 0.1590 
0.6981 0.0162 0.2642 0.0216 
0.0000 0.9542 0.0000 0.0458 
0.0000 0.0000 0.0000 1.0000 
0.0000 0.0000 0.0000 1.0000 
0.0000 1.0000 0.0000 0.0000 
0.0000 1.0000 0.0000 0.0000 
0.0000 0.0000 0.9811 0.0189 
0.0000 0.1482 0.8410 0.0108 
0.2668 0.1995 0.2426 0.2911 
0.2615 0.2264 0.2534 0.2588 

MOTIF filter4 
letter-probability matrix: alength= 4 w= 14 nsites= 14 
0.2857 0.2351 0.2344 0.2447 
0.1763 0.2208 0.1531 0.4498 
0.0027 0.0246 0.0075 0.9651 
0.0021 0.0034 0.0383 0.9563 
0.1271 0.8298 0.0164 0.0267 
0.0328 0.7033 0.0034 0.2604 
0.2522 0.2406 0.2468 0.2604 
0.2440 0.0000 0.7211 0.0349 
0.0089 0.0089 0.8647 0.1176 
0.9481 0.0437 0.0048 0.0034 
0.9856 0.0062 0.0075 0.0007 
0.4573 0.1470 0.2290 0.1668 
0.2372 0.2679 0.2365 0.2584 
0.2591 0.2358 0.2604 0.2447 

MOTIF filter5 
letter-probability matrix: alength= 4 w= 19 nsites= 19 
0.1763 0.1139 0.0741 0.6356 
0.0470 0.1275 0.6184 0.2071 
0.3807 0.3535 0.1031 0.1627 
0.0036 0.9765 0.0136 0.0063 
0.0009 0.9132 0.0127 0.0732 
0.8165 0.0181 0.0127 0.1528 
0.0488 0.0000 0.0045 0.9467 
0.9467 0.0063 0.0027 0.0443 
0.0145 0.0045 0.0081 0.9729 
0.9557 0.0127 0.0009 0.0307 
0.1745 0.0118 0.0063 0.8074 
0.0552 0.0217 0.9231 0.0000 
0.0108 0.0036 0.9747 0.0108 
0.1284 0.0850 0.3707 0.4159 
0.2486 0.5886 0.1049 0.0579 
0.6691 0.0389 0.0949 0.1971 
0.2495 0.2821 0.2269 0.2414 
0.2342 0.2595 0.2703 0.2360 
0.2550 0.2333 0.2631 0.2486 

MOTIF filter6 
letter-probability matrix: alength= 4 w= 16 nsites= 16 
0.2908 0.2482 0.2648 0.1962 
0.2719 0.3002 0.2317 0.1962 
0.0709 0.1986 0.4941 0.2364 
0.0000 0.7943 0.0236 0.1820 
0.0000 0.8274 0.0000 0.1726 
0.0000 1.0000 0.0000 0.0000 
0.0000 1.0000 0.0000 0.0000 
0.1017 0.0000 0.5910 0.3073 
0.0000 1.0000 0.0000 0.0000 
0.0000 1.0000 0.0000 0.0000 
0.0000 0.7991 0.0000 0.2009 
0.0780 0.8085 0.0000 0.1135 
0.0449 0.6241 0.0496 0.2813 
0.2624 0.2530 0.2411 0.2435 
0.2861 0.2364 0.2340 0.2435 
0.2340 0.2837 0.2435 0.2388 

MOTIF filter7 
letter-probability matrix: alength= 4 w= 16 nsites= 16 
0.2248 0.2464 0.2493 0.2795 
0.2392 0.2622 0.2507 0.2478 
0.2320 0.2709 0.2478 0.2493 
0.5389 0.1124 0.3444 0.0043 
0.0000 0.0000 0.0000 1.0000 
0.0000 0.0000 0.0173 0.9827 
0.3026 0.0000 0.6297 0.0677 
0.0000 0.9438 0.0000 0.0562 
0.0620 0.0000 0.9380 0.0000 
0.0519 0.7176 0.0000 0.2305 
0.9856 0.0144 0.0000 0.0000 
1.0000 0.0000 0.0000 0.0000 
0.0000 0.3646 0.1196 0.5159 
0.2781 0.2550 0.2608 0.2061 
0.2248 0.2118 0.2810 0.2824 
0.2536 0.2464 0.2608 0.2392 

MOTIF filter8 
letter-probability matrix: alength= 4 w= 18 nsites= 18 
0.2169 0.2574 0.2537 0.2721 
0.2169 0.2757 0.2941 0.2132 
0.2721 0.2904 0.2243 0.2132 
0.1618 0.7243 0.0588 0.0551 
0.9926 0.0000 0.0074 0.0000 
0.9926 0.0000 0.0074 0.0000 
0.4044 0.0919 0.4743 0.0294 
1.0000 0.0000 0.0000 0.0000 
0.0000 0.0000 0.0000 1.0000 
0.0000 0.0000 1.0000 0.0000 
0.0000 0.0000 1.0000 0.0000 
0.0368 0.9007 0.0000 0.0625 
0.0882 0.1912 0.4522 0.2684 
0.0662 0.0662 0.8235 0.0441 
0.1066 0.8051 0.0147 0.0735 
0.2794 0.1985 0.2243 0.2978 
0.2132 0.2353 0.3015 0.2500 
0.2574 0.2353 0.3346 0.1728 

MOTIF filter9 
letter-probability matrix: alength= 4 w= 15 nsites= 15 
0.3084 0.2857 0.1948 0.2110 
0.2922 0.2468 0.2143 0.2468 
0.2468 0.2468 0.2403 0.2662 
0.0065 0.8604 0.0649 0.0682 
0.0000 0.1169 0.0000 0.8831 
0.0000 0.1981 0.7727 0.0292 
1.0000 0.0000 0.0000 0.0000 
0.0000 0.0000 0.0000 1.0000 
0.0000 0.0000 0.0000 1.0000 
0.0000 0.0000 1.0000 0.0000 
0.0000 0.0000 1.0000 0.0000 
0.0455 0.3766 0.0065 0.5714 
0.0065 0.4481 0.1136 0.4318 
0.1916 0.4545 0.2760 0.0779 
0.5000 0.1688 0.2760 0.0552 

MOTIF filter10 
letter-probability matrix: alength= 4 w= 18 nsites= 18 
0.2323 0.2626 0.2391 0.2660 
0.2121 0.3266 0.2761 0.1852 
0.2862 0.2256 0.2121 0.2761 
0.1313 0.7071 0.1145 0.0471 
1.0000 0.0000 0.0000 0.0000 
0.9832 0.0034 0.0135 0.0000 
0.4512 0.0572 0.4916 0.0000 
1.0000 0.0000 0.0000 0.0000 
0.0000 0.0000 0.0000 1.0000 
0.0000 0.0000 1.0000 0.0000 
0.0000 0.0000 1.0000 0.0000 
0.0370 0.8788 0.0000 0.0842 
0.1077 0.2189 0.4209 0.2525 
0.0707 0.0774 0.7710 0.0808 
0.1313 0.8114 0.0101 0.0471 
0.2660 0.2391 0.2088 0.2862 
0.2458 0.2492 0.3098 0.1953 
0.2660 0.2458 0.2357 0.2525 

MOTIF filter11 
letter-probability matrix: alength= 4 w= 20 nsites= 20 
0.2142 0.2878 0.2691 0.2289 
0.2865 0.2396 0.2303 0.2436 
0.1312 0.0683 0.0388 0.7617 
0.0241 0.0723 0.6867 0.2169 
0.4190 0.4110 0.0522 0.1178 
0.0013 0.9987 0.0000 0.0000 
0.0000 0.9987 0.0000 0.0013 
0.8461 0.0000 0.0040 0.1499 
0.0161 0.0000 0.0000 0.9839 
0.9987 0.0013 0.0000 0.0000 
0.0000 0.0000 0.0013 0.9987 
0.9920 0.0000 0.0000 0.0080 
0.1473 0.0027 0.0000 0.8501 
0.0013 0.0027 0.9960 0.0000 
0.0000 0.0000 1.0000 0.0000 
0.0950 0.0616 0.3949 0.4485 
0.2021 0.6867 0.0857 0.0254 
0.7697 0.0187 0.0442 0.1673 
0.2356 0.2825 0.2396 0.2423 
0.2115 0.2651 0.2664 0.2570 

MOTIF filter12 
letter-probability matrix: alength= 4 w= 12 nsites= 12 
0.1288 0.4136 0.1593 0.2983 
0.0559 0.3085 0.3254 0.3102 
0.2169 0.5746 0.1458 0.0627 
0.1051 0.6136 0.2424 0.0390 
0.0407 0.0322 0.9119 0.0153 
0.0458 0.0322 0.9119 0.0102 
0.4508 0.0746 0.4695 0.0051 
0.5780 0.0322 0.3729 0.0169 
0.0356 0.0559 0.8814 0.0271 
0.0373 0.1831 0.4220 0.3576 
0.1051 0.0644 0.8237 0.0068 
0.1017 0.1508 0.7220 0.0254 

MOTIF filter13 
letter-probability matrix: alength= 4 w= 16 nsites= 16 
0.2694 0.5683 0.0406 0.1218 
0.2435 0.1845 0.0775 0.4945 
0.2509 0.1513 0.3321 0.2657 
0.6900 0.0221 0.0775 0.2103 
0.1697 0.3026 0.4982 0.0295 
0.0000 0.0000 0.0000 1.0000 
0.0074 0.9926 0.0000 0.0000 
1.0000 0.0000 0.0000 0.0000 
0.0000 0.0000 1.0000 0.0000 
0.0000 1.0000 0.0000 0.0000 
0.9963 0.0000 0.0000 0.0037 
0.4502 0.1587 0.1107 0.2804 
0.3948 0.0258 0.0000 0.5793 
0.3911 0.0554 0.0000 0.5535 
0.3137 0.1107 0.0148 0.5609 
0.2731 0.2435 0.2694 0.2140 

MOTIF filter14 
letter-probability matrix: alength= 4 w= 16 nsites= 16 
0.2444 0.2917 0.2167 0.2472 
0.5278 0.0083 0.1028 0.3611 
0.6889 0.0528 0.0139 0.2444 
0.5861 0.0028 0.0000 0.4111 
0.2944 0.1556 0.2694 0.2806 
0.0000 0.0000 0.0000 1.0000 
0.0000 0.2167 0.7833 0.0000 
0.2917 0.7083 0.0000 0.0000 
0.0000 0.0000 0.1750 0.8250 
0.0000 0.2806 0.7167 0.0028 
1.0000 0.0000 0.0000 0.0000 
0.1222 0.4250 0.2944 0.1583 
0.2944 0.0278 0.0361 0.6417 
0.2444 0.2722 0.0333 0.4500 
0.3722 0.0833 0.1333 0.4111 
0.2167 0.0472 0.5167 0.2194 

MOTIF filter15 
letter-probability matrix: alength= 4 w= 14 nsites= 14 
0.4723 0.1922 0.1466 0.1889 
0.0554 0.3876 0.1075 0.4495 
0.0717 0.3160 0.3746 0.2378 
0.4267 0.0847 0.4886 0.0000 
0.5570 0.0033 0.3941 0.0456 
0.0000 1.0000 0.0000 0.0000 
0.0000 1.0000 0.0000 0.0000 
1.0000 0.0000 0.0000 0.0000 
1.0000 0.0000 0.0000 0.0000 
0.0000 0.0000 0.0000 1.0000 
0.0000 0.7948 0.2052 0.0000 
0.8697 0.0033 0.1270 0.0000 
0.0651 0.0261 0.9088 0.0000 
0.2182 0.2899 0.2476 0.2443 

MOTIF filter16 
letter-probability matrix: alength= 4 w= 12 nsites= 12 
0.2422 0.2422 0.2544 0.2612 
0.2241 0.1771 0.3800 0.2188 
0.3815 0.2385 0.3475 0.0326 
0.0000 0.0000 0.0000 1.0000 
0.0000 0.0000 0.9273 0.0727 
1.0000 0.0000 0.0000 0.0000 
0.0303 0.4693 0.4610 0.0394 
0.0000 0.0000 0.0000 1.0000 
0.0659 0.9341 0.0000 0.0000 
1.0000 0.0000 0.0000 0.0000 
0.0303 0.3111 0.2763 0.3823 
0.2097 0.3671 0.2029 0.2203 

MOTIF filter17 
letter-probability matrix: alength= 4 w= 18 nsites= 18 
0.2212 0.2344 0.2623 0.2821 
0.2185 0.2834 0.2715 0.2265 
0.2861 0.2450 0.2212 0.2477 
0.1563 0.0583 0.0225 0.7629 
0.0291 0.0715 0.6848 0.2146 
0.4146 0.3960 0.0715 0.1179 
0.0000 1.0000 0.0000 0.0000 
0.0000 0.9960 0.0000 0.0040 
0.8278 0.0000 0.0013 0.1709 
0.0079 0.0000 0.0000 0.9921 
1.0000 0.0000 0.0000 0.0000 
0.0000 0.0000 0.0000 1.0000 
0.9921 0.0000 0.0000 0.0079 
0.1338 0.0013 0.0000 0.8649 
0.0013 0.0040 0.9947 0.0000 
0.0000 0.0000 0.9987 0.0013 
0.1060 0.0702 0.3921 0.4318 
0.2199 0.6742 0.0768 0.0291 

MOTIF filter18 
letter-probability matrix: alength= 4 w= 13 nsites= 13 
0.2941 0.1471 0.3396 0.2193 
0.5802 0.0775 0.1337 0.2086 
0.1364 0.3289 0.5080 0.0267 
0.0000 0.0000 0.0000 1.0000 
0.0134 0.9840 0.0000 0.0027 
1.0000 0.0000 0.0000 0.0000 
0.0000 0.0000 0.9706 0.0294 
0.0000 1.0000 0.0000 0.0000 
0.9866 0.0000 0.0000 0.0134 
0.4171 0.1738 0.1631 0.2460 
0.4278 0.0615 0.0187 0.4920 
0.3770 0.0695 0.0000 0.5535 
0.3102 0.1123 0.0348 0.5428 

MOTIF filter19 
letter-probability matrix: alength= 4 w= 15 nsites= 15 
0.2413 0.2359 0.2198 0.3029 
0.2493 0.2064 0.2842 0.2601 
0.2279 0.2735 0.2493 0.2493 
0.0027 0.8633 0.1340 0.0000 
0.0241 0.9759 0.0000 0.0000 
0.0000 0.0000 1.0000 0.0000 
0.0000 0.0000 1.0000 0.0000 
1.0000 0.0000 0.0000 0.0000 
1.0000 0.0000 0.0000 0.0000 
0.0483 0.0080 0.9437 0.0000 
0.0349 0.2976 0.0107 0.6568 
0.1850 0.0965 0.6595 0.0590 
0.2735 0.2520 0.4477 0.0268 
0.2118 0.3646 0.2574 0.1662 
0.2145 0.2895 0.2601 0.2359 

MOTIF filter20 
letter-probability matrix: alength= 4 w= 12 nsites= 12 
0.2409 0.2468 0.2456 0.2667 
0.2421 0.1842 0.3526 0.2211 
0.3918 0.1994 0.3444 0.0643 
0.0187 0.0000 0.0146 0.9667 
0.0012 0.0000 0.9129 0.0860 
0.9544 0.0111 0.0187 0.0158 
0.0474 0.4327 0.4825 0.0374 
0.0228 0.0053 0.0135 0.9585 
0.0801 0.9123 0.0000 0.0076 
0.9836 0.0123 0.0041 0.0000 
0.0485 0.3421 0.2433 0.3661 
0.2170 0.3632 0.1953 0.2246 

MOTIF filter21 
letter-probability matrix: alength= 4 w= 16 nsites= 16 
0.2526 0.2711 0.2387 0.2375 
0.2433 0.2735 0.2526 0.2306 
0.1089 0.0614 0.3441 0.4855 
0.0267 0.8656 0.0000 0.1078 
0.0000 0.0000 0.0000 1.0000 
1.0000 0.0000 0.0000 0.0000 
0.2758 0.0000 0.0000 0.7242 
0.4496 0.0000 0.0000 0.5504 
0.5574 0.0000 0.0000 0.4426 
0.6906 0.0000 0.0000 0.3094 
0.0000 0.0000 0.0000 1.0000 
1.0000 0.0000 0.0000 0.0000 
0.0904 0.0000 0.8888 0.0209 
0.4589 0.3592 0.0452 0.1367 
0.2793 0.2294 0.2642 0.2271 
0.2480 0.2793 0.2329 0.2399 

MOTIF filter22 
letter-probability matrix: alength= 4 w= 16 nsites= 16 
0.2603 0.2466 0.2397 0.2534 
0.1096 0.0308 0.7192 0.1404 
0.0616 0.7295 0.0993 0.1096 
0.2808 0.3904 0.2295 0.0993 
0.0514 0.0000 0.8390 0.1096 
0.0000 1.0000 0.0000 0.0000 
0.0000 1.0000 0.0000 0.0000 
1.0000 0.0000 0.0000 0.0000 
0.0000 0.0000 0.0000 1.0000 
0.0103 0.4589 0.1678 0.3630 
0.0000 0.0000 0.0000 1.0000 
0.0000 0.0000 0.0000 1.0000 
0.0651 0.0685 0.7466 0.1199 
0.3014 0.2329 0.2089 0.2568 
0.1747 0.2808 0.2740 0.2705 
0.2363 0.2774 0.2226 0.2637 

MOTIF filter23 
letter-probability matrix: alength= 4 w= 16 nsites= 16 
0.2751 0.3160 0.2082 0.2007 
0.2491 0.3271 0.2119 0.2119 
0.2230 0.2268 0.2714 0.2788 
0.0000 0.8959 0.0483 0.0558 
0.0000 0.1450 0.0037 0.8513 
0.0000 0.2305 0.7658 0.0037 
1.0000 0.0000 0.0000 0.0000 
0.0000 0.0000 0.0000 1.0000 
0.0000 0.0000 0.0000 1.0000 
0.0000 0.0000 1.0000 0.0000 
0.0000 0.0000 1.0000 0.0000 
0.0186 0.4126 0.0000 0.5688 
0.0112 0.4721 0.1152 0.4015 
0.1561 0.4647 0.3532 0.0260 
0.5167 0.1227 0.3123 0.0483 
0.1450 0.1338 0.2454 0.4758 

MOTIF filter24 
letter-probability matrix: alength= 4 w= 14 nsites= 14 
0.2196 0.2706 0.2392 0.2706 
0.5765 0.0000 0.0941 0.3294 
0.7294 0.0039 0.0078 0.2588 
0.4039 0.0000 0.0235 0.5725 
0.2784 0.1490 0.1216 0.4510 
0.0000 0.0000 0.0000 1.0000 
0.0000 0.0000 1.0000 0.0000 
0.0431 0.9569 0.0000 0.0000 
0.0000 0.0000 0.0000 1.0000 
0.0000 0.0000 1.0000 0.0000 
1.0000 0.0000 0.0000 0.0000 
0.0353 0.5294 0.2941 0.1412 
0.1843 0.1725 0.0392 0.6039 
0.1490 0.3882 0.1333 0.3294 

MOTIF filter25 
letter-probability matrix: alength= 4 w= 13 nsites= 13 
0.1362 0.2744 0.3459 0.2435 
0.4314 0.1720 0.3260 0.0706 
0.3907 0.3241 0.2256 0.0596 
0.0000 0.6650 0.0000 0.3350 
0.0000 0.6213 0.3787 0.0000 
1.0000 0.0000 0.0000 0.0000 
0.6103 0.0000 0.0338 0.3559 
0.0000 0.0000 0.0000 1.0000 
0.0000 0.4374 0.5596 0.0030 
0.5378 0.0000 0.4622 0.0000 
0.0596 0.3280 0.4682 0.1441 
0.1322 0.2823 0.2247 0.3608 
0.2535 0.3091 0.3141 0.1233 

MOTIF filter26 
letter-probability matrix: alength= 4 w= 12 nsites= 12 
0.2554 0.2483 0.2588 0.2375 
0.3188 0.2313 0.2546 0.1954 
0.2450 0.2815 0.2777 0.1958 
0.0499 0.8853 0.0486 0.0162 
0.8638 0.0320 0.0543 0.0499 
0.0511 0.8334 0.0389 0.0766 
0.0819 0.0379 0.8393 0.0409 
0.0472 0.0541 0.0201 0.8786 
0.0383 0.0379 0.8760 0.0478 
0.2033 0.2815 0.2722 0.2430 
0.2171 0.2617 0.2077 0.3135 
0.2369 0.2531 0.2507 0.2592 

MOTIF filter27 
letter-probability matrix: alength= 4 w= 15 nsites= 15 
0.1236 0.2609 0.1442 0.4714 
0.0629 0.1076 0.5984 0.2311 
0.3410 0.5126 0.0492 0.0973 
0.0835 0.7963 0.0812 0.0389 
0.0435 0.9188 0.0378 0.0000 
0.7300 0.0320 0.0366 0.2014 
0.0252 0.2471 0.0080 0.7197 
0.7574 0.0023 0.2323 0.0080 
0.0057 0.0092 0.0561 0.9291 
0.6522 0.0149 0.3043 0.0286 
0.0446 0.0767 0.1304 0.7483 
0.0011 0.0114 0.9233 0.0641 
0.0206 0.0435 0.9165 0.0195 
0.0950 0.0984 0.5046 0.3021 
0.2792 0.4771 0.2231 0.0206 

MOTIF filter28 
letter-probability matrix: alength= 4 w= 12 nsites= 12 
0.2552 0.2583 0.2345 0.2520 
0.2677 0.2595 0.2133 0.2595 
0.2658 0.2264 0.2320 0.2758 
0.6454 0.0000 0.0000 0.3546 
0.0000 0.0000 0.0000 1.0000 
0.0000 0.0331 0.0000 0.9669 
0.9443 0.0000 0.0557 0.0000 
1.0000 0.0000 0.0000 0.0000 
0.3659 0.0000 0.0000 0.6341 
0.2764 0.2389 0.2470 0.2376 
0.2370 0.2420 0.2695 0.2514 
0.2683 0.2452 0.2383 0.2483 

MOTIF filter29 
letter-probability matrix: alength= 4 w= 16 nsites= 16 
0.2582 0.2404 0.2374 0.2641 
0.2255 0.2344 0.2582 0.2819 
0.2344 0.2315 0.2849 0.2493 
0.2582 0.0386 0.6439 0.0593 
0.1246 0.0000 0.8042 0.0712 
0.1691 0.0000 0.8309 0.0000 
0.0000 0.0000 1.0000 0.0000 
0.0000 0.0000 1.0000 0.0000 
0.2819 0.5905 0.0000 0.1276 
0.0000 0.0000 1.0000 0.0000 
0.0000 0.0000 1.0000 0.0000 
0.1454 0.0000 0.8546 0.0000 
0.1840 0.0178 0.7982 0.0000 
0.1573 0.6024 0.1780 0.0623 
0.2849 0.1958 0.2908 0.2285 
0.2433 0.3027 0.2196 0.2344 

MOTIF filter30 
letter-probability matrix: alength= 4 w= 14 nsites= 14 
0.2369 0.2644 0.2567 0.2420 
0.2714 0.2465 0.2471 0.2350 
0.4597 0.1466 0.3579 0.0359 
0.0038 0.0045 0.0051 0.9866 
0.0013 0.0032 0.1005 0.8950 
0.2990 0.0026 0.5954 0.1031 
0.0378 0.8118 0.0262 0.1242 
0.1428 0.0218 0.8047 0.0307 
0.1236 0.6088 0.0038 0.2638 
0.8892 0.0992 0.0038 0.0077 
0.9930 0.0006 0.0064 0.0000 
0.0448 0.3259 0.1556 0.4738 
0.2542 0.2612 0.2727 0.2119 
0.2471 0.2228 0.2606 0.2695 

MOTIF filter31 
letter-probability matrix: alength= 4 w= 16 nsites= 16 
0.4342 0.2297 0.1513 0.1849 
0.0644 0.3866 0.1204 0.4286 
0.0588 0.3277 0.3838 0.2297 
0.4370 0.1120 0.4510 0.0000 
0.5826 0.0056 0.3725 0.0392 
0.0000 1.0000 0.0000 0.0000 
0.0000 1.0000 0.0000 0.0000 
1.0000 0.0000 0.0000 0.0000 
1.0000 0.0000 0.0000 0.0000 
0.0000 0.0000 0.0000 1.0000 
0.0448 0.7759 0.1793 0.0000 
0.8347 0.0000 0.1653 0.0000 
0.0560 0.0644 0.8739 0.0056 
0.2129 0.2773 0.2325 0.2773 
0.2801 0.1877 0.2717 0.2605 
0.2437 0.2857 0.2297 0.2409 

