MEME version 4

ALPHABET= ACGT

Background letter frequencies:
A 0.2500 C 0.2500 G 0.2500 T 0.2500 

MOTIF filter0 
letter-probability matrix: alength= 4 w= 18 nsites= 18 
0.2375 0.2812 0.2438 0.2375 
0.2719 0.2313 0.2625 0.2344 
0.2531 0.2688 0.2313 0.2469 
0.5250 0.0156 0.1312 0.3281 
0.6562 0.0156 0.0375 0.2906 
0.4437 0.0000 0.0281 0.5281 
0.3031 0.1594 0.1375 0.4000 
0.0125 0.0000 0.0000 0.9875 
0.0000 0.0000 1.0000 0.0000 
0.0063 0.9937 0.0000 0.0000 
0.0000 0.0000 0.0000 1.0000 
0.0000 0.0000 0.9875 0.0125 
1.0000 0.0000 0.0000 0.0000 
0.0219 0.5188 0.3094 0.1500 
0.2000 0.1187 0.0531 0.6281 
0.1844 0.3844 0.1156 0.3156 
0.5188 0.0469 0.2062 0.2281 
0.1562 0.0437 0.5625 0.2375 

MOTIF filter1 
letter-probability matrix: alength= 4 w= 20 nsites= 20 
0.2897 0.2489 0.2198 0.2416 
0.1412 0.0699 0.0291 0.7598 
0.0277 0.0786 0.6812 0.2125 
0.4163 0.4294 0.0582 0.0961 
0.0000 1.0000 0.0000 0.0000 
0.0000 0.9971 0.0000 0.0029 
0.8544 0.0000 0.0029 0.1426 
0.0175 0.0000 0.0000 0.9825 
1.0000 0.0000 0.0000 0.0000 
0.0000 0.0015 0.0015 0.9971 
0.9884 0.0000 0.0000 0.0116 
0.1208 0.0029 0.0000 0.8763 
0.0000 0.0015 0.9985 0.0000 
0.0000 0.0000 0.9985 0.0015 
0.0888 0.0670 0.4178 0.4265 
0.2140 0.6900 0.0757 0.0204 
0.8166 0.0058 0.0233 0.1543 
0.2504 0.2838 0.2300 0.2358 
0.1994 0.2635 0.2649 0.2722 
0.2460 0.2285 0.2911 0.2344 

MOTIF filter2 
letter-probability matrix: alength= 4 w= 14 nsites= 14 
0.0950 0.2831 0.2686 0.3533 
0.2314 0.3636 0.0971 0.3079 
0.1012 0.4421 0.2686 0.1880 
0.3037 0.1860 0.5103 0.0000 
0.0351 0.0124 0.7955 0.1570 
0.1033 0.0331 0.8512 0.0124 
0.0599 0.0000 0.9215 0.0186 
0.0579 0.0393 0.8533 0.0496 
0.1446 0.3678 0.4421 0.0455 
0.1488 0.1302 0.6901 0.0310 
0.0021 0.0826 0.8884 0.0269 
0.0806 0.0041 0.9070 0.0083 
0.1818 0.0806 0.7376 0.0000 
0.1364 0.2975 0.4897 0.0764 

MOTIF filter3 
letter-probability matrix: alength= 4 w= 16 nsites= 16 
0.2854 0.2633 0.2190 0.2323 
0.2677 0.2080 0.2235 0.3009 
0.2478 0.2434 0.2102 0.2987 
0.1637 0.1571 0.0487 0.6305 
0.0000 0.0000 0.0000 1.0000 
0.0000 0.0000 0.0000 1.0000 
0.0000 1.0000 0.0000 0.0000 
0.0000 0.9956 0.0000 0.0044 
0.1681 0.3518 0.0642 0.4159 
0.3341 0.0000 0.6549 0.0111 
0.0000 0.0000 0.9469 0.0531 
0.9978 0.0022 0.0000 0.0000 
1.0000 0.0000 0.0000 0.0000 
0.5487 0.1438 0.1969 0.1106 
0.2544 0.2389 0.2743 0.2323 
0.2544 0.2412 0.2456 0.2588 

MOTIF filter4 
letter-probability matrix: alength= 4 w= 15 nsites= 15 
0.2059 0.3971 0.2059 0.1912 
0.5686 0.1176 0.2500 0.0637 
0.0980 0.7010 0.1176 0.0833 
0.0784 0.0882 0.0784 0.7549 
0.0196 0.0931 0.0833 0.8039 
0.0000 0.9951 0.0049 0.0000 
0.0000 1.0000 0.0000 0.0000 
0.0000 0.0000 0.9951 0.0049 
0.0000 0.0392 0.9608 0.0000 
0.7892 0.0588 0.0686 0.0833 
0.8137 0.0588 0.0637 0.0637 
0.1127 0.1078 0.6814 0.0980 
0.0833 0.3137 0.0784 0.5245 
0.2206 0.1373 0.5637 0.0784 
0.2941 0.2108 0.4020 0.0931 

MOTIF filter5 
letter-probability matrix: alength= 4 w= 17 nsites= 17 
0.2383 0.2924 0.2744 0.1949 
0.2671 0.2347 0.2130 0.2852 
0.1480 0.7617 0.0758 0.0144 
1.0000 0.0000 0.0000 0.0000 
0.9783 0.0000 0.0217 0.0000 
0.4152 0.0542 0.5199 0.0108 
1.0000 0.0000 0.0000 0.0000 
0.0000 0.0000 0.0000 1.0000 
0.0000 0.0000 1.0000 0.0000 
0.0000 0.0000 1.0000 0.0000 
0.0433 0.8700 0.0000 0.0866 
0.1083 0.2274 0.4368 0.2274 
0.0614 0.0866 0.7906 0.0614 
0.1155 0.7834 0.0181 0.0830 
0.2744 0.2419 0.1949 0.2888 
0.2744 0.2274 0.2744 0.2238 
0.2780 0.2310 0.3249 0.1661 

MOTIF filter6 
letter-probability matrix: alength= 4 w= 18 nsites= 18 
0.3083 0.2500 0.2000 0.2417 
0.2292 0.2708 0.2542 0.2458 
0.2125 0.2708 0.2583 0.2583 
0.1292 0.0083 0.7208 0.1417 
0.0458 0.7958 0.1167 0.0417 
0.2792 0.3958 0.2167 0.1083 
0.0208 0.0000 0.9167 0.0625 
0.0000 1.0000 0.0000 0.0000 
0.0000 1.0000 0.0000 0.0000 
1.0000 0.0000 0.0000 0.0000 
0.0000 0.0000 0.0000 1.0000 
0.0125 0.4708 0.1542 0.3625 
0.0000 0.0000 0.0000 1.0000 
0.0000 0.0000 0.0000 1.0000 
0.0458 0.0708 0.7708 0.1125 
0.2958 0.2167 0.2083 0.2792 
0.2292 0.2917 0.2500 0.2292 
0.2333 0.3125 0.2375 0.2167 

MOTIF filter7 
letter-probability matrix: alength= 4 w= 15 nsites= 15 
0.2485 0.2394 0.2545 0.2576 
0.2424 0.2182 0.2606 0.2788 
0.2212 0.2182 0.3000 0.2606 
0.2636 0.0394 0.6333 0.0636 
0.1182 0.0000 0.8242 0.0576 
0.1727 0.0000 0.8273 0.0000 
0.0000 0.0000 1.0000 0.0000 
0.0000 0.0000 1.0000 0.0000 
0.2848 0.5909 0.0000 0.1242 
0.0000 0.0000 1.0000 0.0000 
0.0000 0.0000 1.0000 0.0000 
0.1515 0.0000 0.8485 0.0000 
0.1727 0.0121 0.8152 0.0000 
0.1636 0.6000 0.1758 0.0606 
0.2667 0.2000 0.2848 0.2485 

MOTIF filter8 
letter-probability matrix: alength= 4 w= 14 nsites= 14 
0.2301 0.2596 0.2684 0.2419 
0.2389 0.2507 0.2566 0.2537 
0.2301 0.2419 0.2832 0.2448 
0.0560 0.0177 0.3481 0.5782 
0.0029 0.8555 0.0000 0.1416 
0.0000 0.0000 0.0000 1.0000 
1.0000 0.0000 0.0000 0.0000 
0.0029 0.0000 0.0029 0.9941 
0.0088 0.0000 0.0000 0.9912 
0.0708 0.0000 0.0000 0.9292 
0.3923 0.0029 0.0000 0.6047 
0.0029 0.0000 0.0000 0.9971 
0.9912 0.0000 0.0088 0.0000 
0.0059 0.0000 0.9410 0.0531 

MOTIF filter9 
letter-probability matrix: alength= 4 w= 15 nsites= 15 
0.2055 0.2575 0.2493 0.2877 
0.1452 0.1973 0.3863 0.2712 
0.0137 0.4959 0.2411 0.2493 
0.0685 0.6411 0.1452 0.1452 
0.7014 0.0137 0.2575 0.0274 
0.0000 0.9479 0.0027 0.0493 
0.0000 0.0000 0.0000 1.0000 
0.0000 0.0000 0.0000 1.0000 
0.0000 1.0000 0.0000 0.0000 
0.0000 1.0000 0.0000 0.0000 
0.0000 0.0000 0.9644 0.0356 
0.0000 0.1644 0.8219 0.0137 
0.2329 0.2027 0.2685 0.2959 
0.2356 0.2384 0.2603 0.2658 
0.2630 0.2247 0.2192 0.2932 

MOTIF filter10 
letter-probability matrix: alength= 4 w= 15 nsites= 15 
0.2746 0.2582 0.2090 0.2582 
0.2684 0.2193 0.2520 0.2602 
0.0963 0.2008 0.1885 0.5143 
0.0000 0.0000 0.0000 1.0000 
0.0000 0.0000 0.0061 0.9939 
0.0307 0.9693 0.0000 0.0000 
0.0082 0.6803 0.0000 0.3115 
0.3627 0.0861 0.3750 0.1762 
0.0102 0.0000 0.9898 0.0000 
0.0000 0.0000 1.0000 0.0000 
1.0000 0.0000 0.0000 0.0000 
1.0000 0.0000 0.0000 0.0000 
0.6332 0.0697 0.1332 0.1639 
0.2316 0.2869 0.2213 0.2602 
0.2664 0.2070 0.3033 0.2234 

MOTIF filter11 
letter-probability matrix: alength= 4 w= 15 nsites= 15 
0.2661 0.2157 0.2213 0.2969 
0.2633 0.2325 0.2941 0.2101 
0.2325 0.2829 0.2493 0.2353 
0.0112 0.8431 0.1457 0.0000 
0.0448 0.9552 0.0000 0.0000 
0.0000 0.0000 1.0000 0.0000 
0.0000 0.0000 1.0000 0.0000 
1.0000 0.0000 0.0000 0.0000 
1.0000 0.0000 0.0000 0.0000 
0.0392 0.0028 0.9580 0.0000 
0.0252 0.2941 0.0112 0.6695 
0.1709 0.0980 0.6807 0.0504 
0.2465 0.2661 0.4650 0.0224 
0.2213 0.3613 0.2465 0.1709 
0.2129 0.2857 0.2577 0.2437 

MOTIF filter12 
letter-probability matrix: alength= 4 w= 13 nsites= 13 
0.2421 0.2350 0.2625 0.2604 
0.2350 0.1658 0.3927 0.2065 
0.3967 0.2289 0.3622 0.0122 
0.0000 0.0000 0.0000 1.0000 
0.0000 0.0000 1.0000 0.0000 
1.0000 0.0000 0.0000 0.0000 
0.0000 0.5056 0.4944 0.0000 
0.0000 0.0000 0.0000 1.0000 
0.0000 1.0000 0.0000 0.0000 
1.0000 0.0000 0.0000 0.0000 
0.0020 0.3398 0.2564 0.4018 
0.2177 0.3561 0.1882 0.2380 
0.2614 0.2238 0.2716 0.2431 

MOTIF filter13 
letter-probability matrix: alength= 4 w= 18 nsites= 18 
0.2557 0.4299 0.0871 0.2273 
0.3693 0.0701 0.2992 0.2614 
0.3068 0.3636 0.2557 0.0739 
0.0587 0.0587 0.2500 0.6326 
0.2955 0.2595 0.3371 0.1080 
0.8068 0.0833 0.1098 0.0000 
0.0057 0.6155 0.0303 0.3485 
0.0000 0.5360 0.0625 0.4015 
0.3523 0.1155 0.3977 0.1345 
0.4943 0.1155 0.3902 0.0000 
0.0000 0.2860 0.0019 0.7121 
0.0341 0.6023 0.1136 0.2500 
0.6856 0.0095 0.2670 0.0379 
0.0947 0.2614 0.6439 0.0000 
0.1098 0.0057 0.0814 0.8030 
0.0985 0.3144 0.0833 0.5038 
0.1061 0.2822 0.1667 0.4451 
0.1117 0.4792 0.1212 0.2879 

MOTIF filter14 
letter-probability matrix: alength= 4 w= 14 nsites= 14 
0.2910 0.2396 0.2714 0.1980 
0.2812 0.2983 0.2127 0.2078 
0.0685 0.2005 0.4939 0.2372 
0.0000 0.8068 0.0196 0.1736 
0.0024 0.8264 0.0000 0.1711 
0.0000 1.0000 0.0000 0.0000 
0.0000 1.0000 0.0000 0.0000 
0.1051 0.0000 0.6039 0.2910 
0.0000 1.0000 0.0000 0.0000 
0.0000 1.0000 0.0000 0.0000 
0.0000 0.8020 0.0000 0.1980 
0.0733 0.8166 0.0000 0.1100 
0.0416 0.6308 0.0587 0.2689 
0.2616 0.2518 0.2445 0.2421 

MOTIF filter15 
letter-probability matrix: alength= 4 w= 17 nsites= 17 
0.2947 0.2520 0.1992 0.2541 
0.2602 0.2297 0.2073 0.3028 
0.2317 0.4593 0.1179 0.1911 
0.4919 0.0183 0.0752 0.4146 
0.5854 0.0447 0.0752 0.2947 
0.5264 0.0041 0.0142 0.4553 
0.2703 0.1646 0.3171 0.2480 
0.0000 0.0000 0.0000 1.0000 
0.0000 0.4248 0.5752 0.0000 
0.4919 0.5081 0.0000 0.0000 
0.0000 0.0000 0.3882 0.6118 
0.0000 0.4350 0.5650 0.0000 
1.0000 0.0000 0.0000 0.0000 
0.2317 0.3659 0.1992 0.2033 
0.2866 0.0244 0.0041 0.6850 
0.2846 0.2256 0.0203 0.4695 
0.3923 0.0508 0.0549 0.5020 

MOTIF filter16 
letter-probability matrix: alength= 4 w= 17 nsites= 17 
0.2089 0.2439 0.2709 0.2763 
0.1941 0.2871 0.2830 0.2358 
0.2722 0.2655 0.2156 0.2466 
0.1388 0.0633 0.0296 0.7682 
0.0283 0.0674 0.6873 0.2170 
0.4178 0.4030 0.0714 0.1078 
0.0000 1.0000 0.0000 0.0000 
0.0000 0.9973 0.0000 0.0027 
0.8598 0.0000 0.0013 0.1388 
0.0121 0.0000 0.0000 0.9879 
1.0000 0.0000 0.0000 0.0000 
0.0000 0.0000 0.0000 1.0000 
0.9987 0.0000 0.0000 0.0013 
0.1550 0.0027 0.0000 0.8423 
0.0013 0.0027 0.9960 0.0000 
0.0000 0.0000 0.9987 0.0013 
0.0943 0.0553 0.3976 0.4528 

MOTIF filter17 
letter-probability matrix: alength= 4 w= 11 nsites= 11 
0.2512 0.2573 0.2366 0.2549 
0.2622 0.2536 0.2366 0.2476 
0.2603 0.2245 0.2470 0.2682 
0.6551 0.0000 0.0000 0.3449 
0.0000 0.0000 0.0000 1.0000 
0.0000 0.0395 0.0000 0.9605 
0.9246 0.0000 0.0754 0.0000 
1.0000 0.0000 0.0000 0.0000 
0.3558 0.0000 0.0000 0.6442 
0.2609 0.2324 0.2439 0.2628 
0.2384 0.2500 0.2609 0.2506 

MOTIF filter18 
letter-probability matrix: alength= 4 w= 16 nsites= 16 
0.2890 0.3088 0.2011 0.2011 
0.2691 0.2890 0.2068 0.2351 
0.2408 0.2351 0.2493 0.2748 
0.0028 0.8187 0.0850 0.0935 
0.0000 0.1501 0.0028 0.8470 
0.0000 0.2295 0.7450 0.0255 
1.0000 0.0000 0.0000 0.0000 
0.0000 0.0000 0.0000 1.0000 
0.0000 0.0000 0.0000 1.0000 
0.0000 0.0000 1.0000 0.0000 
0.0000 0.0000 1.0000 0.0000 
0.0312 0.4221 0.0000 0.5467 
0.0057 0.4193 0.1360 0.4391 
0.1785 0.4306 0.3116 0.0793 
0.4873 0.1473 0.3088 0.0567 
0.1586 0.1501 0.2550 0.4363 

MOTIF filter19 
letter-probability matrix: alength= 4 w= 15 nsites= 15 
0.2319 0.2517 0.2413 0.2751 
0.2366 0.2681 0.2599 0.2354 
0.2389 0.2599 0.2552 0.2459 
0.5128 0.1235 0.3473 0.0163 
0.0000 0.0000 0.0000 1.0000 
0.0000 0.0000 0.0326 0.9674 
0.2960 0.0000 0.6282 0.0758 
0.0047 0.9207 0.0012 0.0734 
0.0874 0.0000 0.9114 0.0012 
0.0781 0.6690 0.0000 0.2529 
0.9615 0.0385 0.0000 0.0000 
1.0000 0.0000 0.0000 0.0000 
0.0093 0.3497 0.1282 0.5128 
0.2727 0.2471 0.2692 0.2110 
0.2529 0.2040 0.2634 0.2797 

MOTIF filter20 
letter-probability matrix: alength= 4 w= 14 nsites= 14 
0.2637 0.2584 0.2249 0.2530 
0.1299 0.2035 0.1258 0.5408 
0.0000 0.0000 0.0000 1.0000 
0.0000 0.0000 0.0000 1.0000 
0.0469 0.9531 0.0000 0.0000 
0.0067 0.7858 0.0000 0.2075 
0.2704 0.2048 0.2610 0.2637 
0.1687 0.0000 0.8313 0.0000 
0.0000 0.0000 0.9692 0.0308 
1.0000 0.0000 0.0000 0.0000 
1.0000 0.0000 0.0000 0.0000 
0.5475 0.1111 0.1941 0.1473 
0.2155 0.2838 0.2517 0.2490 
0.2584 0.2396 0.2677 0.2343 

MOTIF filter21 
letter-probability matrix: alength= 4 w= 10 nsites= 10 
0.1050 0.3151 0.4118 0.1681 
0.4307 0.1576 0.3697 0.0420 
0.3046 0.4013 0.2689 0.0252 
0.0000 0.7416 0.0000 0.2584 
0.0000 0.7773 0.2227 0.0000 
1.0000 0.0000 0.0000 0.0000 
0.5147 0.0000 0.0000 0.4853 
0.0000 0.0000 0.0000 1.0000 
0.0000 0.2584 0.7416 0.0000 
0.3046 0.0000 0.6954 0.0000 

MOTIF filter22 
letter-probability matrix: alength= 4 w= 13 nsites= 13 
0.2294 0.2466 0.2171 0.3070 
0.2269 0.2598 0.2515 0.2618 
0.1680 0.1085 0.3134 0.4101 
0.1056 0.7141 0.0265 0.1537 
0.0118 0.1380 0.0177 0.8325 
0.9435 0.0088 0.0128 0.0349 
0.2952 0.0083 0.0265 0.6699 
0.5231 0.0138 0.0093 0.4538 
0.5138 0.0142 0.0133 0.4587 
0.7033 0.0123 0.0044 0.2800 
0.0187 0.0167 0.0329 0.9317 
0.8330 0.0133 0.1336 0.0201 
0.1852 0.0334 0.7254 0.0560 

MOTIF filter23 
letter-probability matrix: alength= 4 w= 18 nsites= 18 
0.2348 0.2358 0.2495 0.2798 
0.2162 0.2789 0.2681 0.2368 
0.2945 0.2319 0.2270 0.2466 
0.1683 0.0939 0.0597 0.6781 
0.0440 0.1086 0.6252 0.2221 
0.4012 0.3767 0.0881 0.1341 
0.0029 0.9667 0.0205 0.0098 
0.0020 0.9658 0.0068 0.0254 
0.7906 0.0098 0.0166 0.1830 
0.0342 0.0010 0.0029 0.9618 
0.9804 0.0078 0.0108 0.0010 
0.0000 0.0029 0.0049 0.9922 
0.9687 0.0088 0.0000 0.0225 
0.1771 0.0196 0.0068 0.7965 
0.0147 0.0245 0.9569 0.0039 
0.0020 0.0215 0.9736 0.0029 
0.1252 0.0763 0.3796 0.4188 
0.2299 0.6233 0.1057 0.0411 

MOTIF filter24 
letter-probability matrix: alength= 4 w= 16 nsites= 16 
0.4701 0.2011 0.1495 0.1793 
0.0625 0.3750 0.1141 0.4484 
0.0679 0.3179 0.3641 0.2500 
0.4375 0.1114 0.4511 0.0000 
0.5734 0.0027 0.3723 0.0516 
0.0000 1.0000 0.0000 0.0000 
0.0000 1.0000 0.0000 0.0000 
1.0000 0.0000 0.0000 0.0000 
1.0000 0.0000 0.0000 0.0000 
0.0000 0.0000 0.0000 1.0000 
0.0380 0.7745 0.1875 0.0000 
0.8533 0.0027 0.1440 0.0000 
0.0679 0.0571 0.8750 0.0000 
0.2174 0.2799 0.2337 0.2690 
0.2663 0.1875 0.2717 0.2745 
0.2255 0.2772 0.2364 0.2609 

MOTIF filter25 
letter-probability matrix: alength= 4 w= 17 nsites= 17 
0.2801 0.2541 0.2182 0.2476 
0.2638 0.2964 0.2378 0.2020 
0.2443 0.2541 0.2508 0.2508 
0.1140 0.0130 0.7003 0.1726 
0.0717 0.7492 0.0879 0.0912 
0.2834 0.3420 0.2769 0.0977 
0.0554 0.0000 0.8730 0.0717 
0.0000 1.0000 0.0000 0.0000 
0.0000 1.0000 0.0000 0.0000 
1.0000 0.0000 0.0000 0.0000 
0.0000 0.0000 0.0000 1.0000 
0.0065 0.4788 0.1466 0.3681 
0.0000 0.0391 0.0000 0.9609 
0.0000 0.0130 0.0000 0.9870 
0.0782 0.0651 0.7720 0.0847 
0.2736 0.2280 0.2769 0.2215 
0.1987 0.2606 0.2638 0.2769 

MOTIF filter26 
letter-probability matrix: alength= 4 w= 20 nsites= 20 
0.3333 0.1667 0.1667 0.3333 
0.3333 0.5000 0.0000 0.1667 
0.6667 0.0000 0.3333 0.0000 
0.3333 0.0000 0.0000 0.6667 
0.0000 0.0000 0.0000 1.0000 
0.1667 0.0000 0.1667 0.6667 
0.0000 1.0000 0.0000 0.0000 
0.0000 0.0000 1.0000 0.0000 
0.0000 0.6667 0.3333 0.0000 
1.0000 0.0000 0.0000 0.0000 
1.0000 0.0000 0.0000 0.0000 
0.0000 0.1667 0.0000 0.8333 
0.1667 0.1667 0.0000 0.6667 
0.6667 0.1667 0.1667 0.0000 
0.0000 0.8333 0.1667 0.0000 
0.1667 0.1667 0.5000 0.1667 
0.0000 0.1667 0.1667 0.6667 
0.5000 0.1667 0.3333 0.0000 
0.1667 0.1667 0.6667 0.0000 
0.0000 0.3333 0.5000 0.1667 

MOTIF filter27 
letter-probability matrix: alength= 4 w= 18 nsites= 18 
0.2281 0.2313 0.2719 0.2688 
0.2313 0.2969 0.2656 0.2062 
0.2750 0.2500 0.2250 0.2500 
0.1437 0.6562 0.1375 0.0625 
0.9969 0.0000 0.0031 0.0000 
0.9875 0.0031 0.0094 0.0000 
0.4406 0.0812 0.4563 0.0219 
1.0000 0.0000 0.0000 0.0000 
0.0000 0.0000 0.0000 1.0000 
0.0000 0.0000 1.0000 0.0000 
0.0000 0.0000 1.0000 0.0000 
0.0406 0.8875 0.0000 0.0719 
0.1250 0.1719 0.4062 0.2969 
0.0688 0.0500 0.8219 0.0594 
0.1344 0.7906 0.0125 0.0625 
0.2469 0.2125 0.2281 0.3125 
0.2031 0.2406 0.3313 0.2250 
0.2500 0.2438 0.2531 0.2531 

MOTIF filter28 
letter-probability matrix: alength= 4 w= 10 nsites= 10 
0.2436 0.2609 0.2493 0.2462 
0.0693 0.8575 0.0415 0.0317 
0.8450 0.0306 0.0804 0.0440 
0.0380 0.7235 0.0356 0.2028 
0.1769 0.0350 0.7592 0.0289 
0.0634 0.1036 0.0316 0.8014 
0.0351 0.0313 0.8610 0.0726 
0.1995 0.2796 0.2909 0.2300 
0.2023 0.2629 0.2031 0.3318 
0.2449 0.2424 0.2546 0.2581 

MOTIF filter29 
letter-probability matrix: alength= 4 w= 12 nsites= 12 
0.2371 0.2377 0.2338 0.2913 
0.2348 0.2101 0.3462 0.2088 
0.3547 0.2881 0.3011 0.0562 
0.0276 0.0289 0.0390 0.9045 
0.0221 0.0276 0.8538 0.0965 
0.9117 0.0237 0.0328 0.0318 
0.0529 0.4462 0.4566 0.0442 
0.0279 0.0299 0.0244 0.9178 
0.0818 0.8600 0.0292 0.0289 
0.9162 0.0305 0.0283 0.0250 
0.0650 0.3085 0.2939 0.3326 
0.2062 0.3397 0.2205 0.2335 

MOTIF filter30 
letter-probability matrix: alength= 4 w= 15 nsites= 15 
0.2961 0.5498 0.0332 0.1208 
0.2447 0.1843 0.0665 0.5045 
0.2779 0.1571 0.3263 0.2387 
0.6163 0.0544 0.1208 0.2085 
0.1541 0.3142 0.5045 0.0272 
0.0000 0.0000 0.0000 1.0000 
0.0091 0.9909 0.0000 0.0000 
1.0000 0.0000 0.0000 0.0000 
0.0000 0.0000 0.9970 0.0030 
0.0000 1.0000 0.0000 0.0000 
0.9940 0.0000 0.0000 0.0060 
0.4320 0.1662 0.1360 0.2659 
0.4230 0.0423 0.0091 0.5257 
0.3988 0.0725 0.0030 0.5257 
0.3172 0.1178 0.0181 0.5468 

MOTIF filter31 
letter-probability matrix: alength= 4 w= 17 nsites= 17 
0.2517 0.2545 0.2503 0.2434 
0.2434 0.2853 0.2420 0.2294 
0.1035 0.0643 0.3455 0.4867 
0.0210 0.9273 0.0000 0.0517 
0.0000 0.0000 0.0000 1.0000 
1.0000 0.0000 0.0000 0.0000 
0.3175 0.0000 0.0042 0.6783 
0.5315 0.0014 0.0000 0.4671 
0.6336 0.0000 0.0000 0.3664 
0.7678 0.0000 0.0000 0.2322 
0.0000 0.0000 0.0000 1.0000 
1.0000 0.0000 0.0000 0.0000 
0.0797 0.0000 0.9161 0.0042 
0.5105 0.3860 0.0224 0.0811 
0.2853 0.2336 0.2587 0.2224 
0.2545 0.2573 0.2392 0.2490 
0.2559 0.2601 0.2573 0.2266 

