MEME version 4

ALPHABET= ACGT

Background letter frequencies:
A 0.2500 C 0.2500 G 0.2500 T 0.2500 

MOTIF filter0 
letter-probability matrix: alength= 4 w= 20 nsites= 20 
0.2500 0.2500 0.2500 0.2500 
0.2500 0.2500 0.2500 0.2500 
0.2500 0.2500 0.2500 0.2500 
0.2500 0.2500 0.2500 0.2500 
0.2500 0.2500 0.2500 0.2500 
0.2500 0.2500 0.2500 0.2500 
0.2500 0.2500 0.2500 0.2500 
0.2500 0.2500 0.2500 0.2500 
0.2500 0.2500 0.2500 0.2500 
0.2500 0.2500 0.2500 0.2500 
0.2500 0.2500 0.2500 0.2500 
0.2500 0.2500 0.2500 0.2500 
0.2500 0.2500 0.2500 0.2500 
0.2500 0.2500 0.2500 0.2500 
0.2500 0.2500 0.2500 0.2500 
0.2500 0.2500 0.2500 0.2500 
0.2500 0.2500 0.2500 0.2500 
0.2500 0.2500 0.2500 0.2500 
0.2500 0.2500 0.2500 0.2500 
0.2500 0.2500 0.2500 0.2500 

MOTIF filter1 
letter-probability matrix: alength= 4 w= 18 nsites= 18 
0.2163 0.1346 0.4231 0.2260 
0.1538 0.5144 0.1250 0.2067 
0.2163 0.3221 0.2548 0.2067 
0.0913 0.1106 0.6490 0.1490 
0.1202 0.6442 0.0769 0.1587 
0.0481 0.9279 0.0096 0.0144 
1.0000 0.0000 0.0000 0.0000 
0.6298 0.0000 0.0096 0.3606 
0.2740 0.2067 0.3654 0.1538 
0.7019 0.0000 0.0000 0.2981 
0.0000 0.0000 0.0000 1.0000 
0.0000 0.0000 0.9952 0.0048 
0.0192 0.0385 0.9135 0.0288 
0.0577 0.8077 0.0529 0.0817 
0.1635 0.1923 0.3846 0.2596 
0.1106 0.1250 0.7067 0.0577 
0.1490 0.6731 0.0962 0.0817 
0.2740 0.2500 0.2404 0.2356 

MOTIF filter2 
letter-probability matrix: alength= 4 w= 18 nsites= 18 
0.2718 0.4854 0.0631 0.1796 
0.2233 0.1942 0.0777 0.5049 
0.2621 0.2184 0.3350 0.1845 
0.7718 0.0534 0.0291 0.1456 
0.3738 0.0971 0.3350 0.1942 
0.0583 0.0000 0.0000 0.9417 
0.1602 0.7039 0.0000 0.1359 
0.5825 0.0000 0.0000 0.4175 
0.0000 0.0000 0.9951 0.0049 
0.0000 1.0000 0.0000 0.0000 
0.4951 0.0000 0.0000 0.5049 
0.1699 0.0000 0.6893 0.1408 
0.8883 0.0000 0.0097 0.1019 
0.1359 0.2136 0.1650 0.4854 
0.1602 0.1165 0.0146 0.7087 
0.2087 0.3689 0.1602 0.2621 
0.4126 0.1165 0.2087 0.2621 
0.1456 0.1214 0.5340 0.1990 

MOTIF filter3 
letter-probability matrix: alength= 4 w= 11 nsites= 11 
0.2718 0.3029 0.2199 0.2054 
0.2759 0.2365 0.2407 0.2469 
0.2656 0.2490 0.2448 0.2407 
0.0000 0.7863 0.1224 0.0913 
0.0000 0.1805 0.0000 0.8195 
0.0000 0.2593 0.6992 0.0415 
1.0000 0.0000 0.0000 0.0000 
0.0000 0.0000 0.0000 1.0000 
0.0000 0.0000 0.0000 1.0000 
0.0000 0.0000 1.0000 0.0000 
0.0000 0.0000 1.0000 0.0000 

MOTIF filter4 
letter-probability matrix: alength= 4 w= 15 nsites= 15 
0.2449 0.2270 0.2602 0.2679 
0.1786 0.2321 0.4056 0.1837 
0.1862 0.3214 0.2449 0.2474 
0.1224 0.6556 0.1148 0.1071 
0.6148 0.0893 0.2041 0.0918 
0.0740 0.7679 0.0587 0.0995 
0.0408 0.0153 0.0587 0.8852 
0.2883 0.4541 0.2577 0.0000 
0.0026 0.9515 0.0459 0.0000 
0.0000 0.7704 0.2168 0.0128 
0.0026 0.0102 0.9592 0.0281 
0.0000 0.3265 0.4923 0.1811 
0.5995 0.1505 0.1097 0.1403 
0.0969 0.2015 0.4796 0.2219 
0.1301 0.2066 0.1811 0.4821 

MOTIF filter5 
letter-probability matrix: alength= 4 w= 14 nsites= 14 
0.2325 0.2718 0.2574 0.2383 
0.2507 0.2679 0.2450 0.2364 
0.4976 0.1388 0.3378 0.0258 
0.0000 0.0000 0.0000 1.0000 
0.0000 0.0000 0.0517 0.9483 
0.2947 0.0000 0.6191 0.0861 
0.0096 0.8842 0.0057 0.1005 
0.1014 0.0048 0.8794 0.0144 
0.0919 0.6565 0.0000 0.2517 
0.9359 0.0641 0.0000 0.0000 
1.0000 0.0000 0.0000 0.0000 
0.0172 0.3407 0.1445 0.4976 
0.2708 0.2459 0.2737 0.2096 
0.2555 0.2124 0.2593 0.2727 

MOTIF filter6 
letter-probability matrix: alength= 4 w= 16 nsites= 16 
0.2448 0.2242 0.2507 0.2802 
0.2301 0.3068 0.2507 0.2124 
0.2920 0.2094 0.2153 0.2832 
0.1563 0.6549 0.1268 0.0619 
0.9971 0.0000 0.0029 0.0000 
0.9853 0.0000 0.0147 0.0000 
0.4307 0.0619 0.4838 0.0236 
1.0000 0.0000 0.0000 0.0000 
0.0000 0.0000 0.0000 1.0000 
0.0000 0.0000 1.0000 0.0000 
0.0000 0.0000 1.0000 0.0000 
0.0531 0.8791 0.0000 0.0678 
0.1003 0.1947 0.4336 0.2714 
0.0914 0.0767 0.7670 0.0649 
0.1268 0.7788 0.0088 0.0855 
0.2684 0.2360 0.2094 0.2861 

MOTIF filter7 
letter-probability matrix: alength= 4 w= 15 nsites= 15 
0.2762 0.3143 0.2127 0.1968 
0.0730 0.0794 0.5714 0.2762 
0.0000 0.8444 0.0317 0.1238 
0.0000 0.8794 0.0000 0.1206 
0.0000 1.0000 0.0000 0.0000 
0.0000 1.0000 0.0000 0.0000 
0.1206 0.0000 0.6127 0.2667 
0.0000 1.0000 0.0000 0.0000 
0.0000 1.0000 0.0000 0.0000 
0.0000 0.7937 0.0000 0.2063 
0.0730 0.8603 0.0000 0.0667 
0.0571 0.5905 0.0381 0.3143 
0.2286 0.2667 0.2476 0.2571 
0.2889 0.2000 0.2381 0.2730 
0.2413 0.2921 0.2413 0.2254 

MOTIF filter8 
letter-probability matrix: alength= 4 w= 20 nsites= 20 
0.2137 0.2819 0.2720 0.2324 
0.2885 0.2368 0.2313 0.2434 
0.1641 0.0749 0.0441 0.7170 
0.0308 0.0925 0.6597 0.2170 
0.4130 0.3888 0.0716 0.1267 
0.0011 0.9912 0.0055 0.0022 
0.0000 0.9879 0.0033 0.0088 
0.8282 0.0022 0.0088 0.1608 
0.0220 0.0000 0.0022 0.9758 
0.9956 0.0044 0.0000 0.0000 
0.0000 0.0022 0.0011 0.9967 
0.9780 0.0011 0.0000 0.0209 
0.1575 0.0055 0.0033 0.8337 
0.0033 0.0088 0.9879 0.0000 
0.0000 0.0044 0.9923 0.0033 
0.1123 0.0716 0.3866 0.4295 
0.2236 0.6421 0.0969 0.0374 
0.7115 0.0330 0.0716 0.1839 
0.2423 0.2720 0.2390 0.2467 
0.2313 0.2599 0.2621 0.2467 

MOTIF filter9 
letter-probability matrix: alength= 4 w= 15 nsites= 15 
0.2915 0.2714 0.2060 0.2312 
0.0452 0.2739 0.4623 0.2186 
0.0000 0.7412 0.0402 0.2186 
0.0025 0.7638 0.0000 0.2337 
0.0000 1.0000 0.0000 0.0000 
0.0000 1.0000 0.0000 0.0000 
0.0754 0.0025 0.6332 0.2889 
0.0000 1.0000 0.0000 0.0000 
0.0000 1.0000 0.0000 0.0000 
0.0000 0.7789 0.0000 0.2211 
0.1231 0.7714 0.0000 0.1055 
0.0452 0.6734 0.0678 0.2136 
0.2588 0.2412 0.2563 0.2437 
0.2462 0.2864 0.1859 0.2814 
0.2111 0.3216 0.2136 0.2538 

MOTIF filter10 
letter-probability matrix: alength= 4 w= 19 nsites= 19 
0.2500 0.2808 0.2055 0.2637 
0.2877 0.5685 0.0205 0.1233 
0.2534 0.1849 0.0548 0.5068 
0.2945 0.1678 0.2774 0.2603 
0.5959 0.0582 0.1233 0.2226 
0.1644 0.3527 0.4692 0.0137 
0.0000 0.0000 0.0000 1.0000 
0.0103 0.9897 0.0000 0.0000 
1.0000 0.0000 0.0000 0.0000 
0.0000 0.0000 0.9932 0.0068 
0.0000 1.0000 0.0000 0.0000 
1.0000 0.0000 0.0000 0.0000 
0.4555 0.1815 0.0856 0.2774 
0.4075 0.0582 0.0000 0.5342 
0.4144 0.0616 0.0000 0.5240 
0.3082 0.0959 0.0171 0.5788 
0.2911 0.2158 0.2363 0.2568 
0.2705 0.2945 0.2226 0.2123 
0.2295 0.3116 0.2260 0.2329 

MOTIF filter11 
letter-probability matrix: alength= 4 w= 20 nsites= 20 
0.2143 0.2819 0.2742 0.2296 
0.2895 0.2334 0.2219 0.2551 
0.1467 0.0816 0.0357 0.7360 
0.0268 0.0714 0.6977 0.2041 
0.4298 0.3890 0.0663 0.1148 
0.0026 0.9949 0.0026 0.0000 
0.0000 0.9923 0.0013 0.0064 
0.8520 0.0000 0.0026 0.1454 
0.0204 0.0000 0.0000 0.9796 
0.9987 0.0013 0.0000 0.0000 
0.0000 0.0000 0.0013 0.9987 
0.9974 0.0000 0.0000 0.0026 
0.1505 0.0026 0.0000 0.8469 
0.0013 0.0013 0.9974 0.0000 
0.0000 0.0000 0.9987 0.0013 
0.0969 0.0587 0.3954 0.4490 
0.2066 0.6684 0.0944 0.0306 
0.7449 0.0255 0.0625 0.1671 
0.2398 0.2870 0.2372 0.2360 
0.2168 0.2755 0.2602 0.2474 

MOTIF filter12 
letter-probability matrix: alength= 4 w= 13 nsites= 13 
0.2497 0.2341 0.2654 0.2508 
0.2403 0.1693 0.3793 0.2111 
0.4086 0.2090 0.3751 0.0073 
0.0000 0.0000 0.0000 1.0000 
0.0000 0.0000 1.0000 0.0000 
1.0000 0.0000 0.0000 0.0000 
0.0000 0.4932 0.5057 0.0010 
0.0000 0.0000 0.0000 1.0000 
0.0000 1.0000 0.0000 0.0000 
1.0000 0.0000 0.0000 0.0000 
0.0104 0.3427 0.2372 0.4096 
0.2163 0.3626 0.1818 0.2393 
0.2571 0.2163 0.2759 0.2508 

MOTIF filter13 
letter-probability matrix: alength= 4 w= 9 nsites= 9 
0.2386 0.2770 0.2254 0.2590 
0.2458 0.2590 0.2698 0.2254 
0.2794 0.2506 0.2266 0.2434 
0.0444 0.0000 0.0000 0.9556 
0.0000 0.0000 0.0000 1.0000 
0.0000 0.0000 0.0000 1.0000 
0.5683 0.0000 0.4317 0.0000 
1.0000 0.0000 0.0000 0.0000 
0.0000 0.0000 0.0000 1.0000 

MOTIF filter14 
letter-probability matrix: alength= 4 w= 20 nsites= 20 
0.2112 0.2914 0.2687 0.2286 
0.2794 0.2567 0.2246 0.2393 
0.1484 0.0602 0.0401 0.7513 
0.0227 0.0749 0.6992 0.2032 
0.3904 0.4198 0.0709 0.1190 
0.0000 1.0000 0.0000 0.0000 
0.0000 0.9973 0.0000 0.0027 
0.8342 0.0000 0.0027 0.1631 
0.0134 0.0000 0.0000 0.9866 
1.0000 0.0000 0.0000 0.0000 
0.0000 0.0000 0.0013 0.9987 
0.9933 0.0000 0.0000 0.0067 
0.1377 0.0027 0.0000 0.8596 
0.0000 0.0067 0.9933 0.0000 
0.0013 0.0013 0.9960 0.0013 
0.0896 0.0722 0.4011 0.4372 
0.2246 0.6805 0.0655 0.0294 
0.7687 0.0187 0.0455 0.1671 
0.2406 0.2767 0.2353 0.2473 
0.2259 0.2473 0.2567 0.2701 

MOTIF filter15 
letter-probability matrix: alength= 4 w= 12 nsites= 12 
0.1962 0.4871 0.1833 0.1335 
0.2231 0.2042 0.4731 0.0996 
0.1683 0.4890 0.1026 0.2400 
0.7131 0.0000 0.2869 0.0000 
0.0578 0.1295 0.0090 0.8038 
0.0408 0.3078 0.0229 0.6285 
0.0080 0.9631 0.0289 0.0000 
0.0149 0.6793 0.2351 0.0707 
0.0030 0.3486 0.6006 0.0478 
0.1036 0.3217 0.3476 0.2271 
0.2968 0.3446 0.2590 0.0996 
0.0339 0.1673 0.2380 0.5608 

MOTIF filter16 
letter-probability matrix: alength= 4 w= 18 nsites= 18 
0.2651 0.2440 0.2380 0.2530 
0.2530 0.2831 0.2560 0.2078 
0.2349 0.2440 0.2590 0.2620 
0.1145 0.0151 0.7078 0.1627 
0.0813 0.7289 0.1084 0.0813 
0.2952 0.3404 0.2651 0.0994 
0.0392 0.0000 0.8524 0.1084 
0.0000 1.0000 0.0000 0.0000 
0.0000 1.0000 0.0000 0.0000 
1.0000 0.0000 0.0000 0.0000 
0.0000 0.0000 0.0000 1.0000 
0.0060 0.4518 0.1355 0.4066 
0.0000 0.0120 0.0000 0.9880 
0.0000 0.0120 0.0000 0.9880 
0.0843 0.0934 0.6958 0.1265 
0.2801 0.2349 0.2319 0.2530 
0.2018 0.2651 0.2651 0.2681 
0.2319 0.2922 0.2440 0.2319 

MOTIF filter17 
letter-probability matrix: alength= 4 w= 14 nsites= 14 
0.2566 0.2592 0.2289 0.2553 
0.1303 0.2053 0.1553 0.5092 
0.0000 0.0000 0.0000 1.0000 
0.0000 0.0000 0.0000 1.0000 
0.0289 0.9711 0.0000 0.0000 
0.0092 0.7684 0.0000 0.2224 
0.2750 0.2053 0.2461 0.2737 
0.1816 0.0000 0.8184 0.0000 
0.0000 0.0000 0.9842 0.0158 
1.0000 0.0000 0.0000 0.0000 
1.0000 0.0000 0.0000 0.0000 
0.5355 0.1053 0.2079 0.1513 
0.2342 0.2711 0.2513 0.2434 
0.2658 0.2303 0.2553 0.2487 

MOTIF filter18 
letter-probability matrix: alength= 4 w= 12 nsites= 12 
0.2537 0.2570 0.2537 0.2356 
0.4195 0.1962 0.2447 0.1396 
0.2389 0.3153 0.2989 0.1470 
0.0000 1.0000 0.0000 0.0000 
0.9934 0.0000 0.0066 0.0000 
0.0000 0.9278 0.0000 0.0722 
0.0821 0.0000 0.9179 0.0000 
0.0000 0.0057 0.0000 0.9943 
0.0000 0.0000 1.0000 0.0000 
0.1601 0.2997 0.3013 0.2389 
0.1617 0.2381 0.1527 0.4475 
0.2348 0.2586 0.2463 0.2603 

MOTIF filter19 
letter-probability matrix: alength= 4 w= 16 nsites= 16 
0.2509 0.2679 0.2302 0.2509 
0.2528 0.2717 0.2443 0.2311 
0.1151 0.0774 0.3358 0.4717 
0.0557 0.8236 0.0057 0.1151 
0.0057 0.0019 0.0075 0.9849 
0.9934 0.0038 0.0019 0.0009 
0.2755 0.0066 0.0019 0.7160 
0.4594 0.0009 0.0019 0.5377 
0.5462 0.0028 0.0019 0.4491 
0.6953 0.0019 0.0000 0.3028 
0.0047 0.0038 0.0057 0.9858 
0.9736 0.0019 0.0142 0.0104 
0.1245 0.0028 0.8264 0.0462 
0.4264 0.3660 0.0613 0.1462 
0.2660 0.2368 0.2557 0.2415 
0.2377 0.2887 0.2443 0.2292 

MOTIF filter20 
letter-probability matrix: alength= 4 w= 16 nsites= 16 
0.2571 0.2932 0.2406 0.2090 
0.2331 0.2632 0.2707 0.2331 
0.1098 0.0556 0.3534 0.4812 
0.0346 0.9263 0.0000 0.0391 
0.0000 0.0060 0.0000 0.9940 
1.0000 0.0000 0.0000 0.0000 
0.3504 0.0000 0.0045 0.6451 
0.5925 0.0015 0.0000 0.4060 
0.6947 0.0000 0.0000 0.3053 
0.8436 0.0000 0.0000 0.1564 
0.0000 0.0000 0.0000 1.0000 
1.0000 0.0000 0.0000 0.0000 
0.1008 0.0000 0.8992 0.0000 
0.5083 0.3594 0.0376 0.0947 
0.2812 0.2391 0.2466 0.2331 
0.2632 0.2391 0.2376 0.2602 

MOTIF filter21 
letter-probability matrix: alength= 4 w= 16 nsites= 16 
0.2432 0.2877 0.2397 0.2295 
0.2637 0.2226 0.2671 0.2466 
0.2432 0.2842 0.2123 0.2603 
0.5411 0.0034 0.1267 0.3288 
0.6781 0.0103 0.0377 0.2740 
0.4658 0.0000 0.0274 0.5068 
0.2945 0.1336 0.1473 0.4247 
0.0034 0.0000 0.0000 0.9966 
0.0000 0.0000 1.0000 0.0000 
0.0137 0.9863 0.0000 0.0000 
0.0000 0.0000 0.0000 1.0000 
0.0000 0.0000 0.9932 0.0068 
1.0000 0.0000 0.0000 0.0000 
0.0240 0.5445 0.2945 0.1370 
0.2089 0.1336 0.0582 0.5993 
0.1952 0.3596 0.1130 0.3322 

MOTIF filter22 
letter-probability matrix: alength= 4 w= 13 nsites= 13 
0.2367 0.2415 0.2565 0.2652 
0.2249 0.1726 0.3864 0.2162 
0.3983 0.2162 0.3515 0.0340 
0.0000 0.0000 0.0000 1.0000 
0.0000 0.0000 0.9375 0.0625 
1.0000 0.0000 0.0000 0.0000 
0.0309 0.4759 0.4687 0.0245 
0.0000 0.0000 0.0000 1.0000 
0.0491 0.9509 0.0000 0.0000 
1.0000 0.0000 0.0000 0.0000 
0.0317 0.3238 0.2557 0.3888 
0.2122 0.3626 0.1971 0.2280 
0.2597 0.2288 0.2644 0.2470 

MOTIF filter23 
letter-probability matrix: alength= 4 w= 15 nsites= 15 
0.2046 0.2865 0.2651 0.2438 
0.2651 0.2278 0.2740 0.2331 
0.2206 0.2900 0.2491 0.2402 
0.0694 0.0320 0.3577 0.5409 
0.0000 0.9181 0.0000 0.0819 
0.0000 0.0000 0.0000 1.0000 
1.0000 0.0000 0.0000 0.0000 
0.1370 0.0000 0.0018 0.8612 
0.3416 0.0000 0.0000 0.6584 
0.4359 0.0000 0.0000 0.5641 
0.6263 0.0000 0.0000 0.3737 
0.0000 0.0000 0.0000 1.0000 
1.0000 0.0000 0.0000 0.0000 
0.0089 0.0000 0.9662 0.0249 
0.4929 0.3950 0.0445 0.0676 

MOTIF filter24 
letter-probability matrix: alength= 4 w= 16 nsites= 16 
0.2762 0.2259 0.3096 0.1883 
0.2552 0.3096 0.2427 0.1925 
0.0669 0.2092 0.5188 0.2050 
0.0000 0.8996 0.0126 0.0879 
0.0000 0.8703 0.0000 0.1297 
0.0000 1.0000 0.0000 0.0000 
0.0000 1.0000 0.0000 0.0000 
0.1088 0.0000 0.6360 0.2552 
0.0000 1.0000 0.0000 0.0000 
0.0000 1.0000 0.0000 0.0000 
0.0000 0.8577 0.0000 0.1423 
0.0167 0.9038 0.0000 0.0795 
0.0000 0.7406 0.0335 0.2259 
0.2469 0.2385 0.2427 0.2720 
0.2762 0.2552 0.2845 0.1841 
0.2385 0.2887 0.2678 0.2050 

MOTIF filter25 
letter-probability matrix: alength= 4 w= 14 nsites= 14 
0.1644 0.4749 0.1772 0.1836 
0.4568 0.1483 0.2636 0.1313 
0.1249 0.5752 0.1238 0.1761 
0.1131 0.0854 0.1377 0.6638 
0.1227 0.1868 0.0950 0.5955 
0.0000 0.9787 0.0213 0.0000 
0.0043 0.9957 0.0000 0.0000 
0.0000 0.0000 0.9925 0.0075 
0.0000 0.0640 0.9360 0.0000 
0.6179 0.0971 0.1558 0.1291 
0.6585 0.1067 0.1185 0.1163 
0.1708 0.1195 0.5763 0.1334 
0.1217 0.2807 0.1153 0.4824 
0.2092 0.1612 0.4920 0.1377 

MOTIF filter26 
letter-probability matrix: alength= 4 w= 15 nsites= 15 
0.2517 0.2334 0.2632 0.2517 
0.2311 0.2654 0.2723 0.2311 
0.2586 0.0664 0.5927 0.0824 
0.1327 0.0000 0.7735 0.0938 
0.2059 0.0000 0.7941 0.0000 
0.0000 0.0000 1.0000 0.0000 
0.0000 0.0000 1.0000 0.0000 
0.3021 0.5515 0.0000 0.1465 
0.0000 0.0000 1.0000 0.0000 
0.0000 0.0000 1.0000 0.0000 
0.1648 0.0000 0.8352 0.0000 
0.2220 0.0343 0.7437 0.0000 
0.1945 0.5240 0.1876 0.0938 
0.2723 0.2037 0.2838 0.2403 
0.2471 0.2677 0.2174 0.2677 

MOTIF filter27 
letter-probability matrix: alength= 4 w= 15 nsites= 15 
0.2566 0.2533 0.2197 0.2705 
0.2685 0.2439 0.2394 0.2481 
0.2051 0.2320 0.1783 0.3847 
0.0285 0.0537 0.0278 0.8900 
0.0171 0.0275 0.0615 0.8939 
0.1666 0.7532 0.0294 0.0508 
0.0544 0.6286 0.0104 0.3067 
0.2274 0.2527 0.2688 0.2511 
0.3038 0.0049 0.6402 0.0511 
0.0320 0.0246 0.7816 0.1618 
0.8518 0.1061 0.0239 0.0181 
0.8945 0.0417 0.0469 0.0168 
0.3960 0.1844 0.2342 0.1854 
0.2349 0.2608 0.2371 0.2672 
0.2527 0.2388 0.2763 0.2323 

MOTIF filter28 
letter-probability matrix: alength= 4 w= 12 nsites= 12 
0.1329 0.3213 0.3254 0.2204 
0.4665 0.1699 0.3120 0.0515 
0.1329 0.3368 0.4439 0.0865 
0.0000 0.8847 0.1030 0.0124 
0.9526 0.0000 0.0412 0.0062 
0.0000 0.9506 0.0412 0.0082 
0.0113 0.0072 0.9815 0.0000 
0.0041 0.0010 0.0628 0.9320 
0.0051 0.0010 0.9928 0.0010 
0.0968 0.3100 0.4192 0.1740 
0.1627 0.2626 0.1885 0.3862 
0.2451 0.2163 0.3079 0.2307 

MOTIF filter29 
letter-probability matrix: alength= 4 w= 12 nsites= 12 
0.2668 0.2593 0.2385 0.2355 
0.2705 0.2548 0.2183 0.2563 
0.2563 0.2444 0.2317 0.2675 
1.0000 0.0000 0.0000 0.0000 
0.0000 0.0000 0.0000 1.0000 
0.0000 0.3383 0.0000 0.6617 
1.0000 0.0000 0.0000 0.0000 
1.0000 0.0000 0.0000 0.0000 
0.6095 0.0000 0.0000 0.3905 
0.2794 0.2280 0.2273 0.2653 
0.2392 0.2437 0.2697 0.2474 
0.2228 0.2645 0.2504 0.2623 

MOTIF filter30 
letter-probability matrix: alength= 4 w= 15 nsites= 15 
0.3339 0.1712 0.1898 0.3051 
0.5831 0.0627 0.1102 0.2441 
0.6390 0.0017 0.0390 0.3203 
0.2305 0.0932 0.3186 0.3576 
0.0000 0.0000 0.0000 1.0000 
0.0000 0.3695 0.6305 0.0000 
0.3780 0.6220 0.0000 0.0000 
0.0000 0.0000 0.3729 0.6271 
0.0000 0.4085 0.5915 0.0000 
1.0000 0.0000 0.0000 0.0000 
0.2237 0.3492 0.2186 0.2085 
0.1508 0.0288 0.0169 0.8034 
0.2559 0.2169 0.0339 0.4932 
0.4017 0.1441 0.0915 0.3627 
0.1881 0.1051 0.4627 0.2441 

MOTIF filter31 
letter-probability matrix: alength= 4 w= 13 nsites= 13 
0.4388 0.2287 0.1543 0.1782 
0.0771 0.3670 0.1144 0.4415 
0.0691 0.3271 0.3644 0.2394 
0.4362 0.1250 0.4388 0.0000 
0.5798 0.0053 0.3670 0.0479 
0.0000 1.0000 0.0000 0.0000 
0.0000 1.0000 0.0000 0.0000 
1.0000 0.0000 0.0000 0.0000 
1.0000 0.0000 0.0000 0.0000 
0.0000 0.0000 0.0000 1.0000 
0.0160 0.7739 0.2101 0.0000 
0.8484 0.0027 0.1489 0.0000 
0.0585 0.0745 0.8617 0.0053 

