MEME version 4

ALPHABET= ACGT

Background letter frequencies:
A 0.2500 C 0.2500 G 0.2500 T 0.2500 

MOTIF filter0 
letter-probability matrix: alength= 4 w= 20 nsites= 20 
0.2907 0.2145 0.2180 0.2768 
0.2941 0.2491 0.2318 0.2249 
0.2561 0.2872 0.1869 0.2699 
0.2630 0.5917 0.0242 0.1211 
0.2457 0.1696 0.0657 0.5190 
0.2595 0.1384 0.3495 0.2526 
0.6505 0.0415 0.1003 0.2076 
0.1246 0.2976 0.5467 0.0311 
0.0000 0.0000 0.0000 1.0000 
0.0035 0.9965 0.0000 0.0000 
1.0000 0.0000 0.0000 0.0000 
0.0000 0.0000 0.9723 0.0277 
0.0000 1.0000 0.0000 0.0000 
0.9931 0.0000 0.0000 0.0069 
0.4464 0.1834 0.1246 0.2457 
0.4498 0.0311 0.0035 0.5156 
0.3633 0.0727 0.0035 0.5606 
0.3045 0.1038 0.0138 0.5779 
0.2491 0.2388 0.2664 0.2457 
0.2976 0.2699 0.2042 0.2284 

MOTIF filter1 
letter-probability matrix: alength= 4 w= 9 nsites= 9 
0.2309 0.2616 0.2616 0.2458 
0.3786 0.2141 0.2577 0.1497 
0.2270 0.2993 0.3092 0.1645 
0.0000 1.0000 0.0000 0.0000 
1.0000 0.0000 0.0000 0.0000 
0.0000 1.0000 0.0000 0.0000 
0.0000 0.0000 1.0000 0.0000 
0.0000 0.0000 0.0000 1.0000 
0.0000 0.0000 1.0000 0.0000 

MOTIF filter2 
letter-probability matrix: alength= 4 w= 12 nsites= 12 
0.2382 0.2335 0.2604 0.2678 
0.2261 0.1696 0.3994 0.2048 
0.4013 0.2215 0.3411 0.0361 
0.0000 0.0000 0.0000 1.0000 
0.0000 0.0000 0.9787 0.0213 
1.0000 0.0000 0.0000 0.0000 
0.0176 0.4893 0.4893 0.0037 
0.0000 0.0000 0.0000 1.0000 
0.0000 1.0000 0.0000 0.0000 
1.0000 0.0000 0.0000 0.0000 
0.0278 0.3281 0.2465 0.3976 
0.2159 0.3661 0.1807 0.2373 

MOTIF filter3 
letter-probability matrix: alength= 4 w= 17 nsites= 17 
0.2554 0.2923 0.2462 0.2062 
0.2400 0.2523 0.2523 0.2554 
0.1200 0.0123 0.7015 0.1662 
0.0738 0.7231 0.1262 0.0769 
0.2831 0.3415 0.2585 0.1169 
0.0431 0.0000 0.8646 0.0923 
0.0000 1.0000 0.0000 0.0000 
0.0000 1.0000 0.0000 0.0000 
1.0000 0.0000 0.0000 0.0000 
0.0000 0.0000 0.0000 1.0000 
0.0062 0.4708 0.1385 0.3846 
0.0000 0.0092 0.0000 0.9908 
0.0000 0.0062 0.0000 0.9938 
0.0831 0.0831 0.6985 0.1354 
0.2769 0.2277 0.2492 0.2462 
0.1969 0.2831 0.2646 0.2554 
0.2338 0.2892 0.2431 0.2338 

MOTIF filter4 
letter-probability matrix: alength= 4 w= 14 nsites= 14 
0.4635 0.2286 0.1365 0.1714 
0.0540 0.3683 0.0921 0.4857 
0.0667 0.3365 0.3619 0.2349 
0.4222 0.1048 0.4730 0.0000 
0.6032 0.0032 0.3556 0.0381 
0.0000 1.0000 0.0000 0.0000 
0.0000 1.0000 0.0000 0.0000 
1.0000 0.0000 0.0000 0.0000 
0.9968 0.0000 0.0032 0.0000 
0.0000 0.0000 0.0000 1.0000 
0.0254 0.7873 0.1873 0.0000 
0.8825 0.0032 0.1111 0.0032 
0.0698 0.0635 0.8571 0.0095 
0.2381 0.2476 0.2635 0.2508 

MOTIF filter5 
letter-probability matrix: alength= 4 w= 19 nsites= 19 
0.1615 0.0808 0.0475 0.7102 
0.0285 0.0819 0.6805 0.2090 
0.4192 0.3824 0.0689 0.1295 
0.0000 0.9988 0.0012 0.0000 
0.0000 0.9869 0.0024 0.0107 
0.8575 0.0000 0.0036 0.1390 
0.0214 0.0000 0.0024 0.9762 
0.9988 0.0000 0.0000 0.0012 
0.0012 0.0000 0.0000 0.9988 
0.9822 0.0000 0.0000 0.0178 
0.1556 0.0036 0.0000 0.8409 
0.0048 0.0048 0.9905 0.0000 
0.0000 0.0000 0.9976 0.0024 
0.1033 0.0689 0.3907 0.4371 
0.2150 0.6508 0.0998 0.0344 
0.7411 0.0309 0.0653 0.1627 
0.2494 0.2767 0.2268 0.2470 
0.2328 0.2530 0.2684 0.2458 
0.2387 0.2423 0.2684 0.2506 

MOTIF filter6 
letter-probability matrix: alength= 4 w= 15 nsites= 15 
0.2285 0.2172 0.2959 0.2584 
0.2697 0.0524 0.6255 0.0524 
0.1049 0.0000 0.8464 0.0487 
0.1311 0.0000 0.8689 0.0000 
0.0000 0.0000 1.0000 0.0000 
0.0000 0.0000 1.0000 0.0000 
0.2809 0.5918 0.0000 0.1273 
0.0000 0.0000 1.0000 0.0000 
0.0000 0.0000 1.0000 0.0000 
0.1348 0.0000 0.8652 0.0000 
0.1536 0.0150 0.8315 0.0000 
0.1723 0.6742 0.1386 0.0150 
0.2734 0.2210 0.3034 0.2022 
0.2434 0.3184 0.2285 0.2097 
0.2622 0.2097 0.2734 0.2547 

MOTIF filter7 
letter-probability matrix: alength= 4 w= 18 nsites= 18 
0.1855 0.4344 0.1629 0.2172 
0.2760 0.3032 0.2398 0.1810 
0.1674 0.1403 0.4842 0.2081 
0.0271 0.9593 0.0136 0.0000 
0.7647 0.2353 0.0000 0.0000 
1.0000 0.0000 0.0000 0.0000 
0.3167 0.0362 0.3439 0.3032 
0.8507 0.0905 0.0045 0.0543 
0.0000 0.0000 0.0000 1.0000 
0.0000 0.0000 0.7919 0.2081 
0.0000 0.0000 1.0000 0.0000 
0.1176 0.8009 0.0181 0.0633 
0.1448 0.1946 0.4163 0.2443 
0.1222 0.1041 0.6968 0.0769 
0.0995 0.7828 0.0407 0.0769 
0.3348 0.1538 0.1674 0.3439 
0.1991 0.2896 0.2851 0.2262 
0.2353 0.2851 0.3167 0.1629 

MOTIF filter8 
letter-probability matrix: alength= 4 w= 14 nsites= 14 
0.1576 0.1141 0.3112 0.4171 
0.0534 0.8054 0.0090 0.1322 
0.0000 0.0279 0.0049 0.9672 
0.9787 0.0066 0.0041 0.0107 
0.2898 0.0016 0.0082 0.7003 
0.4401 0.0049 0.0041 0.5509 
0.5361 0.0016 0.0025 0.4598 
0.6749 0.0115 0.0008 0.3128 
0.0156 0.0107 0.0025 0.9713 
0.9647 0.0066 0.0246 0.0041 
0.1429 0.0099 0.7964 0.0509 
0.4351 0.3448 0.0640 0.1560 
0.2685 0.2266 0.2594 0.2455 
0.2479 0.2750 0.2397 0.2373 

MOTIF filter9 
letter-probability matrix: alength= 4 w= 12 nsites= 12 
0.1709 0.2217 0.3503 0.2572 
0.0643 0.4264 0.2521 0.2572 
0.1083 0.5347 0.1743 0.1827 
0.6091 0.0338 0.3029 0.0541 
0.0000 0.8393 0.0440 0.1168 
0.0000 0.0000 0.0000 1.0000 
0.0000 0.0000 0.0000 1.0000 
0.0000 1.0000 0.0000 0.0000 
0.0000 1.0000 0.0000 0.0000 
0.0000 0.0000 0.9289 0.0711 
0.0000 0.1912 0.7851 0.0237 
0.2487 0.1827 0.2995 0.2690 

MOTIF filter10 
letter-probability matrix: alength= 4 w= 16 nsites= 16 
0.2915 0.2974 0.2099 0.2012 
0.2974 0.2711 0.1866 0.2449 
0.2332 0.2420 0.2478 0.2770 
0.0058 0.7988 0.0816 0.1137 
0.0000 0.1429 0.0000 0.8571 
0.0000 0.2536 0.7085 0.0379 
1.0000 0.0000 0.0000 0.0000 
0.0000 0.0000 0.0000 1.0000 
0.0000 0.0000 0.0000 1.0000 
0.0000 0.0000 1.0000 0.0000 
0.0000 0.0000 1.0000 0.0000 
0.0466 0.3936 0.0029 0.5569 
0.0029 0.4461 0.1283 0.4227 
0.1778 0.4519 0.2857 0.0845 
0.5044 0.1370 0.3003 0.0583 
0.1487 0.1487 0.2711 0.4315 

MOTIF filter11 
letter-probability matrix: alength= 4 w= 15 nsites= 15 
0.2526 0.2952 0.2150 0.2372 
0.2116 0.2884 0.2406 0.2594 
0.2235 0.2372 0.2833 0.2560 
0.0478 0.8720 0.0785 0.0017 
0.5137 0.0085 0.0000 0.4778 
0.4727 0.0973 0.4078 0.0222 
0.7662 0.0119 0.2201 0.0017 
0.4761 0.0000 0.0000 0.5239 
0.0000 0.0000 0.0000 1.0000 
0.0000 0.0000 1.0000 0.0000 
0.0000 0.0000 1.0000 0.0000 
0.0512 0.6195 0.0000 0.3294 
0.0461 0.3038 0.2577 0.3925 
0.1365 0.2235 0.5683 0.0717 
0.3635 0.4249 0.1195 0.0922 

MOTIF filter12 
letter-probability matrix: alength= 4 w= 12 nsites= 12 
0.2518 0.2677 0.2264 0.2542 
0.2859 0.2621 0.2129 0.2391 
0.2184 0.2351 0.2438 0.3026 
0.7863 0.0000 0.0000 0.2137 
0.0000 0.0000 0.0000 1.0000 
0.0000 0.0683 0.0000 0.9317 
0.9865 0.0000 0.0135 0.0000 
1.0000 0.0000 0.0000 0.0000 
0.3789 0.0000 0.0000 0.6211 
0.2899 0.2311 0.2756 0.2033 
0.2343 0.2534 0.2907 0.2216 
0.2613 0.2494 0.2200 0.2693 

MOTIF filter13 
letter-probability matrix: alength= 4 w= 16 nsites= 16 
0.2912 0.2471 0.2706 0.1912 
0.2618 0.3118 0.2235 0.2029 
0.0824 0.1529 0.5529 0.2118 
0.0000 0.8529 0.0029 0.1441 
0.0000 0.8706 0.0000 0.1294 
0.0000 1.0000 0.0000 0.0000 
0.0000 1.0000 0.0000 0.0000 
0.1147 0.0000 0.5882 0.2971 
0.0000 1.0000 0.0000 0.0000 
0.0000 1.0000 0.0000 0.0000 
0.0000 0.8176 0.0000 0.1824 
0.0971 0.8176 0.0000 0.0853 
0.0294 0.6676 0.0529 0.2500 
0.2235 0.2824 0.2147 0.2794 
0.2735 0.2176 0.2324 0.2765 
0.2471 0.2676 0.2412 0.2441 

MOTIF filter14 
letter-probability matrix: alength= 4 w= 14 nsites= 14 
0.2481 0.2422 0.2422 0.2674 
0.2605 0.2353 0.2476 0.2566 
0.2099 0.2428 0.1819 0.3654 
0.0277 0.0580 0.0341 0.8802 
0.0316 0.0352 0.0847 0.8486 
0.2150 0.7054 0.0323 0.0472 
0.0713 0.5920 0.0139 0.3228 
0.2499 0.2302 0.2628 0.2571 
0.3192 0.0110 0.6100 0.0598 
0.0408 0.0316 0.7393 0.1884 
0.8537 0.0888 0.0285 0.0290 
0.8891 0.0364 0.0541 0.0203 
0.3882 0.1871 0.2266 0.1981 
0.2374 0.2520 0.2469 0.2638 

MOTIF filter15 
letter-probability matrix: alength= 4 w= 17 nsites= 17 
0.2219 0.2796 0.2736 0.2249 
0.2705 0.2796 0.1884 0.2614 
0.1672 0.6292 0.1277 0.0760 
0.9970 0.0000 0.0030 0.0000 
0.9818 0.0000 0.0182 0.0000 
0.4043 0.0912 0.5015 0.0030 
1.0000 0.0000 0.0000 0.0000 
0.0000 0.0000 0.0000 1.0000 
0.0000 0.0000 1.0000 0.0000 
0.0000 0.0000 1.0000 0.0000 
0.0578 0.8815 0.0000 0.0608 
0.1185 0.1884 0.4377 0.2553 
0.0729 0.0699 0.7872 0.0699 
0.1246 0.7872 0.0122 0.0760 
0.2614 0.2310 0.2249 0.2827 
0.2128 0.2401 0.3070 0.2401 
0.2796 0.2097 0.2766 0.2340 

MOTIF filter16 
letter-probability matrix: alength= 4 w= 17 nsites= 17 
0.4043 0.3900 0.0761 0.1296 
0.0000 0.9952 0.0048 0.0000 
0.0000 0.9964 0.0012 0.0024 
0.8276 0.0012 0.0059 0.1653 
0.0131 0.0000 0.0000 0.9869 
0.9988 0.0012 0.0000 0.0000 
0.0000 0.0024 0.0012 0.9964 
0.9881 0.0024 0.0000 0.0095 
0.1534 0.0012 0.0012 0.8442 
0.0000 0.0036 0.9964 0.0000 
0.0000 0.0036 0.9964 0.0000 
0.0987 0.0737 0.3983 0.4293 
0.2200 0.6576 0.0904 0.0321 
0.7360 0.0238 0.0654 0.1748 
0.2354 0.2782 0.2426 0.2438 
0.2188 0.2628 0.2616 0.2568 
0.2402 0.2342 0.2735 0.2521 

MOTIF filter17 
letter-probability matrix: alength= 4 w= 11 nsites= 11 
0.2660 0.2564 0.2179 0.2596 
0.2564 0.2340 0.3526 0.1571 
0.2276 0.2340 0.2821 0.2564 
0.0032 0.8718 0.1250 0.0000 
0.0064 0.9936 0.0000 0.0000 
0.0000 0.0000 1.0000 0.0000 
0.0000 0.0000 1.0000 0.0000 
1.0000 0.0000 0.0000 0.0000 
1.0000 0.0000 0.0000 0.0000 
0.0064 0.0000 0.9936 0.0000 
0.0256 0.3205 0.0064 0.6474 

MOTIF filter18 
letter-probability matrix: alength= 4 w= 15 nsites= 15 
0.1445 0.3188 0.1674 0.3693 
0.0642 0.3394 0.3257 0.2706 
0.3739 0.1284 0.4771 0.0206 
0.5046 0.0321 0.4174 0.0459 
0.0000 1.0000 0.0000 0.0000 
0.0000 0.9151 0.0000 0.0849 
0.9151 0.0092 0.0757 0.0000 
1.0000 0.0000 0.0000 0.0000 
0.0000 0.0000 0.0000 1.0000 
0.0298 0.7041 0.1055 0.1606 
0.6995 0.0000 0.3005 0.0000 
0.0183 0.0390 0.9404 0.0023 
0.2110 0.2661 0.1697 0.3532 
0.2110 0.2225 0.2339 0.3326 
0.2317 0.3394 0.2018 0.2271 

MOTIF filter19 
letter-probability matrix: alength= 4 w= 20 nsites= 20 
0.2229 0.2751 0.2689 0.2331 
0.2863 0.2413 0.2342 0.2382 
0.1667 0.0838 0.0470 0.7025 
0.0348 0.1012 0.6391 0.2249 
0.4100 0.3896 0.0798 0.1207 
0.0061 0.9796 0.0102 0.0041 
0.0010 0.9836 0.0041 0.0112 
0.8016 0.0082 0.0153 0.1748 
0.0266 0.0010 0.0031 0.9693 
0.9857 0.0072 0.0061 0.0010 
0.0000 0.0051 0.0020 0.9928 
0.9724 0.0041 0.0000 0.0235 
0.1656 0.0112 0.0061 0.8170 
0.0061 0.0174 0.9744 0.0020 
0.0072 0.0123 0.9765 0.0041 
0.1176 0.0736 0.3885 0.4202 
0.2311 0.6258 0.0992 0.0440 
0.6892 0.0419 0.0767 0.1922 
0.2434 0.2658 0.2434 0.2474 
0.2301 0.2597 0.2618 0.2485 

MOTIF filter20 
letter-probability matrix: alength= 4 w= 13 nsites= 13 
0.2500 0.2352 0.2563 0.2584 
0.2373 0.1635 0.3903 0.2089 
0.4124 0.2110 0.3745 0.0021 
0.0000 0.0000 0.0000 1.0000 
0.0000 0.0000 1.0000 0.0000 
1.0000 0.0000 0.0000 0.0000 
0.0000 0.5011 0.4989 0.0000 
0.0000 0.0000 0.0000 1.0000 
0.0000 1.0000 0.0000 0.0000 
1.0000 0.0000 0.0000 0.0000 
0.0021 0.3354 0.2521 0.4103 
0.2141 0.3629 0.1920 0.2310 
0.2574 0.2131 0.2785 0.2511 

MOTIF filter21 
letter-probability matrix: alength= 4 w= 20 nsites= 20 
0.0000 0.6667 0.0000 0.3333 
0.0000 0.0000 0.0000 1.0000 
0.0000 0.6667 0.3333 0.0000 
0.0000 0.0000 0.6667 0.3333 
0.0000 1.0000 0.0000 0.0000 
0.6667 0.3333 0.0000 0.0000 
0.3333 0.3333 0.3333 0.0000 
0.3333 0.6667 0.0000 0.0000 
0.6667 0.0000 0.3333 0.0000 
0.0000 0.0000 0.0000 1.0000 
0.0000 0.0000 0.3333 0.6667 
0.0000 0.0000 0.0000 1.0000 
0.0000 0.0000 1.0000 0.0000 
0.0000 1.0000 0.0000 0.0000 
0.0000 0.6667 0.3333 0.0000 
0.0000 0.0000 0.6667 0.3333 
0.6667 0.0000 0.0000 0.3333 
0.6667 0.0000 0.0000 0.3333 
0.0000 1.0000 0.0000 0.0000 
0.0000 0.0000 1.0000 0.0000 

MOTIF filter22 
letter-probability matrix: alength= 4 w= 16 nsites= 16 
0.2551 0.2429 0.2551 0.2469 
0.2537 0.2646 0.2429 0.2388 
0.2388 0.2822 0.2442 0.2347 
0.0855 0.0244 0.3664 0.5237 
0.0163 0.9145 0.0000 0.0692 
0.0000 0.0000 0.0000 1.0000 
1.0000 0.0000 0.0000 0.0000 
0.2564 0.0000 0.0000 0.7436 
0.4559 0.0000 0.0000 0.5441 
0.5563 0.0000 0.0000 0.4437 
0.7015 0.0000 0.0000 0.2985 
0.0000 0.0000 0.0000 1.0000 
1.0000 0.0000 0.0000 0.0000 
0.0611 0.0000 0.9240 0.0149 
0.4654 0.3813 0.0407 0.1126 
0.2809 0.2212 0.2727 0.2252 

MOTIF filter23 
letter-probability matrix: alength= 4 w= 16 nsites= 16 
0.3115 0.5115 0.0492 0.1279 
0.2393 0.1967 0.0656 0.4984 
0.2918 0.1639 0.3082 0.2361 
0.6328 0.0459 0.1049 0.2164 
0.2000 0.3082 0.4689 0.0230 
0.0000 0.0000 0.0000 1.0000 
0.0098 0.9902 0.0000 0.0000 
1.0000 0.0000 0.0000 0.0000 
0.0000 0.0000 1.0000 0.0000 
0.0000 1.0000 0.0000 0.0000 
1.0000 0.0000 0.0000 0.0000 
0.4557 0.1475 0.1377 0.2590 
0.4000 0.0492 0.0000 0.5508 
0.4164 0.0295 0.0033 0.5508 
0.3049 0.1016 0.0230 0.5705 
0.2852 0.2262 0.2426 0.2459 

MOTIF filter24 
letter-probability matrix: alength= 4 w= 16 nsites= 16 
0.2910 0.2345 0.2853 0.1893 
0.2655 0.3079 0.2203 0.2062 
0.0537 0.2175 0.4718 0.2571 
0.0000 0.8192 0.0254 0.1554 
0.0028 0.8390 0.0000 0.1582 
0.0000 1.0000 0.0000 0.0000 
0.0000 1.0000 0.0000 0.0000 
0.0763 0.0000 0.6497 0.2740 
0.0000 1.0000 0.0000 0.0000 
0.0000 1.0000 0.0000 0.0000 
0.0000 0.8023 0.0000 0.1977 
0.0367 0.8644 0.0000 0.0989 
0.0537 0.6497 0.0367 0.2599 
0.2825 0.2203 0.2684 0.2288 
0.2627 0.2542 0.2429 0.2401 
0.2288 0.3220 0.2373 0.2119 

MOTIF filter25 
letter-probability matrix: alength= 4 w= 16 nsites= 16 
0.2321 0.2743 0.2447 0.2489 
0.5316 0.0000 0.1055 0.3629 
0.6793 0.0084 0.0127 0.2996 
0.4346 0.0000 0.0000 0.5654 
0.2869 0.1350 0.1477 0.4304 
0.0000 0.0000 0.0000 1.0000 
0.0000 0.0000 1.0000 0.0000 
0.0127 0.9873 0.0000 0.0000 
0.0000 0.0000 0.0000 1.0000 
0.0000 0.0000 1.0000 0.0000 
1.0000 0.0000 0.0000 0.0000 
0.0338 0.5654 0.2827 0.1181 
0.1730 0.1392 0.0338 0.6540 
0.1688 0.3797 0.1013 0.3502 
0.5696 0.0549 0.1266 0.2489 
0.1392 0.0338 0.5823 0.2447 

MOTIF filter26 
letter-probability matrix: alength= 4 w= 12 nsites= 12 
0.2530 0.2666 0.2108 0.2696 
0.2636 0.2636 0.2967 0.1762 
0.4367 0.2395 0.1898 0.1340 
0.0015 0.0030 0.0000 0.9955 
0.0000 0.0000 0.0000 1.0000 
0.1476 0.0000 0.0000 0.8524 
0.6461 0.0000 0.3509 0.0030 
0.9985 0.0000 0.0000 0.0015 
0.0000 0.0000 0.0000 1.0000 
0.2334 0.2711 0.1852 0.3102 
0.3087 0.2259 0.2184 0.2470 
0.2319 0.1943 0.3373 0.2364 

MOTIF filter27 
letter-probability matrix: alength= 4 w= 13 nsites= 13 
0.2463 0.2136 0.2641 0.2760 
0.2552 0.2255 0.2433 0.2760 
0.2166 0.2641 0.2760 0.2433 
0.2493 0.0386 0.6558 0.0564 
0.1128 0.0000 0.8279 0.0593 
0.1602 0.0000 0.8398 0.0000 
0.0000 0.0000 1.0000 0.0000 
0.0000 0.0000 1.0000 0.0000 
0.3056 0.5786 0.0000 0.1157 
0.0000 0.0000 1.0000 0.0000 
0.0000 0.0000 1.0000 0.0000 
0.1454 0.0000 0.8516 0.0030 
0.1751 0.0208 0.8042 0.0000 

MOTIF filter28 
letter-probability matrix: alength= 4 w= 13 nsites= 13 
0.2569 0.2332 0.2530 0.2569 
0.2530 0.2253 0.2648 0.2569 
0.2174 0.2292 0.2727 0.2806 
0.0000 0.8854 0.1146 0.0000 
0.0277 0.9723 0.0000 0.0000 
0.0000 0.0000 1.0000 0.0000 
0.0000 0.0000 1.0000 0.0000 
0.9960 0.0040 0.0000 0.0000 
1.0000 0.0000 0.0000 0.0000 
0.0474 0.0158 0.9368 0.0000 
0.0040 0.2688 0.0119 0.7154 
0.1225 0.0198 0.8498 0.0079 
0.2648 0.2332 0.5020 0.0000 

MOTIF filter29 
letter-probability matrix: alength= 4 w= 12 nsites= 12 
0.3080 0.2256 0.2576 0.2087 
0.0260 0.0217 0.0372 0.9152 
0.0223 0.0252 0.1600 0.7925 
0.3113 0.0213 0.4973 0.1701 
0.0768 0.6746 0.0568 0.1918 
0.2118 0.0659 0.6625 0.0599 
0.1678 0.5266 0.0114 0.2942 
0.7682 0.1676 0.0324 0.0318 
0.9203 0.0246 0.0330 0.0221 
0.0681 0.3237 0.1761 0.4321 
0.2498 0.2671 0.2510 0.2320 
0.2481 0.2351 0.2574 0.2593 

MOTIF filter30 
letter-probability matrix: alength= 4 w= 13 nsites= 13 
0.1136 0.3242 0.3571 0.2051 
0.4194 0.2234 0.2692 0.0879 
0.2930 0.3407 0.2784 0.0879 
0.0000 0.6722 0.0018 0.3260 
0.0000 0.6557 0.3443 0.0000 
1.0000 0.0000 0.0000 0.0000 
0.3864 0.0000 0.0000 0.6136 
0.0000 0.0000 0.0000 1.0000 
0.0000 0.2125 0.7875 0.0000 
0.3571 0.0000 0.6429 0.0000 
0.0751 0.2857 0.3407 0.2985 
0.0440 0.3773 0.2344 0.3443 
0.2839 0.3095 0.3425 0.0641 

MOTIF filter31 
letter-probability matrix: alength= 4 w= 17 nsites= 17 
0.2733 0.2329 0.2484 0.2453 
0.2764 0.2764 0.2298 0.2174 
0.5248 0.0248 0.1335 0.3168 
0.6460 0.0248 0.0497 0.2795 
0.4783 0.0000 0.0311 0.4907 
0.2919 0.1739 0.1366 0.3975 
0.0124 0.0000 0.0000 0.9876 
0.0000 0.0000 1.0000 0.0000 
0.0248 0.9752 0.0000 0.0000 
0.0000 0.0000 0.0000 1.0000 
0.0000 0.0000 0.9783 0.0217 
1.0000 0.0000 0.0000 0.0000 
0.0248 0.5000 0.3199 0.1553 
0.2050 0.0870 0.0311 0.6770 
0.2081 0.3634 0.1056 0.3230 
0.5155 0.0404 0.2174 0.2267 
0.1335 0.0466 0.5621 0.2578 

