MEME version 4

ALPHABET= ACGT

Background letter frequencies:
A 0.2500 C 0.2500 G 0.2500 T 0.2500 

MOTIF filter0 
letter-probability matrix: alength= 4 w= 16 nsites= 16 
0.2606 0.2726 0.2407 0.2261 
0.2394 0.2726 0.2513 0.2367 
0.1090 0.0452 0.3497 0.4960 
0.0053 0.9122 0.0000 0.0824 
0.0000 0.0000 0.0000 1.0000 
1.0000 0.0000 0.0000 0.0000 
0.2354 0.0000 0.0013 0.7633 
0.4242 0.0000 0.0000 0.5758 
0.5213 0.0000 0.0000 0.4787 
0.6888 0.0013 0.0000 0.3098 
0.0000 0.0000 0.0000 1.0000 
1.0000 0.0000 0.0000 0.0000 
0.0452 0.0000 0.9335 0.0213 
0.4721 0.3737 0.0439 0.1104 
0.2819 0.2221 0.2699 0.2261 
0.2580 0.2646 0.2354 0.2420 

MOTIF filter1 
letter-probability matrix: alength= 4 w= 15 nsites= 15 
0.2073 0.2655 0.2291 0.2982 
0.1418 0.1782 0.3818 0.2982 
0.0255 0.5164 0.2255 0.2327 
0.0727 0.6400 0.1491 0.1382 
0.7273 0.0036 0.2545 0.0145 
0.0000 0.9855 0.0000 0.0145 
0.0000 0.0000 0.0000 1.0000 
0.0000 0.0000 0.0000 1.0000 
0.0000 1.0000 0.0000 0.0000 
0.0000 1.0000 0.0000 0.0000 
0.0000 0.0000 0.9964 0.0036 
0.0000 0.1127 0.8764 0.0109 
0.2618 0.2073 0.2473 0.2836 
0.1745 0.2691 0.2655 0.2909 
0.2582 0.2255 0.2291 0.2873 

MOTIF filter2 
letter-probability matrix: alength= 4 w= 16 nsites= 16 
0.2261 0.3826 0.2174 0.1739 
0.2522 0.2957 0.2261 0.2261 
0.2348 0.2435 0.2391 0.2826 
0.0043 0.8478 0.0565 0.0913 
0.0000 0.1565 0.0000 0.8435 
0.0000 0.1739 0.8174 0.0087 
1.0000 0.0000 0.0000 0.0000 
0.0000 0.0000 0.0000 1.0000 
0.0000 0.0000 0.0000 1.0000 
0.0000 0.0000 1.0000 0.0000 
0.0000 0.0000 1.0000 0.0000 
0.0609 0.4217 0.0000 0.5174 
0.0217 0.5130 0.0957 0.3696 
0.1435 0.4957 0.3435 0.0174 
0.5304 0.1043 0.2783 0.0870 
0.1000 0.1913 0.2087 0.5000 

MOTIF filter3 
letter-probability matrix: alength= 4 w= 18 nsites= 18 
0.2529 0.2567 0.2375 0.2529 
0.2682 0.2069 0.2682 0.2567 
0.2567 0.2759 0.2184 0.2490 
0.5670 0.0000 0.0805 0.3525 
0.6935 0.0000 0.0115 0.2950 
0.4406 0.0000 0.0153 0.5441 
0.2835 0.1533 0.1418 0.4215 
0.0000 0.0000 0.0000 1.0000 
0.0000 0.0000 1.0000 0.0000 
0.0192 0.9808 0.0000 0.0000 
0.0000 0.0000 0.0000 1.0000 
0.0000 0.0000 0.9962 0.0038 
1.0000 0.0000 0.0000 0.0000 
0.0268 0.5441 0.2835 0.1456 
0.1839 0.1226 0.0421 0.6513 
0.1686 0.3793 0.1303 0.3218 
0.5479 0.0460 0.1648 0.2414 
0.1418 0.0421 0.5517 0.2644 

MOTIF filter4 
letter-probability matrix: alength= 4 w= 14 nsites= 14 
0.1013 0.3173 0.3440 0.2373 
0.4133 0.1093 0.4720 0.0053 
0.5813 0.0160 0.3760 0.0267 
0.0000 1.0000 0.0000 0.0000 
0.0000 1.0000 0.0000 0.0000 
1.0000 0.0000 0.0000 0.0000 
1.0000 0.0000 0.0000 0.0000 
0.0000 0.0000 0.0000 1.0000 
0.0187 0.7787 0.2027 0.0000 
0.8773 0.0000 0.1227 0.0000 
0.0613 0.0747 0.8640 0.0000 
0.2187 0.2720 0.2507 0.2587 
0.2720 0.1973 0.2800 0.2507 
0.2480 0.2907 0.1973 0.2640 

MOTIF filter5 
letter-probability matrix: alength= 4 w= 14 nsites= 14 
0.5562 0.0634 0.1037 0.2767 
0.4986 0.0000 0.0115 0.4899 
0.2882 0.1700 0.1470 0.3948 
0.0173 0.0000 0.0000 0.9827 
0.0000 0.0000 1.0000 0.0000 
0.0115 0.9885 0.0000 0.0000 
0.0000 0.0000 0.0000 1.0000 
0.0000 0.0000 0.9827 0.0173 
1.0000 0.0000 0.0000 0.0000 
0.0231 0.5101 0.2882 0.1787 
0.1931 0.1210 0.0519 0.6340 
0.1931 0.3631 0.1153 0.3285 
0.4841 0.0432 0.2133 0.2594 
0.1700 0.0403 0.5360 0.2536 

MOTIF filter6 
letter-probability matrix: alength= 4 w= 14 nsites= 14 
0.2655 0.3009 0.2389 0.1947 
0.2035 0.2566 0.2920 0.2478 
0.0000 0.9115 0.0885 0.0000 
0.0000 0.0885 0.0000 0.9115 
0.0000 0.2655 0.7257 0.0088 
1.0000 0.0000 0.0000 0.0000 
0.0000 0.0000 0.0000 1.0000 
0.0000 0.0000 0.0000 1.0000 
0.0000 0.0000 1.0000 0.0000 
0.0000 0.0000 1.0000 0.0000 
0.0177 0.4115 0.0000 0.5708 
0.0177 0.4292 0.1460 0.4071 
0.1460 0.4513 0.3274 0.0752 
0.5619 0.1239 0.2743 0.0398 

MOTIF filter7 
letter-probability matrix: alength= 4 w= 17 nsites= 17 
0.2184 0.3563 0.1877 0.2375 
0.2567 0.3142 0.2337 0.1954 
0.2107 0.1494 0.4023 0.2375 
0.0115 0.9808 0.0077 0.0000 
0.7739 0.2261 0.0000 0.0000 
1.0000 0.0000 0.0000 0.0000 
0.3027 0.0383 0.3716 0.2874 
0.8812 0.0728 0.0077 0.0383 
0.0000 0.0000 0.0000 1.0000 
0.0000 0.0000 0.7969 0.2031 
0.0000 0.0000 1.0000 0.0000 
0.0766 0.8084 0.0345 0.0805 
0.1494 0.2222 0.4061 0.2222 
0.1149 0.0996 0.7011 0.0843 
0.1341 0.7165 0.0460 0.1034 
0.3142 0.2222 0.1992 0.2644 
0.2299 0.2720 0.2529 0.2452 

MOTIF filter8 
letter-probability matrix: alength= 4 w= 12 nsites= 12 
0.2317 0.2726 0.2597 0.2360 
0.4149 0.1886 0.2662 0.1304 
0.2349 0.3157 0.3362 0.1131 
0.0000 1.0000 0.0000 0.0000 
1.0000 0.0000 0.0000 0.0000 
0.0000 1.0000 0.0000 0.0000 
0.0000 0.0000 1.0000 0.0000 
0.0000 0.0000 0.0000 1.0000 
0.0000 0.0000 1.0000 0.0000 
0.1455 0.3006 0.3179 0.2360 
0.1573 0.2371 0.1638 0.4418 
0.2360 0.2511 0.2565 0.2565 

MOTIF filter9 
letter-probability matrix: alength= 4 w= 13 nsites= 13 
0.1467 0.2142 0.1704 0.4686 
0.0000 0.0000 0.0000 1.0000 
0.0000 0.0000 0.0000 1.0000 
0.0414 0.9586 0.0000 0.0000 
0.0047 0.7834 0.0000 0.2118 
0.2580 0.2249 0.2414 0.2757 
0.2095 0.0000 0.7905 0.0000 
0.0000 0.0000 0.9361 0.0639 
0.9964 0.0036 0.0000 0.0000 
1.0000 0.0000 0.0000 0.0000 
0.5112 0.1314 0.2036 0.1538 
0.2367 0.2710 0.2414 0.2509 
0.2592 0.2284 0.2698 0.2426 

MOTIF filter10 
letter-probability matrix: alength= 4 w= 15 nsites= 15 
0.2352 0.2732 0.2494 0.2423 
0.1069 0.0582 0.3480 0.4869 
0.0297 0.8907 0.0000 0.0796 
0.0000 0.0012 0.0000 0.9988 
1.0000 0.0000 0.0000 0.0000 
0.2767 0.0000 0.0000 0.7233 
0.4762 0.0000 0.0000 0.5238 
0.5653 0.0000 0.0000 0.4347 
0.7114 0.0000 0.0000 0.2886 
0.0000 0.0000 0.0000 1.0000 
1.0000 0.0000 0.0000 0.0000 
0.0879 0.0000 0.8943 0.0178 
0.4656 0.3622 0.0451 0.1271 
0.2886 0.2257 0.2542 0.2316 
0.2530 0.2767 0.2375 0.2328 

MOTIF filter11 
letter-probability matrix: alength= 4 w= 20 nsites= 20 
0.2123 0.2928 0.2665 0.2284 
0.3206 0.2299 0.2152 0.2343 
0.1493 0.0673 0.0366 0.7467 
0.0264 0.0747 0.6881 0.2108 
0.4290 0.4100 0.0527 0.1083 
0.0015 0.9985 0.0000 0.0000 
0.0000 0.9927 0.0000 0.0073 
0.8389 0.0015 0.0029 0.1567 
0.0102 0.0000 0.0000 0.9898 
0.9985 0.0015 0.0000 0.0000 
0.0000 0.0029 0.0015 0.9956 
0.9898 0.0000 0.0000 0.0102 
0.1362 0.0029 0.0000 0.8609 
0.0000 0.0015 0.9985 0.0000 
0.0000 0.0000 1.0000 0.0000 
0.0981 0.0615 0.4114 0.4290 
0.1977 0.7394 0.0469 0.0161 
0.8067 0.0059 0.0381 0.1493 
0.2225 0.2870 0.2416 0.2489 
0.2020 0.2738 0.2592 0.2650 

MOTIF filter12 
letter-probability matrix: alength= 4 w= 15 nsites= 15 
0.2269 0.2687 0.2806 0.2239 
0.1761 0.1731 0.3881 0.2627 
0.0090 0.4746 0.2269 0.2896 
0.0985 0.6418 0.1015 0.1582 
0.7164 0.0119 0.2418 0.0299 
0.0000 0.9522 0.0030 0.0448 
0.0000 0.0000 0.0000 1.0000 
0.0000 0.0000 0.0000 1.0000 
0.0000 1.0000 0.0000 0.0000 
0.0000 1.0000 0.0000 0.0000 
0.0000 0.0000 0.9881 0.0119 
0.0000 0.1701 0.8299 0.0000 
0.3015 0.1791 0.2418 0.2776 
0.3015 0.1821 0.2478 0.2687 
0.2448 0.2269 0.2358 0.2925 

MOTIF filter13 
letter-probability matrix: alength= 4 w= 17 nsites= 17 
0.2298 0.2372 0.2641 0.2689 
0.2139 0.2812 0.2689 0.2359 
0.2787 0.2445 0.2323 0.2445 
0.1577 0.0746 0.0416 0.7262 
0.0269 0.0819 0.6822 0.2090 
0.4218 0.3949 0.0685 0.1149 
0.0000 0.9963 0.0024 0.0012 
0.0000 0.9939 0.0012 0.0049 
0.8484 0.0000 0.0061 0.1455 
0.0232 0.0000 0.0000 0.9768 
0.9988 0.0012 0.0000 0.0000 
0.0000 0.0000 0.0012 0.9988 
0.9939 0.0000 0.0000 0.0061 
0.1540 0.0037 0.0000 0.8423 
0.0000 0.0061 0.9939 0.0000 
0.0000 0.0000 0.9988 0.0012 
0.1051 0.0660 0.4022 0.4267 

MOTIF filter14 
letter-probability matrix: alength= 4 w= 13 nsites= 13 
0.2514 0.2393 0.2375 0.2717 
0.2387 0.2206 0.3166 0.2241 
0.3581 0.2296 0.3008 0.1115 
0.0372 0.0512 0.0559 0.8557 
0.0275 0.0289 0.7957 0.1480 
0.8510 0.0443 0.0625 0.0423 
0.1219 0.4103 0.4206 0.0472 
0.0223 0.0500 0.0379 0.8897 
0.1330 0.7964 0.0306 0.0399 
0.8826 0.0334 0.0514 0.0326 
0.1006 0.3059 0.2725 0.3209 
0.2217 0.3176 0.2227 0.2379 
0.2581 0.2273 0.2654 0.2492 

MOTIF filter15 
letter-probability matrix: alength= 4 w= 17 nsites= 17 
0.2265 0.2468 0.2543 0.2724 
0.2094 0.2767 0.2767 0.2372 
0.2821 0.2404 0.2286 0.2489 
0.1667 0.0737 0.0502 0.7094 
0.0406 0.0962 0.6389 0.2244 
0.4081 0.3782 0.0876 0.1261 
0.0000 0.9861 0.0118 0.0021 
0.0000 0.9840 0.0043 0.0118 
0.8130 0.0043 0.0128 0.1699 
0.0267 0.0011 0.0021 0.9701 
0.9904 0.0064 0.0032 0.0000 
0.0000 0.0021 0.0011 0.9968 
0.9765 0.0011 0.0000 0.0224 
0.1613 0.0107 0.0032 0.8248 
0.0075 0.0139 0.9786 0.0000 
0.0021 0.0085 0.9861 0.0032 
0.1132 0.0694 0.3825 0.4348 

MOTIF filter16 
letter-probability matrix: alength= 4 w= 14 nsites= 14 
0.2690 0.2281 0.2427 0.2602 
0.2515 0.2807 0.2515 0.2164 
0.2485 0.2456 0.2456 0.2602 
0.1170 0.0146 0.6988 0.1696 
0.0789 0.7339 0.1053 0.0819 
0.2865 0.3450 0.2573 0.1111 
0.0380 0.0000 0.8626 0.0994 
0.0000 1.0000 0.0000 0.0000 
0.0000 1.0000 0.0000 0.0000 
1.0000 0.0000 0.0000 0.0000 
0.0000 0.0000 0.0000 1.0000 
0.0088 0.4561 0.1491 0.3860 
0.0000 0.0146 0.0000 0.9854 
0.0000 0.0058 0.0000 0.9942 

MOTIF filter17 
letter-probability matrix: alength= 4 w= 16 nsites= 16 
0.2784 0.5567 0.0344 0.1306 
0.2234 0.1821 0.0756 0.5189 
0.2784 0.1478 0.3230 0.2509 
0.6357 0.0550 0.1065 0.2027 
0.1409 0.2955 0.5292 0.0344 
0.0000 0.0000 0.0000 1.0000 
0.0034 0.9966 0.0000 0.0000 
1.0000 0.0000 0.0000 0.0000 
0.0000 0.0000 0.9622 0.0378 
0.0000 1.0000 0.0000 0.0000 
1.0000 0.0000 0.0000 0.0000 
0.4467 0.1443 0.1684 0.2405 
0.4364 0.0241 0.0034 0.5361 
0.3814 0.0137 0.0103 0.5945 
0.2955 0.1168 0.0172 0.5704 
0.2921 0.2577 0.2509 0.1993 

MOTIF filter18 
letter-probability matrix: alength= 4 w= 15 nsites= 15 
0.2265 0.2308 0.2949 0.2479 
0.2094 0.0000 0.7906 0.0000 
0.1282 0.0000 0.8205 0.0513 
0.1154 0.0000 0.8846 0.0000 
0.0000 0.0000 1.0000 0.0000 
0.0000 0.0000 1.0000 0.0000 
0.2778 0.5897 0.0000 0.1325 
0.0000 0.0000 1.0000 0.0000 
0.0000 0.0000 1.0000 0.0000 
0.1838 0.0000 0.8162 0.0000 
0.1624 0.0085 0.8291 0.0000 
0.1154 0.6410 0.1795 0.0641 
0.2906 0.1752 0.2949 0.2393 
0.2308 0.3291 0.1966 0.2436 
0.2863 0.1880 0.2350 0.2906 

MOTIF filter19 
letter-probability matrix: alength= 4 w= 20 nsites= 20 
0.2513 0.2503 0.2643 0.2341 
0.1014 0.4164 0.0863 0.3959 
0.4423 0.2125 0.3409 0.0043 
0.0162 0.6580 0.2675 0.0583 
0.5146 0.0755 0.3323 0.0777 
0.4024 0.0183 0.0798 0.4995 
0.3420 0.0647 0.5836 0.0097 
0.0777 0.2751 0.3862 0.2611 
0.1230 0.0119 0.1262 0.7389 
0.3452 0.2406 0.1284 0.2859 
0.0022 0.8749 0.0863 0.0367 
0.3905 0.2233 0.2060 0.1802 
0.0227 0.5944 0.3366 0.0464 
0.1456 0.0787 0.2783 0.4973 
0.4099 0.0701 0.1650 0.3549 
0.4337 0.3474 0.2147 0.0043 
0.0270 0.1899 0.1899 0.5933 
0.4250 0.1920 0.1090 0.2740 
0.5156 0.2319 0.0572 0.1953 
0.0378 0.4444 0.4099 0.1079 

MOTIF filter20 
letter-probability matrix: alength= 4 w= 19 nsites= 19 
0.2790 0.1993 0.2319 0.2899 
0.2935 0.2645 0.1993 0.2428 
0.2246 0.2609 0.2391 0.2754 
0.3116 0.5580 0.0217 0.1087 
0.2645 0.1993 0.0362 0.5000 
0.3116 0.1630 0.3007 0.2246 
0.6341 0.0471 0.1196 0.1993 
0.1594 0.3442 0.4783 0.0181 
0.0000 0.0000 0.0000 1.0000 
0.0109 0.9891 0.0000 0.0000 
1.0000 0.0000 0.0000 0.0000 
0.0000 0.0000 1.0000 0.0000 
0.0000 1.0000 0.0000 0.0000 
0.9964 0.0000 0.0000 0.0036 
0.4746 0.1667 0.0688 0.2899 
0.4203 0.0616 0.0000 0.5181 
0.4239 0.0906 0.0000 0.4855 
0.3261 0.0725 0.0254 0.5761 
0.2935 0.1739 0.2464 0.2862 

MOTIF filter21 
letter-probability matrix: alength= 4 w= 12 nsites= 12 
0.2478 0.2528 0.2484 0.2509 
0.2661 0.2579 0.2264 0.2497 
0.2491 0.2308 0.2421 0.2781 
0.6368 0.0000 0.0000 0.3632 
0.0000 0.0000 0.0000 1.0000 
0.0000 0.0208 0.0000 0.9792 
0.9439 0.0000 0.0561 0.0000 
1.0000 0.0000 0.0000 0.0000 
0.3745 0.0000 0.0000 0.6255 
0.2642 0.2383 0.2446 0.2528 
0.2415 0.2509 0.2636 0.2440 
0.2598 0.2503 0.2358 0.2541 

MOTIF filter22 
letter-probability matrix: alength= 4 w= 13 nsites= 13 
0.2277 0.2682 0.2709 0.2331 
0.2547 0.2646 0.2367 0.2439 
0.4887 0.1422 0.3465 0.0225 
0.0000 0.0000 0.0000 1.0000 
0.0000 0.0000 0.0666 0.9334 
0.3087 0.0000 0.6004 0.0909 
0.0135 0.8704 0.0081 0.1080 
0.1116 0.0117 0.8596 0.0171 
0.0909 0.6499 0.0000 0.2592 
0.9325 0.0675 0.0000 0.0000 
1.0000 0.0000 0.0000 0.0000 
0.0171 0.3510 0.1476 0.4842 
0.2655 0.2547 0.2655 0.2142 

MOTIF filter23 
letter-probability matrix: alength= 4 w= 12 nsites= 12 
0.2486 0.2527 0.2525 0.2463 
0.3319 0.2325 0.2466 0.1890 
0.2336 0.2978 0.2683 0.2003 
0.0537 0.8726 0.0364 0.0374 
0.8527 0.0321 0.0608 0.0544 
0.0401 0.7492 0.0429 0.1678 
0.1131 0.0463 0.8125 0.0281 
0.0579 0.0816 0.0241 0.8364 
0.0128 0.0397 0.8903 0.0572 
0.2080 0.2744 0.2799 0.2377 
0.2096 0.2779 0.1921 0.3205 
0.2463 0.2513 0.2427 0.2597 

MOTIF filter24 
letter-probability matrix: alength= 4 w= 13 nsites= 13 
0.2744 0.1104 0.4984 0.1167 
0.1136 0.0000 0.8202 0.0662 
0.1672 0.0000 0.8328 0.0000 
0.0000 0.0000 1.0000 0.0000 
0.0000 0.0000 1.0000 0.0000 
0.3186 0.5868 0.0000 0.0946 
0.0000 0.0000 1.0000 0.0000 
0.0000 0.0000 1.0000 0.0000 
0.0789 0.0000 0.9211 0.0000 
0.1609 0.0158 0.8233 0.0000 
0.2019 0.5836 0.1640 0.0505 
0.2587 0.2019 0.3091 0.2303 
0.2555 0.2871 0.1987 0.2587 

MOTIF filter25 
letter-probability matrix: alength= 4 w= 15 nsites= 15 
0.2562 0.2349 0.2242 0.2847 
0.2313 0.2313 0.2740 0.2633 
0.2313 0.2420 0.2776 0.2491 
0.0000 0.9039 0.0961 0.0000 
0.0000 1.0000 0.0000 0.0000 
0.0000 0.0000 1.0000 0.0000 
0.0000 0.0000 1.0000 0.0000 
1.0000 0.0000 0.0000 0.0000 
1.0000 0.0000 0.0000 0.0000 
0.0249 0.0000 0.9751 0.0000 
0.0214 0.3025 0.0071 0.6690 
0.1566 0.0712 0.7295 0.0427 
0.2384 0.2384 0.5089 0.0142 
0.2064 0.3630 0.2562 0.1744 
0.1957 0.3025 0.2776 0.2242 

MOTIF filter26 
letter-probability matrix: alength= 4 w= 15 nsites= 15 
0.2546 0.2308 0.2095 0.3050 
0.2493 0.2069 0.2865 0.2573 
0.2095 0.2785 0.2546 0.2573 
0.0000 0.8488 0.1512 0.0000 
0.0398 0.9602 0.0000 0.0000 
0.0000 0.0000 1.0000 0.0000 
0.0000 0.0000 1.0000 0.0000 
1.0000 0.0000 0.0000 0.0000 
1.0000 0.0000 0.0000 0.0000 
0.0371 0.0080 0.9549 0.0000 
0.0345 0.3050 0.0133 0.6472 
0.1830 0.1141 0.6605 0.0424 
0.2759 0.2706 0.4350 0.0186 
0.2281 0.3554 0.2308 0.1857 
0.2334 0.2918 0.2387 0.2361 

MOTIF filter27 
letter-probability matrix: alength= 4 w= 16 nsites= 16 
0.3037 0.2577 0.2025 0.2362 
0.2791 0.2730 0.1963 0.2515 
0.2485 0.2270 0.2331 0.2914 
0.0061 0.8405 0.0583 0.0951 
0.0000 0.2117 0.0000 0.7883 
0.0000 0.2301 0.7423 0.0276 
1.0000 0.0000 0.0000 0.0000 
0.0000 0.0000 0.0000 1.0000 
0.0000 0.0000 0.0000 1.0000 
0.0000 0.0000 1.0000 0.0000 
0.0000 0.0000 1.0000 0.0000 
0.0307 0.3742 0.0061 0.5890 
0.0000 0.4018 0.1288 0.4693 
0.2209 0.4233 0.2883 0.0675 
0.4448 0.1626 0.3436 0.0491 
0.1810 0.1074 0.2914 0.4202 

MOTIF filter28 
letter-probability matrix: alength= 4 w= 17 nsites= 17 
0.2310 0.2398 0.2515 0.2778 
0.2135 0.2953 0.2836 0.2076 
0.2690 0.2807 0.1901 0.2602 
0.1608 0.6404 0.1316 0.0673 
1.0000 0.0000 0.0000 0.0000 
0.9795 0.0000 0.0205 0.0000 
0.4357 0.0819 0.4825 0.0000 
1.0000 0.0000 0.0000 0.0000 
0.0000 0.0000 0.0000 1.0000 
0.0000 0.0000 1.0000 0.0000 
0.0000 0.0000 1.0000 0.0000 
0.0526 0.8684 0.0000 0.0789 
0.1082 0.1959 0.4357 0.2602 
0.0760 0.0760 0.7778 0.0702 
0.1228 0.7836 0.0146 0.0789 
0.2661 0.2368 0.2193 0.2778 
0.2368 0.2339 0.3012 0.2281 

MOTIF filter29 
letter-probability matrix: alength= 4 w= 15 nsites= 15 
0.2678 0.2405 0.2118 0.2799 
0.2526 0.2496 0.2330 0.2648 
0.1195 0.1770 0.1241 0.5794 
0.0000 0.0000 0.0000 1.0000 
0.0000 0.0000 0.0000 1.0000 
0.0227 0.9773 0.0000 0.0000 
0.0015 0.8185 0.0000 0.1800 
0.2511 0.2118 0.2557 0.2814 
0.1694 0.0000 0.8306 0.0000 
0.0000 0.0000 0.9879 0.0121 
1.0000 0.0000 0.0000 0.0000 
1.0000 0.0000 0.0000 0.0000 
0.5900 0.0908 0.1846 0.1346 
0.2360 0.2738 0.2648 0.2254 
0.2648 0.2451 0.2496 0.2405 

MOTIF filter30 
letter-probability matrix: alength= 4 w= 14 nsites= 14 
0.1135 0.2151 0.4161 0.2553 
0.0000 0.7991 0.0236 0.1773 
0.0000 0.8345 0.0000 0.1655 
0.0000 1.0000 0.0000 0.0000 
0.0000 1.0000 0.0000 0.0000 
0.0993 0.0000 0.6147 0.2861 
0.0000 1.0000 0.0000 0.0000 
0.0000 1.0000 0.0000 0.0000 
0.0000 0.8132 0.0000 0.1868 
0.0709 0.8156 0.0000 0.1135 
0.0473 0.6217 0.0567 0.2742 
0.2600 0.2459 0.2435 0.2506 
0.2742 0.2411 0.2530 0.2317 
0.2293 0.3002 0.2482 0.2222 

MOTIF filter31 
letter-probability matrix: alength= 4 w= 16 nsites= 16 
0.3918 0.2301 0.1699 0.2082 
0.0192 0.3890 0.1014 0.4904 
0.0301 0.3479 0.3781 0.2438 
0.4575 0.1288 0.4137 0.0000 
0.5589 0.0000 0.3918 0.0493 
0.0000 1.0000 0.0000 0.0000 
0.0000 1.0000 0.0000 0.0000 
1.0000 0.0000 0.0000 0.0000 
1.0000 0.0000 0.0000 0.0000 
0.0000 0.0000 0.0000 1.0000 
0.0137 0.7699 0.2137 0.0027 
0.8027 0.0027 0.1945 0.0000 
0.0877 0.0767 0.8082 0.0274 
0.2000 0.2575 0.2493 0.2932 
0.2740 0.1836 0.2740 0.2685 
0.2301 0.2877 0.2329 0.2493 

