MEME version 4

ALPHABET= ACGT

Background letter frequencies:
A 0.2500 C 0.2500 G 0.2500 T 0.2500 

MOTIF filter0 
letter-probability matrix: alength= 4 w= 20 nsites= 20 
0.5000 0.5000 0.0000 0.0000 
0.5000 0.0000 0.0000 0.5000 
0.0000 0.0000 1.0000 0.0000 
0.0000 0.5000 0.0000 0.5000 
0.5000 0.0000 0.5000 0.0000 
0.0000 0.0000 0.0000 1.0000 
0.0000 0.5000 0.0000 0.5000 
0.0000 0.5000 0.5000 0.0000 
0.0000 0.0000 1.0000 0.0000 
0.5000 0.0000 0.5000 0.0000 
0.0000 0.0000 1.0000 0.0000 
0.0000 0.0000 0.0000 1.0000 
0.0000 0.0000 1.0000 0.0000 
0.0000 0.0000 0.0000 1.0000 
0.0000 0.5000 0.0000 0.5000 
0.0000 0.5000 0.0000 0.5000 
0.0000 0.0000 0.5000 0.5000 
0.0000 0.5000 0.5000 0.0000 
0.0000 0.0000 1.0000 0.0000 
0.0000 1.0000 0.0000 0.0000 

MOTIF filter1 
letter-probability matrix: alength= 4 w= 20 nsites= 20 
0.2482 0.2467 0.2569 0.2482 
0.0268 0.2735 0.1781 0.5217 
0.1209 0.2335 0.5190 0.1267 
0.0948 0.8042 0.0511 0.0499 
0.2855 0.4750 0.1868 0.0526 
0.3252 0.2912 0.1170 0.2665 
0.1101 0.6062 0.1041 0.1796 
0.4025 0.0247 0.5436 0.0292 
0.1020 0.3514 0.2136 0.3330 
0.1444 0.2999 0.5015 0.0542 
0.0214 0.3415 0.4070 0.2301 
0.0168 0.2912 0.5018 0.1901 
0.2365 0.4052 0.2250 0.1333 
0.4293 0.1652 0.3084 0.0972 
0.2963 0.4446 0.0737 0.1853 
0.1062 0.3493 0.5147 0.0298 
0.0343 0.1591 0.5909 0.2157 
0.2641 0.3493 0.3246 0.0620 
0.4380 0.3375 0.0827 0.1417 
0.0000 0.1808 0.5894 0.2298 

MOTIF filter2 
letter-probability matrix: alength= 4 w= 15 nsites= 15 
0.2136 0.2477 0.2477 0.2910 
0.1610 0.1920 0.3653 0.2817 
0.0217 0.4830 0.2291 0.2663 
0.0464 0.6223 0.1424 0.1889 
0.7121 0.0186 0.2632 0.0062 
0.0000 0.9721 0.0000 0.0279 
0.0000 0.0000 0.0000 1.0000 
0.0000 0.0000 0.0000 1.0000 
0.0000 1.0000 0.0000 0.0000 
0.0000 1.0000 0.0000 0.0000 
0.0000 0.0000 1.0000 0.0000 
0.0000 0.1641 0.8359 0.0000 
0.2879 0.2074 0.2384 0.2663 
0.2601 0.2136 0.2632 0.2632 
0.2446 0.2384 0.2291 0.2879 

MOTIF filter3 
letter-probability matrix: alength= 4 w= 15 nsites= 15 
0.2460 0.2320 0.2567 0.2652 
0.2379 0.2686 0.2457 0.2479 
0.1806 0.1075 0.3114 0.4004 
0.1141 0.6686 0.0255 0.1917 
0.0159 0.0916 0.0421 0.8504 
0.9113 0.0270 0.0369 0.0248 
0.3144 0.0281 0.0373 0.6202 
0.4389 0.0266 0.0222 0.5124 
0.4839 0.0225 0.0248 0.4688 
0.6302 0.0166 0.0214 0.3317 
0.0336 0.0358 0.0491 0.8814 
0.8471 0.0244 0.1042 0.0244 
0.1873 0.0340 0.6775 0.1012 
0.3716 0.3303 0.1193 0.1788 
0.2401 0.2593 0.2708 0.2298 

MOTIF filter4 
letter-probability matrix: alength= 4 w= 12 nsites= 12 
0.2978 0.2107 0.2978 0.1938 
0.2781 0.3090 0.2275 0.1854 
0.0787 0.1713 0.5197 0.2303 
0.0000 0.8371 0.0281 0.1348 
0.0000 0.8567 0.0000 0.1433 
0.0000 1.0000 0.0000 0.0000 
0.0000 1.0000 0.0000 0.0000 
0.0871 0.0000 0.6096 0.3034 
0.0000 1.0000 0.0000 0.0000 
0.0000 1.0000 0.0000 0.0000 
0.0000 0.8455 0.0000 0.1545 
0.0618 0.8596 0.0000 0.0787 

MOTIF filter5 
letter-probability matrix: alength= 4 w= 17 nsites= 17 
0.2866 0.2500 0.2256 0.2378 
0.2470 0.3049 0.2378 0.2104 
0.2348 0.2317 0.2744 0.2591 
0.1159 0.0274 0.7073 0.1494 
0.0671 0.7348 0.0854 0.1128 
0.2683 0.3323 0.2835 0.1159 
0.0610 0.0000 0.8476 0.0915 
0.0000 1.0000 0.0000 0.0000 
0.0000 1.0000 0.0000 0.0000 
1.0000 0.0000 0.0000 0.0000 
0.0000 0.0000 0.0000 1.0000 
0.0061 0.4909 0.1402 0.3628 
0.0000 0.0366 0.0000 0.9634 
0.0000 0.0122 0.0000 0.9878 
0.0671 0.0732 0.7378 0.1220 
0.2927 0.2165 0.2622 0.2287 
0.1860 0.2805 0.2652 0.2683 

MOTIF filter6 
letter-probability matrix: alength= 4 w= 16 nsites= 16 
0.2793 0.2913 0.2132 0.2162 
0.2823 0.2643 0.2012 0.2523 
0.2402 0.2492 0.2132 0.2973 
0.0000 0.7958 0.0961 0.1081 
0.0000 0.0961 0.0030 0.9009 
0.0000 0.2282 0.7357 0.0360 
1.0000 0.0000 0.0000 0.0000 
0.0000 0.0000 0.0000 1.0000 
0.0000 0.0000 0.0000 1.0000 
0.0000 0.0000 1.0000 0.0000 
0.0000 0.0000 1.0000 0.0000 
0.0330 0.4054 0.0000 0.5616 
0.0030 0.4565 0.1351 0.4054 
0.1712 0.4324 0.3273 0.0691 
0.4985 0.1411 0.2853 0.0751 
0.1471 0.1441 0.2523 0.4565 

MOTIF filter7 
letter-probability matrix: alength= 4 w= 14 nsites= 14 
0.3183 0.2508 0.2637 0.1672 
0.2830 0.2990 0.2251 0.1929 
0.0611 0.1833 0.5305 0.2251 
0.0000 0.8103 0.0161 0.1736 
0.0000 0.8489 0.0000 0.1511 
0.0000 1.0000 0.0000 0.0000 
0.0000 1.0000 0.0000 0.0000 
0.1254 0.0000 0.5884 0.2862 
0.0000 1.0000 0.0000 0.0000 
0.0000 1.0000 0.0000 0.0000 
0.0000 0.7814 0.0000 0.2186 
0.0579 0.8714 0.0000 0.0707 
0.0032 0.7524 0.0096 0.2347 
0.2605 0.2444 0.2444 0.2508 

MOTIF filter8 
letter-probability matrix: alength= 4 w= 20 nsites= 20 
0.2125 0.2842 0.2738 0.2295 
0.2842 0.2451 0.2347 0.2360 
0.1447 0.0678 0.0274 0.7601 
0.0300 0.0652 0.6884 0.2164 
0.4159 0.3990 0.0743 0.1108 
0.0000 1.0000 0.0000 0.0000 
0.0000 0.9974 0.0000 0.0026 
0.8292 0.0000 0.0013 0.1695 
0.0117 0.0000 0.0000 0.9883 
1.0000 0.0000 0.0000 0.0000 
0.0000 0.0000 0.0013 0.9987 
0.9896 0.0000 0.0000 0.0104 
0.1291 0.0026 0.0000 0.8683 
0.0026 0.0052 0.9922 0.0000 
0.0013 0.0013 0.9961 0.0013 
0.0913 0.0704 0.4055 0.4329 
0.2256 0.6701 0.0795 0.0248 
0.7471 0.0235 0.0613 0.1682 
0.2321 0.2803 0.2399 0.2477 
0.2190 0.2529 0.2660 0.2621 

MOTIF filter9 
letter-probability matrix: alength= 4 w= 17 nsites= 17 
0.2293 0.2389 0.2611 0.2707 
0.2389 0.2898 0.2771 0.1943 
0.2962 0.2389 0.2197 0.2452 
0.1242 0.7261 0.1146 0.0350 
1.0000 0.0000 0.0000 0.0000 
0.9873 0.0000 0.0127 0.0000 
0.4522 0.0637 0.4618 0.0223 
1.0000 0.0000 0.0000 0.0000 
0.0000 0.0000 0.0000 1.0000 
0.0000 0.0000 1.0000 0.0000 
0.0000 0.0000 1.0000 0.0000 
0.0255 0.8758 0.0000 0.0987 
0.1115 0.2006 0.4204 0.2675 
0.0701 0.0987 0.7707 0.0605 
0.1083 0.8025 0.0223 0.0669 
0.2707 0.2452 0.1911 0.2930 
0.2452 0.2293 0.2930 0.2325 

MOTIF filter10 
letter-probability matrix: alength= 4 w= 15 nsites= 15 
0.2500 0.2394 0.2447 0.2660 
0.2340 0.2420 0.2580 0.2660 
0.2128 0.2394 0.2926 0.2553 
0.2500 0.0479 0.6277 0.0745 
0.1223 0.0000 0.7979 0.0798 
0.1702 0.0000 0.8298 0.0000 
0.0000 0.0000 1.0000 0.0000 
0.0000 0.0000 1.0000 0.0000 
0.3005 0.5612 0.0000 0.1383 
0.0000 0.0000 1.0000 0.0000 
0.0000 0.0000 1.0000 0.0000 
0.1543 0.0000 0.8457 0.0000 
0.2128 0.0160 0.7713 0.0000 
0.1702 0.5745 0.1729 0.0824 
0.2633 0.1995 0.2952 0.2420 

MOTIF filter11 
letter-probability matrix: alength= 4 w= 12 nsites= 12 
0.2471 0.2564 0.2408 0.2557 
0.2570 0.2607 0.2353 0.2471 
0.2477 0.2284 0.2408 0.2831 
0.6468 0.0000 0.0000 0.3532 
0.0000 0.0000 0.0000 1.0000 
0.0000 0.0341 0.0000 0.9659 
0.9373 0.0000 0.0627 0.0000 
1.0000 0.0000 0.0000 0.0000 
0.3650 0.0000 0.0000 0.6350 
0.2607 0.2371 0.2452 0.2570 
0.2359 0.2464 0.2719 0.2458 
0.2744 0.2408 0.2390 0.2458 

MOTIF filter12 
letter-probability matrix: alength= 4 w= 19 nsites= 19 
0.2188 0.2228 0.2772 0.2812 
0.2042 0.2891 0.2653 0.2414 
0.2838 0.2440 0.2188 0.2533 
0.1472 0.0729 0.0398 0.7401 
0.0212 0.0782 0.7056 0.1950 
0.4178 0.4178 0.0584 0.1061 
0.0027 0.9947 0.0027 0.0000 
0.0000 0.9934 0.0027 0.0040 
0.8621 0.0027 0.0053 0.1300 
0.0252 0.0000 0.0013 0.9735 
1.0000 0.0000 0.0000 0.0000 
0.0000 0.0000 0.0013 0.9987 
0.9947 0.0000 0.0000 0.0053 
0.1406 0.0013 0.0000 0.8581 
0.0000 0.0013 0.9987 0.0000 
0.0000 0.0000 1.0000 0.0000 
0.0915 0.0637 0.4045 0.4403 
0.2095 0.6711 0.0875 0.0318 
0.7586 0.0199 0.0690 0.1525 

MOTIF filter13 
letter-probability matrix: alength= 4 w= 13 nsites= 13 
0.2405 0.2395 0.2626 0.2574 
0.2290 0.1733 0.3939 0.2038 
0.4202 0.2216 0.3571 0.0011 
0.0000 0.0000 0.0000 1.0000 
0.0000 0.0000 0.9958 0.0042 
1.0000 0.0000 0.0000 0.0000 
0.0000 0.5021 0.4979 0.0000 
0.0000 0.0000 0.0000 1.0000 
0.0000 1.0000 0.0000 0.0000 
1.0000 0.0000 0.0000 0.0000 
0.0084 0.3435 0.2300 0.4181 
0.2143 0.3687 0.1744 0.2426 
0.2595 0.2132 0.2826 0.2447 

MOTIF filter14 
letter-probability matrix: alength= 4 w= 16 nsites= 16 
0.4753 0.2037 0.1358 0.1852 
0.0525 0.3580 0.1173 0.4722 
0.0525 0.3364 0.3735 0.2377 
0.4352 0.1142 0.4506 0.0000 
0.5741 0.0031 0.3735 0.0494 
0.0000 1.0000 0.0000 0.0000 
0.0000 1.0000 0.0000 0.0000 
1.0000 0.0000 0.0000 0.0000 
1.0000 0.0000 0.0000 0.0000 
0.0000 0.0000 0.0000 1.0000 
0.0247 0.8056 0.1698 0.0000 
0.9105 0.0031 0.0864 0.0000 
0.0802 0.0648 0.8488 0.0062 
0.2315 0.2840 0.2469 0.2377 
0.2840 0.1698 0.2623 0.2840 
0.2284 0.2932 0.2037 0.2747 

MOTIF filter15 
letter-probability matrix: alength= 4 w= 14 nsites= 14 
0.2690 0.2484 0.2109 0.2717 
0.1984 0.2002 0.1823 0.4191 
0.0107 0.0795 0.0206 0.8892 
0.0125 0.0107 0.0179 0.9589 
0.0438 0.6461 0.0098 0.3003 
0.0223 0.8686 0.0277 0.0813 
0.2011 0.4745 0.0313 0.2931 
0.2341 0.0000 0.7596 0.0063 
0.0018 0.0152 0.9607 0.0223 
0.8105 0.0018 0.1859 0.0018 
0.9973 0.0018 0.0000 0.0009 
0.5773 0.0965 0.2368 0.0894 
0.2699 0.2243 0.2225 0.2833 
0.2556 0.2332 0.2913 0.2198 

MOTIF filter16 
letter-probability matrix: alength= 4 w= 12 nsites= 12 
0.2997 0.2277 0.2606 0.2120 
0.0300 0.0315 0.0313 0.9071 
0.0236 0.0310 0.1575 0.7880 
0.3117 0.0296 0.4891 0.1697 
0.0842 0.6738 0.0505 0.1915 
0.2058 0.0627 0.6682 0.0633 
0.1658 0.5169 0.0236 0.2937 
0.7777 0.1656 0.0248 0.0319 
0.9232 0.0190 0.0348 0.0230 
0.0861 0.3167 0.1875 0.4098 
0.2476 0.2695 0.2494 0.2335 
0.2449 0.2389 0.2581 0.2581 

MOTIF filter17 
letter-probability matrix: alength= 4 w= 15 nsites= 15 
0.2643 0.1775 0.3176 0.2406 
0.5779 0.0710 0.1361 0.2150 
0.1913 0.3077 0.4398 0.0611 
0.0000 0.0000 0.0000 1.0000 
0.0375 0.9625 0.0000 0.0000 
1.0000 0.0000 0.0000 0.0000 
0.0000 0.0000 0.9349 0.0651 
0.0000 1.0000 0.0000 0.0000 
0.9803 0.0000 0.0000 0.0197 
0.4142 0.1716 0.1538 0.2604 
0.4162 0.0611 0.0178 0.5049 
0.3669 0.0848 0.0296 0.5187 
0.3195 0.1341 0.0572 0.4892 
0.2682 0.2308 0.2446 0.2564 
0.2584 0.2742 0.2229 0.2446 

MOTIF filter18 
letter-probability matrix: alength= 4 w= 16 nsites= 16 
0.2899 0.2521 0.2101 0.2479 
0.1176 0.0000 0.7227 0.1597 
0.0672 0.7647 0.1176 0.0504 
0.2815 0.3950 0.2227 0.1008 
0.0252 0.0000 0.9328 0.0420 
0.0000 1.0000 0.0000 0.0000 
0.0000 1.0000 0.0000 0.0000 
1.0000 0.0000 0.0000 0.0000 
0.0000 0.0000 0.0000 1.0000 
0.0084 0.4916 0.1176 0.3824 
0.0000 0.0000 0.0000 1.0000 
0.0000 0.0000 0.0000 1.0000 
0.0546 0.0756 0.7689 0.1008 
0.2689 0.2311 0.2395 0.2605 
0.2185 0.2941 0.2143 0.2731 
0.2521 0.2941 0.2353 0.2185 

MOTIF filter19 
letter-probability matrix: alength= 4 w= 15 nsites= 15 
0.1866 0.2817 0.2676 0.2641 
0.1338 0.2007 0.3908 0.2746 
0.0070 0.4824 0.2324 0.2782 
0.1056 0.6620 0.1373 0.0951 
0.7113 0.0070 0.2535 0.0282 
0.0000 0.9789 0.0070 0.0141 
0.0000 0.0000 0.0000 1.0000 
0.0000 0.0000 0.0000 1.0000 
0.0000 1.0000 0.0000 0.0000 
0.0000 1.0000 0.0000 0.0000 
0.0000 0.0000 0.9718 0.0282 
0.0000 0.1373 0.8486 0.0141 
0.2042 0.2042 0.2430 0.3486 
0.1690 0.2993 0.2535 0.2782 
0.2359 0.2289 0.2676 0.2676 

MOTIF filter20 
letter-probability matrix: alength= 4 w= 13 nsites= 13 
0.0894 0.3384 0.3669 0.2053 
0.3840 0.1521 0.4144 0.0494 
0.3935 0.2338 0.3118 0.0608 
0.0000 0.8289 0.0000 0.1711 
0.0000 0.8289 0.1711 0.0000 
1.0000 0.0000 0.0000 0.0000 
0.6521 0.0000 0.0000 0.3479 
0.0000 0.0000 0.0000 1.0000 
0.0000 0.3612 0.6388 0.0000 
0.4563 0.0000 0.5437 0.0000 
0.0760 0.2586 0.5057 0.1597 
0.0894 0.3099 0.2319 0.3688 
0.2510 0.3042 0.3441 0.1008 

MOTIF filter21 
letter-probability matrix: alength= 4 w= 15 nsites= 15 
0.2435 0.2618 0.2256 0.2691 
0.2627 0.2365 0.2479 0.2529 
0.2020 0.2420 0.1846 0.3713 
0.0300 0.0504 0.0194 0.9002 
0.0218 0.0239 0.0854 0.8690 
0.2038 0.7291 0.0259 0.0412 
0.0674 0.5922 0.0138 0.3266 
0.2512 0.2176 0.2712 0.2600 
0.3186 0.0088 0.6110 0.0615 
0.0312 0.0345 0.7568 0.1776 
0.8619 0.0875 0.0277 0.0230 
0.8990 0.0395 0.0459 0.0156 
0.3849 0.1890 0.2267 0.1994 
0.2406 0.2544 0.2462 0.2588 
0.2500 0.2403 0.2630 0.2468 

MOTIF filter22 
letter-probability matrix: alength= 4 w= 15 nsites= 15 
0.2384 0.2442 0.2733 0.2442 
0.2180 0.2849 0.2471 0.2500 
0.5291 0.0378 0.1105 0.3227 
0.6163 0.0291 0.0523 0.3023 
0.4593 0.0116 0.0523 0.4767 
0.3023 0.1628 0.1657 0.3692 
0.0029 0.0029 0.0000 0.9942 
0.0000 0.0000 1.0000 0.0000 
0.0436 0.9564 0.0000 0.0000 
0.0000 0.0000 0.0000 1.0000 
0.0000 0.0000 0.9971 0.0029 
1.0000 0.0000 0.0000 0.0000 
0.0145 0.5494 0.3052 0.1308 
0.1802 0.0988 0.0203 0.7006 
0.1744 0.4273 0.0756 0.3227 

MOTIF filter23 
letter-probability matrix: alength= 4 w= 10 nsites= 10 
0.2296 0.2384 0.2709 0.2611 
0.3961 0.2148 0.2591 0.1300 
0.2276 0.3163 0.3064 0.1498 
0.0000 1.0000 0.0000 0.0000 
1.0000 0.0000 0.0000 0.0000 
0.0000 0.9783 0.0000 0.0217 
0.0069 0.0000 0.9931 0.0000 
0.0000 0.0000 0.0000 1.0000 
0.0000 0.0000 1.0000 0.0000 
0.1626 0.2946 0.3054 0.2374 

MOTIF filter24 
letter-probability matrix: alength= 4 w= 14 nsites= 14 
0.1816 0.3054 0.2715 0.2415 
0.3074 0.2156 0.3772 0.0998 
0.3593 0.1377 0.3772 0.1257 
0.0000 0.9840 0.0140 0.0020 
0.0000 0.5429 0.0000 0.4571 
0.4471 0.0579 0.4870 0.0080 
1.0000 0.0000 0.0000 0.0000 
0.0000 0.0000 0.0000 1.0000 
0.0080 0.3513 0.0140 0.6267 
0.2954 0.0000 0.7046 0.0000 
0.0000 0.0080 0.9920 0.0000 
0.0918 0.3713 0.0758 0.4611 
0.0778 0.3533 0.1936 0.3752 
0.2375 0.3852 0.2555 0.1218 

MOTIF filter25 
letter-probability matrix: alength= 4 w= 20 nsites= 20 
0.2900 0.2395 0.2323 0.2383 
0.1600 0.0758 0.0397 0.7244 
0.0277 0.0903 0.6606 0.2214 
0.4212 0.3923 0.0650 0.1215 
0.0000 0.9988 0.0012 0.0000 
0.0000 0.9928 0.0000 0.0072 
0.8363 0.0000 0.0036 0.1600 
0.0108 0.0000 0.0000 0.9892 
1.0000 0.0000 0.0000 0.0000 
0.0000 0.0000 0.0000 1.0000 
0.9892 0.0000 0.0000 0.0108 
0.1564 0.0036 0.0012 0.8387 
0.0024 0.0060 0.9916 0.0000 
0.0000 0.0000 1.0000 0.0000 
0.1071 0.0626 0.3923 0.4380 
0.2226 0.6582 0.0939 0.0253 
0.7280 0.0301 0.0650 0.1769 
0.2335 0.2768 0.2431 0.2467 
0.2190 0.2684 0.2599 0.2527 
0.2395 0.2371 0.2768 0.2467 

MOTIF filter26 
letter-probability matrix: alength= 4 w= 18 nsites= 18 
0.2183 0.2897 0.2143 0.2778 
0.2738 0.2302 0.2460 0.2500 
0.2460 0.2897 0.2143 0.2500 
0.5119 0.0040 0.1190 0.3651 
0.7183 0.0079 0.0317 0.2421 
0.4484 0.0000 0.0198 0.5317 
0.2857 0.1508 0.1389 0.4246 
0.0040 0.0000 0.0000 0.9960 
0.0000 0.0000 1.0000 0.0000 
0.0079 0.9921 0.0000 0.0000 
0.0000 0.0000 0.0000 1.0000 
0.0000 0.0000 0.9960 0.0040 
1.0000 0.0000 0.0000 0.0000 
0.0317 0.5079 0.3135 0.1468 
0.2063 0.1071 0.0476 0.6389 
0.1746 0.3849 0.1190 0.3214 
0.6032 0.0238 0.1627 0.2103 
0.1071 0.0079 0.6429 0.2421 

MOTIF filter27 
letter-probability matrix: alength= 4 w= 12 nsites= 12 
0.2564 0.2802 0.2363 0.2271 
0.5495 0.1447 0.2216 0.0842 
0.1740 0.3608 0.3791 0.0861 
0.0000 1.0000 0.0000 0.0000 
1.0000 0.0000 0.0000 0.0000 
0.0000 1.0000 0.0000 0.0000 
0.0000 0.0000 1.0000 0.0000 
0.0000 0.0000 0.0000 1.0000 
0.0000 0.0000 1.0000 0.0000 
0.0220 0.3297 0.3901 0.2582 
0.0861 0.2473 0.1007 0.5659 
0.2473 0.2491 0.2399 0.2637 

MOTIF filter28 
letter-probability matrix: alength= 4 w= 12 nsites= 12 
0.2348 0.3140 0.2520 0.1992 
0.4512 0.1412 0.2810 0.1266 
0.2480 0.3047 0.3443 0.1029 
0.0013 0.9987 0.0000 0.0000 
0.9960 0.0000 0.0040 0.0000 
0.0000 1.0000 0.0000 0.0000 
0.0000 0.0000 1.0000 0.0000 
0.0000 0.0013 0.0000 0.9987 
0.0000 0.0000 1.0000 0.0000 
0.1557 0.3193 0.3443 0.1807 
0.1332 0.2150 0.1332 0.5185 
0.2559 0.2348 0.2586 0.2507 

MOTIF filter29 
letter-probability matrix: alength= 4 w= 13 nsites= 13 
0.2477 0.2670 0.2330 0.2523 
0.2477 0.2386 0.2557 0.2580 
0.2466 0.1398 0.3977 0.2159 
0.4352 0.1636 0.4011 0.0000 
0.0000 0.0000 0.0000 1.0000 
0.0000 0.0000 1.0000 0.0000 
1.0000 0.0000 0.0000 0.0000 
0.0000 0.5000 0.5000 0.0000 
0.0000 0.0000 0.0000 1.0000 
0.0000 1.0000 0.0000 0.0000 
1.0000 0.0000 0.0000 0.0000 
0.0000 0.3182 0.2580 0.4239 
0.2193 0.3659 0.2000 0.2148 

MOTIF filter30 
letter-probability matrix: alength= 4 w= 15 nsites= 15 
0.2677 0.2462 0.2308 0.2554 
0.2708 0.2308 0.3046 0.1938 
0.2246 0.2369 0.2738 0.2646 
0.0062 0.8462 0.1477 0.0000 
0.0215 0.9785 0.0000 0.0000 
0.0000 0.0000 1.0000 0.0000 
0.0000 0.0000 1.0000 0.0000 
1.0000 0.0000 0.0000 0.0000 
1.0000 0.0000 0.0000 0.0000 
0.0308 0.0092 0.9600 0.0000 
0.0215 0.3015 0.0062 0.6708 
0.1785 0.0800 0.6923 0.0492 
0.2523 0.2462 0.4769 0.0246 
0.2031 0.3815 0.2492 0.1662 
0.2154 0.2892 0.2554 0.2400 

MOTIF filter31 
letter-probability matrix: alength= 4 w= 18 nsites= 18 
0.2202 0.2455 0.2635 0.2708 
0.2094 0.3177 0.2816 0.1913 
0.2419 0.2888 0.2166 0.2527 
0.1769 0.6895 0.0686 0.0650 
0.9928 0.0000 0.0072 0.0000 
0.9928 0.0000 0.0072 0.0000 
0.4296 0.0866 0.4838 0.0000 
1.0000 0.0000 0.0000 0.0000 
0.0000 0.0000 0.0000 1.0000 
0.0000 0.0000 1.0000 0.0000 
0.0000 0.0000 1.0000 0.0000 
0.0614 0.9097 0.0000 0.0289 
0.0903 0.1986 0.4477 0.2635 
0.0686 0.0433 0.8123 0.0758 
0.1083 0.7978 0.0108 0.0830 
0.2708 0.1986 0.2419 0.2888 
0.2166 0.2491 0.3213 0.2130 
0.2599 0.2166 0.3141 0.2094 

