MEME version 4

ALPHABET= ACGT

Background letter frequencies:
A 0.2500 C 0.2500 G 0.2500 T 0.2500 

MOTIF filter0 
letter-probability matrix: alength= 4 w= 12 nsites= 12 
0.2175 0.1672 0.1626 0.4528 
0.0508 0.3216 0.4026 0.2250 
0.4669 0.2128 0.1374 0.1829 
0.1568 0.0387 0.1628 0.6417 
0.2325 0.3688 0.2549 0.1438 
0.0033 0.7149 0.2439 0.0378 
0.3332 0.0278 0.5932 0.0458 
0.0427 0.9468 0.0064 0.0041 
0.0549 0.6102 0.0968 0.2381 
0.0837 0.5958 0.1644 0.1561 
0.3686 0.2788 0.2371 0.1155 
0.1139 0.2022 0.3592 0.3248 

MOTIF filter1 
letter-probability matrix: alength= 4 w= 16 nsites= 16 
0.2639 0.2561 0.2639 0.2160 
0.1951 0.3345 0.2789 0.1915 
0.0934 0.1185 0.3381 0.4500 
0.0760 0.8103 0.0389 0.0748 
0.0072 0.0479 0.0018 0.9431 
0.6134 0.2130 0.1724 0.0012 
0.2783 0.2795 0.0150 0.4273 
0.5583 0.1849 0.0275 0.2292 
0.3315 0.2573 0.0030 0.4081 
0.4889 0.0904 0.0892 0.3315 
0.0006 0.0000 0.0036 0.9958 
0.8528 0.0449 0.0856 0.0168 
0.0239 0.0012 0.7887 0.1861 
0.4279 0.3567 0.1215 0.0940 
0.1520 0.1544 0.4590 0.2346 
0.1867 0.2490 0.3740 0.1903 

MOTIF filter2 
letter-probability matrix: alength= 4 w= 10 nsites= 10 
0.2146 0.2215 0.2869 0.2770 
0.4031 0.1718 0.3451 0.0800 
0.2842 0.3491 0.2424 0.1244 
0.5019 0.0325 0.0334 0.4322 
0.0006 0.7158 0.0089 0.2747 
0.0001 0.0000 0.0109 0.9891 
0.4452 0.0402 0.0088 0.5058 
0.3869 0.1455 0.1759 0.2916 
0.2735 0.2518 0.1735 0.3012 
0.3826 0.1760 0.1603 0.2812 

MOTIF filter3 
letter-probability matrix: alength= 4 w= 14 nsites= 14 
0.2385 0.2609 0.2676 0.2330 
0.2695 0.2477 0.2296 0.2532 
0.4401 0.1608 0.3533 0.0457 
0.0289 0.0258 0.0301 0.9153 
0.0209 0.0166 0.1446 0.8180 
0.3244 0.0187 0.5144 0.1424 
0.0565 0.6998 0.0454 0.1983 
0.1897 0.0651 0.6909 0.0543 
0.1513 0.5510 0.0089 0.2888 
0.8327 0.1246 0.0206 0.0221 
0.9441 0.0212 0.0138 0.0209 
0.0540 0.3367 0.1575 0.4518 
0.2382 0.2775 0.2572 0.2271 
0.2535 0.2394 0.2548 0.2523 

MOTIF filter4 
letter-probability matrix: alength= 4 w= 16 nsites= 16 
0.2810 0.2222 0.2696 0.2271 
0.2614 0.2565 0.2500 0.2320 
0.2516 0.2288 0.2712 0.2484 
0.1405 0.0474 0.6160 0.1961 
0.1503 0.5523 0.1683 0.1291 
0.3072 0.2386 0.3137 0.1405 
0.1127 0.0033 0.7288 0.1552 
0.0016 0.9886 0.0049 0.0049 
0.0082 0.9722 0.0114 0.0082 
0.9967 0.0000 0.0033 0.0000 
0.0065 0.0000 0.0049 0.9886 
0.0441 0.4085 0.1748 0.3725 
0.0114 0.0621 0.0147 0.9118 
0.0033 0.0278 0.0016 0.9673 
0.1111 0.1078 0.5915 0.1895 
0.2941 0.2190 0.2533 0.2337 

MOTIF filter5 
letter-probability matrix: alength= 4 w= 10 nsites= 10 
0.4348 0.1549 0.3623 0.0479 
0.1442 0.4962 0.0683 0.2914 
0.1863 0.4038 0.4099 0.0000 
0.0000 0.0000 0.0663 0.9337 
0.5245 0.0004 0.4701 0.0050 
0.0000 0.0882 0.9118 0.0000 
0.3202 0.0046 0.0000 0.6752 
0.1756 0.4145 0.2630 0.1469 
0.1852 0.3873 0.2404 0.1871 
0.2650 0.1902 0.3305 0.2143 

MOTIF filter6 
letter-probability matrix: alength= 4 w= 13 nsites= 13 
0.1723 0.2782 0.3500 0.1995 
0.2912 0.2640 0.2883 0.1565 
0.1010 0.2989 0.4262 0.1740 
0.0012 0.7883 0.0008 0.2097 
0.0000 0.5032 0.1719 0.3248 
0.9988 0.0012 0.0000 0.0000 
0.3321 0.0000 0.0008 0.6671 
0.0775 0.0000 0.0000 0.9225 
0.2109 0.2210 0.3820 0.1861 
0.5612 0.0004 0.2883 0.1500 
0.0308 0.1796 0.2036 0.5860 
0.4801 0.2028 0.1265 0.1906 
0.2011 0.1642 0.5126 0.1221 

MOTIF filter7 
letter-probability matrix: alength= 4 w= 11 nsites= 11 
0.4706 0.0433 0.3501 0.1360 
0.3576 0.1531 0.2917 0.1977 
0.1369 0.1089 0.1187 0.6356 
0.0641 0.3542 0.5623 0.0195 
0.6669 0.0915 0.0230 0.2186 
0.0769 0.5851 0.2980 0.0399 
0.0225 0.0074 0.0018 0.9683 
0.0156 0.7142 0.1252 0.1450 
0.5923 0.2091 0.1098 0.0888 
0.0386 0.2566 0.3397 0.3651 
0.1530 0.2664 0.2707 0.3099 

MOTIF filter8 
letter-probability matrix: alength= 4 w= 17 nsites= 17 
0.2201 0.2808 0.2713 0.2277 
0.2581 0.2638 0.2125 0.2657 
0.1689 0.5939 0.1518 0.0854 
0.9829 0.0000 0.0171 0.0000 
0.9317 0.0095 0.0550 0.0038 
0.4080 0.1157 0.4421 0.0342 
1.0000 0.0000 0.0000 0.0000 
0.0000 0.0000 0.0000 1.0000 
0.0000 0.0000 1.0000 0.0000 
0.0000 0.0000 1.0000 0.0000 
0.1157 0.7628 0.0000 0.1214 
0.1423 0.2163 0.3738 0.2676 
0.1214 0.1271 0.6490 0.1025 
0.1727 0.6622 0.0474 0.1176 
0.2581 0.2353 0.2315 0.2751 
0.2353 0.2372 0.2808 0.2467 
0.2600 0.2600 0.2543 0.2258 

MOTIF filter9 
letter-probability matrix: alength= 4 w= 17 nsites= 17 
0.3417 0.3306 0.1568 0.1709 
0.0555 0.7271 0.0984 0.1191 
0.0059 0.9260 0.0407 0.0274 
0.4697 0.0880 0.0037 0.4386 
0.0133 0.1139 0.2692 0.6036 
1.0000 0.0000 0.0000 0.0000 
0.0000 0.0000 0.0000 1.0000 
0.5547 0.0000 0.0015 0.4438 
0.1028 0.0000 0.4024 0.4948 
0.0007 0.0325 0.9667 0.0000 
0.0399 0.1738 0.5769 0.2093 
0.0407 0.1820 0.3173 0.4601 
0.2404 0.5185 0.1893 0.0518 
0.6457 0.0851 0.1368 0.1324 
0.2485 0.1953 0.2463 0.3099 
0.1834 0.2019 0.2885 0.3262 
0.1538 0.2892 0.2086 0.3484 

MOTIF filter10 
letter-probability matrix: alength= 4 w= 11 nsites= 11 
0.1723 0.2597 0.3060 0.2621 
0.4109 0.1863 0.2148 0.1880 
0.2293 0.2294 0.2720 0.2693 
0.1923 0.1225 0.0036 0.6816 
0.0140 0.8957 0.0489 0.0414 
0.6771 0.1154 0.0001 0.2074 
0.0001 0.0350 0.9525 0.0124 
0.1845 0.6860 0.0147 0.1148 
0.5493 0.1777 0.0940 0.1790 
0.2591 0.2214 0.2548 0.2647 
0.2813 0.1780 0.2131 0.3276 

MOTIF filter11 
letter-probability matrix: alength= 4 w= 12 nsites= 12 
0.2846 0.3119 0.2460 0.1576 
0.2942 0.2106 0.2990 0.1961 
0.2379 0.1608 0.2637 0.3376 
0.0193 0.7090 0.2717 0.0000 
0.0322 0.9662 0.0000 0.0016 
0.0000 0.0016 0.9646 0.0338 
0.0000 0.0257 0.9695 0.0048 
0.9534 0.0225 0.0064 0.0177 
0.9164 0.0193 0.0370 0.0273 
0.0563 0.0450 0.8939 0.0048 
0.0740 0.3023 0.0322 0.5916 
0.2122 0.1318 0.5949 0.0611 

MOTIF filter12 
letter-probability matrix: alength= 4 w= 10 nsites= 10 
0.1116 0.4908 0.1723 0.2253 
0.0966 0.1004 0.6018 0.2012 
0.5492 0.2764 0.0921 0.0824 
0.2594 0.5870 0.0028 0.1508 
0.0877 0.3106 0.0024 0.5993 
0.5339 0.3062 0.0527 0.1073 
0.2226 0.0065 0.7329 0.0381 
0.1362 0.1302 0.2834 0.4503 
0.3723 0.0906 0.3964 0.1407 
0.1959 0.0984 0.6270 0.0787 

MOTIF filter13 
letter-probability matrix: alength= 4 w= 12 nsites= 12 
0.1989 0.2152 0.4411 0.1447 
0.0469 0.2461 0.1752 0.5318 
0.0070 0.3597 0.2674 0.3659 
0.4037 0.4875 0.0000 0.1088 
0.0015 0.0004 0.0600 0.9381 
0.1153 0.1441 0.0842 0.6564 
0.5913 0.0002 0.1138 0.2947 
0.4624 0.1959 0.0000 0.3418 
0.3384 0.1397 0.0053 0.5166 
0.3378 0.1533 0.1069 0.4021 
0.1424 0.1992 0.3221 0.3363 
0.2597 0.2646 0.2362 0.2395 

MOTIF filter14 
letter-probability matrix: alength= 4 w= 16 nsites= 16 
0.5287 0.0891 0.0967 0.2855 
0.4094 0.0498 0.0967 0.4441 
0.2946 0.1647 0.1828 0.3580 
0.0544 0.0770 0.0302 0.8384 
0.0272 0.0166 0.9441 0.0121 
0.1828 0.7613 0.0498 0.0060 
0.0015 0.0015 0.0015 0.9955 
0.0045 0.0000 0.9698 0.0257 
0.9985 0.0000 0.0000 0.0015 
0.0166 0.5121 0.3399 0.1314 
0.1450 0.0846 0.0363 0.7341 
0.1118 0.6042 0.0755 0.2085 
0.6284 0.0453 0.1526 0.1737 
0.1224 0.1269 0.4637 0.2870 
0.2447 0.3248 0.2205 0.2100 
0.3006 0.2009 0.2795 0.2190 

MOTIF filter15 
letter-probability matrix: alength= 4 w= 15 nsites= 15 
0.2543 0.2878 0.2379 0.2200 
0.2200 0.2916 0.2676 0.2207 
0.1125 0.2912 0.3578 0.2386 
0.0255 0.5954 0.1104 0.2688 
0.0542 0.6458 0.0221 0.2778 
0.0956 0.7859 0.0640 0.0545 
0.0031 0.7593 0.0947 0.1430 
0.1722 0.2062 0.2988 0.3228 
0.0414 0.8627 0.0328 0.0630 
0.0902 0.8627 0.0221 0.0250 
0.0076 0.6798 0.0181 0.2945 
0.1741 0.6194 0.0145 0.1920 
0.1185 0.4874 0.1549 0.2393 
0.2552 0.2942 0.2326 0.2179 
0.2274 0.2931 0.2317 0.2479 

MOTIF filter16 
letter-probability matrix: alength= 4 w= 11 nsites= 11 
0.2211 0.2696 0.2627 0.2465 
0.2086 0.2478 0.2493 0.2944 
0.3121 0.2577 0.2450 0.1852 
0.0000 0.4850 0.4784 0.0367 
0.4115 0.2144 0.2026 0.1715 
0.4543 0.0076 0.0004 0.5377 
0.0779 0.8804 0.0000 0.0417 
0.1225 0.6791 0.1343 0.0641 
0.1188 0.1520 0.4470 0.2823 
0.1690 0.2308 0.4108 0.1894 
0.2989 0.2151 0.3382 0.1478 

MOTIF filter17 
letter-probability matrix: alength= 4 w= 15 nsites= 15 
0.2669 0.2271 0.2264 0.2796 
0.2796 0.2289 0.2446 0.2470 
0.1860 0.2192 0.1655 0.4293 
0.0193 0.0217 0.0163 0.9426 
0.0157 0.0260 0.0393 0.9191 
0.1226 0.8098 0.0290 0.0386 
0.0332 0.6902 0.0223 0.2542 
0.2615 0.2482 0.2409 0.2494 
0.2591 0.0042 0.7114 0.0254 
0.0169 0.0121 0.8659 0.1051 
0.9680 0.0229 0.0091 0.0000 
0.9909 0.0054 0.0018 0.0018 
0.4469 0.1419 0.2464 0.1649 
0.2325 0.2633 0.2349 0.2693 
0.2645 0.2355 0.2554 0.2446 

MOTIF filter18 
letter-probability matrix: alength= 4 w= 15 nsites= 15 
0.0581 0.4642 0.2187 0.2589 
0.4430 0.1595 0.0954 0.3022 
0.0350 0.2731 0.1572 0.5346 
0.7470 0.0503 0.0987 0.1039 
0.0645 0.2079 0.1080 0.6196 
0.3141 0.0328 0.2422 0.4110 
0.0987 0.0194 0.2925 0.5894 
0.0089 0.0004 0.3819 0.6088 
0.0115 0.0853 0.8584 0.0447 
0.6021 0.0805 0.2127 0.1047 
0.0436 0.4743 0.3610 0.1211 
0.1274 0.1308 0.0741 0.6677 
0.0969 0.6289 0.1032 0.1710 
0.4273 0.1893 0.1621 0.2213 
0.0820 0.2981 0.0838 0.5361 

MOTIF filter19 
letter-probability matrix: alength= 4 w= 13 nsites= 13 
0.2595 0.2642 0.2832 0.1931 
0.2263 0.1872 0.3495 0.2370 
0.4502 0.1505 0.3934 0.0059 
0.0000 0.0000 0.0000 1.0000 
0.0000 0.0000 0.9964 0.0036 
1.0000 0.0000 0.0000 0.0000 
0.0154 0.4633 0.5201 0.0012 
0.0000 0.0000 0.0000 1.0000 
0.0000 1.0000 0.0000 0.0000 
1.0000 0.0000 0.0000 0.0000 
0.0059 0.3732 0.1908 0.4301 
0.2121 0.3531 0.2062 0.2287 
0.2204 0.2192 0.2938 0.2666 

MOTIF filter20 
letter-probability matrix: alength= 4 w= 12 nsites= 12 
0.2245 0.1545 0.3217 0.2992 
0.2111 0.4989 0.0513 0.2387 
0.0834 0.0763 0.5050 0.3353 
0.7378 0.0000 0.0000 0.2622 
0.0258 0.1447 0.4658 0.3637 
0.8147 0.0067 0.0010 0.1776 
0.0993 0.4857 0.3663 0.0487 
0.4134 0.2705 0.0039 0.3122 
0.0181 0.7433 0.0412 0.1973 
0.7221 0.1327 0.0400 0.1053 
0.1461 0.1843 0.3834 0.2862 
0.3191 0.2955 0.2001 0.1853 

MOTIF filter21 
letter-probability matrix: alength= 4 w= 16 nsites= 16 
0.3524 0.3408 0.1314 0.1754 
0.0015 0.9907 0.0070 0.0008 
0.0000 0.9436 0.0448 0.0116 
0.7218 0.0116 0.0943 0.1723 
0.0502 0.0116 0.0008 0.9374 
0.8400 0.0850 0.0641 0.0108 
0.0039 0.1066 0.0270 0.8624 
0.7535 0.2009 0.0147 0.0309 
0.2272 0.1577 0.0008 0.6144 
0.0116 0.3099 0.6754 0.0031 
0.0108 0.0641 0.8756 0.0495 
0.0981 0.1839 0.3323 0.3856 
0.2674 0.6074 0.0989 0.0263 
0.5672 0.1213 0.1329 0.1785 
0.2442 0.2998 0.2805 0.1754 
0.1994 0.2975 0.2913 0.2117 

MOTIF filter22 
letter-probability matrix: alength= 4 w= 12 nsites= 12 
0.2415 0.2794 0.2579 0.2212 
0.4389 0.1883 0.2511 0.1216 
0.2234 0.3354 0.3066 0.1346 
0.0045 0.9842 0.0107 0.0006 
0.9350 0.0040 0.0532 0.0079 
0.0113 0.8693 0.0051 0.1143 
0.1160 0.0209 0.8609 0.0023 
0.0096 0.0452 0.0000 0.9451 
0.0051 0.0062 0.9802 0.0085 
0.1567 0.3060 0.2788 0.2585 
0.1527 0.2721 0.1510 0.4242 
0.2415 0.2545 0.2426 0.2613 

MOTIF filter23 
letter-probability matrix: alength= 4 w= 10 nsites= 10 
0.2717 0.2183 0.2429 0.2671 
0.0904 0.3550 0.3060 0.2486 
0.1382 0.3809 0.4393 0.0416 
0.7052 0.0011 0.1746 0.1190 
0.0002 0.5785 0.0293 0.3919 
0.0134 0.0403 0.0004 0.9459 
0.3432 0.4730 0.1838 0.0000 
0.3005 0.1149 0.3602 0.2244 
0.3322 0.1751 0.1051 0.3877 
0.3098 0.3034 0.1270 0.2598 

MOTIF filter24 
letter-probability matrix: alength= 4 w= 19 nsites= 19 
0.3149 0.3236 0.1824 0.1792 
0.0673 0.7850 0.0717 0.0760 
0.0825 0.7199 0.0706 0.1270 
0.6884 0.0706 0.0934 0.1477 
0.0890 0.0695 0.0814 0.7600 
0.7438 0.0934 0.0391 0.1238 
0.0174 0.0217 0.0717 0.8893 
0.5928 0.3811 0.0000 0.0261 
0.0478 0.0011 0.0000 0.9511 
0.4093 0.0033 0.5874 0.0000 
0.0803 0.0000 0.7123 0.2074 
0.2486 0.0641 0.2237 0.4636 
0.4549 0.3540 0.0261 0.1650 
0.7796 0.0130 0.0098 0.1976 
0.1835 0.1151 0.0955 0.6059 
0.6417 0.1542 0.1227 0.0814 
0.2041 0.1086 0.5679 0.1194 
0.3257 0.3800 0.1455 0.1488 
0.2617 0.2139 0.2573 0.2671 

MOTIF filter25 
letter-probability matrix: alength= 4 w= 13 nsites= 13 
0.2129 0.3436 0.2111 0.2324 
0.4135 0.1382 0.2906 0.1577 
0.3691 0.4408 0.1583 0.0318 
0.0633 0.0612 0.1187 0.7568 
0.0030 0.0423 0.3382 0.6165 
0.4321 0.4804 0.0780 0.0096 
0.1502 0.3778 0.4717 0.0003 
0.0003 0.0000 0.3631 0.6366 
0.1526 0.6186 0.2282 0.0006 
0.9652 0.0039 0.0276 0.0033 
0.0369 0.2822 0.5250 0.1559 
0.1364 0.3181 0.0666 0.4789 
0.3505 0.2189 0.2342 0.1964 

MOTIF filter26 
letter-probability matrix: alength= 4 w= 14 nsites= 14 
0.1346 0.2238 0.3654 0.2762 
0.0192 0.4406 0.2185 0.3217 
0.1014 0.5839 0.1364 0.1783 
0.6171 0.0157 0.3269 0.0402 
0.0035 0.8164 0.0315 0.1486 
0.0000 0.0070 0.0017 0.9913 
0.0035 0.0105 0.0192 0.9668 
0.0140 0.9476 0.0245 0.0140 
0.0157 0.9161 0.0000 0.0682 
0.0087 0.0052 0.8864 0.0997 
0.0000 0.2045 0.6451 0.1503 
0.1154 0.2990 0.2203 0.3654 
0.0909 0.2797 0.2832 0.3462 
0.1696 0.2832 0.1906 0.3566 

MOTIF filter27 
letter-probability matrix: alength= 4 w= 17 nsites= 17 
0.2893 0.2802 0.2071 0.2234 
0.0568 0.7428 0.1373 0.0632 
0.0815 0.6778 0.1228 0.1179 
0.4633 0.1246 0.2036 0.2085 
0.1284 0.1200 0.1366 0.6150 
0.5039 0.3084 0.1489 0.0388 
0.0558 0.1267 0.1394 0.6782 
0.6920 0.0067 0.0480 0.2534 
0.2442 0.2131 0.0113 0.5314 
0.0558 0.0032 0.3941 0.5469 
0.4467 0.0014 0.4559 0.0960 
0.4672 0.0141 0.1341 0.3846 
0.2082 0.2159 0.0176 0.5582 
0.6203 0.0081 0.0311 0.3405 
0.3250 0.1524 0.1461 0.3765 
0.1602 0.1895 0.1718 0.4785 
0.5473 0.1912 0.1316 0.1299 

MOTIF filter28 
letter-probability matrix: alength= 4 w= 12 nsites= 12 
0.2461 0.2587 0.2448 0.2504 
0.1401 0.1894 0.3554 0.3151 
0.0350 0.4288 0.5358 0.0005 
0.0562 0.2926 0.4633 0.1879 
0.2441 0.1535 0.1976 0.4048 
0.2328 0.1672 0.3279 0.2721 
0.0235 0.8796 0.0003 0.0966 
0.0080 0.7086 0.2755 0.0080 
0.0150 0.1410 0.7304 0.1137 
0.2342 0.0449 0.2935 0.4274 
0.3865 0.1494 0.2258 0.2383 
0.2731 0.2278 0.1798 0.3193 

MOTIF filter29 
letter-probability matrix: alength= 4 w= 12 nsites= 12 
0.2078 0.3082 0.2323 0.2516 
0.2393 0.2668 0.2659 0.2280 
0.3301 0.2361 0.2767 0.1570 
0.7227 0.0015 0.0099 0.2659 
0.0000 0.1080 0.0000 0.8920 
0.0003 0.3792 0.0149 0.6057 
0.7142 0.0000 0.2858 0.0000 
0.9921 0.0000 0.0079 0.0000 
0.3158 0.0000 0.0032 0.6810 
0.1608 0.4060 0.2525 0.1807 
0.3246 0.2364 0.2452 0.1938 
0.2093 0.2431 0.3479 0.1996 

MOTIF filter30 
letter-probability matrix: alength= 4 w= 13 nsites= 13 
0.2496 0.2225 0.2756 0.2524 
0.2502 0.1435 0.4504 0.1559 
0.2197 0.0336 0.5469 0.1998 
0.2656 0.0727 0.6354 0.0264 
0.0156 0.0547 0.8924 0.0373 
0.1089 0.1159 0.7004 0.0748 
0.2758 0.3498 0.2017 0.1727 
0.0731 0.1350 0.6964 0.0956 
0.0378 0.0977 0.7754 0.0892 
0.2876 0.0298 0.5962 0.0864 
0.2854 0.1794 0.5071 0.0281 
0.2476 0.3160 0.2839 0.1526 
0.2397 0.2622 0.2643 0.2338 

MOTIF filter31 
letter-probability matrix: alength= 4 w= 13 nsites= 13 
0.3310 0.2043 0.2160 0.2487 
0.0403 0.4869 0.1839 0.2890 
0.0461 0.2744 0.2154 0.4641 
0.1938 0.2125 0.5803 0.0134 
0.7536 0.0420 0.1833 0.0210 
0.0000 0.8109 0.0000 0.1891 
0.0000 0.2265 0.0000 0.7735 
0.5593 0.0041 0.3911 0.0455 
0.4834 0.0082 0.5079 0.0006 
0.0175 0.2166 0.0006 0.7653 
0.0741 0.5137 0.1489 0.2633 
0.5126 0.1856 0.2341 0.0677 
0.3112 0.1343 0.5061 0.0485 

