MEME version 4

ALPHABET= ACGT

Background letter frequencies:
A 0.2500 C 0.2500 G 0.2500 T 0.2500 

MOTIF filter0 
letter-probability matrix: alength= 4 w= 14 nsites= 14 
0.2132 0.3501 0.2821 0.1546 
0.3166 0.2356 0.2179 0.2300 
0.1527 0.1127 0.4330 0.3017 
0.0000 0.9106 0.0428 0.0466 
0.0140 0.3464 0.0000 0.6397 
0.6369 0.0531 0.2682 0.0419 
0.7225 0.0000 0.0000 0.2775 
0.0382 0.0438 0.0345 0.8836 
0.1536 0.0233 0.0205 0.8026 
0.0838 0.0000 0.5363 0.3799 
0.0000 0.0205 0.8259 0.1536 
0.3305 0.2374 0.1220 0.3101 
0.0158 0.3706 0.3650 0.2486 
0.1350 0.5112 0.2076 0.1462 

MOTIF filter1 
letter-probability matrix: alength= 4 w= 15 nsites= 15 
0.2895 0.2411 0.2932 0.1763 
0.2977 0.2913 0.2110 0.2000 
0.1635 0.0767 0.4749 0.2849 
0.0493 0.5927 0.0091 0.3489 
0.0018 0.0000 0.2155 0.7826 
0.9982 0.0000 0.0018 0.0000 
0.1233 0.2274 0.1954 0.4539 
0.2530 0.0009 0.0000 0.7461 
0.3205 0.3516 0.0000 0.3279 
0.6320 0.0174 0.1196 0.2311 
0.0000 0.1196 0.0155 0.8648 
0.9708 0.0119 0.0037 0.0137 
0.0941 0.0119 0.8174 0.0767 
0.4457 0.4018 0.0685 0.0840 
0.2365 0.2475 0.2795 0.2365 

MOTIF filter2 
letter-probability matrix: alength= 4 w= 11 nsites= 11 
0.2679 0.1338 0.2961 0.3022 
0.1826 0.2394 0.1565 0.4215 
0.1164 0.0776 0.1803 0.6257 
0.0320 0.6584 0.0023 0.3073 
0.0011 0.3594 0.0020 0.6374 
0.5748 0.3822 0.0392 0.0039 
0.0774 0.0001 0.7117 0.2109 
0.4807 0.0310 0.4824 0.0059 
0.4286 0.0989 0.3546 0.1180 
0.3854 0.1747 0.2991 0.1408 
0.3235 0.1695 0.1442 0.3628 

MOTIF filter3 
letter-probability matrix: alength= 4 w= 13 nsites= 13 
0.1814 0.2737 0.2669 0.2779 
0.2606 0.2051 0.2470 0.2873 
0.2105 0.1918 0.2876 0.3101 
0.0004 0.4460 0.0961 0.4576 
0.0294 0.5142 0.1906 0.2658 
0.4285 0.3509 0.1380 0.0827 
0.1881 0.2591 0.2446 0.3082 
0.1797 0.0020 0.5113 0.3070 
0.0006 0.1191 0.8744 0.0058 
0.0332 0.0038 0.9630 0.0000 
0.2979 0.2668 0.2063 0.2291 
0.3876 0.2635 0.1672 0.1818 
0.2460 0.2476 0.2369 0.2695 

MOTIF filter4 
letter-probability matrix: alength= 4 w= 11 nsites= 11 
0.2755 0.2065 0.2811 0.2370 
0.2864 0.1927 0.2930 0.2279 
0.1545 0.2744 0.3095 0.2616 
0.4565 0.0000 0.5039 0.0396 
0.6261 0.2800 0.0154 0.0785 
0.8471 0.1520 0.0009 0.0000 
0.0332 0.1986 0.3968 0.3714 
0.0002 0.1606 0.1807 0.6585 
0.0818 0.4321 0.0721 0.4139 
0.1292 0.4368 0.1588 0.2752 
0.3911 0.1797 0.4152 0.0141 

MOTIF filter5 
letter-probability matrix: alength= 4 w= 12 nsites= 12 
0.2573 0.2550 0.2555 0.2322 
0.3586 0.2242 0.2490 0.1682 
0.2302 0.3002 0.3034 0.1662 
0.0068 0.9161 0.0435 0.0336 
0.8870 0.0014 0.0672 0.0444 
0.0720 0.7897 0.0521 0.0862 
0.0871 0.0000 0.9024 0.0105 
0.0558 0.0481 0.0336 0.8625 
0.0444 0.0009 0.9234 0.0313 
0.1847 0.2817 0.2911 0.2425 
0.1881 0.2664 0.2003 0.3452 
0.2385 0.2541 0.2496 0.2578 

MOTIF filter6 
letter-probability matrix: alength= 4 w= 10 nsites= 10 
0.2789 0.1785 0.3017 0.2408 
0.2049 0.2913 0.2237 0.2800 
0.0916 0.3740 0.1999 0.3346 
0.5029 0.0200 0.4417 0.0355 
0.0577 0.5036 0.4387 0.0000 
0.2365 0.0199 0.0905 0.6531 
0.0000 0.2863 0.5699 0.1437 
0.2462 0.4206 0.0011 0.3322 
0.0373 0.4373 0.4423 0.0830 
0.1896 0.3018 0.2042 0.3045 

MOTIF filter7 
letter-probability matrix: alength= 4 w= 15 nsites= 15 
0.2646 0.2217 0.2689 0.2448 
0.2628 0.2009 0.2628 0.2736 
0.2397 0.1105 0.5061 0.1436 
0.1929 0.0025 0.6454 0.1591 
0.2754 0.0313 0.6886 0.0047 
0.0068 0.1062 0.8621 0.0248 
0.0018 0.2646 0.6559 0.0778 
0.3438 0.4060 0.0911 0.1591 
0.0932 0.0101 0.8629 0.0338 
0.0122 0.0000 0.8531 0.1346 
0.2927 0.0101 0.6281 0.0691 
0.3240 0.1012 0.5713 0.0036 
0.2275 0.3888 0.2833 0.1004 
0.2412 0.2523 0.2538 0.2527 
0.2696 0.2178 0.2991 0.2135 

MOTIF filter8 
letter-probability matrix: alength= 4 w= 12 nsites= 12 
0.3258 0.1489 0.3987 0.1265 
0.3596 0.2148 0.4096 0.0159 
0.1505 0.4238 0.2410 0.1846 
0.4717 0.4700 0.0114 0.0468 
0.6433 0.1084 0.2149 0.0334 
0.0002 0.0146 0.5114 0.4738 
0.5213 0.0220 0.4561 0.0006 
0.0000 0.3338 0.2154 0.4508 
0.7599 0.0698 0.1532 0.0171 
0.0211 0.2269 0.2784 0.4735 
0.1088 0.2881 0.3605 0.2425 
0.1659 0.1913 0.4591 0.1838 

MOTIF filter9 
letter-probability matrix: alength= 4 w= 13 nsites= 13 
0.1525 0.3907 0.2097 0.2471 
0.2747 0.3623 0.1553 0.2077 
0.4814 0.1059 0.2490 0.1637 
0.0952 0.2453 0.0100 0.6495 
0.5092 0.2949 0.1959 0.0000 
0.0006 0.1160 0.0000 0.8833 
0.1972 0.4537 0.0255 0.3236 
0.5965 0.0037 0.1659 0.2339 
0.0562 0.0045 0.9393 0.0000 
0.0000 0.1133 0.6319 0.2548 
0.2532 0.1557 0.2331 0.3580 
0.2473 0.3554 0.2240 0.1733 
0.2970 0.3087 0.0786 0.3157 

MOTIF filter10 
letter-probability matrix: alength= 4 w= 14 nsites= 14 
0.2318 0.2722 0.2264 0.2695 
0.4987 0.0377 0.1186 0.3450 
0.6199 0.0216 0.0458 0.3127 
0.4771 0.0081 0.0296 0.4852 
0.2534 0.1644 0.1725 0.4097 
0.0270 0.0000 0.0027 0.9704 
0.0000 0.0000 1.0000 0.0000 
0.0512 0.9488 0.0000 0.0000 
0.0081 0.0054 0.0108 0.9757 
0.0027 0.0081 0.9569 0.0323 
0.9784 0.0027 0.0108 0.0081 
0.0889 0.4771 0.2102 0.2237 
0.2857 0.2129 0.1132 0.3881 
0.2022 0.1806 0.2129 0.4043 

MOTIF filter11 
letter-probability matrix: alength= 4 w= 11 nsites= 11 
0.4571 0.0585 0.3435 0.1410 
0.0764 0.4939 0.1579 0.2718 
0.0004 0.3015 0.3326 0.3654 
0.8500 0.0959 0.0169 0.0372 
0.6532 0.0438 0.0533 0.2496 
0.0367 0.1816 0.0044 0.7773 
0.4347 0.0912 0.4604 0.0137 
0.4582 0.0762 0.4588 0.0068 
0.1885 0.2335 0.2225 0.3555 
0.3443 0.2944 0.0968 0.2645 
0.2713 0.2438 0.2615 0.2234 

MOTIF filter12 
letter-probability matrix: alength= 4 w= 14 nsites= 14 
0.0855 0.3752 0.2319 0.3074 
0.2107 0.0512 0.2130 0.5250 
0.1757 0.0951 0.3498 0.3794 
0.3448 0.6360 0.0189 0.0004 
0.0370 0.7107 0.0150 0.2373 
0.5077 0.2038 0.0173 0.2712 
0.2904 0.0004 0.7092 0.0000 
0.0000 0.0000 0.7912 0.2088 
0.6510 0.2650 0.0624 0.0216 
0.8837 0.0366 0.0439 0.0358 
0.2053 0.1109 0.6441 0.0397 
0.2026 0.2685 0.2334 0.2955 
0.2893 0.1776 0.3032 0.2300 
0.2111 0.2874 0.2704 0.2311 

MOTIF filter13 
letter-probability matrix: alength= 4 w= 11 nsites= 11 
0.3479 0.2867 0.1329 0.2325 
0.3217 0.1171 0.2063 0.3549 
0.2465 0.2413 0.4336 0.0787 
0.0035 0.0577 0.0192 0.9196 
0.0979 0.8794 0.0192 0.0035 
0.9615 0.0035 0.0332 0.0017 
0.0035 0.0017 0.9388 0.0559 
0.0035 0.9965 0.0000 0.0000 
0.9948 0.0017 0.0000 0.0035 
0.4161 0.1608 0.1311 0.2920 
0.4336 0.0315 0.0122 0.5227 

MOTIF filter14 
letter-probability matrix: alength= 4 w= 17 nsites= 17 
0.2142 0.2276 0.3096 0.2485 
0.2736 0.2711 0.2544 0.2008 
0.1757 0.1121 0.1347 0.5774 
0.0393 0.0795 0.1925 0.6887 
0.1347 0.1238 0.0477 0.6937 
0.0318 0.9657 0.0000 0.0025 
0.0033 0.5423 0.0000 0.4544 
0.6577 0.0703 0.0703 0.2017 
0.1523 0.0000 0.1490 0.6987 
0.5172 0.0000 0.2510 0.2318 
0.4912 0.0059 0.0008 0.5021 
0.9632 0.0000 0.0000 0.0368 
0.2050 0.0427 0.0377 0.7146 
0.4410 0.1013 0.4226 0.0351 
0.0812 0.0678 0.8176 0.0335 
0.2536 0.2611 0.2536 0.2318 
0.2218 0.4117 0.2100 0.1565 

MOTIF filter15 
letter-probability matrix: alength= 4 w= 15 nsites= 15 
0.2521 0.2935 0.2292 0.2253 
0.2325 0.2677 0.2644 0.2353 
0.1107 0.2588 0.3639 0.2666 
0.0056 0.6048 0.1151 0.2745 
0.0218 0.6752 0.0028 0.3002 
0.0028 0.9709 0.0106 0.0157 
0.1386 0.7647 0.0822 0.0145 
0.1705 0.1381 0.4203 0.2711 
0.0408 0.8876 0.0386 0.0330 
0.0061 0.9648 0.0000 0.0291 
0.0078 0.6954 0.0257 0.2711 
0.1627 0.6512 0.0011 0.1850 
0.1146 0.5031 0.1202 0.2622 
0.2487 0.2907 0.2426 0.2180 
0.2487 0.2789 0.2337 0.2387 

MOTIF filter16 
letter-probability matrix: alength= 4 w= 12 nsites= 12 
0.2675 0.2141 0.2493 0.2692 
0.2216 0.2710 0.1886 0.3188 
0.1889 0.3144 0.1854 0.3113 
0.0652 0.0360 0.5231 0.3757 
0.2024 0.3581 0.3555 0.0840 
0.6789 0.0000 0.1373 0.1838 
0.6310 0.2625 0.1040 0.0025 
0.6001 0.0005 0.1342 0.2652 
0.0816 0.0374 0.0111 0.8699 
0.0583 0.1820 0.2179 0.5418 
0.2552 0.3414 0.0000 0.4034 
0.2346 0.2772 0.2404 0.2477 

MOTIF filter17 
letter-probability matrix: alength= 4 w= 15 nsites= 15 
0.2889 0.2954 0.2859 0.1298 
0.3174 0.2540 0.2721 0.1565 
0.0384 0.3558 0.2363 0.3696 
0.0000 0.7245 0.2510 0.0246 
0.7352 0.0000 0.0315 0.2333 
0.7326 0.0026 0.0125 0.2523 
0.0384 0.0875 0.0000 0.8741 
0.1988 0.2579 0.5399 0.0034 
0.6352 0.0354 0.2958 0.0336 
0.4860 0.1298 0.0397 0.3445 
0.0664 0.1876 0.1389 0.6072 
0.5278 0.3890 0.0517 0.0315 
0.4912 0.1009 0.3342 0.0737 
0.2717 0.2462 0.1962 0.2859 
0.2639 0.1712 0.3079 0.2570 

MOTIF filter18 
letter-probability matrix: alength= 4 w= 11 nsites= 11 
0.2364 0.1322 0.3327 0.2986 
0.2228 0.2276 0.4874 0.0623 
0.4148 0.2492 0.0679 0.2681 
0.0113 0.2401 0.0336 0.7149 
0.0000 0.4014 0.0000 0.5986 
0.5686 0.0000 0.4125 0.0189 
0.6268 0.0000 0.1407 0.2325 
0.0656 0.0865 0.0513 0.7966 
0.0777 0.3764 0.2251 0.3208 
0.2453 0.2456 0.2398 0.2693 
0.1933 0.2896 0.2793 0.2378 

MOTIF filter19 
letter-probability matrix: alength= 4 w= 13 nsites= 13 
0.2426 0.2266 0.2390 0.2918 
0.2313 0.2176 0.3374 0.2137 
0.3504 0.2624 0.2797 0.1074 
0.0505 0.0345 0.0299 0.8850 
0.0501 0.0359 0.8089 0.1051 
0.8775 0.0371 0.0509 0.0345 
0.1342 0.3655 0.3905 0.1098 
0.0474 0.0442 0.0484 0.8601 
0.0593 0.8424 0.0509 0.0474 
0.8725 0.0325 0.0521 0.0428 
0.0993 0.3108 0.2906 0.2993 
0.1847 0.3366 0.2392 0.2394 
0.2612 0.2438 0.2244 0.2706 

MOTIF filter20 
letter-probability matrix: alength= 4 w= 15 nsites= 15 
0.3139 0.2386 0.1906 0.2568 
0.3242 0.1495 0.2671 0.2591 
0.1370 0.2580 0.1256 0.4795 
0.0000 0.0000 0.0000 1.0000 
0.0000 0.0000 0.1153 0.8847 
0.0742 0.9258 0.0000 0.0000 
0.0160 0.8048 0.0000 0.1792 
0.0776 0.2523 0.4977 0.1724 
0.3242 0.0080 0.6678 0.0000 
0.0000 0.0365 0.8288 0.1347 
0.8756 0.0719 0.0388 0.0137 
0.9498 0.0228 0.0011 0.0263 
0.5103 0.1244 0.2763 0.0890 
0.1507 0.2683 0.2705 0.3105 
0.2180 0.2534 0.2340 0.2945 

MOTIF filter21 
letter-probability matrix: alength= 4 w= 12 nsites= 12 
0.2993 0.3607 0.2056 0.1345 
0.0558 0.1707 0.4371 0.3364 
0.1305 0.2549 0.3836 0.2310 
0.0858 0.7922 0.1201 0.0019 
0.2506 0.2495 0.2089 0.2910 
0.2509 0.0269 0.1431 0.5791 
0.3365 0.3843 0.0767 0.2025 
0.4069 0.3838 0.0285 0.1808 
0.0000 0.5056 0.4944 0.0000 
0.3155 0.3248 0.0345 0.3253 
0.3166 0.2267 0.2449 0.2118 
0.2477 0.2578 0.2707 0.2238 

MOTIF filter22 
letter-probability matrix: alength= 4 w= 15 nsites= 15 
0.2222 0.3924 0.1955 0.1899 
0.2630 0.3699 0.1406 0.2264 
0.1364 0.0267 0.5654 0.2714 
0.0985 0.8158 0.0464 0.0394 
0.4740 0.5260 0.0000 0.0000 
0.9733 0.0014 0.0253 0.0000 
0.1322 0.0492 0.4416 0.3769 
0.6174 0.1294 0.1195 0.1336 
0.0000 0.0197 0.0141 0.9662 
0.0000 0.0000 0.6850 0.3150 
0.0534 0.0619 0.8551 0.0295 
0.3629 0.5345 0.0309 0.0717 
0.2714 0.1828 0.2968 0.2489 
0.1575 0.2222 0.4824 0.1378 
0.2166 0.5935 0.0520 0.1378 

MOTIF filter23 
letter-probability matrix: alength= 4 w= 13 nsites= 13 
0.1129 0.4056 0.2318 0.2496 
0.1634 0.4874 0.1976 0.1516 
0.5944 0.0773 0.2437 0.0847 
0.0728 0.8009 0.0565 0.0698 
0.1501 0.0936 0.1248 0.6315 
0.0981 0.0178 0.0535 0.8306 
0.0000 0.9212 0.0788 0.0000 
0.0059 0.9941 0.0000 0.0000 
0.0000 0.0000 0.9822 0.0178 
0.0000 0.0877 0.9034 0.0089 
0.5230 0.1367 0.1114 0.2288 
0.4517 0.1367 0.1486 0.2630 
0.1530 0.1337 0.5423 0.1709 

MOTIF filter24 
letter-probability matrix: alength= 4 w= 18 nsites= 18 
0.2101 0.2287 0.2834 0.2779 
0.1969 0.3042 0.2659 0.2330 
0.2845 0.2582 0.2265 0.2309 
0.1608 0.1138 0.0372 0.6882 
0.0252 0.0864 0.7144 0.1740 
0.4245 0.3720 0.0635 0.1400 
0.0208 0.9333 0.0460 0.0000 
0.0109 0.9683 0.0044 0.0164 
0.7341 0.0372 0.0142 0.2144 
0.0886 0.0033 0.0197 0.8884 
0.9431 0.0274 0.0295 0.0000 
0.0000 0.0022 0.0077 0.9902 
0.8917 0.1018 0.0000 0.0066 
0.3096 0.0033 0.0000 0.6871 
0.0000 0.0066 0.9912 0.0022 
0.0000 0.0930 0.9059 0.0011 
0.2068 0.0470 0.3446 0.4015 
0.2516 0.6269 0.0952 0.0263 

MOTIF filter25 
letter-probability matrix: alength= 4 w= 13 nsites= 13 
0.2087 0.4439 0.2215 0.1260 
0.2472 0.3539 0.3239 0.0750 
0.2451 0.0865 0.5180 0.1504 
0.1367 0.6941 0.1692 0.0000 
0.5446 0.3342 0.1204 0.0009 
0.9794 0.0000 0.0000 0.0206 
0.0009 0.0004 0.0000 0.9987 
0.0000 0.4010 0.4987 0.1003 
0.0531 0.0587 0.6015 0.2866 
0.0626 0.4979 0.0467 0.3929 
0.1144 0.2811 0.3980 0.2065 
0.2125 0.1967 0.4182 0.1727 
0.2481 0.4100 0.1448 0.1971 

MOTIF filter26 
letter-probability matrix: alength= 4 w= 15 nsites= 15 
0.2736 0.1219 0.1962 0.4084 
0.2363 0.2587 0.2264 0.2787 
0.1816 0.1395 0.1032 0.5757 
0.0903 0.1083 0.7468 0.0547 
0.1181 0.7736 0.0081 0.1001 
0.1005 0.5580 0.0037 0.3377 
0.3150 0.2899 0.1382 0.2570 
0.5217 0.0054 0.0139 0.4589 
0.1887 0.0387 0.0502 0.7223 
0.3286 0.0143 0.0149 0.6422 
0.3215 0.1602 0.0285 0.4898 
0.6813 0.0034 0.0662 0.2492 
0.2159 0.0034 0.3927 0.3880 
0.2376 0.3316 0.3605 0.0703 
0.4633 0.0451 0.3510 0.1405 

MOTIF filter27 
letter-probability matrix: alength= 4 w= 15 nsites= 15 
0.1907 0.2010 0.1464 0.4619 
0.2123 0.1707 0.4625 0.1545 
0.2777 0.1734 0.3085 0.2404 
0.0319 0.8909 0.0103 0.0670 
0.0054 0.4549 0.0135 0.5262 
0.9211 0.0049 0.0292 0.0448 
0.2199 0.0032 0.0589 0.7180 
0.6569 0.0319 0.1059 0.2053 
0.1621 0.0000 0.3112 0.5267 
0.7391 0.0746 0.0059 0.1804 
0.0184 0.0157 0.0076 0.9584 
0.5127 0.0005 0.4862 0.0005 
0.0486 0.0000 0.9427 0.0086 
0.2928 0.2545 0.1961 0.2566 
0.2204 0.4349 0.1885 0.1561 

MOTIF filter28 
letter-probability matrix: alength= 4 w= 14 nsites= 14 
0.2548 0.2422 0.2482 0.2549 
0.2594 0.2664 0.2243 0.2499 
0.3886 0.2000 0.3377 0.0737 
0.0585 0.0552 0.0564 0.8298 
0.0476 0.0431 0.2021 0.7071 
0.3090 0.0419 0.4544 0.1947 
0.1024 0.5776 0.1025 0.2175 
0.2220 0.1010 0.5674 0.1096 
0.1943 0.4831 0.0159 0.3067 
0.7175 0.1985 0.0379 0.0461 
0.8342 0.0556 0.0627 0.0476 
0.0873 0.3012 0.2066 0.4049 
0.2562 0.2568 0.2404 0.2465 
0.2585 0.2302 0.2518 0.2594 

MOTIF filter29 
letter-probability matrix: alength= 4 w= 11 nsites= 11 
0.0797 0.5240 0.1323 0.2640 
0.2188 0.2562 0.1934 0.3316 
0.3277 0.1985 0.4603 0.0135 
0.7443 0.0290 0.2263 0.0003 
0.0000 0.3179 0.0005 0.6816 
0.0010 0.6832 0.0336 0.2822 
0.7988 0.0091 0.1113 0.0808 
0.4017 0.0934 0.5050 0.0000 
0.4171 0.1243 0.0551 0.4035 
0.0391 0.3383 0.1696 0.4530 
0.2366 0.2206 0.1791 0.3637 

MOTIF filter30 
letter-probability matrix: alength= 4 w= 11 nsites= 11 
0.2081 0.0956 0.2354 0.4609 
0.2479 0.3226 0.2518 0.1777 
0.1229 0.2694 0.1338 0.4738 
0.4660 0.0096 0.0289 0.4954 
0.0080 0.0000 0.2120 0.7800 
0.0064 0.0860 0.2387 0.6690 
0.9776 0.0133 0.0006 0.0084 
0.8955 0.0474 0.0152 0.0419 
0.3630 0.1436 0.0435 0.4498 
0.2619 0.2828 0.2900 0.1654 
0.2875 0.3035 0.1861 0.2229 

MOTIF filter31 
letter-probability matrix: alength= 4 w= 11 nsites= 11 
0.1682 0.2021 0.2325 0.3972 
0.1448 0.2918 0.2218 0.3416 
0.1434 0.3994 0.3170 0.1402 
0.1839 0.6401 0.0001 0.1760 
0.1115 0.0000 0.8702 0.0183 
0.0040 0.3394 0.6181 0.0384 
0.4027 0.0000 0.1844 0.4129 
0.7775 0.0134 0.1887 0.0204 
0.1053 0.5013 0.1674 0.2261 
0.2166 0.3286 0.1961 0.2587 
0.1651 0.3208 0.2610 0.2531 

