MEME version 4

ALPHABET= ACGT

Background letter frequencies:
A 0.2500 C 0.2500 G 0.2500 T 0.2500 

MOTIF filter0 
letter-probability matrix: alength= 4 w= 10 nsites= 10 
0.1955 0.2986 0.4666 0.0393 
0.3012 0.3028 0.3409 0.0551 
0.3851 0.0000 0.2412 0.3737 
0.0000 0.3522 0.6478 0.0000 
0.0174 0.0000 0.0000 0.9826 
0.5878 0.0000 0.0000 0.4122 
0.0000 0.9826 0.0174 0.0000 
0.1978 0.4560 0.0661 0.2801 
0.2095 0.3447 0.2737 0.1721 
0.2488 0.2295 0.4594 0.0623 

MOTIF filter1 
letter-probability matrix: alength= 4 w= 14 nsites= 14 
0.3232 0.3307 0.1855 0.1606 
0.2280 0.0929 0.1413 0.5378 
0.1117 0.1606 0.6134 0.1142 
0.1398 0.8474 0.0040 0.0088 
0.0137 0.1495 0.3245 0.5122 
0.0412 0.0002 0.6764 0.2822 
0.4438 0.5079 0.0045 0.0438 
0.5041 0.3655 0.0974 0.0329 
0.0807 0.0103 0.3869 0.5220 
0.0293 0.5980 0.0581 0.3145 
0.6526 0.0677 0.1433 0.1364 
0.1941 0.2120 0.3503 0.2436 
0.2511 0.3288 0.2139 0.2062 
0.2271 0.2581 0.2372 0.2777 

MOTIF filter2 
letter-probability matrix: alength= 4 w= 12 nsites= 12 
0.1925 0.5863 0.0977 0.1235 
0.4588 0.0129 0.3442 0.1840 
0.2292 0.0000 0.2907 0.4802 
0.6339 0.0000 0.3656 0.0005 
0.0005 0.0129 0.5203 0.4663 
0.6126 0.0000 0.3844 0.0030 
0.2460 0.2465 0.0000 0.5074 
0.0020 0.0020 0.9960 0.0000 
0.0005 0.0000 0.9940 0.0055 
0.1562 0.0858 0.5387 0.2192 
0.2138 0.3740 0.4082 0.0040 
0.4345 0.2773 0.1642 0.1240 

MOTIF filter3 
letter-probability matrix: alength= 4 w= 15 nsites= 15 
0.2084 0.3377 0.2193 0.2346 
0.4198 0.1264 0.2404 0.2135 
0.0951 0.3166 0.0930 0.4953 
0.0247 0.0203 0.0363 0.9187 
0.0189 0.1714 0.0116 0.7981 
0.0153 0.9615 0.0232 0.0000 
0.0414 0.8606 0.0007 0.0973 
0.2237 0.0654 0.5330 0.1779 
0.0160 0.0109 0.9608 0.0123 
0.3856 0.0116 0.5389 0.0639 
0.8627 0.0458 0.0167 0.0748 
0.7320 0.0610 0.1561 0.0508 
0.3718 0.1525 0.1561 0.3195 
0.2157 0.2491 0.2927 0.2426 
0.2760 0.1939 0.3333 0.1968 

MOTIF filter4 
letter-probability matrix: alength= 4 w= 13 nsites= 13 
0.2566 0.2527 0.2474 0.2432 
0.4075 0.1825 0.3387 0.0713 
0.0554 0.0352 0.0460 0.8634 
0.0300 0.0364 0.1783 0.7553 
0.3071 0.0333 0.4762 0.1834 
0.0927 0.6268 0.0754 0.2051 
0.2143 0.0564 0.6538 0.0754 
0.1957 0.4976 0.0236 0.2830 
0.7611 0.1818 0.0339 0.0233 
0.8744 0.0333 0.0558 0.0365 
0.0778 0.3202 0.1898 0.4122 
0.2379 0.2621 0.2624 0.2376 
0.2465 0.2333 0.2530 0.2672 

MOTIF filter5 
letter-probability matrix: alength= 4 w= 10 nsites= 10 
0.1695 0.3845 0.1953 0.2507 
0.2220 0.3177 0.4558 0.0046 
0.1933 0.3886 0.1473 0.2708 
0.1071 0.3764 0.0000 0.5165 
0.0743 0.1541 0.7713 0.0003 
0.9512 0.0000 0.0004 0.0484 
0.0001 0.6105 0.3892 0.0002 
0.2114 0.1491 0.2015 0.4380 
0.1454 0.3233 0.2173 0.3140 
0.2339 0.2904 0.1810 0.2947 

MOTIF filter6 
letter-probability matrix: alength= 4 w= 9 nsites= 9 
0.1812 0.2044 0.2926 0.3219 
0.2341 0.2657 0.2111 0.2890 
0.3677 0.1383 0.3150 0.1790 
0.0273 0.3646 0.6072 0.0009 
0.1725 0.0218 0.3929 0.4128 
0.0357 0.0155 0.8721 0.0768 
0.4196 0.3704 0.0168 0.1932 
0.1682 0.5491 0.2234 0.0593 
0.0734 0.1941 0.4495 0.2830 

MOTIF filter7 
letter-probability matrix: alength= 4 w= 12 nsites= 12 
0.2575 0.2616 0.2511 0.2298 
0.3917 0.1911 0.2657 0.1515 
0.2625 0.2725 0.3253 0.1397 
0.0514 0.9359 0.0123 0.0005 
0.9609 0.0000 0.0355 0.0036 
0.0928 0.7211 0.0742 0.1119 
0.1215 0.0000 0.8726 0.0059 
0.0241 0.0023 0.0050 0.9686 
0.0014 0.0000 0.9973 0.0014 
0.1874 0.2439 0.3330 0.2357 
0.1793 0.2470 0.1979 0.3758 
0.2484 0.2325 0.2652 0.2539 

MOTIF filter8 
letter-probability matrix: alength= 4 w= 15 nsites= 15 
0.2769 0.2356 0.2276 0.2598 
0.2578 0.2558 0.2407 0.2457 
0.1511 0.2085 0.1662 0.4743 
0.0000 0.0000 0.0000 1.0000 
0.0000 0.0000 0.0000 1.0000 
0.1027 0.8973 0.0000 0.0000 
0.0272 0.7341 0.0000 0.2387 
0.2699 0.2185 0.2326 0.2790 
0.2528 0.0000 0.7341 0.0131 
0.0000 0.0000 0.9134 0.0866 
1.0000 0.0000 0.0000 0.0000 
1.0000 0.0000 0.0000 0.0000 
0.4955 0.1440 0.2185 0.1420 
0.2427 0.2769 0.2487 0.2316 
0.2548 0.2427 0.2548 0.2477 

MOTIF filter9 
letter-probability matrix: alength= 4 w= 10 nsites= 10 
0.2446 0.2298 0.2802 0.2453 
0.2699 0.2115 0.3702 0.1484 
0.5195 0.0740 0.1720 0.2345 
0.0000 0.1529 0.0038 0.8433 
0.0073 0.2541 0.0000 0.7386 
0.6041 0.0315 0.3615 0.0030 
0.8934 0.0052 0.0994 0.0020 
0.2688 0.1245 0.1170 0.4897 
0.1424 0.3591 0.2868 0.2117 
0.2547 0.2639 0.2496 0.2318 

MOTIF filter10 
letter-probability matrix: alength= 4 w= 10 nsites= 10 
0.3117 0.2573 0.2971 0.1339 
0.1817 0.2361 0.1892 0.3930 
0.4177 0.4207 0.1489 0.0127 
0.0000 0.1272 0.0438 0.8290 
0.9374 0.0479 0.0147 0.0000 
0.0010 0.2390 0.3778 0.3822 
0.7723 0.1221 0.0200 0.0856 
0.0170 0.2073 0.2484 0.5273 
0.2472 0.2512 0.2504 0.2513 
0.2759 0.1123 0.3503 0.2616 

MOTIF filter11 
letter-probability matrix: alength= 4 w= 16 nsites= 16 
0.3188 0.2205 0.1524 0.3083 
0.2718 0.1454 0.2247 0.3581 
0.1566 0.4747 0.1924 0.1763 
0.0471 0.1671 0.0969 0.6889 
0.0190 0.3132 0.4965 0.1713 
0.6271 0.2683 0.1032 0.0014 
0.0000 0.0028 0.0000 0.9972 
0.0000 0.0000 0.5274 0.4726 
0.7015 0.0000 0.2985 0.0000 
0.0000 0.2942 0.6987 0.0070 
0.0576 0.1994 0.0021 0.7409 
0.0000 0.7605 0.0611 0.1784 
0.6664 0.1587 0.0927 0.0822 
0.1545 0.3027 0.2928 0.2500 
0.2008 0.2535 0.2233 0.3223 
0.2423 0.1433 0.2591 0.3553 

MOTIF filter12 
letter-probability matrix: alength= 4 w= 14 nsites= 14 
0.2909 0.1430 0.2192 0.3469 
0.2887 0.4471 0.1328 0.1315 
0.2717 0.0755 0.4742 0.1787 
0.5521 0.0322 0.3790 0.0367 
0.1966 0.2929 0.0000 0.5105 
0.2839 0.2528 0.4593 0.0039 
0.6238 0.0144 0.2981 0.0636 
0.6625 0.2719 0.0188 0.0468 
0.0120 0.0691 0.0002 0.9186 
0.1264 0.4230 0.4506 0.0000 
0.4000 0.0661 0.5276 0.0063 
0.1411 0.5547 0.1247 0.1796 
0.2240 0.2749 0.2006 0.3005 
0.2533 0.1529 0.3731 0.2207 

MOTIF filter13 
letter-probability matrix: alength= 4 w= 12 nsites= 12 
0.1042 0.4068 0.2430 0.2460 
0.1733 0.2132 0.4464 0.1672 
0.2112 0.5949 0.1507 0.0432 
0.1588 0.7944 0.0181 0.0287 
0.7381 0.0131 0.1571 0.0917 
0.2268 0.1173 0.1661 0.4898 
0.3246 0.5422 0.0697 0.0635 
0.0003 0.3996 0.0103 0.5899 
0.0697 0.0042 0.7972 0.1290 
0.0839 0.2597 0.4166 0.2399 
0.1284 0.6244 0.1251 0.1220 
0.1460 0.1310 0.4589 0.2641 

MOTIF filter14 
letter-probability matrix: alength= 4 w= 13 nsites= 13 
0.2306 0.3700 0.2156 0.1839 
0.2890 0.2566 0.1829 0.2716 
0.3653 0.0063 0.2631 0.3654 
0.2167 0.0048 0.7606 0.0179 
0.1508 0.0474 0.4754 0.3263 
0.0230 0.5425 0.4214 0.0131 
0.4132 0.1991 0.0050 0.3827 
0.2151 0.6909 0.0169 0.0771 
0.2920 0.2012 0.0402 0.4667 
0.0510 0.5878 0.0521 0.3091 
0.2516 0.2399 0.1374 0.3711 
0.1639 0.2654 0.2165 0.3542 
0.2391 0.2528 0.2478 0.2603 

MOTIF filter15 
letter-probability matrix: alength= 4 w= 15 nsites= 15 
0.3038 0.1743 0.1510 0.3709 
0.1715 0.2359 0.3203 0.2724 
0.1866 0.1081 0.2308 0.4745 
0.2076 0.0525 0.6829 0.0570 
0.1391 0.7842 0.0753 0.0014 
0.0014 0.4325 0.0137 0.5525 
0.5602 0.0046 0.4279 0.0073 
0.7176 0.2600 0.0055 0.0169 
0.0082 0.0990 0.0675 0.8253 
0.1141 0.2500 0.1556 0.4804 
0.2933 0.0639 0.5908 0.0520 
0.0616 0.0766 0.8157 0.0461 
0.1797 0.1989 0.3193 0.3020 
0.2258 0.2377 0.2824 0.2541 
0.1948 0.2605 0.3038 0.2409 

MOTIF filter16 
letter-probability matrix: alength= 4 w= 15 nsites= 15 
0.2239 0.2627 0.1875 0.3259 
0.2097 0.1582 0.4953 0.1369 
0.2579 0.1725 0.4082 0.1614 
0.0522 0.7611 0.1068 0.0799 
0.0103 0.9383 0.0483 0.0032 
0.7690 0.0222 0.0174 0.1915 
0.2041 0.0309 0.2120 0.5530 
0.5910 0.1131 0.2445 0.0514 
0.1511 0.0253 0.0040 0.8196 
0.2271 0.0000 0.0000 0.7729 
0.0728 0.0324 0.6559 0.2389 
0.0459 0.0522 0.8766 0.0253 
0.0910 0.4351 0.3196 0.1543 
0.0847 0.2619 0.2642 0.3892 
0.1709 0.4335 0.3078 0.0878 

MOTIF filter17 
letter-probability matrix: alength= 4 w= 11 nsites= 11 
0.3008 0.2019 0.2677 0.2296 
0.1116 0.4242 0.1457 0.3185 
0.2035 0.1059 0.4019 0.2887 
0.0962 0.1209 0.7828 0.0000 
0.7979 0.0031 0.1981 0.0010 
0.0000 0.4756 0.2260 0.2985 
0.0507 0.3163 0.0000 0.6330 
0.4782 0.0004 0.4825 0.0389 
0.1276 0.2604 0.5229 0.0892 
0.1796 0.3679 0.0892 0.3633 
0.2173 0.2333 0.3542 0.1952 

MOTIF filter18 
letter-probability matrix: alength= 4 w= 14 nsites= 14 
0.4292 0.0899 0.3361 0.1449 
0.3542 0.2332 0.2533 0.1593 
0.1389 0.4203 0.2715 0.1693 
0.6947 0.0159 0.2428 0.0466 
0.1692 0.0502 0.1405 0.6400 
0.0625 0.6994 0.1094 0.1287 
0.3151 0.0057 0.5897 0.0896 
0.0536 0.3783 0.0025 0.5656 
0.2655 0.0573 0.6156 0.0616 
0.4926 0.2252 0.1658 0.1164 
0.0938 0.3910 0.0215 0.4937 
0.1020 0.2930 0.3465 0.2584 
0.2802 0.1867 0.2296 0.3036 
0.1459 0.3915 0.1563 0.3063 

MOTIF filter19 
letter-probability matrix: alength= 4 w= 12 nsites= 12 
0.2512 0.4374 0.2653 0.0461 
0.3848 0.0991 0.2136 0.3025 
0.2207 0.2197 0.0961 0.4634 
0.0198 0.7779 0.0000 0.2023 
0.0177 0.6655 0.3163 0.0006 
0.6674 0.0001 0.3068 0.0256 
0.5203 0.0276 0.2643 0.1878 
0.3400 0.0131 0.0060 0.6409 
0.0082 0.3323 0.5596 0.0999 
0.2247 0.2208 0.1154 0.4390 
0.1442 0.2490 0.4232 0.1836 
0.2863 0.2408 0.2571 0.2158 

MOTIF filter20 
letter-probability matrix: alength= 4 w= 13 nsites= 13 
0.1609 0.2282 0.4279 0.1830 
0.2407 0.3317 0.2873 0.1404 
0.4790 0.0761 0.3911 0.0538 
0.0000 0.6833 0.2982 0.0184 
0.0704 0.3649 0.1187 0.4459 
0.0048 0.0838 0.2530 0.6584 
0.0998 0.2457 0.6454 0.0090 
0.5675 0.2228 0.2021 0.0076 
0.5283 0.0503 0.4151 0.0063 
0.0315 0.3827 0.5858 0.0000 
0.1388 0.2936 0.2612 0.3064 
0.1979 0.1370 0.4865 0.1787 
0.1455 0.3407 0.3513 0.1625 

MOTIF filter21 
letter-probability matrix: alength= 4 w= 10 nsites= 10 
0.2252 0.3032 0.2468 0.2249 
0.1166 0.2832 0.2565 0.3437 
0.2362 0.3479 0.4122 0.0037 
0.3078 0.0001 0.6699 0.0222 
0.3056 0.4243 0.2702 0.0000 
0.0054 0.3794 0.6149 0.0003 
0.0000 0.0076 0.6230 0.3694 
0.2125 0.4368 0.0005 0.3502 
0.0007 0.3348 0.3607 0.3039 
0.1680 0.3024 0.3198 0.2098 

MOTIF filter22 
letter-probability matrix: alength= 4 w= 15 nsites= 15 
0.2436 0.2326 0.2583 0.2656 
0.2014 0.0679 0.3436 0.3872 
0.0633 0.7138 0.0381 0.1849 
0.0312 0.0078 0.1170 0.8440 
0.7991 0.0284 0.1679 0.0046 
0.1106 0.0197 0.6917 0.1780 
0.1849 0.0046 0.6018 0.2087 
0.3151 0.1376 0.2876 0.2596 
0.2881 0.2229 0.2982 0.1908 
0.0083 0.0472 0.2780 0.6665 
0.7789 0.0225 0.1950 0.0037 
0.0537 0.0656 0.7940 0.0867 
0.2326 0.4321 0.2615 0.0739 
0.1885 0.2821 0.3748 0.1546 
0.2472 0.1908 0.3537 0.2083 

MOTIF filter23 
letter-probability matrix: alength= 4 w= 19 nsites= 19 
0.2440 0.2083 0.1567 0.3909 
0.1329 0.1984 0.4504 0.2183 
0.2579 0.3591 0.1925 0.1905 
0.1369 0.7897 0.0397 0.0337 
0.1310 0.5813 0.0476 0.2401 
0.5040 0.1409 0.2083 0.1468 
0.4008 0.0476 0.0337 0.5179 
0.5238 0.1369 0.3313 0.0079 
0.0000 0.0079 0.0000 0.9921 
0.3730 0.6270 0.0000 0.0000 
0.7500 0.0000 0.0000 0.2500 
0.0000 0.0040 0.9841 0.0119 
0.0000 0.6825 0.3175 0.0000 
0.7202 0.0159 0.0397 0.2242 
0.3373 0.3909 0.0972 0.1746 
0.5456 0.0198 0.0060 0.4286 
0.3611 0.0992 0.0337 0.5060 
0.3095 0.1468 0.0536 0.4901 
0.2599 0.2381 0.2440 0.2579 

MOTIF filter24 
letter-probability matrix: alength= 4 w= 12 nsites= 12 
0.2662 0.2648 0.2310 0.2381 
0.2643 0.2583 0.2298 0.2476 
0.2816 0.2097 0.2639 0.2449 
0.0248 0.0983 0.3266 0.5503 
0.8880 0.1025 0.0096 0.0000 
0.7630 0.1336 0.0000 0.1034 
0.1763 0.3879 0.4349 0.0009 
0.0000 0.1861 0.1656 0.6484 
0.0523 0.0423 0.2366 0.6688 
0.0118 0.5193 0.1895 0.2794 
0.4056 0.2274 0.1710 0.1959 
0.2231 0.2350 0.2919 0.2500 

MOTIF filter25 
letter-probability matrix: alength= 4 w= 15 nsites= 15 
0.1960 0.2521 0.2871 0.2648 
0.2311 0.1563 0.3054 0.3072 
0.1700 0.5283 0.1490 0.1527 
0.1212 0.1112 0.0861 0.6814 
0.5948 0.0957 0.3086 0.0009 
0.2429 0.0073 0.0000 0.7498 
0.2466 0.0023 0.3692 0.3820 
0.8938 0.0000 0.0000 0.1062 
0.3665 0.2265 0.3418 0.0652 
0.0000 0.0005 0.0000 0.9995 
0.4809 0.5178 0.0000 0.0014 
0.5492 0.0000 0.4385 0.0123 
0.1422 0.4531 0.0880 0.3168 
0.2388 0.2954 0.2224 0.2434 
0.1832 0.2393 0.2985 0.2789 

MOTIF filter26 
letter-probability matrix: alength= 4 w= 12 nsites= 12 
0.2303 0.2819 0.2224 0.2653 
0.1621 0.2135 0.2906 0.3338 
0.2554 0.1074 0.2935 0.3437 
0.5626 0.0826 0.3083 0.0465 
0.5228 0.0003 0.4769 0.0000 
0.2778 0.3004 0.1558 0.2660 
0.4004 0.1423 0.3085 0.1488 
0.0000 0.5458 0.0000 0.4542 
0.0015 0.0000 0.9788 0.0197 
0.2954 0.4068 0.0000 0.2978 
0.2564 0.2630 0.2991 0.1815 
0.2611 0.2569 0.2021 0.2799 

MOTIF filter27 
letter-probability matrix: alength= 4 w= 17 nsites= 17 
0.2759 0.2406 0.3290 0.1545 
0.2745 0.2492 0.3357 0.1406 
0.2242 0.3343 0.3564 0.0851 
0.0034 0.4972 0.1033 0.3961 
0.0644 0.3074 0.5403 0.0880 
0.7037 0.1793 0.0993 0.0178 
0.2170 0.0783 0.4542 0.2504 
0.0000 0.3605 0.0692 0.5703 
0.0000 0.4576 0.5424 0.0000 
0.5518 0.0000 0.4477 0.0005 
0.1935 0.2716 0.2264 0.3086 
0.0240 0.1144 0.2944 0.5672 
0.0123 0.6090 0.3487 0.0300 
0.6299 0.0560 0.3009 0.0132 
0.0779 0.2326 0.3225 0.3670 
0.1649 0.2713 0.3004 0.2634 
0.1790 0.2514 0.2608 0.3088 

MOTIF filter28 
letter-probability matrix: alength= 4 w= 15 nsites= 15 
0.2198 0.3068 0.2413 0.2320 
0.3087 0.3040 0.2189 0.1684 
0.0514 0.0327 0.6015 0.3143 
0.0561 0.8438 0.0159 0.0842 
0.0318 0.5042 0.0103 0.4537 
1.0000 0.0000 0.0000 0.0000 
0.5201 0.0000 0.0028 0.4771 
0.0954 0.2395 0.2919 0.3732 
0.4387 0.0065 0.0019 0.5529 
0.0692 0.0000 0.0000 0.9308 
0.0168 0.0674 0.5659 0.3499 
0.6754 0.0477 0.1955 0.0814 
0.1543 0.3611 0.3274 0.1572 
0.3480 0.3508 0.1338 0.1674 
0.1890 0.2180 0.3966 0.1964 

MOTIF filter29 
letter-probability matrix: alength= 4 w= 13 nsites= 13 
0.2368 0.2863 0.2600 0.2169 
0.1429 0.3130 0.3246 0.2195 
0.0562 0.4968 0.1871 0.2600 
0.0585 0.5730 0.0262 0.3423 
0.0967 0.8505 0.0194 0.0334 
0.0731 0.8128 0.0664 0.0478 
0.1841 0.1861 0.3716 0.2582 
0.0303 0.7767 0.0708 0.1222 
0.0002 0.8920 0.0227 0.0851 
0.0357 0.6074 0.0868 0.2700 
0.1796 0.5590 0.0362 0.2251 
0.1408 0.4293 0.1549 0.2750 
0.2343 0.2885 0.2340 0.2432 

MOTIF filter30 
letter-probability matrix: alength= 4 w= 10 nsites= 10 
0.3084 0.3592 0.3324 0.0000 
0.2696 0.2442 0.1881 0.2981 
0.1739 0.5497 0.1763 0.1001 
0.0011 0.9671 0.0317 0.0000 
0.1190 0.0198 0.3322 0.5289 
0.7777 0.1764 0.0459 0.0000 
0.0000 0.2951 0.0439 0.6611 
0.2141 0.3440 0.1451 0.2968 
0.2650 0.1890 0.2446 0.3015 
0.2107 0.2575 0.3036 0.2282 

MOTIF filter31 
letter-probability matrix: alength= 4 w= 11 nsites= 11 
0.4391 0.0707 0.0701 0.4201 
0.3467 0.0796 0.1324 0.4413 
0.2059 0.0885 0.2615 0.4441 
0.1174 0.0050 0.8653 0.0122 
0.1241 0.5526 0.2304 0.0929 
0.0006 0.0000 0.0000 0.9994 
0.0000 0.4786 0.5086 0.0128 
0.9917 0.0000 0.0083 0.0000 
0.0395 0.3929 0.4252 0.1425 
0.1530 0.4981 0.0134 0.3356 
0.3500 0.3651 0.0801 0.2048 

