MEME version 4

ALPHABET= ACGT

Background letter frequencies:
A 0.2500 C 0.2500 G 0.2500 T 0.2500 

MOTIF filter0 
letter-probability matrix: alength= 4 w= 14 nsites= 14 
0.1291 0.5400 0.1661 0.1648 
0.3101 0.3895 0.0561 0.2443 
0.1901 0.4227 0.3687 0.0184 
0.0457 0.3118 0.5667 0.0757 
0.0999 0.0956 0.3033 0.5012 
0.2168 0.3213 0.4018 0.0600 
0.1196 0.1841 0.4701 0.2262 
0.0415 0.3190 0.1490 0.4905 
0.0472 0.6942 0.0366 0.2220 
0.3279 0.5379 0.0076 0.1266 
0.0025 0.6758 0.1227 0.1990 
0.1608 0.4486 0.0787 0.3119 
0.0450 0.3193 0.2292 0.4064 
0.0446 0.5315 0.2470 0.1768 

MOTIF filter1 
letter-probability matrix: alength= 4 w= 15 nsites= 15 
0.2680 0.2283 0.2432 0.2605 
0.2432 0.2903 0.2010 0.2655 
0.4764 0.0422 0.1489 0.3325 
0.6030 0.0248 0.0596 0.3127 
0.4541 0.0000 0.0273 0.5186 
0.2680 0.1811 0.1911 0.3598 
0.0149 0.0000 0.0000 0.9851 
0.0000 0.0000 1.0000 0.0000 
0.0397 0.9603 0.0000 0.0000 
0.0050 0.0025 0.0000 0.9926 
0.0000 0.0025 0.9727 0.0248 
0.9926 0.0000 0.0050 0.0025 
0.0670 0.4516 0.2258 0.2556 
0.2705 0.1588 0.0943 0.4764 
0.1811 0.2382 0.1787 0.4020 

MOTIF filter2 
letter-probability matrix: alength= 4 w= 13 nsites= 13 
0.2645 0.2699 0.1970 0.2686 
0.2659 0.2510 0.2645 0.2186 
0.2901 0.2861 0.2038 0.2200 
0.2632 0.5560 0.0148 0.1660 
0.3320 0.2726 0.1174 0.2780 
0.4035 0.2470 0.1606 0.1889 
0.3887 0.1255 0.1525 0.3333 
0.2767 0.1916 0.4116 0.1201 
0.0013 0.0000 0.0013 0.9973 
0.0094 0.9906 0.0000 0.0000 
0.9879 0.0000 0.0000 0.0121 
0.0000 0.0000 0.9879 0.0121 
0.0000 1.0000 0.0000 0.0000 

MOTIF filter3 
letter-probability matrix: alength= 4 w= 14 nsites= 14 
0.1450 0.3244 0.3468 0.1839 
0.3034 0.1779 0.4738 0.0448 
0.3528 0.1031 0.4798 0.0643 
0.0000 0.9940 0.0060 0.0000 
0.0000 0.8236 0.0015 0.1749 
0.6248 0.0598 0.2945 0.0209 
1.0000 0.0000 0.0000 0.0000 
0.0000 0.0030 0.0015 0.9955 
0.0314 0.5277 0.1241 0.3169 
0.5217 0.0030 0.4753 0.0000 
0.0508 0.0478 0.8999 0.0015 
0.1674 0.3318 0.1465 0.3543 
0.1794 0.2825 0.2123 0.3259 
0.2377 0.3348 0.1973 0.2302 

MOTIF filter4 
letter-probability matrix: alength= 4 w= 13 nsites= 13 
0.2391 0.2525 0.2565 0.2519 
0.2611 0.2481 0.2293 0.2615 
0.2002 0.2502 0.1850 0.3646 
0.0639 0.0832 0.0364 0.8166 
0.0703 0.0460 0.1122 0.7715 
0.2166 0.6470 0.0469 0.0894 
0.0770 0.5961 0.0167 0.3101 
0.2459 0.2611 0.2438 0.2492 
0.3331 0.0232 0.5712 0.0725 
0.0316 0.0598 0.7057 0.2028 
0.7677 0.1137 0.0610 0.0576 
0.8913 0.0295 0.0352 0.0440 
0.3921 0.1712 0.2271 0.2096 

MOTIF filter5 
letter-probability matrix: alength= 4 w= 17 nsites= 17 
0.3014 0.2878 0.1328 0.2780 
0.3370 0.1033 0.3530 0.2066 
0.1316 0.3493 0.3358 0.1833 
0.8093 0.0344 0.1501 0.0062 
0.7884 0.0701 0.1415 0.0000 
0.4563 0.0726 0.4637 0.0074 
0.9127 0.0271 0.0603 0.0000 
0.0652 0.0873 0.0283 0.8192 
0.0000 0.0160 0.9840 0.0000 
0.0000 0.0098 0.9902 0.0000 
0.1181 0.7442 0.0135 0.1242 
0.1685 0.2177 0.3850 0.2288 
0.1451 0.1316 0.6224 0.1009 
0.1562 0.6470 0.0320 0.1648 
0.2804 0.2374 0.2054 0.2768 
0.2165 0.2288 0.2460 0.3087 
0.2558 0.2743 0.2448 0.2251 

MOTIF filter6 
letter-probability matrix: alength= 4 w= 9 nsites= 9 
0.1713 0.5015 0.2210 0.1062 
0.2705 0.4663 0.0983 0.1649 
0.4334 0.3113 0.1373 0.1180 
0.0742 0.7490 0.0000 0.1768 
0.0003 0.2821 0.7176 0.0000 
0.2782 0.0438 0.6010 0.0769 
0.1702 0.4479 0.2538 0.1281 
0.0723 0.0907 0.2603 0.5766 
0.0757 0.2980 0.5157 0.1106 

MOTIF filter7 
letter-probability matrix: alength= 4 w= 18 nsites= 18 
0.1676 0.1925 0.3944 0.2455 
0.4560 0.3445 0.1177 0.0818 
0.1107 0.7927 0.0569 0.0398 
0.1574 0.7225 0.0592 0.0608 
0.4528 0.1302 0.0631 0.3539 
0.0390 0.0920 0.1793 0.6898 
0.7490 0.0320 0.2190 0.0000 
0.2315 0.0031 0.1668 0.5986 
0.5705 0.4287 0.0000 0.0008 
0.0772 0.5931 0.0000 0.3297 
0.3063 0.0234 0.6664 0.0039 
0.2681 0.0039 0.7280 0.0000 
0.0678 0.0351 0.2650 0.6321 
0.1723 0.6804 0.1395 0.0078 
0.7592 0.0429 0.1076 0.0904 
0.1535 0.2806 0.4427 0.1231 
0.2712 0.2034 0.2580 0.2673 
0.2549 0.2440 0.2455 0.2557 

MOTIF filter8 
letter-probability matrix: alength= 4 w= 19 nsites= 19 
0.1662 0.1599 0.4518 0.2221 
0.3464 0.2957 0.1104 0.2475 
0.0571 0.7386 0.1447 0.0596 
0.0482 0.7462 0.1041 0.1015 
0.6383 0.0787 0.1193 0.1637 
0.1256 0.1180 0.0520 0.7043 
0.7411 0.1497 0.0482 0.0609 
0.0952 0.1523 0.0749 0.6777 
0.7830 0.0673 0.1155 0.0343 
0.1548 0.0203 0.0000 0.8249 
0.0013 0.0038 0.8985 0.0964 
0.1345 0.1954 0.6053 0.0647 
0.0470 0.5228 0.2056 0.2246 
0.0774 0.8731 0.0355 0.0140 
0.6878 0.0089 0.0127 0.2906 
0.1129 0.1041 0.1003 0.6827 
0.5673 0.1751 0.1916 0.0660 
0.1345 0.1041 0.1701 0.5914 
0.6193 0.1053 0.1447 0.1307 

MOTIF filter9 
letter-probability matrix: alength= 4 w= 14 nsites= 14 
0.2123 0.2722 0.2807 0.2348 
0.2628 0.2628 0.2473 0.2271 
0.4844 0.1555 0.3359 0.0241 
0.0008 0.0023 0.0000 0.9969 
0.0000 0.0008 0.0863 0.9129 
0.3149 0.0070 0.5739 0.1042 
0.0210 0.8538 0.0078 0.1174 
0.1205 0.0132 0.8453 0.0210 
0.1042 0.6446 0.0016 0.2496 
0.9051 0.0925 0.0008 0.0016 
0.9953 0.0008 0.0039 0.0000 
0.0233 0.3491 0.1602 0.4673 
0.2504 0.2613 0.2760 0.2123 
0.2481 0.2185 0.2667 0.2667 

MOTIF filter10 
letter-probability matrix: alength= 4 w= 12 nsites= 12 
0.1524 0.1713 0.3761 0.3001 
0.3035 0.2067 0.3342 0.1555 
0.1322 0.5078 0.1600 0.2000 
0.1001 0.0184 0.8354 0.0462 
0.0201 0.2115 0.3603 0.4081 
0.3131 0.1258 0.5009 0.0601 
0.4101 0.0599 0.0486 0.4814 
0.3741 0.2597 0.3226 0.0436 
0.0014 0.2393 0.2218 0.5375 
0.0304 0.3811 0.5816 0.0069 
0.8548 0.0839 0.0383 0.0230 
0.2747 0.5118 0.0124 0.2012 

MOTIF filter11 
letter-probability matrix: alength= 4 w= 11 nsites= 11 
0.2625 0.2471 0.2637 0.2266 
0.2593 0.2966 0.2596 0.1845 
0.1161 0.7855 0.0608 0.0376 
0.7671 0.0391 0.0990 0.0947 
0.0492 0.6970 0.0299 0.2238 
0.2350 0.0279 0.7098 0.0273 
0.0411 0.1240 0.0255 0.8094 
0.0317 0.0341 0.8310 0.1031 
0.1947 0.2899 0.2753 0.2400 
0.2056 0.2618 0.1981 0.3345 
0.2456 0.2545 0.2440 0.2559 

MOTIF filter12 
letter-probability matrix: alength= 4 w= 13 nsites= 13 
0.3546 0.1514 0.3971 0.0969 
0.4648 0.1394 0.3572 0.0385 
0.1567 0.5511 0.2616 0.0305 
0.0438 0.7689 0.1873 0.0000 
0.6162 0.3811 0.0013 0.0013 
0.3838 0.0266 0.5843 0.0053 
0.0186 0.0226 0.6946 0.2643 
0.7942 0.1514 0.0544 0.0000 
0.9655 0.0040 0.0292 0.0013 
0.2032 0.0505 0.7384 0.0080 
0.1235 0.3054 0.0983 0.4728 
0.2098 0.0412 0.6441 0.1049 
0.2390 0.1886 0.5113 0.0611 

MOTIF filter13 
letter-probability matrix: alength= 4 w= 10 nsites= 10 
0.1917 0.2617 0.2799 0.2667 
0.2974 0.2431 0.2848 0.1747 
0.2861 0.2749 0.3362 0.1027 
0.0000 0.6460 0.0800 0.2740 
0.0102 0.5532 0.4161 0.0205 
0.0000 0.3523 0.2806 0.3670 
0.6606 0.0000 0.3388 0.0007 
0.5993 0.1953 0.1516 0.0537 
0.2478 0.4150 0.3372 0.0000 
0.2282 0.2227 0.3267 0.2224 

MOTIF filter14 
letter-probability matrix: alength= 4 w= 18 nsites= 18 
0.0465 0.1066 0.6236 0.2234 
0.4002 0.4127 0.0624 0.1247 
0.0000 0.9977 0.0011 0.0011 
0.0000 0.9807 0.0102 0.0091 
0.8073 0.0079 0.0125 0.1723 
0.0499 0.0000 0.0000 0.9501 
0.9989 0.0011 0.0000 0.0000 
0.0011 0.0023 0.0385 0.9580 
0.9875 0.0000 0.0023 0.0102 
0.1406 0.0000 0.0034 0.8560 
0.0023 0.0147 0.9819 0.0011 
0.0000 0.0000 0.9943 0.0057 
0.1259 0.0658 0.4002 0.4082 
0.2381 0.6043 0.0975 0.0601 
0.6984 0.0295 0.0930 0.1791 
0.2483 0.2800 0.2494 0.2222 
0.2177 0.2619 0.2676 0.2528 
0.2438 0.2449 0.2664 0.2449 

MOTIF filter15 
letter-probability matrix: alength= 4 w= 12 nsites= 12 
0.1007 0.4643 0.2593 0.1757 
0.1372 0.5061 0.2109 0.1459 
0.4098 0.1557 0.2967 0.1378 
0.0035 0.7948 0.0137 0.1880 
0.0750 0.1070 0.0404 0.7776 
0.2735 0.0178 0.2026 0.5061 
0.9559 0.0411 0.0000 0.0030 
0.1896 0.0970 0.0037 0.7098 
0.0922 0.0383 0.6052 0.2643 
0.1726 0.1778 0.3583 0.2913 
0.0448 0.2007 0.5067 0.2478 
0.1037 0.2650 0.3228 0.3085 

MOTIF filter16 
letter-probability matrix: alength= 4 w= 10 nsites= 10 
0.0784 0.5297 0.0501 0.3419 
0.1038 0.3096 0.0593 0.5273 
0.3598 0.2127 0.0500 0.3776 
0.9605 0.0009 0.0181 0.0206 
0.3704 0.0058 0.0055 0.6183 
0.0652 0.3363 0.0822 0.5162 
0.3746 0.0112 0.5575 0.0567 
0.1954 0.2045 0.4069 0.1933 
0.1795 0.2671 0.3050 0.2484 
0.2051 0.3025 0.2049 0.2875 

MOTIF filter17 
letter-probability matrix: alength= 4 w= 11 nsites= 11 
0.2575 0.2219 0.2407 0.2799 
0.2318 0.1956 0.3328 0.2398 
0.3484 0.2439 0.2923 0.1155 
0.0512 0.0315 0.0350 0.8824 
0.0212 0.0309 0.8275 0.1204 
0.8843 0.0231 0.0581 0.0345 
0.0814 0.4248 0.4362 0.0576 
0.0382 0.0458 0.0404 0.8757 
0.1418 0.7816 0.0265 0.0501 
0.8679 0.0440 0.0468 0.0412 
0.1133 0.3080 0.2586 0.3201 

MOTIF filter18 
letter-probability matrix: alength= 4 w= 15 nsites= 15 
0.2838 0.2661 0.2217 0.2284 
0.3082 0.2284 0.1840 0.2794 
0.2550 0.2639 0.2129 0.2683 
0.0399 0.6386 0.2062 0.1153 
0.0000 0.1463 0.0333 0.8204 
0.0000 0.2572 0.6741 0.0687 
0.9623 0.0200 0.0111 0.0067 
0.0000 0.0022 0.0022 0.9956 
0.0000 0.0000 0.0000 1.0000 
0.0000 0.0000 1.0000 0.0000 
0.0000 0.0000 1.0000 0.0000 
0.0355 0.4302 0.0000 0.5344 
0.0022 0.4235 0.1619 0.4124 
0.1973 0.4235 0.2882 0.0909 
0.4723 0.1308 0.3193 0.0776 

MOTIF filter19 
letter-probability matrix: alength= 4 w= 20 nsites= 20 
0.2713 0.2570 0.2378 0.2338 
0.0638 0.5199 0.3289 0.0875 
0.2628 0.5346 0.0656 0.1370 
0.4837 0.0161 0.1196 0.3806 
0.1606 0.1754 0.2726 0.3913 
0.6118 0.0482 0.2990 0.0411 
0.0259 0.0750 0.3690 0.5301 
0.4810 0.0567 0.3659 0.0964 
0.1731 0.2798 0.1647 0.3824 
0.1276 0.0678 0.4025 0.4021 
0.0049 0.1870 0.7381 0.0701 
0.4418 0.2017 0.2044 0.1522 
0.0531 0.8514 0.0469 0.0486 
0.1682 0.6827 0.0772 0.0718 
0.3851 0.2512 0.1361 0.2276 
0.0669 0.1642 0.0870 0.6818 
0.5279 0.2289 0.1553 0.0879 
0.0544 0.2008 0.1058 0.6390 
0.4958 0.1896 0.0843 0.2303 
0.2187 0.1495 0.1227 0.5091 

MOTIF filter20 
letter-probability matrix: alength= 4 w= 14 nsites= 14 
0.2122 0.1777 0.2640 0.3461 
0.0940 0.7041 0.0281 0.1739 
0.0391 0.0723 0.0310 0.8576 
0.8661 0.0553 0.0272 0.0514 
0.2866 0.0089 0.0264 0.6781 
0.4919 0.0225 0.0191 0.4664 
0.4401 0.0213 0.0463 0.4923 
0.6293 0.0191 0.0017 0.3499 
0.0191 0.0196 0.0170 0.9443 
0.8465 0.0136 0.1071 0.0327 
0.1705 0.0157 0.7224 0.0914 
0.4184 0.3546 0.0799 0.1471 
0.2517 0.2730 0.2623 0.2130 
0.2670 0.2691 0.2364 0.2275 

MOTIF filter21 
letter-probability matrix: alength= 4 w= 12 nsites= 12 
0.2532 0.2586 0.2334 0.2548 
0.2712 0.2463 0.2435 0.2390 
0.2378 0.2406 0.2406 0.2811 
0.5858 0.0022 0.0140 0.3980 
0.0000 0.0002 0.0000 0.9998 
0.0004 0.3171 0.0000 0.6825 
0.6061 0.0016 0.3252 0.0671 
1.0000 0.0000 0.0000 0.0000 
0.4192 0.0000 0.0601 0.5207 
0.2714 0.2736 0.2364 0.2186 
0.2392 0.2647 0.2514 0.2447 
0.2593 0.2651 0.2439 0.2317 

MOTIF filter22 
letter-probability matrix: alength= 4 w= 12 nsites= 12 
0.2290 0.3008 0.2904 0.1798 
0.2572 0.2709 0.2683 0.2036 
0.2655 0.1160 0.2507 0.3678 
0.5902 0.1215 0.2661 0.0222 
0.1840 0.0573 0.0019 0.7569 
0.4773 0.3963 0.0067 0.1197 
0.2318 0.1349 0.0025 0.6307 
0.1830 0.0135 0.7908 0.0128 
0.0000 0.3423 0.6191 0.0386 
0.2031 0.0631 0.2764 0.4574 
0.2053 0.3822 0.3497 0.0627 
0.3470 0.2030 0.3214 0.1286 

MOTIF filter23 
letter-probability matrix: alength= 4 w= 14 nsites= 14 
0.2493 0.3253 0.2124 0.2131 
0.2280 0.3004 0.2493 0.2223 
0.1065 0.2756 0.3778 0.2401 
0.0000 0.6286 0.1072 0.2642 
0.0149 0.6740 0.0007 0.3104 
0.0071 0.9822 0.0007 0.0099 
0.0227 0.9574 0.0178 0.0021 
0.1392 0.1577 0.4141 0.2891 
0.0028 0.8551 0.0668 0.0753 
0.0021 0.9219 0.0611 0.0149 
0.0156 0.7131 0.0121 0.2592 
0.1499 0.6413 0.0114 0.1974 
0.1214 0.5327 0.1080 0.2379 
0.2294 0.2976 0.2308 0.2422 

MOTIF filter24 
letter-probability matrix: alength= 4 w= 15 nsites= 15 
0.2523 0.2397 0.2649 0.2431 
0.2361 0.2457 0.2695 0.2487 
0.2378 0.1283 0.5179 0.1161 
0.1882 0.0116 0.6491 0.1511 
0.2424 0.0208 0.7229 0.0139 
0.0661 0.0116 0.9167 0.0056 
0.0503 0.1591 0.7682 0.0225 
0.2404 0.3846 0.2097 0.1653 
0.0509 0.1468 0.7179 0.0843 
0.0248 0.0370 0.9058 0.0324 
0.2361 0.0056 0.7186 0.0397 
0.2447 0.1458 0.6038 0.0056 
0.2093 0.3535 0.3330 0.1042 
0.2073 0.2860 0.2884 0.2183 
0.2192 0.2609 0.2867 0.2331 

MOTIF filter25 
letter-probability matrix: alength= 4 w= 13 nsites= 13 
0.2733 0.1491 0.3964 0.1811 
0.2353 0.2547 0.3001 0.2099 
0.3344 0.0921 0.2641 0.3093 
0.4279 0.1709 0.4001 0.0011 
0.4974 0.1549 0.1609 0.1869 
0.1030 0.6837 0.1174 0.0959 
0.0157 0.5973 0.0106 0.3764 
0.6676 0.0060 0.2713 0.0551 
0.0381 0.0003 0.4967 0.4649 
0.7563 0.0281 0.0879 0.1277 
0.0000 0.2507 0.1707 0.5786 
0.4569 0.1627 0.3036 0.0769 
0.1926 0.1247 0.0860 0.5967 

MOTIF filter26 
letter-probability matrix: alength= 4 w= 12 nsites= 12 
0.1110 0.5092 0.2185 0.1613 
0.3377 0.1341 0.3428 0.1854 
0.1979 0.1983 0.2404 0.3634 
0.8027 0.0220 0.1753 0.0000 
0.0000 0.1671 0.0000 0.8329 
0.2828 0.3025 0.0031 0.4117 
0.4099 0.0002 0.1069 0.4829 
0.0878 0.0800 0.8321 0.0000 
0.2277 0.1772 0.5901 0.0051 
0.0412 0.1083 0.4213 0.4292 
0.2355 0.3499 0.2467 0.1680 
0.3308 0.2057 0.1983 0.2653 

MOTIF filter27 
letter-probability matrix: alength= 4 w= 13 nsites= 13 
0.2683 0.2609 0.2435 0.2273 
0.1106 0.0509 0.6981 0.1404 
0.0857 0.7752 0.0894 0.0497 
0.0236 0.9304 0.0335 0.0124 
0.9901 0.0000 0.0087 0.0012 
0.3491 0.0087 0.0335 0.6087 
0.0845 0.4646 0.3056 0.1453 
0.4261 0.0298 0.0062 0.5379 
0.0012 0.0298 0.0000 0.9689 
0.0186 0.0534 0.9006 0.0273 
0.1404 0.1342 0.5665 0.1590 
0.1553 0.5093 0.1106 0.2248 
0.1975 0.2410 0.2981 0.2634 

MOTIF filter28 
letter-probability matrix: alength= 4 w= 11 nsites= 11 
0.4017 0.0913 0.2383 0.2687 
0.1661 0.5470 0.2713 0.0157 
0.5626 0.0591 0.1443 0.2339 
0.0017 0.1374 0.1104 0.7504 
0.0130 0.6922 0.0043 0.2904 
0.0165 0.1557 0.8278 0.0000 
0.0078 0.0000 0.9513 0.0409 
0.8026 0.0452 0.0957 0.0565 
0.3435 0.2400 0.1330 0.2835 
0.0557 0.1557 0.6704 0.1183 
0.1200 0.2539 0.0539 0.5722 

MOTIF filter29 
letter-probability matrix: alength= 4 w= 12 nsites= 12 
0.2460 0.3157 0.3255 0.1127 
0.3566 0.1314 0.3407 0.1713 
0.1048 0.5374 0.1045 0.2533 
0.0149 0.7783 0.1925 0.0142 
0.8144 0.0564 0.0377 0.0915 
0.2039 0.1441 0.2964 0.3556 
0.0586 0.0171 0.0282 0.8961 
0.0199 0.4541 0.5228 0.0032 
0.8806 0.0016 0.0978 0.0199 
0.1659 0.2239 0.1973 0.4129 
0.1881 0.1890 0.3410 0.2818 
0.3078 0.2736 0.2790 0.1396 

MOTIF filter30 
letter-probability matrix: alength= 4 w= 14 nsites= 14 
0.1600 0.1752 0.3486 0.3162 
0.1067 0.4305 0.1771 0.2857 
0.1657 0.4838 0.1657 0.1848 
0.6248 0.0610 0.2514 0.0629 
0.0610 0.7162 0.0724 0.1505 
0.0686 0.0267 0.0571 0.8476 
0.0495 0.0495 0.0533 0.8476 
0.0000 0.9505 0.0495 0.0000 
0.0133 0.9867 0.0000 0.0000 
0.0000 0.0000 0.9714 0.0286 
0.0000 0.0533 0.9390 0.0076 
0.6057 0.0629 0.1543 0.1771 
0.5352 0.1086 0.1733 0.1829 
0.2114 0.1200 0.5048 0.1638 

MOTIF filter31 
letter-probability matrix: alength= 4 w= 11 nsites= 11 
0.2042 0.2295 0.3726 0.1937 
0.2914 0.0522 0.4903 0.1662 
0.0000 0.9985 0.0000 0.0015 
0.0000 1.0000 0.0000 0.0000 
0.9300 0.0142 0.0253 0.0306 
0.0000 0.0030 0.0060 0.9911 
0.3756 0.2668 0.1319 0.2258 
0.0000 0.0835 0.0097 0.9069 
0.3666 0.0566 0.0648 0.5119 
0.2392 0.1505 0.2385 0.3718 
0.1639 0.2668 0.4031 0.1662 

