MEME version 4

ALPHABET= ACGT

Background letter frequencies:
A 0.2500 C 0.2500 G 0.2500 T 0.2500 

MOTIF filter0 
letter-probability matrix: alength= 4 w= 14 nsites= 14 
0.2655 0.2589 0.2028 0.2728 
0.3645 0.1883 0.2192 0.2280 
0.1046 0.2486 0.2931 0.3537 
0.3197 0.1694 0.5109 0.0000 
0.4378 0.0000 0.4517 0.1105 
0.2304 0.5490 0.1779 0.0426 
0.0000 0.5423 0.4007 0.0570 
0.0000 0.0000 0.2545 0.7455 
0.7500 0.1554 0.0000 0.0946 
0.3460 0.2301 0.2541 0.1698 
0.4752 0.4165 0.0489 0.0593 
0.2019 0.0988 0.3606 0.3386 
0.0501 0.1662 0.4873 0.2964 
0.2693 0.2355 0.2546 0.2406 

MOTIF filter1 
letter-probability matrix: alength= 4 w= 12 nsites= 12 
0.3680 0.1432 0.2325 0.2563 
0.2060 0.2045 0.3183 0.2712 
0.2181 0.4214 0.2655 0.0951 
0.1459 0.8109 0.0299 0.0133 
0.3724 0.0003 0.4457 0.1816 
0.2094 0.0001 0.7166 0.0739 
0.1817 0.4163 0.0195 0.3826 
0.0266 0.4588 0.0223 0.4922 
0.0151 0.0593 0.9051 0.0205 
0.2025 0.2246 0.3702 0.2027 
0.2004 0.4165 0.2527 0.1304 
0.2826 0.2744 0.2408 0.2021 

MOTIF filter2 
letter-probability matrix: alength= 4 w= 11 nsites= 11 
0.1572 0.2680 0.2486 0.3261 
0.1543 0.2017 0.3430 0.3010 
0.1187 0.0174 0.3854 0.4785 
0.5923 0.0011 0.2595 0.1471 
0.7851 0.0067 0.0031 0.2051 
0.6248 0.0443 0.0263 0.3046 
0.0348 0.0226 0.0988 0.8439 
0.2180 0.6093 0.0000 0.1727 
0.0000 0.4316 0.3266 0.2418 
0.4232 0.3564 0.0327 0.1877 
0.1877 0.2957 0.3172 0.1994 

MOTIF filter3 
letter-probability matrix: alength= 4 w= 10 nsites= 10 
0.0774 0.2709 0.3347 0.3171 
0.3145 0.2097 0.3491 0.1267 
0.4326 0.2816 0.2677 0.0181 
0.0415 0.0378 0.0008 0.9199 
0.0081 0.5633 0.0490 0.3797 
0.8040 0.0002 0.0937 0.1020 
0.3262 0.0696 0.6020 0.0022 
0.2550 0.1954 0.1148 0.4347 
0.0542 0.4296 0.3116 0.2046 
0.3695 0.2784 0.0963 0.2559 

MOTIF filter4 
letter-probability matrix: alength= 4 w= 12 nsites= 12 
0.3227 0.1429 0.3080 0.2264 
0.2618 0.1963 0.2444 0.2974 
0.1007 0.3825 0.1250 0.3918 
0.4671 0.0000 0.3798 0.1532 
0.1253 0.8494 0.0195 0.0058 
0.5223 0.0000 0.4696 0.0081 
0.0407 0.0415 0.3536 0.5642 
0.0190 0.2064 0.4282 0.3464 
0.1579 0.5358 0.0002 0.3061 
0.3268 0.3203 0.1363 0.2166 
0.3563 0.2464 0.1047 0.2927 
0.3076 0.2989 0.1528 0.2407 

MOTIF filter5 
letter-probability matrix: alength= 4 w= 16 nsites= 16 
0.3039 0.2380 0.2837 0.1744 
0.2558 0.1891 0.3062 0.2488 
0.2225 0.0581 0.4667 0.2527 
0.0054 0.5240 0.0000 0.4705 
0.0000 0.0000 0.4349 0.5651 
1.0000 0.0000 0.0000 0.0000 
0.0558 0.2969 0.2349 0.4124 
0.1651 0.0000 0.0326 0.8023 
0.2519 0.4186 0.0000 0.3295 
0.7543 0.0171 0.0000 0.2287 
0.0000 0.1372 0.0287 0.8341 
0.8504 0.0442 0.0620 0.0434 
0.1186 0.0597 0.7039 0.1178 
0.3380 0.3388 0.1535 0.1698 
0.1690 0.3054 0.3318 0.1938 
0.2093 0.2977 0.2798 0.2132 

MOTIF filter6 
letter-probability matrix: alength= 4 w= 15 nsites= 15 
0.2447 0.2600 0.2224 0.2729 
0.2701 0.2384 0.2457 0.2457 
0.1775 0.2600 0.1765 0.3860 
0.0282 0.0247 0.0223 0.9248 
0.0181 0.0414 0.0428 0.8977 
0.1751 0.7483 0.0303 0.0463 
0.0442 0.6784 0.0237 0.2537 
0.2189 0.2840 0.2555 0.2416 
0.2607 0.0084 0.6714 0.0595 
0.0404 0.0359 0.7529 0.1709 
0.8486 0.0839 0.0414 0.0261 
0.9238 0.0247 0.0090 0.0425 
0.4229 0.1695 0.2356 0.1719 
0.2416 0.2478 0.2224 0.2882 
0.2447 0.2363 0.2753 0.2436 

MOTIF filter7 
letter-probability matrix: alength= 4 w= 13 nsites= 13 
0.3764 0.2466 0.2613 0.1157 
0.4779 0.1817 0.2510 0.0895 
0.2651 0.2111 0.3699 0.1538 
0.0000 0.8374 0.1598 0.0027 
0.7496 0.2400 0.0011 0.0093 
0.0426 0.4261 0.4855 0.0458 
0.0360 0.0196 0.9209 0.0235 
0.1664 0.0033 0.0093 0.8211 
0.2864 0.0005 0.7087 0.0044 
0.0780 0.1986 0.7021 0.0213 
0.0884 0.2897 0.0627 0.5592 
0.2308 0.1997 0.3677 0.2019 
0.2864 0.3437 0.2515 0.1184 

MOTIF filter8 
letter-probability matrix: alength= 4 w= 14 nsites= 14 
0.2928 0.2888 0.1795 0.2390 
0.3087 0.2088 0.2859 0.1966 
0.1556 0.1875 0.1678 0.4891 
0.3426 0.0217 0.5230 0.1127 
0.3360 0.4523 0.0822 0.1295 
0.0000 0.3625 0.6375 0.0000 
0.3104 0.0000 0.0029 0.6867 
0.1323 0.6181 0.2479 0.0017 
0.1602 0.2101 0.3448 0.2849 
0.0467 0.2825 0.0441 0.6268 
0.0888 0.1030 0.7803 0.0279 
0.1271 0.2871 0.3377 0.2480 
0.2659 0.2015 0.1999 0.3327 
0.2145 0.2767 0.2257 0.2831 

MOTIF filter9 
letter-probability matrix: alength= 4 w= 14 nsites= 14 
0.3605 0.1787 0.3449 0.1159 
0.4700 0.0383 0.2731 0.2187 
0.0620 0.5816 0.2269 0.1295 
0.0931 0.8244 0.0709 0.0116 
0.5680 0.0406 0.0854 0.3060 
0.6636 0.0280 0.1785 0.1299 
0.0009 0.5560 0.3345 0.1085 
0.1898 0.4656 0.3438 0.0007 
0.1975 0.2110 0.0224 0.5691 
0.2393 0.2134 0.1956 0.3517 
0.0996 0.1766 0.6376 0.0862 
0.2355 0.2175 0.3539 0.1931 
0.1401 0.2742 0.1291 0.4566 
0.0975 0.3546 0.2458 0.3021 

MOTIF filter10 
letter-probability matrix: alength= 4 w= 9 nsites= 9 
0.2202 0.2136 0.2496 0.3166 
0.2255 0.0547 0.4945 0.2253 
0.3270 0.3795 0.2935 0.0000 
0.0000 0.1606 0.3205 0.5188 
0.9137 0.0814 0.0049 0.0000 
0.0000 0.0005 0.1448 0.8547 
0.5152 0.1456 0.1317 0.2075 
0.1657 0.2235 0.2600 0.3508 
0.3023 0.3117 0.1324 0.2536 

MOTIF filter11 
letter-probability matrix: alength= 4 w= 14 nsites= 14 
0.2027 0.2624 0.3032 0.2317 
0.3263 0.1957 0.3161 0.1618 
0.3129 0.1527 0.2968 0.2376 
0.0210 0.7892 0.1075 0.0823 
0.0161 0.5301 0.0274 0.4263 
0.4371 0.1048 0.4059 0.0522 
0.9720 0.0000 0.0280 0.0000 
0.0000 0.0000 0.0016 0.9984 
0.0726 0.2005 0.0677 0.6591 
0.3516 0.0059 0.6070 0.0355 
0.0419 0.0215 0.9323 0.0043 
0.1806 0.3172 0.1134 0.3887 
0.1478 0.3194 0.2258 0.3070 
0.2430 0.3129 0.2796 0.1645 

MOTIF filter12 
letter-probability matrix: alength= 4 w= 14 nsites= 14 
0.2055 0.2954 0.2426 0.2565 
0.2597 0.2560 0.3030 0.1813 
0.2309 0.1597 0.4986 0.1109 
0.0000 0.5690 0.0134 0.4176 
0.0000 0.5336 0.3617 0.1047 
0.6271 0.3664 0.0056 0.0009 
0.0890 0.7029 0.1550 0.0531 
0.0735 0.0005 0.2541 0.6719 
0.0078 0.8333 0.1590 0.0000 
0.2978 0.6092 0.0930 0.0000 
0.0550 0.6160 0.0531 0.2760 
0.1860 0.4103 0.1637 0.2400 
0.2360 0.3736 0.1700 0.2203 
0.3124 0.2290 0.2973 0.1613 

MOTIF filter13 
letter-probability matrix: alength= 4 w= 14 nsites= 14 
0.1952 0.3174 0.2443 0.2431 
0.2582 0.2859 0.2267 0.2292 
0.2720 0.0850 0.5264 0.1165 
0.0806 0.6801 0.1662 0.0730 
0.3010 0.6971 0.0019 0.0000 
0.9956 0.0000 0.0044 0.0000 
0.2380 0.3142 0.2053 0.2424 
0.4194 0.1864 0.2884 0.1058 
0.0000 0.0025 0.0000 0.9975 
0.0006 0.0019 0.8073 0.1902 
0.0416 0.1196 0.7922 0.0466 
0.1971 0.5787 0.0365 0.1877 
0.1914 0.2273 0.3243 0.2569 
0.1965 0.2191 0.3942 0.1902 

MOTIF filter14 
letter-probability matrix: alength= 4 w= 9 nsites= 9 
0.1292 0.3304 0.2350 0.3055 
0.2152 0.0000 0.3908 0.3940 
0.3285 0.0881 0.5172 0.0663 
0.0006 0.9994 0.0000 0.0000 
0.0427 0.0000 0.7234 0.2339 
0.0038 0.1083 0.6956 0.1923 
0.4642 0.2096 0.0026 0.3235 
0.2596 0.3274 0.3782 0.0348 
0.0523 0.3873 0.3358 0.2246 

MOTIF filter15 
letter-probability matrix: alength= 4 w= 15 nsites= 15 
0.2653 0.2131 0.2759 0.2457 
0.2501 0.2372 0.2647 0.2479 
0.2900 0.1133 0.4750 0.1217 
0.2311 0.0022 0.5698 0.1969 
0.2967 0.0039 0.6697 0.0297 
0.0365 0.0084 0.9518 0.0034 
0.0337 0.0308 0.8951 0.0404 
0.3130 0.4470 0.0236 0.2165 
0.0679 0.0140 0.8839 0.0342 
0.0297 0.0247 0.9142 0.0314 
0.2743 0.0353 0.6298 0.0606 
0.2630 0.1273 0.5934 0.0163 
0.2356 0.4139 0.2350 0.1155 
0.2445 0.2445 0.2782 0.2328 
0.2227 0.2771 0.2580 0.2423 

MOTIF filter16 
letter-probability matrix: alength= 4 w= 15 nsites= 15 
0.2635 0.2669 0.2382 0.2314 
0.3218 0.0245 0.5287 0.1250 
0.0659 0.6917 0.1377 0.1047 
0.1799 0.2711 0.1757 0.3733 
0.0194 0.0017 0.6284 0.3505 
0.0144 0.9552 0.0253 0.0051 
0.0034 0.9468 0.0490 0.0008 
0.4248 0.0034 0.5718 0.0000 
0.0008 0.2069 0.1166 0.6757 
0.0008 0.4189 0.1258 0.4544 
0.0963 0.2280 0.1022 0.5735 
0.0068 0.2111 0.0084 0.7736 
0.1039 0.4088 0.2821 0.2052 
0.2855 0.1740 0.2238 0.3167 
0.2593 0.1689 0.2154 0.3564 

MOTIF filter17 
letter-probability matrix: alength= 4 w= 14 nsites= 14 
0.2784 0.1965 0.0783 0.4468 
0.2531 0.4535 0.1368 0.1566 
0.1898 0.4045 0.0451 0.3606 
0.0190 0.0293 0.9454 0.0063 
0.0712 0.6793 0.2246 0.0249 
0.2851 0.0036 0.0293 0.6821 
0.1621 0.2661 0.5192 0.0526 
0.7457 0.0150 0.0178 0.2214 
0.0747 0.1510 0.6366 0.1376 
0.0526 0.6113 0.0633 0.2728 
0.6485 0.1858 0.0728 0.0929 
0.4180 0.1771 0.1182 0.2867 
0.3159 0.0949 0.1677 0.4215 
0.3646 0.1692 0.1206 0.3456 

MOTIF filter18 
letter-probability matrix: alength= 4 w= 11 nsites= 11 
0.2301 0.3002 0.2451 0.2246 
0.2683 0.2959 0.2037 0.2322 
0.2968 0.1874 0.2696 0.2463 
0.0800 0.2612 0.6046 0.0541 
0.4480 0.0020 0.0888 0.4612 
0.0383 0.0291 0.7921 0.1404 
0.4467 0.0001 0.1876 0.3656 
0.0549 0.9264 0.0037 0.0149 
0.2592 0.2745 0.0198 0.4466 
0.1363 0.5395 0.1866 0.1376 
0.2984 0.3397 0.1235 0.2384 

MOTIF filter19 
letter-probability matrix: alength= 4 w= 11 nsites= 11 
0.2372 0.3075 0.2670 0.1883 
0.2673 0.3264 0.2089 0.1974 
0.1596 0.1707 0.4073 0.2623 
0.3079 0.5780 0.0043 0.1098 
0.3219 0.3588 0.3082 0.0111 
0.0163 0.5109 0.3460 0.1268 
0.0299 0.0071 0.8924 0.0706 
0.0004 0.1984 0.0449 0.7563 
0.2309 0.3568 0.4122 0.0000 
0.0018 0.4479 0.3107 0.2396 
0.4252 0.1038 0.3639 0.1071 

MOTIF filter20 
letter-probability matrix: alength= 4 w= 9 nsites= 9 
0.2151 0.1629 0.4333 0.1888 
0.2264 0.2919 0.3606 0.1210 
0.1011 0.2424 0.1662 0.4904 
0.4304 0.4983 0.0028 0.0684 
0.0003 0.6217 0.3771 0.0008 
0.0039 0.0023 0.9345 0.0594 
0.3865 0.0111 0.3394 0.2630 
0.2953 0.1031 0.4056 0.1960 
0.3576 0.2582 0.1498 0.2344 

MOTIF filter21 
letter-probability matrix: alength= 4 w= 16 nsites= 16 
0.1995 0.1754 0.1749 0.4502 
0.1682 0.2232 0.3839 0.2246 
0.2806 0.1872 0.2507 0.2815 
0.0621 0.8028 0.0825 0.0526 
0.0422 0.4592 0.0308 0.4678 
0.7360 0.1431 0.0251 0.0957 
0.4009 0.0000 0.0043 0.5948 
0.8289 0.0005 0.0090 0.1616 
0.3104 0.0455 0.1261 0.5180 
0.8374 0.0009 0.0000 0.1616 
0.0209 0.0171 0.0000 0.9621 
0.3839 0.0000 0.6161 0.0000 
0.0147 0.0000 0.9853 0.0000 
0.2142 0.4005 0.1882 0.1972 
0.2469 0.4000 0.2142 0.1389 
0.3995 0.1137 0.2867 0.2000 

MOTIF filter22 
letter-probability matrix: alength= 4 w= 16 nsites= 16 
0.2125 0.2467 0.2408 0.3000 
0.2375 0.1667 0.2950 0.3008 
0.4283 0.4017 0.1050 0.0650 
0.1933 0.0442 0.0225 0.7400 
0.1675 0.0767 0.6333 0.1225 
0.6392 0.0042 0.0067 0.3500 
0.0375 0.2642 0.6958 0.0025 
0.0000 0.3367 0.0000 0.6633 
0.0117 0.7750 0.0000 0.2133 
0.7542 0.0000 0.2458 0.0000 
0.1658 0.1200 0.5250 0.1892 
0.0983 0.8217 0.0417 0.0383 
0.6692 0.0333 0.0467 0.2508 
0.1833 0.1967 0.2000 0.4200 
0.4208 0.0933 0.1008 0.3850 
0.2175 0.1392 0.1842 0.4592 

MOTIF filter23 
letter-probability matrix: alength= 4 w= 12 nsites= 12 
0.2686 0.2653 0.2374 0.2288 
0.3045 0.2349 0.2379 0.2226 
0.2218 0.2714 0.2711 0.2357 
0.5754 0.0053 0.0011 0.4182 
0.0000 0.0000 0.0089 0.9911 
0.0003 0.2084 0.0482 0.7431 
0.6732 0.0022 0.3227 0.0020 
0.9986 0.0014 0.0000 0.0000 
0.3631 0.0000 0.0000 0.6369 
0.2580 0.2600 0.2123 0.2697 
0.2126 0.2864 0.2497 0.2513 
0.2321 0.2597 0.2458 0.2625 

MOTIF filter24 
letter-probability matrix: alength= 4 w= 14 nsites= 14 
0.2504 0.2542 0.2121 0.2834 
0.1139 0.1613 0.3488 0.3760 
0.1940 0.5986 0.0654 0.1420 
0.0488 0.1525 0.0105 0.7882 
0.5592 0.0348 0.3944 0.0117 
0.3214 0.1399 0.0882 0.4505 
0.0546 0.8478 0.0000 0.0976 
0.2168 0.2688 0.2483 0.2661 
0.3967 0.0911 0.3199 0.1922 
0.0032 0.2130 0.0050 0.7788 
0.8945 0.0359 0.0263 0.0432 
0.2147 0.0716 0.4394 0.2743 
0.5440 0.2755 0.0409 0.1396 
0.2463 0.1767 0.1066 0.4703 

MOTIF filter25 
letter-probability matrix: alength= 4 w= 14 nsites= 14 
0.2603 0.2371 0.2545 0.2481 
0.2667 0.2728 0.2116 0.2489 
0.3899 0.2148 0.3314 0.0639 
0.0759 0.0378 0.0480 0.8383 
0.0241 0.0341 0.1845 0.7573 
0.3054 0.0138 0.4894 0.1913 
0.0866 0.6243 0.0698 0.2193 
0.2312 0.0829 0.6199 0.0659 
0.1808 0.5151 0.0111 0.2930 
0.7425 0.1793 0.0248 0.0535 
0.8603 0.0473 0.0519 0.0404 
0.0880 0.3063 0.1949 0.4108 
0.2497 0.2632 0.2526 0.2345 
0.2553 0.2381 0.2522 0.2544 

MOTIF filter26 
letter-probability matrix: alength= 4 w= 12 nsites= 12 
0.1113 0.2531 0.3809 0.2548 
0.0540 0.5293 0.1835 0.2332 
0.1302 0.5463 0.0876 0.2359 
0.0362 0.7367 0.1420 0.0851 
0.0128 0.7320 0.0398 0.2154 
0.1999 0.1266 0.3557 0.3178 
0.0457 0.9455 0.0087 0.0002 
0.0284 0.9431 0.0215 0.0071 
0.0288 0.6058 0.1121 0.2534 
0.1633 0.5473 0.0839 0.2056 
0.0975 0.4931 0.1302 0.2792 
0.2420 0.2881 0.2082 0.2617 

MOTIF filter27 
letter-probability matrix: alength= 4 w= 13 nsites= 13 
0.2184 0.2378 0.3978 0.1460 
0.3139 0.3987 0.2539 0.0335 
0.1853 0.0476 0.2262 0.5409 
0.1117 0.1505 0.7105 0.0273 
0.4003 0.4921 0.0914 0.0161 
0.0277 0.2213 0.7448 0.0062 
0.0012 0.0012 0.2146 0.7829 
0.4661 0.4781 0.0294 0.0265 
0.8532 0.0012 0.0008 0.1447 
0.0211 0.1567 0.7738 0.0484 
0.0782 0.4607 0.0447 0.4165 
0.3610 0.1328 0.3586 0.1476 
0.2452 0.2936 0.2940 0.1671 

MOTIF filter28 
letter-probability matrix: alength= 4 w= 19 nsites= 19 
0.2551 0.2566 0.2259 0.2624 
0.4490 0.1006 0.1691 0.2813 
0.5248 0.0787 0.1035 0.2930 
0.3601 0.0175 0.0292 0.5933 
0.1312 0.0918 0.4708 0.3061 
0.2580 0.1837 0.0204 0.5379 
0.0000 0.4810 0.5190 0.0000 
0.0350 0.9650 0.0000 0.0000 
0.2843 0.0000 0.1487 0.5671 
0.0000 0.0000 0.4548 0.5452 
0.9927 0.0044 0.0029 0.0000 
0.0627 0.2522 0.1254 0.5598 
0.7085 0.0262 0.0554 0.2099 
0.1152 0.1560 0.0466 0.6822 
0.1618 0.0175 0.7274 0.0933 
0.0350 0.0306 0.8834 0.0510 
0.1093 0.1589 0.4184 0.3134 
0.2376 0.4840 0.1720 0.1064 
0.5204 0.1341 0.1603 0.1851 

MOTIF filter29 
letter-probability matrix: alength= 4 w= 14 nsites= 14 
0.0831 0.1891 0.4491 0.2787 
0.3668 0.3373 0.1661 0.1297 
0.1661 0.5745 0.1615 0.0978 
0.0194 0.9488 0.0070 0.0248 
0.8816 0.0140 0.0167 0.0877 
0.0105 0.5388 0.0016 0.4491 
0.6735 0.0004 0.3234 0.0027 
0.0000 0.2050 0.0000 0.7950 
0.4988 0.0016 0.4915 0.0082 
0.1502 0.1572 0.0613 0.6312 
0.0745 0.0377 0.7391 0.1487 
0.1467 0.2275 0.4965 0.1293 
0.2030 0.1211 0.3292 0.3467 
0.2395 0.4173 0.2023 0.1409 

MOTIF filter30 
letter-probability matrix: alength= 4 w= 10 nsites= 10 
0.3333 0.0532 0.2529 0.3607 
0.1264 0.2275 0.3699 0.2763 
0.3168 0.3310 0.3425 0.0098 
0.6477 0.1689 0.1790 0.0044 
0.0005 0.5699 0.0018 0.4278 
0.0001 0.1115 0.8854 0.0031 
0.6257 0.0002 0.0631 0.3111 
0.0042 0.3485 0.2040 0.4432 
0.1685 0.1138 0.3272 0.3905 
0.0919 0.3670 0.2275 0.3137 

MOTIF filter31 
letter-probability matrix: alength= 4 w= 14 nsites= 14 
0.2234 0.2445 0.2880 0.2441 
0.0954 0.4738 0.1702 0.2606 
0.2073 0.3906 0.2188 0.1833 
0.6132 0.0321 0.2580 0.0967 
0.2002 0.3585 0.0346 0.4067 
0.1622 0.0038 0.0186 0.8155 
0.0030 0.0013 0.0000 0.9958 
0.2445 0.6225 0.1263 0.0068 
0.2808 0.6503 0.0008 0.0680 
0.0000 0.0004 0.8003 0.1993 
0.0059 0.2606 0.7251 0.0084 
0.5722 0.0878 0.2149 0.1250 
0.3416 0.2458 0.1955 0.2171 
0.3370 0.1710 0.1588 0.3332 

