MEME version 4

ALPHABET= ACGT

Background letter frequencies:
A 0.2500 C 0.2500 G 0.2500 T 0.2500 

MOTIF filter0 
letter-probability matrix: alength= 4 w= 20 nsites= 20 
0.2713 0.2450 0.2388 0.2450 
0.5256 0.2031 0.1628 0.1085 
0.1411 0.2806 0.0047 0.5736 
0.1302 0.0434 0.3287 0.4977 
0.1333 0.0822 0.2419 0.5426 
0.0171 0.8372 0.0791 0.0667 
0.0109 0.0000 0.8574 0.1318 
0.2791 0.3721 0.0016 0.3473 
0.2589 0.0000 0.2062 0.5349 
0.6465 0.1411 0.0512 0.1612 
0.0729 0.4357 0.2806 0.2109 
0.2915 0.1054 0.0946 0.5085 
0.2543 0.1953 0.3178 0.2326 
0.1922 0.1690 0.3907 0.2481 
0.0000 0.5116 0.3597 0.1287 
0.3380 0.2589 0.2822 0.1209 
0.5922 0.0558 0.0000 0.3519 
0.3333 0.4698 0.1395 0.0574 
0.0078 0.1008 0.7829 0.1085 
0.2713 0.0062 0.2868 0.4357 

MOTIF filter1 
letter-probability matrix: alength= 4 w= 13 nsites= 13 
0.1786 0.2662 0.2597 0.2955 
0.1494 0.1591 0.3669 0.3247 
0.0260 0.4740 0.2305 0.2695 
0.0455 0.6818 0.1364 0.1364 
0.7695 0.0032 0.2240 0.0032 
0.0000 0.9643 0.0032 0.0325 
0.0000 0.0000 0.0000 1.0000 
0.0000 0.0000 0.0000 1.0000 
0.0000 1.0000 0.0000 0.0000 
0.0000 1.0000 0.0000 0.0000 
0.0000 0.0000 0.9805 0.0195 
0.0000 0.1461 0.8506 0.0032 
0.2532 0.2013 0.2792 0.2662 

MOTIF filter2 
letter-probability matrix: alength= 4 w= 14 nsites= 14 
0.2381 0.2491 0.2454 0.2674 
0.2198 0.2491 0.2454 0.2857 
0.2088 0.2308 0.3150 0.2454 
0.2564 0.0147 0.6886 0.0403 
0.1355 0.0000 0.8168 0.0476 
0.1282 0.0000 0.8718 0.0000 
0.0000 0.0000 1.0000 0.0000 
0.0000 0.0000 1.0000 0.0000 
0.3223 0.5604 0.0000 0.1172 
0.0000 0.0000 1.0000 0.0000 
0.0000 0.0000 1.0000 0.0000 
0.1026 0.0000 0.8974 0.0000 
0.1722 0.0073 0.8205 0.0000 
0.1502 0.6264 0.1685 0.0549 

MOTIF filter3 
letter-probability matrix: alength= 4 w= 13 nsites= 13 
0.2413 0.2736 0.2461 0.2389 
0.2354 0.2724 0.2616 0.2306 
0.1016 0.0502 0.3572 0.4910 
0.0203 0.8805 0.0000 0.0992 
0.0000 0.0000 0.0000 1.0000 
1.0000 0.0000 0.0000 0.0000 
0.2664 0.0000 0.0000 0.7336 
0.4564 0.0000 0.0000 0.5436 
0.5544 0.0000 0.0000 0.4456 
0.6930 0.0000 0.0000 0.3070 
0.0000 0.0000 0.0000 1.0000 
1.0000 0.0000 0.0000 0.0000 
0.0800 0.0000 0.8925 0.0275 

MOTIF filter4 
letter-probability matrix: alength= 4 w= 12 nsites= 12 
0.2598 0.2362 0.2651 0.2388 
0.6220 0.0997 0.2415 0.0367 
0.1916 0.3648 0.3963 0.0472 
0.0000 1.0000 0.0000 0.0000 
1.0000 0.0000 0.0000 0.0000 
0.0000 1.0000 0.0000 0.0000 
0.0000 0.0000 1.0000 0.0000 
0.0000 0.0000 0.0000 1.0000 
0.0000 0.0000 1.0000 0.0000 
0.0131 0.4331 0.4042 0.1496 
0.1050 0.2598 0.1260 0.5092 
0.2257 0.1759 0.2388 0.3596 

MOTIF filter5 
letter-probability matrix: alength= 4 w= 15 nsites= 15 
0.2465 0.2295 0.2663 0.2578 
0.2578 0.2096 0.2890 0.2436 
0.2635 0.0595 0.6006 0.0765 
0.0737 0.0000 0.8640 0.0623 
0.1813 0.0000 0.8187 0.0000 
0.0000 0.0000 1.0000 0.0000 
0.0000 0.0000 1.0000 0.0000 
0.2521 0.6147 0.0000 0.1331 
0.0000 0.0000 1.0000 0.0000 
0.0028 0.0000 0.9972 0.0000 
0.1870 0.0000 0.8130 0.0000 
0.1671 0.0453 0.7875 0.0000 
0.2096 0.5722 0.1530 0.0652 
0.2861 0.2068 0.2748 0.2323 
0.2408 0.3003 0.2040 0.2550 

MOTIF filter6 
letter-probability matrix: alength= 4 w= 11 nsites= 11 
0.3861 0.2063 0.2519 0.1557 
0.2696 0.2557 0.3177 0.1570 
0.0000 1.0000 0.0000 0.0000 
1.0000 0.0000 0.0000 0.0000 
0.0000 0.9899 0.0000 0.0101 
0.0051 0.0000 0.9949 0.0000 
0.0000 0.0000 0.0000 1.0000 
0.0000 0.0000 1.0000 0.0000 
0.1266 0.3101 0.3468 0.2165 
0.1025 0.2481 0.1456 0.5038 
0.2456 0.2203 0.2608 0.2734 

MOTIF filter7 
letter-probability matrix: alength= 4 w= 13 nsites= 13 
0.2410 0.2443 0.2313 0.2834 
0.2378 0.2150 0.2834 0.2638 
0.1922 0.2736 0.2671 0.2671 
0.0130 0.8730 0.1140 0.0000 
0.0554 0.9446 0.0000 0.0000 
0.0000 0.0000 1.0000 0.0000 
0.0000 0.0000 1.0000 0.0000 
0.9967 0.0033 0.0000 0.0000 
1.0000 0.0000 0.0000 0.0000 
0.0619 0.0130 0.9251 0.0000 
0.0000 0.2769 0.0000 0.7231 
0.1498 0.0651 0.7557 0.0293 
0.2541 0.2638 0.4821 0.0000 

MOTIF filter8 
letter-probability matrix: alength= 4 w= 15 nsites= 15 
0.2675 0.2490 0.2079 0.2755 
0.2570 0.2583 0.2318 0.2530 
0.1272 0.1947 0.1470 0.5311 
0.0000 0.0000 0.0000 1.0000 
0.0000 0.0000 0.0013 0.9987 
0.0424 0.9576 0.0000 0.0000 
0.0026 0.7709 0.0000 0.2265 
0.2649 0.2026 0.2689 0.2636 
0.1669 0.0000 0.8331 0.0000 
0.0000 0.0000 0.9801 0.0199 
0.9987 0.0013 0.0000 0.0000 
1.0000 0.0000 0.0000 0.0000 
0.5523 0.1046 0.1947 0.1483 
0.2265 0.2728 0.2477 0.2530 
0.2570 0.2424 0.2596 0.2411 

MOTIF filter9 
letter-probability matrix: alength= 4 w= 11 nsites= 11 
0.2886 0.5627 0.0321 0.1166 
0.2507 0.1895 0.0496 0.5102 
0.2770 0.1603 0.3207 0.2420 
0.6851 0.0117 0.0787 0.2245 
0.1516 0.3090 0.5190 0.0204 
0.0000 0.0000 0.0000 1.0000 
0.0058 0.9942 0.0000 0.0000 
1.0000 0.0000 0.0000 0.0000 
0.0000 0.0000 1.0000 0.0000 
0.0000 1.0000 0.0000 0.0000 
0.9971 0.0000 0.0000 0.0029 

MOTIF filter10 
letter-probability matrix: alength= 4 w= 20 nsites= 20 
0.2500 0.2500 0.2500 0.2500 
0.2500 0.2500 0.2500 0.2500 
0.2500 0.2500 0.2500 0.2500 
0.2500 0.2500 0.2500 0.2500 
0.2500 0.2500 0.2500 0.2500 
0.2500 0.2500 0.2500 0.2500 
0.2500 0.2500 0.2500 0.2500 
0.2500 0.2500 0.2500 0.2500 
0.2500 0.2500 0.2500 0.2500 
0.2500 0.2500 0.2500 0.2500 
0.2500 0.2500 0.2500 0.2500 
0.2500 0.2500 0.2500 0.2500 
0.2500 0.2500 0.2500 0.2500 
0.2500 0.2500 0.2500 0.2500 
0.2500 0.2500 0.2500 0.2500 
0.2500 0.2500 0.2500 0.2500 
0.2500 0.2500 0.2500 0.2500 
0.2500 0.2500 0.2500 0.2500 
0.2500 0.2500 0.2500 0.2500 
0.2500 0.2500 0.2500 0.2500 

MOTIF filter11 
letter-probability matrix: alength= 4 w= 15 nsites= 15 
0.1298 0.3349 0.1549 0.3804 
0.0752 0.3166 0.3804 0.2278 
0.4191 0.1321 0.4442 0.0046 
0.5467 0.0091 0.3895 0.0547 
0.0000 1.0000 0.0000 0.0000 
0.0000 1.0000 0.0000 0.0000 
1.0000 0.0000 0.0000 0.0000 
1.0000 0.0000 0.0000 0.0000 
0.0000 0.0000 0.0000 1.0000 
0.0296 0.7654 0.2027 0.0023 
0.8314 0.0023 0.1663 0.0000 
0.0729 0.0934 0.8223 0.0114 
0.2278 0.2620 0.2392 0.2711 
0.2733 0.1891 0.2642 0.2733 
0.2392 0.2870 0.2164 0.2574 

MOTIF filter12 
letter-probability matrix: alength= 4 w= 17 nsites= 17 
0.4049 0.3848 0.0794 0.1309 
0.0000 0.9966 0.0022 0.0011 
0.0000 0.9911 0.0022 0.0067 
0.8277 0.0011 0.0089 0.1622 
0.0235 0.0000 0.0000 0.9765 
0.9955 0.0000 0.0034 0.0011 
0.0000 0.0022 0.0022 0.9955 
0.9787 0.0022 0.0000 0.0190 
0.1577 0.0034 0.0022 0.8367 
0.0011 0.0067 0.9922 0.0000 
0.0000 0.0056 0.9944 0.0000 
0.1107 0.0727 0.3859 0.4306 
0.2192 0.6465 0.0996 0.0347 
0.7170 0.0347 0.0682 0.1801 
0.2427 0.2774 0.2360 0.2438 
0.2338 0.2606 0.2562 0.2494 
0.2461 0.2394 0.2673 0.2472 

MOTIF filter13 
letter-probability matrix: alength= 4 w= 14 nsites= 14 
0.1629 0.2052 0.3746 0.2573 
0.0098 0.4886 0.2020 0.2997 
0.1010 0.6221 0.1238 0.1531 
0.7264 0.0098 0.2313 0.0326 
0.0000 0.9772 0.0000 0.0228 
0.0000 0.0000 0.0000 1.0000 
0.0000 0.0000 0.0000 1.0000 
0.0000 1.0000 0.0000 0.0000 
0.0000 1.0000 0.0000 0.0000 
0.0000 0.0000 0.9902 0.0098 
0.0000 0.1205 0.8762 0.0033 
0.2899 0.1824 0.2248 0.3029 
0.2476 0.2508 0.2476 0.2541 
0.2345 0.2410 0.2541 0.2704 

MOTIF filter14 
letter-probability matrix: alength= 4 w= 13 nsites= 13 
0.2523 0.2422 0.2322 0.2733 
0.2321 0.2279 0.3081 0.2319 
0.3519 0.2408 0.3040 0.1033 
0.0389 0.0399 0.0601 0.8611 
0.0289 0.0334 0.7662 0.1714 
0.8440 0.0548 0.0562 0.0450 
0.1237 0.4047 0.4095 0.0622 
0.0380 0.0524 0.0521 0.8575 
0.1678 0.7619 0.0360 0.0343 
0.8825 0.0408 0.0485 0.0283 
0.0939 0.3095 0.2752 0.3215 
0.2238 0.3127 0.2259 0.2375 
0.2680 0.2279 0.2540 0.2500 

MOTIF filter15 
letter-probability matrix: alength= 4 w= 14 nsites= 14 
0.2523 0.2462 0.2556 0.2459 
0.2615 0.2624 0.2295 0.2466 
0.4056 0.1845 0.3457 0.0642 
0.0380 0.0397 0.0407 0.8816 
0.0172 0.0258 0.1836 0.7733 
0.3171 0.0219 0.4844 0.1766 
0.0896 0.6377 0.0687 0.2041 
0.2105 0.0720 0.6382 0.0793 
0.1764 0.5156 0.0093 0.2986 
0.7663 0.1723 0.0262 0.0352 
0.9004 0.0375 0.0375 0.0246 
0.0790 0.3159 0.1814 0.4237 
0.2450 0.2654 0.2563 0.2333 
0.2534 0.2324 0.2541 0.2601 

MOTIF filter16 
letter-probability matrix: alength= 4 w= 20 nsites= 20 
0.2693 0.2254 0.2394 0.2658 
0.1761 0.2793 0.0045 0.5401 
0.0529 0.4559 0.0923 0.3990 
0.2319 0.0768 0.3032 0.3880 
0.4185 0.3551 0.2055 0.0209 
0.0778 0.1037 0.7631 0.0554 
0.2060 0.4214 0.3451 0.0274 
0.2728 0.1157 0.4045 0.2070 
0.4090 0.0783 0.3676 0.1451 
0.1641 0.1621 0.2613 0.4125 
0.1691 0.5436 0.0888 0.1985 
0.4603 0.1731 0.2394 0.1272 
0.0050 0.0918 0.1651 0.7382 
0.4075 0.2190 0.0379 0.3357 
0.0055 0.6494 0.3441 0.0010 
0.1237 0.2494 0.0060 0.6209 
0.4873 0.1731 0.3227 0.0170 
0.1446 0.0085 0.5312 0.3157 
0.3436 0.1317 0.3576 0.1671 
0.3955 0.1980 0.1771 0.2294 

MOTIF filter17 
letter-probability matrix: alength= 4 w= 17 nsites= 17 
0.2282 0.2523 0.2523 0.2673 
0.2372 0.3063 0.2553 0.2012 
0.2823 0.2222 0.2132 0.2823 
0.1291 0.7027 0.1171 0.0511 
1.0000 0.0000 0.0000 0.0000 
0.9850 0.0030 0.0120 0.0000 
0.4384 0.0480 0.4865 0.0270 
1.0000 0.0000 0.0000 0.0000 
0.0000 0.0000 0.0000 1.0000 
0.0000 0.0000 1.0000 0.0000 
0.0000 0.0000 1.0000 0.0000 
0.0480 0.8619 0.0000 0.0901 
0.1231 0.1982 0.4324 0.2462 
0.0661 0.0811 0.7838 0.0691 
0.1261 0.7658 0.0210 0.0871 
0.2703 0.2462 0.1982 0.2853 
0.2402 0.2342 0.3183 0.2072 

MOTIF filter18 
letter-probability matrix: alength= 4 w= 18 nsites= 18 
0.2519 0.2636 0.2364 0.2481 
0.2558 0.2171 0.2713 0.2558 
0.2636 0.2752 0.2209 0.2403 
0.5659 0.0000 0.1008 0.3333 
0.7248 0.0000 0.0039 0.2713 
0.4302 0.0000 0.0155 0.5543 
0.2907 0.1628 0.1085 0.4380 
0.0039 0.0000 0.0000 0.9961 
0.0000 0.0000 1.0000 0.0000 
0.0155 0.9845 0.0000 0.0000 
0.0000 0.0000 0.0000 1.0000 
0.0000 0.0000 0.9806 0.0194 
1.0000 0.0000 0.0000 0.0000 
0.0233 0.5155 0.3062 0.1550 
0.2054 0.1085 0.0426 0.6434 
0.1705 0.3953 0.1047 0.3295 
0.5581 0.0465 0.1705 0.2248 
0.1434 0.0310 0.5581 0.2674 

MOTIF filter19 
letter-probability matrix: alength= 4 w= 10 nsites= 10 
0.2438 0.2382 0.2271 0.2909 
0.2465 0.2050 0.2715 0.2770 
0.2188 0.2881 0.2493 0.2438 
0.0000 0.9501 0.0499 0.0000 
0.0028 0.9972 0.0000 0.0000 
0.0000 0.0000 1.0000 0.0000 
0.0000 0.0000 1.0000 0.0000 
1.0000 0.0000 0.0000 0.0000 
1.0000 0.0000 0.0000 0.0000 
0.0000 0.0000 1.0000 0.0000 

MOTIF filter20 
letter-probability matrix: alength= 4 w= 17 nsites= 17 
0.2360 0.2509 0.2509 0.2622 
0.2097 0.2846 0.3184 0.1873 
0.2360 0.2884 0.2135 0.2622 
0.1648 0.7191 0.0749 0.0412 
0.9925 0.0000 0.0075 0.0000 
0.9850 0.0000 0.0150 0.0000 
0.4195 0.1011 0.4757 0.0037 
1.0000 0.0000 0.0000 0.0000 
0.0000 0.0000 0.0000 1.0000 
0.0000 0.0000 1.0000 0.0000 
0.0000 0.0000 1.0000 0.0000 
0.0487 0.9213 0.0000 0.0300 
0.0824 0.2022 0.4607 0.2547 
0.0712 0.0487 0.8240 0.0562 
0.0936 0.8277 0.0112 0.0674 
0.2622 0.1948 0.2397 0.3034 
0.2247 0.2434 0.3071 0.2247 

MOTIF filter21 
letter-probability matrix: alength= 4 w= 15 nsites= 15 
0.2704 0.2451 0.2198 0.2647 
0.2614 0.2426 0.2484 0.2475 
0.1626 0.2239 0.1520 0.4616 
0.0016 0.0123 0.0016 0.9845 
0.0000 0.0000 0.0261 0.9739 
0.1029 0.8660 0.0074 0.0237 
0.0278 0.7443 0.0000 0.2279 
0.2500 0.2369 0.2386 0.2745 
0.2353 0.0000 0.7394 0.0253 
0.0008 0.0025 0.9020 0.0948 
0.9600 0.0376 0.0016 0.0008 
0.9894 0.0033 0.0074 0.0000 
0.4714 0.1503 0.2214 0.1569 
0.2418 0.2623 0.2377 0.2582 
0.2582 0.2328 0.2582 0.2508 

MOTIF filter22 
letter-probability matrix: alength= 4 w= 17 nsites= 17 
0.2515 0.2836 0.2544 0.2105 
0.2427 0.2573 0.2456 0.2544 
0.1111 0.0117 0.6842 0.1930 
0.0819 0.7281 0.1140 0.0760 
0.2895 0.3363 0.2573 0.1170 
0.0497 0.0000 0.8392 0.1111 
0.0000 1.0000 0.0000 0.0000 
0.0000 1.0000 0.0000 0.0000 
1.0000 0.0000 0.0000 0.0000 
0.0000 0.0000 0.0000 1.0000 
0.0088 0.4561 0.1374 0.3977 
0.0000 0.0146 0.0000 0.9854 
0.0000 0.0117 0.0000 0.9883 
0.0789 0.0819 0.7076 0.1316 
0.2895 0.2222 0.2515 0.2368 
0.1988 0.2836 0.2632 0.2544 
0.2427 0.2749 0.2398 0.2427 

MOTIF filter23 
letter-probability matrix: alength= 4 w= 16 nsites= 16 
0.2504 0.2591 0.2409 0.2496 
0.2528 0.2615 0.2480 0.2378 
0.1406 0.0940 0.3231 0.4423 
0.0585 0.7978 0.0095 0.1343 
0.0024 0.0355 0.0063 0.9558 
0.9850 0.0047 0.0039 0.0063 
0.2962 0.0039 0.0158 0.6840 
0.4463 0.0103 0.0055 0.5379 
0.5371 0.0024 0.0024 0.4581 
0.6675 0.0079 0.0008 0.3239 
0.0197 0.0079 0.0103 0.9621 
0.9621 0.0047 0.0269 0.0063 
0.1438 0.0095 0.7852 0.0616 
0.4376 0.3531 0.0608 0.1485 
0.2536 0.2378 0.2670 0.2417 
0.2536 0.2701 0.2378 0.2385 

MOTIF filter24 
letter-probability matrix: alength= 4 w= 12 nsites= 12 
0.2357 0.2662 0.2747 0.2234 
0.4481 0.1868 0.2650 0.1001 
0.1966 0.3443 0.3529 0.1062 
0.0000 1.0000 0.0000 0.0000 
0.9976 0.0000 0.0024 0.0000 
0.0000 1.0000 0.0000 0.0000 
0.0000 0.0000 1.0000 0.0000 
0.0000 0.0012 0.0000 0.9988 
0.0000 0.0000 1.0000 0.0000 
0.1563 0.2759 0.3150 0.2527 
0.1673 0.2137 0.1514 0.4676 
0.2552 0.2991 0.2674 0.1783 

MOTIF filter25 
letter-probability matrix: alength= 4 w= 14 nsites= 14 
0.5598 0.0652 0.1060 0.2690 
0.4728 0.0000 0.0408 0.4864 
0.2717 0.1549 0.1739 0.3995 
0.0082 0.0000 0.0000 0.9918 
0.0000 0.0000 1.0000 0.0000 
0.0163 0.9837 0.0000 0.0000 
0.0000 0.0000 0.0000 1.0000 
0.0000 0.0000 0.9891 0.0109 
1.0000 0.0000 0.0000 0.0000 
0.0299 0.5190 0.2880 0.1630 
0.2065 0.1223 0.0380 0.6332 
0.1957 0.3641 0.1332 0.3071 
0.4837 0.0353 0.2255 0.2554 
0.1875 0.0489 0.5109 0.2527 

MOTIF filter26 
letter-probability matrix: alength= 4 w= 15 nsites= 15 
0.2605 0.2926 0.2315 0.2154 
0.2283 0.2251 0.2830 0.2637 
0.0000 0.9325 0.0450 0.0225 
0.0000 0.1994 0.0032 0.7974 
0.0000 0.2186 0.7395 0.0418 
1.0000 0.0000 0.0000 0.0000 
0.0000 0.0000 0.0000 1.0000 
0.0000 0.0000 0.0000 1.0000 
0.0000 0.0000 1.0000 0.0000 
0.0000 0.0000 1.0000 0.0000 
0.0418 0.4019 0.0096 0.5466 
0.0032 0.4341 0.1254 0.4373 
0.1961 0.4244 0.3055 0.0740 
0.4662 0.1543 0.3312 0.0482 
0.1704 0.1350 0.2797 0.4148 

MOTIF filter27 
letter-probability matrix: alength= 4 w= 18 nsites= 18 
0.0654 0.1204 0.5948 0.2194 
0.3950 0.3791 0.0868 0.1391 
0.0056 0.9729 0.0187 0.0028 
0.0037 0.9599 0.0084 0.0280 
0.7946 0.0103 0.0224 0.1727 
0.0448 0.0019 0.0028 0.9505 
0.9813 0.0121 0.0037 0.0028 
0.0009 0.0112 0.0093 0.9785 
0.9655 0.0028 0.0000 0.0317 
0.1802 0.0131 0.0084 0.7983 
0.0187 0.0224 0.9477 0.0112 
0.0112 0.0131 0.9627 0.0131 
0.1317 0.0766 0.3800 0.4118 
0.2390 0.6050 0.1083 0.0476 
0.6667 0.0458 0.0775 0.2101 
0.2456 0.2736 0.2344 0.2465 
0.2306 0.2633 0.2614 0.2446 
0.2502 0.2316 0.2680 0.2502 

MOTIF filter28 
letter-probability matrix: alength= 4 w= 16 nsites= 16 
0.2895 0.2392 0.2632 0.2081 
0.2703 0.3038 0.2201 0.2057 
0.0694 0.1938 0.4856 0.2512 
0.0000 0.7990 0.0239 0.1770 
0.0000 0.8206 0.0000 0.1794 
0.0000 1.0000 0.0000 0.0000 
0.0000 1.0000 0.0000 0.0000 
0.0933 0.0000 0.6053 0.3014 
0.0000 1.0000 0.0000 0.0000 
0.0000 1.0000 0.0000 0.0000 
0.0000 0.7847 0.0000 0.2153 
0.0718 0.8206 0.0000 0.1077 
0.0455 0.6435 0.0502 0.2608 
0.2656 0.2440 0.2464 0.2440 
0.2799 0.2297 0.2440 0.2464 
0.2297 0.2919 0.2440 0.2344 

MOTIF filter29 
letter-probability matrix: alength= 4 w= 15 nsites= 15 
0.2857 0.1550 0.3161 0.2432 
0.5957 0.0638 0.1307 0.2097 
0.1733 0.3161 0.4711 0.0395 
0.0000 0.0000 0.0000 1.0000 
0.0152 0.9848 0.0000 0.0000 
1.0000 0.0000 0.0000 0.0000 
0.0000 0.0000 0.9574 0.0426 
0.0000 1.0000 0.0000 0.0000 
0.9939 0.0000 0.0000 0.0061 
0.4650 0.1581 0.1216 0.2553 
0.4195 0.0274 0.0000 0.5532 
0.3891 0.0517 0.0000 0.5593 
0.3040 0.0942 0.0030 0.5988 
0.2736 0.2280 0.2614 0.2371 
0.2736 0.2766 0.2188 0.2310 

MOTIF filter30 
letter-probability matrix: alength= 4 w= 13 nsites= 13 
0.0498 0.7117 0.1068 0.1317 
0.0000 0.0819 0.0000 0.9181 
0.0000 0.2349 0.7651 0.0000 
1.0000 0.0000 0.0000 0.0000 
0.0000 0.0000 0.0000 1.0000 
0.0000 0.0000 0.0000 1.0000 
0.0000 0.0000 1.0000 0.0000 
0.0000 0.0000 1.0000 0.0000 
0.0391 0.3950 0.0000 0.5658 
0.0071 0.4520 0.1246 0.4164 
0.1495 0.4840 0.3274 0.0391 
0.5409 0.1210 0.2633 0.0747 
0.1388 0.1637 0.2491 0.4484 

MOTIF filter31 
letter-probability matrix: alength= 4 w= 12 nsites= 12 
0.2447 0.2562 0.2405 0.2586 
0.2574 0.2568 0.2429 0.2429 
0.2489 0.2236 0.2495 0.2779 
0.6248 0.0000 0.0000 0.3752 
0.0000 0.0000 0.0000 1.0000 
0.0000 0.0205 0.0000 0.9795 
0.9323 0.0000 0.0677 0.0000 
1.0000 0.0000 0.0000 0.0000 
0.3861 0.0000 0.0000 0.6139 
0.2659 0.2405 0.2375 0.2562 
0.2423 0.2465 0.2647 0.2465 
0.2592 0.2508 0.2387 0.2514 

