MEME version 4

ALPHABET= ACGT

Background letter frequencies:
A 0.2500 C 0.2500 G 0.2500 T 0.2500 

MOTIF filter0 
letter-probability matrix: alength= 4 w= 13 nsites= 13 
0.4543 0.2177 0.1532 0.1747 
0.0672 0.3656 0.1156 0.4516 
0.0887 0.3387 0.3333 0.2392 
0.4140 0.1129 0.4704 0.0027 
0.5887 0.0054 0.3710 0.0349 
0.0000 1.0000 0.0000 0.0000 
0.0000 1.0000 0.0000 0.0000 
1.0000 0.0000 0.0000 0.0000 
0.9946 0.0000 0.0054 0.0000 
0.0000 0.0000 0.0000 1.0000 
0.0161 0.7581 0.2258 0.0000 
0.8414 0.0027 0.1559 0.0000 
0.0780 0.0833 0.8253 0.0134 

MOTIF filter1 
letter-probability matrix: alength= 4 w= 14 nsites= 14 
0.2471 0.2644 0.2328 0.2557 
0.2586 0.2299 0.2759 0.2356 
0.2241 0.2902 0.2184 0.2672 
0.5057 0.0057 0.1236 0.3649 
0.6351 0.0000 0.0287 0.3362 
0.4828 0.0000 0.0259 0.4914 
0.2787 0.1379 0.1667 0.4167 
0.0000 0.0000 0.0000 1.0000 
0.0000 0.0000 1.0000 0.0000 
0.0460 0.9540 0.0000 0.0000 
0.0000 0.0000 0.0000 1.0000 
0.0000 0.0000 0.9943 0.0057 
1.0000 0.0000 0.0000 0.0000 
0.0402 0.5172 0.2989 0.1437 

MOTIF filter2 
letter-probability matrix: alength= 4 w= 14 nsites= 14 
0.2038 0.2981 0.2396 0.2585 
0.2585 0.2321 0.3208 0.1887 
0.3170 0.1604 0.3547 0.1679 
0.0000 0.9509 0.0472 0.0019 
0.0000 0.4434 0.0000 0.5566 
0.3057 0.1679 0.5132 0.0132 
1.0000 0.0000 0.0000 0.0000 
0.0000 0.0000 0.0000 1.0000 
0.0019 0.1943 0.0057 0.7981 
0.1717 0.0000 0.8283 0.0000 
0.0057 0.0075 0.9868 0.0000 
0.0830 0.3868 0.0528 0.4774 
0.0736 0.3868 0.1415 0.3981 
0.2170 0.3811 0.2943 0.1075 

MOTIF filter3 
letter-probability matrix: alength= 4 w= 16 nsites= 16 
0.2353 0.2412 0.2765 0.2471 
0.2412 0.2971 0.2676 0.1941 
0.2794 0.2382 0.2118 0.2706 
0.1147 0.7088 0.1265 0.0500 
1.0000 0.0000 0.0000 0.0000 
0.9794 0.0029 0.0176 0.0000 
0.4206 0.0647 0.4853 0.0294 
1.0000 0.0000 0.0000 0.0000 
0.0000 0.0000 0.0000 1.0000 
0.0000 0.0000 1.0000 0.0000 
0.0000 0.0000 1.0000 0.0000 
0.0559 0.8441 0.0000 0.1000 
0.0912 0.2029 0.4147 0.2912 
0.0706 0.0971 0.7676 0.0647 
0.1412 0.7706 0.0088 0.0794 
0.2735 0.2118 0.2176 0.2971 

MOTIF filter4 
letter-probability matrix: alength= 4 w= 17 nsites= 17 
0.2295 0.2476 0.2540 0.2689 
0.2115 0.2816 0.2752 0.2317 
0.2912 0.2412 0.2274 0.2402 
0.1722 0.0765 0.0499 0.7014 
0.0372 0.0978 0.6461 0.2189 
0.4113 0.3815 0.0829 0.1243 
0.0032 0.9851 0.0096 0.0021 
0.0011 0.9830 0.0043 0.0117 
0.8204 0.0064 0.0117 0.1615 
0.0255 0.0000 0.0032 0.9713 
0.9883 0.0074 0.0043 0.0000 
0.0000 0.0043 0.0032 0.9926 
0.9756 0.0032 0.0011 0.0202 
0.1647 0.0096 0.0032 0.8225 
0.0053 0.0181 0.9756 0.0011 
0.0021 0.0021 0.9926 0.0032 
0.1137 0.0701 0.3858 0.4304 

MOTIF filter5 
letter-probability matrix: alength= 4 w= 20 nsites= 20 
0.2812 0.1562 0.2812 0.2812 
0.0312 0.2500 0.5312 0.1875 
0.5312 0.1875 0.1250 0.1562 
0.8438 0.0000 0.0625 0.0938 
0.0000 0.7500 0.0312 0.2188 
0.8438 0.0000 0.0625 0.0938 
0.1875 0.4062 0.0625 0.3438 
0.0625 0.3750 0.2188 0.3438 
0.0000 0.1562 0.5625 0.2812 
0.0000 0.5625 0.3438 0.0938 
0.3438 0.1875 0.4688 0.0000 
0.0625 0.0000 0.9375 0.0000 
0.4688 0.4688 0.0312 0.0312 
0.0312 0.0625 0.0938 0.8125 
0.1250 0.0000 0.0000 0.8750 
0.1562 0.0938 0.5938 0.1562 
0.0000 0.2188 0.7500 0.0312 
0.0625 0.0312 0.6562 0.2500 
0.1562 0.7188 0.0938 0.0312 
0.1250 0.4688 0.4062 0.0000 

MOTIF filter6 
letter-probability matrix: alength= 4 w= 14 nsites= 14 
0.2443 0.2443 0.2557 0.2557 
0.2328 0.2385 0.2615 0.2672 
0.2213 0.2356 0.2960 0.2471 
0.2529 0.0431 0.6351 0.0690 
0.1149 0.0000 0.8218 0.0632 
0.1724 0.0000 0.8276 0.0000 
0.0000 0.0000 1.0000 0.0000 
0.0000 0.0000 1.0000 0.0000 
0.2989 0.5747 0.0000 0.1264 
0.0000 0.0000 1.0000 0.0000 
0.0000 0.0000 1.0000 0.0000 
0.1552 0.0000 0.8448 0.0000 
0.1925 0.0115 0.7960 0.0000 
0.1667 0.5920 0.1695 0.0718 

MOTIF filter7 
letter-probability matrix: alength= 4 w= 14 nsites= 14 
0.2106 0.1973 0.3397 0.2524 
0.0987 0.4459 0.2201 0.2353 
0.1309 0.5161 0.1423 0.2106 
0.6528 0.0398 0.2543 0.0531 
0.0361 0.7875 0.0323 0.1442 
0.0209 0.0342 0.0247 0.9203 
0.0095 0.0095 0.0076 0.9734 
0.0000 0.9583 0.0417 0.0000 
0.0114 0.9886 0.0000 0.0000 
0.0000 0.0000 0.9639 0.0361 
0.0000 0.0873 0.9127 0.0000 
0.4573 0.1195 0.2277 0.1954 
0.4858 0.1632 0.1935 0.1575 
0.2581 0.2011 0.3188 0.2220 

MOTIF filter8 
letter-probability matrix: alength= 4 w= 20 nsites= 20 
0.2195 0.2472 0.2616 0.2716 
0.2184 0.2827 0.2583 0.2406 
0.2905 0.2472 0.2439 0.2184 
0.1574 0.1064 0.0676 0.6685 
0.0754 0.1075 0.6053 0.2118 
0.3858 0.3891 0.1164 0.1086 
0.0333 0.8858 0.0466 0.0344 
0.0000 0.9834 0.0089 0.0078 
0.6563 0.0277 0.0033 0.3126 
0.0000 0.0255 0.1585 0.8160 
1.0000 0.0000 0.0000 0.0000 
0.0000 0.0000 0.0000 1.0000 
0.7749 0.0000 0.0000 0.2251 
0.0909 0.0000 0.2051 0.7040 
0.0000 0.0000 1.0000 0.0000 
0.0011 0.0965 0.8004 0.1020 
0.0643 0.1497 0.3570 0.4290 
0.2018 0.6585 0.1253 0.0144 
0.7627 0.0255 0.1208 0.0909 
0.2084 0.2206 0.2561 0.3149 

MOTIF filter9 
letter-probability matrix: alength= 4 w= 15 nsites= 15 
0.2923 0.1662 0.3009 0.2407 
0.5989 0.0659 0.1203 0.2149 
0.1805 0.3181 0.4785 0.0229 
0.0000 0.0000 0.0000 1.0000 
0.0086 0.9914 0.0000 0.0000 
1.0000 0.0000 0.0000 0.0000 
0.0000 0.0000 0.9656 0.0344 
0.0000 1.0000 0.0000 0.0000 
1.0000 0.0000 0.0000 0.0000 
0.4413 0.1805 0.1003 0.2779 
0.4126 0.0544 0.0000 0.5330 
0.4126 0.0573 0.0029 0.5272 
0.3066 0.1203 0.0258 0.5473 
0.2951 0.2321 0.2407 0.2321 
0.2579 0.2894 0.2350 0.2178 

MOTIF filter10 
letter-probability matrix: alength= 4 w= 14 nsites= 14 
0.2335 0.2691 0.2572 0.2402 
0.2675 0.2531 0.2433 0.2361 
0.4567 0.1546 0.3510 0.0376 
0.0088 0.0093 0.0129 0.9691 
0.0062 0.0021 0.1206 0.8711 
0.3088 0.0057 0.5531 0.1325 
0.0500 0.7691 0.0258 0.1552 
0.1526 0.0320 0.7732 0.0423 
0.1402 0.5995 0.0041 0.2562 
0.8789 0.1077 0.0052 0.0082 
0.9706 0.0062 0.0149 0.0082 
0.0387 0.3345 0.1675 0.4593 
0.2448 0.2660 0.2660 0.2232 
0.2485 0.2268 0.2567 0.2680 

MOTIF filter11 
letter-probability matrix: alength= 4 w= 12 nsites= 12 
0.2426 0.2841 0.2467 0.2266 
0.2634 0.2680 0.2420 0.2266 
0.2306 0.2346 0.2620 0.2727 
0.6591 0.0000 0.0000 0.3409 
0.0000 0.0000 0.0000 1.0000 
0.0000 0.0187 0.0000 0.9813 
0.9378 0.0000 0.0622 0.0000 
1.0000 0.0000 0.0000 0.0000 
0.3362 0.0000 0.0000 0.6638 
0.2520 0.2467 0.2607 0.2406 
0.2360 0.2587 0.2680 0.2373 
0.2386 0.2540 0.2460 0.2614 

MOTIF filter12 
letter-probability matrix: alength= 4 w= 12 nsites= 12 
0.2551 0.2513 0.2600 0.2336 
0.3293 0.2276 0.2532 0.1899 
0.2377 0.2827 0.2727 0.2068 
0.0531 0.8584 0.0515 0.0370 
0.8477 0.0322 0.0756 0.0444 
0.0457 0.7487 0.0373 0.1683 
0.1557 0.0359 0.7706 0.0377 
0.0577 0.0782 0.0350 0.8291 
0.0359 0.0349 0.8730 0.0563 
0.2093 0.2787 0.2766 0.2354 
0.2052 0.2633 0.2100 0.3215 
0.2376 0.2522 0.2506 0.2596 

MOTIF filter13 
letter-probability matrix: alength= 4 w= 13 nsites= 13 
0.3012 0.2272 0.2864 0.1852 
0.2568 0.3086 0.2296 0.2049 
0.0642 0.1901 0.5086 0.2370 
0.0000 0.7704 0.0716 0.1580 
0.0025 0.8123 0.0000 0.1852 
0.0000 1.0000 0.0000 0.0000 
0.0000 1.0000 0.0000 0.0000 
0.0889 0.0000 0.6198 0.2914 
0.0000 1.0000 0.0000 0.0000 
0.0000 1.0000 0.0000 0.0000 
0.0000 0.8420 0.0000 0.1580 
0.0543 0.8321 0.0000 0.1136 
0.0469 0.6049 0.0741 0.2741 

MOTIF filter14 
letter-probability matrix: alength= 4 w= 17 nsites= 17 
0.3396 0.3192 0.1401 0.2011 
0.0024 0.9813 0.0090 0.0073 
0.0016 0.8046 0.0073 0.1865 
0.8502 0.0049 0.0147 0.1303 
0.0627 0.0000 0.0016 0.9357 
0.9186 0.0008 0.0057 0.0749 
0.0888 0.0041 0.0049 0.9023 
0.9609 0.0024 0.0008 0.0358 
0.1490 0.0081 0.0016 0.8412 
0.1922 0.0106 0.7972 0.0000 
0.0057 0.0024 0.9894 0.0024 
0.2028 0.1034 0.3217 0.3721 
0.2337 0.5676 0.1279 0.0708 
0.6433 0.0513 0.0945 0.2109 
0.2402 0.2761 0.2378 0.2459 
0.2313 0.2533 0.2663 0.2492 
0.2443 0.2313 0.2687 0.2557 

MOTIF filter15 
letter-probability matrix: alength= 4 w= 9 nsites= 9 
0.2938 0.0620 0.1055 0.5386 
0.3058 0.1806 0.0566 0.4570 
0.1861 0.1469 0.1219 0.5452 
0.9793 0.0044 0.0163 0.0000 
0.1567 0.0011 0.0152 0.8270 
0.0740 0.2024 0.0000 0.7236 
0.7138 0.0000 0.0054 0.2807 
0.9543 0.0033 0.0283 0.0141 
0.6714 0.0392 0.2492 0.0403 

MOTIF filter16 
letter-probability matrix: alength= 4 w= 14 nsites= 14 
0.2519 0.2497 0.2453 0.2532 
0.2519 0.2670 0.2396 0.2415 
0.1791 0.1204 0.3049 0.3956 
0.1378 0.6293 0.0340 0.1989 
0.0211 0.1021 0.0315 0.8452 
0.8695 0.0391 0.0514 0.0400 
0.3162 0.0296 0.0653 0.5889 
0.4458 0.0224 0.0413 0.4905 
0.4915 0.0240 0.0350 0.4496 
0.6040 0.0416 0.0265 0.3279 
0.0517 0.0479 0.0813 0.8190 
0.9177 0.0082 0.0561 0.0180 
0.1999 0.0262 0.6737 0.1003 
0.3900 0.3216 0.1207 0.1677 

MOTIF filter17 
letter-probability matrix: alength= 4 w= 18 nsites= 18 
0.2798 0.3951 0.1317 0.1934 
0.2675 0.2428 0.1070 0.3827 
0.2922 0.2181 0.2634 0.2263 
0.6543 0.0412 0.0741 0.2305 
0.5185 0.0700 0.1852 0.2263 
0.1605 0.0000 0.0041 0.8354 
0.1852 0.5144 0.0494 0.2510 
0.3374 0.0000 0.0000 0.6626 
0.0000 0.0000 1.0000 0.0000 
0.0123 0.9877 0.0000 0.0000 
0.2593 0.0000 0.0000 0.7407 
0.0823 0.0123 0.7984 0.1070 
0.9588 0.0000 0.0000 0.0412 
0.0658 0.3251 0.2181 0.3909 
0.1646 0.0658 0.0082 0.7613 
0.1770 0.3333 0.1152 0.3745 
0.4856 0.0535 0.1811 0.2798 
0.0988 0.0370 0.6584 0.2058 

MOTIF filter18 
letter-probability matrix: alength= 4 w= 11 nsites= 11 
0.2461 0.2606 0.2492 0.2441 
0.2379 0.2750 0.2472 0.2400 
0.1215 0.0422 0.3656 0.4706 
0.0062 0.9083 0.0000 0.0855 
0.0000 0.0000 0.0000 1.0000 
1.0000 0.0000 0.0000 0.0000 
0.2492 0.0000 0.0000 0.7508 
0.4068 0.0000 0.0000 0.5932 
0.5386 0.0000 0.0000 0.4614 
0.6756 0.0000 0.0000 0.3244 
0.0000 0.0000 0.0000 1.0000 

MOTIF filter19 
letter-probability matrix: alength= 4 w= 16 nsites= 16 
0.2696 0.2539 0.2445 0.2320 
0.1317 0.0157 0.6771 0.1755 
0.0815 0.6897 0.1129 0.1160 
0.2821 0.3229 0.2821 0.1129 
0.0439 0.0000 0.8683 0.0878 
0.0000 1.0000 0.0000 0.0000 
0.0000 1.0000 0.0000 0.0000 
1.0000 0.0000 0.0000 0.0000 
0.0000 0.0000 0.0000 1.0000 
0.0157 0.4357 0.1411 0.4075 
0.0000 0.0000 0.0000 1.0000 
0.0000 0.0000 0.0000 1.0000 
0.0690 0.0815 0.7398 0.1097 
0.2947 0.2132 0.2539 0.2382 
0.1944 0.2915 0.2633 0.2508 
0.2226 0.2633 0.2821 0.2320 

MOTIF filter20 
letter-probability matrix: alength= 4 w= 16 nsites= 16 
0.4064 0.4127 0.1573 0.0235 
0.4064 0.1587 0.3870 0.0479 
0.3092 0.4218 0.1890 0.0800 
0.0099 0.2875 0.6257 0.0769 
0.0606 0.4634 0.1410 0.3350 
0.2997 0.1998 0.4647 0.0357 
0.0859 0.0683 0.2731 0.5728 
0.3137 0.1854 0.0353 0.4656 
0.0746 0.1826 0.7188 0.0240 
0.0398 0.5380 0.0900 0.3323 
0.1429 0.0208 0.7554 0.0809 
0.3296 0.4263 0.0027 0.2414 
0.6270 0.2753 0.0194 0.0782 
0.2161 0.2464 0.4747 0.0628 
0.1117 0.0307 0.3336 0.5240 
0.2622 0.3413 0.1632 0.2333 

MOTIF filter21 
letter-probability matrix: alength= 4 w= 15 nsites= 15 
0.2006 0.2643 0.2643 0.2707 
0.1369 0.1847 0.3885 0.2898 
0.0064 0.5000 0.2293 0.2643 
0.0605 0.6561 0.1465 0.1369 
0.7134 0.0096 0.2580 0.0191 
0.0000 0.9745 0.0000 0.0255 
0.0000 0.0000 0.0000 1.0000 
0.0000 0.0000 0.0000 1.0000 
0.0000 1.0000 0.0000 0.0000 
0.0000 1.0000 0.0000 0.0000 
0.0000 0.0000 0.9809 0.0191 
0.0000 0.1752 0.8121 0.0127 
0.2166 0.2038 0.2580 0.3217 
0.1847 0.2611 0.2739 0.2803 
0.2643 0.2006 0.2420 0.2930 

MOTIF filter22 
letter-probability matrix: alength= 4 w= 14 nsites= 14 
0.2508 0.2013 0.2640 0.2838 
0.2607 0.2805 0.2244 0.2343 
0.0198 0.8548 0.1254 0.0000 
0.0165 0.9835 0.0000 0.0000 
0.0000 0.0000 1.0000 0.0000 
0.0000 0.0000 1.0000 0.0000 
0.9967 0.0033 0.0000 0.0000 
1.0000 0.0000 0.0000 0.0000 
0.0396 0.0066 0.9538 0.0000 
0.0132 0.2970 0.0297 0.6601 
0.1848 0.0759 0.7195 0.0198 
0.2673 0.2739 0.4455 0.0132 
0.2013 0.4422 0.2475 0.1089 
0.1980 0.2937 0.2343 0.2739 

MOTIF filter23 
letter-probability matrix: alength= 4 w= 13 nsites= 13 
0.2847 0.2169 0.2475 0.2508 
0.2949 0.2169 0.3085 0.1797 
0.2305 0.2576 0.3085 0.2034 
0.0068 0.8644 0.1288 0.0000 
0.0305 0.9695 0.0000 0.0000 
0.0000 0.0000 1.0000 0.0000 
0.0000 0.0000 1.0000 0.0000 
1.0000 0.0000 0.0000 0.0000 
1.0000 0.0000 0.0000 0.0000 
0.0102 0.0068 0.9831 0.0000 
0.0169 0.2847 0.0000 0.6983 
0.1525 0.0915 0.6983 0.0576 
0.2475 0.2339 0.4712 0.0475 

MOTIF filter24 
letter-probability matrix: alength= 4 w= 16 nsites= 16 
0.4604 0.1982 0.1616 0.1799 
0.0549 0.3598 0.0945 0.4909 
0.0335 0.3293 0.4390 0.1982 
0.4756 0.0884 0.4360 0.0000 
0.5762 0.0061 0.3537 0.0640 
0.0000 0.9878 0.0000 0.0122 
0.0000 0.9970 0.0030 0.0000 
1.0000 0.0000 0.0000 0.0000 
0.9970 0.0030 0.0000 0.0000 
0.0000 0.0000 0.0000 1.0000 
0.0274 0.7744 0.1982 0.0000 
0.8720 0.0030 0.1128 0.0122 
0.0518 0.0732 0.8415 0.0335 
0.2561 0.2134 0.2591 0.2713 
0.2683 0.1524 0.3079 0.2713 
0.2470 0.2713 0.2104 0.2713 

MOTIF filter25 
letter-probability matrix: alength= 4 w= 12 nsites= 12 
0.2496 0.2345 0.2385 0.2773 
0.2331 0.2163 0.3305 0.2201 
0.3407 0.2402 0.2924 0.1267 
0.0319 0.0355 0.0534 0.8792 
0.0234 0.0293 0.8248 0.1225 
0.8667 0.0355 0.0603 0.0376 
0.0887 0.4307 0.4364 0.0442 
0.0333 0.0376 0.0322 0.8969 
0.0856 0.8435 0.0307 0.0402 
0.8908 0.0326 0.0440 0.0326 
0.1125 0.3076 0.2617 0.3182 
0.2180 0.3220 0.2246 0.2355 

MOTIF filter26 
letter-probability matrix: alength= 4 w= 14 nsites= 14 
0.2927 0.2493 0.2520 0.2060 
0.2710 0.3008 0.2249 0.2033 
0.0786 0.1870 0.5068 0.2276 
0.0000 0.8238 0.0027 0.1734 
0.0000 0.8455 0.0000 0.1545 
0.0000 1.0000 0.0000 0.0000 
0.0000 1.0000 0.0000 0.0000 
0.1165 0.0000 0.5881 0.2954 
0.0000 1.0000 0.0000 0.0000 
0.0000 1.0000 0.0000 0.0000 
0.0000 0.7805 0.0000 0.2195 
0.0813 0.8401 0.0000 0.0786 
0.0379 0.6585 0.0407 0.2629 
0.2602 0.2602 0.2385 0.2412 

MOTIF filter27 
letter-probability matrix: alength= 4 w= 15 nsites= 15 
0.2510 0.2430 0.2425 0.2635 
0.2618 0.2375 0.2453 0.2554 
0.2052 0.2407 0.1815 0.3725 
0.0299 0.0653 0.0336 0.8711 
0.0350 0.0311 0.1111 0.8228 
0.2273 0.7016 0.0306 0.0405 
0.0817 0.5817 0.0122 0.3244 
0.2480 0.2358 0.2554 0.2607 
0.3316 0.0099 0.5872 0.0713 
0.0334 0.0285 0.7257 0.2124 
0.8258 0.1100 0.0288 0.0354 
0.8817 0.0352 0.0628 0.0202 
0.3767 0.1898 0.2342 0.1993 
0.2398 0.2543 0.2448 0.2612 
0.2513 0.2444 0.2662 0.2382 

MOTIF filter28 
letter-probability matrix: alength= 4 w= 13 nsites= 13 
0.1742 0.2000 0.1966 0.4292 
0.0000 0.0000 0.0000 1.0000 
0.0000 0.3099 0.0009 0.6893 
0.0876 0.7468 0.1622 0.0034 
0.0009 0.6515 0.0000 0.3476 
0.3305 0.0000 0.6695 0.0000 
0.0009 0.1914 0.7614 0.0464 
0.6429 0.0000 0.3571 0.0000 
1.0000 0.0000 0.0000 0.0000 
0.6361 0.1313 0.0524 0.1803 
0.3931 0.1373 0.2060 0.2635 
0.2850 0.2438 0.2137 0.2575 
0.2850 0.2163 0.2567 0.2421 

MOTIF filter29 
letter-probability matrix: alength= 4 w= 18 nsites= 18 
0.2278 0.2510 0.2239 0.2973 
0.2124 0.2973 0.2819 0.2085 
0.2625 0.2741 0.2124 0.2510 
0.1931 0.6757 0.0849 0.0463 
1.0000 0.0000 0.0000 0.0000 
0.9884 0.0000 0.0116 0.0000 
0.4672 0.0656 0.4672 0.0000 
1.0000 0.0000 0.0000 0.0000 
0.0000 0.0000 0.0000 1.0000 
0.0000 0.0000 1.0000 0.0000 
0.0000 0.0000 1.0000 0.0000 
0.0309 0.9498 0.0000 0.0193 
0.1197 0.1699 0.4672 0.2432 
0.0695 0.0656 0.7992 0.0656 
0.0965 0.8185 0.0232 0.0618 
0.2625 0.2278 0.2394 0.2703 
0.1853 0.2471 0.3320 0.2355 
0.2625 0.2124 0.3205 0.2046 

MOTIF filter30 
letter-probability matrix: alength= 4 w= 18 nsites= 18 
0.2862 0.2210 0.2210 0.2717 
0.2500 0.3043 0.2391 0.2065 
0.2174 0.2572 0.2536 0.2717 
0.1232 0.0072 0.7065 0.1630 
0.0688 0.7971 0.0978 0.0362 
0.3080 0.3804 0.2210 0.0906 
0.0362 0.0000 0.8877 0.0761 
0.0000 1.0000 0.0000 0.0000 
0.0000 1.0000 0.0000 0.0000 
1.0000 0.0000 0.0000 0.0000 
0.0000 0.0000 0.0000 1.0000 
0.0072 0.4819 0.1486 0.3623 
0.0000 0.0290 0.0000 0.9710 
0.0000 0.0072 0.0000 0.9928 
0.0652 0.0725 0.7391 0.1232 
0.2572 0.2355 0.2572 0.2500 
0.1993 0.2826 0.2428 0.2754 
0.2246 0.3261 0.2319 0.2174 

MOTIF filter31 
letter-probability matrix: alength= 4 w= 16 nsites= 16 
0.2648 0.3393 0.1928 0.2031 
0.2622 0.2674 0.2314 0.2391 
0.2468 0.2237 0.2442 0.2853 
0.0257 0.7558 0.0977 0.1208 
0.0000 0.1594 0.0051 0.8355 
0.0000 0.2571 0.7147 0.0283 
1.0000 0.0000 0.0000 0.0000 
0.0000 0.0000 0.0000 1.0000 
0.0000 0.0000 0.0000 1.0000 
0.0000 0.0000 1.0000 0.0000 
0.0000 0.0000 1.0000 0.0000 
0.0514 0.3856 0.0000 0.5630 
0.0000 0.4447 0.1414 0.4139 
0.1877 0.4062 0.3239 0.0823 
0.4679 0.1414 0.3136 0.0771 
0.1594 0.1491 0.2596 0.4319 

