MEME version 4

ALPHABET= ACGT

Background letter frequencies:
A 0.2500 C 0.2500 G 0.2500 T 0.2500 

MOTIF filter0 
letter-probability matrix: alength= 4 w= 12 nsites= 12 
0.2435 0.2733 0.2298 0.2534 
0.2509 0.2609 0.2646 0.2236 
0.2571 0.2621 0.2360 0.2447 
0.0000 0.0000 0.0000 1.0000 
0.0000 0.0000 0.0000 1.0000 
0.0000 0.0000 0.0000 1.0000 
0.5466 0.0000 0.4534 0.0000 
1.0000 0.0000 0.0000 0.0000 
0.0000 0.0000 0.0000 1.0000 
0.2273 0.2658 0.2509 0.2559 
0.2559 0.2472 0.2534 0.2435 
0.2435 0.2422 0.2658 0.2484 

MOTIF filter1 
letter-probability matrix: alength= 4 w= 20 nsites= 20 
0.3019 0.2642 0.1887 0.2453 
0.2642 0.6226 0.1132 0.0000 
0.0000 0.4717 0.2830 0.2453 
0.1698 0.0000 0.6226 0.2075 
0.4151 0.4151 0.0000 0.1698 
0.9434 0.0000 0.0377 0.0189 
0.0000 0.6226 0.0000 0.3774 
0.4717 0.3019 0.1509 0.0755 
0.0000 0.9057 0.0566 0.0377 
0.0377 0.6415 0.2830 0.0377 
0.0000 0.3774 0.2642 0.3585 
0.0377 0.0000 0.5660 0.3962 
0.1132 0.6604 0.1509 0.0755 
0.3019 0.2264 0.4717 0.0000 
0.1887 0.2453 0.3962 0.1698 
0.0189 0.3208 0.6604 0.0000 
0.1321 0.1132 0.5472 0.2075 
0.0566 0.2075 0.0566 0.6792 
0.0000 0.0566 0.6792 0.2642 
0.1132 0.0189 0.6604 0.2075 

MOTIF filter2 
letter-probability matrix: alength= 4 w= 14 nsites= 14 
0.2345 0.2696 0.2593 0.2366 
0.2655 0.2490 0.2469 0.2386 
0.4494 0.1529 0.3616 0.0362 
0.0036 0.0041 0.0052 0.9871 
0.0046 0.0031 0.1162 0.8760 
0.3146 0.0072 0.5517 0.1265 
0.0511 0.7562 0.0274 0.1653 
0.1606 0.0362 0.7681 0.0351 
0.1555 0.5733 0.0041 0.2670 
0.8667 0.1214 0.0046 0.0072 
0.9721 0.0083 0.0145 0.0052 
0.0444 0.3228 0.1643 0.4685 
0.2490 0.2603 0.2722 0.2185 
0.2386 0.2293 0.2577 0.2743 

MOTIF filter3 
letter-probability matrix: alength= 4 w= 16 nsites= 16 
0.4543 0.2299 0.1413 0.1745 
0.0720 0.3546 0.1163 0.4571 
0.0693 0.3352 0.3712 0.2244 
0.4598 0.0803 0.4598 0.0000 
0.5706 0.0055 0.3878 0.0360 
0.0000 1.0000 0.0000 0.0000 
0.0000 1.0000 0.0000 0.0000 
1.0000 0.0000 0.0000 0.0000 
1.0000 0.0000 0.0000 0.0000 
0.0000 0.0000 0.0000 1.0000 
0.0194 0.7673 0.2133 0.0000 
0.8449 0.0028 0.1524 0.0000 
0.0665 0.0693 0.8532 0.0111 
0.2050 0.2715 0.2632 0.2604 
0.2798 0.1939 0.2715 0.2548 
0.2355 0.2964 0.2050 0.2632 

MOTIF filter4 
letter-probability matrix: alength= 4 w= 18 nsites= 18 
0.2783 0.2385 0.2232 0.2599 
0.2416 0.2813 0.2630 0.2141 
0.2385 0.2446 0.2477 0.2691 
0.1131 0.0183 0.7003 0.1682 
0.0795 0.7217 0.1131 0.0856 
0.2936 0.3517 0.2508 0.1040 
0.0398 0.0000 0.8685 0.0917 
0.0000 1.0000 0.0000 0.0000 
0.0000 1.0000 0.0000 0.0000 
1.0000 0.0000 0.0000 0.0000 
0.0000 0.0000 0.0000 1.0000 
0.0061 0.4618 0.1407 0.3914 
0.0000 0.0153 0.0000 0.9847 
0.0000 0.0092 0.0000 0.9908 
0.0734 0.0856 0.7125 0.1284 
0.2813 0.2202 0.2538 0.2446 
0.2018 0.2752 0.2569 0.2661 
0.2324 0.2997 0.2446 0.2232 

MOTIF filter5 
letter-probability matrix: alength= 4 w= 15 nsites= 15 
0.2616 0.2151 0.2820 0.2413 
0.2267 0.2849 0.2413 0.2471 
0.5116 0.0203 0.1221 0.3459 
0.6453 0.0233 0.0465 0.2849 
0.4738 0.0058 0.0320 0.4884 
0.2820 0.1570 0.1744 0.3866 
0.0058 0.0000 0.0000 0.9942 
0.0000 0.0000 1.0000 0.0000 
0.0203 0.9797 0.0000 0.0000 
0.0000 0.0000 0.0000 1.0000 
0.0000 0.0000 1.0000 0.0000 
1.0000 0.0000 0.0000 0.0000 
0.0465 0.4767 0.3314 0.1453 
0.1744 0.1570 0.0523 0.6163 
0.1686 0.3750 0.1337 0.3227 

MOTIF filter6 
letter-probability matrix: alength= 4 w= 15 nsites= 15 
0.2034 0.2409 0.2811 0.2746 
0.2370 0.2474 0.2241 0.2915 
0.5246 0.1153 0.3199 0.0402 
0.0039 0.0039 0.0091 0.9832 
0.0052 0.0091 0.0466 0.9391 
0.2565 0.0298 0.6671 0.0466 
0.0052 0.9560 0.0039 0.0350 
0.0570 0.0000 0.9365 0.0065 
0.0220 0.7306 0.0350 0.2124 
0.9741 0.0013 0.0000 0.0246 
0.9961 0.0000 0.0000 0.0039 
0.0052 0.4016 0.1308 0.4624 
0.2526 0.2837 0.2267 0.2370 
0.2358 0.2047 0.3187 0.2409 
0.2539 0.2565 0.2863 0.2034 

MOTIF filter7 
letter-probability matrix: alength= 4 w= 13 nsites= 13 
0.3414 0.2448 0.2517 0.1621 
0.2552 0.3207 0.2345 0.1897 
0.0483 0.1241 0.6000 0.2276 
0.0000 0.8069 0.0138 0.1793 
0.0000 0.9103 0.0000 0.0897 
0.0000 1.0000 0.0000 0.0000 
0.0000 1.0000 0.0000 0.0000 
0.1276 0.0000 0.6103 0.2621 
0.0000 1.0000 0.0000 0.0000 
0.0000 1.0000 0.0000 0.0000 
0.0000 0.8000 0.0000 0.2000 
0.0828 0.8310 0.0000 0.0862 
0.0276 0.7276 0.0241 0.2207 

MOTIF filter8 
letter-probability matrix: alength= 4 w= 16 nsites= 16 
0.2502 0.2602 0.2475 0.2421 
0.2511 0.2665 0.2457 0.2366 
0.1324 0.0825 0.3300 0.4551 
0.0526 0.8150 0.0073 0.1251 
0.0009 0.0118 0.0045 0.9828 
0.9946 0.0027 0.0018 0.0009 
0.2937 0.0009 0.0109 0.6945 
0.4451 0.0045 0.0036 0.5467 
0.5494 0.0027 0.0009 0.4470 
0.6791 0.0073 0.0000 0.3137 
0.0027 0.0036 0.0054 0.9882 
0.9810 0.0027 0.0145 0.0018 
0.1296 0.0082 0.8087 0.0535 
0.4306 0.3617 0.0589 0.1487 
0.2720 0.2312 0.2602 0.2366 
0.2448 0.2792 0.2366 0.2393 

MOTIF filter9 
letter-probability matrix: alength= 4 w= 20 nsites= 20 
0.2170 0.2889 0.2706 0.2235 
0.2654 0.2497 0.2340 0.2510 
0.1425 0.0706 0.0405 0.7464 
0.0248 0.0667 0.7033 0.2052 
0.4157 0.4013 0.0667 0.1163 
0.0000 0.9974 0.0026 0.0000 
0.0000 0.9974 0.0000 0.0026 
0.8418 0.0000 0.0013 0.1569 
0.0170 0.0000 0.0000 0.9830 
1.0000 0.0000 0.0000 0.0000 
0.0000 0.0000 0.0013 0.9987 
0.9895 0.0000 0.0000 0.0105 
0.1346 0.0026 0.0000 0.8627 
0.0026 0.0026 0.9948 0.0000 
0.0000 0.0000 0.9974 0.0026 
0.0954 0.0693 0.4039 0.4314 
0.2026 0.6863 0.0784 0.0327 
0.7438 0.0261 0.0588 0.1712 
0.2288 0.2889 0.2405 0.2418 
0.1974 0.2693 0.2797 0.2536 

MOTIF filter10 
letter-probability matrix: alength= 4 w= 19 nsites= 19 
0.2170 0.2264 0.2790 0.2776 
0.2062 0.2925 0.2642 0.2372 
0.2817 0.2372 0.2332 0.2480 
0.1482 0.0687 0.0296 0.7534 
0.0229 0.0728 0.6941 0.2102 
0.4164 0.4043 0.0660 0.1132 
0.0000 1.0000 0.0000 0.0000 
0.0000 0.9987 0.0000 0.0013 
0.8464 0.0000 0.0013 0.1523 
0.0081 0.0000 0.0000 0.9919 
1.0000 0.0000 0.0000 0.0000 
0.0000 0.0000 0.0013 0.9987 
0.9892 0.0000 0.0000 0.0108 
0.1348 0.0013 0.0000 0.8639 
0.0000 0.0040 0.9960 0.0000 
0.0000 0.0013 0.9973 0.0013 
0.0876 0.0768 0.3935 0.4420 
0.2075 0.6806 0.0809 0.0310 
0.7682 0.0229 0.0526 0.1563 

MOTIF filter11 
letter-probability matrix: alength= 4 w= 16 nsites= 16 
0.2635 0.2753 0.2401 0.2211 
0.2592 0.2958 0.2504 0.1947 
0.0835 0.0425 0.3426 0.5315 
0.0220 0.9312 0.0000 0.0469 
0.0000 0.0000 0.0000 1.0000 
1.0000 0.0000 0.0000 0.0000 
0.2870 0.0000 0.0029 0.7101 
0.4802 0.0000 0.0000 0.5198 
0.6061 0.0000 0.0000 0.3939 
0.7613 0.0000 0.0000 0.2387 
0.0000 0.0000 0.0000 1.0000 
0.9985 0.0000 0.0000 0.0015 
0.0644 0.0000 0.9283 0.0073 
0.4788 0.3880 0.0264 0.1069 
0.3060 0.2284 0.2401 0.2255 
0.2621 0.2518 0.2299 0.2562 

MOTIF filter12 
letter-probability matrix: alength= 4 w= 15 nsites= 15 
0.2042 0.2768 0.2561 0.2630 
0.1488 0.1799 0.3737 0.2976 
0.0069 0.5087 0.2249 0.2595 
0.0657 0.6540 0.1419 0.1384 
0.7647 0.0069 0.2111 0.0173 
0.0000 0.9827 0.0000 0.0173 
0.0000 0.0000 0.0000 1.0000 
0.0000 0.0000 0.0000 1.0000 
0.0000 1.0000 0.0000 0.0000 
0.0000 1.0000 0.0000 0.0000 
0.0000 0.0000 1.0000 0.0000 
0.0000 0.1592 0.8304 0.0104 
0.2457 0.2007 0.2388 0.3149 
0.2007 0.2422 0.2837 0.2734 
0.2318 0.2353 0.2457 0.2872 

MOTIF filter13 
letter-probability matrix: alength= 4 w= 13 nsites= 13 
0.2335 0.2515 0.2605 0.2545 
0.2365 0.3024 0.2575 0.2036 
0.2934 0.2036 0.2186 0.2844 
0.1198 0.7395 0.1018 0.0389 
1.0000 0.0000 0.0000 0.0000 
0.9970 0.0000 0.0030 0.0000 
0.4371 0.0479 0.5060 0.0090 
1.0000 0.0000 0.0000 0.0000 
0.0000 0.0000 0.0000 1.0000 
0.0000 0.0000 1.0000 0.0000 
0.0000 0.0000 1.0000 0.0000 
0.0449 0.8683 0.0000 0.0868 
0.1078 0.2126 0.4132 0.2665 

MOTIF filter14 
letter-probability matrix: alength= 4 w= 18 nsites= 18 
0.2189 0.2747 0.2532 0.2532 
0.2961 0.2403 0.2060 0.2575 
0.2618 0.2876 0.2103 0.2403 
0.5365 0.0043 0.1030 0.3562 
0.7210 0.0043 0.0215 0.2532 
0.4335 0.0000 0.0129 0.5536 
0.2704 0.1674 0.1159 0.4464 
0.0043 0.0000 0.0000 0.9957 
0.0000 0.0000 1.0000 0.0000 
0.0129 0.9871 0.0000 0.0000 
0.0000 0.0000 0.0000 1.0000 
0.0000 0.0000 0.9700 0.0300 
1.0000 0.0000 0.0000 0.0000 
0.0172 0.5494 0.2918 0.1416 
0.2146 0.0815 0.0215 0.6824 
0.2103 0.3691 0.0815 0.3391 
0.5408 0.0386 0.2017 0.2189 
0.0858 0.0086 0.6567 0.2489 

MOTIF filter15 
letter-probability matrix: alength= 4 w= 12 nsites= 12 
0.1978 0.2446 0.2662 0.2914 
0.3094 0.2338 0.2950 0.1619 
0.2842 0.2410 0.2446 0.2302 
0.0036 0.8885 0.1079 0.0000 
0.0144 0.9856 0.0000 0.0000 
0.0000 0.0000 1.0000 0.0000 
0.0000 0.0000 1.0000 0.0000 
1.0000 0.0000 0.0000 0.0000 
1.0000 0.0000 0.0000 0.0000 
0.0432 0.0000 0.9568 0.0000 
0.0036 0.2122 0.0144 0.7698 
0.1871 0.0719 0.6799 0.0612 

MOTIF filter16 
letter-probability matrix: alength= 4 w= 14 nsites= 14 
0.1663 0.2233 0.3524 0.2581 
0.0471 0.4591 0.2233 0.2705 
0.0993 0.5806 0.1365 0.1836 
0.6600 0.0174 0.2978 0.0248 
0.0000 0.8809 0.0149 0.1042 
0.0000 0.0000 0.0000 1.0000 
0.0000 0.0000 0.0000 1.0000 
0.0000 1.0000 0.0000 0.0000 
0.0000 1.0000 0.0000 0.0000 
0.0000 0.0000 0.9553 0.0447 
0.0000 0.0868 0.9107 0.0025 
0.2556 0.1638 0.3424 0.2382 
0.3623 0.1935 0.2233 0.2208 
0.3672 0.1588 0.2184 0.2556 

MOTIF filter17 
letter-probability matrix: alength= 4 w= 15 nsites= 15 
0.2481 0.2448 0.2430 0.2641 
0.2623 0.2356 0.2501 0.2520 
0.2046 0.2555 0.1868 0.3530 
0.0318 0.0722 0.0332 0.8628 
0.0312 0.0329 0.1071 0.8288 
0.2127 0.6915 0.0360 0.0597 
0.0755 0.5923 0.0151 0.3170 
0.2430 0.2367 0.2566 0.2637 
0.3142 0.0114 0.6037 0.0707 
0.0378 0.0402 0.7227 0.1993 
0.8329 0.1076 0.0299 0.0296 
0.8742 0.0468 0.0584 0.0206 
0.3785 0.1877 0.2345 0.1993 
0.2382 0.2529 0.2441 0.2648 
0.2483 0.2558 0.2597 0.2362 

MOTIF filter18 
letter-probability matrix: alength= 4 w= 19 nsites= 19 
0.2370 0.2857 0.2110 0.2662 
0.2857 0.5649 0.0260 0.1234 
0.2370 0.1818 0.0649 0.5162 
0.2760 0.1526 0.3377 0.2338 
0.6461 0.0552 0.1071 0.1916 
0.1396 0.3279 0.5000 0.0325 
0.0000 0.0000 0.0000 1.0000 
0.0097 0.9903 0.0000 0.0000 
1.0000 0.0000 0.0000 0.0000 
0.0000 0.0000 0.9838 0.0162 
0.0000 1.0000 0.0000 0.0000 
0.9903 0.0000 0.0000 0.0097 
0.4740 0.1364 0.1494 0.2403 
0.4481 0.0422 0.0130 0.4968 
0.3701 0.0649 0.0065 0.5584 
0.3019 0.1169 0.0130 0.5682 
0.2468 0.2370 0.2338 0.2825 
0.3149 0.2760 0.1916 0.2175 
0.2175 0.2922 0.2597 0.2305 

MOTIF filter19 
letter-probability matrix: alength= 4 w= 12 nsites= 12 
0.2476 0.2578 0.2534 0.2413 
0.3642 0.2146 0.2567 0.1645 
0.2418 0.3084 0.2927 0.1571 
0.0525 0.8924 0.0366 0.0184 
0.8842 0.0028 0.0657 0.0473 
0.0311 0.8567 0.0292 0.0831 
0.0853 0.0286 0.8608 0.0253 
0.0490 0.0663 0.0121 0.8726 
0.0215 0.0176 0.9056 0.0553 
0.1758 0.2916 0.2861 0.2465 
0.1956 0.2685 0.1788 0.3571 
0.2407 0.2591 0.2462 0.2539 

MOTIF filter20 
letter-probability matrix: alength= 4 w= 16 nsites= 16 
0.2900 0.2305 0.2193 0.2602 
0.2379 0.2268 0.2862 0.2491 
0.2007 0.2491 0.2825 0.2677 
0.0037 0.9182 0.0781 0.0000 
0.0297 0.9703 0.0000 0.0000 
0.0000 0.0000 1.0000 0.0000 
0.0000 0.0000 1.0000 0.0000 
1.0000 0.0000 0.0000 0.0000 
1.0000 0.0000 0.0000 0.0000 
0.0223 0.0000 0.9777 0.0000 
0.0223 0.3346 0.0112 0.6320 
0.1413 0.0818 0.7509 0.0260 
0.2305 0.2565 0.5130 0.0000 
0.2230 0.4052 0.2305 0.1413 
0.1784 0.3197 0.2639 0.2379 
0.2751 0.2677 0.2751 0.1822 

MOTIF filter21 
letter-probability matrix: alength= 4 w= 13 nsites= 13 
0.2530 0.2379 0.2331 0.2761 
0.2359 0.2269 0.3137 0.2235 
0.3520 0.2340 0.3074 0.1066 
0.0318 0.0368 0.0595 0.8719 
0.0229 0.0284 0.7725 0.1762 
0.8440 0.0575 0.0537 0.0448 
0.1119 0.4082 0.4091 0.0708 
0.0348 0.0499 0.0497 0.8657 
0.1374 0.7951 0.0366 0.0309 
0.8692 0.0455 0.0455 0.0399 
0.1017 0.3159 0.2604 0.3219 
0.2235 0.3108 0.2249 0.2408 
0.2570 0.2320 0.2591 0.2519 

MOTIF filter22 
letter-probability matrix: alength= 4 w= 20 nsites= 20 
0.2370 0.2439 0.2547 0.2644 
0.2233 0.2840 0.2654 0.2272 
0.2987 0.2360 0.2292 0.2360 
0.1783 0.0901 0.0529 0.6787 
0.0431 0.1126 0.6219 0.2223 
0.4016 0.3643 0.0940 0.1401 
0.0039 0.9785 0.0108 0.0069 
0.0010 0.9520 0.0118 0.0353 
0.8041 0.0098 0.0186 0.1675 
0.0353 0.0000 0.0039 0.9608 
0.9745 0.0088 0.0049 0.0118 
0.0167 0.0029 0.0039 0.9765 
0.9745 0.0039 0.0000 0.0215 
0.1675 0.0088 0.0029 0.8208 
0.0284 0.0137 0.9579 0.0000 
0.0088 0.0039 0.9824 0.0049 
0.1263 0.0784 0.3653 0.4300 
0.2341 0.6141 0.1068 0.0451 
0.6699 0.0411 0.0930 0.1959 
0.2439 0.2693 0.2370 0.2498 

MOTIF filter23 
letter-probability matrix: alength= 4 w= 16 nsites= 16 
0.2762 0.2471 0.2282 0.2485 
0.2238 0.2398 0.2820 0.2544 
0.0945 0.0567 0.3532 0.4956 
0.0116 0.9055 0.0029 0.0799 
0.0000 0.0044 0.0000 0.9956 
1.0000 0.0000 0.0000 0.0000 
0.1788 0.0000 0.0000 0.8212 
0.3895 0.0000 0.0000 0.6105 
0.5015 0.0000 0.0000 0.4985 
0.6497 0.0000 0.0000 0.3503 
0.0044 0.0000 0.0000 0.9956 
0.9927 0.0000 0.0073 0.0000 
0.0422 0.0000 0.9331 0.0247 
0.4593 0.3634 0.0465 0.1308 
0.2253 0.2326 0.2936 0.2485 
0.2471 0.2892 0.2471 0.2166 

MOTIF filter24 
letter-probability matrix: alength= 4 w= 14 nsites= 14 
0.1093 0.2049 0.4344 0.2514 
0.0000 0.8443 0.0164 0.1393 
0.0000 0.8115 0.0000 0.1885 
0.0000 1.0000 0.0000 0.0000 
0.0000 1.0000 0.0000 0.0000 
0.0820 0.0000 0.6257 0.2923 
0.0000 1.0000 0.0000 0.0000 
0.0000 1.0000 0.0000 0.0000 
0.0000 0.8224 0.0000 0.1776 
0.0546 0.8743 0.0000 0.0710 
0.0410 0.6038 0.0628 0.2923 
0.2541 0.2268 0.2650 0.2541 
0.2568 0.2404 0.2486 0.2541 
0.2186 0.3224 0.2432 0.2158 

MOTIF filter25 
letter-probability matrix: alength= 4 w= 18 nsites= 18 
0.2634 0.5725 0.0344 0.1298 
0.2595 0.1527 0.0802 0.5076 
0.3092 0.1450 0.2672 0.2786 
0.6718 0.0344 0.0840 0.2099 
0.1908 0.3053 0.5000 0.0038 
0.0000 0.0000 0.0000 1.0000 
0.0038 0.9962 0.0000 0.0000 
1.0000 0.0000 0.0000 0.0000 
0.0000 0.0000 0.9924 0.0076 
0.0000 1.0000 0.0000 0.0000 
1.0000 0.0000 0.0000 0.0000 
0.4313 0.1985 0.0878 0.2824 
0.4275 0.0344 0.0000 0.5382 
0.3817 0.0534 0.0000 0.5649 
0.3168 0.0954 0.0191 0.5687 
0.2939 0.2214 0.2672 0.2176 
0.2824 0.2405 0.2443 0.2328 
0.2137 0.3092 0.2290 0.2481 

MOTIF filter26 
letter-probability matrix: alength= 4 w= 15 nsites= 15 
0.2327 0.2218 0.2655 0.2800 
0.2109 0.2909 0.2982 0.2000 
0.2473 0.2582 0.2036 0.2909 
0.1527 0.6873 0.0982 0.0618 
0.9964 0.0000 0.0036 0.0000 
0.9782 0.0000 0.0218 0.0000 
0.4255 0.0836 0.4727 0.0182 
1.0000 0.0000 0.0000 0.0000 
0.0000 0.0000 0.0000 1.0000 
0.0000 0.0000 1.0000 0.0000 
0.0000 0.0000 1.0000 0.0000 
0.0545 0.9055 0.0000 0.0400 
0.0909 0.1964 0.4327 0.2800 
0.0291 0.0436 0.8764 0.0509 
0.0982 0.8436 0.0073 0.0509 

MOTIF filter27 
letter-probability matrix: alength= 4 w= 15 nsites= 15 
0.2730 0.3218 0.1897 0.2155 
0.2471 0.2845 0.2385 0.2299 
0.2385 0.2672 0.2586 0.2356 
0.0086 0.8391 0.0977 0.0546 
0.0000 0.1839 0.0000 0.8161 
0.0029 0.2184 0.7644 0.0144 
1.0000 0.0000 0.0000 0.0000 
0.0000 0.0000 0.0000 1.0000 
0.0000 0.0000 0.0000 1.0000 
0.0000 0.0000 1.0000 0.0000 
0.0000 0.0000 1.0000 0.0000 
0.0287 0.4167 0.0086 0.5460 
0.0201 0.4052 0.1408 0.4339 
0.1983 0.4052 0.3046 0.0920 
0.4799 0.1638 0.3218 0.0345 

MOTIF filter28 
letter-probability matrix: alength= 4 w= 16 nsites= 16 
0.2513 0.2326 0.2487 0.2674 
0.2353 0.2487 0.2487 0.2674 
0.2353 0.2487 0.2727 0.2433 
0.2540 0.0561 0.6230 0.0668 
0.1230 0.0000 0.7995 0.0775 
0.1791 0.0000 0.8209 0.0000 
0.0000 0.0000 1.0000 0.0000 
0.0000 0.0000 1.0000 0.0000 
0.3102 0.5561 0.0000 0.1337 
0.0000 0.0000 1.0000 0.0000 
0.0000 0.0000 1.0000 0.0000 
0.1417 0.0000 0.8583 0.0000 
0.2112 0.0214 0.7674 0.0000 
0.1872 0.5615 0.1631 0.0882 
0.2754 0.1952 0.2861 0.2433 
0.2487 0.2914 0.2166 0.2433 

MOTIF filter29 
letter-probability matrix: alength= 4 w= 16 nsites= 16 
0.2766 0.2943 0.2234 0.2057 
0.2411 0.3121 0.2128 0.2340 
0.2447 0.2411 0.2199 0.2943 
0.0000 0.8972 0.0426 0.0603 
0.0000 0.1418 0.0035 0.8546 
0.0000 0.2270 0.7660 0.0071 
1.0000 0.0000 0.0000 0.0000 
0.0000 0.0000 0.0000 1.0000 
0.0000 0.0000 0.0000 1.0000 
0.0000 0.0000 1.0000 0.0000 
0.0000 0.0000 1.0000 0.0000 
0.0426 0.3972 0.0000 0.5603 
0.0000 0.4716 0.1170 0.4113 
0.1489 0.4894 0.3298 0.0319 
0.5142 0.1135 0.3050 0.0674 
0.1383 0.1631 0.2411 0.4574 

MOTIF filter30 
letter-probability matrix: alength= 4 w= 13 nsites= 13 
0.4516 0.2065 0.1548 0.1871 
0.0581 0.3710 0.1258 0.4452 
0.0548 0.3129 0.3742 0.2581 
0.4097 0.1226 0.4677 0.0000 
0.6097 0.0032 0.3548 0.0323 
0.0000 1.0000 0.0000 0.0000 
0.0000 1.0000 0.0000 0.0000 
1.0000 0.0000 0.0000 0.0000 
1.0000 0.0000 0.0000 0.0000 
0.0000 0.0000 0.0000 1.0000 
0.0129 0.8065 0.1806 0.0000 
0.8581 0.0000 0.1419 0.0000 
0.0613 0.0548 0.8839 0.0000 

MOTIF filter31 
letter-probability matrix: alength= 4 w= 11 nsites= 11 
0.2534 0.2516 0.2425 0.2525 
0.2625 0.2543 0.2171 0.2661 
0.2480 0.2207 0.2216 0.3097 
1.0000 0.0000 0.0000 0.0000 
0.0000 0.0000 0.0000 1.0000 
0.0000 0.1944 0.0000 0.8056 
1.0000 0.0000 0.0000 0.0000 
1.0000 0.0000 0.0000 0.0000 
0.5577 0.0000 0.0000 0.4423 
0.2852 0.2280 0.2425 0.2443 
0.2198 0.2461 0.2825 0.2516 

