MEME version 4

ALPHABET= ACGT

Background letter frequencies:
A 0.2500 C 0.2500 G 0.2500 T 0.2500 

MOTIF filter0 
letter-probability matrix: alength= 4 w= 12 nsites= 12 
0.2591 0.2445 0.2563 0.2401 
0.3178 0.2296 0.2540 0.1986 
0.2400 0.2756 0.2718 0.2126 
0.0497 0.8724 0.0430 0.0350 
0.8645 0.0270 0.0620 0.0465 
0.0457 0.7969 0.0415 0.1160 
0.1250 0.0392 0.7999 0.0360 
0.0477 0.0717 0.0382 0.8425 
0.0367 0.0390 0.8735 0.0508 
0.2093 0.2776 0.2698 0.2433 
0.2178 0.2601 0.2098 0.3123 
0.2376 0.2523 0.2491 0.2610 

MOTIF filter1 
letter-probability matrix: alength= 4 w= 16 nsites= 16 
0.2424 0.2700 0.2342 0.2534 
0.2590 0.2314 0.2617 0.2479 
0.2452 0.2672 0.2452 0.2424 
0.5179 0.0110 0.1185 0.3526 
0.6364 0.0193 0.0468 0.2975 
0.4353 0.0000 0.0303 0.5344 
0.2837 0.1736 0.1488 0.3939 
0.0110 0.0000 0.0000 0.9890 
0.0000 0.0000 1.0000 0.0000 
0.0138 0.9862 0.0000 0.0000 
0.0000 0.0000 0.0000 1.0000 
0.0000 0.0000 0.9807 0.0193 
1.0000 0.0000 0.0000 0.0000 
0.0331 0.4959 0.3140 0.1570 
0.1983 0.1488 0.0661 0.5868 
0.1928 0.3664 0.1350 0.3058 

MOTIF filter2 
letter-probability matrix: alength= 4 w= 17 nsites= 17 
0.2646 0.2840 0.2335 0.2179 
0.2296 0.2412 0.2646 0.2646 
0.2023 0.2412 0.2918 0.2646 
0.2957 0.0389 0.6304 0.0350 
0.0856 0.0000 0.8638 0.0506 
0.1556 0.0000 0.8444 0.0000 
0.0000 0.0000 1.0000 0.0000 
0.0000 0.0000 1.0000 0.0000 
0.2763 0.5681 0.0000 0.1556 
0.0000 0.0000 1.0000 0.0000 
0.0000 0.0000 1.0000 0.0000 
0.1128 0.0000 0.8872 0.0000 
0.1440 0.0000 0.8560 0.0000 
0.1673 0.6342 0.1634 0.0350 
0.2802 0.2062 0.3074 0.2062 
0.2374 0.2996 0.2374 0.2257 
0.2802 0.2335 0.2296 0.2568 

MOTIF filter3 
letter-probability matrix: alength= 4 w= 15 nsites= 15 
0.2952 0.2467 0.2203 0.2379 
0.2291 0.2291 0.2952 0.2467 
0.2291 0.2555 0.2687 0.2467 
0.0000 0.9163 0.0837 0.0000 
0.0000 1.0000 0.0000 0.0000 
0.0000 0.0000 1.0000 0.0000 
0.0000 0.0000 1.0000 0.0000 
1.0000 0.0000 0.0000 0.0000 
1.0000 0.0000 0.0000 0.0000 
0.0132 0.0000 0.9868 0.0000 
0.0132 0.2731 0.0044 0.7093 
0.1498 0.0308 0.7974 0.0220 
0.2687 0.2115 0.5154 0.0044 
0.2026 0.4009 0.2247 0.1718 
0.2115 0.2775 0.2952 0.2159 

MOTIF filter4 
letter-probability matrix: alength= 4 w= 12 nsites= 12 
0.2374 0.2388 0.2491 0.2747 
0.2176 0.1751 0.3934 0.2139 
0.3861 0.2491 0.3333 0.0315 
0.0007 0.0000 0.0000 0.9993 
0.0000 0.0000 0.9260 0.0740 
0.9993 0.0000 0.0000 0.0007 
0.0286 0.4659 0.4681 0.0374 
0.0022 0.0000 0.0066 0.9912 
0.0579 0.9282 0.0015 0.0125 
0.9883 0.0000 0.0117 0.0000 
0.0293 0.3150 0.2711 0.3846 
0.2007 0.3736 0.1941 0.2315 

MOTIF filter5 
letter-probability matrix: alength= 4 w= 20 nsites= 20 
0.2500 0.1667 0.2778 0.3056 
0.0278 0.4722 0.5000 0.0000 
0.1389 0.0000 0.8333 0.0278 
0.1111 0.0556 0.4167 0.4167 
0.1389 0.1389 0.1667 0.5556 
0.0000 0.5833 0.0000 0.4167 
0.4722 0.0000 0.3889 0.1389 
0.0000 0.2778 0.0000 0.7222 
0.0278 0.3333 0.5556 0.0833 
0.5833 0.3056 0.0278 0.0833 
0.3333 0.0000 0.6667 0.0000 
0.0278 0.1389 0.1667 0.6667 
0.4722 0.3056 0.0000 0.2222 
0.0556 0.1667 0.7778 0.0000 
0.0278 0.0278 0.4444 0.5000 
0.1111 0.3056 0.5278 0.0556 
0.0556 0.8611 0.0000 0.0833 
0.1944 0.0000 0.6111 0.1944 
0.0000 0.1389 0.8333 0.0278 
0.4444 0.1667 0.3889 0.0000 

MOTIF filter6 
letter-probability matrix: alength= 4 w= 17 nsites= 17 
0.2373 0.2136 0.2746 0.2746 
0.2475 0.2780 0.2508 0.2237 
0.3153 0.2034 0.2373 0.2441 
0.1254 0.7220 0.1119 0.0407 
1.0000 0.0000 0.0000 0.0000 
0.9831 0.0068 0.0102 0.0000 
0.4576 0.0610 0.4542 0.0271 
1.0000 0.0000 0.0000 0.0000 
0.0000 0.0000 0.0000 1.0000 
0.0000 0.0000 1.0000 0.0000 
0.0000 0.0000 1.0000 0.0000 
0.0203 0.8746 0.0000 0.1051 
0.1220 0.1729 0.4237 0.2814 
0.0712 0.0847 0.8034 0.0407 
0.0814 0.8237 0.0203 0.0746 
0.2847 0.2169 0.2034 0.2949 
0.2508 0.2068 0.2983 0.2441 

MOTIF filter7 
letter-probability matrix: alength= 4 w= 17 nsites= 17 
0.2545 0.2573 0.2420 0.2462 
0.2420 0.2839 0.2434 0.2308 
0.1021 0.0490 0.3413 0.5077 
0.0182 0.9273 0.0000 0.0545 
0.0000 0.0000 0.0000 1.0000 
1.0000 0.0000 0.0000 0.0000 
0.2923 0.0000 0.0028 0.7049 
0.5021 0.0000 0.0000 0.4979 
0.6028 0.0000 0.0000 0.3972 
0.7469 0.0000 0.0000 0.2531 
0.0000 0.0000 0.0000 1.0000 
1.0000 0.0000 0.0000 0.0000 
0.0601 0.0000 0.9357 0.0042 
0.5021 0.3790 0.0294 0.0895 
0.2923 0.2350 0.2559 0.2168 
0.2531 0.2643 0.2364 0.2462 
0.2587 0.2573 0.2629 0.2210 

MOTIF filter8 
letter-probability matrix: alength= 4 w= 15 nsites= 15 
0.2264 0.2372 0.2291 0.3073 
0.2426 0.2049 0.2803 0.2722 
0.2156 0.2722 0.2534 0.2588 
0.0027 0.8679 0.1294 0.0000 
0.0377 0.9623 0.0000 0.0000 
0.0000 0.0000 1.0000 0.0000 
0.0000 0.0000 1.0000 0.0000 
1.0000 0.0000 0.0000 0.0000 
1.0000 0.0000 0.0000 0.0000 
0.0431 0.0108 0.9461 0.0000 
0.0270 0.3100 0.0054 0.6577 
0.1860 0.1051 0.6523 0.0566 
0.2534 0.2668 0.4474 0.0323 
0.2210 0.3585 0.2453 0.1752 
0.2183 0.2965 0.2372 0.2480 

MOTIF filter9 
letter-probability matrix: alength= 4 w= 15 nsites= 15 
0.2751 0.2362 0.2395 0.2492 
0.2783 0.2913 0.2460 0.1845 
0.2460 0.2557 0.2395 0.2589 
0.1165 0.0129 0.6828 0.1877 
0.0615 0.7508 0.0971 0.0906 
0.2880 0.3463 0.2718 0.0939 
0.0518 0.0000 0.8770 0.0712 
0.0000 1.0000 0.0000 0.0000 
0.0000 1.0000 0.0000 0.0000 
1.0000 0.0000 0.0000 0.0000 
0.0000 0.0000 0.0000 1.0000 
0.0129 0.4919 0.1327 0.3625 
0.0000 0.0356 0.0000 0.9644 
0.0000 0.0097 0.0000 0.9903 
0.0744 0.0841 0.7443 0.0971 

MOTIF filter10 
letter-probability matrix: alength= 4 w= 13 nsites= 13 
0.1460 0.1983 0.3636 0.2920 
0.0165 0.4821 0.2397 0.2617 
0.0826 0.6198 0.1405 0.1570 
0.7052 0.0110 0.2590 0.0248 
0.0000 0.9559 0.0000 0.0441 
0.0000 0.0000 0.0000 1.0000 
0.0000 0.0000 0.0000 1.0000 
0.0000 1.0000 0.0000 0.0000 
0.0000 1.0000 0.0000 0.0000 
0.0000 0.0000 0.9835 0.0165 
0.0000 0.1433 0.8485 0.0083 
0.2617 0.1846 0.2534 0.3003 
0.2672 0.2204 0.2534 0.2590 

MOTIF filter11 
letter-probability matrix: alength= 4 w= 13 nsites= 13 
0.2695 0.2438 0.2148 0.2719 
0.2759 0.2414 0.2430 0.2397 
0.1681 0.2196 0.1577 0.4545 
0.0016 0.0105 0.0008 0.9871 
0.0000 0.0000 0.0354 0.9646 
0.1223 0.8600 0.0064 0.0113 
0.0274 0.7281 0.0032 0.2414 
0.2486 0.2301 0.2550 0.2663 
0.2373 0.0000 0.7377 0.0249 
0.0016 0.0064 0.8833 0.1086 
0.9630 0.0354 0.0008 0.0008 
0.9912 0.0032 0.0056 0.0000 
0.4739 0.1456 0.2212 0.1593 

MOTIF filter12 
letter-probability matrix: alength= 4 w= 12 nsites= 12 
0.2520 0.2397 0.2464 0.2620 
0.2252 0.1784 0.3724 0.2241 
0.4147 0.2196 0.3623 0.0033 
0.0000 0.0000 0.0000 1.0000 
0.0000 0.0000 0.9978 0.0022 
1.0000 0.0000 0.0000 0.0000 
0.0000 0.4649 0.5340 0.0011 
0.0000 0.0000 0.0000 1.0000 
0.0000 1.0000 0.0000 0.0000 
1.0000 0.0000 0.0000 0.0000 
0.0078 0.3623 0.2196 0.4103 
0.2152 0.3779 0.1505 0.2564 

MOTIF filter13 
letter-probability matrix: alength= 4 w= 12 nsites= 12 
0.2399 0.2488 0.2601 0.2512 
0.2621 0.2639 0.2312 0.2428 
0.4280 0.1737 0.3532 0.0451 
0.0185 0.0205 0.0405 0.9205 
0.0145 0.0165 0.1462 0.8228 
0.3176 0.0159 0.5107 0.1558 
0.0691 0.6861 0.0552 0.1896 
0.1910 0.0581 0.6934 0.0575 
0.1604 0.5462 0.0069 0.2864 
0.8113 0.1416 0.0199 0.0272 
0.9318 0.0220 0.0249 0.0214 
0.0526 0.3298 0.1720 0.4457 

MOTIF filter14 
letter-probability matrix: alength= 4 w= 14 nsites= 14 
0.2313 0.1866 0.2724 0.3097 
0.2425 0.2127 0.2425 0.3022 
0.2239 0.2575 0.2724 0.2463 
0.2164 0.0336 0.6866 0.0634 
0.1119 0.0000 0.8582 0.0299 
0.1306 0.0000 0.8694 0.0000 
0.0000 0.0000 1.0000 0.0000 
0.0000 0.0000 1.0000 0.0000 
0.3022 0.6045 0.0000 0.0933 
0.0000 0.0000 1.0000 0.0000 
0.0000 0.0000 1.0000 0.0000 
0.1119 0.0000 0.8843 0.0037 
0.1418 0.0224 0.8358 0.0000 
0.1418 0.5821 0.1828 0.0933 

MOTIF filter15 
letter-probability matrix: alength= 4 w= 20 nsites= 20 
0.2281 0.2460 0.2534 0.2724 
0.2133 0.2788 0.2756 0.2323 
0.2893 0.2386 0.2344 0.2376 
0.1690 0.0781 0.0507 0.7022 
0.0370 0.0971 0.6441 0.2218 
0.4044 0.3886 0.0792 0.1278 
0.0053 0.9831 0.0095 0.0021 
0.0011 0.9789 0.0063 0.0137 
0.8152 0.0053 0.0127 0.1668 
0.0296 0.0000 0.0032 0.9673 
0.9884 0.0074 0.0021 0.0021 
0.0000 0.0032 0.0032 0.9937 
0.9747 0.0032 0.0000 0.0222 
0.1637 0.0074 0.0074 0.8215 
0.0042 0.0127 0.9820 0.0011 
0.0011 0.0032 0.9926 0.0032 
0.1130 0.0739 0.3886 0.4245 
0.2323 0.6336 0.0929 0.0412 
0.7001 0.0348 0.0771 0.1880 
0.2418 0.2756 0.2355 0.2471 

MOTIF filter16 
letter-probability matrix: alength= 4 w= 15 nsites= 15 
0.3065 0.1639 0.1958 0.3338 
0.5083 0.0713 0.1275 0.2929 
0.6070 0.0106 0.0288 0.3536 
0.2534 0.1927 0.3156 0.2382 
0.0000 0.0000 0.0000 1.0000 
0.0000 0.4780 0.5220 0.0000 
0.5387 0.4613 0.0000 0.0000 
0.0000 0.0000 0.4583 0.5417 
0.0000 0.5281 0.4719 0.0000 
1.0000 0.0000 0.0000 0.0000 
0.2458 0.3505 0.1912 0.2124 
0.3187 0.0182 0.0000 0.6631 
0.2777 0.1700 0.0379 0.5144 
0.3384 0.0759 0.0592 0.5266 
0.2307 0.1017 0.4674 0.2003 

MOTIF filter17 
letter-probability matrix: alength= 4 w= 14 nsites= 14 
0.2898 0.2765 0.2121 0.2216 
0.2443 0.2670 0.3220 0.1667 
0.3239 0.0663 0.3996 0.2102 
0.4110 0.0246 0.5587 0.0057 
0.0000 0.0000 0.0000 1.0000 
0.0000 0.0000 1.0000 0.0000 
1.0000 0.0000 0.0000 0.0000 
0.0114 0.5511 0.4375 0.0000 
0.0000 0.0000 0.0000 1.0000 
0.0114 0.9886 0.0000 0.0000 
1.0000 0.0000 0.0000 0.0000 
0.0038 0.2670 0.2121 0.5170 
0.3049 0.3068 0.2992 0.0890 
0.1705 0.1856 0.3580 0.2860 

MOTIF filter18 
letter-probability matrix: alength= 4 w= 17 nsites= 17 
0.2355 0.2477 0.2997 0.2171 
0.2630 0.2875 0.2202 0.2294 
0.2416 0.2294 0.3180 0.2110 
0.0581 0.0153 0.3853 0.5413 
0.0031 0.8869 0.0000 0.1101 
0.0000 0.0703 0.0000 0.9297 
1.0000 0.0000 0.0000 0.0000 
0.0000 0.0000 0.0031 0.9969 
0.0000 0.0000 0.0000 1.0000 
0.0367 0.0000 0.0031 0.9602 
0.2722 0.0000 0.0000 0.7278 
0.0214 0.0031 0.0367 0.9388 
0.9633 0.0000 0.0367 0.0000 
0.0336 0.0031 0.8532 0.1101 
0.4067 0.4067 0.0520 0.1346 
0.2630 0.2508 0.2875 0.1988 
0.2416 0.2783 0.2446 0.2355 

MOTIF filter19 
letter-probability matrix: alength= 4 w= 15 nsites= 15 
0.4727 0.2000 0.2909 0.0364 
0.4576 0.2061 0.1455 0.1909 
0.4788 0.2364 0.1333 0.1515 
0.0333 0.3697 0.0879 0.5091 
0.0818 0.3121 0.3394 0.2667 
0.4182 0.1212 0.4576 0.0030 
0.5758 0.0030 0.3727 0.0485 
0.0000 1.0000 0.0000 0.0000 
0.0000 1.0000 0.0000 0.0000 
1.0000 0.0000 0.0000 0.0000 
1.0000 0.0000 0.0000 0.0000 
0.0000 0.0000 0.0000 1.0000 
0.0121 0.7667 0.2212 0.0000 
0.8364 0.0000 0.1606 0.0030 
0.0667 0.0758 0.8515 0.0061 

MOTIF filter20 
letter-probability matrix: alength= 4 w= 13 nsites= 13 
0.2920 0.2595 0.2538 0.1947 
0.2767 0.2805 0.2233 0.2195 
0.0840 0.2023 0.4714 0.2424 
0.0000 0.7347 0.0553 0.2099 
0.0038 0.7824 0.0000 0.2137 
0.0000 1.0000 0.0000 0.0000 
0.0000 1.0000 0.0000 0.0000 
0.1240 0.0000 0.5706 0.3053 
0.0000 1.0000 0.0000 0.0000 
0.0000 1.0000 0.0000 0.0000 
0.0000 0.7710 0.0000 0.2290 
0.1050 0.7538 0.0000 0.1412 
0.0477 0.5897 0.0782 0.2844 

MOTIF filter21 
letter-probability matrix: alength= 4 w= 15 nsites= 15 
0.2695 0.1806 0.3181 0.2318 
0.5741 0.0782 0.1375 0.2102 
0.1698 0.3181 0.4798 0.0323 
0.0000 0.0000 0.0000 1.0000 
0.0216 0.9784 0.0000 0.0000 
1.0000 0.0000 0.0000 0.0000 
0.0000 0.0000 0.9973 0.0027 
0.0000 1.0000 0.0000 0.0000 
0.9865 0.0000 0.0000 0.0135 
0.4259 0.1752 0.1348 0.2642 
0.4313 0.0539 0.0108 0.5040 
0.4043 0.0728 0.0027 0.5202 
0.3154 0.1213 0.0243 0.5391 
0.2749 0.2318 0.2372 0.2561 
0.2749 0.2803 0.2075 0.2372 

MOTIF filter22 
letter-probability matrix: alength= 4 w= 17 nsites= 17 
0.3068 0.2348 0.2083 0.2500 
0.2348 0.2803 0.2386 0.2462 
0.2121 0.2538 0.2803 0.2538 
0.1364 0.0114 0.7235 0.1288 
0.0720 0.7917 0.0909 0.0455 
0.2879 0.3674 0.2311 0.1136 
0.0417 0.0000 0.8826 0.0758 
0.0000 1.0000 0.0000 0.0000 
0.0000 1.0000 0.0000 0.0000 
1.0000 0.0000 0.0000 0.0000 
0.0000 0.0000 0.0000 1.0000 
0.0076 0.4583 0.1742 0.3598 
0.0000 0.0000 0.0000 1.0000 
0.0000 0.0000 0.0000 1.0000 
0.0492 0.0758 0.7500 0.1250 
0.2803 0.2121 0.2462 0.2614 
0.1970 0.2803 0.2652 0.2576 

MOTIF filter23 
letter-probability matrix: alength= 4 w= 15 nsites= 15 
0.1355 0.3387 0.1290 0.3968 
0.0355 0.3710 0.3871 0.2065 
0.4290 0.0968 0.4742 0.0000 
0.6161 0.0000 0.3452 0.0387 
0.0000 1.0000 0.0000 0.0000 
0.0000 1.0000 0.0000 0.0000 
1.0000 0.0000 0.0000 0.0000 
1.0000 0.0000 0.0000 0.0000 
0.0000 0.0000 0.0000 1.0000 
0.0097 0.7968 0.1935 0.0000 
0.8710 0.0000 0.1290 0.0000 
0.0452 0.0355 0.9161 0.0032 
0.1839 0.2742 0.2806 0.2613 
0.2581 0.2097 0.2742 0.2581 
0.2355 0.2774 0.2032 0.2839 

MOTIF filter24 
letter-probability matrix: alength= 4 w= 12 nsites= 12 
0.2393 0.2699 0.2294 0.2613 
0.2503 0.2577 0.2650 0.2270 
0.2675 0.2552 0.2294 0.2479 
0.0196 0.0000 0.0000 0.9804 
0.0000 0.0000 0.0000 1.0000 
0.0000 0.0000 0.0000 1.0000 
0.5546 0.0000 0.4454 0.0000 
1.0000 0.0000 0.0000 0.0000 
0.0000 0.0000 0.0000 1.0000 
0.2282 0.2687 0.2491 0.2540 
0.2479 0.2491 0.2503 0.2528 
0.2454 0.2380 0.2736 0.2429 

MOTIF filter25 
letter-probability matrix: alength= 4 w= 17 nsites= 17 
0.2271 0.2637 0.2418 0.2674 
0.2051 0.3407 0.3077 0.1465 
0.2454 0.2930 0.1905 0.2711 
0.1722 0.6960 0.0879 0.0440 
0.9927 0.0000 0.0073 0.0000 
0.9817 0.0000 0.0183 0.0000 
0.4176 0.0769 0.5018 0.0037 
1.0000 0.0000 0.0000 0.0000 
0.0000 0.0000 0.0000 1.0000 
0.0000 0.0000 1.0000 0.0000 
0.0000 0.0000 1.0000 0.0000 
0.0513 0.9267 0.0000 0.0220 
0.0916 0.1905 0.4615 0.2564 
0.0586 0.0513 0.8022 0.0879 
0.1172 0.8095 0.0073 0.0659 
0.2637 0.2198 0.2234 0.2930 
0.2125 0.2601 0.3077 0.2198 

MOTIF filter26 
letter-probability matrix: alength= 4 w= 13 nsites= 13 
0.2526 0.2526 0.2355 0.2593 
0.2534 0.2586 0.2370 0.2511 
0.1371 0.0999 0.3256 0.4374 
0.0715 0.7765 0.0164 0.1356 
0.0112 0.0283 0.0104 0.9501 
0.9799 0.0022 0.0112 0.0067 
0.3130 0.0089 0.0194 0.6587 
0.4717 0.0082 0.0082 0.5119 
0.5686 0.0067 0.0060 0.4188 
0.6900 0.0119 0.0067 0.2914 
0.0082 0.0037 0.0119 0.9762 
0.9456 0.0037 0.0365 0.0142 
0.1624 0.0179 0.7697 0.0499 

MOTIF filter27 
letter-probability matrix: alength= 4 w= 20 nsites= 20 
0.2717 0.3170 0.1811 0.2302 
0.2528 0.3170 0.2075 0.2226 
0.2566 0.2792 0.2415 0.2226 
0.0113 0.8717 0.0604 0.0566 
0.0000 0.1811 0.0000 0.8189 
0.0000 0.2377 0.7623 0.0000 
1.0000 0.0000 0.0000 0.0000 
0.0000 0.0000 0.0000 1.0000 
0.0000 0.0000 0.0000 1.0000 
0.0000 0.0000 1.0000 0.0000 
0.0000 0.0000 1.0000 0.0000 
0.0377 0.4000 0.0038 0.5585 
0.0151 0.4566 0.1245 0.4038 
0.1660 0.4528 0.3434 0.0377 
0.5396 0.1019 0.3094 0.0491 
0.1170 0.1434 0.2642 0.4755 
0.1434 0.1019 0.2642 0.4906 
0.0038 0.3094 0.1774 0.5094 
0.1849 0.2453 0.3094 0.2604 
0.2830 0.2981 0.1774 0.2415 

MOTIF filter28 
letter-probability matrix: alength= 4 w= 15 nsites= 15 
0.2240 0.2470 0.2615 0.2676 
0.2082 0.2845 0.2772 0.2300 
0.2833 0.2446 0.2288 0.2433 
0.1525 0.0690 0.0400 0.7385 
0.0303 0.0799 0.6707 0.2191 
0.4177 0.3935 0.0751 0.1138 
0.0000 1.0000 0.0000 0.0000 
0.0000 0.9988 0.0000 0.0012 
0.8378 0.0012 0.0036 0.1574 
0.0157 0.0000 0.0000 0.9843 
1.0000 0.0000 0.0000 0.0000 
0.0000 0.0000 0.0012 0.9988 
0.9915 0.0000 0.0000 0.0085 
0.1453 0.0061 0.0000 0.8487 
0.0024 0.0085 0.9891 0.0000 

MOTIF filter29 
letter-probability matrix: alength= 4 w= 11 nsites= 11 
0.2615 0.2426 0.2399 0.2561 
0.2624 0.2588 0.2120 0.2668 
0.2552 0.2246 0.2246 0.2956 
1.0000 0.0000 0.0000 0.0000 
0.0000 0.0000 0.0000 1.0000 
0.0000 0.2040 0.0000 0.7960 
1.0000 0.0000 0.0000 0.0000 
1.0000 0.0000 0.0000 0.0000 
0.5804 0.0000 0.0000 0.4196 
0.2812 0.2246 0.2498 0.2444 
0.2318 0.2435 0.2776 0.2471 

MOTIF filter30 
letter-probability matrix: alength= 4 w= 15 nsites= 15 
0.3067 0.3035 0.1853 0.2045 
0.2780 0.2620 0.2077 0.2524 
0.2460 0.2109 0.2524 0.2907 
0.0000 0.8435 0.0831 0.0735 
0.0000 0.1054 0.0000 0.8946 
0.0000 0.2141 0.7572 0.0288 
1.0000 0.0000 0.0000 0.0000 
0.0000 0.0000 0.0000 1.0000 
0.0000 0.0000 0.0000 1.0000 
0.0000 0.0000 1.0000 0.0000 
0.0000 0.0000 1.0000 0.0000 
0.0319 0.3962 0.0032 0.5687 
0.0000 0.4185 0.1310 0.4505 
0.2045 0.4121 0.3067 0.0767 
0.4984 0.1629 0.2716 0.0671 

MOTIF filter31 
letter-probability matrix: alength= 4 w= 20 nsites= 20 
0.2444 0.2644 0.2622 0.2289 
0.4844 0.1644 0.0822 0.2689 
0.1533 0.0089 0.2756 0.5622 
0.3022 0.3422 0.1289 0.2267 
0.0200 0.1822 0.3489 0.4489 
0.2911 0.2267 0.4667 0.0156 
0.5711 0.0178 0.1533 0.2578 
0.0600 0.3089 0.3000 0.3311 
0.0511 0.0511 0.1200 0.7778 
0.0756 0.0067 0.0089 0.9089 
0.0911 0.6111 0.0222 0.2756 
0.3733 0.3889 0.0622 0.1756 
0.2267 0.0000 0.7711 0.0022 
0.0311 0.1556 0.5822 0.2311 
0.0756 0.7000 0.1356 0.0889 
0.0022 0.3711 0.4378 0.1889 
0.1711 0.4844 0.2867 0.0578 
0.5622 0.0711 0.0578 0.3089 
0.4222 0.3600 0.0800 0.1378 
0.4622 0.1533 0.0333 0.3511 

