MEME version 4

ALPHABET= ACGT

Background letter frequencies:
A 0.2500 C 0.2500 G 0.2500 T 0.2500 

MOTIF filter0 
letter-probability matrix: alength= 4 w= 13 nsites= 13 
0.0935 0.4163 0.2244 0.2657 
0.1959 0.5197 0.0207 0.2638 
0.1467 0.5561 0.2185 0.0787 
0.0915 0.3287 0.5797 0.0000 
0.0472 0.0413 0.7874 0.1240 
0.2106 0.0896 0.6299 0.0699 
0.2254 0.1654 0.5984 0.0108 
0.0581 0.0512 0.8435 0.0472 
0.1142 0.5433 0.2451 0.0974 
0.2028 0.1388 0.6476 0.0108 
0.0295 0.0256 0.7894 0.1555 
0.2530 0.0502 0.6575 0.0394 
0.2008 0.1811 0.6024 0.0157 

MOTIF filter1 
letter-probability matrix: alength= 4 w= 13 nsites= 13 
0.4509 0.2110 0.1474 0.1908 
0.0636 0.3902 0.1012 0.4451 
0.0665 0.3468 0.3468 0.2399 
0.4566 0.1069 0.4364 0.0000 
0.5694 0.0029 0.3902 0.0376 
0.0000 1.0000 0.0000 0.0000 
0.0000 1.0000 0.0000 0.0000 
1.0000 0.0000 0.0000 0.0000 
1.0000 0.0000 0.0000 0.0000 
0.0000 0.0000 0.0000 1.0000 
0.0231 0.7775 0.1994 0.0000 
0.8237 0.0029 0.1734 0.0000 
0.0636 0.0347 0.8960 0.0058 

MOTIF filter2 
letter-probability matrix: alength= 4 w= 14 nsites= 14 
0.2553 0.2689 0.2012 0.2747 
0.2669 0.2360 0.2205 0.2766 
0.2224 0.1954 0.1103 0.4720 
0.0155 0.0368 0.0832 0.8646 
0.0000 0.0000 0.0000 1.0000 
0.0000 0.4952 0.0077 0.4971 
0.0484 0.9516 0.0000 0.0000 
0.0928 0.4371 0.0000 0.4700 
0.4217 0.0000 0.5145 0.0638 
0.0000 0.0000 0.9787 0.0213 
0.5145 0.0039 0.4797 0.0019 
1.0000 0.0000 0.0000 0.0000 
0.9536 0.0193 0.0232 0.0039 
0.5106 0.1044 0.1760 0.2089 

MOTIF filter3 
letter-probability matrix: alength= 4 w= 13 nsites= 13 
0.2340 0.2293 0.2418 0.2949 
0.2284 0.1920 0.3618 0.2178 
0.3886 0.2441 0.3253 0.0420 
0.0152 0.0175 0.0378 0.9294 
0.0231 0.0254 0.8971 0.0545 
0.9280 0.0060 0.0314 0.0346 
0.0346 0.4592 0.4785 0.0277 
0.0254 0.0300 0.0120 0.9326 
0.0595 0.8897 0.0309 0.0198 
0.9705 0.0028 0.0175 0.0092 
0.0369 0.3189 0.2755 0.3687 
0.2012 0.3539 0.2192 0.2257 
0.2746 0.2220 0.2552 0.2483 

MOTIF filter4 
letter-probability matrix: alength= 4 w= 17 nsites= 17 
0.3957 0.4038 0.0732 0.1274 
0.0000 0.9986 0.0014 0.0000 
0.0000 0.9932 0.0027 0.0041 
0.8537 0.0000 0.0027 0.1436 
0.0068 0.0000 0.0000 0.9932 
1.0000 0.0000 0.0000 0.0000 
0.0000 0.0000 0.0014 0.9986 
0.9905 0.0000 0.0000 0.0095 
0.1518 0.0014 0.0000 0.8469 
0.0000 0.0014 0.9986 0.0000 
0.0000 0.0000 1.0000 0.0000 
0.0827 0.0515 0.4268 0.4390 
0.2182 0.6775 0.0799 0.0244 
0.7818 0.0068 0.0434 0.1680 
0.2547 0.2791 0.2317 0.2344 
0.2263 0.2656 0.2561 0.2520 
0.2656 0.2276 0.2886 0.2182 

MOTIF filter5 
letter-probability matrix: alength= 4 w= 17 nsites= 17 
0.2297 0.2907 0.2762 0.2035 
0.2703 0.2674 0.2006 0.2616 
0.1570 0.6686 0.1105 0.0640 
1.0000 0.0000 0.0000 0.0000 
0.9855 0.0000 0.0145 0.0000 
0.4244 0.0814 0.4738 0.0203 
1.0000 0.0000 0.0000 0.0000 
0.0000 0.0000 0.0000 1.0000 
0.0000 0.0000 1.0000 0.0000 
0.0000 0.0000 1.0000 0.0000 
0.0494 0.8779 0.0000 0.0727 
0.1076 0.2064 0.4186 0.2674 
0.0727 0.0814 0.7733 0.0727 
0.1424 0.7645 0.0174 0.0756 
0.2645 0.2267 0.2151 0.2936 
0.2297 0.2442 0.2965 0.2297 
0.2500 0.2384 0.2820 0.2297 

MOTIF filter6 
letter-probability matrix: alength= 4 w= 11 nsites= 11 
0.2498 0.2857 0.2148 0.2498 
0.2706 0.2488 0.2668 0.2138 
0.1495 0.2327 0.1599 0.4579 
0.0000 0.0000 0.0000 1.0000 
0.0000 0.0000 0.0019 0.9981 
0.0738 0.9262 0.0000 0.0000 
0.0009 0.7881 0.0000 0.2110 
0.2526 0.2252 0.2394 0.2829 
0.2488 0.0000 0.7512 0.0000 
0.0000 0.0000 0.9092 0.0908 
0.9991 0.0009 0.0000 0.0000 

MOTIF filter7 
letter-probability matrix: alength= 4 w= 13 nsites= 13 
0.2861 0.1615 0.3031 0.2493 
0.6062 0.0538 0.1218 0.2181 
0.1700 0.3116 0.4901 0.0283 
0.0000 0.0000 0.0000 1.0000 
0.0085 0.9915 0.0000 0.0000 
1.0000 0.0000 0.0000 0.0000 
0.0000 0.0000 0.9688 0.0312 
0.0000 1.0000 0.0000 0.0000 
0.9943 0.0000 0.0000 0.0057 
0.4363 0.1700 0.1275 0.2663 
0.4249 0.0397 0.0000 0.5354 
0.3881 0.0737 0.0000 0.5382 
0.3059 0.1190 0.0170 0.5581 

MOTIF filter8 
letter-probability matrix: alength= 4 w= 14 nsites= 14 
0.2617 0.2755 0.2259 0.2369 
0.2479 0.2342 0.2534 0.2645 
0.0083 0.8237 0.0799 0.0882 
0.0000 0.1791 0.0000 0.8209 
0.0000 0.2452 0.7328 0.0220 
1.0000 0.0000 0.0000 0.0000 
0.0000 0.0000 0.0000 1.0000 
0.0000 0.0000 0.0000 1.0000 
0.0000 0.0000 1.0000 0.0000 
0.0000 0.0000 1.0000 0.0000 
0.0386 0.3967 0.0055 0.5592 
0.0110 0.4353 0.1377 0.4160 
0.1901 0.4353 0.3085 0.0661 
0.4683 0.1405 0.3278 0.0634 

MOTIF filter9 
letter-probability matrix: alength= 4 w= 18 nsites= 18 
0.0722 0.1204 0.5907 0.2167 
0.3944 0.3778 0.0861 0.1417 
0.0102 0.9676 0.0204 0.0019 
0.0056 0.9528 0.0222 0.0194 
0.7954 0.0046 0.0148 0.1852 
0.0509 0.0009 0.0093 0.9389 
0.9861 0.0102 0.0037 0.0000 
0.0000 0.0074 0.0056 0.9870 
0.9426 0.0065 0.0019 0.0491 
0.1824 0.0120 0.0148 0.7907 
0.0148 0.0130 0.9537 0.0185 
0.0102 0.0194 0.9630 0.0074 
0.1306 0.0852 0.3731 0.4111 
0.2417 0.6074 0.1065 0.0444 
0.6657 0.0491 0.0833 0.2019 
0.2435 0.2704 0.2389 0.2472 
0.2241 0.2565 0.2713 0.2481 
0.2500 0.2324 0.2657 0.2519 

MOTIF filter10 
letter-probability matrix: alength= 4 w= 18 nsites= 18 
0.2222 0.2882 0.2500 0.2396 
0.2604 0.2188 0.2708 0.2500 
0.2396 0.2917 0.2222 0.2465 
0.5590 0.0104 0.0972 0.3333 
0.6562 0.0243 0.0347 0.2847 
0.4792 0.0035 0.0069 0.5104 
0.2847 0.1562 0.1597 0.3993 
0.0104 0.0000 0.0000 0.9896 
0.0000 0.0000 1.0000 0.0000 
0.0069 0.9931 0.0000 0.0000 
0.0000 0.0000 0.0000 1.0000 
0.0000 0.0000 0.9931 0.0069 
1.0000 0.0000 0.0000 0.0000 
0.0208 0.5382 0.3160 0.1250 
0.1979 0.0972 0.0486 0.6562 
0.1875 0.3681 0.1007 0.3438 
0.4688 0.0486 0.2118 0.2708 
0.1806 0.0243 0.5347 0.2604 

MOTIF filter11 
letter-probability matrix: alength= 4 w= 11 nsites= 11 
0.2542 0.2588 0.2494 0.2375 
0.3660 0.2155 0.2545 0.1640 
0.2373 0.3054 0.2903 0.1670 
0.0541 0.8823 0.0393 0.0242 
0.8680 0.0232 0.0652 0.0436 
0.0331 0.8696 0.0189 0.0784 
0.0808 0.0269 0.8653 0.0269 
0.0533 0.0606 0.0011 0.8850 
0.0334 0.0113 0.8987 0.0566 
0.1807 0.2860 0.2906 0.2427 
0.1934 0.2691 0.1861 0.3515 

MOTIF filter12 
letter-probability matrix: alength= 4 w= 12 nsites= 12 
0.2246 0.2725 0.2654 0.2376 
0.1158 0.5136 0.2843 0.0863 
0.3097 0.1684 0.4379 0.0839 
0.0012 0.8611 0.1259 0.0118 
0.8564 0.0000 0.0006 0.1430 
0.1779 0.6300 0.0000 0.1921 
0.0644 0.0443 0.8676 0.0236 
0.0006 0.0745 0.0000 0.9249 
0.0106 0.0000 0.9823 0.0071 
0.0857 0.2837 0.3907 0.2400 
0.1767 0.3546 0.1336 0.3351 
0.2790 0.2571 0.2400 0.2240 

MOTIF filter13 
letter-probability matrix: alength= 4 w= 13 nsites= 13 
0.0836 0.4381 0.2140 0.2642 
0.1204 0.5987 0.1271 0.1538 
0.7224 0.0000 0.2542 0.0234 
0.0000 0.9799 0.0033 0.0167 
0.0000 0.0000 0.0000 1.0000 
0.0000 0.0000 0.0000 1.0000 
0.0000 1.0000 0.0000 0.0000 
0.0000 1.0000 0.0000 0.0000 
0.0000 0.0000 0.9866 0.0134 
0.0000 0.0635 0.9331 0.0033 
0.2642 0.2107 0.2074 0.3177 
0.1940 0.2609 0.2843 0.2609 
0.2776 0.2140 0.2475 0.2609 

MOTIF filter14 
letter-probability matrix: alength= 4 w= 11 nsites= 11 
0.2443 0.2526 0.2443 0.2589 
0.2570 0.2608 0.2379 0.2443 
0.2551 0.2270 0.2398 0.2781 
0.6314 0.0000 0.0000 0.3686 
0.0000 0.0000 0.0000 1.0000 
0.0000 0.0147 0.0000 0.9853 
0.9490 0.0000 0.0510 0.0000 
1.0000 0.0000 0.0000 0.0000 
0.3795 0.0000 0.0000 0.6205 
0.2602 0.2404 0.2417 0.2577 
0.2372 0.2564 0.2634 0.2430 

MOTIF filter15 
letter-probability matrix: alength= 4 w= 18 nsites= 18 
0.3197 0.2254 0.1885 0.2664 
0.2377 0.3074 0.2377 0.2172 
0.2336 0.2746 0.2623 0.2295 
0.1352 0.0041 0.7172 0.1434 
0.0574 0.8074 0.0902 0.0451 
0.2828 0.3689 0.2336 0.1148 
0.0492 0.0000 0.8975 0.0533 
0.0000 1.0000 0.0000 0.0000 
0.0000 1.0000 0.0000 0.0000 
1.0000 0.0000 0.0000 0.0000 
0.0000 0.0000 0.0000 1.0000 
0.0082 0.4836 0.1598 0.3484 
0.0000 0.0000 0.0000 1.0000 
0.0000 0.0041 0.0000 0.9959 
0.0574 0.0533 0.7910 0.0984 
0.2746 0.2336 0.2377 0.2541 
0.2213 0.3033 0.2582 0.2172 
0.2336 0.2951 0.2459 0.2254 

MOTIF filter16 
letter-probability matrix: alength= 4 w= 15 nsites= 15 
0.2340 0.2528 0.2491 0.2642 
0.2415 0.2340 0.2943 0.2302 
0.2226 0.2377 0.2792 0.2604 
0.0000 0.9321 0.0679 0.0000 
0.0189 0.9811 0.0000 0.0000 
0.0000 0.0000 1.0000 0.0000 
0.0000 0.0000 1.0000 0.0000 
1.0000 0.0000 0.0000 0.0000 
1.0000 0.0000 0.0000 0.0000 
0.0151 0.0000 0.9849 0.0000 
0.0113 0.3094 0.0113 0.6679 
0.1962 0.0642 0.7170 0.0226 
0.2377 0.2340 0.4906 0.0377 
0.2264 0.4151 0.2151 0.1434 
0.1849 0.3094 0.2566 0.2491 

MOTIF filter17 
letter-probability matrix: alength= 4 w= 15 nsites= 15 
0.2090 0.2597 0.2597 0.2716 
0.1522 0.1612 0.4000 0.2866 
0.0060 0.4985 0.2299 0.2657 
0.0597 0.6567 0.1313 0.1522 
0.7164 0.0179 0.2418 0.0239 
0.0000 0.9522 0.0060 0.0418 
0.0000 0.0000 0.0000 1.0000 
0.0000 0.0000 0.0000 1.0000 
0.0000 1.0000 0.0000 0.0000 
0.0000 1.0000 0.0000 0.0000 
0.0000 0.0000 0.9821 0.0179 
0.0000 0.1701 0.8179 0.0119 
0.2806 0.1910 0.2567 0.2716 
0.2836 0.2030 0.2299 0.2836 
0.2269 0.2299 0.2269 0.3164 

MOTIF filter18 
letter-probability matrix: alength= 4 w= 18 nsites= 18 
0.2194 0.2250 0.2714 0.2841 
0.2110 0.2897 0.2686 0.2307 
0.2743 0.2560 0.2194 0.2504 
0.1238 0.0549 0.0141 0.8073 
0.0155 0.0436 0.7370 0.2039 
0.4177 0.4037 0.0774 0.1013 
0.0014 0.9972 0.0000 0.0014 
0.0000 0.9958 0.0000 0.0042 
0.8298 0.0000 0.0056 0.1646 
0.0155 0.0000 0.0000 0.9845 
0.9986 0.0014 0.0000 0.0000 
0.0000 0.0014 0.0014 0.9972 
0.9944 0.0000 0.0000 0.0056 
0.1238 0.0028 0.0000 0.8734 
0.0028 0.0098 0.9873 0.0000 
0.0000 0.0000 0.9986 0.0014 
0.1083 0.0703 0.3868 0.4346 
0.2138 0.6737 0.0844 0.0281 

MOTIF filter19 
letter-probability matrix: alength= 4 w= 16 nsites= 16 
0.4913 0.2160 0.1429 0.1498 
0.0557 0.3310 0.1254 0.4878 
0.0523 0.3136 0.3624 0.2718 
0.4216 0.0732 0.5017 0.0035 
0.6028 0.0070 0.3484 0.0418 
0.0000 1.0000 0.0000 0.0000 
0.0000 1.0000 0.0000 0.0000 
1.0000 0.0000 0.0000 0.0000 
1.0000 0.0000 0.0000 0.0000 
0.0000 0.0000 0.0000 1.0000 
0.0035 0.8118 0.1847 0.0000 
0.8815 0.0000 0.1185 0.0000 
0.0488 0.0662 0.8815 0.0035 
0.1882 0.2997 0.2404 0.2718 
0.2962 0.2056 0.2753 0.2230 
0.2439 0.2683 0.2160 0.2718 

MOTIF filter20 
letter-probability matrix: alength= 4 w= 14 nsites= 14 
0.1244 0.0789 0.3385 0.4581 
0.0132 0.8995 0.0000 0.0873 
0.0000 0.0000 0.0000 1.0000 
1.0000 0.0000 0.0000 0.0000 
0.2727 0.0000 0.0000 0.7273 
0.4713 0.0000 0.0000 0.5287 
0.5610 0.0000 0.0000 0.4390 
0.7093 0.0000 0.0000 0.2907 
0.0000 0.0000 0.0000 1.0000 
1.0000 0.0000 0.0000 0.0000 
0.0993 0.0000 0.8900 0.0108 
0.4785 0.3541 0.0431 0.1244 
0.3002 0.2261 0.2464 0.2273 
0.2596 0.2667 0.2392 0.2344 

MOTIF filter21 
letter-probability matrix: alength= 4 w= 15 nsites= 15 
0.2741 0.2988 0.2148 0.2123 
0.0667 0.1901 0.4988 0.2444 
0.0000 0.8099 0.0198 0.1704 
0.0000 0.8198 0.0000 0.1802 
0.0000 1.0000 0.0000 0.0000 
0.0000 1.0000 0.0000 0.0000 
0.0889 0.0000 0.6074 0.3037 
0.0000 1.0000 0.0000 0.0000 
0.0000 1.0000 0.0000 0.0000 
0.0000 0.7951 0.0000 0.2049 
0.0716 0.8247 0.0000 0.1037 
0.0420 0.6346 0.0519 0.2716 
0.2642 0.2444 0.2444 0.2469 
0.2815 0.2370 0.2321 0.2494 
0.2321 0.2938 0.2346 0.2395 

MOTIF filter22 
letter-probability matrix: alength= 4 w= 13 nsites= 13 
0.2456 0.2341 0.2653 0.2549 
0.2352 0.1655 0.3902 0.2092 
0.4058 0.2206 0.3694 0.0042 
0.0000 0.0000 0.0000 1.0000 
0.0000 0.0000 0.9990 0.0010 
1.0000 0.0000 0.0000 0.0000 
0.0000 0.5026 0.4974 0.0000 
0.0000 0.0000 0.0000 1.0000 
0.0000 1.0000 0.0000 0.0000 
1.0000 0.0000 0.0000 0.0000 
0.0000 0.3424 0.2497 0.4079 
0.2196 0.3580 0.1863 0.2362 
0.2591 0.2206 0.2758 0.2445 

MOTIF filter23 
letter-probability matrix: alength= 4 w= 15 nsites= 15 
0.2600 0.2574 0.2413 0.2413 
0.2574 0.2642 0.2464 0.2319 
0.1257 0.0773 0.3373 0.4596 
0.0586 0.8029 0.0110 0.1274 
0.0025 0.0195 0.0025 0.9754 
0.9915 0.0000 0.0042 0.0042 
0.2863 0.0059 0.0127 0.6950 
0.4511 0.0093 0.0017 0.5378 
0.5293 0.0017 0.0051 0.4639 
0.6661 0.0085 0.0017 0.3237 
0.0170 0.0008 0.0085 0.9737 
0.9737 0.0042 0.0136 0.0085 
0.1283 0.0085 0.7978 0.0654 
0.4299 0.3526 0.0654 0.1521 
0.2600 0.2328 0.2727 0.2345 

MOTIF filter24 
letter-probability matrix: alength= 4 w= 15 nsites= 15 
0.2570 0.2497 0.2509 0.2424 
0.2461 0.2606 0.2412 0.2521 
0.5079 0.1212 0.3503 0.0206 
0.0000 0.0000 0.0000 1.0000 
0.0000 0.0000 0.0291 0.9709 
0.2933 0.0024 0.6279 0.0764 
0.0061 0.9248 0.0000 0.0691 
0.0824 0.0000 0.9067 0.0109 
0.0424 0.7042 0.0000 0.2533 
0.9624 0.0376 0.0000 0.0000 
1.0000 0.0000 0.0000 0.0000 
0.0097 0.3661 0.1176 0.5067 
0.2630 0.2582 0.2691 0.2097 
0.2400 0.2315 0.2642 0.2642 
0.2679 0.2279 0.2594 0.2448 

MOTIF filter25 
letter-probability matrix: alength= 4 w= 12 nsites= 12 
0.2586 0.2304 0.2334 0.2776 
0.2597 0.2370 0.2644 0.2388 
0.2067 0.2520 0.1770 0.3643 
0.0187 0.0593 0.0285 0.8936 
0.0274 0.0040 0.0699 0.8987 
0.1993 0.7425 0.0260 0.0322 
0.0666 0.6266 0.0135 0.2933 
0.2502 0.2414 0.2641 0.2443 
0.3036 0.0165 0.6240 0.0560 
0.0223 0.0326 0.7626 0.1825 
0.8643 0.0900 0.0106 0.0351 
0.9678 0.0165 0.0150 0.0007 

MOTIF filter26 
letter-probability matrix: alength= 4 w= 16 nsites= 16 
0.2534 0.2262 0.2507 0.2698 
0.2398 0.2398 0.2480 0.2725 
0.2371 0.2343 0.2807 0.2480 
0.2589 0.0490 0.6240 0.0681 
0.1253 0.0000 0.7956 0.0790 
0.1717 0.0000 0.8283 0.0000 
0.0000 0.0000 1.0000 0.0000 
0.0000 0.0000 1.0000 0.0000 
0.3134 0.5613 0.0000 0.1253 
0.0000 0.0000 1.0000 0.0000 
0.0000 0.0000 1.0000 0.0000 
0.1499 0.0000 0.8501 0.0000 
0.1989 0.0218 0.7793 0.0000 
0.1717 0.5777 0.1717 0.0790 
0.2698 0.1962 0.2779 0.2561 
0.2371 0.2997 0.2207 0.2425 

MOTIF filter27 
letter-probability matrix: alength= 4 w= 20 nsites= 20 
0.2734 0.2363 0.2321 0.2582 
0.4698 0.3956 0.1099 0.0247 
0.0165 0.2995 0.3956 0.2885 
0.8022 0.0824 0.0536 0.0618 
0.1992 0.5027 0.1099 0.1882 
0.0206 0.2390 0.0440 0.6964 
0.0934 0.0453 0.1016 0.7596 
0.1085 0.2445 0.6470 0.0000 
0.1525 0.0659 0.0426 0.7390 
0.7775 0.0467 0.1745 0.0014 
0.2527 0.1003 0.2761 0.3709 
0.1071 0.3146 0.2720 0.3063 
0.1223 0.1909 0.3654 0.3214 
0.5659 0.1648 0.1277 0.1415 
0.0755 0.2088 0.6442 0.0714 
0.1827 0.2637 0.3132 0.2404 
0.0975 0.2445 0.2734 0.3846 
0.3049 0.3201 0.3242 0.0508 
0.1140 0.3393 0.5316 0.0151 
0.1429 0.0934 0.1346 0.6291 

MOTIF filter28 
letter-probability matrix: alength= 4 w= 18 nsites= 18 
0.2627 0.2595 0.2405 0.2373 
0.2722 0.3038 0.2373 0.1867 
0.2405 0.2405 0.2373 0.2816 
0.1044 0.0190 0.7025 0.1741 
0.0728 0.7342 0.0981 0.0949 
0.2943 0.3418 0.2627 0.1013 
0.0475 0.0000 0.8734 0.0791 
0.0000 1.0000 0.0000 0.0000 
0.0000 1.0000 0.0000 0.0000 
1.0000 0.0000 0.0000 0.0000 
0.0000 0.0000 0.0000 1.0000 
0.0063 0.4715 0.1139 0.4082 
0.0000 0.0411 0.0032 0.9557 
0.0000 0.0127 0.0000 0.9873 
0.0696 0.0823 0.7405 0.1076 
0.2848 0.2247 0.2627 0.2278 
0.1867 0.2722 0.2595 0.2816 
0.2247 0.2880 0.2405 0.2468 

MOTIF filter29 
letter-probability matrix: alength= 4 w= 19 nsites= 19 
0.2500 0.2765 0.2235 0.2500 
0.4924 0.0038 0.1364 0.3674 
0.6970 0.0000 0.0265 0.2765 
0.4129 0.0000 0.0265 0.5606 
0.2841 0.1402 0.1402 0.4356 
0.0000 0.0000 0.0000 1.0000 
0.0000 0.0000 1.0000 0.0000 
0.0114 0.9886 0.0000 0.0000 
0.0000 0.0000 0.0000 1.0000 
0.0000 0.0000 0.9924 0.0076 
1.0000 0.0000 0.0000 0.0000 
0.0341 0.5189 0.2841 0.1629 
0.2045 0.1174 0.0341 0.6439 
0.1705 0.3750 0.1250 0.3295 
0.5720 0.0530 0.1439 0.2311 
0.1098 0.0417 0.6061 0.2424 
0.2992 0.2689 0.2235 0.2083 
0.2576 0.2083 0.2841 0.2500 
0.2159 0.2462 0.2462 0.2917 

MOTIF filter30 
letter-probability matrix: alength= 4 w= 15 nsites= 15 
0.2795 0.2274 0.2192 0.2740 
0.2767 0.2110 0.2712 0.2411 
0.2219 0.2603 0.2575 0.2603 
0.0000 0.8356 0.1644 0.0000 
0.0274 0.9726 0.0000 0.0000 
0.0000 0.0000 1.0000 0.0000 
0.0000 0.0000 1.0000 0.0000 
1.0000 0.0000 0.0000 0.0000 
1.0000 0.0000 0.0000 0.0000 
0.0575 0.0192 0.9233 0.0000 
0.0274 0.3014 0.0000 0.6712 
0.1699 0.1041 0.6603 0.0658 
0.2877 0.2575 0.4521 0.0027 
0.2219 0.3397 0.2438 0.1945 
0.2192 0.2740 0.2685 0.2384 

MOTIF filter31 
letter-probability matrix: alength= 4 w= 14 nsites= 14 
0.2301 0.2734 0.2580 0.2385 
0.2650 0.2531 0.2490 0.2329 
0.4770 0.1478 0.3417 0.0335 
0.0000 0.0035 0.0007 0.9958 
0.0000 0.0000 0.0907 0.9093 
0.3138 0.0000 0.5753 0.1109 
0.0286 0.8075 0.0286 0.1353 
0.1353 0.0321 0.8117 0.0209 
0.1311 0.6039 0.0007 0.2643 
0.9066 0.0927 0.0007 0.0000 
0.9958 0.0000 0.0042 0.0000 
0.0293 0.3347 0.1576 0.4784 
0.2622 0.2524 0.2713 0.2141 
0.2434 0.2176 0.2594 0.2796 

