MEME version 4

ALPHABET= ACGT

Background letter frequencies:
A 0.2500 C 0.2500 G 0.2500 T 0.2500 

MOTIF filter0 
letter-probability matrix: alength= 4 w= 15 nsites= 15 
0.4140 0.2157 0.1691 0.2012 
0.0758 0.3499 0.1137 0.4606 
0.0671 0.2974 0.3848 0.2507 
0.4257 0.1224 0.4519 0.0000 
0.5714 0.0117 0.3907 0.0262 
0.0000 1.0000 0.0000 0.0000 
0.0000 1.0000 0.0000 0.0000 
1.0000 0.0000 0.0000 0.0000 
1.0000 0.0000 0.0000 0.0000 
0.0000 0.0000 0.0000 1.0000 
0.0379 0.7638 0.1983 0.0000 
0.8571 0.0029 0.1399 0.0000 
0.0641 0.0787 0.8367 0.0204 
0.2420 0.1924 0.2915 0.2741 
0.2653 0.1983 0.2595 0.2770 

MOTIF filter1 
letter-probability matrix: alength= 4 w= 12 nsites= 12 
0.2477 0.2312 0.2672 0.2539 
0.2354 0.1675 0.3895 0.2076 
0.3957 0.2271 0.3628 0.0144 
0.0000 0.0000 0.0000 1.0000 
0.0000 0.0000 1.0000 0.0000 
1.0000 0.0000 0.0000 0.0000 
0.0000 0.5026 0.4974 0.0000 
0.0000 0.0000 0.0000 1.0000 
0.0000 1.0000 0.0000 0.0000 
1.0000 0.0000 0.0000 0.0000 
0.0000 0.3402 0.2539 0.4060 
0.2189 0.3587 0.1840 0.2384 

MOTIF filter2 
letter-probability matrix: alength= 4 w= 14 nsites= 14 
0.1492 0.1961 0.3812 0.2735 
0.0276 0.4669 0.2320 0.2735 
0.0856 0.6354 0.1243 0.1547 
0.6934 0.0166 0.2624 0.0276 
0.0000 0.9503 0.0055 0.0442 
0.0000 0.0000 0.0000 1.0000 
0.0000 0.0000 0.0000 1.0000 
0.0000 1.0000 0.0000 0.0000 
0.0000 1.0000 0.0000 0.0000 
0.0000 0.0000 0.9834 0.0166 
0.0000 0.1381 0.8536 0.0083 
0.2762 0.1961 0.2486 0.2790 
0.2597 0.2403 0.2459 0.2541 
0.2541 0.2238 0.2459 0.2762 

MOTIF filter3 
letter-probability matrix: alength= 4 w= 18 nsites= 18 
0.2130 0.2527 0.2635 0.2708 
0.2310 0.2888 0.2780 0.2022 
0.2599 0.2744 0.2166 0.2491 
0.1372 0.8087 0.0397 0.0144 
1.0000 0.0000 0.0000 0.0000 
0.9783 0.0000 0.0217 0.0000 
0.4224 0.0433 0.5162 0.0181 
1.0000 0.0000 0.0000 0.0000 
0.0000 0.0000 0.0000 1.0000 
0.0000 0.0000 1.0000 0.0000 
0.0000 0.0000 1.0000 0.0000 
0.0397 0.8736 0.0000 0.0866 
0.0939 0.2094 0.4477 0.2491 
0.0722 0.0866 0.7798 0.0614 
0.1336 0.7690 0.0217 0.0758 
0.2635 0.2491 0.2058 0.2816 
0.2527 0.2383 0.2888 0.2202 
0.2527 0.2455 0.2852 0.2166 

MOTIF filter4 
letter-probability matrix: alength= 4 w= 15 nsites= 15 
0.1961 0.5588 0.1667 0.0784 
0.9967 0.0000 0.0033 0.0000 
1.0000 0.0000 0.0000 0.0000 
0.4248 0.1046 0.4608 0.0098 
1.0000 0.0000 0.0000 0.0000 
0.0000 0.0000 0.0000 1.0000 
0.0000 0.0000 1.0000 0.0000 
0.0000 0.0000 1.0000 0.0000 
0.0556 0.8856 0.0000 0.0588 
0.1242 0.1797 0.4281 0.2680 
0.0523 0.0654 0.8268 0.0556 
0.1176 0.8007 0.0229 0.0588 
0.2516 0.2059 0.2222 0.3203 
0.2157 0.2418 0.2843 0.2582 
0.2810 0.2288 0.2680 0.2222 

MOTIF filter5 
letter-probability matrix: alength= 4 w= 17 nsites= 17 
0.2595 0.2595 0.2328 0.2481 
0.2863 0.2634 0.2443 0.2061 
0.2366 0.2710 0.2443 0.2481 
0.0954 0.0076 0.7214 0.1756 
0.0725 0.7634 0.0992 0.0649 
0.2863 0.3435 0.2748 0.0954 
0.0191 0.0000 0.9351 0.0458 
0.0000 1.0000 0.0000 0.0000 
0.0000 1.0000 0.0000 0.0000 
1.0000 0.0000 0.0000 0.0000 
0.0000 0.0000 0.0000 1.0000 
0.0038 0.4847 0.1031 0.4084 
0.0000 0.0382 0.0000 0.9618 
0.0000 0.0115 0.0000 0.9885 
0.0763 0.0840 0.7557 0.0840 
0.2672 0.2405 0.2748 0.2176 
0.2099 0.2366 0.2595 0.2939 

MOTIF filter6 
letter-probability matrix: alength= 4 w= 15 nsites= 15 
0.2070 0.2743 0.2380 0.2807 
0.2497 0.2419 0.2652 0.2432 
0.2523 0.2510 0.2471 0.2497 
0.5265 0.1138 0.3596 0.0000 
0.0000 0.0000 0.0000 1.0000 
0.0000 0.0000 0.0259 0.9741 
0.2717 0.0000 0.6585 0.0699 
0.0026 0.9366 0.0000 0.0608 
0.0724 0.0013 0.9250 0.0013 
0.0686 0.6624 0.0000 0.2691 
0.9677 0.0323 0.0000 0.0000 
1.0000 0.0000 0.0000 0.0000 
0.0129 0.3441 0.1384 0.5045 
0.2639 0.2406 0.2743 0.2212 
0.2419 0.2109 0.2600 0.2872 

MOTIF filter7 
letter-probability matrix: alength= 4 w= 15 nsites= 15 
0.2761 0.2935 0.2139 0.2164 
0.0746 0.1915 0.5000 0.2338 
0.0000 0.8085 0.0199 0.1716 
0.0025 0.8259 0.0000 0.1716 
0.0000 1.0000 0.0000 0.0000 
0.0000 1.0000 0.0000 0.0000 
0.0920 0.0000 0.6095 0.2985 
0.0000 1.0000 0.0000 0.0000 
0.0000 1.0000 0.0000 0.0000 
0.0000 0.7910 0.0000 0.2090 
0.0672 0.8333 0.0000 0.0995 
0.0473 0.6393 0.0498 0.2637 
0.2587 0.2537 0.2388 0.2488 
0.2836 0.2438 0.2239 0.2488 
0.2289 0.3010 0.2388 0.2313 

MOTIF filter8 
letter-probability matrix: alength= 4 w= 18 nsites= 18 
0.2835 0.2299 0.2146 0.2720 
0.2222 0.3065 0.2414 0.2299 
0.2452 0.2414 0.2644 0.2490 
0.1111 0.0153 0.7165 0.1571 
0.0613 0.7778 0.0843 0.0766 
0.2797 0.3870 0.2337 0.0996 
0.0345 0.0000 0.8659 0.0996 
0.0000 1.0000 0.0000 0.0000 
0.0000 1.0000 0.0000 0.0000 
1.0000 0.0000 0.0000 0.0000 
0.0000 0.0000 0.0000 1.0000 
0.0077 0.4751 0.1801 0.3372 
0.0000 0.0000 0.0000 1.0000 
0.0000 0.0000 0.0000 1.0000 
0.0613 0.0651 0.7548 0.1188 
0.3103 0.2222 0.1992 0.2682 
0.2107 0.3333 0.2452 0.2107 
0.2222 0.3065 0.2337 0.2375 

MOTIF filter9 
letter-probability matrix: alength= 4 w= 13 nsites= 13 
0.2444 0.2395 0.2308 0.2853 
0.2429 0.2153 0.3317 0.2101 
0.3530 0.2840 0.2992 0.0637 
0.0263 0.0300 0.0350 0.9087 
0.0204 0.0266 0.8475 0.1055 
0.9131 0.0263 0.0306 0.0300 
0.0569 0.4511 0.4452 0.0467 
0.0238 0.0415 0.0235 0.9112 
0.0941 0.8385 0.0387 0.0288 
0.9152 0.0269 0.0334 0.0244 
0.0705 0.3035 0.2942 0.3317 
0.2203 0.3252 0.2299 0.2246 
0.2642 0.2277 0.2556 0.2525 

MOTIF filter10 
letter-probability matrix: alength= 4 w= 14 nsites= 14 
0.2809 0.2511 0.2170 0.2511 
0.2298 0.2553 0.2851 0.2298 
0.2128 0.2255 0.2723 0.2894 
0.0043 0.9277 0.0681 0.0000 
0.0085 0.9915 0.0000 0.0000 
0.0000 0.0000 1.0000 0.0000 
0.0000 0.0000 1.0000 0.0000 
1.0000 0.0000 0.0000 0.0000 
1.0000 0.0000 0.0000 0.0000 
0.0340 0.0000 0.9660 0.0000 
0.0128 0.3021 0.0043 0.6809 
0.1404 0.0255 0.8043 0.0298 
0.2511 0.2085 0.5362 0.0043 
0.1957 0.3957 0.2213 0.1872 

MOTIF filter11 
letter-probability matrix: alength= 4 w= 17 nsites= 17 
0.3946 0.3789 0.0929 0.1336 
0.0021 0.9864 0.0073 0.0042 
0.0010 0.9729 0.0063 0.0198 
0.8152 0.0031 0.0146 0.1670 
0.0292 0.0000 0.0021 0.9687 
0.9937 0.0031 0.0031 0.0000 
0.0000 0.0031 0.0042 0.9927 
0.9781 0.0031 0.0000 0.0188 
0.1701 0.0063 0.0042 0.8194 
0.0125 0.0125 0.9739 0.0010 
0.0000 0.0063 0.9906 0.0031 
0.1180 0.0741 0.3820 0.4259 
0.2265 0.6284 0.1075 0.0376 
0.6931 0.0428 0.0762 0.1879 
0.2390 0.2745 0.2338 0.2526 
0.2328 0.2630 0.2630 0.2411 
0.2463 0.2380 0.2683 0.2474 

MOTIF filter12 
letter-probability matrix: alength= 4 w= 15 nsites= 15 
0.2125 0.2337 0.2762 0.2776 
0.1827 0.3017 0.2776 0.2380 
0.2691 0.2550 0.2224 0.2535 
0.1161 0.0538 0.0113 0.8187 
0.0212 0.0567 0.7380 0.1841 
0.4193 0.3980 0.0807 0.1020 
0.0000 1.0000 0.0000 0.0000 
0.0000 1.0000 0.0000 0.0000 
0.8456 0.0000 0.0028 0.1516 
0.0127 0.0000 0.0000 0.9873 
1.0000 0.0000 0.0000 0.0000 
0.0000 0.0000 0.0014 0.9986 
0.9887 0.0000 0.0000 0.0113 
0.1232 0.0042 0.0000 0.8725 
0.0014 0.0071 0.9915 0.0000 

MOTIF filter13 
letter-probability matrix: alength= 4 w= 16 nsites= 16 
0.4607 0.2357 0.1464 0.1571 
0.0500 0.3786 0.1250 0.4464 
0.0464 0.3536 0.3964 0.2036 
0.4393 0.0679 0.4929 0.0000 
0.6107 0.0000 0.3429 0.0464 
0.0000 1.0000 0.0000 0.0000 
0.0000 1.0000 0.0000 0.0000 
1.0000 0.0000 0.0000 0.0000 
1.0000 0.0000 0.0000 0.0000 
0.0000 0.0000 0.0000 1.0000 
0.0071 0.7571 0.2357 0.0000 
0.8893 0.0000 0.1107 0.0000 
0.0679 0.0357 0.8893 0.0071 
0.1607 0.3536 0.2500 0.2357 
0.3071 0.1786 0.2714 0.2429 
0.1821 0.2964 0.2321 0.2893 

MOTIF filter14 
letter-probability matrix: alength= 4 w= 15 nsites= 15 
0.0918 0.3443 0.0885 0.4754 
0.1115 0.3869 0.2754 0.2262 
0.3180 0.1607 0.4852 0.0361 
0.4033 0.0689 0.4918 0.0361 
0.0000 1.0000 0.0000 0.0000 
0.0000 0.8295 0.0000 0.1705 
0.7508 0.0230 0.2230 0.0033 
1.0000 0.0000 0.0000 0.0000 
0.0000 0.0000 0.0000 1.0000 
0.0164 0.6066 0.0459 0.3311 
0.4754 0.0000 0.5246 0.0000 
0.0033 0.0164 0.9803 0.0000 
0.1180 0.2787 0.1246 0.4787 
0.1541 0.2459 0.2754 0.3246 
0.2361 0.3607 0.2459 0.1574 

MOTIF filter15 
letter-probability matrix: alength= 4 w= 15 nsites= 15 
0.4201 0.0680 0.1686 0.3432 
0.6657 0.0118 0.0325 0.2899 
0.4379 0.0000 0.0237 0.5385 
0.2840 0.1509 0.1657 0.3994 
0.0059 0.0000 0.0000 0.9941 
0.0000 0.0000 1.0000 0.0000 
0.0207 0.9793 0.0000 0.0000 
0.0000 0.0000 0.0000 1.0000 
0.0000 0.0000 0.9941 0.0059 
1.0000 0.0000 0.0000 0.0000 
0.0325 0.5148 0.2899 0.1627 
0.2041 0.1272 0.0325 0.6361 
0.1982 0.3669 0.1213 0.3136 
0.4882 0.0503 0.2012 0.2604 
0.1716 0.0355 0.5178 0.2751 

MOTIF filter16 
letter-probability matrix: alength= 4 w= 12 nsites= 12 
0.2424 0.2729 0.2277 0.2570 
0.2472 0.2619 0.2668 0.2240 
0.2644 0.2595 0.2338 0.2424 
0.0135 0.0000 0.0000 0.9865 
0.0000 0.0000 0.0000 1.0000 
0.0000 0.0000 0.0000 1.0000 
0.5520 0.0000 0.4480 0.0000 
1.0000 0.0000 0.0000 0.0000 
0.0000 0.0000 0.0000 1.0000 
0.2252 0.2656 0.2521 0.2570 
0.2558 0.2497 0.2521 0.2424 
0.2411 0.2411 0.2668 0.2509 

MOTIF filter17 
letter-probability matrix: alength= 4 w= 16 nsites= 16 
0.2613 0.2474 0.2369 0.2544 
0.2160 0.2474 0.2613 0.2753 
0.2230 0.2369 0.2927 0.2474 
0.2439 0.0348 0.6725 0.0488 
0.1254 0.0000 0.8258 0.0488 
0.1533 0.0000 0.8467 0.0000 
0.0000 0.0000 1.0000 0.0000 
0.0000 0.0000 1.0000 0.0000 
0.3101 0.5749 0.0000 0.1150 
0.0000 0.0000 1.0000 0.0000 
0.0000 0.0000 1.0000 0.0000 
0.1150 0.0000 0.8850 0.0000 
0.1498 0.0105 0.8397 0.0000 
0.1742 0.6167 0.1498 0.0592 
0.2787 0.1986 0.2927 0.2300 
0.2300 0.3171 0.2265 0.2265 

MOTIF filter18 
letter-probability matrix: alength= 4 w= 14 nsites= 14 
0.2637 0.2409 0.2439 0.2515 
0.1979 0.2414 0.1864 0.3743 
0.0338 0.0493 0.0338 0.8832 
0.0245 0.0305 0.0784 0.8666 
0.2003 0.7270 0.0302 0.0425 
0.0716 0.6029 0.0098 0.3157 
0.2436 0.2341 0.2618 0.2605 
0.3176 0.0109 0.6105 0.0610 
0.0419 0.0346 0.7352 0.1884 
0.8615 0.0893 0.0229 0.0264 
0.8870 0.0397 0.0520 0.0212 
0.3884 0.1864 0.2292 0.1960 
0.2398 0.2493 0.2441 0.2667 
0.2477 0.2466 0.2621 0.2436 

MOTIF filter19 
letter-probability matrix: alength= 4 w= 16 nsites= 16 
0.2763 0.3213 0.2042 0.1982 
0.2703 0.2733 0.1922 0.2643 
0.2432 0.2643 0.2312 0.2613 
0.0090 0.8318 0.0601 0.0991 
0.0000 0.1622 0.0030 0.8348 
0.0000 0.2222 0.7598 0.0180 
1.0000 0.0000 0.0000 0.0000 
0.0000 0.0000 0.0000 1.0000 
0.0000 0.0000 0.0000 1.0000 
0.0000 0.0000 1.0000 0.0000 
0.0000 0.0000 1.0000 0.0000 
0.0450 0.3844 0.0030 0.5676 
0.0030 0.4505 0.1381 0.4084 
0.1832 0.4565 0.3183 0.0420 
0.4925 0.1201 0.3243 0.0631 
0.1471 0.1712 0.2402 0.4414 

MOTIF filter20 
letter-probability matrix: alength= 4 w= 14 nsites= 14 
0.2587 0.2273 0.2483 0.2657 
0.0000 0.8601 0.0734 0.0664 
0.0000 0.1503 0.0035 0.8462 
0.0000 0.2448 0.7448 0.0105 
1.0000 0.0000 0.0000 0.0000 
0.0000 0.0000 0.0000 1.0000 
0.0000 0.0000 0.0000 1.0000 
0.0000 0.0000 1.0000 0.0000 
0.0000 0.0000 1.0000 0.0000 
0.0385 0.4231 0.0000 0.5385 
0.0035 0.4441 0.1084 0.4441 
0.1678 0.4266 0.3287 0.0769 
0.5035 0.1469 0.3042 0.0455 
0.1643 0.1294 0.2937 0.4126 

MOTIF filter21 
letter-probability matrix: alength= 4 w= 16 nsites= 16 
0.2452 0.2260 0.2716 0.2572 
0.2356 0.2380 0.2596 0.2668 
0.2452 0.2572 0.2644 0.2332 
0.2620 0.0745 0.6034 0.0601 
0.1202 0.0000 0.8125 0.0673 
0.1707 0.0000 0.8293 0.0000 
0.0000 0.0000 1.0000 0.0000 
0.0000 0.0000 1.0000 0.0000 
0.3125 0.5553 0.0000 0.1322 
0.0000 0.0000 1.0000 0.0000 
0.0000 0.0000 1.0000 0.0000 
0.1803 0.0000 0.8125 0.0072 
0.2332 0.0385 0.7284 0.0000 
0.1731 0.5072 0.2091 0.1106 
0.2788 0.2260 0.2668 0.2284 
0.2452 0.2957 0.2188 0.2404 

MOTIF filter22 
letter-probability matrix: alength= 4 w= 14 nsites= 14 
0.1977 0.2488 0.2767 0.2767 
0.2000 0.2581 0.2326 0.3093 
0.5000 0.1326 0.3419 0.0256 
0.0000 0.0000 0.0000 1.0000 
0.0000 0.0000 0.0209 0.9791 
0.3605 0.0000 0.5977 0.0419 
0.0000 0.9814 0.0000 0.0186 
0.0395 0.0000 0.9605 0.0000 
0.0093 0.9186 0.0000 0.0721 
0.9977 0.0023 0.0000 0.0000 
1.0000 0.0000 0.0000 0.0000 
0.0000 0.3814 0.0465 0.5721 
0.2419 0.3070 0.2628 0.1884 
0.2558 0.2233 0.2558 0.2651 

MOTIF filter23 
letter-probability matrix: alength= 4 w= 10 nsites= 10 
0.2580 0.2626 0.2470 0.2323 
0.3834 0.2002 0.2651 0.1513 
0.2412 0.3140 0.2984 0.1464 
0.0477 0.9046 0.0336 0.0141 
0.8930 0.0070 0.0721 0.0278 
0.0214 0.8704 0.0217 0.0865 
0.0874 0.0232 0.8624 0.0269 
0.0553 0.0709 0.0083 0.8655 
0.0205 0.0150 0.9135 0.0511 
0.1657 0.2904 0.2947 0.2492 

MOTIF filter24 
letter-probability matrix: alength= 4 w= 15 nsites= 15 
0.0854 0.0955 0.0704 0.7487 
0.0000 0.0000 0.0352 0.9648 
0.3467 0.0000 0.5226 0.1307 
0.0251 0.9497 0.0000 0.0251 
0.0553 0.0201 0.9246 0.0000 
0.0151 0.8744 0.0000 0.1106 
0.9899 0.0000 0.0101 0.0000 
1.0000 0.0000 0.0000 0.0000 
0.0101 0.3819 0.0352 0.5729 
0.2513 0.2814 0.3015 0.1658 
0.1256 0.3719 0.3668 0.1357 
0.5879 0.0905 0.3015 0.0201 
0.2010 0.2864 0.3367 0.1759 
0.1608 0.2864 0.4523 0.1005 
0.3216 0.1910 0.3015 0.1859 

MOTIF filter25 
letter-probability matrix: alength= 4 w= 16 nsites= 16 
0.2498 0.2590 0.2473 0.2439 
0.2548 0.2649 0.2464 0.2338 
0.1312 0.0824 0.3339 0.4525 
0.0530 0.8108 0.0093 0.1270 
0.0008 0.0227 0.0042 0.9722 
0.9874 0.0042 0.0017 0.0067 
0.2935 0.0025 0.0118 0.6922 
0.4558 0.0067 0.0034 0.5341 
0.5282 0.0025 0.0042 0.4651 
0.6686 0.0084 0.0000 0.3230 
0.0143 0.0034 0.0059 0.9765 
0.9596 0.0050 0.0303 0.0050 
0.1278 0.0084 0.8074 0.0563 
0.4306 0.3558 0.0597 0.1539 
0.2691 0.2321 0.2607 0.2380 
0.2540 0.2826 0.2296 0.2338 

MOTIF filter26 
letter-probability matrix: alength= 4 w= 16 nsites= 16 
0.2618 0.2693 0.2319 0.2369 
0.2369 0.2681 0.2594 0.2357 
0.1160 0.0474 0.3416 0.4950 
0.0162 0.8928 0.0000 0.0910 
0.0000 0.0000 0.0000 1.0000 
1.0000 0.0000 0.0000 0.0000 
0.2693 0.0000 0.0012 0.7294 
0.4651 0.0000 0.0000 0.5349 
0.5636 0.0000 0.0000 0.4364 
0.7082 0.0000 0.0000 0.2918 
0.0000 0.0000 0.0000 1.0000 
1.0000 0.0000 0.0000 0.0000 
0.0723 0.0000 0.9190 0.0087 
0.4676 0.3641 0.0461 0.1222 
0.2793 0.2307 0.2643 0.2257 
0.2569 0.2643 0.2332 0.2456 

MOTIF filter27 
letter-probability matrix: alength= 4 w= 15 nsites= 15 
0.2514 0.2104 0.2486 0.2896 
0.2568 0.1940 0.2978 0.2514 
0.2131 0.2951 0.2514 0.2404 
0.0082 0.8361 0.1557 0.0000 
0.0328 0.9672 0.0000 0.0000 
0.0000 0.0000 1.0000 0.0000 
0.0000 0.0000 1.0000 0.0000 
1.0000 0.0000 0.0000 0.0000 
1.0000 0.0000 0.0000 0.0000 
0.0273 0.0109 0.9617 0.0000 
0.0301 0.2787 0.0109 0.6803 
0.1776 0.1311 0.6421 0.0492 
0.2705 0.2678 0.4290 0.0328 
0.2295 0.3525 0.2514 0.1667 
0.2131 0.2923 0.2459 0.2486 

MOTIF filter28 
letter-probability matrix: alength= 4 w= 19 nsites= 19 
0.1652 0.0790 0.0462 0.7096 
0.0219 0.0814 0.6841 0.2126 
0.4241 0.4070 0.0547 0.1142 
0.0012 0.9964 0.0024 0.0000 
0.0000 0.9915 0.0024 0.0061 
0.8360 0.0000 0.0049 0.1592 
0.0182 0.0000 0.0024 0.9793 
0.9976 0.0024 0.0000 0.0000 
0.0000 0.0024 0.0012 0.9964 
0.9842 0.0012 0.0000 0.0146 
0.1580 0.0049 0.0000 0.8372 
0.0000 0.0061 0.9939 0.0000 
0.0000 0.0000 1.0000 0.0000 
0.0899 0.0717 0.4022 0.4362 
0.2126 0.6683 0.0875 0.0316 
0.7424 0.0243 0.0583 0.1750 
0.2454 0.2673 0.2357 0.2515 
0.2163 0.2625 0.2649 0.2564 
0.2418 0.2309 0.2795 0.2479 

MOTIF filter29 
letter-probability matrix: alength= 4 w= 12 nsites= 12 
0.2549 0.2584 0.2487 0.2381 
0.2690 0.2619 0.2097 0.2593 
0.2611 0.2336 0.2168 0.2885 
1.0000 0.0000 0.0000 0.0000 
0.0000 0.0000 0.0000 1.0000 
0.0000 0.2168 0.0000 0.7832 
1.0000 0.0000 0.0000 0.0000 
1.0000 0.0000 0.0000 0.0000 
0.5876 0.0000 0.0000 0.4124 
0.2841 0.2274 0.2451 0.2434 
0.2301 0.2487 0.2717 0.2496 
0.2451 0.2593 0.2310 0.2646 

MOTIF filter30 
letter-probability matrix: alength= 4 w= 16 nsites= 16 
0.2282 0.2650 0.2360 0.2708 
0.2959 0.2418 0.2282 0.2340 
0.2321 0.2708 0.2573 0.2398 
0.5687 0.0580 0.3733 0.0000 
0.0000 0.0000 0.0000 1.0000 
0.0000 0.0000 0.0019 0.9981 
0.1741 0.0000 0.7795 0.0464 
0.0000 0.9458 0.0000 0.0542 
0.0290 0.0000 0.9710 0.0000 
0.0638 0.6344 0.0000 0.3017 
0.9884 0.0116 0.0000 0.0000 
1.0000 0.0000 0.0000 0.0000 
0.0077 0.2940 0.1296 0.5687 
0.3153 0.2379 0.2805 0.1663 
0.2340 0.2012 0.2398 0.3250 
0.2224 0.2515 0.2708 0.2553 

MOTIF filter31 
letter-probability matrix: alength= 4 w= 16 nsites= 16 
0.2853 0.1582 0.3164 0.2401 
0.6130 0.0593 0.1158 0.2119 
0.1808 0.3079 0.4774 0.0339 
0.0000 0.0000 0.0000 1.0000 
0.0141 0.9859 0.0000 0.0000 
1.0000 0.0000 0.0000 0.0000 
0.0000 0.0000 0.9746 0.0254 
0.0000 1.0000 0.0000 0.0000 
0.9944 0.0000 0.0000 0.0056 
0.4350 0.1751 0.1271 0.2627 
0.4237 0.0537 0.0028 0.5198 
0.3955 0.0706 0.0028 0.5311 
0.3023 0.1215 0.0198 0.5565 
0.2825 0.2175 0.2486 0.2514 
0.2797 0.2740 0.2147 0.2316 
0.2062 0.3051 0.2345 0.2542 

