MEME version 4

ALPHABET= ACGT

Background letter frequencies:
A 0.2500 C 0.2500 G 0.2500 T 0.2500 

MOTIF filter0 
letter-probability matrix: alength= 4 w= 16 nsites= 16 
0.4806 0.2090 0.1313 0.1791 
0.0657 0.3642 0.1134 0.4567 
0.0627 0.3284 0.3642 0.2448 
0.4239 0.0955 0.4806 0.0000 
0.5851 0.0030 0.3701 0.0418 
0.0000 1.0000 0.0000 0.0000 
0.0000 1.0000 0.0000 0.0000 
1.0000 0.0000 0.0000 0.0000 
1.0000 0.0000 0.0000 0.0000 
0.0000 0.0000 0.0000 1.0000 
0.0149 0.7881 0.1970 0.0000 
0.8597 0.0030 0.1373 0.0000 
0.0597 0.0597 0.8806 0.0000 
0.1970 0.2896 0.2567 0.2567 
0.2836 0.1910 0.2716 0.2537 
0.2269 0.2925 0.2060 0.2746 

MOTIF filter1 
letter-probability matrix: alength= 4 w= 18 nsites= 18 
0.2900 0.2600 0.2100 0.2400 
0.2500 0.2700 0.2800 0.2000 
0.1950 0.2850 0.2500 0.2700 
0.0850 0.0000 0.8250 0.0900 
0.0600 0.8100 0.1050 0.0250 
0.2550 0.3800 0.2900 0.0750 
0.0500 0.0000 0.9050 0.0450 
0.0000 1.0000 0.0000 0.0000 
0.0000 1.0000 0.0000 0.0000 
1.0000 0.0000 0.0000 0.0000 
0.0000 0.0000 0.0000 1.0000 
0.0050 0.5050 0.1150 0.3750 
0.0000 0.0200 0.0000 0.9800 
0.0000 0.0150 0.0000 0.9850 
0.0300 0.0900 0.8200 0.0600 
0.2600 0.2100 0.2850 0.2450 
0.1950 0.2650 0.2600 0.2800 
0.2350 0.2850 0.2400 0.2400 

MOTIF filter2 
letter-probability matrix: alength= 4 w= 14 nsites= 14 
0.1473 0.1506 0.1631 0.5391 
0.0799 0.1082 0.4884 0.3236 
0.3494 0.3844 0.2280 0.0383 
0.2255 0.7213 0.0433 0.0100 
0.0000 0.8985 0.1007 0.0008 
0.6689 0.0008 0.0158 0.3145 
0.0008 0.1356 0.0624 0.8012 
0.9368 0.0383 0.0191 0.0058 
0.0025 0.0183 0.0000 0.9792 
0.8319 0.0890 0.0000 0.0790 
0.1997 0.0874 0.0000 0.7130 
0.0125 0.0907 0.8494 0.0474 
0.0366 0.0275 0.9351 0.0008 
0.1348 0.0715 0.3552 0.4384 

MOTIF filter3 
letter-probability matrix: alength= 4 w= 19 nsites= 19 
0.1048 0.0857 0.3429 0.4667 
0.0000 1.0000 0.0000 0.0000 
0.0000 0.0000 0.0381 0.9619 
0.9619 0.0095 0.0286 0.0000 
0.0571 0.0476 0.0952 0.8000 
0.4381 0.0286 0.0190 0.5143 
0.6000 0.0381 0.0000 0.3619 
0.5905 0.0000 0.0762 0.3333 
0.0000 0.1238 0.0381 0.8381 
0.9810 0.0190 0.0000 0.0000 
0.0190 0.0000 0.9429 0.0381 
0.4000 0.3524 0.0571 0.1905 
0.0381 0.4381 0.0286 0.4952 
0.2476 0.5333 0.0571 0.1619 
0.4857 0.1048 0.2381 0.1714 
0.5524 0.3810 0.0286 0.0381 
0.0762 0.1429 0.3619 0.4190 
0.2095 0.3524 0.1905 0.2476 
0.3905 0.0857 0.3143 0.2095 

MOTIF filter4 
letter-probability matrix: alength= 4 w= 12 nsites= 12 
0.2369 0.2587 0.2313 0.2732 
0.2458 0.2917 0.2458 0.2168 
0.2603 0.2297 0.2506 0.2595 
0.4263 0.0000 0.0000 0.5737 
0.0000 0.0000 0.0000 1.0000 
0.0000 0.0000 0.0000 1.0000 
0.7027 0.0000 0.2973 0.0000 
1.0000 0.0000 0.0000 0.0000 
0.0008 0.0000 0.0000 0.9992 
0.2458 0.2522 0.2514 0.2506 
0.2369 0.2514 0.2740 0.2377 
0.2442 0.2409 0.2659 0.2490 

MOTIF filter5 
letter-probability matrix: alength= 4 w= 16 nsites= 16 
0.2928 0.2376 0.2707 0.1989 
0.2569 0.2845 0.2155 0.2431 
0.0663 0.1989 0.5110 0.2238 
0.0000 0.8177 0.0221 0.1602 
0.0055 0.8508 0.0000 0.1436 
0.0000 1.0000 0.0000 0.0000 
0.0000 1.0000 0.0000 0.0000 
0.0829 0.0000 0.6050 0.3122 
0.0000 1.0000 0.0000 0.0000 
0.0000 1.0000 0.0000 0.0000 
0.0000 0.8177 0.0000 0.1823 
0.0691 0.8481 0.0000 0.0829 
0.0580 0.6796 0.0580 0.2044 
0.2652 0.2541 0.2293 0.2514 
0.2680 0.2597 0.2293 0.2431 
0.2182 0.3011 0.2541 0.2265 

MOTIF filter6 
letter-probability matrix: alength= 4 w= 15 nsites= 15 
0.1516 0.0614 0.5848 0.2022 
0.0578 0.7256 0.1227 0.0939 
0.3032 0.3791 0.1949 0.1227 
0.0253 0.0000 0.9025 0.0722 
0.0000 1.0000 0.0000 0.0000 
0.0000 1.0000 0.0000 0.0000 
1.0000 0.0000 0.0000 0.0000 
0.0000 0.0000 0.0000 1.0000 
0.0217 0.4440 0.1588 0.3755 
0.0000 0.0000 0.0000 1.0000 
0.0000 0.0000 0.0000 1.0000 
0.0830 0.0361 0.7798 0.1011 
0.3069 0.2671 0.2094 0.2166 
0.2094 0.2996 0.2563 0.2347 
0.2347 0.3032 0.2274 0.2347 

MOTIF filter7 
letter-probability matrix: alength= 4 w= 15 nsites= 15 
0.2687 0.2806 0.2299 0.2209 
0.2358 0.2478 0.2567 0.2597 
0.0060 0.8179 0.0746 0.1015 
0.0000 0.1552 0.0000 0.8448 
0.0000 0.2418 0.7343 0.0239 
1.0000 0.0000 0.0000 0.0000 
0.0000 0.0000 0.0000 1.0000 
0.0000 0.0000 0.0000 1.0000 
0.0000 0.0000 1.0000 0.0000 
0.0000 0.0000 1.0000 0.0000 
0.0418 0.3940 0.0030 0.5612 
0.0060 0.4418 0.1224 0.4299 
0.1821 0.4418 0.3075 0.0687 
0.4746 0.1463 0.3164 0.0627 
0.1403 0.1463 0.2746 0.4388 

MOTIF filter8 
letter-probability matrix: alength= 4 w= 19 nsites= 19 
0.1622 0.0824 0.0444 0.7110 
0.0228 0.0913 0.6844 0.2015 
0.4106 0.4005 0.0634 0.1255 
0.0000 0.9962 0.0038 0.0000 
0.0000 0.9924 0.0013 0.0063 
0.8568 0.0000 0.0013 0.1420 
0.0177 0.0000 0.0000 0.9823 
0.9987 0.0013 0.0000 0.0000 
0.0000 0.0013 0.0000 0.9987 
0.9899 0.0000 0.0000 0.0101 
0.1584 0.0013 0.0000 0.8403 
0.0000 0.0038 0.9962 0.0000 
0.0000 0.0000 1.0000 0.0000 
0.0938 0.0748 0.4043 0.4271 
0.2193 0.6781 0.0735 0.0292 
0.7465 0.0152 0.0608 0.1774 
0.2446 0.2877 0.2193 0.2484 
0.2193 0.2649 0.2560 0.2598 
0.2471 0.2332 0.2864 0.2332 

MOTIF filter9 
letter-probability matrix: alength= 4 w= 12 nsites= 12 
0.2532 0.2454 0.2555 0.2459 
0.3295 0.2269 0.2526 0.1910 
0.2419 0.2814 0.2683 0.2085 
0.0548 0.8698 0.0402 0.0352 
0.8486 0.0309 0.0734 0.0471 
0.0439 0.7592 0.0394 0.1576 
0.1601 0.0407 0.7674 0.0318 
0.0520 0.0937 0.0362 0.8181 
0.0353 0.0350 0.8700 0.0597 
0.2178 0.2801 0.2663 0.2359 
0.2086 0.2663 0.2042 0.3209 
0.2435 0.2488 0.2472 0.2605 

MOTIF filter10 
letter-probability matrix: alength= 4 w= 16 nsites= 16 
0.2531 0.2704 0.2383 0.2383 
0.2432 0.2765 0.2506 0.2296 
0.1025 0.0519 0.3531 0.4926 
0.0173 0.9074 0.0000 0.0753 
0.0000 0.0000 0.0000 1.0000 
1.0000 0.0000 0.0000 0.0000 
0.2556 0.0000 0.0025 0.7420 
0.4481 0.0012 0.0000 0.5506 
0.5383 0.0000 0.0000 0.4617 
0.6975 0.0000 0.0000 0.3025 
0.0000 0.0000 0.0000 1.0000 
1.0000 0.0000 0.0000 0.0000 
0.0716 0.0000 0.9074 0.0210 
0.4568 0.3704 0.0444 0.1284 
0.2840 0.2136 0.2667 0.2358 
0.2543 0.2654 0.2407 0.2395 

MOTIF filter11 
letter-probability matrix: alength= 4 w= 14 nsites= 14 
0.2534 0.2656 0.2209 0.2602 
0.2642 0.2398 0.2480 0.2480 
0.2466 0.0799 0.4553 0.2182 
0.3875 0.1192 0.4878 0.0054 
0.0000 0.0000 0.0000 1.0000 
0.0000 0.0000 1.0000 0.0000 
1.0000 0.0000 0.0000 0.0000 
0.0027 0.5041 0.4932 0.0000 
0.0000 0.0000 0.0000 1.0000 
0.0068 0.9932 0.0000 0.0000 
1.0000 0.0000 0.0000 0.0000 
0.0000 0.2561 0.2615 0.4824 
0.2304 0.3130 0.2466 0.2100 
0.2087 0.2127 0.3130 0.2656 

MOTIF filter12 
letter-probability matrix: alength= 4 w= 13 nsites= 13 
0.2551 0.2581 0.2558 0.2309 
0.4943 0.1479 0.3291 0.0287 
0.0000 0.0000 0.0008 0.9992 
0.0000 0.0000 0.0898 0.9102 
0.3185 0.0023 0.5766 0.1026 
0.0287 0.8279 0.0136 0.1298 
0.1260 0.0196 0.8332 0.0211 
0.1079 0.6302 0.0008 0.2611 
0.9155 0.0830 0.0008 0.0008 
0.9962 0.0000 0.0030 0.0008 
0.0302 0.3336 0.1592 0.4770 
0.2491 0.2581 0.2717 0.2211 
0.2483 0.2181 0.2642 0.2694 

MOTIF filter13 
letter-probability matrix: alength= 4 w= 15 nsites= 15 
0.2603 0.2363 0.2671 0.2363 
0.2295 0.2740 0.2295 0.2671 
0.5342 0.0000 0.1027 0.3630 
0.6918 0.0000 0.0137 0.2945 
0.4315 0.0000 0.0205 0.5479 
0.2842 0.1404 0.1712 0.4041 
0.0034 0.0000 0.0000 0.9966 
0.0000 0.0000 1.0000 0.0000 
0.0377 0.9623 0.0000 0.0000 
0.0000 0.0000 0.0000 1.0000 
0.0000 0.0000 1.0000 0.0000 
1.0000 0.0000 0.0000 0.0000 
0.0377 0.5137 0.2945 0.1541 
0.1781 0.1712 0.0445 0.6062 
0.1849 0.3630 0.1370 0.3151 

MOTIF filter14 
letter-probability matrix: alength= 4 w= 14 nsites= 14 
0.2362 0.2336 0.2835 0.2467 
0.2467 0.0472 0.6378 0.0682 
0.1234 0.0000 0.7979 0.0787 
0.1759 0.0000 0.8241 0.0000 
0.0000 0.0000 1.0000 0.0000 
0.0000 0.0000 1.0000 0.0000 
0.3071 0.5722 0.0000 0.1207 
0.0000 0.0000 1.0000 0.0000 
0.0000 0.0000 1.0000 0.0000 
0.1654 0.0000 0.8346 0.0000 
0.2047 0.0289 0.7664 0.0000 
0.1785 0.5538 0.1732 0.0945 
0.2730 0.1864 0.2861 0.2546 
0.2572 0.2835 0.2100 0.2493 

MOTIF filter15 
letter-probability matrix: alength= 4 w= 14 nsites= 14 
0.2430 0.2283 0.2697 0.2590 
0.1495 0.2136 0.4005 0.2363 
0.4700 0.2350 0.2951 0.0000 
0.0000 0.0000 0.0000 1.0000 
0.0000 0.0000 0.9960 0.0040 
1.0000 0.0000 0.0000 0.0000 
0.0000 0.4646 0.5354 0.0000 
0.0000 0.0000 0.0000 1.0000 
0.0000 1.0000 0.0000 0.0000 
1.0000 0.0000 0.0000 0.0000 
0.0040 0.4179 0.1362 0.4419 
0.2163 0.4032 0.0895 0.2911 
0.2457 0.2163 0.2870 0.2510 
0.2443 0.2483 0.2590 0.2483 

MOTIF filter16 
letter-probability matrix: alength= 4 w= 14 nsites= 14 
0.2463 0.2338 0.2239 0.2960 
0.2413 0.2189 0.2886 0.2512 
0.2214 0.2811 0.2512 0.2463 
0.0124 0.8408 0.1468 0.0000 
0.0348 0.9652 0.0000 0.0000 
0.0000 0.0000 1.0000 0.0000 
0.0000 0.0000 1.0000 0.0000 
1.0000 0.0000 0.0000 0.0000 
1.0000 0.0000 0.0000 0.0000 
0.0498 0.0124 0.9378 0.0000 
0.0373 0.3060 0.0174 0.6393 
0.1716 0.1144 0.6517 0.0622 
0.2687 0.2512 0.4478 0.0323 
0.2264 0.3483 0.2537 0.1716 

MOTIF filter17 
letter-probability matrix: alength= 4 w= 16 nsites= 16 
0.2719 0.1656 0.3187 0.2438 
0.6156 0.0531 0.1437 0.1875 
0.1875 0.2906 0.4969 0.0250 
0.0000 0.0000 0.0000 1.0000 
0.0188 0.9812 0.0000 0.0000 
1.0000 0.0000 0.0000 0.0000 
0.0000 0.0000 0.9875 0.0125 
0.0000 1.0000 0.0000 0.0000 
1.0000 0.0000 0.0000 0.0000 
0.4406 0.1969 0.1125 0.2500 
0.4156 0.0531 0.0000 0.5312 
0.4219 0.0688 0.0031 0.5063 
0.3250 0.0500 0.0000 0.6250 
0.2719 0.2375 0.2500 0.2406 
0.2781 0.2781 0.2062 0.2375 
0.2250 0.3031 0.2344 0.2375 

MOTIF filter18 
letter-probability matrix: alength= 4 w= 17 nsites= 17 
0.5693 0.0584 0.0912 0.2810 
0.5219 0.0000 0.0036 0.4745 
0.3102 0.1788 0.0985 0.4124 
0.0073 0.0000 0.0000 0.9927 
0.0000 0.0000 1.0000 0.0000 
0.0000 1.0000 0.0000 0.0000 
0.0000 0.0000 0.0000 1.0000 
0.0000 0.0000 0.9818 0.0182 
1.0000 0.0000 0.0000 0.0000 
0.0146 0.5292 0.2956 0.1606 
0.2117 0.0620 0.0292 0.6971 
0.1825 0.3869 0.0912 0.3394 
0.4672 0.0620 0.2628 0.2080 
0.1496 0.0146 0.5730 0.2628 
0.2591 0.2409 0.2591 0.2409 
0.2956 0.1642 0.2737 0.2664 
0.1934 0.2555 0.2409 0.3102 

MOTIF filter19 
letter-probability matrix: alength= 4 w= 15 nsites= 15 
0.2693 0.2395 0.2189 0.2723 
0.2746 0.2395 0.2410 0.2449 
0.1724 0.2243 0.1564 0.4470 
0.0046 0.0206 0.0038 0.9710 
0.0000 0.0000 0.0359 0.9641 
0.1220 0.8558 0.0069 0.0153 
0.0297 0.7246 0.0038 0.2418 
0.2532 0.2319 0.2510 0.2639 
0.2426 0.0000 0.7277 0.0297 
0.0053 0.0092 0.8787 0.1068 
0.9611 0.0381 0.0008 0.0000 
0.9939 0.0015 0.0046 0.0000 
0.4691 0.1472 0.2235 0.1602 
0.2304 0.2639 0.2418 0.2639 
0.2647 0.2273 0.2578 0.2502 

MOTIF filter20 
letter-probability matrix: alength= 4 w= 20 nsites= 20 
0.2161 0.2786 0.2701 0.2352 
0.2860 0.2436 0.2278 0.2426 
0.1663 0.0784 0.0477 0.7076 
0.0339 0.0996 0.6409 0.2256 
0.4057 0.3835 0.0773 0.1335 
0.0053 0.9873 0.0053 0.0021 
0.0011 0.9809 0.0032 0.0148 
0.8178 0.0053 0.0127 0.1642 
0.0265 0.0021 0.0011 0.9703 
0.9936 0.0042 0.0021 0.0000 
0.0000 0.0021 0.0032 0.9947 
0.9756 0.0032 0.0000 0.0212 
0.1674 0.0064 0.0053 0.8210 
0.0117 0.0169 0.9714 0.0000 
0.0000 0.0021 0.9958 0.0021 
0.1229 0.0742 0.3761 0.4269 
0.2256 0.6377 0.0975 0.0392 
0.6949 0.0424 0.0794 0.1833 
0.2405 0.2744 0.2362 0.2489 
0.2341 0.2553 0.2638 0.2468 

MOTIF filter21 
letter-probability matrix: alength= 4 w= 9 nsites= 9 
0.2503 0.2688 0.2317 0.2491 
0.2851 0.2236 0.2144 0.2769 
0.2677 0.2572 0.2352 0.2399 
1.0000 0.0000 0.0000 0.0000 
0.0000 0.0000 0.0000 1.0000 
0.0000 0.4299 0.0000 0.5701 
1.0000 0.0000 0.0000 0.0000 
1.0000 0.0000 0.0000 0.0000 
0.9455 0.0000 0.0000 0.0545 

MOTIF filter22 
letter-probability matrix: alength= 4 w= 12 nsites= 12 
0.2266 0.1810 0.3735 0.2189 
0.3921 0.2282 0.3473 0.0325 
0.0023 0.0000 0.0008 0.9969 
0.0000 0.0000 0.9358 0.0642 
1.0000 0.0000 0.0000 0.0000 
0.0363 0.4633 0.4617 0.0387 
0.0000 0.0000 0.0000 1.0000 
0.0441 0.9559 0.0000 0.0000 
1.0000 0.0000 0.0000 0.0000 
0.0333 0.3186 0.2606 0.3875 
0.2119 0.3697 0.1980 0.2204 
0.2684 0.2251 0.2575 0.2490 

MOTIF filter23 
letter-probability matrix: alength= 4 w= 16 nsites= 16 
0.2884 0.2571 0.2696 0.1850 
0.2821 0.3229 0.2132 0.1818 
0.0721 0.1850 0.4984 0.2445 
0.0000 0.8589 0.0031 0.1379 
0.0000 0.8621 0.0000 0.1379 
0.0000 1.0000 0.0000 0.0000 
0.0000 1.0000 0.0000 0.0000 
0.1129 0.0000 0.6364 0.2508 
0.0000 1.0000 0.0000 0.0000 
0.0000 1.0000 0.0000 0.0000 
0.0000 0.8307 0.0000 0.1693 
0.0502 0.8840 0.0000 0.0658 
0.0157 0.6270 0.0470 0.3103 
0.2414 0.2508 0.2382 0.2696 
0.2633 0.2288 0.2351 0.2727 
0.2069 0.3072 0.2539 0.2320 

MOTIF filter24 
letter-probability matrix: alength= 4 w= 15 nsites= 15 
0.2382 0.2663 0.2593 0.2362 
0.1211 0.0761 0.3363 0.4665 
0.0480 0.8338 0.0020 0.1161 
0.0000 0.0120 0.0000 0.9880 
1.0000 0.0000 0.0000 0.0000 
0.2833 0.0000 0.0050 0.7117 
0.4565 0.0010 0.0000 0.5425 
0.5536 0.0000 0.0010 0.4454 
0.6837 0.0030 0.0000 0.3133 
0.0000 0.0010 0.0000 0.9990 
0.9900 0.0000 0.0100 0.0000 
0.1201 0.0030 0.8308 0.0460 
0.4484 0.3534 0.0541 0.1441 
0.2863 0.2282 0.2543 0.2312 
0.2442 0.2833 0.2312 0.2412 

MOTIF filter25 
letter-probability matrix: alength= 4 w= 16 nsites= 16 
0.4956 0.1858 0.2788 0.0398 
0.3982 0.2257 0.0619 0.3142 
0.4248 0.2345 0.1637 0.1770 
0.0619 0.2345 0.0929 0.6106 
0.0708 0.3407 0.3717 0.2168 
0.5265 0.1062 0.3496 0.0177 
0.4425 0.0531 0.4425 0.0619 
0.0000 1.0000 0.0000 0.0000 
0.0000 0.7699 0.0044 0.2257 
0.7522 0.0310 0.2168 0.0000 
1.0000 0.0000 0.0000 0.0000 
0.0000 0.0000 0.0000 1.0000 
0.0000 0.6327 0.0487 0.3186 
0.5044 0.0000 0.4956 0.0000 
0.0133 0.0044 0.9690 0.0133 
0.1416 0.2212 0.1327 0.5044 

MOTIF filter26 
letter-probability matrix: alength= 4 w= 16 nsites= 16 
0.2305 0.2454 0.2677 0.2565 
0.2268 0.2751 0.2788 0.2193 
0.2565 0.2565 0.2379 0.2491 
0.1264 0.7732 0.0520 0.0483 
0.9963 0.0000 0.0037 0.0000 
0.9851 0.0000 0.0149 0.0000 
0.4424 0.0706 0.4833 0.0037 
1.0000 0.0000 0.0000 0.0000 
0.0000 0.0000 0.0000 1.0000 
0.0000 0.0000 1.0000 0.0000 
0.0000 0.0000 1.0000 0.0000 
0.0446 0.8773 0.0000 0.0781 
0.0855 0.2230 0.4312 0.2602 
0.0595 0.0818 0.8178 0.0409 
0.1078 0.8104 0.0149 0.0669 
0.2974 0.2156 0.2007 0.2862 

MOTIF filter27 
letter-probability matrix: alength= 4 w= 15 nsites= 15 
0.2086 0.2518 0.2590 0.2806 
0.1475 0.1906 0.3885 0.2734 
0.0180 0.4640 0.2734 0.2446 
0.0432 0.7518 0.0935 0.1115 
0.7698 0.0036 0.2122 0.0144 
0.0000 0.9353 0.0072 0.0576 
0.0000 0.0000 0.0000 1.0000 
0.0000 0.0000 0.0000 1.0000 
0.0000 1.0000 0.0000 0.0000 
0.0000 1.0000 0.0000 0.0000 
0.0000 0.0000 0.9784 0.0216 
0.0000 0.1403 0.8597 0.0000 
0.2770 0.1906 0.2914 0.2410 
0.3165 0.2122 0.2158 0.2554 
0.2626 0.1691 0.2590 0.3094 

MOTIF filter28 
letter-probability matrix: alength= 4 w= 16 nsites= 16 
0.2030 0.2288 0.2251 0.3432 
0.2030 0.2841 0.2288 0.2841 
0.1365 0.1919 0.3875 0.2841 
0.0111 0.5535 0.1845 0.2509 
0.0923 0.6089 0.1439 0.1550 
0.7306 0.0037 0.2546 0.0111 
0.0000 0.9815 0.0000 0.0185 
0.0000 0.0000 0.0000 1.0000 
0.0000 0.0000 0.0000 1.0000 
0.0000 1.0000 0.0000 0.0000 
0.0000 1.0000 0.0000 0.0000 
0.0000 0.0000 0.9963 0.0037 
0.0000 0.1181 0.8708 0.0111 
0.2804 0.1771 0.2140 0.3284 
0.2103 0.2546 0.2768 0.2583 
0.2177 0.2435 0.2509 0.2878 

MOTIF filter29 
letter-probability matrix: alength= 4 w= 20 nsites= 20 
0.2132 0.2861 0.2779 0.2228 
0.2765 0.2531 0.2407 0.2297 
0.1210 0.0578 0.0206 0.8006 
0.0234 0.0344 0.7304 0.2118 
0.4099 0.3989 0.0729 0.1183 
0.0000 0.9959 0.0041 0.0000 
0.0000 1.0000 0.0000 0.0000 
0.8253 0.0014 0.0014 0.1719 
0.0165 0.0000 0.0000 0.9835 
0.9986 0.0014 0.0000 0.0000 
0.0000 0.0014 0.0014 0.9972 
0.9917 0.0000 0.0000 0.0083 
0.1348 0.0041 0.0000 0.8611 
0.0028 0.0041 0.9931 0.0000 
0.0028 0.0014 0.9917 0.0041 
0.1004 0.0688 0.3865 0.4443 
0.2228 0.6589 0.0894 0.0289 
0.7538 0.0261 0.0550 0.1651 
0.2352 0.2696 0.2380 0.2572 
0.2118 0.2545 0.2586 0.2751 

MOTIF filter30 
letter-probability matrix: alength= 4 w= 17 nsites= 17 
0.3090 0.2049 0.2153 0.2708 
0.3056 0.2465 0.2326 0.2153 
0.2188 0.3125 0.2049 0.2639 
0.2569 0.6076 0.0069 0.1285 
0.2292 0.1840 0.0694 0.5174 
0.2917 0.1562 0.3125 0.2396 
0.6354 0.0590 0.0903 0.2153 
0.1424 0.3021 0.5208 0.0347 
0.0000 0.0000 0.0000 1.0000 
0.0000 1.0000 0.0000 0.0000 
1.0000 0.0000 0.0000 0.0000 
0.0000 0.0000 0.9896 0.0104 
0.0000 1.0000 0.0000 0.0000 
0.9931 0.0000 0.0000 0.0069 
0.4410 0.1285 0.1493 0.2812 
0.4097 0.0139 0.0069 0.5694 
0.3403 0.0556 0.0139 0.5903 

MOTIF filter31 
letter-probability matrix: alength= 4 w= 15 nsites= 15 
0.2210 0.2434 0.2434 0.2921 
0.2097 0.3109 0.2697 0.2097 
0.2921 0.2022 0.2172 0.2884 
0.1386 0.6854 0.1461 0.0300 
1.0000 0.0000 0.0000 0.0000 
0.9963 0.0000 0.0037 0.0000 
0.4682 0.0599 0.4532 0.0187 
1.0000 0.0000 0.0000 0.0000 
0.0000 0.0000 0.0000 1.0000 
0.0000 0.0000 1.0000 0.0000 
0.0000 0.0000 1.0000 0.0000 
0.0262 0.9251 0.0000 0.0487 
0.1086 0.1610 0.4270 0.3034 
0.0524 0.0637 0.8240 0.0599 
0.0861 0.8502 0.0075 0.0562 

