MEME version 4

ALPHABET= ACGT

Background letter frequencies:
A 0.2500 C 0.2500 G 0.2500 T 0.2500 

MOTIF filter0 
letter-probability matrix: alength= 4 w= 16 nsites= 16 
0.2993 0.2444 0.2643 0.1920 
0.2718 0.3042 0.2195 0.2045 
0.0673 0.1945 0.5037 0.2344 
0.0000 0.7980 0.0249 0.1771 
0.0025 0.8254 0.0000 0.1721 
0.0000 1.0000 0.0000 0.0000 
0.0000 1.0000 0.0000 0.0000 
0.0923 0.0000 0.6010 0.3067 
0.0000 1.0000 0.0000 0.0000 
0.0000 1.0000 0.0000 0.0000 
0.0000 0.8005 0.0000 0.1995 
0.0723 0.8354 0.0000 0.0923 
0.0449 0.6434 0.0499 0.2618 
0.2519 0.2444 0.2569 0.2469 
0.2793 0.2394 0.2344 0.2469 
0.2244 0.2918 0.2444 0.2394 

MOTIF filter1 
letter-probability matrix: alength= 4 w= 12 nsites= 12 
0.2613 0.2160 0.2347 0.2880 
0.2587 0.2240 0.2827 0.2347 
0.2320 0.2987 0.2480 0.2213 
0.0053 0.8560 0.1387 0.0000 
0.0507 0.9493 0.0000 0.0000 
0.0000 0.0000 1.0000 0.0000 
0.0000 0.0000 1.0000 0.0000 
1.0000 0.0000 0.0000 0.0000 
1.0000 0.0000 0.0000 0.0000 
0.0400 0.0080 0.9520 0.0000 
0.0187 0.2880 0.0080 0.6853 
0.1867 0.0907 0.6587 0.0640 

MOTIF filter2 
letter-probability matrix: alength= 4 w= 15 nsites= 15 
0.2504 0.2472 0.2132 0.2892 
0.2714 0.2730 0.2278 0.2278 
0.1115 0.2084 0.1325 0.5477 
0.0000 0.0000 0.0000 1.0000 
0.0000 0.0000 0.0016 0.9984 
0.0323 0.9677 0.0000 0.0000 
0.0032 0.7964 0.0000 0.2003 
0.2617 0.1906 0.3005 0.2472 
0.1163 0.0000 0.8837 0.0000 
0.0000 0.0000 0.9887 0.0113 
1.0000 0.0000 0.0000 0.0000 
1.0000 0.0000 0.0000 0.0000 
0.6171 0.0889 0.1583 0.1357 
0.2116 0.2940 0.2569 0.2375 
0.2682 0.2617 0.2391 0.2310 

MOTIF filter3 
letter-probability matrix: alength= 4 w= 20 nsites= 20 
0.2664 0.2418 0.2582 0.2336 
0.2746 0.2828 0.2172 0.2254 
0.5492 0.0041 0.1107 0.3361 
0.7131 0.0000 0.0082 0.2787 
0.4508 0.0000 0.0000 0.5492 
0.2869 0.1434 0.1148 0.4549 
0.0000 0.0000 0.0000 1.0000 
0.0000 0.0000 1.0000 0.0000 
0.0246 0.9754 0.0000 0.0000 
0.0000 0.0000 0.0000 1.0000 
0.0000 0.0000 0.9836 0.0164 
1.0000 0.0000 0.0000 0.0000 
0.0246 0.5328 0.3033 0.1393 
0.1885 0.1066 0.0369 0.6680 
0.1680 0.3730 0.1270 0.3320 
0.5533 0.0451 0.1680 0.2336 
0.0984 0.0410 0.5779 0.2828 
0.2664 0.2664 0.2295 0.2377 
0.2623 0.2090 0.2705 0.2582 
0.2254 0.2213 0.2418 0.3115 

MOTIF filter4 
letter-probability matrix: alength= 4 w= 15 nsites= 15 
0.2297 0.2409 0.2521 0.2773 
0.2241 0.2885 0.2773 0.2101 
0.2717 0.2465 0.2073 0.2745 
0.1401 0.6779 0.1232 0.0588 
1.0000 0.0000 0.0000 0.0000 
0.9860 0.0000 0.0140 0.0000 
0.4258 0.0728 0.4790 0.0224 
1.0000 0.0000 0.0000 0.0000 
0.0000 0.0000 0.0000 1.0000 
0.0000 0.0000 1.0000 0.0000 
0.0000 0.0000 1.0000 0.0000 
0.0560 0.8599 0.0000 0.0840 
0.1120 0.1961 0.4146 0.2773 
0.0784 0.0840 0.7675 0.0700 
0.1148 0.7787 0.0252 0.0812 

MOTIF filter5 
letter-probability matrix: alength= 4 w= 12 nsites= 12 
0.2478 0.2469 0.2320 0.2733 
0.2355 0.3014 0.2434 0.2197 
0.2610 0.2337 0.2364 0.2689 
0.4236 0.0000 0.0000 0.5764 
0.0000 0.0000 0.0000 1.0000 
0.0000 0.0000 0.0000 1.0000 
0.7645 0.0000 0.2355 0.0000 
1.0000 0.0000 0.0000 0.0000 
0.0000 0.0000 0.0000 1.0000 
0.2715 0.2548 0.2408 0.2329 
0.2364 0.2601 0.2671 0.2364 
0.2478 0.2329 0.2601 0.2592 

MOTIF filter6 
letter-probability matrix: alength= 4 w= 15 nsites= 15 
0.1718 0.3558 0.2270 0.2454 
0.1718 0.4969 0.1534 0.1779 
0.5276 0.1227 0.2454 0.1043 
0.0491 0.7485 0.0920 0.1104 
0.1104 0.0675 0.0920 0.7301 
0.0491 0.0736 0.0859 0.7914 
0.0000 1.0000 0.0000 0.0000 
0.0000 1.0000 0.0000 0.0000 
0.0000 0.0000 1.0000 0.0000 
0.0000 0.0184 0.9816 0.0000 
0.8282 0.0552 0.0552 0.0613 
0.8221 0.0429 0.0552 0.0798 
0.1104 0.1166 0.7055 0.0675 
0.0736 0.2761 0.1043 0.5460 
0.1963 0.0920 0.6258 0.0859 

MOTIF filter7 
letter-probability matrix: alength= 4 w= 15 nsites= 15 
0.2693 0.2722 0.2264 0.2321 
0.2407 0.2407 0.2407 0.2779 
0.0115 0.7794 0.0888 0.1203 
0.0000 0.1461 0.0000 0.8539 
0.0000 0.2493 0.7249 0.0258 
1.0000 0.0000 0.0000 0.0000 
0.0000 0.0000 0.0000 1.0000 
0.0000 0.0000 0.0000 1.0000 
0.0000 0.0000 1.0000 0.0000 
0.0000 0.0000 1.0000 0.0000 
0.0372 0.3983 0.0029 0.5616 
0.0057 0.4355 0.1289 0.4298 
0.1862 0.4355 0.3123 0.0659 
0.4842 0.1433 0.3123 0.0602 
0.1461 0.1576 0.2665 0.4298 

MOTIF filter8 
letter-probability matrix: alength= 4 w= 12 nsites= 12 
0.2529 0.2721 0.2295 0.2455 
0.2615 0.2359 0.2177 0.2850 
0.2839 0.2508 0.2188 0.2465 
1.0000 0.0000 0.0000 0.0000 
0.0000 0.0000 0.0000 1.0000 
0.0000 0.4045 0.0000 0.5955 
1.0000 0.0000 0.0000 0.0000 
1.0000 0.0000 0.0000 0.0000 
0.8858 0.0000 0.0000 0.1142 
0.2508 0.2166 0.2316 0.3010 
0.2551 0.2273 0.2465 0.2711 
0.2156 0.2700 0.2604 0.2540 

MOTIF filter9 
letter-probability matrix: alength= 4 w= 11 nsites= 11 
0.2579 0.2587 0.2501 0.2332 
0.3447 0.2234 0.2605 0.1715 
0.2446 0.2945 0.2925 0.1684 
0.0489 0.8969 0.0419 0.0124 
0.8797 0.0126 0.0613 0.0464 
0.0484 0.8517 0.0250 0.0749 
0.0767 0.0345 0.8497 0.0391 
0.0517 0.0582 0.0131 0.8770 
0.0330 0.0179 0.8959 0.0532 
0.1833 0.2885 0.2872 0.2410 
0.1964 0.2683 0.1919 0.3434 

MOTIF filter10 
letter-probability matrix: alength= 4 w= 13 nsites= 13 
0.2970 0.2143 0.2199 0.2688 
0.2199 0.2387 0.2632 0.2782 
0.1692 0.1523 0.0827 0.5959 
0.0000 0.0000 0.0000 1.0000 
0.0000 0.0000 0.0000 1.0000 
0.0056 0.9944 0.0000 0.0000 
0.0000 0.9530 0.0000 0.0470 
0.1861 0.3102 0.1410 0.3628 
0.2838 0.0000 0.7068 0.0094 
0.0000 0.0000 0.9718 0.0282 
0.9981 0.0019 0.0000 0.0000 
1.0000 0.0000 0.0000 0.0000 
0.5226 0.1278 0.2312 0.1184 

MOTIF filter11 
letter-probability matrix: alength= 4 w= 19 nsites= 19 
0.1610 0.0832 0.0464 0.7094 
0.0123 0.0859 0.6930 0.2087 
0.4079 0.4011 0.0655 0.1255 
0.0000 0.9973 0.0027 0.0000 
0.0000 0.9877 0.0027 0.0095 
0.8540 0.0000 0.0027 0.1432 
0.0177 0.0000 0.0000 0.9823 
1.0000 0.0000 0.0000 0.0000 
0.0000 0.0000 0.0000 1.0000 
0.9918 0.0000 0.0000 0.0082 
0.1514 0.0027 0.0000 0.8458 
0.0000 0.0041 0.9959 0.0000 
0.0000 0.0000 1.0000 0.0000 
0.0873 0.0464 0.4216 0.4447 
0.2251 0.6917 0.0641 0.0191 
0.7722 0.0095 0.0532 0.1651 
0.2578 0.2851 0.2074 0.2497 
0.2196 0.2715 0.2483 0.2606 
0.2538 0.2319 0.2960 0.2183 

MOTIF filter12 
letter-probability matrix: alength= 4 w= 20 nsites= 20 
0.2687 0.2443 0.2443 0.2428 
0.6293 0.0151 0.3355 0.0201 
0.2701 0.1042 0.1638 0.4619 
0.1466 0.0589 0.0647 0.7299 
0.2780 0.2593 0.3125 0.1501 
0.3886 0.1401 0.3125 0.1588 
0.3247 0.1631 0.1257 0.3865 
0.3240 0.1351 0.1631 0.3779 
0.7385 0.0000 0.1882 0.0733 
0.4562 0.1408 0.2392 0.1638 
0.1839 0.0754 0.3958 0.3448 
0.0093 0.1753 0.5761 0.2392 
0.2371 0.4598 0.0050 0.2981 
0.1839 0.4239 0.0151 0.3772 
0.0783 0.3556 0.0682 0.4978 
0.0524 0.2945 0.1401 0.5129 
0.1695 0.0000 0.0654 0.7651 
0.0065 0.7105 0.1114 0.1717 
0.3987 0.0000 0.3973 0.2040 
0.3757 0.1717 0.1897 0.2629 

MOTIF filter13 
letter-probability matrix: alength= 4 w= 16 nsites= 16 
0.2532 0.2625 0.1941 0.2902 
0.2699 0.2643 0.2218 0.2440 
0.2126 0.1996 0.1848 0.4030 
0.0222 0.1386 0.1405 0.6987 
0.0000 0.0018 0.0000 0.9982 
0.0000 0.2847 0.0148 0.7006 
0.0296 0.9704 0.0000 0.0000 
0.0351 0.5379 0.0000 0.4270 
0.4418 0.0000 0.4991 0.0591 
0.0000 0.0000 1.0000 0.0000 
0.3105 0.0055 0.6784 0.0055 
1.0000 0.0000 0.0000 0.0000 
0.9982 0.0018 0.0000 0.0000 
0.4972 0.0776 0.1978 0.2274 
0.2366 0.2643 0.2126 0.2865 
0.2477 0.2477 0.2976 0.2070 

MOTIF filter14 
letter-probability matrix: alength= 4 w= 14 nsites= 14 
0.1459 0.3132 0.2957 0.2451 
0.3405 0.2179 0.3619 0.0798 
0.3988 0.1089 0.3988 0.0934 
0.0000 0.9922 0.0078 0.0000 
0.0000 0.6595 0.0000 0.3405 
0.5642 0.0642 0.3677 0.0039 
1.0000 0.0000 0.0000 0.0000 
0.0000 0.0000 0.0000 1.0000 
0.0019 0.4261 0.0623 0.5097 
0.3794 0.0000 0.6206 0.0000 
0.0039 0.0097 0.9864 0.0000 
0.0953 0.3502 0.1148 0.4397 
0.0973 0.3307 0.2140 0.3580 
0.2004 0.3872 0.2568 0.1556 

MOTIF filter15 
letter-probability matrix: alength= 4 w= 16 nsites= 16 
0.2793 0.5363 0.0447 0.1397 
0.2458 0.1983 0.0670 0.4888 
0.2989 0.1508 0.3184 0.2318 
0.6313 0.0559 0.1117 0.2011 
0.1508 0.3212 0.4832 0.0447 
0.0000 0.0000 0.0000 1.0000 
0.0140 0.9860 0.0000 0.0000 
1.0000 0.0000 0.0000 0.0000 
0.0000 0.0000 0.9609 0.0391 
0.0000 1.0000 0.0000 0.0000 
0.9888 0.0000 0.0000 0.0112 
0.4385 0.1536 0.1564 0.2514 
0.4553 0.0447 0.0140 0.4860 
0.3575 0.0698 0.0056 0.5670 
0.3240 0.1006 0.0279 0.5475 
0.2263 0.2514 0.2374 0.2849 

MOTIF filter16 
letter-probability matrix: alength= 4 w= 14 nsites= 14 
0.2530 0.2482 0.2557 0.2430 
0.2707 0.2557 0.2267 0.2469 
0.4201 0.1825 0.3419 0.0555 
0.0272 0.0163 0.0372 0.9193 
0.0258 0.0227 0.1601 0.7914 
0.3187 0.0206 0.4956 0.1650 
0.0827 0.6631 0.0617 0.1925 
0.2029 0.0612 0.6701 0.0657 
0.1675 0.5296 0.0136 0.2893 
0.7910 0.1610 0.0202 0.0279 
0.9025 0.0428 0.0383 0.0163 
0.0657 0.3203 0.1789 0.4350 
0.2442 0.2625 0.2598 0.2335 
0.2423 0.2351 0.2600 0.2625 

MOTIF filter17 
letter-probability matrix: alength= 4 w= 15 nsites= 15 
0.1492 0.0644 0.5864 0.2000 
0.0712 0.7119 0.1186 0.0983 
0.2983 0.3763 0.2068 0.1186 
0.0271 0.0000 0.8746 0.0983 
0.0000 1.0000 0.0000 0.0000 
0.0000 1.0000 0.0000 0.0000 
1.0000 0.0000 0.0000 0.0000 
0.0000 0.0000 0.0000 1.0000 
0.0203 0.4542 0.1661 0.3593 
0.0000 0.0000 0.0000 1.0000 
0.0000 0.0000 0.0000 1.0000 
0.0678 0.0508 0.7831 0.0983 
0.3119 0.2576 0.2034 0.2271 
0.2000 0.2847 0.2542 0.2610 
0.2407 0.2983 0.2136 0.2475 

MOTIF filter18 
letter-probability matrix: alength= 4 w= 16 nsites= 16 
0.3047 0.2222 0.2115 0.2616 
0.2581 0.2796 0.2437 0.2186 
0.2151 0.2437 0.2867 0.2545 
0.0896 0.0000 0.7885 0.1219 
0.0824 0.7670 0.1075 0.0430 
0.2760 0.3262 0.2903 0.1075 
0.0573 0.0000 0.8674 0.0753 
0.0000 1.0000 0.0000 0.0000 
0.0000 1.0000 0.0000 0.0000 
1.0000 0.0000 0.0000 0.0000 
0.0000 0.0000 0.0000 1.0000 
0.0072 0.4731 0.1398 0.3799 
0.0000 0.0323 0.0036 0.9642 
0.0000 0.0108 0.0000 0.9892 
0.0609 0.0860 0.7455 0.1075 
0.2581 0.2222 0.2867 0.2330 

MOTIF filter19 
letter-probability matrix: alength= 4 w= 15 nsites= 15 
0.2446 0.2353 0.2570 0.2632 
0.2198 0.2446 0.2786 0.2570 
0.2198 0.0433 0.6780 0.0588 
0.1146 0.0000 0.8111 0.0743 
0.1548 0.0000 0.8452 0.0000 
0.0000 0.0000 1.0000 0.0000 
0.0000 0.0000 1.0000 0.0000 
0.3065 0.5913 0.0000 0.1022 
0.0000 0.0000 1.0000 0.0000 
0.0000 0.0000 1.0000 0.0000 
0.1393 0.0000 0.8545 0.0062 
0.1672 0.0248 0.8080 0.0000 
0.1641 0.5820 0.1796 0.0743 
0.2972 0.2012 0.2755 0.2260 
0.2043 0.3437 0.2198 0.2322 

MOTIF filter20 
letter-probability matrix: alength= 4 w= 13 nsites= 13 
0.2433 0.2410 0.2579 0.2579 
0.2249 0.1757 0.3791 0.2203 
0.3914 0.2249 0.3507 0.0330 
0.0000 0.0000 0.0000 1.0000 
0.0000 0.0000 0.9363 0.0637 
1.0000 0.0000 0.0000 0.0000 
0.0307 0.4720 0.4635 0.0338 
0.0000 0.0000 0.0000 1.0000 
0.0645 0.9355 0.0000 0.0000 
1.0000 0.0000 0.0000 0.0000 
0.0307 0.3185 0.2648 0.3860 
0.2080 0.3599 0.2026 0.2295 
0.2617 0.2264 0.2686 0.2433 

MOTIF filter21 
letter-probability matrix: alength= 4 w= 16 nsites= 16 
0.4301 0.2202 0.1580 0.1917 
0.0829 0.3446 0.1114 0.4611 
0.0544 0.3342 0.3756 0.2358 
0.4404 0.1295 0.4301 0.0000 
0.5777 0.0026 0.3679 0.0518 
0.0000 1.0000 0.0000 0.0000 
0.0000 1.0000 0.0000 0.0000 
1.0000 0.0000 0.0000 0.0000 
1.0000 0.0000 0.0000 0.0000 
0.0000 0.0000 0.0000 1.0000 
0.0207 0.7591 0.2202 0.0000 
0.8653 0.0026 0.1321 0.0000 
0.0803 0.0855 0.8238 0.0104 
0.2280 0.2642 0.2409 0.2668 
0.2850 0.2021 0.2617 0.2513 
0.2383 0.2720 0.2254 0.2642 

MOTIF filter22 
letter-probability matrix: alength= 4 w= 15 nsites= 15 
0.2724 0.2012 0.1796 0.3467 
0.0031 0.0000 0.0000 0.9969 
0.0000 0.0000 1.0000 0.0000 
0.0031 0.9969 0.0000 0.0000 
0.0000 0.0000 0.0000 1.0000 
0.0000 0.0000 1.0000 0.0000 
1.0000 0.0000 0.0000 0.0000 
0.0124 0.5418 0.2817 0.1641 
0.1858 0.1053 0.0526 0.6563 
0.1981 0.3777 0.0898 0.3344 
0.4985 0.0310 0.2291 0.2415 
0.2167 0.0062 0.5573 0.2198 
0.2477 0.2724 0.2848 0.1950 
0.3344 0.1734 0.2477 0.2446 
0.1858 0.2910 0.2229 0.3003 

MOTIF filter23 
letter-probability matrix: alength= 4 w= 16 nsites= 16 
0.2532 0.2601 0.2464 0.2403 
0.2481 0.2635 0.2481 0.2403 
0.1296 0.0850 0.3288 0.4567 
0.0609 0.8052 0.0103 0.1236 
0.0009 0.0206 0.0069 0.9717 
0.9906 0.0034 0.0017 0.0043 
0.2901 0.0009 0.0086 0.7004 
0.4455 0.0086 0.0034 0.5425 
0.5416 0.0034 0.0043 0.4506 
0.6798 0.0094 0.0000 0.3107 
0.0060 0.0043 0.0060 0.9837 
0.9700 0.0069 0.0180 0.0052 
0.1322 0.0094 0.8034 0.0549 
0.4300 0.3554 0.0601 0.1545 
0.2687 0.2343 0.2558 0.2412 
0.2446 0.2798 0.2438 0.2318 

MOTIF filter24 
letter-probability matrix: alength= 4 w= 20 nsites= 20 
0.2788 0.2424 0.2318 0.2470 
0.1091 0.0667 0.0197 0.8045 
0.0288 0.0545 0.7303 0.1864 
0.4182 0.4091 0.0727 0.1000 
0.0000 1.0000 0.0000 0.0000 
0.0000 1.0000 0.0000 0.0000 
0.8333 0.0030 0.0030 0.1606 
0.0106 0.0000 0.0000 0.9894 
1.0000 0.0000 0.0000 0.0000 
0.0000 0.0000 0.0015 0.9985 
0.9848 0.0030 0.0000 0.0121 
0.1152 0.0030 0.0015 0.8803 
0.0015 0.0030 0.9955 0.0000 
0.0030 0.0015 0.9924 0.0030 
0.0818 0.0712 0.3682 0.4788 
0.1818 0.7273 0.0758 0.0152 
0.7803 0.0227 0.0409 0.1561 
0.2030 0.3121 0.2439 0.2409 
0.1970 0.2409 0.2682 0.2939 
0.2561 0.2288 0.2667 0.2485 

MOTIF filter25 
letter-probability matrix: alength= 4 w= 20 nsites= 20 
0.0000 0.3333 0.6667 0.0000 
0.0000 0.0000 0.0000 1.0000 
0.3333 0.6667 0.0000 0.0000 
0.3333 0.0000 0.3333 0.3333 
0.6667 0.0000 0.0000 0.3333 
0.0000 0.3333 0.6667 0.0000 
0.0000 1.0000 0.0000 0.0000 
0.3333 0.0000 0.6667 0.0000 
0.0000 0.6667 0.3333 0.0000 
0.0000 0.6667 0.0000 0.3333 
0.3333 0.0000 0.0000 0.6667 
0.3333 0.6667 0.0000 0.0000 
0.3333 0.6667 0.0000 0.0000 
0.0000 0.0000 0.6667 0.3333 
0.0000 1.0000 0.0000 0.0000 
0.0000 0.0000 1.0000 0.0000 
0.0000 0.0000 1.0000 0.0000 
0.3333 0.3333 0.0000 0.3333 
0.0000 0.0000 0.6667 0.3333 
0.0000 0.0000 0.6667 0.3333 

MOTIF filter26 
letter-probability matrix: alength= 4 w= 14 nsites= 14 
0.1506 0.1932 0.3722 0.2841 
0.0170 0.4830 0.2330 0.2670 
0.0739 0.6250 0.1420 0.1591 
0.7131 0.0028 0.2614 0.0227 
0.0000 0.9631 0.0000 0.0369 
0.0000 0.0000 0.0000 1.0000 
0.0000 0.0000 0.0000 1.0000 
0.0000 1.0000 0.0000 0.0000 
0.0000 1.0000 0.0000 0.0000 
0.0000 0.0000 0.9801 0.0199 
0.0000 0.1705 0.8125 0.0170 
0.2500 0.1932 0.2614 0.2955 
0.2159 0.2528 0.2642 0.2670 
0.2727 0.2074 0.2273 0.2926 

MOTIF filter27 
letter-probability matrix: alength= 4 w= 16 nsites= 16 
0.2115 0.2360 0.2676 0.2849 
0.1957 0.2978 0.2777 0.2288 
0.2892 0.2604 0.2072 0.2432 
0.1496 0.0547 0.0144 0.7813 
0.0259 0.0590 0.6820 0.2331 
0.4302 0.4072 0.0691 0.0935 
0.0000 1.0000 0.0000 0.0000 
0.0000 0.9986 0.0000 0.0014 
0.8173 0.0000 0.0072 0.1755 
0.0014 0.0000 0.0000 0.9986 
1.0000 0.0000 0.0000 0.0000 
0.0000 0.0014 0.0000 0.9986 
0.9971 0.0000 0.0000 0.0029 
0.1094 0.0000 0.0000 0.8906 
0.0029 0.0000 0.9971 0.0000 
0.0000 0.0000 0.9986 0.0014 

MOTIF filter28 
letter-probability matrix: alength= 4 w= 19 nsites= 19 
0.3361 0.2075 0.2324 0.2241 
0.2863 0.2407 0.2697 0.2033 
0.2324 0.2822 0.1784 0.3071 
0.2739 0.5892 0.0332 0.1037 
0.2490 0.1535 0.0622 0.5353 
0.2946 0.1535 0.2656 0.2863 
0.6515 0.0498 0.0871 0.2116 
0.1784 0.2946 0.5228 0.0041 
0.0000 0.0000 0.0000 1.0000 
0.0041 0.9959 0.0000 0.0000 
1.0000 0.0000 0.0000 0.0000 
0.0000 0.0000 1.0000 0.0000 
0.0000 1.0000 0.0000 0.0000 
1.0000 0.0000 0.0000 0.0000 
0.4772 0.1535 0.0830 0.2863 
0.3859 0.0332 0.0000 0.5809 
0.3817 0.0415 0.0000 0.5768 
0.3029 0.1079 0.0124 0.5768 
0.3278 0.2158 0.2573 0.1992 

MOTIF filter29 
letter-probability matrix: alength= 4 w= 18 nsites= 18 
0.0856 0.1246 0.5718 0.2180 
0.3789 0.3625 0.0952 0.1635 
0.0026 0.9559 0.0381 0.0035 
0.0078 0.9377 0.0355 0.0190 
0.8270 0.0043 0.0112 0.1574 
0.0753 0.0009 0.0087 0.9152 
0.9680 0.0112 0.0078 0.0130 
0.0000 0.0199 0.0147 0.9654 
0.9550 0.0069 0.0000 0.0381 
0.1998 0.0130 0.0415 0.7457 
0.0087 0.0372 0.9464 0.0078 
0.0087 0.0329 0.9247 0.0337 
0.1540 0.0744 0.3772 0.3945 
0.2422 0.5744 0.1176 0.0657 
0.6652 0.0510 0.0874 0.1964 
0.2362 0.2734 0.2526 0.2379 
0.2258 0.2699 0.2682 0.2362 
0.2344 0.2370 0.2621 0.2664 

MOTIF filter30 
letter-probability matrix: alength= 4 w= 15 nsites= 15 
0.2218 0.2140 0.2996 0.2646 
0.2802 0.0467 0.6342 0.0389 
0.1089 0.0000 0.8560 0.0350 
0.1479 0.0000 0.8521 0.0000 
0.0000 0.0000 1.0000 0.0000 
0.0000 0.0000 1.0000 0.0000 
0.2996 0.5720 0.0000 0.1284 
0.0000 0.0000 1.0000 0.0000 
0.0000 0.0000 1.0000 0.0000 
0.1167 0.0000 0.8833 0.0000 
0.1401 0.0039 0.8560 0.0000 
0.1479 0.6615 0.1479 0.0428 
0.2724 0.2023 0.2879 0.2374 
0.2957 0.2685 0.2023 0.2335 
0.2529 0.2529 0.2451 0.2490 

MOTIF filter31 
letter-probability matrix: alength= 4 w= 16 nsites= 16 
0.2544 0.2692 0.2369 0.2396 
0.2328 0.2759 0.2517 0.2396 
0.1090 0.0417 0.3540 0.4953 
0.0040 0.9192 0.0000 0.0767 
0.0000 0.0000 0.0000 1.0000 
1.0000 0.0000 0.0000 0.0000 
0.2409 0.0000 0.0027 0.7564 
0.4334 0.0000 0.0000 0.5666 
0.5330 0.0000 0.0000 0.4670 
0.6958 0.0000 0.0000 0.3042 
0.0000 0.0000 0.0000 1.0000 
1.0000 0.0000 0.0000 0.0000 
0.0485 0.0000 0.9394 0.0121 
0.4738 0.3688 0.0431 0.1144 
0.2759 0.2221 0.2746 0.2275 
0.2624 0.2517 0.2369 0.2490 

