MEME version 4

ALPHABET= ACGT

Background letter frequencies:
A 0.2500 C 0.2500 G 0.2500 T 0.2500 

MOTIF filter0 
letter-probability matrix: alength= 4 w= 19 nsites= 19 
0.2132 0.2384 0.2755 0.2728 
0.2013 0.2848 0.2821 0.2318 
0.2715 0.2556 0.2291 0.2437 
0.1523 0.0689 0.0278 0.7510 
0.0212 0.0649 0.7099 0.2040 
0.4278 0.4013 0.0675 0.1033 
0.0000 0.9987 0.0013 0.0000 
0.0000 0.9947 0.0000 0.0053 
0.8384 0.0000 0.0013 0.1603 
0.0146 0.0000 0.0000 0.9854 
1.0000 0.0000 0.0000 0.0000 
0.0000 0.0013 0.0013 0.9974 
0.9947 0.0000 0.0000 0.0053 
0.1457 0.0026 0.0000 0.8517 
0.0013 0.0026 0.9960 0.0000 
0.0000 0.0000 1.0000 0.0000 
0.0954 0.0755 0.3934 0.4358 
0.2079 0.6781 0.0795 0.0344 
0.7430 0.0238 0.0636 0.1695 

MOTIF filter1 
letter-probability matrix: alength= 4 w= 12 nsites= 12 
0.2434 0.2531 0.2378 0.2657 
0.4685 0.1748 0.2881 0.0685 
0.2448 0.3315 0.3385 0.0853 
0.0000 1.0000 0.0000 0.0000 
1.0000 0.0000 0.0000 0.0000 
0.0000 0.9986 0.0000 0.0014 
0.0000 0.0000 1.0000 0.0000 
0.0000 0.0000 0.0000 1.0000 
0.0000 0.0000 1.0000 0.0000 
0.1524 0.3329 0.3399 0.1748 
0.1343 0.2280 0.1706 0.4671 
0.2210 0.2084 0.2979 0.2727 

MOTIF filter2 
letter-probability matrix: alength= 4 w= 18 nsites= 18 
0.2016 0.2713 0.2597 0.2674 
0.2636 0.2946 0.2791 0.1628 
0.2984 0.2287 0.2171 0.2558 
0.1628 0.7171 0.1047 0.0155 
0.9961 0.0000 0.0039 0.0000 
0.9729 0.0116 0.0155 0.0000 
0.4380 0.0543 0.5078 0.0000 
1.0000 0.0000 0.0000 0.0000 
0.0000 0.0000 0.0000 1.0000 
0.0000 0.0000 1.0000 0.0000 
0.0000 0.0000 1.0000 0.0000 
0.0504 0.9031 0.0000 0.0465 
0.1047 0.1744 0.4302 0.2907 
0.0581 0.0736 0.8101 0.0581 
0.0969 0.8411 0.0039 0.0581 
0.2248 0.2326 0.1938 0.3488 
0.2519 0.2558 0.3140 0.1783 
0.2209 0.2248 0.2481 0.3062 

MOTIF filter3 
letter-probability matrix: alength= 4 w= 10 nsites= 10 
0.2487 0.2436 0.2077 0.3000 
0.2462 0.2026 0.3026 0.2487 
0.2359 0.2718 0.2487 0.2436 
0.0000 0.8769 0.1231 0.0000 
0.0026 0.9974 0.0000 0.0000 
0.0000 0.0000 1.0000 0.0000 
0.0000 0.0000 1.0000 0.0000 
1.0000 0.0000 0.0000 0.0000 
1.0000 0.0000 0.0000 0.0000 
0.0051 0.0026 0.9923 0.0000 

MOTIF filter4 
letter-probability matrix: alength= 4 w= 17 nsites= 17 
0.2890 0.5515 0.0365 0.1229 
0.2292 0.1960 0.0664 0.5083 
0.2724 0.1628 0.3156 0.2492 
0.6312 0.0432 0.1196 0.2060 
0.1395 0.2890 0.5316 0.0399 
0.0000 0.0000 0.0000 1.0000 
0.0066 0.9934 0.0000 0.0000 
1.0000 0.0000 0.0000 0.0000 
0.0000 0.0000 0.9468 0.0532 
0.0000 1.0000 0.0000 0.0000 
1.0000 0.0000 0.0000 0.0000 
0.4086 0.1694 0.1595 0.2625 
0.4618 0.0199 0.0033 0.5150 
0.3821 0.0133 0.0100 0.5947 
0.3223 0.1096 0.0133 0.5548 
0.2924 0.2292 0.2425 0.2359 
0.2292 0.2757 0.2658 0.2292 

MOTIF filter5 
letter-probability matrix: alength= 4 w= 17 nsites= 17 
0.3947 0.3796 0.0901 0.1356 
0.0030 0.9828 0.0111 0.0030 
0.0040 0.9626 0.0223 0.0111 
0.8219 0.0051 0.0101 0.1630 
0.0334 0.0000 0.0020 0.9646 
0.9808 0.0101 0.0051 0.0040 
0.0000 0.0020 0.0020 0.9960 
0.9666 0.0040 0.0000 0.0294 
0.1650 0.0071 0.0061 0.8219 
0.0061 0.0182 0.9757 0.0000 
0.0051 0.0071 0.9737 0.0142 
0.1134 0.0820 0.3785 0.4261 
0.2318 0.6235 0.1053 0.0395 
0.6953 0.0385 0.0800 0.1862 
0.2510 0.2763 0.2318 0.2409 
0.2338 0.2652 0.2621 0.2389 
0.2561 0.2308 0.2662 0.2470 

MOTIF filter6 
letter-probability matrix: alength= 4 w= 12 nsites= 12 
0.2350 0.2600 0.3000 0.2050 
0.5633 0.1150 0.2333 0.0883 
0.1733 0.3450 0.3750 0.1067 
0.0000 1.0000 0.0000 0.0000 
1.0000 0.0000 0.0000 0.0000 
0.0000 0.9983 0.0000 0.0017 
0.0000 0.0000 1.0000 0.0000 
0.0000 0.0000 0.0000 1.0000 
0.0000 0.0000 1.0000 0.0000 
0.0633 0.2867 0.3683 0.2817 
0.1117 0.2633 0.1017 0.5233 
0.2350 0.2633 0.2517 0.2500 

MOTIF filter7 
letter-probability matrix: alength= 4 w= 15 nsites= 15 
0.2707 0.2519 0.2105 0.2669 
0.2293 0.2368 0.2820 0.2519 
0.2180 0.2406 0.2782 0.2632 
0.0113 0.8797 0.1090 0.0000 
0.0338 0.9662 0.0000 0.0000 
0.0000 0.0000 1.0000 0.0000 
0.0000 0.0000 1.0000 0.0000 
1.0000 0.0000 0.0000 0.0000 
1.0000 0.0000 0.0000 0.0000 
0.0376 0.0113 0.9511 0.0000 
0.0000 0.2895 0.0000 0.7105 
0.1579 0.0414 0.7857 0.0150 
0.2331 0.2444 0.5150 0.0075 
0.1992 0.4023 0.2368 0.1617 
0.1992 0.2820 0.2556 0.2632 

MOTIF filter8 
letter-probability matrix: alength= 4 w= 20 nsites= 20 
0.3000 0.2000 0.1000 0.4000 
0.1000 0.2000 0.7000 0.0000 
0.1000 0.0000 0.9000 0.0000 
0.0000 0.4000 0.1000 0.5000 
0.0000 0.5000 0.0000 0.5000 
0.0000 0.0000 1.0000 0.0000 
0.5000 0.0000 0.2000 0.3000 
0.1000 0.0000 0.2000 0.7000 
0.0000 1.0000 0.0000 0.0000 
0.4000 0.0000 0.2000 0.4000 
0.3000 0.2000 0.5000 0.0000 
0.1000 0.0000 0.5000 0.4000 
0.0000 0.3000 0.0000 0.7000 
0.7000 0.2000 0.0000 0.1000 
0.5000 0.0000 0.5000 0.0000 
0.0000 0.0000 0.2000 0.8000 
0.1000 0.6000 0.2000 0.1000 
0.1000 0.7000 0.0000 0.2000 
0.2000 0.0000 0.3000 0.5000 
0.0000 0.0000 0.5000 0.5000 

MOTIF filter9 
letter-probability matrix: alength= 4 w= 16 nsites= 16 
0.2841 0.3175 0.1922 0.2061 
0.2813 0.2758 0.2061 0.2368 
0.2479 0.2368 0.2396 0.2758 
0.0084 0.7967 0.0919 0.1031 
0.0000 0.1337 0.0000 0.8663 
0.0000 0.2563 0.7187 0.0251 
1.0000 0.0000 0.0000 0.0000 
0.0000 0.0000 0.0000 1.0000 
0.0000 0.0000 0.0000 1.0000 
0.0000 0.0000 1.0000 0.0000 
0.0000 0.0000 1.0000 0.0000 
0.0474 0.3928 0.0028 0.5571 
0.0000 0.4345 0.1448 0.4206 
0.1755 0.4234 0.3203 0.0808 
0.4791 0.1309 0.3148 0.0752 
0.1393 0.1532 0.2646 0.4429 

MOTIF filter10 
letter-probability matrix: alength= 4 w= 15 nsites= 15 
0.2543 0.2560 0.2394 0.2502 
0.2502 0.2552 0.2527 0.2419 
0.1350 0.0862 0.3314 0.4474 
0.0588 0.8053 0.0083 0.1276 
0.0008 0.0232 0.0050 0.9710 
0.9809 0.0050 0.0083 0.0058 
0.2925 0.0083 0.0141 0.6852 
0.4515 0.0099 0.0033 0.5352 
0.5369 0.0033 0.0025 0.4573 
0.6736 0.0108 0.0000 0.3157 
0.0091 0.0050 0.0058 0.9801 
0.9644 0.0025 0.0240 0.0091 
0.1342 0.0091 0.7978 0.0588 
0.4308 0.3612 0.0580 0.1500 
0.2610 0.2361 0.2693 0.2336 

MOTIF filter11 
letter-probability matrix: alength= 4 w= 16 nsites= 16 
0.2812 0.2493 0.2732 0.1963 
0.2812 0.2944 0.2149 0.2095 
0.0690 0.2042 0.5013 0.2255 
0.0000 0.8223 0.0186 0.1592 
0.0027 0.8011 0.0000 0.1963 
0.0000 1.0000 0.0000 0.0000 
0.0000 1.0000 0.0000 0.0000 
0.0796 0.0000 0.6313 0.2891 
0.0000 1.0000 0.0000 0.0000 
0.0000 1.0000 0.0000 0.0000 
0.0000 0.8143 0.0000 0.1857 
0.0504 0.8568 0.0000 0.0928 
0.0398 0.6313 0.0584 0.2706 
0.2626 0.2308 0.2520 0.2546 
0.2732 0.2334 0.2361 0.2573 
0.2228 0.3077 0.2520 0.2175 

MOTIF filter12 
letter-probability matrix: alength= 4 w= 17 nsites= 17 
0.2765 0.5666 0.0375 0.1195 
0.2457 0.1877 0.0717 0.4949 
0.2901 0.1570 0.3038 0.2491 
0.6519 0.0375 0.0922 0.2184 
0.1706 0.3379 0.4778 0.0137 
0.0000 0.0000 0.0000 1.0000 
0.0068 0.9932 0.0000 0.0000 
1.0000 0.0000 0.0000 0.0000 
0.0000 0.0000 1.0000 0.0000 
0.0000 1.0000 0.0000 0.0000 
0.9932 0.0000 0.0000 0.0068 
0.4949 0.1570 0.0956 0.2526 
0.3959 0.0546 0.0000 0.5495 
0.4061 0.0853 0.0000 0.5085 
0.2867 0.1126 0.0205 0.5802 
0.2662 0.2116 0.2491 0.2730 
0.3106 0.2696 0.1877 0.2321 

MOTIF filter13 
letter-probability matrix: alength= 4 w= 14 nsites= 14 
0.2510 0.2498 0.2508 0.2484 
0.2738 0.2594 0.2185 0.2483 
0.4072 0.1907 0.3358 0.0664 
0.0339 0.0297 0.0515 0.8848 
0.0233 0.0257 0.1809 0.7701 
0.3206 0.0245 0.4732 0.1817 
0.0910 0.6357 0.0679 0.2054 
0.2162 0.0731 0.6295 0.0812 
0.1849 0.5112 0.0150 0.2888 
0.7669 0.1794 0.0204 0.0333 
0.8887 0.0422 0.0485 0.0206 
0.0816 0.3108 0.1892 0.4185 
0.2479 0.2650 0.2522 0.2349 
0.2505 0.2304 0.2532 0.2660 

MOTIF filter14 
letter-probability matrix: alength= 4 w= 11 nsites= 11 
0.3899 0.2073 0.2553 0.1475 
0.2330 0.2904 0.3255 0.1511 
0.0000 1.0000 0.0000 0.0000 
1.0000 0.0000 0.0000 0.0000 
0.0000 1.0000 0.0000 0.0000 
0.0023 0.0000 0.9977 0.0000 
0.0000 0.0000 0.0000 1.0000 
0.0000 0.0000 1.0000 0.0000 
0.1311 0.3162 0.3162 0.2365 
0.1651 0.2108 0.1475 0.4766 
0.2588 0.2717 0.2108 0.2588 

MOTIF filter15 
letter-probability matrix: alength= 4 w= 13 nsites= 13 
0.2457 0.2334 0.2408 0.2801 
0.2391 0.2116 0.3333 0.2159 
0.3372 0.2591 0.2867 0.1171 
0.0270 0.0262 0.0467 0.9001 
0.0232 0.0281 0.8542 0.0945 
0.8750 0.0401 0.0505 0.0344 
0.0688 0.4474 0.4390 0.0448 
0.0278 0.0344 0.0325 0.9053 
0.0822 0.8542 0.0265 0.0371 
0.9064 0.0298 0.0355 0.0284 
0.1016 0.3011 0.2779 0.3194 
0.2132 0.3265 0.2206 0.2397 
0.2656 0.2331 0.2569 0.2443 

MOTIF filter16 
letter-probability matrix: alength= 4 w= 14 nsites= 14 
0.1225 0.5750 0.1675 0.1350 
0.3025 0.3250 0.2525 0.1200 
0.0575 0.0000 0.8350 0.1075 
0.0000 1.0000 0.0000 0.0000 
0.0000 1.0000 0.0000 0.0000 
1.0000 0.0000 0.0000 0.0000 
0.0000 0.0000 0.0000 1.0000 
0.0200 0.4750 0.1450 0.3600 
0.0000 0.0050 0.0000 0.9950 
0.0000 0.0000 0.0000 1.0000 
0.0725 0.1050 0.6825 0.1400 
0.2750 0.2225 0.2400 0.2625 
0.2125 0.2975 0.2450 0.2450 
0.2300 0.2775 0.2525 0.2400 

MOTIF filter17 
letter-probability matrix: alength= 4 w= 17 nsites= 17 
0.5844 0.0617 0.0909 0.2630 
0.4903 0.0000 0.0130 0.4968 
0.2727 0.1623 0.1623 0.4026 
0.0032 0.0000 0.0000 0.9968 
0.0000 0.0000 1.0000 0.0000 
0.0065 0.9935 0.0000 0.0000 
0.0000 0.0000 0.0000 1.0000 
0.0000 0.0000 0.9838 0.0162 
1.0000 0.0000 0.0000 0.0000 
0.0195 0.5519 0.2792 0.1494 
0.1883 0.1169 0.0325 0.6623 
0.1916 0.3799 0.1071 0.3214 
0.5000 0.0422 0.2175 0.2403 
0.1201 0.0325 0.5747 0.2727 
0.2857 0.2468 0.2500 0.2175 
0.2955 0.1851 0.2792 0.2403 
0.2045 0.2338 0.2695 0.2922 

MOTIF filter18 
letter-probability matrix: alength= 4 w= 15 nsites= 15 
0.2212 0.2260 0.3221 0.2308 
0.1971 0.0288 0.7452 0.0288 
0.1442 0.0000 0.7788 0.0769 
0.1538 0.0000 0.8462 0.0000 
0.0000 0.0000 1.0000 0.0000 
0.0000 0.0000 1.0000 0.0000 
0.2452 0.6875 0.0000 0.0673 
0.0000 0.0000 1.0000 0.0000 
0.0000 0.0000 1.0000 0.0000 
0.0817 0.0000 0.9135 0.0048 
0.1635 0.0000 0.8365 0.0000 
0.0577 0.6875 0.1923 0.0625 
0.2933 0.1298 0.3606 0.2163 
0.2500 0.3365 0.2404 0.1731 
0.2837 0.1875 0.2163 0.3125 

MOTIF filter19 
letter-probability matrix: alength= 4 w= 17 nsites= 17 
0.2586 0.2433 0.2662 0.2319 
0.2357 0.2738 0.2281 0.2624 
0.5513 0.0000 0.0989 0.3498 
0.7034 0.0000 0.0038 0.2928 
0.4373 0.0000 0.0152 0.5475 
0.2852 0.1445 0.1483 0.4221 
0.0000 0.0000 0.0000 1.0000 
0.0000 0.0000 1.0000 0.0000 
0.0152 0.9848 0.0000 0.0000 
0.0000 0.0000 0.0000 1.0000 
0.0000 0.0000 0.9962 0.0038 
1.0000 0.0000 0.0000 0.0000 
0.0342 0.5095 0.3004 0.1559 
0.1977 0.1293 0.0380 0.6350 
0.1711 0.3764 0.1293 0.3232 
0.5703 0.0456 0.1445 0.2395 
0.1825 0.0418 0.5361 0.2395 

MOTIF filter20 
letter-probability matrix: alength= 4 w= 14 nsites= 14 
0.3238 0.2603 0.2413 0.1746 
0.2571 0.3460 0.2032 0.1937 
0.0730 0.1302 0.5587 0.2381 
0.0000 0.8254 0.0095 0.1651 
0.0000 0.8794 0.0000 0.1206 
0.0000 1.0000 0.0000 0.0000 
0.0000 1.0000 0.0000 0.0000 
0.1333 0.0000 0.5841 0.2825 
0.0000 1.0000 0.0000 0.0000 
0.0000 1.0000 0.0000 0.0000 
0.0000 0.8063 0.0000 0.1937 
0.0698 0.8762 0.0000 0.0540 
0.0349 0.6635 0.0317 0.2698 
0.2413 0.2730 0.2349 0.2508 

MOTIF filter21 
letter-probability matrix: alength= 4 w= 16 nsites= 16 
0.4456 0.2073 0.1503 0.1969 
0.0699 0.3523 0.1192 0.4585 
0.0648 0.3290 0.3653 0.2409 
0.4378 0.1166 0.4456 0.0000 
0.5725 0.0026 0.3756 0.0492 
0.0000 1.0000 0.0000 0.0000 
0.0000 1.0000 0.0000 0.0000 
1.0000 0.0000 0.0000 0.0000 
1.0000 0.0000 0.0000 0.0000 
0.0000 0.0000 0.0000 1.0000 
0.0207 0.7565 0.2228 0.0000 
0.8731 0.0026 0.1244 0.0000 
0.0881 0.0855 0.8161 0.0104 
0.2202 0.2746 0.2332 0.2720 
0.2772 0.2047 0.2668 0.2513 
0.2358 0.2772 0.2254 0.2617 

MOTIF filter22 
letter-probability matrix: alength= 4 w= 20 nsites= 20 
0.2146 0.2848 0.2715 0.2291 
0.3007 0.2291 0.2265 0.2437 
0.1311 0.0662 0.0371 0.7656 
0.0305 0.0795 0.6742 0.2159 
0.4265 0.4106 0.0543 0.1086 
0.0000 1.0000 0.0000 0.0000 
0.0000 1.0000 0.0000 0.0000 
0.8291 0.0000 0.0066 0.1642 
0.0040 0.0000 0.0000 0.9960 
1.0000 0.0000 0.0000 0.0000 
0.0000 0.0000 0.0013 0.9987 
0.9921 0.0000 0.0000 0.0079 
0.1325 0.0026 0.0000 0.8649 
0.0013 0.0040 0.9947 0.0000 
0.0000 0.0000 1.0000 0.0000 
0.0967 0.0649 0.3947 0.4437 
0.2185 0.6689 0.0927 0.0199 
0.7523 0.0291 0.0543 0.1642 
0.2132 0.2808 0.2517 0.2543 
0.2265 0.2543 0.2649 0.2543 

MOTIF filter23 
letter-probability matrix: alength= 4 w= 13 nsites= 13 
0.2190 0.2540 0.2078 0.3191 
0.0287 0.0469 0.0248 0.8996 
0.0165 0.0185 0.0700 0.8949 
0.1764 0.7509 0.0291 0.0436 
0.0641 0.6079 0.0142 0.3138 
0.2458 0.2322 0.2554 0.2666 
0.3155 0.0079 0.6244 0.0522 
0.0278 0.0297 0.7724 0.1701 
0.8778 0.0803 0.0208 0.0211 
0.9105 0.0334 0.0370 0.0192 
0.3872 0.1840 0.2352 0.1936 
0.2422 0.2481 0.2468 0.2630 
0.2498 0.2365 0.2659 0.2478 

MOTIF filter24 
letter-probability matrix: alength= 4 w= 16 nsites= 16 
0.2642 0.1973 0.2375 0.3010 
0.2040 0.3110 0.2107 0.2742 
0.2709 0.2709 0.2408 0.2174 
0.2609 0.0468 0.6120 0.0803 
0.1271 0.0000 0.8495 0.0234 
0.1171 0.0000 0.8829 0.0000 
0.0000 0.0000 1.0000 0.0000 
0.0000 0.0000 1.0000 0.0000 
0.2876 0.5886 0.0000 0.1237 
0.0000 0.0000 1.0000 0.0000 
0.0000 0.0000 1.0000 0.0000 
0.1839 0.0000 0.8161 0.0000 
0.1706 0.0435 0.7860 0.0000 
0.2174 0.5418 0.1271 0.1137 
0.2977 0.2375 0.2609 0.2040 
0.2174 0.2910 0.2174 0.2742 

MOTIF filter25 
letter-probability matrix: alength= 4 w= 13 nsites= 13 
0.2470 0.2678 0.2514 0.2339 
0.2404 0.2699 0.2568 0.2328 
0.1191 0.0623 0.3443 0.4743 
0.0328 0.8503 0.0011 0.1158 
0.0000 0.0022 0.0000 0.9978 
1.0000 0.0000 0.0000 0.0000 
0.2743 0.0000 0.0000 0.7257 
0.4557 0.0000 0.0000 0.5443 
0.5530 0.0000 0.0000 0.4470 
0.6896 0.0000 0.0000 0.3104 
0.0000 0.0000 0.0000 1.0000 
0.9956 0.0000 0.0044 0.0000 
0.1049 0.0000 0.8546 0.0404 

MOTIF filter26 
letter-probability matrix: alength= 4 w= 11 nsites= 11 
0.2421 0.2558 0.2403 0.2618 
0.2499 0.2660 0.2391 0.2451 
0.2499 0.2247 0.2504 0.2750 
0.6453 0.0000 0.0000 0.3547 
0.0000 0.0000 0.0000 1.0000 
0.0000 0.0324 0.0000 0.9676 
0.9191 0.0000 0.0809 0.0000 
1.0000 0.0000 0.0000 0.0000 
0.3655 0.0000 0.0000 0.6345 
0.2672 0.2313 0.2409 0.2606 
0.2427 0.2439 0.2588 0.2546 

MOTIF filter27 
letter-probability matrix: alength= 4 w= 11 nsites= 11 
0.1637 0.2020 0.3555 0.2788 
0.0307 0.4604 0.2404 0.2685 
0.0844 0.6240 0.1407 0.1509 
0.6726 0.0179 0.2711 0.0384 
0.0000 0.9565 0.0026 0.0409 
0.0000 0.0000 0.0000 1.0000 
0.0000 0.0000 0.0000 1.0000 
0.0000 1.0000 0.0000 0.0000 
0.0000 1.0000 0.0000 0.0000 
0.0000 0.0000 0.9847 0.0153 
0.0000 0.1483 0.8414 0.0102 

MOTIF filter28 
letter-probability matrix: alength= 4 w= 16 nsites= 16 
0.2664 0.2757 0.1963 0.2617 
0.1402 0.7523 0.0514 0.0561 
1.0000 0.0000 0.0000 0.0000 
1.0000 0.0000 0.0000 0.0000 
0.4252 0.0748 0.4953 0.0047 
1.0000 0.0000 0.0000 0.0000 
0.0000 0.0000 0.0000 1.0000 
0.0000 0.0000 1.0000 0.0000 
0.0000 0.0000 1.0000 0.0000 
0.0187 0.9252 0.0000 0.0561 
0.1729 0.1963 0.4579 0.1729 
0.0374 0.0514 0.8598 0.0514 
0.1028 0.7944 0.0421 0.0607 
0.2243 0.2570 0.2290 0.2897 
0.1822 0.2804 0.2757 0.2617 
0.2944 0.2056 0.3598 0.1402 

MOTIF filter29 
letter-probability matrix: alength= 4 w= 16 nsites= 16 
0.2614 0.2365 0.2531 0.2490 
0.1618 0.2324 0.3071 0.2988 
0.2863 0.0415 0.6390 0.0332 
0.0622 0.0000 0.8963 0.0415 
0.1618 0.0000 0.8382 0.0000 
0.0000 0.0000 1.0000 0.0000 
0.0000 0.0000 1.0000 0.0000 
0.3237 0.4938 0.0000 0.1826 
0.0000 0.0000 1.0000 0.0000 
0.0000 0.0000 1.0000 0.0000 
0.1162 0.0000 0.8838 0.0000 
0.1826 0.0083 0.8091 0.0000 
0.1909 0.6432 0.1535 0.0124 
0.2573 0.2365 0.2614 0.2448 
0.2780 0.2863 0.2158 0.2199 
0.2946 0.2158 0.2573 0.2324 

MOTIF filter30 
letter-probability matrix: alength= 4 w= 18 nsites= 18 
0.2492 0.1993 0.2990 0.2525 
0.2226 0.2890 0.2658 0.2226 
0.2824 0.2625 0.2126 0.2425 
0.1130 0.7209 0.1096 0.0565 
0.9967 0.0000 0.0033 0.0000 
0.9767 0.0000 0.0233 0.0000 
0.4618 0.0698 0.4385 0.0299 
1.0000 0.0000 0.0000 0.0000 
0.0000 0.0000 0.0000 1.0000 
0.0000 0.0000 1.0000 0.0000 
0.0000 0.0000 1.0000 0.0000 
0.0465 0.8538 0.0000 0.0997 
0.0731 0.1960 0.4419 0.2890 
0.0664 0.0897 0.8007 0.0432 
0.1229 0.7708 0.0133 0.0930 
0.3123 0.1827 0.2425 0.2625 
0.2060 0.2193 0.3223 0.2525 
0.2924 0.2625 0.2591 0.1860 

MOTIF filter31 
letter-probability matrix: alength= 4 w= 14 nsites= 14 
0.1494 0.3203 0.3117 0.2186 
0.2879 0.2359 0.3593 0.1169 
0.3463 0.1429 0.3810 0.1299 
0.0000 0.9913 0.0087 0.0000 
0.0000 0.5281 0.0000 0.4719 
0.4113 0.0952 0.4892 0.0043 
1.0000 0.0000 0.0000 0.0000 
0.0000 0.0000 0.0000 1.0000 
0.0022 0.3139 0.0152 0.6688 
0.2403 0.0000 0.7597 0.0000 
0.0022 0.0000 0.9978 0.0000 
0.0909 0.3550 0.0823 0.4719 
0.0671 0.3636 0.1797 0.3896 
0.2121 0.3983 0.2922 0.0974 

