MEME version 4

ALPHABET= ACGT

Background letter frequencies:
A 0.2500 C 0.2500 G 0.2500 T 0.2500 

MOTIF filter0 
letter-probability matrix: alength= 4 w= 20 nsites= 20 
0.2870 0.2391 0.2391 0.2348 
0.1333 0.0754 0.0348 0.7565 
0.0232 0.0841 0.7029 0.1899 
0.4188 0.4043 0.0594 0.1174 
0.0000 1.0000 0.0000 0.0000 
0.0000 0.9986 0.0000 0.0014 
0.8739 0.0000 0.0014 0.1246 
0.0029 0.0000 0.0000 0.9971 
1.0000 0.0000 0.0000 0.0000 
0.0000 0.0000 0.0014 0.9986 
1.0000 0.0000 0.0000 0.0000 
0.1507 0.0000 0.0000 0.8493 
0.0000 0.0000 1.0000 0.0000 
0.0000 0.0000 1.0000 0.0000 
0.0594 0.0536 0.4304 0.4565 
0.2246 0.6522 0.0928 0.0304 
0.7638 0.0145 0.0551 0.1667 
0.2261 0.2681 0.2420 0.2638 
0.2377 0.2580 0.2275 0.2768 
0.2565 0.2594 0.2217 0.2623 

MOTIF filter1 
letter-probability matrix: alength= 4 w= 13 nsites= 13 
0.2746 0.2326 0.2132 0.2795 
0.2439 0.2569 0.2439 0.2553 
0.1050 0.1777 0.1470 0.5703 
0.0000 0.0000 0.0000 1.0000 
0.0000 0.0000 0.0000 1.0000 
0.0372 0.9628 0.0000 0.0000 
0.0032 0.7674 0.0000 0.2294 
0.2940 0.1922 0.2908 0.2229 
0.0808 0.0000 0.9192 0.0000 
0.0000 0.0000 0.9903 0.0097 
1.0000 0.0000 0.0000 0.0000 
1.0000 0.0000 0.0000 0.0000 
0.5864 0.0679 0.1987 0.1470 

MOTIF filter2 
letter-probability matrix: alength= 4 w= 20 nsites= 20 
0.3333 0.3158 0.1228 0.2281 
0.0000 0.2456 0.7368 0.0175 
0.2982 0.5263 0.1579 0.0175 
0.3684 0.3684 0.0702 0.1930 
0.0877 0.2632 0.2105 0.4386 
0.0175 0.3158 0.6316 0.0351 
0.2105 0.6842 0.0526 0.0526 
0.0877 0.5439 0.3509 0.0175 
0.2105 0.6316 0.0702 0.0877 
0.0877 0.6316 0.2632 0.0175 
0.0000 0.2807 0.0175 0.7018 
0.6140 0.2456 0.1053 0.0351 
0.0000 0.4561 0.0351 0.5088 
0.0702 0.8421 0.0877 0.0000 
0.0351 0.3684 0.1228 0.4737 
0.0000 0.3509 0.4561 0.1930 
0.3509 0.2281 0.0877 0.3333 
0.0000 0.0000 0.0000 1.0000 
0.4386 0.0526 0.0526 0.4561 
0.0351 0.1404 0.7895 0.0351 

MOTIF filter3 
letter-probability matrix: alength= 4 w= 20 nsites= 20 
0.1250 0.5000 0.2500 0.1250 
0.5000 0.0000 0.5000 0.0000 
0.0000 0.2500 0.7500 0.0000 
0.0000 0.5000 0.5000 0.0000 
0.8750 0.0000 0.1250 0.0000 
0.0000 0.0000 0.7500 0.2500 
0.0000 0.1250 0.8750 0.0000 
0.2500 0.3750 0.2500 0.1250 
0.0000 0.0000 1.0000 0.0000 
0.0000 0.0000 0.0000 1.0000 
0.0000 1.0000 0.0000 0.0000 
0.6250 0.0000 0.3750 0.0000 
0.0000 0.0000 0.0000 1.0000 
0.7500 0.0000 0.1250 0.1250 
0.0000 0.1250 0.2500 0.6250 
0.7500 0.0000 0.2500 0.0000 
0.1250 0.2500 0.3750 0.2500 
0.1250 0.0000 0.1250 0.7500 
0.0000 0.2500 0.0000 0.7500 
0.1250 0.1250 0.7500 0.0000 

MOTIF filter4 
letter-probability matrix: alength= 4 w= 20 nsites= 20 
0.1154 0.3077 0.2308 0.3462 
0.0000 0.9231 0.0769 0.0000 
0.0385 0.8462 0.0000 0.1154 
0.8077 0.1538 0.0000 0.0385 
0.6154 0.0385 0.0385 0.3077 
0.8077 0.1538 0.0000 0.0385 
0.5385 0.0769 0.1538 0.2308 
0.3462 0.0000 0.3462 0.3077 
0.0385 0.1154 0.6538 0.1923 
0.0769 0.8462 0.0769 0.0000 
0.0000 1.0000 0.0000 0.0000 
0.0385 0.5769 0.1538 0.2308 
0.6538 0.2692 0.0385 0.0385 
0.6154 0.0769 0.1923 0.1154 
0.2692 0.0385 0.1538 0.5385 
0.3077 0.2692 0.0769 0.3462 
0.0000 0.3077 0.5000 0.1923 
0.0000 0.6923 0.0000 0.3077 
0.1538 0.0385 0.3846 0.4231 
0.4231 0.3077 0.1923 0.0769 

MOTIF filter5 
letter-probability matrix: alength= 4 w= 16 nsites= 16 
0.2853 0.2364 0.2772 0.2011 
0.2582 0.3016 0.2120 0.2283 
0.0625 0.1984 0.4946 0.2446 
0.0000 0.8234 0.0082 0.1685 
0.0000 0.8451 0.0000 0.1549 
0.0000 1.0000 0.0000 0.0000 
0.0000 1.0000 0.0000 0.0000 
0.0924 0.0082 0.6114 0.2880 
0.0000 1.0000 0.0000 0.0000 
0.0000 1.0000 0.0000 0.0000 
0.0000 0.8261 0.0000 0.1739 
0.0571 0.8560 0.0000 0.0870 
0.0380 0.6467 0.0489 0.2663 
0.2609 0.2690 0.2092 0.2609 
0.2745 0.2337 0.2283 0.2636 
0.2283 0.2880 0.2446 0.2391 

MOTIF filter6 
letter-probability matrix: alength= 4 w= 16 nsites= 16 
0.2385 0.2385 0.2602 0.2629 
0.2331 0.2439 0.2466 0.2764 
0.2222 0.2358 0.2873 0.2547 
0.2520 0.0515 0.6206 0.0759 
0.1192 0.0000 0.7995 0.0813 
0.1707 0.0000 0.8293 0.0000 
0.0000 0.0000 1.0000 0.0000 
0.0000 0.0000 1.0000 0.0000 
0.3008 0.5745 0.0000 0.1247 
0.0000 0.0000 1.0000 0.0000 
0.0000 0.0000 1.0000 0.0000 
0.1545 0.0000 0.8455 0.0000 
0.2141 0.0163 0.7696 0.0000 
0.1707 0.5745 0.1734 0.0813 
0.2764 0.1978 0.2873 0.2385 
0.2493 0.3008 0.2114 0.2385 

MOTIF filter7 
letter-probability matrix: alength= 4 w= 15 nsites= 15 
0.2727 0.2922 0.2240 0.2110 
0.2240 0.2338 0.2695 0.2727 
0.0000 0.8701 0.0649 0.0649 
0.0000 0.1656 0.0000 0.8344 
0.0000 0.2435 0.7468 0.0097 
1.0000 0.0000 0.0000 0.0000 
0.0000 0.0000 0.0000 1.0000 
0.0000 0.0000 0.0000 1.0000 
0.0000 0.0000 1.0000 0.0000 
0.0000 0.0000 1.0000 0.0000 
0.0422 0.4221 0.0032 0.5325 
0.0000 0.4416 0.1364 0.4221 
0.1558 0.4481 0.3279 0.0682 
0.4935 0.1429 0.3052 0.0584 
0.1461 0.1558 0.2727 0.4253 

MOTIF filter8 
letter-probability matrix: alength= 4 w= 12 nsites= 12 
0.2100 0.1400 0.2700 0.3800 
0.3700 0.4000 0.0800 0.1500 
0.2700 0.2300 0.1800 0.3200 
0.9700 0.0300 0.0000 0.0000 
0.0000 0.0000 0.0000 1.0000 
0.0000 0.9400 0.0000 0.0600 
1.0000 0.0000 0.0000 0.0000 
0.9300 0.0400 0.0000 0.0300 
1.0000 0.0000 0.0000 0.0000 
0.1300 0.1900 0.4300 0.2500 
0.2700 0.3100 0.2800 0.1400 
0.2000 0.5300 0.1100 0.1600 

MOTIF filter9 
letter-probability matrix: alength= 4 w= 14 nsites= 14 
0.2627 0.2386 0.2601 0.2386 
0.2386 0.2735 0.2306 0.2574 
0.4826 0.0214 0.1421 0.3539 
0.6273 0.0214 0.0349 0.3164 
0.4450 0.0027 0.0295 0.5228 
0.2922 0.1662 0.1662 0.3753 
0.0000 0.0000 0.0000 1.0000 
0.0000 0.0000 1.0000 0.0000 
0.0134 0.9866 0.0000 0.0000 
0.0000 0.0000 0.0000 1.0000 
0.0000 0.0000 0.9946 0.0054 
1.0000 0.0000 0.0000 0.0000 
0.0402 0.5040 0.3003 0.1555 
0.2011 0.1340 0.0429 0.6220 

MOTIF filter10 
letter-probability matrix: alength= 4 w= 20 nsites= 20 
0.2069 0.3103 0.2759 0.2069 
0.0690 0.0690 0.8621 0.0000 
0.0000 0.0345 0.8966 0.0690 
0.7241 0.0000 0.2414 0.0345 
0.0000 0.0000 0.0000 1.0000 
0.1724 0.1034 0.0690 0.6552 
0.8966 0.0345 0.0345 0.0345 
0.1034 0.8621 0.0345 0.0000 
0.4828 0.4828 0.0345 0.0000 
0.0345 0.4138 0.3793 0.1724 
0.0345 0.1379 0.5517 0.2759 
0.2414 0.3103 0.0690 0.3793 
0.3793 0.4483 0.1379 0.0345 
0.0345 0.0000 0.5517 0.4138 
0.2759 0.0000 0.0345 0.6897 
0.2069 0.0690 0.3448 0.3793 
0.2069 0.3793 0.2414 0.1724 
0.4138 0.0000 0.1034 0.4828 
0.0345 0.0000 0.3448 0.6207 
0.3448 0.2414 0.0690 0.3448 

MOTIF filter11 
letter-probability matrix: alength= 4 w= 15 nsites= 15 
0.2867 0.2389 0.2184 0.2560 
0.2287 0.2730 0.2696 0.2287 
0.2662 0.2560 0.2389 0.2389 
0.1092 0.0205 0.6928 0.1775 
0.0751 0.7474 0.0990 0.0785 
0.2935 0.3242 0.2696 0.1126 
0.0375 0.0000 0.8942 0.0683 
0.0000 1.0000 0.0000 0.0000 
0.0000 1.0000 0.0000 0.0000 
1.0000 0.0000 0.0000 0.0000 
0.0000 0.0000 0.0000 1.0000 
0.0034 0.4608 0.1433 0.3925 
0.0000 0.0102 0.0000 0.9898 
0.0000 0.0000 0.0000 1.0000 
0.0683 0.0853 0.7645 0.0819 

MOTIF filter12 
letter-probability matrix: alength= 4 w= 16 nsites= 16 
0.4497 0.2337 0.1509 0.1657 
0.0769 0.3787 0.1065 0.4379 
0.0799 0.3225 0.3609 0.2367 
0.4438 0.0917 0.4645 0.0000 
0.5828 0.0000 0.3846 0.0325 
0.0000 1.0000 0.0000 0.0000 
0.0000 1.0000 0.0000 0.0000 
1.0000 0.0000 0.0000 0.0000 
1.0000 0.0000 0.0000 0.0000 
0.0000 0.0000 0.0000 1.0000 
0.0118 0.7929 0.1953 0.0000 
0.8432 0.0000 0.1568 0.0000 
0.0592 0.0680 0.8698 0.0030 
0.2071 0.2929 0.2426 0.2574 
0.2840 0.2012 0.2751 0.2396 
0.2308 0.2781 0.2071 0.2840 

MOTIF filter13 
letter-probability matrix: alength= 4 w= 14 nsites= 14 
0.1749 0.2295 0.3197 0.2760 
0.0246 0.4645 0.2322 0.2787 
0.0792 0.6175 0.1311 0.1721 
0.7158 0.0082 0.2377 0.0383 
0.0000 0.9536 0.0000 0.0464 
0.0000 0.0000 0.0000 1.0000 
0.0000 0.0000 0.0000 1.0000 
0.0000 1.0000 0.0000 0.0000 
0.0000 1.0000 0.0000 0.0000 
0.0000 0.0000 0.9918 0.0082 
0.0000 0.1557 0.8333 0.0109 
0.2732 0.1995 0.2432 0.2842 
0.2486 0.2404 0.2596 0.2514 
0.2678 0.2295 0.2432 0.2596 

MOTIF filter14 
letter-probability matrix: alength= 4 w= 16 nsites= 16 
0.2245 0.2539 0.2461 0.2755 
0.2415 0.2616 0.2585 0.2384 
0.2229 0.2771 0.2461 0.2539 
0.5279 0.1130 0.3576 0.0015 
0.0000 0.0000 0.0000 1.0000 
0.0000 0.0000 0.0108 0.9892 
0.2895 0.0000 0.6563 0.0542 
0.0000 0.9659 0.0000 0.0341 
0.0557 0.0000 0.9443 0.0000 
0.0542 0.7074 0.0000 0.2384 
0.9938 0.0062 0.0000 0.0000 
1.0000 0.0000 0.0000 0.0000 
0.0015 0.3297 0.1254 0.5433 
0.2678 0.2477 0.2771 0.2074 
0.2260 0.2059 0.2833 0.2848 
0.2570 0.2461 0.2632 0.2337 

MOTIF filter15 
letter-probability matrix: alength= 4 w= 20 nsites= 20 
0.2340 0.1915 0.2340 0.3404 
0.1489 0.2128 0.2979 0.3404 
0.3830 0.5745 0.0213 0.0213 
0.2128 0.0213 0.5319 0.2340 
0.0000 0.1489 0.8298 0.0213 
0.0213 0.2128 0.7234 0.0426 
0.0000 0.0213 0.3404 0.6383 
0.0426 0.0000 0.0000 0.9574 
0.0426 0.3617 0.4255 0.1702 
0.0426 0.2979 0.3191 0.3404 
0.9149 0.0851 0.0000 0.0000 
0.4894 0.1702 0.2979 0.0426 
0.0000 0.0638 0.9149 0.0213 
0.6596 0.0000 0.0213 0.3191 
0.2553 0.2766 0.3404 0.1277 
0.0000 0.4681 0.2766 0.2553 
0.0638 0.1277 0.6596 0.1489 
0.1489 0.2553 0.5319 0.0638 
0.0000 0.8511 0.0213 0.1277 
0.1064 0.3404 0.4255 0.1277 

MOTIF filter16 
letter-probability matrix: alength= 4 w= 13 nsites= 13 
0.2421 0.2374 0.2650 0.2555 
0.2364 0.1668 0.3861 0.2107 
0.3966 0.2145 0.3499 0.0391 
0.0000 0.0000 0.0000 1.0000 
0.0000 0.0000 0.9971 0.0029 
1.0000 0.0000 0.0000 0.0000 
0.0162 0.4957 0.4871 0.0010 
0.0000 0.0000 0.0000 1.0000 
0.0000 1.0000 0.0000 0.0000 
1.0000 0.0000 0.0000 0.0000 
0.0181 0.3337 0.2498 0.3985 
0.2173 0.3546 0.1907 0.2374 
0.2545 0.2231 0.2669 0.2555 

MOTIF filter17 
letter-probability matrix: alength= 4 w= 20 nsites= 20 
0.2556 0.2444 0.2111 0.2889 
0.5889 0.1222 0.2444 0.0444 
0.1000 0.0222 0.3444 0.5333 
0.0222 0.1333 0.6556 0.1889 
0.2222 0.0889 0.0000 0.6889 
0.7444 0.0222 0.2000 0.0333 
0.1444 0.5333 0.0000 0.3222 
0.1556 0.1778 0.1000 0.5667 
0.2778 0.1000 0.5778 0.0444 
0.0111 0.7778 0.1222 0.0889 
0.5556 0.0222 0.0556 0.3667 
0.3556 0.4000 0.1667 0.0778 
0.0556 0.5556 0.0111 0.3778 
0.0556 0.3222 0.5889 0.0333 
0.2889 0.0778 0.4444 0.1889 
0.0667 0.3556 0.4333 0.1444 
0.0222 0.9667 0.0111 0.0000 
0.4778 0.4000 0.0000 0.1222 
0.3444 0.0000 0.0222 0.6333 
0.5778 0.1333 0.0556 0.2333 

MOTIF filter18 
letter-probability matrix: alength= 4 w= 20 nsites= 20 
0.2381 0.2698 0.3175 0.1746 
0.3492 0.3492 0.1587 0.1429 
0.5079 0.0317 0.4127 0.0476 
0.0159 0.8413 0.1429 0.0000 
0.0159 0.2222 0.7619 0.0000 
0.4286 0.0317 0.1746 0.3651 
0.0159 0.0476 0.5873 0.3492 
0.2540 0.1429 0.3810 0.2222 
0.0000 0.1270 0.7460 0.1270 
0.6825 0.0476 0.2381 0.0317 
0.1746 0.1746 0.4921 0.1587 
0.0635 0.6349 0.3016 0.0000 
0.7143 0.0635 0.0476 0.1746 
0.0000 0.1429 0.7619 0.0952 
0.0476 0.0159 0.7460 0.1905 
0.0317 0.0794 0.1111 0.7778 
0.1746 0.2857 0.5238 0.0159 
0.4444 0.3175 0.0159 0.2222 
0.8254 0.0794 0.0000 0.0952 
0.4444 0.4444 0.1111 0.0000 

MOTIF filter19 
letter-probability matrix: alength= 4 w= 20 nsites= 20 
0.2727 0.3636 0.0909 0.2727 
0.5455 0.4545 0.0000 0.0000 
0.7273 0.2727 0.0000 0.0000 
0.7273 0.2727 0.0000 0.0000 
0.2727 0.2727 0.3636 0.0909 
0.0909 0.1818 0.7273 0.0000 
0.1818 0.0000 0.7273 0.0909 
0.2727 0.0000 0.4545 0.2727 
0.8182 0.0000 0.0000 0.1818 
0.0909 0.0909 0.0000 0.8182 
0.0000 1.0000 0.0000 0.0000 
0.0909 0.9091 0.0000 0.0000 
0.7273 0.0000 0.0000 0.2727 
0.1818 0.8182 0.0000 0.0000 
0.0000 0.0000 0.0000 1.0000 
0.5455 0.1818 0.1818 0.0909 
0.0909 0.2727 0.3636 0.2727 
0.0000 0.9091 0.0909 0.0000 
0.0000 0.2727 0.2727 0.4545 
0.0000 0.6364 0.2727 0.0909 

MOTIF filter20 
letter-probability matrix: alength= 4 w= 12 nsites= 12 
0.2401 0.2792 0.2306 0.2501 
0.2559 0.2771 0.2295 0.2374 
0.2359 0.2607 0.2427 0.2607 
0.5558 0.0000 0.0000 0.4442 
0.0000 0.0000 0.0000 1.0000 
0.0000 0.0021 0.0000 0.9979 
0.7430 0.0000 0.2570 0.0000 
1.0000 0.0000 0.0000 0.0000 
0.2803 0.0000 0.0000 0.7197 
0.2649 0.2285 0.2618 0.2448 
0.2396 0.2528 0.2602 0.2475 
0.2427 0.2364 0.2655 0.2554 

MOTIF filter21 
letter-probability matrix: alength= 4 w= 20 nsites= 20 
0.2373 0.2712 0.2373 0.2542 
0.3898 0.0169 0.2542 0.3390 
0.0508 0.4915 0.0169 0.4407 
0.7797 0.0000 0.0339 0.1864 
0.0000 0.1186 0.6441 0.2373 
0.6780 0.0339 0.1017 0.1864 
0.0678 0.0000 0.1695 0.7627 
0.0339 0.7627 0.0508 0.1525 
0.0847 0.5763 0.1525 0.1864 
0.0678 0.6271 0.0847 0.2203 
0.0000 0.0678 0.1864 0.7458 
0.3051 0.0339 0.2034 0.4576 
0.0339 0.5424 0.3390 0.0847 
0.0847 0.7288 0.1525 0.0339 
0.3729 0.0847 0.0169 0.5254 
0.7966 0.0339 0.1186 0.0508 
0.0508 0.1017 0.4576 0.3898 
0.3051 0.0169 0.6780 0.0000 
0.3729 0.0000 0.3559 0.2712 
0.7797 0.2034 0.0169 0.0000 

MOTIF filter22 
letter-probability matrix: alength= 4 w= 15 nsites= 15 
0.2409 0.2343 0.2244 0.3003 
0.2442 0.2211 0.2706 0.2640 
0.2211 0.2739 0.2244 0.2805 
0.0000 0.8977 0.1023 0.0000 
0.0033 0.9967 0.0000 0.0000 
0.0000 0.0000 1.0000 0.0000 
0.0000 0.0000 1.0000 0.0000 
1.0000 0.0000 0.0000 0.0000 
1.0000 0.0000 0.0000 0.0000 
0.0462 0.0000 0.9538 0.0000 
0.0099 0.3003 0.0066 0.6832 
0.1914 0.0759 0.6865 0.0462 
0.2871 0.2343 0.4719 0.0066 
0.2145 0.3927 0.2244 0.1683 
0.2178 0.2805 0.2607 0.2409 

MOTIF filter23 
letter-probability matrix: alength= 4 w= 16 nsites= 16 
0.2533 0.2798 0.2347 0.2321 
0.2347 0.2732 0.2493 0.2427 
0.0995 0.0557 0.3435 0.5013 
0.0053 0.9138 0.0000 0.0809 
0.0000 0.0000 0.0000 1.0000 
1.0000 0.0000 0.0000 0.0000 
0.2546 0.0000 0.0000 0.7454 
0.4523 0.0000 0.0000 0.5477 
0.5504 0.0000 0.0000 0.4496 
0.7162 0.0000 0.0000 0.2838 
0.0000 0.0000 0.0000 1.0000 
1.0000 0.0000 0.0000 0.0000 
0.0517 0.0000 0.9390 0.0093 
0.4788 0.3634 0.0371 0.1207 
0.2918 0.2215 0.2666 0.2202 
0.2533 0.2692 0.2387 0.2387 

MOTIF filter24 
letter-probability matrix: alength= 4 w= 20 nsites= 20 
0.2368 0.2895 0.2105 0.2632 
0.0000 0.7632 0.1053 0.1316 
0.1053 0.1842 0.7105 0.0000 
0.2368 0.2105 0.2105 0.3421 
0.0263 0.8158 0.0789 0.0789 
0.1053 0.7105 0.1053 0.0789 
0.1842 0.1316 0.0789 0.6053 
0.1316 0.1316 0.1842 0.5526 
0.1842 0.2895 0.0000 0.5263 
0.2105 0.1316 0.0526 0.6053 
0.0789 0.0789 0.2368 0.6053 
0.1053 0.2105 0.2895 0.3947 
0.1579 0.0000 0.0526 0.7895 
0.9211 0.0000 0.0000 0.0789 
0.0263 0.0000 0.9474 0.0263 
0.0000 0.6579 0.0263 0.3158 
0.1053 0.0526 0.8421 0.0000 
0.1579 0.5000 0.1316 0.2105 
0.7632 0.0000 0.1842 0.0526 
0.0263 0.3684 0.5526 0.0526 

MOTIF filter25 
letter-probability matrix: alength= 4 w= 16 nsites= 16 
0.2381 0.2549 0.2353 0.2717 
0.2297 0.2857 0.2745 0.2101 
0.2605 0.2521 0.2129 0.2745 
0.1625 0.6555 0.1232 0.0588 
1.0000 0.0000 0.0000 0.0000 
0.9860 0.0000 0.0140 0.0000 
0.4342 0.0728 0.4762 0.0168 
1.0000 0.0000 0.0000 0.0000 
0.0000 0.0000 0.0000 1.0000 
0.0000 0.0000 1.0000 0.0000 
0.0000 0.0000 1.0000 0.0000 
0.0644 0.8515 0.0000 0.0840 
0.1064 0.1933 0.4174 0.2829 
0.0840 0.0728 0.7759 0.0672 
0.1401 0.7703 0.0168 0.0728 
0.2577 0.2521 0.2045 0.2857 

MOTIF filter26 
letter-probability matrix: alength= 4 w= 10 nsites= 10 
0.2300 0.2626 0.2606 0.2468 
0.3791 0.2142 0.2567 0.1500 
0.2270 0.3011 0.3080 0.1639 
0.0000 1.0000 0.0000 0.0000 
1.0000 0.0000 0.0000 0.0000 
0.0000 1.0000 0.0000 0.0000 
0.0010 0.0000 0.9990 0.0000 
0.0000 0.0000 0.0000 1.0000 
0.0000 0.0000 1.0000 0.0000 
0.1698 0.2863 0.3139 0.2300 

MOTIF filter27 
letter-probability matrix: alength= 4 w= 13 nsites= 13 
0.1589 0.2056 0.1495 0.4860 
0.0000 0.0000 0.0000 1.0000 
0.0000 0.0000 0.0000 1.0000 
0.0016 0.9984 0.0000 0.0000 
0.0000 0.8894 0.0000 0.1106 
0.2212 0.2601 0.1947 0.3240 
0.2274 0.0000 0.7726 0.0000 
0.0000 0.0000 0.9782 0.0218 
1.0000 0.0000 0.0000 0.0000 
1.0000 0.0000 0.0000 0.0000 
0.5576 0.1231 0.2056 0.1137 
0.2383 0.2850 0.2523 0.2243 
0.2679 0.2321 0.2523 0.2477 

MOTIF filter28 
letter-probability matrix: alength= 4 w= 20 nsites= 20 
0.2898 0.2429 0.2312 0.2362 
0.1575 0.0553 0.0201 0.7672 
0.0235 0.0905 0.6750 0.2111 
0.4355 0.4037 0.0536 0.1072 
0.0000 1.0000 0.0000 0.0000 
0.0000 1.0000 0.0000 0.0000 
0.8744 0.0000 0.0017 0.1240 
0.0084 0.0000 0.0000 0.9916 
1.0000 0.0000 0.0000 0.0000 
0.0000 0.0000 0.0000 1.0000 
0.9916 0.0000 0.0000 0.0084 
0.1206 0.0000 0.0000 0.8794 
0.0000 0.0000 1.0000 0.0000 
0.0000 0.0000 1.0000 0.0000 
0.1106 0.0603 0.3936 0.4355 
0.2027 0.7454 0.0452 0.0067 
0.7672 0.0235 0.0570 0.1524 
0.2261 0.2647 0.2513 0.2580 
0.2060 0.3032 0.3116 0.1792 
0.2881 0.1826 0.3250 0.2044 

MOTIF filter29 
letter-probability matrix: alength= 4 w= 20 nsites= 20 
0.3333 0.2778 0.1667 0.2222 
0.1111 0.2778 0.5000 0.1111 
0.0000 0.1111 0.3333 0.5556 
0.8333 0.0556 0.1111 0.0000 
0.4444 0.1111 0.1111 0.3333 
0.0000 0.0000 1.0000 0.0000 
0.1111 0.1667 0.4444 0.2778 
0.0000 0.0556 0.5556 0.3889 
0.1667 0.3333 0.2778 0.2222 
0.0556 0.1111 0.8333 0.0000 
0.1111 0.3333 0.2778 0.2778 
0.1667 0.3889 0.3333 0.1111 
0.8889 0.0556 0.0556 0.0000 
0.1111 0.8889 0.0000 0.0000 
0.9444 0.0556 0.0000 0.0000 
0.0556 0.3333 0.0000 0.6111 
0.0000 0.0000 0.2222 0.7778 
0.0000 0.0000 0.7778 0.2222 
0.2778 0.0556 0.5000 0.1667 
0.0000 0.9444 0.0000 0.0556 

MOTIF filter30 
letter-probability matrix: alength= 4 w= 16 nsites= 16 
0.2849 0.1671 0.2932 0.2548 
0.6082 0.0685 0.1178 0.2055 
0.1945 0.2904 0.4658 0.0493 
0.0000 0.0000 0.0000 1.0000 
0.0027 0.9973 0.0000 0.0000 
1.0000 0.0000 0.0000 0.0000 
0.0000 0.0000 0.9890 0.0110 
0.0000 1.0000 0.0000 0.0000 
1.0000 0.0000 0.0000 0.0000 
0.4247 0.1644 0.1452 0.2658 
0.4356 0.0384 0.0000 0.5260 
0.3863 0.0712 0.0000 0.5425 
0.3178 0.1233 0.0137 0.5452 
0.2959 0.2356 0.2192 0.2493 
0.2822 0.2603 0.2356 0.2219 
0.2164 0.2986 0.2438 0.2411 

MOTIF filter31 
letter-probability matrix: alength= 4 w= 20 nsites= 20 
0.2841 0.2359 0.2386 0.2414 
0.1490 0.0648 0.0262 0.7600 
0.0152 0.0717 0.7076 0.2055 
0.4179 0.3931 0.0703 0.1186 
0.0000 1.0000 0.0000 0.0000 
0.0000 1.0000 0.0000 0.0000 
0.8455 0.0000 0.0000 0.1545 
0.0028 0.0000 0.0000 0.9972 
1.0000 0.0000 0.0000 0.0000 
0.0000 0.0000 0.0000 1.0000 
1.0000 0.0000 0.0000 0.0000 
0.1476 0.0028 0.0000 0.8497 
0.0000 0.0028 0.9972 0.0000 
0.0000 0.0000 1.0000 0.0000 
0.0924 0.0593 0.4083 0.4400 
0.2083 0.6772 0.0855 0.0290 
0.7559 0.0248 0.0607 0.1586 
0.2110 0.2786 0.2579 0.2524 
0.2166 0.2552 0.2717 0.2566 
0.2372 0.2483 0.2634 0.2510 

