MEME version 4

ALPHABET= ACGT

Background letter frequencies:
A 0.2500 C 0.2500 G 0.2500 T 0.2500 

MOTIF filter0 
letter-probability matrix: alength= 4 w= 20 nsites= 20 
0.3750 0.2500 0.2750 0.1000 
0.0750 0.1500 0.3500 0.4250 
0.3250 0.2500 0.1000 0.3250 
0.8500 0.0750 0.0000 0.0750 
0.0000 0.3000 0.6500 0.0500 
0.0250 0.2500 0.7000 0.0250 
0.2000 0.4750 0.1250 0.2000 
0.0000 0.0000 0.9750 0.0250 
0.0250 0.2000 0.1000 0.6750 
0.0750 0.0000 0.5000 0.4250 
0.0000 1.0000 0.0000 0.0000 
0.1250 0.7000 0.1250 0.0500 
0.0000 0.5750 0.0000 0.4250 
0.0000 0.1750 0.2250 0.6000 
0.5500 0.1750 0.0750 0.2000 
0.0000 0.0500 0.0500 0.9000 
0.4000 0.2250 0.2000 0.1750 
0.0750 0.1250 0.5000 0.3000 
0.4000 0.3000 0.0750 0.2250 
0.6000 0.0250 0.2750 0.1000 

MOTIF filter1 
letter-probability matrix: alength= 4 w= 20 nsites= 20 
0.2381 0.2619 0.1667 0.3333 
0.0238 0.4048 0.2857 0.2857 
0.0714 0.0714 0.8571 0.0000 
0.4286 0.3810 0.0714 0.1190 
0.0714 0.6905 0.1667 0.0714 
0.6190 0.1905 0.0000 0.1905 
0.5714 0.1190 0.2143 0.0952 
0.1429 0.0476 0.6429 0.1667 
0.3810 0.5952 0.0000 0.0238 
0.0000 0.0000 0.4286 0.5714 
0.1905 0.0000 0.5714 0.2381 
0.0000 0.0000 1.0000 0.0000 
0.1190 0.4048 0.4048 0.0714 
0.5714 0.0000 0.1905 0.2381 
0.2619 0.2381 0.1667 0.3333 
0.1667 0.6429 0.0476 0.1429 
0.2619 0.0000 0.7381 0.0000 
0.0000 0.8810 0.0000 0.1190 
0.0238 0.1667 0.0238 0.7857 
0.0238 0.4286 0.3095 0.2381 

MOTIF filter2 
letter-probability matrix: alength= 4 w= 14 nsites= 14 
0.2805 0.2326 0.2093 0.2776 
0.2573 0.2413 0.2355 0.2660 
0.1337 0.1875 0.1250 0.5538 
0.0000 0.0000 0.0000 1.0000 
0.0000 0.0000 0.0000 1.0000 
0.0203 0.9797 0.0000 0.0000 
0.0000 0.8227 0.0000 0.1773 
0.2544 0.2238 0.2326 0.2892 
0.1904 0.0000 0.8096 0.0000 
0.0000 0.0000 0.9811 0.0189 
1.0000 0.0000 0.0000 0.0000 
1.0000 0.0000 0.0000 0.0000 
0.5640 0.0974 0.1977 0.1410 
0.2413 0.2645 0.2544 0.2398 

MOTIF filter3 
letter-probability matrix: alength= 4 w= 10 nsites= 10 
0.2579 0.2304 0.2283 0.2833 
0.2431 0.2262 0.2770 0.2537 
0.2178 0.2833 0.2474 0.2516 
0.0000 0.7738 0.2262 0.0000 
0.0085 0.9915 0.0000 0.0000 
0.0000 0.0000 1.0000 0.0000 
0.0000 0.0000 1.0000 0.0000 
1.0000 0.0000 0.0000 0.0000 
1.0000 0.0000 0.0000 0.0000 
0.0317 0.0000 0.9683 0.0000 

MOTIF filter4 
letter-probability matrix: alength= 4 w= 13 nsites= 13 
0.2606 0.2261 0.2620 0.2513 
0.2314 0.2753 0.2540 0.2394 
0.2447 0.2699 0.2527 0.2327 
0.0931 0.0306 0.3577 0.5186 
0.0013 0.9269 0.0000 0.0718 
0.0000 0.0000 0.0000 1.0000 
1.0000 0.0000 0.0000 0.0000 
0.1995 0.0000 0.0000 0.8005 
0.4229 0.0000 0.0000 0.5771 
0.4973 0.0000 0.0000 0.5027 
0.6782 0.0000 0.0000 0.3218 
0.0000 0.0000 0.0000 1.0000 
1.0000 0.0000 0.0000 0.0000 

MOTIF filter5 
letter-probability matrix: alength= 4 w= 12 nsites= 12 
0.2279 0.2647 0.2627 0.2448 
0.3881 0.2109 0.2537 0.1473 
0.2259 0.3035 0.3144 0.1562 
0.0000 1.0000 0.0000 0.0000 
1.0000 0.0000 0.0000 0.0000 
0.0000 1.0000 0.0000 0.0000 
0.0000 0.0000 1.0000 0.0000 
0.0000 0.0000 0.0000 1.0000 
0.0000 0.0000 1.0000 0.0000 
0.1642 0.2896 0.3114 0.2348 
0.1731 0.2418 0.1692 0.4159 
0.2328 0.2597 0.2507 0.2567 

MOTIF filter6 
letter-probability matrix: alength= 4 w= 17 nsites= 17 
0.5556 0.1111 0.2778 0.0556 
0.4444 0.2222 0.0556 0.2778 
0.6111 0.1667 0.1667 0.0556 
1.0000 0.0000 0.0000 0.0000 
0.0556 0.0556 0.7222 0.1667 
0.1667 0.0556 0.7222 0.0556 
0.1111 0.5000 0.0556 0.3333 
0.2222 0.1111 0.5556 0.1111 
0.0556 0.0000 0.9444 0.0000 
0.1667 0.6111 0.1111 0.1111 
0.0556 0.5556 0.0000 0.3889 
0.0000 0.0000 0.7778 0.2222 
0.1111 0.8333 0.0556 0.0000 
0.0000 0.9444 0.0556 0.0000 
0.9444 0.0000 0.0556 0.0000 
0.0000 0.0000 0.0000 1.0000 
0.2222 0.5000 0.2778 0.0000 

MOTIF filter7 
letter-probability matrix: alength= 4 w= 20 nsites= 20 
0.0000 0.5556 0.2222 0.2222 
0.2222 0.3333 0.1111 0.3333 
0.8889 0.0000 0.0000 0.1111 
0.0000 0.1111 0.5556 0.3333 
0.0000 0.0000 1.0000 0.0000 
0.0000 0.6667 0.1111 0.2222 
0.1111 0.0000 0.0000 0.8889 
0.0000 0.0000 0.8889 0.1111 
0.0000 0.4444 0.0000 0.5556 
0.4444 0.0000 0.1111 0.4444 
0.1111 0.0000 0.0000 0.8889 
0.6667 0.0000 0.2222 0.1111 
0.3333 0.6667 0.0000 0.0000 
0.0000 0.1111 0.1111 0.7778 
0.0000 0.3333 0.0000 0.6667 
0.3333 0.3333 0.2222 0.1111 
0.0000 0.1111 0.8889 0.0000 
0.1111 0.4444 0.1111 0.3333 
0.4444 0.4444 0.0000 0.1111 
0.8889 0.0000 0.1111 0.0000 

MOTIF filter8 
letter-probability matrix: alength= 4 w= 14 nsites= 14 
0.2523 0.2378 0.2219 0.2880 
0.2602 0.2695 0.2246 0.2457 
0.1281 0.1995 0.1466 0.5258 
0.0000 0.0000 0.0000 1.0000 
0.0000 0.0000 0.0000 1.0000 
0.0198 0.9802 0.0000 0.0000 
0.0053 0.7847 0.0000 0.2100 
0.2682 0.2048 0.2404 0.2867 
0.1982 0.0000 0.7939 0.0079 
0.0000 0.0000 0.9749 0.0251 
1.0000 0.0000 0.0000 0.0000 
1.0000 0.0000 0.0000 0.0000 
0.5376 0.1176 0.1982 0.1466 
0.2404 0.2814 0.2404 0.2378 

MOTIF filter9 
letter-probability matrix: alength= 4 w= 18 nsites= 18 
0.0338 0.0964 0.6533 0.2165 
0.4080 0.3992 0.0651 0.1277 
0.0000 1.0000 0.0000 0.0000 
0.0000 1.0000 0.0000 0.0000 
0.8348 0.0013 0.0050 0.1589 
0.0100 0.0000 0.0000 0.9900 
1.0000 0.0000 0.0000 0.0000 
0.0000 0.0000 0.0000 1.0000 
0.9925 0.0000 0.0000 0.0075 
0.1452 0.0000 0.0000 0.8548 
0.0000 0.0013 0.9987 0.0000 
0.0000 0.0000 1.0000 0.0000 
0.1089 0.0701 0.3955 0.4255 
0.2253 0.6621 0.0839 0.0288 
0.7522 0.0175 0.0626 0.1677 
0.2315 0.2778 0.2416 0.2491 
0.2290 0.2603 0.2553 0.2553 
0.2478 0.2390 0.2641 0.2491 

MOTIF filter10 
letter-probability matrix: alength= 4 w= 15 nsites= 15 
0.2347 0.2427 0.2453 0.2773 
0.2053 0.2720 0.2640 0.2587 
0.2640 0.0693 0.5893 0.0773 
0.1387 0.0000 0.7520 0.1093 
0.2000 0.0000 0.8000 0.0000 
0.0000 0.0000 1.0000 0.0000 
0.0000 0.0000 1.0000 0.0000 
0.3093 0.5760 0.0000 0.1147 
0.0000 0.0000 1.0000 0.0000 
0.0000 0.0000 1.0000 0.0000 
0.1280 0.0000 0.8693 0.0027 
0.1840 0.0107 0.8053 0.0000 
0.1813 0.5440 0.2053 0.0693 
0.2773 0.2080 0.3147 0.2000 
0.2480 0.2907 0.2000 0.2613 

MOTIF filter11 
letter-probability matrix: alength= 4 w= 12 nsites= 12 
0.2677 0.2311 0.2426 0.2586 
0.2426 0.2883 0.2220 0.2471 
0.4622 0.0412 0.1465 0.3501 
0.6133 0.0206 0.0526 0.3135 
0.4462 0.0000 0.0458 0.5080 
0.2746 0.1716 0.1556 0.3982 
0.0000 0.0000 0.0000 1.0000 
0.0000 0.0000 1.0000 0.0000 
0.0549 0.9451 0.0000 0.0000 
0.0000 0.0000 0.0000 1.0000 
0.0000 0.0000 0.9908 0.0092 
1.0000 0.0000 0.0000 0.0000 

MOTIF filter12 
letter-probability matrix: alength= 4 w= 11 nsites= 11 
0.2423 0.2336 0.2635 0.2606 
0.2317 0.1708 0.3900 0.2075 
0.3919 0.2201 0.3533 0.0347 
0.0000 0.0000 0.0000 1.0000 
0.0000 0.0000 1.0000 0.0000 
1.0000 0.0000 0.0000 0.0000 
0.0087 0.4990 0.4923 0.0000 
0.0000 0.0000 0.0000 1.0000 
0.0000 1.0000 0.0000 0.0000 
1.0000 0.0000 0.0000 0.0000 
0.0241 0.3311 0.2490 0.3958 

MOTIF filter13 
letter-probability matrix: alength= 4 w= 20 nsites= 20 
0.1322 0.3058 0.2479 0.3140 
0.2149 0.0579 0.5289 0.1983 
0.2479 0.6942 0.0331 0.0248 
0.0000 0.0909 0.0579 0.8512 
0.0909 0.0165 0.0165 0.8760 
0.0331 0.6364 0.2066 0.1240 
0.0496 0.6529 0.2645 0.0331 
0.0000 0.5124 0.4876 0.0000 
0.0661 0.0083 0.4380 0.4876 
0.2149 0.1736 0.4132 0.1983 
0.2810 0.2066 0.4463 0.0661 
0.0413 0.0248 0.5785 0.3554 
0.6281 0.0496 0.1157 0.2066 
0.0331 0.1901 0.7107 0.0661 
0.0000 0.7190 0.2645 0.0165 
0.0165 0.5537 0.1653 0.2645 
0.1736 0.0413 0.1653 0.6198 
0.1322 0.1983 0.2231 0.4463 
0.3554 0.0331 0.3471 0.2645 
0.6694 0.1240 0.1736 0.0331 

MOTIF filter14 
letter-probability matrix: alength= 4 w= 12 nsites= 12 
0.2423 0.2693 0.2487 0.2397 
0.2191 0.2822 0.2680 0.2307 
0.0876 0.0387 0.3647 0.5090 
0.0000 0.8956 0.0000 0.1044 
0.0000 0.0000 0.0000 1.0000 
1.0000 0.0000 0.0000 0.0000 
0.1804 0.0000 0.0000 0.8196 
0.3995 0.0000 0.0000 0.6005 
0.4807 0.0000 0.0000 0.5193 
0.6559 0.0000 0.0000 0.3441 
0.0000 0.0000 0.0000 1.0000 
1.0000 0.0000 0.0000 0.0000 

MOTIF filter15 
letter-probability matrix: alength= 4 w= 20 nsites= 20 
0.2581 0.3226 0.2581 0.1613 
0.3226 0.5806 0.0000 0.0968 
0.1290 0.0000 0.3871 0.4839 
0.8387 0.0968 0.0645 0.0000 
0.0645 0.0968 0.7419 0.0968 
0.0000 0.9355 0.0645 0.0000 
0.2258 0.0968 0.5806 0.0968 
0.7742 0.0000 0.0645 0.1613 
0.7097 0.0645 0.1290 0.0968 
0.1613 0.0323 0.0323 0.7742 
0.6774 0.0323 0.2903 0.0000 
0.0323 0.4516 0.4516 0.0645 
0.0968 0.2258 0.2903 0.3871 
0.3871 0.0323 0.1935 0.3871 
0.0000 0.1290 0.7097 0.1613 
0.2258 0.1290 0.0323 0.6129 
0.1935 0.0645 0.7097 0.0323 
0.2581 0.1935 0.0968 0.4516 
0.1935 0.8065 0.0000 0.0000 
0.0000 0.8065 0.0968 0.0968 

MOTIF filter16 
letter-probability matrix: alength= 4 w= 16 nsites= 16 
0.4353 0.2164 0.1692 0.1791 
0.0746 0.3582 0.1244 0.4428 
0.0871 0.3159 0.3607 0.2363 
0.4378 0.1219 0.4403 0.0000 
0.5871 0.0050 0.3657 0.0423 
0.0000 1.0000 0.0000 0.0000 
0.0000 1.0000 0.0000 0.0000 
1.0000 0.0000 0.0000 0.0000 
1.0000 0.0000 0.0000 0.0000 
0.0000 0.0000 0.0000 1.0000 
0.0323 0.7562 0.2114 0.0000 
0.8433 0.0000 0.1567 0.0000 
0.0746 0.0871 0.8333 0.0050 
0.2065 0.2886 0.2289 0.2761 
0.2786 0.2065 0.2637 0.2512 
0.2338 0.2662 0.2289 0.2711 

MOTIF filter17 
letter-probability matrix: alength= 4 w= 20 nsites= 20 
0.2286 0.2857 0.2857 0.2000 
0.0000 0.0000 0.1143 0.8857 
0.5714 0.0857 0.0286 0.3143 
0.1143 0.0000 0.6857 0.2000 
0.3143 0.1143 0.2571 0.3143 
0.2857 0.2286 0.0571 0.4286 
0.0857 0.0000 0.0000 0.9143 
0.0857 0.0571 0.0857 0.7714 
0.2857 0.0286 0.4000 0.2857 
0.5714 0.2286 0.0286 0.1714 
0.0571 0.1714 0.2857 0.4857 
0.1143 0.2286 0.0000 0.6571 
0.2000 0.6571 0.0571 0.0857 
0.0857 0.0286 0.0571 0.8286 
0.0000 0.0857 0.1714 0.7429 
0.1143 0.8286 0.0571 0.0000 
0.2571 0.0000 0.0286 0.7143 
0.0000 0.7143 0.1429 0.1429 
0.4857 0.4857 0.0000 0.0286 
0.5143 0.0857 0.0286 0.3714 

MOTIF filter18 
letter-probability matrix: alength= 4 w= 16 nsites= 16 
0.2730 0.2356 0.2960 0.1954 
0.2586 0.3305 0.1897 0.2213 
0.0718 0.1983 0.4885 0.2414 
0.0000 0.8506 0.0057 0.1437 
0.0000 0.8908 0.0000 0.1092 
0.0000 1.0000 0.0000 0.0000 
0.0000 1.0000 0.0000 0.0000 
0.0862 0.0000 0.6264 0.2874 
0.0000 1.0000 0.0000 0.0000 
0.0000 1.0000 0.0000 0.0000 
0.0000 0.8333 0.0000 0.1667 
0.0862 0.8276 0.0000 0.0862 
0.0517 0.6034 0.0489 0.2960 
0.2529 0.2471 0.2443 0.2557 
0.2874 0.2098 0.2644 0.2385 
0.2615 0.2557 0.2385 0.2443 

MOTIF filter19 
letter-probability matrix: alength= 4 w= 20 nsites= 20 
0.1786 0.1786 0.3214 0.3214 
0.0000 0.5714 0.2857 0.1429 
0.3929 0.2143 0.3571 0.0357 
0.2143 0.7857 0.0000 0.0000 
0.8929 0.0000 0.1071 0.0000 
0.1429 0.0000 0.0714 0.7857 
0.3571 0.1786 0.2500 0.2143 
0.2143 0.5357 0.0714 0.1786 
0.0357 0.0357 0.0000 0.9286 
0.0357 0.0000 0.9643 0.0000 
0.3214 0.5714 0.0714 0.0357 
0.3929 0.3929 0.1429 0.0714 
0.7500 0.1071 0.1071 0.0357 
0.1786 0.5000 0.1786 0.1429 
0.0714 0.0000 0.7500 0.1786 
0.0357 0.6429 0.2143 0.1071 
0.0000 0.6786 0.2500 0.0714 
0.0000 0.4286 0.2500 0.3214 
0.0000 0.2143 0.0357 0.7500 
0.5714 0.0357 0.2857 0.1071 

MOTIF filter20 
letter-probability matrix: alength= 4 w= 20 nsites= 20 
0.3268 0.2288 0.2484 0.1961 
0.4575 0.3137 0.0327 0.1961 
0.1569 0.6601 0.0980 0.0850 
0.0131 0.2353 0.5490 0.2026 
0.0000 0.3268 0.4967 0.1765 
0.0654 0.0654 0.7582 0.1111 
0.3007 0.1307 0.1046 0.4641 
0.0327 0.3203 0.4575 0.1895 
0.1765 0.1373 0.1046 0.5817 
0.0196 0.3725 0.3399 0.2680 
0.0065 0.9412 0.0261 0.0261 
0.8889 0.0327 0.0458 0.0327 
0.7582 0.0000 0.0131 0.2288 
0.5948 0.2549 0.1438 0.0065 
0.2092 0.0458 0.3529 0.3922 
0.7582 0.0065 0.0327 0.2026 
0.2026 0.0131 0.3137 0.4706 
0.1634 0.0196 0.7908 0.0261 
0.0065 0.2484 0.5817 0.1634 
0.1569 0.0458 0.5425 0.2549 

MOTIF filter21 
letter-probability matrix: alength= 4 w= 13 nsites= 13 
0.3184 0.2735 0.2309 0.1771 
0.2803 0.2489 0.2287 0.2422 
0.0874 0.1906 0.4776 0.2444 
0.0000 0.7892 0.0247 0.1861 
0.0000 0.7780 0.0000 0.2220 
0.0000 1.0000 0.0000 0.0000 
0.0000 1.0000 0.0000 0.0000 
0.1188 0.0000 0.5919 0.2892 
0.0000 1.0000 0.0000 0.0000 
0.0000 1.0000 0.0000 0.0000 
0.0000 0.7713 0.0000 0.2287 
0.0785 0.7825 0.0000 0.1390 
0.0381 0.6390 0.0673 0.2556 

MOTIF filter22 
letter-probability matrix: alength= 4 w= 19 nsites= 19 
0.5833 0.1111 0.1204 0.1852 
0.4352 0.0833 0.0741 0.4074 
0.1667 0.1667 0.2037 0.4630 
0.5741 0.0278 0.0556 0.3426 
0.3704 0.0463 0.2963 0.2870 
0.0833 0.4259 0.1389 0.3519 
0.0093 0.1019 0.6852 0.2037 
0.2407 0.0556 0.0741 0.6296 
0.4815 0.0000 0.0000 0.5185 
0.4444 0.3889 0.0093 0.1574 
0.1389 0.0648 0.1852 0.6111 
0.8333 0.0093 0.0463 0.1111 
0.8981 0.0648 0.0000 0.0370 
0.4630 0.0463 0.2407 0.2500 
0.0093 0.0185 0.4537 0.5185 
0.4815 0.4722 0.0093 0.0370 
0.4815 0.4259 0.0093 0.0833 
0.6019 0.0093 0.0370 0.3519 
0.2222 0.0833 0.0000 0.6944 

MOTIF filter23 
letter-probability matrix: alength= 4 w= 14 nsites= 14 
0.2471 0.2281 0.2548 0.2700 
0.2395 0.2624 0.2395 0.2586 
0.1027 0.0608 0.3764 0.4601 
0.0494 0.9202 0.0000 0.0304 
0.0000 0.0000 0.0000 1.0000 
1.0000 0.0000 0.0000 0.0000 
0.5741 0.0000 0.0038 0.4221 
0.8479 0.0000 0.0000 0.1521 
0.9886 0.0000 0.0000 0.0114 
0.9924 0.0000 0.0000 0.0076 
0.0000 0.0000 0.0000 1.0000 
1.0000 0.0000 0.0000 0.0000 
0.0000 0.0000 1.0000 0.0000 
0.5779 0.4144 0.0000 0.0076 

MOTIF filter24 
letter-probability matrix: alength= 4 w= 14 nsites= 14 
0.2659 0.2803 0.2341 0.2197 
0.2283 0.2341 0.2514 0.2861 
0.0000 0.8382 0.0694 0.0925 
0.0000 0.1763 0.0000 0.8237 
0.0000 0.2514 0.7283 0.0202 
1.0000 0.0000 0.0000 0.0000 
0.0000 0.0000 0.0000 1.0000 
0.0000 0.0000 0.0000 1.0000 
0.0000 0.0000 1.0000 0.0000 
0.0000 0.0000 1.0000 0.0000 
0.0405 0.3988 0.0029 0.5578 
0.0087 0.4306 0.1416 0.4191 
0.1705 0.4451 0.3179 0.0665 
0.4740 0.1445 0.3150 0.0665 

MOTIF filter25 
letter-probability matrix: alength= 4 w= 16 nsites= 16 
0.2544 0.1871 0.3070 0.2515 
0.6199 0.0526 0.1140 0.2135 
0.1901 0.3041 0.4708 0.0351 
0.0000 0.0000 0.0000 1.0000 
0.0058 0.9942 0.0000 0.0000 
1.0000 0.0000 0.0000 0.0000 
0.0000 0.0000 0.9971 0.0029 
0.0000 1.0000 0.0000 0.0000 
1.0000 0.0000 0.0000 0.0000 
0.4444 0.1550 0.1374 0.2632 
0.4298 0.0409 0.0029 0.5263 
0.3860 0.0614 0.0000 0.5526 
0.2924 0.1053 0.0205 0.5819 
0.2690 0.2368 0.2339 0.2602 
0.2719 0.2836 0.2310 0.2135 
0.2076 0.2982 0.2515 0.2427 

MOTIF filter26 
letter-probability matrix: alength= 4 w= 12 nsites= 12 
0.1628 0.2093 0.3437 0.2842 
0.0336 0.4548 0.2351 0.2765 
0.0930 0.6098 0.1292 0.1680 
0.6925 0.0103 0.2765 0.0207 
0.0000 0.9561 0.0026 0.0413 
0.0000 0.0000 0.0000 1.0000 
0.0000 0.0000 0.0000 1.0000 
0.0000 1.0000 0.0000 0.0000 
0.0000 1.0000 0.0000 0.0000 
0.0000 0.0000 0.9871 0.0129 
0.0000 0.1499 0.8346 0.0155 
0.2584 0.2041 0.2455 0.2920 

MOTIF filter27 
letter-probability matrix: alength= 4 w= 14 nsites= 14 
0.1242 0.5817 0.1569 0.1373 
0.3529 0.4118 0.2026 0.0327 
0.0131 0.0000 0.9804 0.0065 
0.0000 1.0000 0.0000 0.0000 
0.0000 1.0000 0.0000 0.0000 
1.0000 0.0000 0.0000 0.0000 
0.0000 0.0000 0.0000 1.0000 
0.0327 0.4967 0.0196 0.4510 
0.0000 0.0000 0.0000 1.0000 
0.0000 0.0000 0.0000 1.0000 
0.0654 0.0719 0.8366 0.0261 
0.2876 0.2810 0.1830 0.2484 
0.3007 0.2353 0.1503 0.3137 
0.2941 0.2876 0.1765 0.2418 

MOTIF filter28 
letter-probability matrix: alength= 4 w= 17 nsites= 17 
0.2348 0.2689 0.3030 0.1932 
0.2424 0.2803 0.2273 0.2500 
0.1515 0.7235 0.0795 0.0455 
1.0000 0.0000 0.0000 0.0000 
1.0000 0.0000 0.0000 0.0000 
0.4924 0.0682 0.4205 0.0189 
1.0000 0.0000 0.0000 0.0000 
0.0000 0.0000 0.0000 1.0000 
0.0000 0.0000 1.0000 0.0000 
0.0000 0.0000 1.0000 0.0000 
0.0189 0.9545 0.0000 0.0265 
0.1212 0.2045 0.4280 0.2462 
0.0606 0.0758 0.7992 0.0644 
0.1212 0.7803 0.0152 0.0833 
0.2500 0.2348 0.2083 0.3068 
0.2348 0.2614 0.2765 0.2273 
0.2424 0.2500 0.2992 0.2083 

MOTIF filter29 
letter-probability matrix: alength= 4 w= 16 nsites= 16 
0.2476 0.2540 0.2347 0.2637 
0.2444 0.2444 0.2926 0.2186 
0.2251 0.2058 0.3215 0.2476 
0.2733 0.0354 0.6367 0.0547 
0.0932 0.0000 0.8778 0.0289 
0.1511 0.0000 0.8489 0.0000 
0.0000 0.0000 1.0000 0.0000 
0.0000 0.0000 1.0000 0.0000 
0.2733 0.5723 0.0000 0.1543 
0.0000 0.0000 1.0000 0.0000 
0.0000 0.0000 1.0000 0.0000 
0.1576 0.0000 0.8424 0.0000 
0.1704 0.0161 0.8135 0.0000 
0.1576 0.6013 0.1511 0.0900 
0.2637 0.1865 0.2990 0.2508 
0.2347 0.2990 0.2186 0.2476 

MOTIF filter30 
letter-probability matrix: alength= 4 w= 20 nsites= 20 
0.2329 0.3014 0.2329 0.2329 
0.0274 0.8219 0.0959 0.0548 
0.3288 0.2466 0.2055 0.2192 
0.3425 0.1096 0.0822 0.4658 
0.3014 0.3288 0.0274 0.3425 
0.4658 0.2740 0.0274 0.2329 
0.0685 0.1918 0.3151 0.4247 
0.0137 0.9863 0.0000 0.0000 
0.0000 0.4521 0.4932 0.0548 
0.1644 0.6438 0.0685 0.1233 
0.5890 0.0137 0.3151 0.0822 
0.1096 0.3973 0.3836 0.1096 
0.2192 0.0000 0.0411 0.7397 
0.5753 0.1096 0.2877 0.0274 
0.0274 0.9589 0.0000 0.0137 
0.0137 0.8904 0.0411 0.0548 
0.6164 0.0959 0.1507 0.1370 
0.0411 0.1918 0.3836 0.3836 
0.0548 0.0411 0.3288 0.5753 
0.0822 0.0822 0.3425 0.4932 

MOTIF filter31 
letter-probability matrix: alength= 4 w= 17 nsites= 17 
0.2249 0.2506 0.2641 0.2604 
0.2066 0.2885 0.2751 0.2298 
0.2946 0.2384 0.2262 0.2408 
0.1577 0.0697 0.0428 0.7298 
0.0330 0.0917 0.6589 0.2164 
0.4144 0.3900 0.0697 0.1259 
0.0000 1.0000 0.0000 0.0000 
0.0000 1.0000 0.0000 0.0000 
0.8325 0.0000 0.0073 0.1601 
0.0098 0.0000 0.0000 0.9902 
1.0000 0.0000 0.0000 0.0000 
0.0000 0.0000 0.0012 0.9988 
0.9976 0.0000 0.0000 0.0024 
0.1528 0.0037 0.0000 0.8435 
0.0000 0.0086 0.9914 0.0000 
0.0000 0.0000 1.0000 0.0000 
0.1100 0.0660 0.3863 0.4377 

