MEME version 4

ALPHABET= ACGT

Background letter frequencies:
A 0.2500 C 0.2500 G 0.2500 T 0.2500 

MOTIF filter0 
letter-probability matrix: alength= 4 w= 14 nsites= 14 
0.2873 0.0982 0.5055 0.1091 
0.0655 0.0000 0.8909 0.0436 
0.1127 0.0000 0.8873 0.0000 
0.0000 0.0000 1.0000 0.0000 
0.0000 0.0000 1.0000 0.0000 
0.2655 0.6036 0.0000 0.1309 
0.0000 0.0000 1.0000 0.0000 
0.0000 0.0000 1.0000 0.0000 
0.1164 0.0000 0.8836 0.0000 
0.1964 0.0327 0.7709 0.0000 
0.1964 0.6655 0.0873 0.0509 
0.2909 0.2000 0.2400 0.2691 
0.2436 0.3091 0.1818 0.2655 
0.2582 0.2218 0.2364 0.2836 

MOTIF filter1 
letter-probability matrix: alength= 4 w= 20 nsites= 20 
0.2308 0.3462 0.3077 0.1154 
0.2308 0.5769 0.0385 0.1538 
0.0769 0.1538 0.1538 0.6154 
0.1154 0.0385 0.0000 0.8462 
0.1154 0.0000 0.1154 0.7692 
0.9231 0.0769 0.0000 0.0000 
0.4615 0.0000 0.2692 0.2692 
0.0385 0.0385 0.8462 0.0769 
0.3462 0.2692 0.3077 0.0769 
0.0000 0.0000 0.0385 0.9615 
0.0000 1.0000 0.0000 0.0000 
0.0769 0.2692 0.6538 0.0000 
0.0385 0.6538 0.2692 0.0385 
0.4615 0.1154 0.0769 0.3462 
0.1154 0.5769 0.0000 0.3077 
0.6154 0.2692 0.1154 0.0000 
0.1154 0.3846 0.2308 0.2692 
0.0000 0.5000 0.3462 0.1538 
0.3077 0.3077 0.0385 0.3462 
0.0385 0.3462 0.1154 0.5000 

MOTIF filter2 
letter-probability matrix: alength= 4 w= 20 nsites= 20 
0.2697 0.2472 0.2472 0.2360 
0.4719 0.1348 0.2247 0.1685 
0.0112 0.0674 0.7978 0.1236 
0.0112 0.8202 0.1573 0.0112 
0.1910 0.0225 0.7079 0.0787 
0.0225 0.1124 0.1011 0.7640 
0.1573 0.3708 0.1910 0.2809 
0.2472 0.3820 0.3483 0.0225 
0.0337 0.6517 0.1573 0.1573 
0.3596 0.4382 0.1236 0.0787 
0.1573 0.4494 0.1798 0.2135 
0.1798 0.1685 0.3034 0.3483 
0.0337 0.6517 0.0112 0.3034 
0.1910 0.6404 0.0337 0.1348 
0.0000 0.1348 0.0000 0.8652 
0.4157 0.2697 0.0337 0.2809 
0.0112 0.2247 0.7640 0.0000 
0.0337 0.5730 0.3820 0.0112 
0.5281 0.0449 0.0449 0.3820 
0.1124 0.0000 0.0337 0.8539 

MOTIF filter3 
letter-probability matrix: alength= 4 w= 20 nsites= 20 
0.3818 0.2000 0.1455 0.2727 
0.0727 0.3818 0.4545 0.0909 
0.1636 0.2727 0.4727 0.0909 
0.0182 0.1091 0.0727 0.8000 
0.0727 0.2182 0.5818 0.1273 
0.0727 0.1091 0.8000 0.0182 
0.0364 0.4545 0.1091 0.4000 
0.2364 0.1273 0.1273 0.5091 
0.7091 0.0182 0.0545 0.2182 
0.0000 0.1091 0.4000 0.4909 
0.0000 0.3455 0.0182 0.6364 
0.0000 0.0909 0.1455 0.7636 
0.0000 0.0000 0.7455 0.2545 
0.4909 0.0727 0.0909 0.3455 
0.0545 0.9091 0.0364 0.0000 
0.5455 0.1091 0.1818 0.1636 
0.7273 0.0727 0.1818 0.0182 
0.5091 0.4182 0.0727 0.0000 
0.9091 0.0000 0.0364 0.0545 
0.2909 0.3273 0.2545 0.1273 

MOTIF filter4 
letter-probability matrix: alength= 4 w= 13 nsites= 13 
0.2715 0.2344 0.2122 0.2819 
0.2537 0.2611 0.2418 0.2433 
0.1217 0.2047 0.1484 0.5252 
0.0000 0.0000 0.0000 1.0000 
0.0000 0.0000 0.0000 1.0000 
0.0401 0.9599 0.0000 0.0000 
0.0000 0.7626 0.0000 0.2374 
0.2864 0.1766 0.2804 0.2567 
0.1157 0.0000 0.8843 0.0000 
0.0000 0.0000 0.9911 0.0089 
1.0000 0.0000 0.0000 0.0000 
1.0000 0.0000 0.0000 0.0000 
0.5772 0.0772 0.1988 0.1469 

MOTIF filter5 
letter-probability matrix: alength= 4 w= 20 nsites= 20 
0.4737 0.3158 0.1053 0.1053 
0.0526 0.8421 0.1053 0.0000 
0.0000 0.8947 0.1053 0.0000 
0.8421 0.0000 0.1579 0.0000 
0.0000 0.0000 0.0526 0.9474 
1.0000 0.0000 0.0000 0.0000 
0.0000 0.0526 0.0526 0.8947 
0.7895 0.0526 0.0000 0.1579 
0.3158 0.0000 0.0000 0.6842 
0.1053 0.1053 0.7895 0.0000 
0.1579 0.0000 0.8421 0.0000 
0.0000 0.0526 0.9474 0.0000 
0.1579 0.4211 0.4211 0.0000 
0.9474 0.0000 0.0000 0.0526 
0.1053 0.7895 0.0000 0.1053 
0.0526 0.1053 0.0000 0.8421 
0.1053 0.3158 0.5789 0.0000 
0.1053 0.0000 0.6842 0.2105 
0.1053 0.3684 0.1579 0.3684 
0.5789 0.4211 0.0000 0.0000 

MOTIF filter6 
letter-probability matrix: alength= 4 w= 15 nsites= 15 
0.4427 0.2213 0.1627 0.1733 
0.0773 0.3787 0.1093 0.4347 
0.0693 0.3227 0.3680 0.2400 
0.4133 0.1253 0.4613 0.0000 
0.5867 0.0053 0.3733 0.0347 
0.0000 1.0000 0.0000 0.0000 
0.0000 1.0000 0.0000 0.0000 
1.0000 0.0000 0.0000 0.0000 
1.0000 0.0000 0.0000 0.0000 
0.0000 0.0000 0.0000 1.0000 
0.0240 0.7813 0.1947 0.0000 
0.8213 0.0027 0.1760 0.0000 
0.0613 0.0667 0.8693 0.0027 
0.1973 0.3013 0.2347 0.2667 
0.2773 0.1947 0.2720 0.2560 

MOTIF filter7 
letter-probability matrix: alength= 4 w= 15 nsites= 15 
0.1791 0.2669 0.2568 0.2973 
0.1520 0.1757 0.3682 0.3041 
0.0135 0.5101 0.2162 0.2601 
0.0642 0.6588 0.1486 0.1284 
0.7534 0.0034 0.2264 0.0169 
0.0000 0.9696 0.0000 0.0304 
0.0000 0.0000 0.0000 1.0000 
0.0000 0.0000 0.0000 1.0000 
0.0000 1.0000 0.0000 0.0000 
0.0000 1.0000 0.0000 0.0000 
0.0000 0.0000 0.9966 0.0034 
0.0000 0.1486 0.8480 0.0034 
0.2128 0.2095 0.2568 0.3209 
0.2128 0.2534 0.2736 0.2601 
0.2736 0.2128 0.2297 0.2838 

MOTIF filter8 
letter-probability matrix: alength= 4 w= 20 nsites= 20 
0.2727 0.2727 0.1818 0.2727 
0.4545 0.3636 0.0909 0.0909 
0.1818 0.4545 0.2727 0.0909 
0.0000 0.0909 0.9091 0.0000 
0.0000 0.0000 0.0000 1.0000 
0.0909 0.0000 0.0909 0.8182 
0.0909 0.8182 0.0909 0.0000 
0.0000 0.9091 0.0000 0.0909 
0.1818 0.0000 0.0000 0.8182 
0.0909 0.0909 0.4545 0.3636 
0.0000 0.1818 0.5455 0.2727 
0.9091 0.0000 0.0909 0.0000 
0.9091 0.0000 0.0909 0.0000 
0.0000 0.0000 0.0000 1.0000 
0.7273 0.2727 0.0000 0.0000 
0.8182 0.0909 0.0909 0.0000 
0.2727 0.0909 0.4545 0.1818 
0.6364 0.0000 0.0909 0.2727 
0.0000 0.1818 0.4545 0.3636 
0.8182 0.1818 0.0000 0.0000 

MOTIF filter9 
letter-probability matrix: alength= 4 w= 17 nsites= 17 
0.2262 0.2509 0.2621 0.2608 
0.2052 0.2868 0.2806 0.2274 
0.2905 0.2373 0.2287 0.2435 
0.1570 0.0692 0.0371 0.7367 
0.0297 0.0841 0.6638 0.2225 
0.4203 0.3906 0.0680 0.1211 
0.0000 1.0000 0.0000 0.0000 
0.0000 1.0000 0.0000 0.0000 
0.8307 0.0000 0.0074 0.1619 
0.0111 0.0000 0.0000 0.9889 
1.0000 0.0000 0.0000 0.0000 
0.0000 0.0000 0.0000 1.0000 
0.9951 0.0012 0.0000 0.0037 
0.1434 0.0025 0.0012 0.8529 
0.0000 0.0074 0.9926 0.0000 
0.0000 0.0000 1.0000 0.0000 
0.1051 0.0680 0.3931 0.4339 

MOTIF filter10 
letter-probability matrix: alength= 4 w= 20 nsites= 20 
0.2500 0.2000 0.4500 0.1000 
0.1000 0.4500 0.0000 0.4500 
0.1000 0.6000 0.0500 0.2500 
0.0500 0.9000 0.0000 0.0500 
0.6500 0.1500 0.1000 0.1000 
0.0500 0.0000 0.8500 0.1000 
0.7000 0.1500 0.1000 0.0500 
0.1000 0.0500 0.8000 0.0500 
0.2000 0.1000 0.1000 0.6000 
0.0500 0.9500 0.0000 0.0000 
0.8000 0.1000 0.0000 0.1000 
0.0000 0.1500 0.4500 0.4000 
0.0500 0.9000 0.0500 0.0000 
0.0000 0.2500 0.7500 0.0000 
0.3500 0.3500 0.2500 0.0500 
0.3500 0.0500 0.2500 0.3500 
0.0000 1.0000 0.0000 0.0000 
0.0500 0.0000 0.3000 0.6500 
0.0500 0.3000 0.5000 0.1500 
0.2500 0.0000 0.7500 0.0000 

MOTIF filter11 
letter-probability matrix: alength= 4 w= 20 nsites= 20 
0.2500 0.3125 0.1875 0.2500 
0.1250 0.0000 0.7500 0.1250 
0.5000 0.1250 0.3125 0.0625 
0.2500 0.1250 0.5000 0.1250 
0.3125 0.3125 0.3125 0.0625 
0.0625 0.3125 0.1250 0.5000 
0.0625 0.0625 0.0625 0.8125 
0.0000 0.1250 0.8750 0.0000 
0.0000 0.1250 0.1250 0.7500 
0.3750 0.1250 0.3750 0.1250 
0.0000 1.0000 0.0000 0.0000 
0.5625 0.3125 0.0625 0.0625 
0.6250 0.3750 0.0000 0.0000 
0.4375 0.1875 0.3750 0.0000 
0.0625 0.9375 0.0000 0.0000 
0.2500 0.0625 0.6250 0.0625 
0.0000 0.9375 0.0000 0.0625 
0.0625 0.1875 0.6875 0.0625 
0.0000 0.6250 0.0000 0.3750 
0.1875 0.1250 0.5625 0.1250 

MOTIF filter12 
letter-probability matrix: alength= 4 w= 18 nsites= 18 
0.2755 0.5408 0.0510 0.1327 
0.2211 0.1769 0.0612 0.5408 
0.2789 0.1735 0.3129 0.2347 
0.6599 0.0510 0.0884 0.2007 
0.1735 0.2925 0.5136 0.0204 
0.0000 0.0000 0.0000 1.0000 
0.0034 0.9966 0.0000 0.0000 
1.0000 0.0000 0.0000 0.0000 
0.0000 0.0000 0.9932 0.0068 
0.0000 1.0000 0.0000 0.0000 
1.0000 0.0000 0.0000 0.0000 
0.4388 0.1497 0.1395 0.2721 
0.4048 0.0340 0.0034 0.5578 
0.3741 0.0544 0.0000 0.5714 
0.3061 0.1156 0.0170 0.5612 
0.2993 0.2211 0.2415 0.2381 
0.2721 0.2687 0.2245 0.2347 
0.2109 0.2993 0.2313 0.2585 

MOTIF filter13 
letter-probability matrix: alength= 4 w= 15 nsites= 15 
0.2690 0.2893 0.2208 0.2208 
0.0711 0.2208 0.4645 0.2437 
0.0000 0.8046 0.0203 0.1751 
0.0000 0.8401 0.0000 0.1599 
0.0000 1.0000 0.0000 0.0000 
0.0000 1.0000 0.0000 0.0000 
0.0990 0.0102 0.6066 0.2843 
0.0000 1.0000 0.0000 0.0000 
0.0000 1.0000 0.0000 0.0000 
0.0000 0.7970 0.0000 0.2030 
0.0660 0.8477 0.0000 0.0863 
0.0406 0.6497 0.0508 0.2589 
0.2284 0.2716 0.2360 0.2640 
0.2817 0.2487 0.2335 0.2360 
0.2310 0.3071 0.2360 0.2259 

MOTIF filter14 
letter-probability matrix: alength= 4 w= 16 nsites= 16 
0.2508 0.2345 0.2638 0.2508 
0.2280 0.2736 0.2215 0.2769 
0.2280 0.2410 0.2410 0.2899 
0.2508 0.0358 0.6482 0.0651 
0.1270 0.0000 0.7818 0.0912 
0.1629 0.0000 0.8371 0.0000 
0.0000 0.0000 1.0000 0.0000 
0.0000 0.0000 1.0000 0.0000 
0.3062 0.5668 0.0000 0.1270 
0.0000 0.0000 1.0000 0.0000 
0.0000 0.0000 1.0000 0.0000 
0.1303 0.0000 0.8697 0.0000 
0.1498 0.0033 0.8469 0.0000 
0.1661 0.5896 0.1987 0.0456 
0.2801 0.2150 0.2671 0.2378 
0.2443 0.2899 0.2280 0.2378 

MOTIF filter15 
letter-probability matrix: alength= 4 w= 20 nsites= 20 
0.3902 0.1707 0.1220 0.3171 
0.2195 0.1220 0.0244 0.6341 
0.1951 0.0732 0.0976 0.6341 
0.0488 0.5854 0.1707 0.1951 
0.3902 0.1220 0.0976 0.3902 
0.3171 0.1951 0.3415 0.1463 
0.9512 0.0488 0.0000 0.0000 
0.8537 0.0488 0.0732 0.0244 
0.0244 0.0488 0.0976 0.8293 
0.1220 0.0732 0.2195 0.5854 
0.1220 0.0976 0.0244 0.7561 
0.0488 0.2683 0.0732 0.6098 
0.3659 0.2195 0.3171 0.0976 
0.0000 0.3415 0.0000 0.6585 
0.4390 0.0244 0.0732 0.4634 
0.1220 0.0000 0.0000 0.8780 
0.0488 0.0244 0.6098 0.3171 
0.6829 0.0000 0.2439 0.0732 
0.0488 0.4878 0.1220 0.3415 
0.0732 0.0000 0.7805 0.1463 

MOTIF filter16 
letter-probability matrix: alength= 4 w= 20 nsites= 20 
0.3810 0.1905 0.1429 0.2857 
0.0476 0.7143 0.2381 0.0000 
0.9524 0.0476 0.0000 0.0000 
0.6190 0.1905 0.1429 0.0476 
0.0000 0.4286 0.5714 0.0000 
0.0476 0.2857 0.1905 0.4762 
0.3333 0.1429 0.0952 0.4286 
0.1429 0.4762 0.0476 0.3333 
0.0476 0.2381 0.1429 0.5714 
0.5714 0.0000 0.1429 0.2857 
0.5714 0.0000 0.0476 0.3810 
1.0000 0.0000 0.0000 0.0000 
0.0476 0.2857 0.0952 0.5714 
0.2857 0.1429 0.0000 0.5714 
0.7143 0.0476 0.0952 0.1429 
0.3333 0.6667 0.0000 0.0000 
0.0000 0.2857 0.0000 0.7143 
0.0476 0.0000 0.9524 0.0000 
0.3333 0.3810 0.0000 0.2857 
0.5238 0.0476 0.0476 0.3810 

MOTIF filter17 
letter-probability matrix: alength= 4 w= 20 nsites= 20 
0.2727 0.2893 0.2149 0.2231 
0.0826 0.0000 0.8512 0.0661 
0.0909 0.3802 0.3388 0.1901 
0.2479 0.2066 0.2231 0.3223 
0.0909 0.3802 0.1157 0.4132 
0.4050 0.0083 0.0083 0.5785 
0.2975 0.3967 0.0744 0.2314 
0.6777 0.2645 0.0083 0.0496 
0.5868 0.0413 0.2066 0.1653 
0.0000 0.0992 0.1405 0.7603 
0.4628 0.2479 0.2893 0.0000 
0.0331 0.6281 0.2562 0.0826 
0.1983 0.3719 0.4215 0.0083 
0.2727 0.2810 0.2975 0.1488 
0.0000 0.0000 0.6942 0.3058 
0.0083 0.0248 0.5455 0.4215 
0.0744 0.0331 0.7190 0.1736 
0.0000 0.0000 0.0000 1.0000 
0.5702 0.2231 0.0331 0.1736 
0.0331 0.2479 0.3884 0.3306 

MOTIF filter18 
letter-probability matrix: alength= 4 w= 12 nsites= 12 
0.2520 0.2680 0.2383 0.2417 
0.2315 0.2623 0.2611 0.2452 
0.1163 0.0639 0.3466 0.4732 
0.0148 0.8928 0.0000 0.0924 
0.0000 0.0000 0.0000 1.0000 
1.0000 0.0000 0.0000 0.0000 
0.2600 0.0000 0.0000 0.7400 
0.4618 0.0000 0.0000 0.5382 
0.5519 0.0000 0.0000 0.4481 
0.7001 0.0000 0.0000 0.2999 
0.0000 0.0000 0.0000 1.0000 
1.0000 0.0000 0.0000 0.0000 

MOTIF filter19 
letter-probability matrix: alength= 4 w= 20 nsites= 20 
0.2600 0.1600 0.2200 0.3600 
0.0200 0.1000 0.8800 0.0000 
0.3400 0.0800 0.3400 0.2400 
0.0800 0.4600 0.2400 0.2200 
0.2200 0.6600 0.0800 0.0400 
0.5200 0.0600 0.1600 0.2600 
0.2000 0.7200 0.0400 0.0400 
0.0200 0.0600 0.0000 0.9200 
0.2400 0.3000 0.3200 0.1400 
0.2800 0.3600 0.2800 0.0800 
0.0600 0.1600 0.1600 0.6200 
0.1600 0.2600 0.5600 0.0200 
0.0600 0.0000 0.9200 0.0200 
0.0200 0.0000 0.0800 0.9000 
0.1200 0.3600 0.4200 0.1000 
0.1000 0.6400 0.1000 0.1600 
0.0600 0.8800 0.0400 0.0200 
0.0200 0.2800 0.0600 0.6400 
0.1400 0.7600 0.0000 0.1000 
0.2600 0.0400 0.0800 0.6200 

MOTIF filter20 
letter-probability matrix: alength= 4 w= 10 nsites= 10 
0.2531 0.2224 0.2224 0.3020 
0.2327 0.2388 0.2857 0.2429 
0.2306 0.2939 0.2408 0.2347 
0.0000 0.7837 0.2163 0.0000 
0.0184 0.9816 0.0000 0.0000 
0.0000 0.0000 1.0000 0.0000 
0.0000 0.0000 1.0000 0.0000 
1.0000 0.0000 0.0000 0.0000 
1.0000 0.0000 0.0000 0.0000 
0.0571 0.0000 0.9429 0.0000 

MOTIF filter21 
letter-probability matrix: alength= 4 w= 14 nsites= 14 
0.2535 0.2686 0.2396 0.2383 
0.2371 0.2787 0.2472 0.2371 
0.1072 0.0555 0.3518 0.4855 
0.0265 0.8777 0.0000 0.0958 
0.0000 0.0000 0.0000 1.0000 
1.0000 0.0000 0.0000 0.0000 
0.2825 0.0000 0.0000 0.7175 
0.4767 0.0000 0.0000 0.5233 
0.5738 0.0000 0.0000 0.4262 
0.7049 0.0000 0.0000 0.2951 
0.0000 0.0000 0.0000 1.0000 
1.0000 0.0000 0.0000 0.0000 
0.0681 0.0000 0.9319 0.0000 
0.4754 0.3720 0.0328 0.1198 

MOTIF filter22 
letter-probability matrix: alength= 4 w= 12 nsites= 12 
0.2553 0.1895 0.2053 0.3500 
0.0000 0.0000 0.0000 1.0000 
0.0000 0.0000 1.0000 0.0000 
0.0211 0.9789 0.0000 0.0000 
0.0000 0.0000 0.0000 1.0000 
0.0000 0.0000 1.0000 0.0000 
1.0000 0.0000 0.0000 0.0000 
0.0237 0.5474 0.2895 0.1395 
0.2026 0.1132 0.0421 0.6421 
0.2105 0.3868 0.0921 0.3105 
0.4789 0.0237 0.1947 0.3026 
0.1737 0.0500 0.5184 0.2579 

MOTIF filter23 
letter-probability matrix: alength= 4 w= 13 nsites= 13 
0.2449 0.2363 0.2623 0.2565 
0.2305 0.1745 0.3905 0.2044 
0.4002 0.2199 0.3529 0.0270 
0.0000 0.0000 0.0000 1.0000 
0.0000 0.0000 0.9981 0.0019 
1.0000 0.0000 0.0000 0.0000 
0.0116 0.4908 0.4976 0.0000 
0.0000 0.0000 0.0000 1.0000 
0.0000 1.0000 0.0000 0.0000 
1.0000 0.0000 0.0000 0.0000 
0.0212 0.3269 0.2478 0.4041 
0.2170 0.3635 0.1909 0.2285 
0.2565 0.2208 0.2662 0.2565 

MOTIF filter24 
letter-probability matrix: alength= 4 w= 12 nsites= 12 
0.0699 0.6525 0.1398 0.1377 
0.0000 0.2055 0.0000 0.7945 
0.0000 0.2585 0.7013 0.0403 
1.0000 0.0000 0.0000 0.0000 
0.0000 0.0000 0.0000 1.0000 
0.0000 0.0000 0.0000 1.0000 
0.0000 0.0000 1.0000 0.0000 
0.0000 0.0000 1.0000 0.0000 
0.0614 0.3919 0.0042 0.5424 
0.0106 0.4174 0.1504 0.4216 
0.1843 0.4089 0.3242 0.0826 
0.4407 0.1525 0.3072 0.0996 

MOTIF filter25 
letter-probability matrix: alength= 4 w= 20 nsites= 20 
0.2958 0.2958 0.2254 0.1831 
0.0423 0.3662 0.0986 0.4930 
0.0704 0.0986 0.0563 0.7746 
0.0141 0.4789 0.5070 0.0000 
0.0000 0.0845 0.7746 0.1408 
0.7606 0.0141 0.0000 0.2254 
0.4225 0.0000 0.2254 0.3521 
0.6479 0.0986 0.0282 0.2254 
0.8028 0.0563 0.1268 0.0141 
0.0282 0.7746 0.0000 0.1972 
0.0423 0.8451 0.1127 0.0000 
0.1127 0.1549 0.4225 0.3099 
0.1690 0.6338 0.0845 0.1127 
0.0704 0.3521 0.1549 0.4225 
0.3944 0.1549 0.1549 0.2958 
0.0282 0.0704 0.0141 0.8873 
0.7324 0.0986 0.1549 0.0141 
0.1268 0.4648 0.0845 0.3239 
0.3380 0.0423 0.3803 0.2394 
0.1831 0.0986 0.4366 0.2817 

MOTIF filter26 
letter-probability matrix: alength= 4 w= 12 nsites= 12 
0.0626 0.0579 0.0579 0.8216 
0.0000 0.0000 0.0016 0.9984 
0.2895 0.0000 0.6808 0.0297 
0.0000 0.9937 0.0000 0.0063 
0.0000 0.0000 1.0000 0.0000 
0.0689 0.7105 0.0000 0.2207 
1.0000 0.0000 0.0000 0.0000 
1.0000 0.0000 0.0000 0.0000 
0.0047 0.3834 0.0939 0.5180 
0.2629 0.2754 0.2598 0.2019 
0.2426 0.2316 0.2629 0.2629 
0.2488 0.2426 0.2692 0.2394 

MOTIF filter27 
letter-probability matrix: alength= 4 w= 16 nsites= 16 
0.2707 0.2611 0.2166 0.2516 
0.1083 0.0127 0.7006 0.1783 
0.0892 0.7293 0.1178 0.0637 
0.2994 0.3280 0.2580 0.1146 
0.0446 0.0000 0.8535 0.1019 
0.0000 1.0000 0.0000 0.0000 
0.0000 1.0000 0.0000 0.0000 
1.0000 0.0000 0.0000 0.0000 
0.0000 0.0000 0.0000 1.0000 
0.0032 0.4554 0.1274 0.4140 
0.0000 0.0064 0.0000 0.9936 
0.0000 0.0000 0.0000 1.0000 
0.0796 0.0924 0.7102 0.1178 
0.3057 0.2006 0.2325 0.2611 
0.2102 0.2675 0.2643 0.2580 
0.2452 0.2548 0.2484 0.2516 

MOTIF filter28 
letter-probability matrix: alength= 4 w= 20 nsites= 20 
0.2368 0.3158 0.3158 0.1316 
0.1053 0.2632 0.4211 0.2105 
0.0789 0.8158 0.1053 0.0000 
0.6579 0.0789 0.0000 0.2632 
0.2632 0.2105 0.3947 0.1316 
0.0526 0.0000 0.0000 0.9474 
0.2368 0.1316 0.1842 0.4474 
0.9474 0.0263 0.0000 0.0263 
0.4211 0.0789 0.0263 0.4737 
0.5526 0.0263 0.2895 0.1316 
0.5000 0.1316 0.3158 0.0526 
0.1316 0.6053 0.2105 0.0526 
0.0526 0.1053 0.7895 0.0526 
0.2632 0.0263 0.2368 0.4737 
0.0526 0.0000 0.0526 0.8947 
0.0789 0.1316 0.7632 0.0263 
0.0000 0.7895 0.1579 0.0526 
0.1053 0.0789 0.5526 0.2632 
0.0000 0.2895 0.1316 0.5789 
0.6579 0.0000 0.3158 0.0263 

MOTIF filter29 
letter-probability matrix: alength= 4 w= 12 nsites= 12 
0.2723 0.2421 0.2147 0.2709 
0.2513 0.2644 0.2395 0.2448 
0.1427 0.1950 0.1414 0.5209 
0.0000 0.0000 0.0000 1.0000 
0.0000 0.0000 0.0000 1.0000 
0.0026 0.9974 0.0000 0.0000 
0.0000 0.8220 0.0000 0.1780 
0.2330 0.2526 0.2160 0.2984 
0.2382 0.0000 0.7592 0.0026 
0.0000 0.0000 0.9346 0.0654 
0.9987 0.0013 0.0000 0.0000 
1.0000 0.0000 0.0000 0.0000 

MOTIF filter30 
letter-probability matrix: alength= 4 w= 16 nsites= 16 
0.0039 0.9871 0.0065 0.0026 
0.0000 1.0000 0.0000 0.0000 
0.8473 0.0000 0.0000 0.1527 
0.0078 0.0000 0.0000 0.9922 
1.0000 0.0000 0.0000 0.0000 
0.0000 0.0000 0.0000 1.0000 
0.9935 0.0000 0.0000 0.0065 
0.1436 0.0000 0.0000 0.8564 
0.0000 0.0000 1.0000 0.0000 
0.0000 0.0000 1.0000 0.0000 
0.0996 0.0608 0.4114 0.4282 
0.2264 0.6701 0.0880 0.0155 
0.7516 0.0168 0.0634 0.1682 
0.2342 0.2820 0.2432 0.2406 
0.2251 0.2704 0.2536 0.2510 
0.2523 0.2432 0.2626 0.2419 

MOTIF filter31 
letter-probability matrix: alength= 4 w= 17 nsites= 17 
0.2356 0.2411 0.2466 0.2767 
0.2219 0.2986 0.2630 0.2164 
0.2740 0.2384 0.2055 0.2822 
0.1507 0.6521 0.1342 0.0630 
1.0000 0.0000 0.0000 0.0000 
0.9890 0.0000 0.0110 0.0000 
0.4329 0.0712 0.4740 0.0219 
1.0000 0.0000 0.0000 0.0000 
0.0000 0.0000 0.0000 1.0000 
0.0000 0.0000 1.0000 0.0000 
0.0000 0.0000 1.0000 0.0000 
0.0712 0.8466 0.0000 0.0822 
0.1205 0.1918 0.4192 0.2685 
0.0877 0.0849 0.7616 0.0658 
0.1370 0.7589 0.0164 0.0877 
0.2685 0.2521 0.2000 0.2795 
0.2411 0.2411 0.2904 0.2274 

