MEME version 4

ALPHABET= ACGT

Background letter frequencies:
A 0.2500 C 0.2500 G 0.2500 T 0.2500 

MOTIF filter0 
letter-probability matrix: alength= 4 w= 12 nsites= 12 
0.2750 0.1969 0.1844 0.3438 
0.0000 0.0000 0.0000 1.0000 
0.0000 0.0000 1.0000 0.0000 
0.0219 0.9781 0.0000 0.0000 
0.0000 0.0000 0.0000 1.0000 
0.0000 0.0000 1.0000 0.0000 
1.0000 0.0000 0.0000 0.0000 
0.0125 0.5688 0.2969 0.1219 
0.2000 0.0688 0.0344 0.6969 
0.1781 0.4187 0.1000 0.3031 
0.5250 0.0094 0.2250 0.2406 
0.1844 0.0281 0.5813 0.2062 

MOTIF filter1 
letter-probability matrix: alength= 4 w= 12 nsites= 12 
0.2480 0.2573 0.2520 0.2427 
0.2509 0.2631 0.2474 0.2386 
0.2567 0.2270 0.2503 0.2660 
0.5995 0.0000 0.0000 0.4005 
0.0000 0.0000 0.0000 1.0000 
0.0000 0.0047 0.0000 0.9953 
0.9080 0.0000 0.0920 0.0000 
1.0000 0.0000 0.0000 0.0000 
0.3976 0.0000 0.0000 0.6024 
0.2526 0.2416 0.2538 0.2520 
0.2433 0.2544 0.2520 0.2503 
0.2439 0.2608 0.2346 0.2608 

MOTIF filter2 
letter-probability matrix: alength= 4 w= 20 nsites= 20 
0.1875 0.2188 0.3438 0.2500 
0.0625 0.0312 0.3750 0.5312 
0.0000 0.6250 0.0312 0.3438 
0.7188 0.2812 0.0000 0.0000 
0.5625 0.0000 0.4062 0.0312 
0.1562 0.0312 0.1250 0.6875 
0.3125 0.3438 0.0312 0.3125 
0.1250 0.2812 0.0000 0.5938 
0.0000 0.0000 0.7188 0.2812 
0.0625 0.7812 0.1562 0.0000 
0.0938 0.0625 0.8125 0.0312 
0.6250 0.0312 0.1875 0.1562 
0.3750 0.1562 0.0625 0.4062 
0.0938 0.3750 0.0000 0.5312 
0.0000 0.8438 0.0312 0.1250 
0.3438 0.3125 0.2812 0.0625 
0.4688 0.5312 0.0000 0.0000 
0.0938 0.0938 0.8125 0.0000 
0.9062 0.0312 0.0312 0.0312 
0.2188 0.1875 0.2500 0.3438 

MOTIF filter3 
letter-probability matrix: alength= 4 w= 12 nsites= 12 
0.4331 0.2268 0.1746 0.1655 
0.0816 0.3469 0.1474 0.4240 
0.0794 0.3129 0.3787 0.2290 
0.4331 0.1338 0.4331 0.0000 
0.5624 0.0045 0.3968 0.0363 
0.0000 1.0000 0.0000 0.0000 
0.0000 1.0000 0.0000 0.0000 
1.0000 0.0000 0.0000 0.0000 
1.0000 0.0000 0.0000 0.0000 
0.0000 0.0000 0.0000 1.0000 
0.0204 0.7460 0.2336 0.0000 
0.7959 0.0000 0.2041 0.0000 

MOTIF filter4 
letter-probability matrix: alength= 4 w= 14 nsites= 14 
0.1792 0.1981 0.3396 0.2830 
0.0000 0.5849 0.1887 0.2264 
0.0472 0.7406 0.1368 0.0755 
0.7594 0.0047 0.2170 0.0189 
0.0000 0.9953 0.0047 0.0000 
0.0000 0.0000 0.0000 1.0000 
0.0000 0.0000 0.0000 1.0000 
0.0000 1.0000 0.0000 0.0000 
0.0000 1.0000 0.0000 0.0000 
0.0000 0.0000 0.9906 0.0094 
0.0000 0.1415 0.8585 0.0000 
0.2547 0.2123 0.2406 0.2925 
0.1415 0.2547 0.2877 0.3160 
0.2406 0.2264 0.2264 0.3066 

MOTIF filter5 
letter-probability matrix: alength= 4 w= 16 nsites= 16 
0.2799 0.2570 0.2621 0.2010 
0.2570 0.3053 0.2341 0.2036 
0.0611 0.2036 0.4707 0.2646 
0.0000 0.7913 0.0178 0.1908 
0.0000 0.8219 0.0000 0.1781 
0.0000 1.0000 0.0000 0.0000 
0.0000 1.0000 0.0000 0.0000 
0.0916 0.0025 0.6310 0.2748 
0.0000 1.0000 0.0000 0.0000 
0.0000 1.0000 0.0000 0.0000 
0.0000 0.8270 0.0000 0.1730 
0.0814 0.8346 0.0000 0.0840 
0.0331 0.6310 0.0509 0.2850 
0.2392 0.2595 0.2392 0.2621 
0.2850 0.2316 0.2443 0.2392 
0.2188 0.3003 0.2443 0.2366 

MOTIF filter6 
letter-probability matrix: alength= 4 w= 20 nsites= 20 
0.2286 0.2286 0.3714 0.1714 
0.1143 0.0000 0.7714 0.1143 
0.0000 0.0857 0.8286 0.0857 
0.4286 0.0857 0.4286 0.0571 
0.0286 0.0571 0.7143 0.2000 
0.1429 0.7429 0.0571 0.0571 
0.8000 0.2000 0.0000 0.0000 
0.1143 0.7714 0.0571 0.0571 
0.0571 0.4857 0.2857 0.1714 
0.0000 0.2000 0.7714 0.0286 
0.0571 0.0571 0.4286 0.4571 
0.4571 0.0000 0.5143 0.0286 
0.0000 1.0000 0.0000 0.0000 
0.0571 0.0857 0.5429 0.3143 
0.0000 0.0000 0.9143 0.0857 
0.1143 0.0857 0.3143 0.4857 
0.1429 0.0857 0.4000 0.3714 
0.1429 0.3714 0.1714 0.3143 
0.3714 0.1429 0.0000 0.4857 
0.1714 0.3143 0.5143 0.0000 

MOTIF filter7 
letter-probability matrix: alength= 4 w= 20 nsites= 20 
0.2932 0.2410 0.2329 0.2329 
0.1660 0.0562 0.0268 0.7510 
0.0254 0.0897 0.6519 0.2329 
0.4364 0.3855 0.0616 0.1165 
0.0000 1.0000 0.0000 0.0000 
0.0000 0.9987 0.0013 0.0000 
0.8461 0.0000 0.0000 0.1539 
0.0027 0.0000 0.0000 0.9973 
1.0000 0.0000 0.0000 0.0000 
0.0000 0.0000 0.0000 1.0000 
1.0000 0.0000 0.0000 0.0000 
0.1352 0.0013 0.0000 0.8635 
0.0000 0.0000 1.0000 0.0000 
0.0000 0.0000 1.0000 0.0000 
0.0884 0.0710 0.4096 0.4311 
0.2289 0.6506 0.0897 0.0308 
0.7403 0.0281 0.0656 0.1660 
0.2088 0.2825 0.2570 0.2517 
0.2369 0.2610 0.2584 0.2436 
0.2597 0.2343 0.2490 0.2570 

MOTIF filter8 
letter-probability matrix: alength= 4 w= 15 nsites= 15 
0.2622 0.2993 0.2158 0.2227 
0.2691 0.2668 0.2390 0.2251 
0.2413 0.2622 0.2367 0.2599 
0.0070 0.7865 0.1137 0.0928 
0.0000 0.1949 0.0000 0.8051 
0.0000 0.2483 0.7169 0.0348 
1.0000 0.0000 0.0000 0.0000 
0.0000 0.0000 0.0000 1.0000 
0.0000 0.0000 0.0000 1.0000 
0.0000 0.0000 1.0000 0.0000 
0.0000 0.0000 1.0000 0.0000 
0.0510 0.3968 0.0070 0.5452 
0.0162 0.4223 0.1531 0.4084 
0.1856 0.4014 0.3109 0.1021 
0.4408 0.1555 0.3179 0.0858 

MOTIF filter9 
letter-probability matrix: alength= 4 w= 20 nsites= 20 
0.1879 0.2349 0.3087 0.2685 
0.0805 0.1611 0.2819 0.4765 
0.0000 0.0134 0.2081 0.7785 
0.0134 0.0738 0.7584 0.1544 
0.1477 0.2886 0.0671 0.4966 
0.2617 0.6107 0.0537 0.0738 
0.0805 0.4631 0.2148 0.2416 
0.1342 0.2752 0.5638 0.0268 
0.0067 0.1946 0.1946 0.6040 
0.2349 0.0604 0.1812 0.5235 
0.0000 0.1879 0.1074 0.7047 
0.0000 0.5705 0.0000 0.4295 
0.0403 0.1007 0.0268 0.8322 
0.0134 0.5638 0.0067 0.4161 
0.0067 0.1342 0.4899 0.3691 
0.4832 0.1342 0.1208 0.2617 
0.2617 0.1678 0.4228 0.1477 
0.4765 0.0201 0.0940 0.4094 
0.3289 0.0134 0.3557 0.3020 
0.8188 0.0201 0.0201 0.1409 

MOTIF filter10 
letter-probability matrix: alength= 4 w= 16 nsites= 16 
0.2509 0.2706 0.2362 0.2423 
0.2337 0.2743 0.2497 0.2423 
0.1095 0.0578 0.3407 0.4920 
0.0111 0.9016 0.0000 0.0873 
0.0000 0.0000 0.0000 1.0000 
1.0000 0.0000 0.0000 0.0000 
0.2632 0.0000 0.0000 0.7368 
0.4576 0.0000 0.0000 0.5424 
0.5461 0.0000 0.0000 0.4539 
0.7048 0.0000 0.0000 0.2952 
0.0000 0.0000 0.0000 1.0000 
1.0000 0.0000 0.0000 0.0000 
0.0787 0.0000 0.9041 0.0172 
0.4686 0.3641 0.0443 0.1230 
0.2817 0.2337 0.2583 0.2263 
0.2472 0.2804 0.2349 0.2374 

MOTIF filter11 
letter-probability matrix: alength= 4 w= 20 nsites= 20 
0.1746 0.3016 0.2063 0.3175 
0.2222 0.0317 0.0476 0.6984 
0.2857 0.3016 0.2222 0.1905 
0.0000 0.2222 0.6190 0.1587 
0.4444 0.0476 0.3333 0.1746 
0.4286 0.0952 0.3492 0.1270 
0.6032 0.3968 0.0000 0.0000 
0.3333 0.2857 0.1746 0.2063 
0.0000 0.0000 1.0000 0.0000 
0.0317 0.6349 0.3175 0.0159 
0.0317 0.9683 0.0000 0.0000 
0.0476 0.5556 0.1270 0.2698 
0.1270 0.2540 0.2698 0.3492 
0.7460 0.0317 0.1905 0.0317 
0.0000 0.0000 0.0000 1.0000 
0.0794 0.0317 0.3333 0.5556 
0.1746 0.0635 0.1905 0.5714 
0.1746 0.0317 0.4444 0.3492 
0.0000 0.0794 0.1270 0.7937 
0.0476 0.2381 0.4603 0.2540 

MOTIF filter12 
letter-probability matrix: alength= 4 w= 15 nsites= 15 
0.2917 0.5449 0.0417 0.1218 
0.2532 0.1891 0.0641 0.4936 
0.2853 0.1442 0.3141 0.2564 
0.6346 0.0513 0.0994 0.2147 
0.1603 0.3109 0.5000 0.0288 
0.0000 0.0000 0.0000 1.0000 
0.0000 1.0000 0.0000 0.0000 
1.0000 0.0000 0.0000 0.0000 
0.0000 0.0000 0.9904 0.0096 
0.0000 1.0000 0.0000 0.0000 
1.0000 0.0000 0.0000 0.0000 
0.4231 0.1667 0.1410 0.2692 
0.4038 0.0385 0.0000 0.5577 
0.3750 0.0705 0.0000 0.5545 
0.3013 0.1250 0.0160 0.5577 

MOTIF filter13 
letter-probability matrix: alength= 4 w= 14 nsites= 14 
0.2302 0.2475 0.2705 0.2518 
0.5511 0.1007 0.3396 0.0086 
0.0000 0.0000 0.0000 1.0000 
0.0000 0.0000 0.0144 0.9856 
0.2820 0.0000 0.6547 0.0633 
0.0000 0.9626 0.0000 0.0374 
0.0590 0.0000 0.9410 0.0000 
0.0748 0.7022 0.0000 0.2230 
0.9842 0.0158 0.0000 0.0000 
1.0000 0.0000 0.0000 0.0000 
0.0043 0.3396 0.1381 0.5180 
0.2791 0.2504 0.2835 0.1871 
0.2345 0.2058 0.2777 0.2820 
0.2619 0.2388 0.2590 0.2403 

MOTIF filter14 
letter-probability matrix: alength= 4 w= 15 nsites= 15 
0.2674 0.2526 0.2053 0.2747 
0.2541 0.2659 0.2201 0.2600 
0.1167 0.1891 0.1285 0.5657 
0.0000 0.0000 0.0000 1.0000 
0.0000 0.0000 0.0000 1.0000 
0.0222 0.9778 0.0000 0.0000 
0.0000 0.8213 0.0000 0.1787 
0.2600 0.2230 0.2452 0.2718 
0.1625 0.0000 0.8375 0.0000 
0.0000 0.0000 0.9897 0.0103 
1.0000 0.0000 0.0000 0.0000 
1.0000 0.0000 0.0000 0.0000 
0.5716 0.0975 0.1920 0.1388 
0.2245 0.2718 0.2570 0.2467 
0.2555 0.2467 0.2644 0.2334 

MOTIF filter15 
letter-probability matrix: alength= 4 w= 20 nsites= 20 
0.3220 0.2712 0.2542 0.1525 
0.8305 0.0508 0.0169 0.1017 
0.0847 0.3559 0.4576 0.1017 
0.0508 0.5593 0.3051 0.0847 
0.0678 0.2034 0.6780 0.0508 
0.3220 0.3559 0.3220 0.0000 
0.0508 0.2881 0.6102 0.0508 
0.0339 0.3051 0.6610 0.0000 
0.0169 0.0169 0.8475 0.1186 
0.1864 0.0169 0.5932 0.2034 
0.6610 0.1186 0.2034 0.0169 
0.1017 0.1356 0.5593 0.2034 
0.2373 0.4576 0.2881 0.0169 
0.0508 0.4915 0.3559 0.1017 
0.0847 0.0847 0.8305 0.0000 
0.0000 0.0000 1.0000 0.0000 
0.3390 0.0339 0.5932 0.0339 
0.8136 0.0000 0.1186 0.0678 
0.3220 0.0339 0.5254 0.1186 
0.0678 0.1864 0.6610 0.0847 

MOTIF filter16 
letter-probability matrix: alength= 4 w= 18 nsites= 18 
0.3220 0.0678 0.2881 0.3220 
0.2881 0.1186 0.5254 0.0678 
0.1186 0.3559 0.0678 0.4576 
0.0000 0.5424 0.0000 0.4576 
1.0000 0.0000 0.0000 0.0000 
0.4915 0.3220 0.0847 0.1017 
0.0678 0.0000 0.0000 0.9322 
0.0000 0.0000 0.0169 0.9831 
0.0847 0.2034 0.0169 0.6949 
0.0000 0.5424 0.3220 0.1356 
0.3390 0.4915 0.0847 0.0847 
0.0339 0.1017 0.8136 0.0508 
0.3559 0.0000 0.5424 0.1017 
0.5932 0.0339 0.2881 0.0847 
0.4915 0.0169 0.4746 0.0169 
0.3220 0.0169 0.2542 0.4068 
0.5763 0.0508 0.3559 0.0169 
0.6949 0.0847 0.1695 0.0508 

MOTIF filter17 
letter-probability matrix: alength= 4 w= 15 nsites= 15 
0.2541 0.2345 0.2248 0.2866 
0.2573 0.2215 0.2964 0.2248 
0.2378 0.2606 0.2573 0.2443 
0.0000 0.8664 0.1336 0.0000 
0.0195 0.9805 0.0000 0.0000 
0.0000 0.0000 1.0000 0.0000 
0.0000 0.0000 1.0000 0.0000 
1.0000 0.0000 0.0000 0.0000 
1.0000 0.0000 0.0000 0.0000 
0.0130 0.0000 0.9870 0.0000 
0.0065 0.3257 0.0000 0.6678 
0.2020 0.0945 0.6678 0.0358 
0.2606 0.2508 0.4658 0.0228 
0.1889 0.3811 0.2443 0.1857 
0.2150 0.2899 0.2541 0.2410 

MOTIF filter18 
letter-probability matrix: alength= 4 w= 20 nsites= 20 
0.3158 0.2632 0.2105 0.2105 
1.0000 0.0000 0.0000 0.0000 
0.2105 0.7895 0.0000 0.0000 
0.6842 0.0000 0.2632 0.0526 
0.0000 0.9474 0.0000 0.0526 
0.7895 0.1053 0.1053 0.0000 
0.2632 0.0526 0.0000 0.6842 
0.0526 0.7368 0.0000 0.2105 
0.4211 0.0526 0.2632 0.2632 
0.4211 0.1053 0.3684 0.1053 
0.1053 0.4737 0.4211 0.0000 
0.5789 0.2632 0.1053 0.0526 
0.0000 0.7895 0.1053 0.1053 
0.0000 0.0000 0.8421 0.1579 
0.0000 0.3158 0.3158 0.3684 
0.2632 0.1053 0.4211 0.2105 
0.1579 0.1579 0.0000 0.6842 
0.2105 0.6842 0.0526 0.0526 
0.2632 0.2632 0.3684 0.1053 
0.3158 0.6842 0.0000 0.0000 

MOTIF filter19 
letter-probability matrix: alength= 4 w= 15 nsites= 15 
0.2992 0.2336 0.1968 0.2704 
0.2400 0.2656 0.2304 0.2640 
0.1168 0.1568 0.1408 0.5856 
0.0000 0.0000 0.0000 1.0000 
0.0000 0.0000 0.0000 1.0000 
0.0176 0.9824 0.0000 0.0000 
0.0016 0.7952 0.0000 0.2032 
0.2784 0.2048 0.2336 0.2832 
0.1488 0.0000 0.8512 0.0000 
0.0000 0.0000 0.9952 0.0048 
1.0000 0.0000 0.0000 0.0000 
1.0000 0.0000 0.0000 0.0000 
0.5856 0.0976 0.2048 0.1120 
0.2288 0.2928 0.2480 0.2304 
0.2608 0.2432 0.2320 0.2640 

MOTIF filter20 
letter-probability matrix: alength= 4 w= 13 nsites= 13 
0.2440 0.2321 0.2629 0.2609 
0.2292 0.1706 0.3968 0.2034 
0.3978 0.2262 0.3542 0.0218 
0.0000 0.0000 0.0000 1.0000 
0.0000 0.0000 1.0000 0.0000 
1.0000 0.0000 0.0000 0.0000 
0.0010 0.5020 0.4970 0.0000 
0.0000 0.0000 0.0000 1.0000 
0.0000 1.0000 0.0000 0.0000 
1.0000 0.0000 0.0000 0.0000 
0.0119 0.3304 0.2540 0.4038 
0.2153 0.3621 0.1885 0.2341 
0.2560 0.2232 0.2679 0.2530 

MOTIF filter21 
letter-probability matrix: alength= 4 w= 16 nsites= 16 
0.2693 0.2415 0.2446 0.2446 
0.2198 0.2508 0.2693 0.2601 
0.2384 0.2353 0.3034 0.2229 
0.2663 0.0372 0.6378 0.0588 
0.1115 0.0000 0.8452 0.0433 
0.1393 0.0000 0.8607 0.0000 
0.0000 0.0000 1.0000 0.0000 
0.0000 0.0000 1.0000 0.0000 
0.2941 0.5697 0.0000 0.1362 
0.0000 0.0000 1.0000 0.0000 
0.0000 0.0000 1.0000 0.0000 
0.1672 0.0000 0.8328 0.0000 
0.1950 0.0124 0.7926 0.0000 
0.1610 0.5913 0.1703 0.0774 
0.2786 0.2012 0.2879 0.2322 
0.2477 0.3003 0.2136 0.2384 

MOTIF filter22 
letter-probability matrix: alength= 4 w= 20 nsites= 20 
0.3750 0.0000 0.1250 0.5000 
0.1250 0.3750 0.3750 0.1250 
0.0000 0.3750 0.3750 0.2500 
0.0000 0.5000 0.1250 0.3750 
0.0000 1.0000 0.0000 0.0000 
0.6250 0.0000 0.1250 0.2500 
0.2500 0.7500 0.0000 0.0000 
0.1250 0.3750 0.2500 0.2500 
0.0000 0.0000 0.0000 1.0000 
0.7500 0.2500 0.0000 0.0000 
0.0000 0.0000 0.1250 0.8750 
0.7500 0.2500 0.0000 0.0000 
0.8750 0.1250 0.0000 0.0000 
1.0000 0.0000 0.0000 0.0000 
1.0000 0.0000 0.0000 0.0000 
1.0000 0.0000 0.0000 0.0000 
0.0000 0.1250 0.1250 0.7500 
0.2500 0.0000 0.2500 0.5000 
0.0000 0.1250 0.8750 0.0000 
0.3750 0.1250 0.1250 0.3750 

MOTIF filter23 
letter-probability matrix: alength= 4 w= 20 nsites= 20 
0.1364 0.2727 0.2273 0.3636 
0.0909 0.2273 0.4091 0.2727 
0.1364 0.8636 0.0000 0.0000 
0.1364 0.5455 0.2273 0.0909 
0.0909 0.6818 0.0909 0.1364 
0.3182 0.0455 0.6364 0.0000 
0.0000 0.0000 0.8182 0.1818 
0.5000 0.4091 0.0455 0.0455 
0.8182 0.0000 0.1364 0.0455 
0.1364 0.0000 0.8182 0.0455 
0.1818 0.3182 0.3636 0.1364 
0.0455 0.0455 0.0000 0.9091 
0.0000 0.2727 0.5000 0.2273 
0.4091 0.0000 0.0455 0.5455 
0.0909 0.0000 0.0000 0.9091 
1.0000 0.0000 0.0000 0.0000 
0.2273 0.0000 0.0455 0.7273 
0.6364 0.1818 0.0000 0.1818 
0.0455 0.5455 0.2273 0.1818 
0.3636 0.1818 0.3636 0.0909 

MOTIF filter24 
letter-probability matrix: alength= 4 w= 17 nsites= 17 
0.2857 0.3810 0.0952 0.2381 
0.0476 0.5714 0.2381 0.1429 
0.4286 0.3810 0.1905 0.0000 
0.0476 0.0952 0.7143 0.1429 
0.0952 0.4762 0.3810 0.0476 
0.2381 0.4286 0.1905 0.1429 
0.0476 0.0476 0.2857 0.6190 
0.0476 0.0000 0.0952 0.8571 
0.0000 0.0000 0.0000 1.0000 
0.0000 0.0000 0.0000 1.0000 
0.1429 0.3333 0.0952 0.4286 
0.4762 0.3810 0.0952 0.0476 
0.3810 0.0476 0.5714 0.0000 
0.0000 0.4286 0.0000 0.5714 
0.7143 0.0476 0.0476 0.1905 
0.0476 0.1429 0.0000 0.8095 
1.0000 0.0000 0.0000 0.0000 

MOTIF filter25 
letter-probability matrix: alength= 4 w= 13 nsites= 13 
0.0836 0.4355 0.2125 0.2683 
0.0871 0.6585 0.1010 0.1533 
0.8014 0.0000 0.1882 0.0105 
0.0000 0.9756 0.0000 0.0244 
0.0000 0.0000 0.0000 1.0000 
0.0000 0.0000 0.0000 1.0000 
0.0000 1.0000 0.0000 0.0000 
0.0000 1.0000 0.0000 0.0000 
0.0000 0.0000 1.0000 0.0000 
0.0000 0.1115 0.8885 0.0000 
0.2369 0.1951 0.2822 0.2857 
0.2648 0.2439 0.2683 0.2230 
0.2578 0.2056 0.2613 0.2753 

MOTIF filter26 
letter-probability matrix: alength= 4 w= 20 nsites= 20 
0.1250 0.2500 0.1250 0.5000 
1.0000 0.0000 0.0000 0.0000 
0.0000 0.5000 0.5000 0.0000 
0.5000 0.1250 0.1250 0.2500 
1.0000 0.0000 0.0000 0.0000 
0.2500 0.0000 0.3750 0.3750 
0.0000 0.0000 1.0000 0.0000 
0.3750 0.1250 0.1250 0.3750 
0.0000 0.8750 0.1250 0.0000 
0.2500 0.3750 0.2500 0.1250 
0.1250 0.8750 0.0000 0.0000 
0.2500 0.2500 0.1250 0.3750 
0.0000 0.2500 0.5000 0.2500 
1.0000 0.0000 0.0000 0.0000 
0.0000 0.3750 0.0000 0.6250 
0.1250 0.8750 0.0000 0.0000 
0.0000 0.2500 0.2500 0.5000 
0.3750 0.0000 0.0000 0.6250 
0.2500 0.5000 0.2500 0.0000 
0.0000 0.0000 0.0000 1.0000 

MOTIF filter27 
letter-probability matrix: alength= 4 w= 20 nsites= 20 
0.2000 0.3000 0.3000 0.2000 
0.2000 0.0000 0.8000 0.0000 
0.3000 0.0000 0.0000 0.7000 
0.4000 0.2000 0.2000 0.2000 
0.7000 0.2000 0.0000 0.1000 
0.0000 1.0000 0.0000 0.0000 
0.1000 0.1000 0.1000 0.7000 
0.0000 0.0000 0.0000 1.0000 
0.0000 0.5000 0.1000 0.4000 
0.1000 0.5000 0.3000 0.1000 
0.0000 0.0000 1.0000 0.0000 
0.2000 0.3000 0.3000 0.2000 
0.2000 0.1000 0.5000 0.2000 
0.0000 0.4000 0.1000 0.5000 
0.1000 0.8000 0.0000 0.1000 
0.3000 0.4000 0.0000 0.3000 
0.1000 0.8000 0.0000 0.1000 
0.0000 0.3000 0.6000 0.1000 
0.7000 0.2000 0.0000 0.1000 
0.0000 0.0000 0.0000 1.0000 

MOTIF filter28 
letter-probability matrix: alength= 4 w= 12 nsites= 12 
0.2305 0.2635 0.2575 0.2485 
0.3892 0.2116 0.2535 0.1457 
0.2255 0.3034 0.3134 0.1577 
0.0000 1.0000 0.0000 0.0000 
1.0000 0.0000 0.0000 0.0000 
0.0000 1.0000 0.0000 0.0000 
0.0010 0.0000 0.9990 0.0000 
0.0000 0.0000 0.0000 1.0000 
0.0000 0.0000 1.0000 0.0000 
0.1597 0.2894 0.3194 0.2315 
0.1697 0.2395 0.1756 0.4152 
0.2305 0.2545 0.2525 0.2625 

MOTIF filter29 
letter-probability matrix: alength= 4 w= 20 nsites= 20 
0.4474 0.1316 0.2895 0.1316 
0.3684 0.1053 0.3158 0.2105 
0.1053 0.6053 0.2105 0.0789 
0.0000 0.9474 0.0000 0.0526 
0.8158 0.0263 0.0526 0.1053 
0.0000 0.9737 0.0000 0.0263 
0.0789 0.1842 0.6842 0.0526 
0.0000 0.0000 0.1842 0.8158 
0.0000 0.0526 0.9211 0.0263 
0.3158 0.3158 0.2105 0.1579 
0.0000 0.5000 0.2105 0.2895 
0.4211 0.1842 0.0789 0.3158 
0.1842 0.8158 0.0000 0.0000 
0.0000 1.0000 0.0000 0.0000 
0.0789 0.8158 0.0000 0.1053 
0.0526 0.3158 0.0526 0.5789 
0.1579 0.5263 0.2632 0.0526 
0.2368 0.6053 0.1053 0.0526 
0.1579 0.1053 0.3158 0.4211 
0.3158 0.2632 0.2368 0.1842 

MOTIF filter30 
letter-probability matrix: alength= 4 w= 20 nsites= 20 
0.1579 0.3158 0.2632 0.2632 
0.0526 0.4211 0.5263 0.0000 
0.1842 0.4211 0.3684 0.0263 
0.1053 0.2368 0.5263 0.1316 
0.0000 0.2368 0.7632 0.0000 
0.1316 0.0263 0.8158 0.0263 
0.2368 0.3158 0.4211 0.0263 
0.2632 0.3684 0.2368 0.1316 
0.0526 0.1579 0.1053 0.6842 
0.1316 0.7632 0.0263 0.0789 
0.0000 0.0000 0.8684 0.1316 
0.1842 0.1316 0.6842 0.0000 
0.0000 0.0526 0.2368 0.7105 
0.1579 0.0789 0.6579 0.1053 
0.0000 0.0263 0.0000 0.9737 
0.1842 0.3158 0.4737 0.0263 
0.1579 0.0526 0.7895 0.0000 
0.5263 0.0526 0.2632 0.1579 
0.1053 0.0526 0.0526 0.7895 
0.3684 0.3684 0.0000 0.2632 

MOTIF filter31 
letter-probability matrix: alength= 4 w= 20 nsites= 20 
0.2915 0.2345 0.2332 0.2408 
0.1508 0.0760 0.0418 0.7313 
0.0292 0.0837 0.6781 0.2091 
0.4183 0.3891 0.0697 0.1229 
0.0000 1.0000 0.0000 0.0000 
0.0000 0.9975 0.0000 0.0025 
0.8441 0.0000 0.0025 0.1534 
0.0177 0.0000 0.0000 0.9823 
1.0000 0.0000 0.0000 0.0000 
0.0000 0.0000 0.0000 1.0000 
0.9987 0.0000 0.0000 0.0013 
0.1546 0.0000 0.0000 0.8454 
0.0000 0.0013 0.9987 0.0000 
0.0000 0.0000 1.0000 0.0000 
0.1039 0.0697 0.3980 0.4284 
0.2155 0.6717 0.0837 0.0292 
0.7490 0.0203 0.0608 0.1698 
0.2408 0.2750 0.2357 0.2484 
0.2180 0.2687 0.2573 0.2560 
0.2446 0.2408 0.2712 0.2433 

