MEME version 4

ALPHABET= ACGT

Background letter frequencies:
A 0.2500 C 0.2500 G 0.2500 T 0.2500 

MOTIF filter0 
letter-probability matrix: alength= 4 w= 14 nsites= 14 
0.2317 0.2610 0.2732 0.2341 
0.2634 0.0610 0.6049 0.0707 
0.1195 0.0000 0.7976 0.0829 
0.1951 0.0000 0.8049 0.0000 
0.0000 0.0000 1.0000 0.0000 
0.0000 0.0000 1.0000 0.0000 
0.3122 0.5439 0.0000 0.1439 
0.0000 0.0000 1.0000 0.0000 
0.0000 0.0000 1.0000 0.0000 
0.1732 0.0000 0.8268 0.0000 
0.2244 0.0220 0.7537 0.0000 
0.1951 0.5195 0.1951 0.0902 
0.2634 0.2024 0.2976 0.2366 
0.2537 0.2707 0.2244 0.2512 

MOTIF filter1 
letter-probability matrix: alength= 4 w= 20 nsites= 20 
0.2963 0.2099 0.2469 0.2469 
0.2840 0.0617 0.3704 0.2840 
0.7160 0.0123 0.1728 0.0988 
0.0988 0.0247 0.5679 0.3086 
0.8519 0.0988 0.0000 0.0494 
0.3086 0.1111 0.5556 0.0247 
0.1975 0.1358 0.0864 0.5802 
0.6667 0.2346 0.0123 0.0864 
0.0617 0.5432 0.3827 0.0123 
0.1235 0.0123 0.6543 0.2099 
0.1481 0.2840 0.5556 0.0123 
0.7654 0.0000 0.2222 0.0123 
0.2346 0.1481 0.2963 0.3210 
0.1481 0.8025 0.0000 0.0494 
0.5062 0.0988 0.0000 0.3951 
0.6543 0.1235 0.0370 0.1852 
0.1728 0.8148 0.0000 0.0123 
0.1605 0.0123 0.5556 0.2716 
0.0370 0.2346 0.0370 0.6914 
0.0000 0.2346 0.4815 0.2840 

MOTIF filter2 
letter-probability matrix: alength= 4 w= 20 nsites= 20 
0.2097 0.2581 0.2419 0.2903 
0.5806 0.1129 0.0000 0.3065 
0.0323 0.0806 0.8710 0.0161 
0.0323 0.3871 0.0323 0.5484 
0.4032 0.2903 0.0968 0.2097 
0.3065 0.3065 0.1452 0.2419 
0.1613 0.0806 0.0484 0.7097 
0.1613 0.7581 0.0000 0.0806 
0.4677 0.1935 0.0161 0.3226 
0.1774 0.0161 0.8065 0.0000 
0.0645 0.1290 0.6774 0.1290 
0.2742 0.1290 0.2581 0.3387 
0.2258 0.1452 0.3710 0.2581 
0.0484 0.1613 0.4032 0.3871 
0.0000 0.0806 0.0000 0.9194 
0.0645 0.0161 0.1935 0.7258 
0.0323 0.0161 0.8548 0.0968 
0.3548 0.2742 0.2742 0.0968 
0.1613 0.0323 0.7581 0.0484 
0.7258 0.0161 0.2258 0.0323 

MOTIF filter3 
letter-probability matrix: alength= 4 w= 16 nsites= 16 
0.2558 0.2699 0.2383 0.2360 
0.2407 0.2710 0.2512 0.2371 
0.1121 0.0584 0.3446 0.4848 
0.0257 0.8762 0.0000 0.0981 
0.0000 0.0000 0.0000 1.0000 
1.0000 0.0000 0.0000 0.0000 
0.2699 0.0000 0.0000 0.7301 
0.4626 0.0000 0.0000 0.5374 
0.5479 0.0000 0.0000 0.4521 
0.6963 0.0000 0.0000 0.3037 
0.0000 0.0000 0.0000 1.0000 
1.0000 0.0000 0.0000 0.0000 
0.0829 0.0000 0.8960 0.0210 
0.4650 0.3610 0.0444 0.1297 
0.2874 0.2290 0.2547 0.2290 
0.2547 0.2804 0.2325 0.2325 

MOTIF filter4 
letter-probability matrix: alength= 4 w= 14 nsites= 14 
0.2215 0.2477 0.2595 0.2713 
0.2110 0.2896 0.2713 0.2280 
0.2896 0.2451 0.2189 0.2464 
0.1547 0.0655 0.0315 0.7484 
0.0236 0.0734 0.6894 0.2136 
0.4286 0.3932 0.0668 0.1114 
0.0000 1.0000 0.0000 0.0000 
0.0000 1.0000 0.0000 0.0000 
0.8453 0.0000 0.0000 0.1547 
0.0026 0.0000 0.0000 0.9974 
1.0000 0.0000 0.0000 0.0000 
0.0000 0.0000 0.0000 1.0000 
1.0000 0.0000 0.0000 0.0000 
0.1337 0.0000 0.0000 0.8663 

MOTIF filter5 
letter-probability matrix: alength= 4 w= 20 nsites= 20 
0.2162 0.2843 0.2724 0.2270 
0.2879 0.2378 0.2330 0.2413 
0.1613 0.0753 0.0406 0.7228 
0.0299 0.0920 0.6583 0.2198 
0.4134 0.3907 0.0705 0.1254 
0.0000 1.0000 0.0000 0.0000 
0.0000 0.9964 0.0000 0.0036 
0.8351 0.0000 0.0060 0.1589 
0.0143 0.0000 0.0000 0.9857 
1.0000 0.0000 0.0000 0.0000 
0.0000 0.0000 0.0000 1.0000 
0.9881 0.0000 0.0000 0.0119 
0.1553 0.0024 0.0000 0.8423 
0.0000 0.0012 0.9988 0.0000 
0.0000 0.0000 1.0000 0.0000 
0.1063 0.0705 0.3919 0.4313 
0.2222 0.6499 0.0932 0.0346 
0.7240 0.0323 0.0681 0.1756 
0.2354 0.2784 0.2425 0.2437 
0.2294 0.2628 0.2628 0.2449 

MOTIF filter6 
letter-probability matrix: alength= 4 w= 16 nsites= 16 
0.2463 0.2552 0.2226 0.2760 
0.2285 0.2908 0.2700 0.2107 
0.2641 0.2493 0.2077 0.2789 
0.1543 0.6677 0.1276 0.0504 
1.0000 0.0000 0.0000 0.0000 
0.9911 0.0000 0.0089 0.0000 
0.4451 0.0682 0.4718 0.0148 
1.0000 0.0000 0.0000 0.0000 
0.0000 0.0000 0.0000 1.0000 
0.0000 0.0000 1.0000 0.0000 
0.0000 0.0000 1.0000 0.0000 
0.0475 0.8724 0.0000 0.0801 
0.1128 0.1929 0.4273 0.2671 
0.0712 0.0772 0.7893 0.0623 
0.1306 0.7745 0.0208 0.0742 
0.2700 0.2404 0.2077 0.2819 

MOTIF filter7 
letter-probability matrix: alength= 4 w= 15 nsites= 15 
0.2254 0.2531 0.2476 0.2739 
0.2448 0.2669 0.2545 0.2337 
0.2282 0.2669 0.2420 0.2628 
0.5214 0.1189 0.3568 0.0028 
0.0000 0.0000 0.0000 1.0000 
0.0000 0.0000 0.0180 0.9820 
0.2946 0.0000 0.6376 0.0678 
0.0000 0.9391 0.0000 0.0609 
0.0678 0.0000 0.9322 0.0000 
0.0719 0.6902 0.0000 0.2379 
0.9889 0.0111 0.0000 0.0000 
1.0000 0.0000 0.0000 0.0000 
0.0041 0.3402 0.1245 0.5311 
0.2780 0.2420 0.2794 0.2006 
0.2476 0.1978 0.2725 0.2822 

MOTIF filter8 
letter-probability matrix: alength= 4 w= 20 nsites= 20 
0.2466 0.3014 0.2192 0.2329 
0.2877 0.4247 0.0685 0.2192 
0.6849 0.0411 0.2192 0.0548 
0.3562 0.0822 0.0685 0.4932 
0.0137 0.6438 0.1507 0.1918 
0.1507 0.6712 0.1370 0.0411 
0.9452 0.0000 0.0137 0.0411 
0.2466 0.0959 0.4247 0.2329 
0.0000 0.0411 0.0137 0.9452 
0.5753 0.1507 0.1644 0.1096 
0.2329 0.2466 0.5068 0.0137 
0.8219 0.0411 0.0137 0.1233 
0.0685 0.6027 0.2466 0.0822 
0.3425 0.1918 0.2192 0.2466 
0.0274 0.1918 0.5616 0.2192 
0.2329 0.0548 0.0685 0.6438 
0.2329 0.0411 0.2329 0.4932 
0.8630 0.0000 0.0548 0.0822 
0.7534 0.0274 0.2055 0.0137 
0.1507 0.1233 0.1233 0.6027 

MOTIF filter9 
letter-probability matrix: alength= 4 w= 20 nsites= 20 
0.3226 0.2581 0.1613 0.2581 
0.0968 0.3548 0.2581 0.2903 
0.0000 0.9677 0.0323 0.0000 
0.0968 0.0000 0.6129 0.2903 
0.1935 0.2258 0.2581 0.3226 
0.0000 0.2581 0.0000 0.7419 
0.0323 0.1290 0.6452 0.1935 
0.0323 0.3548 0.5806 0.0323 
0.1613 0.4194 0.2258 0.1935 
0.0000 0.8065 0.0968 0.0968 
0.0968 0.8710 0.0323 0.0000 
0.2903 0.3226 0.2903 0.0968 
0.4194 0.0323 0.0968 0.4516 
0.2581 0.2258 0.2258 0.2903 
0.0323 0.1935 0.2258 0.5484 
0.0968 0.0000 0.9032 0.0000 
0.2903 0.5806 0.1290 0.0000 
0.0000 0.9677 0.0000 0.0323 
0.0000 0.9032 0.0000 0.0968 
0.4194 0.5161 0.0645 0.0000 

MOTIF filter10 
letter-probability matrix: alength= 4 w= 13 nsites= 13 
0.2411 0.2364 0.2622 0.2603 
0.2287 0.1694 0.3933 0.2086 
0.4000 0.2163 0.3502 0.0335 
0.0000 0.0000 0.0000 1.0000 
0.0000 0.0000 0.9943 0.0057 
1.0000 0.0000 0.0000 0.0000 
0.0077 0.4957 0.4947 0.0019 
0.0000 0.0000 0.0000 1.0000 
0.0000 1.0000 0.0000 0.0000 
1.0000 0.0000 0.0000 0.0000 
0.0249 0.3311 0.2450 0.3990 
0.2172 0.3579 0.1885 0.2364 
0.2555 0.2230 0.2718 0.2498 

MOTIF filter11 
letter-probability matrix: alength= 4 w= 15 nsites= 15 
0.2304 0.2120 0.2097 0.3479 
0.2235 0.2028 0.2650 0.3088 
0.2166 0.3318 0.2143 0.2373 
0.0115 0.8641 0.1244 0.0000 
0.0369 0.9631 0.0000 0.0000 
0.0000 0.0000 1.0000 0.0000 
0.0000 0.0000 1.0000 0.0000 
1.0000 0.0000 0.0000 0.0000 
1.0000 0.0000 0.0000 0.0000 
0.0945 0.0115 0.8940 0.0000 
0.0392 0.3318 0.0230 0.6060 
0.2097 0.0991 0.6313 0.0599 
0.2811 0.2442 0.4355 0.0392 
0.2304 0.3364 0.2581 0.1751 
0.2350 0.2811 0.2488 0.2350 

MOTIF filter12 
letter-probability matrix: alength= 4 w= 20 nsites= 20 
0.2754 0.2391 0.1812 0.3043 
0.0145 0.1884 0.0362 0.7609 
0.4638 0.0290 0.0290 0.4783 
0.8623 0.0290 0.1087 0.0000 
0.7609 0.0580 0.0870 0.0942 
0.0217 0.0072 0.0000 0.9710 
0.1377 0.3551 0.0217 0.4855 
0.6594 0.0507 0.1304 0.1594 
0.2899 0.2246 0.1884 0.2971 
0.0870 0.2319 0.0652 0.6159 
0.0725 0.0507 0.7391 0.1377 
0.1812 0.0725 0.2971 0.4493 
0.6014 0.0362 0.1812 0.1812 
0.1449 0.0725 0.1594 0.6232 
0.1449 0.0507 0.3188 0.4855 
0.4420 0.0072 0.4493 0.1014 
0.7971 0.0507 0.0725 0.0797 
0.1159 0.0870 0.2174 0.5797 
0.2681 0.2391 0.1087 0.3841 
0.4855 0.2391 0.2029 0.0725 

MOTIF filter13 
letter-probability matrix: alength= 4 w= 20 nsites= 20 
0.2609 0.2435 0.2522 0.2435 
0.0783 0.0174 0.5652 0.3391 
0.1217 0.2435 0.1391 0.4957 
0.0870 0.0783 0.8000 0.0348 
0.5913 0.1478 0.2435 0.0174 
0.2522 0.0783 0.1739 0.4957 
0.2609 0.0870 0.2000 0.4522 
0.8870 0.0087 0.0261 0.0783 
0.0435 0.1043 0.7478 0.1043 
0.0348 0.2870 0.6174 0.0609 
0.2522 0.6783 0.0522 0.0174 
0.0609 0.0348 0.0609 0.8435 
0.1304 0.5739 0.0000 0.2957 
0.0087 0.0870 0.8435 0.0609 
0.1826 0.4174 0.1652 0.2348 
0.1652 0.4609 0.3043 0.0696 
0.0000 0.2348 0.7391 0.0261 
0.4870 0.0609 0.2957 0.1565 
0.1217 0.1565 0.1739 0.5478 
0.1652 0.1652 0.5565 0.1130 

MOTIF filter14 
letter-probability matrix: alength= 4 w= 20 nsites= 20 
0.1220 0.3659 0.2683 0.2439 
0.0000 0.0244 0.8780 0.0976 
0.5122 0.0488 0.4146 0.0244 
0.0000 0.0244 0.3902 0.5854 
0.1463 0.0000 0.0000 0.8537 
0.0488 0.0732 0.7561 0.1220 
0.2195 0.7073 0.0488 0.0244 
0.2683 0.2195 0.0244 0.4878 
0.0488 0.3171 0.0000 0.6341 
0.0976 0.4878 0.4146 0.0000 
0.7317 0.0488 0.0488 0.1707 
0.0976 0.1951 0.0732 0.6341 
0.5366 0.0976 0.3415 0.0244 
0.3902 0.0000 0.3659 0.2439 
0.7561 0.0488 0.1951 0.0000 
0.3171 0.0976 0.5366 0.0488 
0.2195 0.2927 0.1220 0.3659 
0.0000 0.8780 0.0732 0.0488 
0.1707 0.0000 0.0244 0.8049 
0.3902 0.0244 0.3902 0.1951 

MOTIF filter15 
letter-probability matrix: alength= 4 w= 20 nsites= 20 
0.2353 0.2941 0.1765 0.2941 
0.0000 0.0000 0.2941 0.7059 
0.0000 1.0000 0.0000 0.0000 
0.0588 0.4118 0.2353 0.2941 
0.1765 0.0000 0.8235 0.0000 
0.0000 1.0000 0.0000 0.0000 
0.0000 1.0000 0.0000 0.0000 
0.8824 0.0000 0.0588 0.0588 
0.0000 0.0000 0.0000 1.0000 
0.0588 0.6471 0.1765 0.1176 
0.0000 0.0000 0.0000 1.0000 
0.0000 0.0000 0.0000 1.0000 
0.1176 0.0588 0.4118 0.4118 
0.2353 0.1176 0.0000 0.6471 
0.4118 0.1765 0.2353 0.1765 
0.8235 0.1176 0.0000 0.0588 
0.1765 0.0588 0.0588 0.7059 
0.1176 0.1765 0.2941 0.4118 
0.3529 0.4118 0.2353 0.0000 
0.2353 0.1765 0.1176 0.4706 

MOTIF filter16 
letter-probability matrix: alength= 4 w= 20 nsites= 20 
0.2157 0.2941 0.1667 0.3235 
0.0588 0.6961 0.0294 0.2157 
0.6275 0.3235 0.0294 0.0196 
0.2451 0.3137 0.1863 0.2549 
0.0490 0.0098 0.0196 0.9216 
0.1863 0.0980 0.5588 0.1569 
0.4412 0.1667 0.1471 0.2451 
0.0294 0.1373 0.3431 0.4902 
0.0000 0.0392 0.0294 0.9314 
0.0000 0.1765 0.7941 0.0294 
0.5392 0.0000 0.4020 0.0588 
0.0000 0.4020 0.0098 0.5882 
0.2451 0.0686 0.2549 0.4314 
0.7059 0.0392 0.0882 0.1667 
0.4118 0.5098 0.0686 0.0098 
0.2843 0.0882 0.0294 0.5980 
0.7549 0.0882 0.0294 0.1275 
0.7549 0.0098 0.1471 0.0882 
0.0784 0.1667 0.5000 0.2549 
0.1765 0.1373 0.2549 0.4314 

MOTIF filter17 
letter-probability matrix: alength= 4 w= 12 nsites= 12 
0.2298 0.2647 0.2577 0.2478 
0.3916 0.2078 0.2537 0.1469 
0.2278 0.3057 0.3157 0.1508 
0.0000 1.0000 0.0000 0.0000 
1.0000 0.0000 0.0000 0.0000 
0.0000 1.0000 0.0000 0.0000 
0.0010 0.0000 0.9990 0.0000 
0.0000 0.0000 0.0000 1.0000 
0.0000 0.0000 1.0000 0.0000 
0.1588 0.2897 0.3167 0.2348 
0.1698 0.2428 0.1698 0.4176 
0.2298 0.2627 0.2488 0.2587 

MOTIF filter18 
letter-probability matrix: alength= 4 w= 20 nsites= 20 
0.3000 0.1000 0.5000 0.1000 
0.7000 0.0000 0.3000 0.0000 
0.1000 0.0000 0.6000 0.3000 
0.7000 0.3000 0.0000 0.0000 
0.1000 0.9000 0.0000 0.0000 
0.0000 0.5000 0.2000 0.3000 
0.0000 0.0000 1.0000 0.0000 
0.8000 0.0000 0.0000 0.2000 
1.0000 0.0000 0.0000 0.0000 
0.1000 0.6000 0.0000 0.3000 
0.2000 0.5000 0.2000 0.1000 
0.1000 0.0000 0.0000 0.9000 
0.0000 0.9000 0.0000 0.1000 
0.0000 0.6000 0.0000 0.4000 
0.0000 0.7000 0.0000 0.3000 
0.1000 0.2000 0.5000 0.2000 
0.5000 0.2000 0.0000 0.3000 
0.9000 0.0000 0.1000 0.0000 
0.0000 0.0000 0.9000 0.1000 
0.5000 0.2000 0.0000 0.3000 

MOTIF filter19 
letter-probability matrix: alength= 4 w= 20 nsites= 20 
0.2069 0.3218 0.2759 0.1954 
0.0632 0.4655 0.3161 0.1552 
0.0230 0.4425 0.4770 0.0575 
0.0862 0.1724 0.4080 0.3333 
0.2644 0.0977 0.2356 0.4023 
0.0805 0.0230 0.8103 0.0862 
0.0000 0.2529 0.2011 0.5460 
0.2414 0.0575 0.6149 0.0862 
0.1322 0.0287 0.4483 0.3908 
0.1207 0.0345 0.2356 0.6092 
0.2759 0.0805 0.2356 0.4080 
0.1322 0.6609 0.0517 0.1552 
0.3046 0.0805 0.5862 0.0287 
0.2356 0.0690 0.6264 0.0690 
0.7471 0.1724 0.0632 0.0172 
0.0632 0.0287 0.9023 0.0057 
0.2414 0.0345 0.5575 0.1667 
0.1379 0.3736 0.0057 0.4828 
0.1897 0.4483 0.3333 0.0287 
0.8333 0.0115 0.1092 0.0460 

MOTIF filter20 
letter-probability matrix: alength= 4 w= 14 nsites= 14 
0.1608 0.2186 0.3518 0.2688 
0.0327 0.4648 0.2312 0.2714 
0.0829 0.6030 0.1357 0.1784 
0.6583 0.0151 0.2864 0.0402 
0.0000 0.9523 0.0000 0.0477 
0.0000 0.0000 0.0000 1.0000 
0.0000 0.0000 0.0000 1.0000 
0.0000 1.0000 0.0000 0.0000 
0.0000 1.0000 0.0000 0.0000 
0.0000 0.0000 0.9874 0.0126 
0.0000 0.1709 0.8166 0.0126 
0.2739 0.1985 0.2387 0.2889 
0.2538 0.2362 0.2487 0.2613 
0.2613 0.2286 0.2362 0.2739 

MOTIF filter21 
letter-probability matrix: alength= 4 w= 11 nsites= 11 
0.2633 0.3087 0.2216 0.2064 
0.2670 0.2538 0.2405 0.2386 
0.2652 0.2576 0.2348 0.2424 
0.0000 0.7443 0.1534 0.1023 
0.0000 0.2008 0.0000 0.7992 
0.0000 0.2917 0.6591 0.0492 
1.0000 0.0000 0.0000 0.0000 
0.0000 0.0000 0.0000 1.0000 
0.0000 0.0000 0.0000 1.0000 
0.0000 0.0000 1.0000 0.0000 
0.0000 0.0000 1.0000 0.0000 

MOTIF filter22 
letter-probability matrix: alength= 4 w= 15 nsites= 15 
0.2961 0.5287 0.0423 0.1329 
0.2447 0.1752 0.0695 0.5106 
0.2810 0.1601 0.3142 0.2447 
0.6224 0.0604 0.1057 0.2115 
0.1662 0.3172 0.4864 0.0302 
0.0000 0.0000 0.0000 1.0000 
0.0030 0.9970 0.0000 0.0000 
1.0000 0.0000 0.0000 0.0000 
0.0000 0.0000 0.9970 0.0030 
0.0000 1.0000 0.0000 0.0000 
1.0000 0.0000 0.0000 0.0000 
0.4290 0.1601 0.1329 0.2779 
0.4079 0.0423 0.0121 0.5378 
0.3837 0.0725 0.0030 0.5408 
0.3051 0.1208 0.0181 0.5559 

MOTIF filter23 
letter-probability matrix: alength= 4 w= 20 nsites= 20 
0.2755 0.2347 0.2653 0.2245 
0.9184 0.0102 0.0102 0.0612 
0.0102 0.0612 0.0714 0.8571 
0.2449 0.1939 0.4592 0.1020 
0.3367 0.1224 0.0918 0.4490 
0.4592 0.0306 0.3265 0.1837 
0.2551 0.1633 0.1939 0.3878 
0.2143 0.1531 0.3776 0.2551 
0.1224 0.3265 0.1837 0.3673 
0.0000 0.1735 0.0102 0.8163 
0.0714 0.1735 0.7449 0.0102 
0.0102 0.0102 0.9490 0.0306 
0.0714 0.2347 0.2347 0.4592 
0.0306 0.4898 0.1429 0.3367 
0.5204 0.0510 0.3469 0.0816 
0.2449 0.0408 0.2347 0.4796 
0.0000 0.0510 0.2143 0.7347 
0.2143 0.1429 0.5510 0.0918 
0.1633 0.6633 0.0612 0.1122 
0.2143 0.7143 0.0204 0.0510 

MOTIF filter24 
letter-probability matrix: alength= 4 w= 20 nsites= 20 
0.1429 0.5714 0.1429 0.1429 
0.8571 0.1429 0.0000 0.0000 
0.5714 0.2857 0.1429 0.0000 
0.1429 0.1429 0.1429 0.5714 
0.1429 0.4286 0.1429 0.2857 
0.1429 0.0000 0.5714 0.2857 
0.5714 0.4286 0.0000 0.0000 
0.7143 0.0000 0.1429 0.1429 
0.8571 0.1429 0.0000 0.0000 
0.8571 0.0000 0.1429 0.0000 
0.0000 0.8571 0.1429 0.0000 
1.0000 0.0000 0.0000 0.0000 
0.0000 1.0000 0.0000 0.0000 
0.0000 0.0000 0.8571 0.1429 
0.0000 0.1429 0.0000 0.8571 
0.1429 0.0000 0.8571 0.0000 
0.1429 0.1429 0.5714 0.1429 
0.1429 0.4286 0.0000 0.4286 
0.7143 0.0000 0.2857 0.0000 
0.4286 0.4286 0.1429 0.0000 

MOTIF filter25 
letter-probability matrix: alength= 4 w= 17 nsites= 17 
0.2346 0.2593 0.2253 0.2809 
0.2747 0.2377 0.2500 0.2377 
0.2469 0.2685 0.2346 0.2500 
0.5093 0.0123 0.1358 0.3426 
0.6327 0.0093 0.0401 0.3179 
0.4568 0.0031 0.0154 0.5247 
0.3056 0.1759 0.1420 0.3765 
0.0000 0.0000 0.0000 1.0000 
0.0000 0.0000 1.0000 0.0000 
0.0123 0.9877 0.0000 0.0000 
0.0000 0.0000 0.0000 1.0000 
0.0000 0.0000 1.0000 0.0000 
1.0000 0.0000 0.0000 0.0000 
0.0216 0.5185 0.3148 0.1451 
0.1883 0.1142 0.0463 0.6512 
0.1636 0.4043 0.1142 0.3179 
0.5154 0.0432 0.1852 0.2562 

MOTIF filter26 
letter-probability matrix: alength= 4 w= 14 nsites= 14 
0.2558 0.2667 0.2202 0.2574 
0.0961 0.1860 0.1302 0.5876 
0.0000 0.0000 0.0000 1.0000 
0.0000 0.0000 0.0000 1.0000 
0.0310 0.9690 0.0000 0.0000 
0.0016 0.8186 0.0000 0.1798 
0.2744 0.2202 0.2465 0.2589 
0.1349 0.0000 0.8651 0.0000 
0.0000 0.0000 0.9891 0.0109 
1.0000 0.0000 0.0000 0.0000 
1.0000 0.0000 0.0000 0.0000 
0.5736 0.0961 0.1938 0.1364 
0.2202 0.2837 0.2326 0.2636 
0.2512 0.2496 0.2636 0.2357 

MOTIF filter27 
letter-probability matrix: alength= 4 w= 12 nsites= 12 
0.4425 0.2176 0.1540 0.1858 
0.0611 0.3570 0.1369 0.4450 
0.0758 0.3056 0.3741 0.2445 
0.4279 0.1125 0.4597 0.0000 
0.5526 0.0049 0.3912 0.0513 
0.0000 1.0000 0.0000 0.0000 
0.0000 1.0000 0.0000 0.0000 
1.0000 0.0000 0.0000 0.0000 
1.0000 0.0000 0.0000 0.0000 
0.0000 0.0000 0.0000 1.0000 
0.0171 0.7628 0.2200 0.0000 
0.8533 0.0000 0.1467 0.0000 

MOTIF filter28 
letter-probability matrix: alength= 4 w= 18 nsites= 18 
0.4435 0.3548 0.0323 0.1694 
0.2823 0.5484 0.0806 0.0887 
0.1613 0.5081 0.0968 0.2339 
0.7500 0.0887 0.0403 0.1210 
0.5081 0.0081 0.1210 0.3629 
0.2177 0.2016 0.5645 0.0161 
0.1935 0.2097 0.4839 0.1129 
0.0565 0.0565 0.8629 0.0242 
0.0000 0.5161 0.4355 0.0484 
0.1290 0.1613 0.5565 0.1532 
0.0000 0.1774 0.0000 0.8226 
0.0323 0.5887 0.0000 0.3790 
0.1048 0.7742 0.0161 0.1048 
0.1855 0.0161 0.0000 0.7984 
0.0565 0.3145 0.6129 0.0161 
0.0161 0.4032 0.3871 0.1935 
0.0806 0.5323 0.1613 0.2258 
0.2419 0.1048 0.1694 0.4839 

MOTIF filter29 
letter-probability matrix: alength= 4 w= 16 nsites= 16 
0.2871 0.2579 0.2555 0.1995 
0.2628 0.3163 0.2068 0.2141 
0.0706 0.2141 0.4599 0.2555 
0.0000 0.8102 0.0195 0.1703 
0.0000 0.8516 0.0000 0.1484 
0.0000 1.0000 0.0000 0.0000 
0.0000 1.0000 0.0000 0.0000 
0.1022 0.0073 0.6010 0.2895 
0.0000 1.0000 0.0000 0.0000 
0.0000 1.0000 0.0000 0.0000 
0.0000 0.7932 0.0000 0.2068 
0.0730 0.8151 0.0000 0.1119 
0.0389 0.6204 0.0535 0.2871 
0.2725 0.2506 0.2336 0.2433 
0.2774 0.2384 0.2409 0.2433 
0.2482 0.2920 0.2457 0.2141 

MOTIF filter30 
letter-probability matrix: alength= 4 w= 13 nsites= 13 
0.1484 0.2082 0.1683 0.4751 
0.0000 0.0000 0.0000 1.0000 
0.0000 0.0000 0.0000 1.0000 
0.0137 0.9863 0.0000 0.0000 
0.0000 0.7805 0.0000 0.2195 
0.2419 0.2319 0.2419 0.2843 
0.2132 0.0000 0.7868 0.0000 
0.0000 0.0000 0.9514 0.0486 
0.9988 0.0012 0.0000 0.0000 
1.0000 0.0000 0.0000 0.0000 
0.5000 0.1334 0.2182 0.1484 
0.2431 0.2768 0.2531 0.2269 
0.2618 0.2344 0.2519 0.2519 

MOTIF filter31 
letter-probability matrix: alength= 4 w= 20 nsites= 20 
0.2324 0.2324 0.2757 0.2595 
0.0865 0.2162 0.4378 0.2595 
0.7892 0.2108 0.0000 0.0000 
0.8703 0.0054 0.0054 0.1189 
0.3676 0.1243 0.3351 0.1730 
0.1676 0.3135 0.2054 0.3135 
0.5568 0.0162 0.0054 0.4216 
0.2378 0.7135 0.0270 0.0216 
0.5405 0.2000 0.0432 0.2162 
0.6486 0.1405 0.0054 0.2054 
0.0486 0.0649 0.2324 0.6541 
0.5027 0.0865 0.3459 0.0649 
0.1243 0.3730 0.1622 0.3405 
0.2703 0.0973 0.4432 0.1892 
0.3027 0.0000 0.1622 0.5351 
0.2541 0.0649 0.0108 0.6703 
0.0270 0.8486 0.0270 0.0973 
0.5189 0.0649 0.0649 0.3514 
0.2649 0.0108 0.1027 0.6216 
0.3081 0.0919 0.4216 0.1784 

