MEME version 4

ALPHABET= ACGT

Background letter frequencies:
A 0.2500 C 0.2500 G 0.2500 T 0.2500 

MOTIF filter0 
letter-probability matrix: alength= 4 w= 10 nsites= 10 
0.3128 0.0483 0.1471 0.4918 
0.0938 0.4258 0.3789 0.1015 
0.1961 0.2804 0.5151 0.0083 
0.2718 0.0092 0.6102 0.1088 
0.0629 0.4571 0.0359 0.4441 
0.1608 0.4196 0.1812 0.2383 
0.0286 0.0421 0.7867 0.1425 
0.3002 0.2956 0.2309 0.1732 
0.1261 0.2630 0.4125 0.1983 
0.3050 0.3612 0.1420 0.1918 

MOTIF filter1 
letter-probability matrix: alength= 4 w= 9 nsites= 9 
0.2271 0.3851 0.2116 0.1762 
0.5165 0.1133 0.2018 0.1683 
0.2095 0.5126 0.1477 0.1302 
0.0467 0.2280 0.7001 0.0253 
0.0594 0.1094 0.0092 0.8219 
0.2835 0.0100 0.6732 0.0332 
0.0422 0.2572 0.2309 0.4697 
0.2572 0.1424 0.3938 0.2067 
0.2318 0.4269 0.2113 0.1300 

MOTIF filter2 
letter-probability matrix: alength= 4 w= 12 nsites= 12 
0.3180 0.1158 0.2932 0.2730 
0.0997 0.1596 0.2718 0.4689 
0.2518 0.1419 0.4880 0.1183 
0.6424 0.0522 0.1820 0.1234 
0.0883 0.7035 0.1603 0.0479 
0.0088 0.5090 0.2731 0.2092 
0.3712 0.1959 0.3291 0.1038 
0.5908 0.1681 0.1727 0.0684 
0.0085 0.2633 0.0115 0.7167 
0.4940 0.3249 0.0461 0.1350 
0.2512 0.0797 0.1653 0.5039 
0.4501 0.1298 0.2877 0.1324 

MOTIF filter3 
letter-probability matrix: alength= 4 w= 12 nsites= 12 
0.2526 0.1758 0.3721 0.1994 
0.4836 0.0381 0.1403 0.3379 
0.1530 0.3571 0.4093 0.0806 
0.0312 0.2491 0.0182 0.7015 
0.1597 0.5499 0.2614 0.0290 
0.6873 0.1368 0.0070 0.1689 
0.3226 0.0283 0.1780 0.4711 
0.1562 0.1696 0.0508 0.6234 
0.7624 0.0091 0.1838 0.0446 
0.2491 0.0386 0.4151 0.2973 
0.3123 0.1109 0.0298 0.5469 
0.1723 0.1089 0.1119 0.6069 

MOTIF filter4 
letter-probability matrix: alength= 4 w= 8 nsites= 8 
0.2429 0.2449 0.2662 0.2460 
0.3125 0.2847 0.2994 0.1035 
0.0989 0.0868 0.2574 0.5568 
0.0278 0.3880 0.5467 0.0376 
0.8813 0.0935 0.0214 0.0038 
0.5931 0.1476 0.2180 0.0412 
0.1255 0.0782 0.2718 0.5245 
0.4070 0.2889 0.1895 0.1146 

MOTIF filter5 
letter-probability matrix: alength= 4 w= 8 nsites= 8 
0.3269 0.0995 0.2731 0.3005 
0.2149 0.1683 0.4021 0.2148 
0.0042 0.3778 0.2747 0.3433 
0.0320 0.4589 0.5029 0.0062 
0.2650 0.2171 0.5179 0.0000 
0.1673 0.2903 0.4858 0.0566 
0.0818 0.3409 0.2206 0.3567 
0.3028 0.3154 0.2237 0.1581 

MOTIF filter6 
letter-probability matrix: alength= 4 w= 12 nsites= 12 
0.2862 0.2907 0.2271 0.1959 
0.2263 0.3480 0.2713 0.1543 
0.1680 0.4874 0.2443 0.1002 
0.6641 0.0341 0.0721 0.2297 
0.0133 0.4015 0.0006 0.5846 
0.0294 0.2141 0.3407 0.4157 
0.4984 0.0708 0.0240 0.4069 
0.6892 0.0000 0.1842 0.1266 
0.3739 0.0072 0.1037 0.5152 
0.1266 0.4389 0.0166 0.4179 
0.3307 0.3412 0.1163 0.2117 
0.2719 0.1731 0.1754 0.3796 

MOTIF filter7 
letter-probability matrix: alength= 4 w= 12 nsites= 12 
0.1481 0.1717 0.1727 0.5076 
0.3400 0.1299 0.4439 0.0862 
0.1964 0.3086 0.3317 0.1633 
0.6204 0.2792 0.0376 0.0628 
0.6255 0.1067 0.0520 0.2159 
0.3504 0.2533 0.2411 0.1552 
0.0623 0.5647 0.0133 0.3597 
0.2404 0.0759 0.6395 0.0441 
0.0832 0.0261 0.8743 0.0164 
0.3823 0.3312 0.0857 0.2008 
0.0889 0.3026 0.3305 0.2780 
0.1213 0.1564 0.5751 0.1472 

MOTIF filter8 
letter-probability matrix: alength= 4 w= 12 nsites= 12 
0.2958 0.1861 0.3398 0.1783 
0.2065 0.4331 0.1726 0.1878 
0.2798 0.2897 0.2892 0.1414 
0.4885 0.0445 0.4099 0.0571 
0.5640 0.0095 0.2677 0.1588 
0.1220 0.0072 0.3999 0.4709 
0.0523 0.1586 0.6341 0.1551 
0.3839 0.0864 0.4764 0.0533 
0.0433 0.0247 0.7751 0.1569 
0.1848 0.1397 0.5125 0.1631 
0.2131 0.1165 0.5117 0.1587 
0.3973 0.1382 0.3700 0.0945 

MOTIF filter9 
letter-probability matrix: alength= 4 w= 12 nsites= 12 
0.3118 0.2547 0.2236 0.2099 
0.2628 0.2019 0.2001 0.3351 
0.1549 0.2215 0.1142 0.5093 
0.0403 0.0227 0.0538 0.8832 
0.0701 0.2351 0.0488 0.6459 
0.0910 0.6961 0.0763 0.1366 
0.1679 0.4792 0.1145 0.2385 
0.2324 0.0865 0.5397 0.1413 
0.1359 0.0675 0.7138 0.0828 
0.6775 0.0499 0.2249 0.0477 
0.9145 0.0316 0.0261 0.0278 
0.5494 0.1249 0.2087 0.1171 

MOTIF filter10 
letter-probability matrix: alength= 4 w= 13 nsites= 13 
0.2651 0.2441 0.1563 0.3345 
0.1387 0.1489 0.2425 0.4699 
0.4113 0.2097 0.2243 0.1547 
0.5969 0.0684 0.2882 0.0465 
0.0214 0.0007 0.0651 0.9127 
0.2562 0.0124 0.3526 0.3788 
0.4058 0.0413 0.2338 0.3191 
0.2048 0.2476 0.1288 0.4188 
0.3558 0.1804 0.1013 0.3625 
0.5881 0.1403 0.1287 0.1428 
0.6996 0.2492 0.0003 0.0509 
0.3953 0.1410 0.3267 0.1370 
0.1536 0.3089 0.2399 0.2976 

MOTIF filter11 
letter-probability matrix: alength= 4 w= 15 nsites= 15 
0.1146 0.0760 0.6262 0.1833 
0.5451 0.1640 0.0791 0.2118 
0.0992 0.1910 0.5872 0.1227 
0.0598 0.0517 0.1192 0.7693 
0.0548 0.9298 0.0035 0.0120 
0.4132 0.3005 0.0297 0.2566 
0.4267 0.2269 0.2801 0.0664 
0.3129 0.1026 0.0598 0.5247 
0.5185 0.1080 0.1443 0.2292 
0.3592 0.0791 0.0324 0.5293 
0.6651 0.0710 0.0629 0.2010 
0.0856 0.0293 0.1462 0.7388 
0.5764 0.0660 0.2604 0.0972 
0.1277 0.1100 0.6373 0.1250 
0.3275 0.2874 0.1624 0.2226 

MOTIF filter12 
letter-probability matrix: alength= 4 w= 15 nsites= 15 
0.4109 0.2138 0.2298 0.1455 
0.3804 0.2755 0.2140 0.1300 
0.1129 0.1705 0.4758 0.2407 
0.7313 0.1252 0.1169 0.0266 
0.0019 0.0067 0.0478 0.9435 
0.2173 0.1292 0.2817 0.3718 
0.2512 0.0100 0.3233 0.4155 
0.1579 0.6792 0.0307 0.1322 
0.4040 0.0909 0.4115 0.0935 
0.1457 0.4358 0.0491 0.3693 
0.4435 0.1655 0.0696 0.3215 
0.7415 0.1255 0.0120 0.1209 
0.1101 0.1903 0.3701 0.3295 
0.2621 0.3170 0.2401 0.1808 
0.2041 0.2170 0.2861 0.2929 

MOTIF filter13 
letter-probability matrix: alength= 4 w= 12 nsites= 12 
0.2643 0.1829 0.3308 0.2220 
0.4069 0.1062 0.2214 0.2655 
0.2990 0.2410 0.2314 0.2285 
0.1684 0.0069 0.0496 0.7751 
0.1103 0.3052 0.1070 0.4776 
0.2928 0.0019 0.0093 0.6959 
0.3362 0.0343 0.6201 0.0093 
0.2743 0.6331 0.0027 0.0899 
0.2775 0.0774 0.0184 0.6267 
0.2922 0.0860 0.5530 0.0688 
0.4057 0.1767 0.1027 0.3149 
0.2633 0.1610 0.2658 0.3099 

MOTIF filter14 
letter-probability matrix: alength= 4 w= 13 nsites= 13 
0.2321 0.2742 0.2526 0.2412 
0.2633 0.2954 0.2636 0.1777 
0.1752 0.0700 0.5617 0.1931 
0.0756 0.7464 0.0488 0.1293 
0.0126 0.7832 0.0489 0.1552 
0.6132 0.1326 0.0972 0.1570 
0.0107 0.0316 0.0096 0.9481 
0.0074 0.3075 0.2247 0.4604 
0.3419 0.1668 0.0760 0.4154 
0.3626 0.0551 0.0026 0.5797 
0.2242 0.0696 0.1086 0.5976 
0.2573 0.0579 0.3812 0.3036 
0.2436 0.1412 0.2975 0.3177 

MOTIF filter15 
letter-probability matrix: alength= 4 w= 16 nsites= 16 
0.3177 0.2694 0.1928 0.2202 
0.1245 0.5984 0.1962 0.0809 
0.2940 0.0798 0.0648 0.5614 
0.0287 0.8205 0.0650 0.0858 
0.5588 0.0421 0.3748 0.0242 
0.0665 0.1682 0.3517 0.4136 
0.1436 0.2668 0.5837 0.0060 
0.1778 0.1078 0.1448 0.5695 
0.1431 0.2146 0.0665 0.5757 
0.2957 0.0826 0.3207 0.3010 
0.1643 0.4459 0.1380 0.2518 
0.2026 0.1874 0.4029 0.2071 
0.2011 0.5387 0.0297 0.2304 
0.6735 0.1733 0.0777 0.0755 
0.6635 0.1226 0.1070 0.1070 
0.0798 0.3885 0.1461 0.3855 

MOTIF filter16 
letter-probability matrix: alength= 4 w= 14 nsites= 14 
0.2800 0.1837 0.3000 0.2364 
0.2873 0.2187 0.2882 0.2058 
0.0299 0.5225 0.2877 0.1600 
0.0007 0.3768 0.0346 0.5879 
0.0795 0.6849 0.0669 0.1687 
0.4961 0.3912 0.0876 0.0250 
0.0523 0.4929 0.0758 0.3791 
0.2004 0.4582 0.0311 0.3104 
0.2262 0.3477 0.3468 0.0793 
0.1953 0.5226 0.2075 0.0746 
0.0797 0.5703 0.0197 0.3304 
0.0848 0.5307 0.0613 0.3232 
0.1660 0.3739 0.0527 0.4074 
0.2329 0.3045 0.1495 0.3131 

MOTIF filter17 
letter-probability matrix: alength= 4 w= 15 nsites= 15 
0.1020 0.1844 0.3478 0.3659 
0.2409 0.3947 0.1571 0.2073 
0.0597 0.3202 0.3269 0.2932 
0.1736 0.7072 0.0507 0.0685 
0.2326 0.1593 0.1635 0.4446 
0.2456 0.2833 0.0818 0.3893 
0.2113 0.1743 0.5926 0.0218 
0.0529 0.0521 0.6512 0.2439 
0.2168 0.5818 0.1312 0.0702 
0.1446 0.6911 0.0523 0.1120 
0.0229 0.1536 0.7162 0.1074 
0.1204 0.1368 0.6714 0.0714 
0.2429 0.1689 0.1557 0.4325 
0.1162 0.3094 0.3192 0.2552 
0.1442 0.1856 0.4356 0.2346 

MOTIF filter18 
letter-probability matrix: alength= 4 w= 17 nsites= 17 
0.1012 0.1240 0.1398 0.6350 
0.1452 0.1829 0.4740 0.1979 
0.4228 0.1494 0.1434 0.2843 
0.0438 0.4516 0.4514 0.0532 
0.4805 0.0914 0.1671 0.2611 
0.0036 0.9602 0.0165 0.0197 
0.3587 0.1646 0.4746 0.0020 
0.1497 0.2435 0.3777 0.2292 
0.0460 0.1050 0.6024 0.2466 
0.2747 0.4543 0.1899 0.0811 
0.0947 0.2861 0.1434 0.4758 
0.2819 0.1899 0.4557 0.0726 
0.4494 0.0621 0.3205 0.1680 
0.0375 0.1461 0.6457 0.1706 
0.1561 0.1885 0.4700 0.1854 
0.1378 0.1535 0.4454 0.2633 
0.2562 0.4268 0.1780 0.1389 

MOTIF filter19 
letter-probability matrix: alength= 4 w= 12 nsites= 12 
0.4735 0.3328 0.0720 0.1217 
0.3914 0.4084 0.0654 0.1348 
0.3186 0.3069 0.3670 0.0075 
0.0835 0.0331 0.5543 0.3291 
0.0370 0.5382 0.3746 0.0503 
0.7981 0.1289 0.0580 0.0151 
0.1620 0.2857 0.1547 0.3976 
0.4507 0.1386 0.2554 0.1553 
0.6678 0.0522 0.1249 0.1551 
0.0680 0.1335 0.4669 0.3316 
0.1769 0.2712 0.3389 0.2130 
0.1553 0.1754 0.3375 0.3317 

MOTIF filter20 
letter-probability matrix: alength= 4 w= 8 nsites= 8 
0.3840 0.2132 0.3641 0.0387 
0.3407 0.1778 0.1555 0.3259 
0.2161 0.3050 0.0869 0.3920 
0.0217 0.6365 0.1414 0.2003 
0.1036 0.8257 0.0029 0.0677 
0.0102 0.3018 0.2120 0.4760 
0.1593 0.4585 0.1762 0.2060 
0.3586 0.3032 0.1270 0.2113 

MOTIF filter21 
letter-probability matrix: alength= 4 w= 12 nsites= 12 
0.2827 0.1792 0.2175 0.3205 
0.0954 0.2218 0.4508 0.2320 
0.5968 0.1781 0.1399 0.0852 
0.0564 0.1974 0.6537 0.0926 
0.0374 0.0648 0.1199 0.7778 
0.5679 0.1803 0.1875 0.0643 
0.7731 0.0250 0.1810 0.0209 
0.1859 0.6199 0.0259 0.1682 
0.2628 0.0052 0.0936 0.6384 
0.0548 0.2390 0.4769 0.2292 
0.2921 0.3276 0.2067 0.1735 
0.1963 0.3699 0.2914 0.1425 

MOTIF filter22 
letter-probability matrix: alength= 4 w= 16 nsites= 16 
0.3153 0.2113 0.2362 0.2372 
0.2621 0.1823 0.3235 0.2321 
0.0621 0.4090 0.4386 0.0903 
0.0944 0.7416 0.0916 0.0724 
0.0055 0.5151 0.1574 0.3220 
0.2621 0.5839 0.0208 0.1332 
0.1384 0.0474 0.2139 0.6004 
0.1564 0.1809 0.2147 0.4480 
0.1549 0.5502 0.0465 0.2484 
0.3921 0.3441 0.0031 0.2607 
0.0828 0.1084 0.0038 0.8050 
0.4197 0.3046 0.1058 0.1699 
0.1618 0.0482 0.6664 0.1236 
0.2376 0.1870 0.3922 0.1832 
0.2976 0.2817 0.2564 0.1642 
0.5441 0.1559 0.1226 0.1775 

MOTIF filter23 
letter-probability matrix: alength= 4 w= 12 nsites= 12 
0.3438 0.2403 0.2842 0.1317 
0.2019 0.2444 0.1714 0.3823 
0.2803 0.1614 0.3751 0.1832 
0.0147 0.1509 0.7724 0.0620 
0.0632 0.0151 0.2773 0.6445 
0.2126 0.4656 0.1608 0.1610 
0.2852 0.0668 0.4530 0.1950 
0.0511 0.4174 0.0267 0.5048 
0.4005 0.1537 0.3041 0.1416 
0.7275 0.2256 0.0013 0.0456 
0.0879 0.2544 0.4182 0.2395 
0.3522 0.2243 0.1741 0.2494 

MOTIF filter24 
letter-probability matrix: alength= 4 w= 13 nsites= 13 
0.2717 0.2244 0.2639 0.2400 
0.2582 0.1600 0.3993 0.1826 
0.0840 0.0867 0.1245 0.7047 
0.1640 0.0948 0.6601 0.0810 
0.5626 0.1377 0.2690 0.0307 
0.0098 0.8572 0.0999 0.0331 
0.5319 0.1677 0.0111 0.2892 
0.2221 0.6483 0.0810 0.0486 
0.6578 0.0013 0.2481 0.0928 
0.0172 0.1623 0.0101 0.8103 
0.1087 0.0894 0.4023 0.3996 
0.0614 0.2416 0.5299 0.1671 
0.1498 0.2025 0.5370 0.1107 

MOTIF filter25 
letter-probability matrix: alength= 4 w= 11 nsites= 11 
0.2978 0.3494 0.2180 0.1348 
0.0903 0.4153 0.2577 0.2368 
0.3877 0.3754 0.0073 0.2296 
0.1843 0.2535 0.0001 0.5621 
0.0157 0.4777 0.2623 0.2443 
0.0447 0.6124 0.3196 0.0233 
0.3226 0.4474 0.0348 0.1952 
0.1983 0.6821 0.0233 0.0963 
0.1849 0.3101 0.1815 0.3235 
0.4315 0.2789 0.1021 0.1875 
0.2187 0.3891 0.1037 0.2885 

MOTIF filter26 
letter-probability matrix: alength= 4 w= 12 nsites= 12 
0.2500 0.2383 0.2254 0.2863 
0.1504 0.4798 0.1762 0.1936 
0.2757 0.1583 0.3641 0.2018 
0.0001 0.7976 0.1433 0.0590 
0.1696 0.4137 0.2780 0.1386 
0.5451 0.0041 0.1471 0.3037 
0.0083 0.4739 0.4262 0.0916 
0.5044 0.1258 0.0353 0.3345 
0.3596 0.0191 0.0468 0.5746 
0.2419 0.2163 0.1354 0.4063 
0.0971 0.2960 0.1886 0.4183 
0.3025 0.2033 0.1645 0.3296 

MOTIF filter27 
letter-probability matrix: alength= 4 w= 10 nsites= 10 
0.1558 0.1839 0.6076 0.0527 
0.2024 0.3701 0.4185 0.0090 
0.0638 0.3505 0.0905 0.4952 
0.0169 0.0409 0.5294 0.4128 
0.6334 0.0755 0.2838 0.0074 
0.0068 0.8529 0.0671 0.0732 
0.0574 0.0729 0.7230 0.1467 
0.1310 0.4837 0.1751 0.2102 
0.4120 0.1357 0.2199 0.2324 
0.2962 0.1072 0.3269 0.2697 

MOTIF filter28 
letter-probability matrix: alength= 4 w= 13 nsites= 13 
0.1163 0.3552 0.3128 0.2157 
0.0729 0.4770 0.0875 0.3626 
0.4729 0.1383 0.0667 0.3221 
0.1948 0.0601 0.0822 0.6629 
0.4901 0.0923 0.0858 0.3318 
0.0248 0.0000 0.0241 0.9511 
0.4930 0.0069 0.3967 0.1035 
0.1738 0.3395 0.0656 0.4212 
0.3928 0.0224 0.5738 0.0110 
0.0617 0.3244 0.3263 0.2875 
0.6398 0.1955 0.0615 0.1032 
0.6887 0.1981 0.0656 0.0477 
0.1221 0.2529 0.1375 0.4875 

MOTIF filter29 
letter-probability matrix: alength= 4 w= 12 nsites= 12 
0.2241 0.1860 0.2498 0.3400 
0.2027 0.3632 0.2746 0.1595 
0.5509 0.2107 0.1115 0.1269 
0.6180 0.0043 0.2536 0.1241 
0.3921 0.0741 0.0941 0.4398 
0.2654 0.6513 0.0559 0.0273 
0.4783 0.0973 0.0262 0.3982 
0.0001 0.0152 0.8782 0.1066 
0.0583 0.3872 0.5117 0.0427 
0.3909 0.1516 0.1963 0.2613 
0.1475 0.2314 0.2968 0.3243 
0.3806 0.1738 0.2548 0.1909 

MOTIF filter30 
letter-probability matrix: alength= 4 w= 12 nsites= 12 
0.2530 0.2462 0.2591 0.2418 
0.3594 0.1728 0.4051 0.0626 
0.0499 0.0295 0.0906 0.8300 
0.1279 0.0446 0.6124 0.2151 
0.5406 0.1552 0.0725 0.2317 
0.1708 0.2958 0.3586 0.1748 
0.0442 0.0610 0.5064 0.3884 
0.0725 0.2275 0.4210 0.2790 
0.1705 0.1232 0.6467 0.0596 
0.0528 0.4383 0.4218 0.0871 
0.1616 0.3735 0.3348 0.1301 
0.1579 0.3788 0.2024 0.2609 

MOTIF filter31 
letter-probability matrix: alength= 4 w= 8 nsites= 8 
0.0876 0.4151 0.3562 0.1412 
0.0555 0.0710 0.4507 0.4227 
0.0130 0.3292 0.3704 0.2874 
0.0363 0.0043 0.4250 0.5343 
0.0173 0.6183 0.3443 0.0201 
0.1678 0.5526 0.2558 0.0237 
0.1344 0.2659 0.1618 0.4378 
0.1322 0.3060 0.2569 0.3049 

