MEME version 4

ALPHABET= ACGT

Background letter frequencies:
A 0.2500 C 0.2500 G 0.2500 T 0.2500 

MOTIF filter0 
letter-probability matrix: alength= 4 w= 11 nsites= 11 
0.2639 0.1726 0.2559 0.3076 
0.2026 0.1594 0.1163 0.5217 
0.4896 0.0261 0.2436 0.2407 
0.0201 0.6019 0.0008 0.3771 
0.1951 0.0131 0.4826 0.3092 
0.5713 0.2491 0.0861 0.0935 
0.5756 0.1968 0.0925 0.1351 
0.0112 0.3413 0.0925 0.5549 
0.3842 0.2928 0.1586 0.1643 
0.4214 0.1310 0.4120 0.0356 
0.2395 0.2734 0.2161 0.2710 

MOTIF filter1 
letter-probability matrix: alength= 4 w= 8 nsites= 8 
0.2308 0.5184 0.2386 0.0122 
0.1794 0.0670 0.5963 0.1573 
0.1606 0.2545 0.3480 0.2369 
0.6453 0.0240 0.0176 0.3131 
0.1401 0.0719 0.7719 0.0162 
0.3726 0.1932 0.3684 0.0658 
0.0510 0.5370 0.1428 0.2691 
0.2450 0.3526 0.1393 0.2631 

MOTIF filter2 
letter-probability matrix: alength= 4 w= 10 nsites= 10 
0.2461 0.2602 0.2472 0.2466 
0.5174 0.1106 0.2233 0.1488 
0.1264 0.6133 0.0750 0.1854 
0.0176 0.0191 0.0123 0.9510 
0.0223 0.0057 0.0446 0.9275 
0.2030 0.4274 0.2500 0.1195 
0.0575 0.6055 0.0165 0.3205 
0.1699 0.3247 0.1943 0.3111 
0.2712 0.2933 0.3510 0.0846 
0.0449 0.2740 0.3541 0.3270 

MOTIF filter3 
letter-probability matrix: alength= 4 w= 13 nsites= 13 
0.3514 0.3723 0.2218 0.0544 
0.2963 0.2486 0.2619 0.1932 
0.2292 0.2643 0.1915 0.3149 
0.7977 0.0486 0.0832 0.0705 
0.3179 0.0787 0.4701 0.1333 
0.1300 0.0408 0.8080 0.0213 
0.3301 0.1524 0.2255 0.2920 
0.5165 0.1064 0.1814 0.1957 
0.0170 0.1119 0.8525 0.0187 
0.0115 0.1228 0.6085 0.2571 
0.1537 0.5021 0.2121 0.1320 
0.1892 0.1488 0.5148 0.1473 
0.1532 0.1865 0.5186 0.1418 

MOTIF filter4 
letter-probability matrix: alength= 4 w= 13 nsites= 13 
0.1715 0.2756 0.2432 0.3097 
0.2967 0.1633 0.2493 0.2907 
0.3844 0.0906 0.3283 0.1967 
0.1257 0.0290 0.6410 0.2043 
0.2258 0.0540 0.6851 0.0351 
0.2015 0.2362 0.5432 0.0192 
0.1943 0.1623 0.5827 0.0608 
0.1864 0.2044 0.4109 0.1983 
0.0991 0.0473 0.8032 0.0504 
0.1679 0.0806 0.6694 0.0822 
0.3898 0.0606 0.4921 0.0575 
0.2701 0.2420 0.4091 0.0788 
0.2324 0.3107 0.2293 0.2276 

MOTIF filter5 
letter-probability matrix: alength= 4 w= 13 nsites= 13 
0.2073 0.2842 0.2663 0.2423 
0.1867 0.3056 0.2639 0.2439 
0.0340 0.5067 0.2081 0.2512 
0.1062 0.6009 0.0153 0.2776 
0.0104 0.8045 0.0929 0.0922 
0.0962 0.7105 0.0817 0.1115 
0.2197 0.4017 0.1823 0.1962 
0.1014 0.6065 0.1766 0.1155 
0.0685 0.7897 0.0700 0.0718 
0.0921 0.5576 0.0284 0.3219 
0.2019 0.5050 0.0474 0.2457 
0.1614 0.4093 0.1559 0.2733 
0.2300 0.2860 0.2330 0.2510 

MOTIF filter6 
letter-probability matrix: alength= 4 w= 13 nsites= 13 
0.3118 0.1467 0.1534 0.3882 
0.3555 0.1294 0.2069 0.3083 
0.3777 0.2161 0.2949 0.1113 
0.0389 0.1505 0.0363 0.7743 
0.1194 0.0622 0.5332 0.2852 
0.2339 0.3340 0.1516 0.2806 
0.2609 0.3149 0.0879 0.3363 
0.1565 0.5364 0.1560 0.1511 
0.8635 0.0283 0.0549 0.0533 
0.0703 0.1854 0.0875 0.6568 
0.3229 0.4333 0.1859 0.0579 
0.2035 0.0233 0.3883 0.3849 
0.1410 0.3166 0.0678 0.4746 

MOTIF filter7 
letter-probability matrix: alength= 4 w= 16 nsites= 16 
0.2542 0.2344 0.2703 0.2410 
0.1972 0.3003 0.2836 0.2188 
0.1197 0.0959 0.3390 0.4454 
0.1885 0.5819 0.2186 0.0111 
0.3562 0.2532 0.1447 0.2459 
0.2785 0.1366 0.2982 0.2866 
0.1680 0.3568 0.0157 0.4594 
0.3555 0.1956 0.0093 0.4395 
0.5837 0.0058 0.3497 0.0608 
0.5233 0.0626 0.0471 0.3670 
0.0025 0.1064 0.0984 0.7927 
0.5422 0.1473 0.0621 0.2484 
0.0198 0.0243 0.5031 0.4528 
0.1744 0.2545 0.3902 0.1809 
0.2543 0.2590 0.2370 0.2497 
0.2369 0.2438 0.2343 0.2850 

MOTIF filter8 
letter-probability matrix: alength= 4 w= 11 nsites= 11 
0.2301 0.0885 0.3909 0.2906 
0.2345 0.0468 0.4107 0.3080 
0.0603 0.1494 0.4057 0.3846 
0.0053 0.1388 0.0018 0.8540 
0.2737 0.0030 0.6831 0.0402 
0.5206 0.1220 0.2823 0.0750 
0.0087 0.4647 0.2790 0.2476 
0.1661 0.0524 0.6860 0.0955 
0.1465 0.5251 0.1468 0.1816 
0.4330 0.1340 0.3119 0.1212 
0.1574 0.2525 0.3035 0.2867 

MOTIF filter9 
letter-probability matrix: alength= 4 w= 14 nsites= 14 
0.1711 0.1980 0.2268 0.4041 
0.1866 0.3751 0.3249 0.1134 
0.4048 0.2679 0.1755 0.1517 
0.7118 0.0139 0.1627 0.1115 
0.3216 0.1124 0.0078 0.5582 
0.2939 0.3159 0.0934 0.2968 
0.9408 0.0009 0.0292 0.0291 
0.2182 0.1638 0.2333 0.3848 
0.1534 0.0618 0.1901 0.5947 
0.2894 0.4039 0.3063 0.0004 
0.5878 0.3247 0.0451 0.0425 
0.2344 0.3699 0.1700 0.2257 
0.1969 0.1813 0.4517 0.1701 
0.3384 0.2660 0.1795 0.2162 

MOTIF filter10 
letter-probability matrix: alength= 4 w= 17 nsites= 17 
0.0986 0.1979 0.0929 0.6105 
0.1479 0.0856 0.2787 0.4879 
0.0628 0.4604 0.0630 0.4138 
0.0501 0.8012 0.0612 0.0875 
0.2162 0.3498 0.2420 0.1920 
0.4543 0.2634 0.1726 0.1098 
0.1649 0.0882 0.6067 0.1402 
0.2894 0.1365 0.3261 0.2479 
0.7779 0.0718 0.1122 0.0381 
0.4803 0.1739 0.0965 0.2493 
0.5580 0.1393 0.1546 0.1480 
0.2263 0.1411 0.1414 0.4912 
0.1171 0.0784 0.7026 0.1019 
0.0517 0.0833 0.7544 0.1106 
0.2026 0.1906 0.3938 0.2129 
0.2846 0.3942 0.2216 0.0997 
0.4216 0.1663 0.2056 0.2065 

MOTIF filter11 
letter-probability matrix: alength= 4 w= 9 nsites= 9 
0.2532 0.4181 0.0415 0.2871 
0.0280 0.3042 0.2210 0.4467 
0.1363 0.2006 0.5671 0.0960 
0.0273 0.0060 0.9550 0.0117 
0.3576 0.1440 0.1652 0.3331 
0.8183 0.0537 0.0544 0.0737 
0.3577 0.2596 0.3646 0.0181 
0.3419 0.1934 0.2338 0.2309 
0.2192 0.2067 0.3742 0.1999 

MOTIF filter12 
letter-probability matrix: alength= 4 w= 9 nsites= 9 
0.3413 0.2128 0.2069 0.2391 
0.0569 0.4980 0.2985 0.1466 
0.1981 0.5268 0.2361 0.0389 
0.0705 0.0698 0.6575 0.2021 
0.0794 0.2442 0.5299 0.1466 
0.9381 0.0229 0.0028 0.0362 
0.0390 0.1523 0.2726 0.5361 
0.0208 0.4731 0.3748 0.1313 
0.1050 0.2437 0.1759 0.4754 

MOTIF filter13 
letter-probability matrix: alength= 4 w= 13 nsites= 13 
0.2223 0.2639 0.3062 0.2075 
0.2485 0.2513 0.3262 0.1739 
0.3830 0.1783 0.3180 0.1207 
0.1972 0.6318 0.0160 0.1550 
0.0222 0.2086 0.7656 0.0036 
0.6216 0.0155 0.1118 0.2511 
0.3043 0.1807 0.1417 0.3733 
0.4672 0.0168 0.2939 0.2221 
0.0106 0.4418 0.4884 0.0593 
0.9395 0.0541 0.0019 0.0045 
0.0834 0.2260 0.2620 0.4285 
0.1895 0.1758 0.5132 0.1215 
0.1724 0.2354 0.4185 0.1736 

MOTIF filter14 
letter-probability matrix: alength= 4 w= 15 nsites= 15 
0.3315 0.1919 0.2080 0.2686 
0.2007 0.1640 0.4013 0.2340 
0.0921 0.3895 0.0706 0.4479 
0.0539 0.0495 0.4071 0.4895 
0.4789 0.2976 0.2191 0.0044 
0.1417 0.3550 0.0198 0.4835 
0.0495 0.4660 0.3665 0.1180 
0.8471 0.0005 0.0017 0.1507 
0.1249 0.1368 0.1154 0.6228 
0.3549 0.1352 0.0135 0.4964 
0.4533 0.3643 0.0108 0.1717 
0.6346 0.0019 0.1259 0.2377 
0.2688 0.2138 0.2054 0.3120 
0.1975 0.1917 0.4256 0.1853 
0.2425 0.1441 0.4563 0.1571 

MOTIF filter15 
letter-probability matrix: alength= 4 w= 12 nsites= 12 
0.1072 0.1156 0.1736 0.6037 
0.1541 0.3148 0.4770 0.0541 
0.3162 0.4603 0.1098 0.1138 
0.0347 0.5634 0.3628 0.0391 
0.0483 0.2962 0.4470 0.2085 
0.6266 0.0479 0.2826 0.0429 
0.8402 0.0230 0.0849 0.0520 
0.4743 0.0203 0.3470 0.1585 
0.1372 0.0932 0.1038 0.6658 
0.2701 0.1383 0.5361 0.0554 
0.2556 0.0981 0.4693 0.1771 
0.1574 0.2232 0.4277 0.1917 

MOTIF filter16 
letter-probability matrix: alength= 4 w= 9 nsites= 9 
0.2158 0.2026 0.2795 0.3022 
0.1436 0.5239 0.0380 0.2945 
0.5008 0.2087 0.1186 0.1719 
0.0222 0.0262 0.8197 0.1320 
0.1171 0.4177 0.4315 0.0338 
0.5458 0.4063 0.0347 0.0132 
0.3702 0.3374 0.2389 0.0534 
0.3926 0.0742 0.1772 0.3561 
0.2504 0.2406 0.2668 0.2422 

MOTIF filter17 
letter-probability matrix: alength= 4 w= 13 nsites= 13 
0.2333 0.3157 0.2639 0.1871 
0.2977 0.3740 0.1973 0.1310 
0.2661 0.0675 0.5489 0.1175 
0.1301 0.0326 0.1356 0.7017 
0.0923 0.4036 0.0421 0.4620 
0.3257 0.0094 0.3642 0.3007 
0.0653 0.1030 0.0033 0.8284 
0.4491 0.2175 0.2476 0.0858 
0.2604 0.4996 0.1350 0.1049 
0.3658 0.5184 0.0657 0.0501 
0.1704 0.2919 0.3439 0.1938 
0.2411 0.2614 0.0523 0.4452 
0.2375 0.2016 0.3292 0.2317 

MOTIF filter18 
letter-probability matrix: alength= 4 w= 13 nsites= 13 
0.2611 0.3703 0.1798 0.1888 
0.2372 0.1575 0.2508 0.3546 
0.1534 0.5841 0.0954 0.1671 
0.1157 0.0370 0.1909 0.6564 
0.6481 0.1148 0.0054 0.2317 
0.4962 0.1190 0.1804 0.2044 
0.0913 0.1461 0.0066 0.7561 
0.3124 0.2523 0.1303 0.3051 
0.3796 0.1791 0.2033 0.2379 
0.3331 0.0113 0.6409 0.0148 
0.3719 0.0637 0.4960 0.0684 
0.1353 0.2715 0.4048 0.1884 
0.2597 0.2534 0.2501 0.2367 

MOTIF filter19 
letter-probability matrix: alength= 4 w= 11 nsites= 11 
0.2109 0.1571 0.1838 0.4482 
0.2765 0.2783 0.4164 0.0288 
0.2563 0.1496 0.0510 0.5432 
0.0598 0.0831 0.0151 0.8420 
0.0530 0.2606 0.2860 0.4004 
0.5248 0.0046 0.4407 0.0300 
0.5287 0.1622 0.1618 0.1472 
0.7889 0.0308 0.0078 0.1724 
0.1605 0.2658 0.3413 0.2324 
0.3861 0.2638 0.0513 0.2989 
0.2319 0.2004 0.1794 0.3883 

MOTIF filter20 
letter-probability matrix: alength= 4 w= 12 nsites= 12 
0.3026 0.2944 0.2194 0.1837 
0.2759 0.2059 0.3577 0.1605 
0.3313 0.1143 0.4492 0.1052 
0.1049 0.6713 0.2213 0.0025 
0.2756 0.2566 0.0382 0.4296 
0.1664 0.0083 0.6976 0.1277 
0.3932 0.1294 0.2831 0.1943 
0.0156 0.4472 0.4759 0.0613 
0.0917 0.5559 0.0108 0.3417 
0.4092 0.3090 0.2037 0.0781 
0.3428 0.1452 0.1946 0.3173 
0.1685 0.2308 0.2912 0.3095 

MOTIF filter21 
letter-probability matrix: alength= 4 w= 11 nsites= 11 
0.0917 0.1205 0.4385 0.3494 
0.2334 0.1644 0.1594 0.4429 
0.0375 0.2492 0.1259 0.5874 
0.2135 0.1799 0.5980 0.0086 
0.0047 0.3926 0.6010 0.0017 
0.2838 0.0470 0.4077 0.2615 
0.2141 0.6450 0.0137 0.1272 
0.6548 0.0315 0.2050 0.1088 
0.0206 0.3882 0.1946 0.3966 
0.2392 0.2983 0.1993 0.2632 
0.2239 0.2353 0.2826 0.2582 

MOTIF filter22 
letter-probability matrix: alength= 4 w= 14 nsites= 14 
0.2021 0.2749 0.3646 0.1585 
0.3306 0.2567 0.3253 0.0874 
0.0714 0.3618 0.3838 0.1830 
0.0268 0.6425 0.3216 0.0090 
0.0072 0.6956 0.1721 0.1251 
0.1616 0.3894 0.4168 0.0323 
0.3625 0.2311 0.1526 0.2537 
0.0106 0.2217 0.6479 0.1198 
0.0303 0.2589 0.2336 0.4772 
0.1724 0.1167 0.5467 0.1642 
0.0699 0.1810 0.7088 0.0402 
0.1587 0.3430 0.0980 0.4003 
0.1474 0.3063 0.2143 0.3320 
0.2554 0.3287 0.2339 0.1819 

MOTIF filter23 
letter-probability matrix: alength= 4 w= 9 nsites= 9 
0.2610 0.3076 0.2314 0.2000 
0.2710 0.3113 0.2400 0.1776 
0.2055 0.1608 0.2681 0.3657 
0.2922 0.7048 0.0024 0.0006 
0.0725 0.0965 0.2798 0.5512 
0.8666 0.0076 0.0914 0.0345 
0.0084 0.1905 0.3178 0.4834 
0.3213 0.1989 0.4138 0.0659 
0.2172 0.1941 0.2659 0.3228 

MOTIF filter24 
letter-probability matrix: alength= 4 w= 12 nsites= 12 
0.2565 0.2593 0.2375 0.2468 
0.2985 0.2201 0.2369 0.2445 
0.2336 0.2927 0.2964 0.1773 
0.1507 0.7565 0.0182 0.0746 
0.7324 0.0043 0.1287 0.1346 
0.0438 0.6602 0.1615 0.1345 
0.2365 0.0553 0.6191 0.0891 
0.1419 0.1223 0.0420 0.6937 
0.0874 0.0573 0.7302 0.1250 
0.1910 0.2695 0.3069 0.2326 
0.2065 0.2804 0.1915 0.3217 
0.2369 0.2554 0.2598 0.2480 

MOTIF filter25 
letter-probability matrix: alength= 4 w= 13 nsites= 13 
0.1087 0.1173 0.1989 0.5751 
0.0576 0.3762 0.0733 0.4929 
0.0533 0.5319 0.1470 0.2678 
0.2011 0.7173 0.0320 0.0496 
0.1967 0.0268 0.4389 0.3375 
0.1769 0.0409 0.6788 0.1035 
0.9222 0.0043 0.0419 0.0316 
0.4360 0.2208 0.2280 0.1152 
0.1901 0.1906 0.1818 0.4376 
0.5989 0.2673 0.0162 0.1175 
0.3229 0.0814 0.3774 0.2184 
0.2980 0.3763 0.1673 0.1584 
0.2805 0.3242 0.1743 0.2210 

MOTIF filter26 
letter-probability matrix: alength= 4 w= 13 nsites= 13 
0.2365 0.1264 0.2593 0.3778 
0.1751 0.1514 0.2132 0.4603 
0.1893 0.3797 0.1217 0.3093 
0.0935 0.1477 0.0151 0.7437 
0.2477 0.1822 0.0125 0.5576 
0.3931 0.0935 0.0390 0.4745 
0.2436 0.0110 0.1609 0.5845 
0.0790 0.0612 0.6563 0.2035 
0.7965 0.0325 0.0239 0.1471 
0.7857 0.0250 0.0181 0.1712 
0.3513 0.0657 0.1030 0.4801 
0.0614 0.1701 0.5925 0.1760 
0.2055 0.2470 0.4172 0.1303 

MOTIF filter27 
letter-probability matrix: alength= 4 w= 10 nsites= 10 
0.3448 0.2029 0.2397 0.2126 
0.3648 0.0274 0.2272 0.3806 
0.3738 0.0354 0.1838 0.4070 
0.6647 0.0059 0.0528 0.2766 
0.0130 0.0177 0.0198 0.9495 
0.2298 0.2370 0.2073 0.3260 
0.5284 0.0091 0.4199 0.0426 
0.1212 0.1980 0.4937 0.1871 
0.2577 0.2930 0.1747 0.2747 
0.2397 0.2037 0.3550 0.2016 

MOTIF filter28 
letter-probability matrix: alength= 4 w= 13 nsites= 13 
0.2602 0.2495 0.2504 0.2399 
0.3994 0.1902 0.3241 0.0864 
0.0635 0.0502 0.0371 0.8491 
0.0262 0.0426 0.1339 0.7972 
0.2758 0.0791 0.4621 0.1830 
0.1008 0.6917 0.0462 0.1612 
0.2137 0.0635 0.6238 0.0990 
0.1980 0.5014 0.0488 0.2517 
0.7511 0.1052 0.1063 0.0374 
0.8235 0.0624 0.0650 0.0492 
0.1483 0.2847 0.1656 0.4015 
0.2922 0.2521 0.2450 0.2108 
0.2373 0.2006 0.2872 0.2748 

MOTIF filter29 
letter-probability matrix: alength= 4 w= 11 nsites= 11 
0.3712 0.3087 0.3093 0.0108 
0.4147 0.1122 0.3039 0.1691 
0.2413 0.1987 0.1017 0.4583 
0.0363 0.6552 0.0399 0.2686 
0.2029 0.3172 0.4490 0.0308 
0.0440 0.4004 0.3539 0.2017 
0.0182 0.0959 0.1561 0.7298 
0.4760 0.0696 0.4400 0.0144 
0.1837 0.2068 0.1369 0.4726 
0.3216 0.2469 0.2726 0.1589 
0.2859 0.2162 0.1434 0.3545 

MOTIF filter30 
letter-probability matrix: alength= 4 w= 11 nsites= 11 
0.3496 0.2449 0.1385 0.2669 
0.1827 0.1779 0.1989 0.4404 
0.2483 0.1682 0.1179 0.4656 
0.0641 0.6633 0.2661 0.0065 
0.3533 0.5604 0.0413 0.0450 
0.0223 0.1446 0.3756 0.4576 
0.0228 0.0614 0.3948 0.5210 
0.7826 0.1069 0.0689 0.0416 
0.5106 0.2260 0.1898 0.0735 
0.4420 0.0538 0.0876 0.4166 
0.1050 0.3638 0.1229 0.4082 

MOTIF filter31 
letter-probability matrix: alength= 4 w= 10 nsites= 10 
0.3815 0.1719 0.2426 0.2039 
0.2093 0.2810 0.4289 0.0808 
0.0919 0.2402 0.1251 0.5427 
0.2246 0.6268 0.0115 0.1371 
0.6224 0.0005 0.2730 0.1041 
0.0138 0.3338 0.6484 0.0040 
0.0138 0.9745 0.0013 0.0103 
0.4728 0.2507 0.0461 0.2303 
0.2615 0.2362 0.1857 0.3166 
0.3392 0.2168 0.1328 0.3112 

