MEME version 4

ALPHABET= ACGT

Background letter frequencies:
A 0.2500 C 0.2500 G 0.2500 T 0.2500 

MOTIF filter0 
letter-probability matrix: alength= 4 w= 11 nsites= 11 
0.2538 0.2197 0.1039 0.4226 
0.2897 0.1124 0.1951 0.4029 
0.2477 0.0885 0.2677 0.3962 
0.0175 0.0268 0.8948 0.0608 
0.3623 0.4523 0.1293 0.0560 
0.7376 0.0105 0.0019 0.2500 
0.1660 0.0092 0.5147 0.3100 
0.1865 0.0485 0.6970 0.0681 
0.1427 0.2195 0.4970 0.1408 
0.1747 0.2273 0.1170 0.4811 
0.0916 0.4953 0.1991 0.2140 

MOTIF filter1 
letter-probability matrix: alength= 4 w= 11 nsites= 11 
0.5994 0.1951 0.0967 0.1088 
0.3000 0.2394 0.0417 0.4189 
0.4228 0.4188 0.0244 0.1340 
0.0386 0.0013 0.2233 0.7368 
0.4537 0.0026 0.3712 0.1725 
0.6279 0.0484 0.0248 0.2989 
0.1487 0.4482 0.3149 0.0882 
0.0290 0.1198 0.5653 0.2858 
0.2336 0.5271 0.0849 0.1544 
0.4586 0.2264 0.1469 0.1682 
0.1911 0.2654 0.2191 0.3243 

MOTIF filter2 
letter-probability matrix: alength= 4 w= 14 nsites= 14 
0.1960 0.4197 0.2530 0.1313 
0.2443 0.2294 0.3106 0.2156 
0.1966 0.3130 0.3247 0.1657 
0.0106 0.6937 0.0881 0.2076 
0.3644 0.4971 0.0082 0.1303 
0.8371 0.0048 0.0202 0.1379 
0.4713 0.0083 0.0211 0.4992 
0.1354 0.2223 0.2258 0.4165 
0.2963 0.1542 0.0833 0.4661 
0.0486 0.0103 0.4497 0.4914 
0.2673 0.0188 0.7086 0.0053 
0.2179 0.2908 0.3889 0.1023 
0.2172 0.2792 0.1963 0.3072 
0.1292 0.3965 0.3292 0.1451 

MOTIF filter3 
letter-probability matrix: alength= 4 w= 14 nsites= 14 
0.1780 0.3485 0.2636 0.2099 
0.1027 0.2905 0.3341 0.2728 
0.0682 0.5835 0.0915 0.2568 
0.0277 0.6127 0.1000 0.2596 
0.0795 0.8233 0.0869 0.0102 
0.0359 0.4198 0.1886 0.3557 
0.1490 0.2726 0.4196 0.1589 
0.1419 0.7471 0.0116 0.0994 
0.0197 0.8492 0.0871 0.0440 
0.0346 0.5225 0.0663 0.3766 
0.1394 0.6703 0.0209 0.1693 
0.2680 0.3533 0.1347 0.2441 
0.1876 0.3046 0.2373 0.2705 
0.2505 0.2985 0.2344 0.2166 

MOTIF filter4 
letter-probability matrix: alength= 4 w= 8 nsites= 8 
0.0925 0.5229 0.2622 0.1224 
0.2530 0.3259 0.4211 0.0000 
0.0516 0.5056 0.2937 0.1490 
0.2274 0.0812 0.6518 0.0396 
0.0395 0.1227 0.0069 0.8309 
0.2966 0.3190 0.2160 0.1684 
0.2146 0.1640 0.2752 0.3462 
0.0624 0.4097 0.0668 0.4611 

MOTIF filter5 
letter-probability matrix: alength= 4 w= 13 nsites= 13 
0.2001 0.3571 0.2517 0.1912 
0.3138 0.2455 0.3053 0.1353 
0.3055 0.1115 0.4691 0.1139 
0.1818 0.0016 0.6309 0.1857 
0.2667 0.1221 0.2085 0.4028 
0.4062 0.0701 0.4651 0.0585 
0.0123 0.2021 0.5982 0.1873 
0.0508 0.4242 0.3822 0.1428 
0.1590 0.3374 0.2895 0.2141 
0.0354 0.0952 0.8395 0.0299 
0.4081 0.0728 0.3798 0.1393 
0.2872 0.1810 0.4622 0.0697 
0.2267 0.1621 0.4175 0.1936 

MOTIF filter6 
letter-probability matrix: alength= 4 w= 17 nsites= 17 
0.3228 0.2311 0.2531 0.1929 
0.2297 0.2043 0.3140 0.2520 
0.2715 0.5401 0.1394 0.0490 
0.6953 0.0812 0.1093 0.1142 
0.2551 0.3701 0.1818 0.1930 
0.1770 0.2871 0.2417 0.2942 
0.3812 0.2200 0.0033 0.3955 
0.3218 0.0009 0.4964 0.1809 
0.0491 0.6728 0.0247 0.2534 
0.0809 0.3420 0.1229 0.4541 
0.6207 0.0745 0.1602 0.1447 
0.2408 0.0536 0.0254 0.6802 
0.3086 0.2239 0.2447 0.2228 
0.2087 0.0576 0.6801 0.0536 
0.3711 0.1913 0.2317 0.2059 
0.1542 0.2518 0.2828 0.3112 
0.2982 0.0757 0.4131 0.2130 

MOTIF filter7 
letter-probability matrix: alength= 4 w= 10 nsites= 10 
0.3517 0.2262 0.2516 0.1704 
0.2468 0.3943 0.0958 0.2631 
0.2920 0.0043 0.4704 0.2333 
0.0748 0.1816 0.0360 0.7076 
0.7878 0.1394 0.0464 0.0265 
0.4848 0.3197 0.1493 0.0463 
0.4526 0.1155 0.4274 0.0045 
0.3592 0.3177 0.2999 0.0232 
0.2776 0.1763 0.2147 0.3314 
0.2061 0.2493 0.2836 0.2609 

MOTIF filter8 
letter-probability matrix: alength= 4 w= 8 nsites= 8 
0.1830 0.4252 0.2576 0.1343 
0.2396 0.0327 0.3178 0.4099 
0.3813 0.1643 0.0117 0.4428 
0.0732 0.6955 0.0949 0.1363 
0.9842 0.0111 0.0012 0.0035 
0.1434 0.3112 0.1085 0.4368 
0.3111 0.1918 0.3695 0.1277 
0.1299 0.2956 0.2748 0.2997 

MOTIF filter9 
letter-probability matrix: alength= 4 w= 12 nsites= 12 
0.2428 0.3631 0.2202 0.1740 
0.2282 0.0424 0.5157 0.2137 
0.1180 0.1818 0.3869 0.3133 
0.7724 0.0245 0.2028 0.0003 
0.8073 0.1134 0.0610 0.0183 
0.3987 0.1977 0.4010 0.0025 
0.0806 0.2143 0.2032 0.5019 
0.0418 0.1654 0.7482 0.0446 
0.1250 0.1407 0.6977 0.0367 
0.1333 0.4814 0.1655 0.2198 
0.1593 0.2726 0.3301 0.2380 
0.2841 0.1418 0.4028 0.1714 

MOTIF filter10 
letter-probability matrix: alength= 4 w= 14 nsites= 14 
0.2600 0.2378 0.2459 0.2563 
0.2607 0.2773 0.2212 0.2408 
0.4705 0.0826 0.4294 0.0175 
0.0818 0.1304 0.0349 0.7529 
0.0506 0.0132 0.3015 0.6347 
0.3110 0.1388 0.2700 0.2803 
0.2313 0.0535 0.1858 0.5294 
0.5149 0.1455 0.2846 0.0550 
0.3923 0.2907 0.0378 0.2792 
0.5122 0.1847 0.0016 0.3015 
0.7400 0.0392 0.0355 0.1853 
0.1432 0.2039 0.1188 0.5341 
0.1299 0.2513 0.2426 0.3762 
0.6057 0.1264 0.0571 0.2108 

MOTIF filter11 
letter-probability matrix: alength= 4 w= 16 nsites= 16 
0.1956 0.6133 0.1099 0.0812 
0.5825 0.0626 0.1853 0.1696 
0.1945 0.3061 0.2416 0.2577 
0.1177 0.0412 0.7115 0.1296 
0.0331 0.0546 0.1072 0.8051 
0.0084 0.3157 0.5733 0.1026 
0.2510 0.2732 0.4077 0.0680 
0.0911 0.1384 0.1740 0.5965 
0.0283 0.0406 0.5038 0.4273 
0.2714 0.1141 0.5957 0.0188 
0.1133 0.3130 0.4682 0.1055 
0.1200 0.3807 0.0459 0.4535 
0.0689 0.6589 0.0731 0.1991 
0.3848 0.1974 0.2261 0.1916 
0.1755 0.3082 0.2940 0.2224 
0.1851 0.2464 0.2282 0.3402 

MOTIF filter12 
letter-probability matrix: alength= 4 w= 16 nsites= 16 
0.2499 0.2215 0.1772 0.3514 
0.1130 0.1037 0.3747 0.4087 
0.2076 0.3287 0.1257 0.3380 
0.1562 0.5394 0.0014 0.3030 
0.1818 0.3011 0.0272 0.4899 
0.6594 0.0473 0.0312 0.2621 
0.1974 0.0219 0.1250 0.6557 
0.2478 0.0852 0.4810 0.1859 
0.3822 0.1472 0.3143 0.1563 
0.6936 0.0867 0.0157 0.2040 
0.2041 0.0541 0.1789 0.5629 
0.3288 0.2585 0.2207 0.1920 
0.2213 0.0673 0.6698 0.0416 
0.3200 0.1158 0.2995 0.2647 
0.1742 0.2445 0.3650 0.2163 
0.2692 0.2031 0.2956 0.2322 

MOTIF filter13 
letter-probability matrix: alength= 4 w= 11 nsites= 11 
0.2190 0.2370 0.2762 0.2678 
0.1666 0.2680 0.1789 0.3865 
0.1890 0.3552 0.3112 0.1446 
0.7579 0.0454 0.0527 0.1440 
0.0893 0.0109 0.0703 0.8295 
0.4074 0.0976 0.1692 0.3258 
0.1378 0.0002 0.0002 0.8619 
0.1979 0.0522 0.0484 0.7015 
0.4579 0.0284 0.3371 0.1766 
0.3303 0.0931 0.4002 0.1764 
0.3162 0.3227 0.1762 0.1849 

MOTIF filter14 
letter-probability matrix: alength= 4 w= 10 nsites= 10 
0.3501 0.2068 0.2855 0.1575 
0.2763 0.0281 0.4454 0.2501 
0.1764 0.0678 0.1873 0.5686 
0.4190 0.0029 0.5677 0.0105 
0.0166 0.2112 0.4504 0.3217 
0.1097 0.3740 0.0420 0.4742 
0.0332 0.1651 0.7899 0.0118 
0.4145 0.1603 0.2331 0.1922 
0.3169 0.1862 0.2453 0.2516 
0.1953 0.1375 0.2460 0.4212 

MOTIF filter15 
letter-probability matrix: alength= 4 w= 14 nsites= 14 
0.1956 0.3115 0.1769 0.3159 
0.1014 0.4950 0.1879 0.2158 
0.4464 0.2363 0.1820 0.1353 
0.0143 0.9013 0.0217 0.0628 
0.1183 0.3648 0.3154 0.2015 
0.3877 0.0952 0.1938 0.3233 
0.0354 0.0733 0.5288 0.3625 
0.3140 0.1159 0.3534 0.2167 
0.4466 0.0093 0.0194 0.5247 
0.3765 0.1594 0.4131 0.0510 
0.2355 0.2120 0.0038 0.5487 
0.1593 0.3546 0.3623 0.1238 
0.2057 0.1467 0.3494 0.2982 
0.2112 0.3820 0.2020 0.2047 

MOTIF filter16 
letter-probability matrix: alength= 4 w= 14 nsites= 14 
0.2513 0.2629 0.2360 0.2498 
0.2467 0.2318 0.2270 0.2944 
0.2164 0.1230 0.2667 0.3938 
0.0877 0.2440 0.0519 0.6163 
0.5819 0.2671 0.0556 0.0955 
0.0973 0.4364 0.0303 0.4361 
0.4042 0.0464 0.4119 0.1375 
0.0880 0.1535 0.1021 0.6565 
0.0810 0.2565 0.6036 0.0588 
0.1014 0.4526 0.1082 0.3379 
0.5830 0.0106 0.3375 0.0688 
0.4268 0.2076 0.1237 0.2418 
0.3378 0.2591 0.1880 0.2151 
0.2540 0.2468 0.1127 0.3866 

MOTIF filter17 
letter-probability matrix: alength= 4 w= 14 nsites= 14 
0.1583 0.3721 0.2173 0.2524 
0.1494 0.2093 0.1137 0.5277 
0.1833 0.0305 0.3573 0.4289 
0.0711 0.7195 0.1513 0.0581 
0.1719 0.4318 0.1208 0.2754 
0.2553 0.1926 0.1740 0.3780 
0.5764 0.0605 0.0659 0.2972 
0.1601 0.0236 0.2477 0.5685 
0.1504 0.2132 0.0531 0.5833 
0.6234 0.0043 0.0018 0.3705 
0.7452 0.1341 0.0005 0.1202 
0.5376 0.1395 0.1328 0.1900 
0.6014 0.1170 0.1255 0.1561 
0.2697 0.1558 0.3312 0.2433 

MOTIF filter18 
letter-probability matrix: alength= 4 w= 11 nsites= 11 
0.2108 0.1617 0.3894 0.2380 
0.3100 0.1556 0.2060 0.3284 
0.2299 0.1649 0.4930 0.1122 
0.0210 0.9378 0.0118 0.0295 
0.0759 0.3178 0.2392 0.3671 
0.3652 0.1971 0.1524 0.2853 
0.7098 0.2591 0.0013 0.0298 
0.2206 0.0211 0.0054 0.7529 
0.0998 0.2329 0.3659 0.3014 
0.3610 0.2686 0.1101 0.2604 
0.0618 0.2297 0.5347 0.1739 

MOTIF filter19 
letter-probability matrix: alength= 4 w= 12 nsites= 12 
0.3506 0.2426 0.2426 0.1643 
0.1416 0.1851 0.1490 0.5243 
0.0224 0.4821 0.1523 0.3432 
0.6364 0.2482 0.0234 0.0920 
0.0051 0.9458 0.0066 0.0425 
0.0198 0.5665 0.3923 0.0214 
0.1533 0.0353 0.3074 0.5039 
0.0020 0.0417 0.7541 0.2021 
0.6623 0.0422 0.2624 0.0331 
0.2970 0.1915 0.1480 0.3636 
0.4983 0.1492 0.0638 0.2886 
0.2001 0.1299 0.4241 0.2459 

MOTIF filter20 
letter-probability matrix: alength= 4 w= 11 nsites= 11 
0.2747 0.3952 0.2136 0.1165 
0.2366 0.1417 0.2164 0.4054 
0.0614 0.1181 0.2252 0.5953 
0.0865 0.7125 0.1825 0.0185 
0.0020 0.8507 0.0073 0.1400 
0.2810 0.0068 0.5557 0.1565 
0.0114 0.3967 0.2325 0.3594 
0.4429 0.0353 0.0251 0.4967 
0.3867 0.1434 0.0388 0.4312 
0.1791 0.1382 0.0639 0.6188 
0.0550 0.1926 0.2899 0.4624 

MOTIF filter21 
letter-probability matrix: alength= 4 w= 14 nsites= 14 
0.2319 0.2617 0.2415 0.2649 
0.2619 0.2713 0.2332 0.2335 
0.3602 0.3444 0.1961 0.0994 
0.1348 0.0420 0.0386 0.7847 
0.1770 0.0590 0.1451 0.6189 
0.4107 0.0579 0.2096 0.3219 
0.2018 0.4137 0.2619 0.1226 
0.1412 0.0124 0.1490 0.6974 
0.0064 0.7668 0.1093 0.1175 
0.3496 0.5445 0.0340 0.0719 
0.1706 0.0032 0.7188 0.1074 
0.0744 0.4865 0.2376 0.2016 
0.6217 0.1965 0.1017 0.0801 
0.1343 0.3000 0.0944 0.4713 

MOTIF filter22 
letter-probability matrix: alength= 4 w= 16 nsites= 16 
0.1795 0.3455 0.2000 0.2750 
0.1452 0.4166 0.1630 0.2752 
0.2034 0.1956 0.1314 0.4697 
0.6798 0.0908 0.1728 0.0566 
0.1443 0.0687 0.1030 0.6840 
0.1639 0.0899 0.2145 0.5317 
0.5711 0.1902 0.0051 0.2335 
0.6659 0.0923 0.1534 0.0883 
0.6566 0.0381 0.0937 0.2116 
0.5491 0.2286 0.1525 0.0698 
0.0419 0.0109 0.1111 0.8361 
0.1409 0.5477 0.2393 0.0720 
0.7551 0.1068 0.0763 0.0618 
0.1247 0.3209 0.2313 0.3231 
0.2723 0.2344 0.2453 0.2480 
0.2763 0.2703 0.2351 0.2183 

MOTIF filter23 
letter-probability matrix: alength= 4 w= 14 nsites= 14 
0.2958 0.2534 0.2495 0.2013 
0.2237 0.1352 0.4047 0.2365 
0.1334 0.3639 0.1144 0.3882 
0.1073 0.7290 0.1477 0.0160 
0.3954 0.0863 0.4058 0.1125 
0.3868 0.2711 0.1522 0.1899 
0.2310 0.4397 0.1878 0.1415 
0.4993 0.2461 0.0794 0.1752 
0.0026 0.0038 0.7741 0.2194 
0.1419 0.0810 0.1799 0.5973 
0.0483 0.0843 0.5652 0.3023 
0.3652 0.2163 0.0137 0.4048 
0.0851 0.4696 0.2343 0.2111 
0.3181 0.2130 0.0625 0.4064 

MOTIF filter24 
letter-probability matrix: alength= 4 w= 11 nsites= 11 
0.1942 0.2455 0.2364 0.3239 
0.1886 0.2102 0.3890 0.2122 
0.3008 0.2592 0.3152 0.1248 
0.1310 0.0138 0.8518 0.0034 
0.0299 0.2032 0.6164 0.1506 
0.6199 0.0942 0.2803 0.0056 
0.6178 0.0461 0.2478 0.0884 
0.0206 0.0584 0.8795 0.0414 
0.3921 0.1507 0.2806 0.1766 
0.1086 0.2880 0.5082 0.0952 
0.2746 0.1766 0.3062 0.2426 

MOTIF filter25 
letter-probability matrix: alength= 4 w= 14 nsites= 14 
0.2591 0.2495 0.2329 0.2584 
0.3035 0.1618 0.2043 0.3304 
0.0932 0.2500 0.0985 0.5582 
0.0014 0.0070 0.0007 0.9909 
0.0113 0.3308 0.0137 0.6442 
0.1102 0.6290 0.1015 0.1594 
0.1464 0.4458 0.0961 0.3117 
0.2583 0.1013 0.5808 0.0596 
0.3023 0.1602 0.4423 0.0951 
0.6168 0.0435 0.2864 0.0533 
0.9661 0.0144 0.0149 0.0046 
0.4057 0.2103 0.1105 0.2735 
0.2937 0.3217 0.1758 0.2087 
0.2500 0.2686 0.1599 0.3215 

MOTIF filter26 
letter-probability matrix: alength= 4 w= 11 nsites= 11 
0.4828 0.1401 0.1709 0.2061 
0.1523 0.4148 0.1803 0.2525 
0.0344 0.4664 0.0998 0.3994 
0.6291 0.1749 0.1795 0.0164 
0.8371 0.0742 0.0844 0.0044 
0.0114 0.1307 0.1259 0.7319 
0.0044 0.5908 0.2229 0.1819 
0.9176 0.0024 0.0734 0.0066 
0.4714 0.1198 0.3808 0.0280 
0.1747 0.1132 0.0978 0.6144 
0.2229 0.4750 0.1407 0.1613 

MOTIF filter27 
letter-probability matrix: alength= 4 w= 14 nsites= 14 
0.0705 0.2002 0.1764 0.5529 
0.1679 0.1798 0.2727 0.3796 
0.1873 0.1075 0.5553 0.1498 
0.0971 0.7200 0.1136 0.0694 
0.1323 0.5615 0.2157 0.0904 
0.6926 0.1286 0.0276 0.1513 
0.8185 0.0638 0.0552 0.0625 
0.1389 0.0914 0.0767 0.6930 
0.1935 0.0920 0.2753 0.4391 
0.3768 0.0945 0.1740 0.3548 
0.0158 0.1868 0.6498 0.1475 
0.0504 0.0757 0.3748 0.4990 
0.0966 0.5339 0.2030 0.1664 
0.4661 0.2555 0.1527 0.1257 

MOTIF filter28 
letter-probability matrix: alength= 4 w= 11 nsites= 11 
0.2480 0.2487 0.2476 0.2557 
0.3230 0.2146 0.2763 0.1861 
0.2979 0.3150 0.2562 0.1309 
0.1633 0.6633 0.1221 0.0513 
0.2484 0.0108 0.2279 0.5129 
0.1044 0.6367 0.0869 0.1720 
0.1479 0.0046 0.5197 0.3278 
0.1783 0.0468 0.0407 0.7342 
0.4444 0.0915 0.2092 0.2550 
0.4760 0.0455 0.1144 0.3640 
0.3187 0.1679 0.0996 0.4138 

MOTIF filter29 
letter-probability matrix: alength= 4 w= 12 nsites= 12 
0.2243 0.2994 0.1677 0.3086 
0.2840 0.2027 0.1297 0.3837 
0.1511 0.3158 0.3510 0.1821 
0.0162 0.6922 0.1529 0.1387 
0.0445 0.2002 0.5566 0.1987 
0.1780 0.3094 0.3203 0.1923 
0.1715 0.0420 0.2236 0.5629 
0.1126 0.8376 0.0472 0.0026 
0.0294 0.7228 0.0500 0.1977 
0.2710 0.1768 0.1116 0.4406 
0.4437 0.2375 0.1372 0.1816 
0.2227 0.2700 0.0909 0.4164 

MOTIF filter30 
letter-probability matrix: alength= 4 w= 11 nsites= 11 
0.2374 0.2532 0.2564 0.2530 
0.4723 0.1608 0.2856 0.0813 
0.1104 0.6260 0.2125 0.0511 
0.2067 0.2576 0.1397 0.3960 
0.2643 0.0145 0.0898 0.6314 
0.0962 0.7407 0.0309 0.1322 
0.2338 0.4081 0.1313 0.2268 
0.0381 0.0401 0.2834 0.6384 
0.3539 0.1111 0.4811 0.0539 
0.0437 0.6061 0.1659 0.1843 
0.0407 0.1244 0.3386 0.4962 

MOTIF filter31 
letter-probability matrix: alength= 4 w= 9 nsites= 9 
0.1353 0.3016 0.4363 0.1268 
0.2837 0.3708 0.1464 0.1990 
0.5844 0.0516 0.2591 0.1049 
0.0605 0.0303 0.7817 0.1275 
0.0192 0.1489 0.2099 0.6220 
0.8528 0.0501 0.0202 0.0769 
0.2225 0.1892 0.2843 0.3041 
0.3727 0.2841 0.1700 0.1732 
0.0746 0.2489 0.2414 0.4351 

