MEME version 4

ALPHABET= ACGT

Background letter frequencies:
A 0.2500 C 0.2500 G 0.2500 T 0.2500 

MOTIF filter0 
letter-probability matrix: alength= 4 w= 10 nsites= 10 
0.4463 0.0252 0.4322 0.0963 
0.4190 0.2224 0.1571 0.2014 
0.0744 0.2784 0.3903 0.2569 
0.4946 0.1000 0.4030 0.0024 
0.6381 0.0104 0.0160 0.3355 
0.0063 0.5025 0.4243 0.0669 
0.6625 0.1126 0.0359 0.1889 
0.0488 0.3146 0.1390 0.4976 
0.1579 0.2154 0.3887 0.2380 
0.2430 0.2299 0.3106 0.2165 

MOTIF filter1 
letter-probability matrix: alength= 4 w= 13 nsites= 13 
0.2048 0.2241 0.5045 0.0666 
0.2360 0.4423 0.1583 0.1633 
0.3012 0.2910 0.3185 0.0893 
0.0448 0.3000 0.0219 0.6333 
0.8324 0.0006 0.0656 0.1014 
0.4315 0.0254 0.0020 0.5411 
0.3667 0.2317 0.0678 0.3338 
0.2092 0.0125 0.0026 0.7757 
0.5206 0.4236 0.0049 0.0509 
0.5761 0.0027 0.0386 0.3826 
0.2068 0.2782 0.2149 0.3001 
0.1916 0.1573 0.4790 0.1722 
0.2585 0.2185 0.2580 0.2650 

MOTIF filter2 
letter-probability matrix: alength= 4 w= 14 nsites= 14 
0.2537 0.1483 0.2330 0.3650 
0.2383 0.3714 0.3380 0.0523 
0.3446 0.3511 0.1375 0.1668 
0.1954 0.6207 0.1673 0.0166 
0.0733 0.1780 0.1590 0.5897 
0.4672 0.1548 0.0029 0.3752 
0.6547 0.0269 0.0282 0.2901 
0.3958 0.1142 0.0917 0.3983 
0.0593 0.0170 0.4328 0.4908 
0.4691 0.0627 0.3080 0.1602 
0.0939 0.1280 0.1252 0.6528 
0.2438 0.3149 0.3666 0.0747 
0.1673 0.1171 0.5707 0.1449 
0.2841 0.3684 0.1547 0.1928 

MOTIF filter3 
letter-probability matrix: alength= 4 w= 8 nsites= 8 
0.0018 0.3222 0.3120 0.3639 
0.1397 0.0763 0.4442 0.3398 
0.0604 0.4383 0.2667 0.2346 
0.0630 0.0043 0.0607 0.8720 
0.0192 0.0549 0.7415 0.1843 
0.2756 0.0841 0.4514 0.1888 
0.2298 0.4487 0.0773 0.2443 
0.0353 0.3243 0.3798 0.2606 

MOTIF filter4 
letter-probability matrix: alength= 4 w= 11 nsites= 11 
0.2856 0.1631 0.1985 0.3529 
0.2589 0.1403 0.1616 0.4393 
0.2551 0.2467 0.2135 0.2847 
0.0909 0.8557 0.0446 0.0087 
0.0122 0.3376 0.0407 0.6095 
0.1848 0.1148 0.2228 0.4776 
0.2527 0.5094 0.1072 0.1307 
0.0860 0.1015 0.7382 0.0743 
0.0851 0.0721 0.3987 0.4440 
0.2038 0.4633 0.2712 0.0616 
0.4044 0.2878 0.0906 0.2172 

MOTIF filter5 
letter-probability matrix: alength= 4 w= 9 nsites= 9 
0.2837 0.2677 0.2580 0.1906 
0.2325 0.2934 0.1434 0.3307 
0.4163 0.2324 0.3420 0.0093 
0.1037 0.0514 0.0926 0.7523 
0.2498 0.2060 0.0000 0.5442 
0.0009 0.0050 0.7340 0.2600 
0.5319 0.1329 0.0994 0.2358 
0.1749 0.3342 0.3304 0.1604 
0.3334 0.1922 0.1840 0.2904 

MOTIF filter6 
letter-probability matrix: alength= 4 w= 14 nsites= 14 
0.3327 0.1635 0.2181 0.2857 
0.0955 0.2416 0.1953 0.4676 
0.1266 0.5260 0.0426 0.3049 
0.0480 0.6580 0.1249 0.1691 
0.0215 0.9606 0.0064 0.0115 
0.0717 0.7467 0.0560 0.1256 
0.3299 0.1159 0.3614 0.1928 
0.1412 0.1529 0.4061 0.2998 
0.2364 0.5776 0.1109 0.0751 
0.4425 0.2209 0.0136 0.3230 
0.1205 0.1907 0.0546 0.6343 
0.0307 0.1958 0.5725 0.2010 
0.1423 0.1966 0.4568 0.2043 
0.1437 0.2083 0.3496 0.2985 

MOTIF filter7 
letter-probability matrix: alength= 4 w= 10 nsites= 10 
0.2840 0.2508 0.2473 0.2179 
0.3355 0.2822 0.2574 0.1249 
0.2686 0.1647 0.3266 0.2400 
0.1624 0.7136 0.0998 0.0242 
0.2411 0.1629 0.5952 0.0008 
0.1531 0.0753 0.7053 0.0663 
0.0868 0.6818 0.0695 0.1619 
0.0446 0.1778 0.4318 0.3457 
0.1112 0.2304 0.4905 0.1678 
0.0637 0.3782 0.4563 0.1019 

MOTIF filter8 
letter-probability matrix: alength= 4 w= 14 nsites= 14 
0.1861 0.3550 0.3534 0.1055 
0.2917 0.1802 0.2960 0.2321 
0.0835 0.5541 0.0536 0.3088 
0.0999 0.0490 0.0483 0.8028 
0.3395 0.2170 0.0102 0.4333 
0.2086 0.3154 0.0798 0.3962 
0.2851 0.3381 0.0642 0.3127 
0.1888 0.0296 0.4166 0.3650 
0.5514 0.0178 0.2045 0.2263 
0.3535 0.0664 0.1057 0.4744 
0.9225 0.0098 0.0118 0.0559 
0.1916 0.0774 0.5348 0.1963 
0.5036 0.2420 0.0884 0.1660 
0.2199 0.1913 0.4204 0.1684 

MOTIF filter9 
letter-probability matrix: alength= 4 w= 13 nsites= 13 
0.2273 0.2556 0.2546 0.2625 
0.2981 0.2277 0.3535 0.1207 
0.3577 0.1509 0.3156 0.1759 
0.0525 0.7452 0.1033 0.0989 
0.0563 0.5912 0.0672 0.2853 
0.5460 0.1536 0.2367 0.0636 
0.8875 0.0386 0.0265 0.0474 
0.0429 0.0611 0.0303 0.8657 
0.0860 0.2943 0.1793 0.4403 
0.5609 0.0097 0.3710 0.0583 
0.2837 0.0642 0.5716 0.0806 
0.1945 0.2100 0.1053 0.4902 
0.2348 0.2670 0.1417 0.3566 

MOTIF filter10 
letter-probability matrix: alength= 4 w= 14 nsites= 14 
0.2834 0.1784 0.3084 0.2298 
0.3922 0.1423 0.1571 0.3084 
0.2473 0.2734 0.3816 0.0977 
0.0907 0.0841 0.1101 0.7151 
0.1206 0.7317 0.0971 0.0506 
0.8013 0.0489 0.1204 0.0294 
0.0312 0.1588 0.5484 0.2616 
0.0271 0.8737 0.0403 0.0589 
0.7390 0.0790 0.0683 0.1137 
0.3047 0.1417 0.1991 0.3545 
0.4424 0.0570 0.0201 0.4804 
0.4070 0.1522 0.0708 0.3700 
0.3088 0.1263 0.0474 0.5175 
0.1744 0.2030 0.1756 0.4469 

MOTIF filter11 
letter-probability matrix: alength= 4 w= 11 nsites= 11 
0.1485 0.4025 0.1168 0.3322 
0.1537 0.2833 0.3172 0.2457 
0.0479 0.3624 0.0974 0.4923 
0.0513 0.4962 0.0340 0.4185 
0.0106 0.5118 0.3292 0.1484 
0.6788 0.2752 0.0041 0.0419 
0.0546 0.6506 0.0996 0.1952 
0.0948 0.3392 0.0109 0.5552 
0.1266 0.5795 0.0498 0.2440 
0.2156 0.2660 0.0028 0.5156 
0.0753 0.4151 0.2508 0.2588 

MOTIF filter12 
letter-probability matrix: alength= 4 w= 14 nsites= 14 
0.1582 0.2199 0.2464 0.3755 
0.1859 0.0588 0.3005 0.4548 
0.1979 0.1567 0.4534 0.1920 
0.2391 0.1955 0.5549 0.0104 
0.0137 0.2309 0.4154 0.3399 
0.2188 0.1135 0.6416 0.0260 
0.6136 0.0439 0.3414 0.0011 
0.0078 0.1130 0.8420 0.0373 
0.4187 0.0137 0.2316 0.3360 
0.4997 0.1310 0.3522 0.0171 
0.4657 0.0749 0.4463 0.0131 
0.1428 0.2775 0.1801 0.3996 
0.2736 0.2318 0.3015 0.1930 
0.2796 0.2292 0.3055 0.1856 

MOTIF filter13 
letter-probability matrix: alength= 4 w= 12 nsites= 12 
0.2326 0.2714 0.2211 0.2748 
0.3927 0.1812 0.3818 0.0443 
0.1538 0.1824 0.5233 0.1404 
0.1547 0.0386 0.6465 0.1602 
0.3064 0.0498 0.6322 0.0116 
0.4181 0.0557 0.4480 0.0782 
0.5064 0.0181 0.4722 0.0034 
0.3759 0.0621 0.3615 0.2005 
0.0205 0.0875 0.8540 0.0379 
0.0900 0.0973 0.7524 0.0603 
0.1492 0.4500 0.1895 0.2114 
0.2140 0.2459 0.3246 0.2155 

MOTIF filter14 
letter-probability matrix: alength= 4 w= 8 nsites= 8 
0.1662 0.5132 0.2504 0.0702 
0.1946 0.1170 0.4098 0.2786 
0.1219 0.0753 0.5372 0.2656 
0.0349 0.5754 0.3826 0.0070 
0.0085 0.5228 0.4281 0.0407 
0.1133 0.3655 0.4286 0.0926 
0.0164 0.2499 0.4842 0.2495 
0.0352 0.4213 0.4454 0.0981 

MOTIF filter15 
letter-probability matrix: alength= 4 w= 12 nsites= 12 
0.3704 0.1428 0.3009 0.1859 
0.3580 0.2306 0.3976 0.0138 
0.3800 0.0661 0.4436 0.1102 
0.1890 0.1302 0.6274 0.0534 
0.3338 0.1888 0.3114 0.1661 
0.0096 0.1060 0.1948 0.6897 
0.0088 0.2211 0.3209 0.4491 
0.4960 0.0329 0.3121 0.1589 
0.6516 0.0613 0.2498 0.0373 
0.3111 0.0624 0.3984 0.2281 
0.1204 0.2808 0.1689 0.4299 
0.3161 0.2196 0.2334 0.2308 

MOTIF filter16 
letter-probability matrix: alength= 4 w= 12 nsites= 12 
0.2391 0.1965 0.2989 0.2655 
0.4799 0.1083 0.3853 0.0266 
0.1937 0.3234 0.2238 0.2591 
0.1011 0.0092 0.7564 0.1333 
0.3295 0.0865 0.2967 0.2873 
0.5638 0.1858 0.1651 0.0853 
0.0005 0.1684 0.2694 0.5617 
0.6510 0.1634 0.1049 0.0808 
0.2345 0.0639 0.6649 0.0368 
0.1784 0.2981 0.3675 0.1560 
0.2278 0.1941 0.3474 0.2307 
0.1775 0.1505 0.3392 0.3328 

MOTIF filter17 
letter-probability matrix: alength= 4 w= 12 nsites= 12 
0.2510 0.2549 0.2689 0.2252 
0.3192 0.2551 0.2581 0.1676 
0.2305 0.2683 0.2604 0.2407 
0.1256 0.7834 0.0567 0.0343 
0.6812 0.0358 0.1482 0.1348 
0.0791 0.7230 0.0250 0.1728 
0.2145 0.1676 0.5902 0.0276 
0.0834 0.2370 0.0273 0.6523 
0.0870 0.0761 0.7329 0.1040 
0.1562 0.2668 0.2860 0.2910 
0.1831 0.2749 0.2481 0.2938 
0.2306 0.2560 0.2687 0.2448 

MOTIF filter18 
letter-probability matrix: alength= 4 w= 12 nsites= 12 
0.3894 0.0880 0.1999 0.3227 
0.3538 0.0602 0.1416 0.4444 
0.1766 0.1999 0.1861 0.4374 
0.1446 0.0740 0.0532 0.7282 
0.0634 0.0487 0.6676 0.2203 
0.1193 0.8410 0.0238 0.0159 
0.0819 0.3038 0.1465 0.4678 
0.4570 0.1303 0.2755 0.1372 
0.2106 0.0884 0.6592 0.0418 
0.1744 0.1276 0.2377 0.4603 
0.4701 0.4173 0.0608 0.0518 
0.3988 0.1069 0.1567 0.3376 

MOTIF filter19 
letter-probability matrix: alength= 4 w= 12 nsites= 12 
0.2329 0.3397 0.1286 0.2989 
0.1073 0.1183 0.1500 0.6245 
0.2331 0.3136 0.1587 0.2947 
0.0385 0.8175 0.0852 0.0589 
0.0098 0.5501 0.4201 0.0200 
0.2247 0.0120 0.7400 0.0233 
0.0131 0.3042 0.6388 0.0439 
0.2367 0.3144 0.0998 0.3492 
0.3701 0.5244 0.0917 0.0138 
0.5086 0.1224 0.3115 0.0574 
0.0981 0.2382 0.2190 0.4447 
0.2243 0.2482 0.2715 0.2559 

MOTIF filter20 
letter-probability matrix: alength= 4 w= 10 nsites= 10 
0.1486 0.4429 0.1620 0.2465 
0.3174 0.2229 0.1426 0.3171 
0.1242 0.5090 0.0607 0.3061 
0.0088 0.9714 0.0080 0.0118 
0.1385 0.3540 0.3683 0.1392 
0.0323 0.0714 0.7700 0.1262 
0.3228 0.0196 0.6116 0.0460 
0.1763 0.0131 0.2842 0.5264 
0.5607 0.0431 0.2635 0.1326 
0.2896 0.2270 0.3436 0.1398 

MOTIF filter21 
letter-probability matrix: alength= 4 w= 12 nsites= 12 
0.4996 0.1716 0.1237 0.2051 
0.2487 0.2450 0.2335 0.2729 
0.2516 0.1601 0.5391 0.0492 
0.1713 0.6418 0.1861 0.0007 
0.6459 0.0374 0.1193 0.1973 
0.1700 0.2975 0.2269 0.3056 
0.3714 0.1278 0.3821 0.1188 
0.1882 0.1495 0.6147 0.0476 
0.0074 0.0846 0.5994 0.3086 
0.0288 0.2564 0.5445 0.1703 
0.4130 0.1624 0.3183 0.1063 
0.3066 0.2556 0.2943 0.1434 

MOTIF filter22 
letter-probability matrix: alength= 4 w= 14 nsites= 14 
0.3455 0.1463 0.3656 0.1427 
0.2410 0.5150 0.1737 0.0704 
0.2056 0.2460 0.2621 0.2863 
0.2046 0.0257 0.1730 0.5966 
0.1403 0.2546 0.1356 0.4694 
0.2394 0.7339 0.0034 0.0233 
0.4420 0.0183 0.4052 0.1345 
0.2515 0.1732 0.2729 0.3024 
0.2853 0.0550 0.0411 0.6185 
0.2154 0.2295 0.1242 0.4309 
0.0064 0.0315 0.4158 0.5463 
0.2665 0.1796 0.1782 0.3756 
0.2510 0.1250 0.4204 0.2036 
0.2687 0.3420 0.2422 0.1472 

MOTIF filter23 
letter-probability matrix: alength= 4 w= 15 nsites= 15 
0.3706 0.1526 0.2231 0.2538 
0.3613 0.1560 0.1935 0.2892 
0.1674 0.2398 0.1550 0.4379 
0.0686 0.0466 0.0783 0.8065 
0.0631 0.0805 0.2914 0.5650 
0.2215 0.7149 0.0222 0.0413 
0.3175 0.2485 0.0457 0.3882 
0.3845 0.0131 0.1051 0.4973 
0.2107 0.0007 0.0366 0.7521 
0.1887 0.1286 0.2009 0.4818 
0.4570 0.0379 0.1243 0.3808 
0.8642 0.0137 0.0250 0.0971 
0.3177 0.0699 0.0929 0.5195 
0.3301 0.1443 0.3669 0.1587 
0.2081 0.3075 0.2629 0.2215 

MOTIF filter24 
letter-probability matrix: alength= 4 w= 12 nsites= 12 
0.2143 0.3075 0.2597 0.2184 
0.2257 0.3093 0.2523 0.2127 
0.2086 0.3153 0.1989 0.2772 
0.0298 0.4814 0.0010 0.4878 
0.1354 0.6426 0.0602 0.1618 
0.0115 0.2608 0.5916 0.1360 
0.6426 0.2416 0.0686 0.0473 
0.2512 0.3890 0.1969 0.1629 
0.0132 0.6852 0.0658 0.2358 
0.0816 0.5584 0.2583 0.1017 
0.1985 0.3961 0.1072 0.2982 
0.2327 0.2661 0.2743 0.2269 

MOTIF filter25 
letter-probability matrix: alength= 4 w= 15 nsites= 15 
0.4064 0.2452 0.1409 0.2076 
0.3052 0.1576 0.2282 0.3090 
0.2631 0.1472 0.4423 0.1475 
0.1784 0.6732 0.0774 0.0710 
0.0849 0.1088 0.2366 0.5698 
0.4582 0.1010 0.3734 0.0674 
0.4062 0.1679 0.0073 0.4185 
0.6601 0.1785 0.1217 0.0396 
0.0474 0.0259 0.1837 0.7430 
0.2544 0.6008 0.0810 0.0638 
0.1944 0.0492 0.0167 0.7397 
0.2077 0.1381 0.5059 0.1483 
0.0871 0.1013 0.7001 0.1116 
0.3344 0.3653 0.1336 0.1667 
0.2207 0.3347 0.2358 0.2088 

MOTIF filter26 
letter-probability matrix: alength= 4 w= 16 nsites= 16 
0.3897 0.1208 0.1704 0.3191 
0.2168 0.2136 0.3357 0.2339 
0.1494 0.2460 0.1691 0.4355 
0.1049 0.0763 0.7718 0.0470 
0.0693 0.7947 0.0915 0.0445 
0.0502 0.7082 0.0750 0.1666 
0.1983 0.3179 0.4590 0.0248 
0.5950 0.1024 0.0083 0.2943 
0.4456 0.0699 0.0420 0.4425 
0.1856 0.1621 0.2060 0.4463 
0.1907 0.0407 0.0795 0.6891 
0.0490 0.0439 0.0483 0.8589 
0.1939 0.0083 0.7305 0.0674 
0.1297 0.0795 0.7247 0.0661 
0.2085 0.3452 0.1901 0.2562 
0.2187 0.2581 0.2638 0.2594 

MOTIF filter27 
letter-probability matrix: alength= 4 w= 11 nsites= 11 
0.1911 0.2652 0.2682 0.2756 
0.1707 0.4510 0.2376 0.1407 
0.3292 0.2391 0.2379 0.1938 
0.0276 0.3910 0.0793 0.5021 
0.0526 0.0499 0.0358 0.8617 
0.0321 0.2280 0.0041 0.7357 
0.1254 0.5026 0.0422 0.3299 
0.7306 0.0940 0.1037 0.0717 
0.2582 0.1329 0.2717 0.3372 
0.0396 0.1033 0.4748 0.3823 
0.2825 0.1149 0.4826 0.1200 

MOTIF filter28 
letter-probability matrix: alength= 4 w= 15 nsites= 15 
0.1303 0.2592 0.2493 0.3611 
0.2043 0.5900 0.1561 0.0496 
0.2758 0.1924 0.0972 0.4346 
0.4457 0.0086 0.5424 0.0033 
0.0253 0.3712 0.1269 0.4766 
0.6016 0.1024 0.2007 0.0953 
0.4455 0.4458 0.0147 0.0940 
0.1907 0.1726 0.5080 0.1287 
0.0132 0.0841 0.2022 0.7004 
0.1257 0.5288 0.2275 0.1180 
0.3777 0.1539 0.2528 0.2157 
0.0304 0.4252 0.0616 0.4828 
0.3314 0.2488 0.2111 0.2087 
0.1738 0.3070 0.2265 0.2928 
0.2088 0.2284 0.2866 0.2763 

MOTIF filter29 
letter-probability matrix: alength= 4 w= 10 nsites= 10 
0.2876 0.4372 0.1552 0.1200 
0.0893 0.1793 0.2737 0.4577 
0.1849 0.1641 0.2133 0.4377 
0.3807 0.5256 0.0738 0.0198 
0.2730 0.0201 0.7035 0.0034 
0.4674 0.2580 0.2728 0.0018 
0.9565 0.0208 0.0220 0.0006 
0.1479 0.2345 0.3844 0.2333 
0.2489 0.3339 0.1353 0.2820 
0.2094 0.1989 0.4420 0.1497 

MOTIF filter30 
letter-probability matrix: alength= 4 w= 14 nsites= 14 
0.1723 0.3188 0.1879 0.3209 
0.2773 0.0244 0.5005 0.1978 
0.1631 0.4688 0.3202 0.0479 
0.0891 0.6961 0.0948 0.1200 
0.0125 0.5219 0.0032 0.4624 
0.3947 0.5805 0.0004 0.0243 
0.1028 0.2476 0.1391 0.5106 
0.4192 0.1978 0.1195 0.2635 
0.1429 0.2871 0.0616 0.5084 
0.0768 0.3566 0.3508 0.2158 
0.1331 0.2416 0.0159 0.6094 
0.4299 0.1768 0.1998 0.1935 
0.2381 0.1383 0.4586 0.1649 
0.2584 0.2246 0.2267 0.2903 

MOTIF filter31 
letter-probability matrix: alength= 4 w= 14 nsites= 14 
0.2469 0.2459 0.2542 0.2530 
0.2924 0.2179 0.2409 0.2489 
0.4233 0.1869 0.3183 0.0715 
0.0520 0.0594 0.0449 0.8437 
0.0386 0.0427 0.1615 0.7572 
0.3063 0.0696 0.3941 0.2300 
0.0882 0.6481 0.0649 0.1988 
0.1695 0.0492 0.6792 0.1021 
0.2018 0.6152 0.0204 0.1626 
0.6045 0.2885 0.0578 0.0492 
0.7607 0.0552 0.1688 0.0152 
0.0312 0.3345 0.1668 0.4675 
0.2929 0.3607 0.2295 0.1169 
0.1614 0.2459 0.2427 0.3501 

