MEME version 4

ALPHABET= ACGT

Background letter frequencies:
A 0.2500 C 0.2500 G 0.2500 T 0.2500 

MOTIF filter0 
letter-probability matrix: alength= 4 w= 13 nsites= 13 
0.2967 0.1173 0.2238 0.3622 
0.1605 0.0616 0.2993 0.4786 
0.1177 0.3391 0.1226 0.4206 
0.0485 0.2266 0.0524 0.6726 
0.1598 0.0539 0.7029 0.0834 
0.6997 0.2027 0.0394 0.0583 
0.1051 0.0719 0.6214 0.2017 
0.0416 0.2267 0.3984 0.3333 
0.5870 0.3838 0.0178 0.0114 
0.8062 0.0686 0.0822 0.0430 
0.2487 0.2679 0.1557 0.3277 
0.2755 0.3143 0.1142 0.2960 
0.2954 0.2499 0.1968 0.2579 

MOTIF filter1 
letter-probability matrix: alength= 4 w= 12 nsites= 12 
0.2966 0.2191 0.3405 0.1437 
0.0660 0.3667 0.1100 0.4573 
0.1226 0.0909 0.3033 0.4832 
0.2066 0.0027 0.7588 0.0319 
0.2410 0.5680 0.1823 0.0087 
0.0884 0.1968 0.4799 0.2349 
0.0068 0.5541 0.0273 0.4118 
0.3152 0.3066 0.3636 0.0147 
0.2177 0.0362 0.6861 0.0599 
0.1546 0.1430 0.4360 0.2664 
0.2411 0.2989 0.2217 0.2383 
0.3487 0.2335 0.2512 0.1666 

MOTIF filter2 
letter-probability matrix: alength= 4 w= 9 nsites= 9 
0.4977 0.1468 0.3200 0.0355 
0.1501 0.0616 0.1796 0.6087 
0.0627 0.2149 0.5589 0.1636 
0.4734 0.0093 0.3788 0.1386 
0.3003 0.2456 0.2210 0.2331 
0.0001 0.0244 0.7275 0.2479 
0.1174 0.5889 0.0679 0.2258 
0.2767 0.2200 0.4104 0.0929 
0.2014 0.2801 0.2700 0.2484 

MOTIF filter3 
letter-probability matrix: alength= 4 w= 12 nsites= 12 
0.3349 0.0726 0.4514 0.1411 
0.2747 0.1748 0.3092 0.2414 
0.2092 0.1976 0.4496 0.1437 
0.3106 0.0199 0.6677 0.0018 
0.0760 0.1022 0.8208 0.0011 
0.3982 0.1158 0.3342 0.1518 
0.1603 0.3787 0.1423 0.3187 
0.2437 0.0583 0.6822 0.0158 
0.0212 0.1217 0.7419 0.1152 
0.1969 0.5368 0.0906 0.1758 
0.1731 0.2256 0.3957 0.2056 
0.2072 0.1354 0.5180 0.1394 

MOTIF filter4 
letter-probability matrix: alength= 4 w= 13 nsites= 13 
0.1563 0.2247 0.2330 0.3861 
0.1268 0.4030 0.4148 0.0554 
0.4732 0.1219 0.3000 0.1048 
0.0434 0.0645 0.7599 0.1322 
0.1068 0.0083 0.8770 0.0079 
0.2176 0.2406 0.4381 0.1038 
0.4699 0.0807 0.3443 0.1052 
0.0362 0.1638 0.5652 0.2348 
0.2196 0.0680 0.6217 0.0907 
0.2058 0.0166 0.7458 0.0318 
0.1719 0.2638 0.4857 0.0786 
0.2235 0.3972 0.2262 0.1531 
0.2875 0.2318 0.2671 0.2136 

MOTIF filter5 
letter-probability matrix: alength= 4 w= 9 nsites= 9 
0.2704 0.0704 0.2644 0.3947 
0.1790 0.4837 0.0994 0.2379 
0.5340 0.0956 0.3067 0.0637 
0.0001 0.1137 0.8565 0.0297 
0.7091 0.0463 0.2028 0.0418 
0.7694 0.0602 0.0042 0.1662 
0.2270 0.2332 0.3443 0.1955 
0.2116 0.1669 0.3401 0.2814 
0.1443 0.2505 0.2347 0.3704 

MOTIF filter6 
letter-probability matrix: alength= 4 w= 16 nsites= 16 
0.2559 0.1338 0.3102 0.3000 
0.2134 0.3520 0.3211 0.1135 
0.1898 0.3391 0.1549 0.3162 
0.0847 0.6223 0.0650 0.2280 
0.0979 0.1019 0.3430 0.4572 
0.5962 0.0387 0.1950 0.1701 
0.1067 0.5150 0.0412 0.3370 
0.4149 0.0886 0.2611 0.2354 
0.4798 0.3997 0.0102 0.1102 
0.8416 0.0498 0.0259 0.0826 
0.1150 0.1558 0.0036 0.7255 
0.3426 0.2111 0.3321 0.1142 
0.1842 0.0882 0.6434 0.0842 
0.2241 0.2826 0.2626 0.2307 
0.2402 0.3058 0.2608 0.1932 
0.2823 0.2316 0.2404 0.2457 

MOTIF filter7 
letter-probability matrix: alength= 4 w= 11 nsites= 11 
0.1749 0.2787 0.2098 0.3366 
0.0411 0.4285 0.1046 0.4258 
0.3315 0.1749 0.2047 0.2890 
0.0137 0.4245 0.0453 0.5165 
0.5097 0.1304 0.3286 0.0314 
0.0010 0.0446 0.1239 0.8306 
0.7092 0.0000 0.0601 0.2307 
0.6531 0.0596 0.2467 0.0406 
0.1593 0.3252 0.2420 0.2735 
0.2150 0.2327 0.2695 0.2828 
0.1650 0.2464 0.3176 0.2711 

MOTIF filter8 
letter-probability matrix: alength= 4 w= 10 nsites= 10 
0.2828 0.2457 0.2422 0.2293 
0.2818 0.2370 0.2497 0.2315 
0.3079 0.2877 0.3737 0.0307 
0.0764 0.0501 0.1120 0.7615 
0.2478 0.0900 0.3725 0.2898 
0.1874 0.0279 0.6447 0.1399 
0.0000 0.5593 0.1047 0.3359 
0.2510 0.2212 0.3248 0.2030 
0.3376 0.5002 0.0772 0.0850 
0.3491 0.4092 0.0304 0.2113 

MOTIF filter9 
letter-probability matrix: alength= 4 w= 12 nsites= 12 
0.1532 0.4545 0.1452 0.2472 
0.1833 0.1229 0.2691 0.4247 
0.0842 0.4669 0.0326 0.4163 
0.0008 0.2335 0.0547 0.7110 
0.1972 0.5489 0.1801 0.0737 
0.0406 0.3837 0.4875 0.0883 
0.2252 0.1512 0.5940 0.0295 
0.5779 0.1851 0.1899 0.0471 
0.8374 0.0509 0.0567 0.0550 
0.2504 0.2511 0.2390 0.2594 
0.2331 0.2837 0.0377 0.4456 
0.1997 0.2897 0.2409 0.2697 

MOTIF filter10 
letter-probability matrix: alength= 4 w= 10 nsites= 10 
0.1377 0.3235 0.1665 0.3722 
0.4115 0.1224 0.3954 0.0708 
0.2747 0.0709 0.3000 0.3543 
0.0016 0.0406 0.5000 0.4578 
0.2844 0.1353 0.2413 0.3390 
0.1037 0.5031 0.2134 0.1798 
0.4744 0.0015 0.0077 0.5163 
0.0202 0.2906 0.5009 0.1883 
0.4536 0.0461 0.1962 0.3041 
0.1964 0.3264 0.1657 0.3114 

MOTIF filter11 
letter-probability matrix: alength= 4 w= 13 nsites= 13 
0.3290 0.2044 0.2742 0.1925 
0.2545 0.3567 0.1677 0.2211 
0.2455 0.1839 0.1983 0.3723 
0.1914 0.0059 0.0669 0.7358 
0.0347 0.5483 0.1134 0.3037 
0.2014 0.6545 0.0581 0.0860 
0.0001 0.7233 0.1299 0.1467 
0.0816 0.1145 0.8018 0.0021 
0.3169 0.2957 0.1285 0.2589 
0.7461 0.0496 0.0892 0.1151 
0.4830 0.1161 0.2738 0.1271 
0.1338 0.2712 0.1767 0.4182 
0.2873 0.2295 0.2254 0.2578 

MOTIF filter12 
letter-probability matrix: alength= 4 w= 11 nsites= 11 
0.1565 0.2911 0.3055 0.2470 
0.1124 0.3505 0.2344 0.3028 
0.1101 0.3818 0.1824 0.3256 
0.2120 0.6601 0.1278 0.0000 
0.0149 0.3255 0.0371 0.6225 
0.1170 0.4593 0.2527 0.1710 
0.2522 0.4407 0.1483 0.1588 
0.0142 0.9362 0.0448 0.0048 
0.0317 0.4273 0.1834 0.3575 
0.2021 0.4243 0.0039 0.3697 
0.3619 0.3754 0.1402 0.1225 

MOTIF filter13 
letter-probability matrix: alength= 4 w= 11 nsites= 11 
0.2781 0.2827 0.3157 0.1235 
0.3332 0.1541 0.2829 0.2299 
0.0852 0.4472 0.0839 0.3837 
0.0015 0.2719 0.0021 0.7246 
0.5750 0.0083 0.4114 0.0054 
0.4752 0.2007 0.0021 0.3220 
0.5076 0.1557 0.1589 0.1778 
0.0482 0.0040 0.0062 0.9416 
0.2219 0.2132 0.1397 0.4251 
0.2403 0.0535 0.3920 0.3141 
0.1783 0.2250 0.3372 0.2595 

MOTIF filter14 
letter-probability matrix: alength= 4 w= 12 nsites= 12 
0.2340 0.2293 0.2512 0.2854 
0.2722 0.3151 0.1822 0.2305 
0.1704 0.2110 0.1610 0.4577 
0.5414 0.0434 0.0229 0.3923 
0.1180 0.0115 0.0058 0.8648 
0.2282 0.0530 0.0101 0.7088 
0.5450 0.0637 0.0823 0.3090 
0.5772 0.1157 0.0223 0.2847 
0.3947 0.0039 0.1266 0.4748 
0.4560 0.1694 0.2749 0.0997 
0.3679 0.1260 0.2919 0.2142 
0.3711 0.2584 0.1220 0.2485 

MOTIF filter15 
letter-probability matrix: alength= 4 w= 9 nsites= 9 
0.3582 0.2996 0.3422 0.0000 
0.3516 0.1091 0.1337 0.4056 
0.1520 0.1452 0.3335 0.3693 
0.0001 0.5425 0.4106 0.0468 
0.5894 0.1973 0.1914 0.0220 
0.1047 0.2473 0.5988 0.0492 
0.0947 0.3051 0.0454 0.5548 
0.2634 0.3573 0.1450 0.2343 
0.2745 0.2554 0.2385 0.2316 

MOTIF filter16 
letter-probability matrix: alength= 4 w= 10 nsites= 10 
0.1948 0.2170 0.2813 0.3070 
0.2764 0.0958 0.5222 0.1056 
0.4466 0.4151 0.0907 0.0475 
0.0193 0.0007 0.1364 0.8435 
0.0799 0.1294 0.6159 0.1748 
0.3335 0.3169 0.0536 0.2959 
0.0864 0.1766 0.6855 0.0516 
0.0699 0.2882 0.3683 0.2736 
0.3734 0.3919 0.0091 0.2257 
0.5526 0.2197 0.0343 0.1935 

MOTIF filter17 
letter-probability matrix: alength= 4 w= 12 nsites= 12 
0.1999 0.3200 0.2698 0.2103 
0.2000 0.3190 0.2282 0.2528 
0.1997 0.3510 0.1707 0.2786 
0.1025 0.7551 0.1363 0.0061 
0.0210 0.3182 0.3802 0.2807 
0.0364 0.1946 0.2903 0.4787 
0.2086 0.2428 0.2434 0.3052 
0.0877 0.2911 0.0000 0.6212 
0.2586 0.5771 0.0001 0.1641 
0.0147 0.3836 0.2969 0.3049 
0.0945 0.4292 0.1795 0.2968 
0.2136 0.1180 0.4973 0.1711 

MOTIF filter18 
letter-probability matrix: alength= 4 w= 17 nsites= 17 
0.1874 0.4266 0.2193 0.1667 
0.3330 0.1627 0.2238 0.2804 
0.1925 0.3677 0.2921 0.1476 
0.1058 0.2247 0.0301 0.6394 
0.1507 0.2406 0.0609 0.5478 
0.3239 0.4528 0.0643 0.1590 
0.1470 0.4721 0.0378 0.3430 
0.0973 0.2338 0.1206 0.5484 
0.5520 0.1160 0.2801 0.0518 
0.0316 0.0768 0.2440 0.6476 
0.3433 0.5316 0.0546 0.0705 
0.6286 0.0865 0.0114 0.2736 
0.2167 0.0347 0.7176 0.0310 
0.0634 0.6667 0.1871 0.0828 
0.6869 0.0995 0.0720 0.1416 
0.3484 0.2489 0.1317 0.2710 
0.4531 0.0677 0.0976 0.3817 

MOTIF filter19 
letter-probability matrix: alength= 4 w= 11 nsites= 11 
0.3341 0.3334 0.2808 0.0517 
0.2120 0.2686 0.2408 0.2785 
0.0977 0.3440 0.1658 0.3925 
0.2592 0.0038 0.5700 0.1670 
0.1856 0.3545 0.3507 0.1092 
0.6305 0.1265 0.2426 0.0004 
0.0253 0.2526 0.0223 0.6998 
0.4072 0.5763 0.0132 0.0033 
0.3504 0.1499 0.2103 0.2894 
0.0018 0.2951 0.3899 0.3133 
0.1843 0.3004 0.3018 0.2135 

MOTIF filter20 
letter-probability matrix: alength= 4 w= 10 nsites= 10 
0.2553 0.2124 0.3059 0.2264 
0.1894 0.3160 0.2529 0.2417 
0.3802 0.1830 0.2641 0.1728 
0.0939 0.0401 0.0852 0.7808 
0.2260 0.0626 0.1945 0.5168 
0.2050 0.0505 0.2200 0.5245 
0.6213 0.0309 0.2506 0.0971 
0.2958 0.3148 0.0199 0.3695 
0.4323 0.1892 0.2229 0.1557 
0.2148 0.1357 0.4144 0.2350 

MOTIF filter21 
letter-probability matrix: alength= 4 w= 15 nsites= 15 
0.2850 0.1920 0.2291 0.2938 
0.1932 0.1110 0.1423 0.5534 
0.0479 0.0716 0.3871 0.4935 
0.0808 0.7142 0.0629 0.1421 
0.1177 0.1002 0.0245 0.7577 
0.0802 0.4700 0.2175 0.2323 
0.5097 0.2095 0.1000 0.1808 
0.1447 0.1357 0.1814 0.5382 
0.0629 0.0782 0.8158 0.0431 
0.5749 0.0443 0.1950 0.1858 
0.2814 0.1141 0.1066 0.4979 
0.7685 0.0808 0.0754 0.0754 
0.2620 0.0684 0.4911 0.1786 
0.2059 0.3628 0.2105 0.2209 
0.2343 0.2772 0.2493 0.2391 

MOTIF filter22 
letter-probability matrix: alength= 4 w= 9 nsites= 9 
0.3875 0.1519 0.3610 0.0996 
0.4071 0.4071 0.1474 0.0383 
0.3767 0.0853 0.4696 0.0683 
0.0018 0.0921 0.0678 0.8383 
0.1928 0.6501 0.0419 0.1152 
0.6838 0.1484 0.0295 0.1384 
0.1981 0.2989 0.2057 0.2972 
0.2877 0.3626 0.0543 0.2954 
0.2893 0.2065 0.2012 0.3030 

MOTIF filter23 
letter-probability matrix: alength= 4 w= 7 nsites= 7 
0.2322 0.2546 0.2586 0.2545 
0.2831 0.2142 0.2609 0.2418 
0.2341 0.2116 0.2946 0.2597 
0.0016 0.0000 0.0000 0.9984 
0.1265 0.3450 0.2494 0.2792 
0.3727 0.3150 0.0168 0.2955 
0.1940 0.2979 0.3306 0.1775 

MOTIF filter24 
letter-probability matrix: alength= 4 w= 16 nsites= 16 
0.3107 0.0613 0.2656 0.3623 
0.2857 0.2916 0.1887 0.2340 
0.1746 0.1549 0.0941 0.5764 
0.0791 0.0656 0.7916 0.0637 
0.1312 0.7803 0.0350 0.0535 
0.2457 0.4467 0.0939 0.2137 
0.6162 0.1277 0.1611 0.0949 
0.2566 0.2189 0.0381 0.4863 
0.3057 0.3742 0.1871 0.1330 
0.5686 0.0691 0.0273 0.3350 
0.0811 0.0984 0.0947 0.7258 
0.1068 0.1693 0.4137 0.3102 
0.1918 0.0250 0.6752 0.1080 
0.1520 0.6068 0.0992 0.1420 
0.4514 0.1568 0.1760 0.2158 
0.2385 0.1887 0.3375 0.2354 

MOTIF filter25 
letter-probability matrix: alength= 4 w= 11 nsites= 11 
0.2980 0.2627 0.1808 0.2584 
0.3098 0.2561 0.3543 0.0798 
0.2959 0.5674 0.0777 0.0589 
0.6539 0.0366 0.1526 0.1569 
0.0673 0.8509 0.0403 0.0415 
0.1276 0.0496 0.7586 0.0643 
0.1266 0.0852 0.3081 0.4801 
0.0560 0.1508 0.7767 0.0164 
0.0588 0.4613 0.1618 0.3180 
0.3040 0.2498 0.1353 0.3108 
0.2555 0.2767 0.2071 0.2607 

MOTIF filter26 
letter-probability matrix: alength= 4 w= 11 nsites= 11 
0.2902 0.1914 0.4283 0.0901 
0.3668 0.3558 0.2184 0.0590 
0.3515 0.0859 0.2505 0.3121 
0.0800 0.0253 0.6814 0.2133 
0.4006 0.0519 0.3437 0.2038 
0.0038 0.1860 0.7052 0.1050 
0.5417 0.0535 0.2196 0.1853 
0.7379 0.1317 0.1246 0.0059 
0.4620 0.2043 0.3184 0.0154 
0.0971 0.3209 0.1637 0.4182 
0.2260 0.1941 0.4171 0.1628 

MOTIF filter27 
letter-probability matrix: alength= 4 w= 14 nsites= 14 
0.1728 0.2941 0.2836 0.2495 
0.2934 0.2531 0.3384 0.1152 
0.3758 0.1327 0.3561 0.1354 
0.0455 0.7402 0.0916 0.1227 
0.0161 0.7512 0.0167 0.2160 
0.7469 0.0660 0.1637 0.0234 
0.8062 0.0313 0.0631 0.0994 
0.0764 0.0595 0.0854 0.7787 
0.1271 0.3114 0.1413 0.4202 
0.4275 0.0655 0.3211 0.1859 
0.0554 0.1830 0.7111 0.0505 
0.1929 0.2751 0.2137 0.3184 
0.1958 0.3169 0.2222 0.2651 
0.2664 0.2674 0.2593 0.2069 

MOTIF filter28 
letter-probability matrix: alength= 4 w= 14 nsites= 14 
0.1840 0.3542 0.2312 0.2306 
0.4699 0.1029 0.3256 0.1015 
0.1098 0.5895 0.1756 0.1251 
0.0446 0.0712 0.0684 0.8158 
0.2207 0.2371 0.3402 0.2019 
0.0231 0.4874 0.0109 0.4787 
0.0114 0.7841 0.0655 0.1390 
0.2473 0.1304 0.4085 0.2139 
0.0459 0.4026 0.5303 0.0212 
0.1441 0.1873 0.3499 0.3188 
0.2096 0.6819 0.0208 0.0877 
0.3654 0.2644 0.2278 0.1424 
0.2919 0.3598 0.0834 0.2648 
0.2705 0.2480 0.2975 0.1839 

MOTIF filter29 
letter-probability matrix: alength= 4 w= 13 nsites= 13 
0.1763 0.3142 0.2368 0.2727 
0.2026 0.0929 0.5869 0.1177 
0.2048 0.5997 0.1226 0.0729 
0.0067 0.1025 0.0083 0.8824 
0.3467 0.0508 0.4377 0.1648 
0.1034 0.2441 0.0767 0.5758 
0.1239 0.1295 0.6646 0.0820 
0.0472 0.0541 0.0350 0.8637 
0.3238 0.3479 0.0569 0.2714 
0.6251 0.0826 0.0749 0.2174 
0.2778 0.2995 0.1302 0.2925 
0.2205 0.1090 0.4668 0.2037 
0.2576 0.2829 0.2117 0.2478 

MOTIF filter30 
letter-probability matrix: alength= 4 w= 9 nsites= 9 
0.0876 0.2965 0.1768 0.4390 
0.2015 0.1644 0.2465 0.3876 
0.3500 0.1323 0.2985 0.2192 
0.0037 0.9411 0.0119 0.0433 
0.2322 0.1966 0.3624 0.2087 
0.7160 0.0549 0.1684 0.0607 
0.1283 0.0206 0.3488 0.5023 
0.2369 0.0688 0.5052 0.1890 
0.2251 0.2111 0.4110 0.1529 

MOTIF filter31 
letter-probability matrix: alength= 4 w= 11 nsites= 11 
0.2558 0.2692 0.2686 0.2064 
0.2334 0.2467 0.2240 0.2959 
0.3055 0.3722 0.2356 0.0866 
0.0298 0.0431 0.0159 0.9112 
0.6620 0.2058 0.0104 0.1219 
0.1124 0.1069 0.3709 0.4099 
0.6752 0.1387 0.1391 0.0471 
0.1279 0.0475 0.1507 0.6740 
0.2931 0.1825 0.0153 0.5091 
0.0586 0.2479 0.3113 0.3822 
0.4290 0.1826 0.2451 0.1434 

