MEME version 4

ALPHABET= ACGT

Background letter frequencies:
A 0.2500 C 0.2500 G 0.2500 T 0.2500 

MOTIF filter0 
letter-probability matrix: alength= 4 w= 18 nsites= 18 
0.4019 0.2243 0.2928 0.0810 
0.4704 0.1994 0.1495 0.1807 
0.5047 0.2150 0.1121 0.1682 
0.0125 0.3769 0.0685 0.5421 
0.0592 0.3271 0.3271 0.2866 
0.4237 0.1215 0.4517 0.0031 
0.5701 0.0062 0.3801 0.0436 
0.0000 1.0000 0.0000 0.0000 
0.0000 1.0000 0.0000 0.0000 
1.0000 0.0000 0.0000 0.0000 
1.0000 0.0000 0.0000 0.0000 
0.0000 0.0000 0.0000 1.0000 
0.0156 0.7570 0.2274 0.0000 
0.8224 0.0031 0.1713 0.0031 
0.0623 0.0779 0.8567 0.0031 
0.1994 0.2710 0.2181 0.3115 
0.2679 0.1994 0.2741 0.2586 
0.2243 0.2617 0.2461 0.2679 

MOTIF filter1 
letter-probability matrix: alength= 4 w= 15 nsites= 15 
0.2460 0.3398 0.2039 0.2104 
0.2557 0.2848 0.2233 0.2362 
0.2524 0.2492 0.2816 0.2168 
0.0065 0.8673 0.0680 0.0583 
0.0000 0.1650 0.0032 0.8317 
0.0065 0.2265 0.7540 0.0129 
1.0000 0.0000 0.0000 0.0000 
0.0000 0.0000 0.0000 1.0000 
0.0000 0.0000 0.0000 1.0000 
0.0000 0.0000 1.0000 0.0000 
0.0000 0.0000 1.0000 0.0000 
0.0421 0.3981 0.0032 0.5566 
0.0194 0.4239 0.1230 0.4337 
0.1748 0.4660 0.3042 0.0550 
0.4725 0.1489 0.3107 0.0680 

MOTIF filter2 
letter-probability matrix: alength= 4 w= 12 nsites= 12 
0.2301 0.2625 0.2606 0.2468 
0.3874 0.2114 0.2527 0.1485 
0.2232 0.3048 0.3107 0.1613 
0.0000 1.0000 0.0000 0.0000 
1.0000 0.0000 0.0000 0.0000 
0.0000 0.9971 0.0000 0.0029 
0.0020 0.0000 0.9980 0.0000 
0.0000 0.0000 0.0000 1.0000 
0.0000 0.0000 1.0000 0.0000 
0.1652 0.2861 0.3156 0.2330 
0.1711 0.2380 0.1750 0.4159 
0.2330 0.2576 0.2507 0.2586 

MOTIF filter3 
letter-probability matrix: alength= 4 w= 15 nsites= 15 
0.2836 0.2269 0.2478 0.2418 
0.2507 0.2687 0.2090 0.2716 
0.4776 0.0507 0.1284 0.3433 
0.7015 0.0000 0.0149 0.2836 
0.4119 0.0000 0.0448 0.5433 
0.2687 0.1731 0.1552 0.4030 
0.0030 0.0000 0.0000 0.9970 
0.0000 0.0000 1.0000 0.0000 
0.0060 0.9940 0.0000 0.0000 
0.0000 0.0000 0.0000 1.0000 
0.0000 0.0000 1.0000 0.0000 
1.0000 0.0000 0.0000 0.0000 
0.0328 0.4925 0.3134 0.1612 
0.2149 0.1522 0.0597 0.5731 
0.1731 0.3403 0.1493 0.3373 

MOTIF filter4 
letter-probability matrix: alength= 4 w= 12 nsites= 12 
0.2524 0.2594 0.2559 0.2323 
0.2865 0.2545 0.2218 0.2371 
0.2100 0.2350 0.2531 0.3018 
0.7392 0.0000 0.0000 0.2608 
0.0000 0.0000 0.0000 1.0000 
0.0000 0.0890 0.0000 0.9110 
0.9569 0.0000 0.0431 0.0000 
1.0000 0.0000 0.0000 0.0000 
0.3359 0.0000 0.0000 0.6641 
0.2796 0.2469 0.2782 0.1954 
0.2184 0.2670 0.2796 0.2350 
0.2510 0.2497 0.2170 0.2823 

MOTIF filter5 
letter-probability matrix: alength= 4 w= 15 nsites= 15 
0.2418 0.2418 0.2288 0.2876 
0.2255 0.2255 0.3105 0.2386 
0.2157 0.2582 0.2255 0.3007 
0.0065 0.8464 0.1471 0.0000 
0.0098 0.9902 0.0000 0.0000 
0.0000 0.0000 1.0000 0.0000 
0.0000 0.0000 1.0000 0.0000 
1.0000 0.0000 0.0000 0.0000 
1.0000 0.0000 0.0000 0.0000 
0.0229 0.0196 0.9575 0.0000 
0.0327 0.2549 0.0229 0.6895 
0.2190 0.0621 0.6830 0.0359 
0.3007 0.2190 0.4608 0.0196 
0.2124 0.4118 0.2582 0.1176 
0.1993 0.2778 0.2418 0.2810 

MOTIF filter6 
letter-probability matrix: alength= 4 w= 18 nsites= 18 
0.2805 0.2409 0.2287 0.2500 
0.2500 0.2927 0.2652 0.1921 
0.2348 0.2470 0.2439 0.2744 
0.1220 0.0183 0.6890 0.1707 
0.0854 0.6982 0.1189 0.0976 
0.2896 0.3262 0.2683 0.1159 
0.0549 0.0000 0.8598 0.0854 
0.0000 1.0000 0.0000 0.0000 
0.0000 1.0000 0.0000 0.0000 
1.0000 0.0000 0.0000 0.0000 
0.0000 0.0000 0.0000 1.0000 
0.0091 0.4390 0.1585 0.3933 
0.0000 0.0000 0.0061 0.9939 
0.0000 0.0030 0.0000 0.9970 
0.0610 0.0701 0.7226 0.1463 
0.2744 0.2226 0.2500 0.2530 
0.2104 0.2988 0.2470 0.2439 
0.2500 0.2927 0.2317 0.2256 

MOTIF filter7 
letter-probability matrix: alength= 4 w= 18 nsites= 18 
0.0461 0.0986 0.6399 0.2154 
0.3998 0.3826 0.0815 0.1361 
0.0021 0.9914 0.0032 0.0032 
0.0011 0.9796 0.0043 0.0150 
0.8274 0.0032 0.0118 0.1576 
0.0268 0.0000 0.0021 0.9711 
0.9925 0.0011 0.0032 0.0032 
0.0000 0.0000 0.0032 0.9968 
0.9818 0.0011 0.0000 0.0171 
0.1608 0.0064 0.0043 0.8285 
0.0096 0.0107 0.9796 0.0000 
0.0021 0.0032 0.9914 0.0032 
0.1158 0.0675 0.3816 0.4352 
0.2251 0.6367 0.0997 0.0386 
0.7042 0.0364 0.0729 0.1865 
0.2433 0.2733 0.2390 0.2444 
0.2315 0.2669 0.2594 0.2422 
0.2444 0.2358 0.2680 0.2519 

MOTIF filter8 
letter-probability matrix: alength= 4 w= 17 nsites= 17 
0.2167 0.3042 0.2966 0.1825 
0.2586 0.2890 0.1939 0.2586 
0.1635 0.6920 0.0989 0.0456 
0.9924 0.0000 0.0076 0.0000 
0.9924 0.0000 0.0076 0.0000 
0.4335 0.0989 0.4677 0.0000 
1.0000 0.0000 0.0000 0.0000 
0.0000 0.0000 0.0000 1.0000 
0.0000 0.0000 1.0000 0.0000 
0.0000 0.0000 1.0000 0.0000 
0.0532 0.9163 0.0000 0.0304 
0.0913 0.1901 0.4563 0.2624 
0.0494 0.0608 0.8251 0.0646 
0.0951 0.8213 0.0190 0.0646 
0.2510 0.2015 0.2395 0.3080 
0.1749 0.2624 0.3384 0.2243 
0.2624 0.2167 0.3156 0.2053 

MOTIF filter9 
letter-probability matrix: alength= 4 w= 18 nsites= 18 
0.2205 0.2547 0.2609 0.2640 
0.2547 0.2981 0.2578 0.1894 
0.2857 0.2174 0.2298 0.2671 
0.1273 0.7298 0.0963 0.0466 
1.0000 0.0000 0.0000 0.0000 
0.9783 0.0062 0.0155 0.0000 
0.4410 0.0435 0.4876 0.0280 
1.0000 0.0000 0.0000 0.0000 
0.0000 0.0000 0.0000 1.0000 
0.0000 0.0000 1.0000 0.0000 
0.0000 0.0000 1.0000 0.0000 
0.0466 0.8509 0.0000 0.1025 
0.1335 0.1925 0.4130 0.2609 
0.0745 0.0776 0.7857 0.0621 
0.1273 0.7795 0.0186 0.0745 
0.2671 0.2112 0.2143 0.3075 
0.2702 0.2298 0.2888 0.2112 
0.2609 0.2484 0.2702 0.2205 

MOTIF filter10 
letter-probability matrix: alength= 4 w= 15 nsites= 15 
0.2480 0.2460 0.2446 0.2615 
0.2663 0.2366 0.2410 0.2561 
0.2086 0.2412 0.1856 0.3646 
0.0521 0.0673 0.0312 0.8494 
0.0296 0.0322 0.1067 0.8316 
0.2290 0.6887 0.0308 0.0515 
0.0867 0.5778 0.0110 0.3245 
0.2430 0.2340 0.2563 0.2667 
0.3205 0.0170 0.5922 0.0703 
0.0358 0.0482 0.7077 0.2084 
0.8260 0.1119 0.0316 0.0306 
0.8547 0.0519 0.0621 0.0312 
0.3800 0.1880 0.2310 0.2010 
0.2400 0.2527 0.2434 0.2639 
0.2505 0.2464 0.2673 0.2358 

MOTIF filter11 
letter-probability matrix: alength= 4 w= 15 nsites= 15 
0.1275 0.3391 0.1449 0.3884 
0.0580 0.3565 0.3855 0.2000 
0.4493 0.1101 0.4406 0.0000 
0.6029 0.0029 0.3536 0.0406 
0.0000 1.0000 0.0000 0.0000 
0.0000 1.0000 0.0000 0.0000 
1.0000 0.0000 0.0000 0.0000 
1.0000 0.0000 0.0000 0.0000 
0.0000 0.0000 0.0000 1.0000 
0.0087 0.8058 0.1855 0.0000 
0.8580 0.0029 0.1391 0.0000 
0.0638 0.0377 0.8899 0.0087 
0.2261 0.2667 0.2638 0.2435 
0.2696 0.1855 0.2696 0.2754 
0.2174 0.2986 0.2029 0.2812 

MOTIF filter12 
letter-probability matrix: alength= 4 w= 13 nsites= 13 
0.2446 0.2446 0.2294 0.2813 
0.2599 0.1988 0.2722 0.2691 
0.2202 0.2508 0.2752 0.2538 
0.0031 0.9113 0.0856 0.0000 
0.0428 0.9572 0.0000 0.0000 
0.0000 0.0000 1.0000 0.0000 
0.0000 0.0000 1.0000 0.0000 
1.0000 0.0000 0.0000 0.0000 
1.0000 0.0000 0.0000 0.0000 
0.0459 0.0000 0.9541 0.0000 
0.0153 0.3333 0.0092 0.6422 
0.1468 0.1040 0.6972 0.0520 
0.2446 0.2661 0.4709 0.0183 

MOTIF filter13 
letter-probability matrix: alength= 4 w= 12 nsites= 12 
0.2642 0.2759 0.1839 0.2759 
0.2701 0.2365 0.2774 0.2161 
0.5547 0.2292 0.1489 0.0672 
0.0117 0.0015 0.0000 0.9869 
0.0000 0.0307 0.0000 0.9693 
0.2686 0.0000 0.0000 0.7314 
0.7606 0.0000 0.2380 0.0015 
0.9985 0.0000 0.0000 0.0015 
0.0000 0.0000 0.0073 0.9927 
0.2321 0.2365 0.2292 0.3022 
0.3343 0.2394 0.2102 0.2161 
0.2190 0.2365 0.3241 0.2204 

MOTIF filter14 
letter-probability matrix: alength= 4 w= 17 nsites= 17 
0.3049 0.2197 0.2033 0.2721 
0.2820 0.2525 0.2459 0.2197 
0.2262 0.3180 0.1770 0.2787 
0.2590 0.5541 0.0131 0.1738 
0.2328 0.2033 0.0885 0.4754 
0.2984 0.1541 0.3082 0.2393 
0.6164 0.0525 0.1148 0.2164 
0.1803 0.2918 0.4951 0.0328 
0.0000 0.0000 0.0000 1.0000 
0.0033 0.9967 0.0000 0.0000 
1.0000 0.0000 0.0000 0.0000 
0.0000 0.0000 0.9934 0.0066 
0.0000 1.0000 0.0000 0.0000 
1.0000 0.0000 0.0000 0.0000 
0.4393 0.1574 0.1574 0.2459 
0.4164 0.0230 0.0066 0.5541 
0.4197 0.0197 0.0098 0.5508 

MOTIF filter15 
letter-probability matrix: alength= 4 w= 16 nsites= 16 
0.3006 0.2919 0.1936 0.2139 
0.2803 0.2803 0.2081 0.2312 
0.2572 0.2197 0.2370 0.2861 
0.0000 0.8353 0.0665 0.0983 
0.0000 0.1561 0.0000 0.8439 
0.0000 0.2399 0.7370 0.0231 
1.0000 0.0000 0.0000 0.0000 
0.0000 0.0000 0.0000 1.0000 
0.0000 0.0000 0.0000 1.0000 
0.0000 0.0000 1.0000 0.0000 
0.0000 0.0000 1.0000 0.0000 
0.0376 0.3988 0.0058 0.5578 
0.0000 0.4335 0.1416 0.4249 
0.1936 0.4249 0.3121 0.0694 
0.4827 0.1329 0.3208 0.0636 
0.1561 0.1445 0.2688 0.4306 

MOTIF filter16 
letter-probability matrix: alength= 4 w= 14 nsites= 14 
0.2534 0.2465 0.2540 0.2461 
0.2654 0.2571 0.2379 0.2396 
0.4067 0.1864 0.3415 0.0655 
0.0332 0.0159 0.0340 0.9168 
0.0100 0.0305 0.1860 0.7735 
0.3210 0.0208 0.4846 0.1736 
0.0938 0.6304 0.0749 0.2009 
0.2070 0.0737 0.6377 0.0816 
0.1807 0.5188 0.0077 0.2929 
0.7560 0.1759 0.0315 0.0366 
0.9176 0.0318 0.0316 0.0189 
0.0719 0.3167 0.1779 0.4335 
0.2500 0.2679 0.2571 0.2249 
0.2510 0.2390 0.2485 0.2615 

MOTIF filter17 
letter-probability matrix: alength= 4 w= 16 nsites= 16 
0.2265 0.2416 0.2636 0.2683 
0.2079 0.2857 0.2729 0.2334 
0.2811 0.2427 0.2253 0.2509 
0.1661 0.0743 0.0407 0.7189 
0.0279 0.0859 0.6643 0.2218 
0.4228 0.3891 0.0720 0.1161 
0.0012 0.9872 0.0116 0.0000 
0.0000 0.9919 0.0023 0.0058 
0.8328 0.0000 0.0058 0.1614 
0.0197 0.0000 0.0000 0.9803 
0.9954 0.0046 0.0000 0.0000 
0.0000 0.0000 0.0012 0.9988 
0.9826 0.0023 0.0000 0.0151 
0.1521 0.0023 0.0000 0.8455 
0.0035 0.0093 0.9872 0.0000 
0.0000 0.0023 0.9965 0.0012 

MOTIF filter18 
letter-probability matrix: alength= 4 w= 15 nsites= 15 
0.2444 0.2596 0.2292 0.2667 
0.2409 0.2526 0.2620 0.2444 
0.2351 0.2456 0.2561 0.2632 
0.5345 0.1146 0.3357 0.0152 
0.0000 0.0000 0.0000 1.0000 
0.0035 0.0000 0.0304 0.9661 
0.2889 0.0000 0.6386 0.0725 
0.0082 0.9158 0.0047 0.0713 
0.0830 0.0000 0.9170 0.0000 
0.0772 0.6678 0.0023 0.2526 
0.9696 0.0304 0.0000 0.0000 
1.0000 0.0000 0.0000 0.0000 
0.0175 0.3368 0.1298 0.5158 
0.2784 0.2444 0.2643 0.2129 
0.2409 0.2035 0.2667 0.2889 

MOTIF filter19 
letter-probability matrix: alength= 4 w= 14 nsites= 14 
0.2566 0.2650 0.2413 0.2371 
0.2385 0.2692 0.2524 0.2399 
0.1088 0.0377 0.3515 0.5021 
0.0000 0.9177 0.0000 0.0823 
0.0000 0.0000 0.0000 1.0000 
1.0000 0.0000 0.0000 0.0000 
0.2218 0.0000 0.0000 0.7782 
0.4282 0.0000 0.0000 0.5718 
0.5230 0.0000 0.0000 0.4770 
0.6918 0.0000 0.0000 0.3082 
0.0000 0.0000 0.0000 1.0000 
1.0000 0.0000 0.0000 0.0000 
0.0349 0.0000 0.9456 0.0195 
0.4770 0.3696 0.0391 0.1144 

MOTIF filter20 
letter-probability matrix: alength= 4 w= 20 nsites= 20 
0.2510 0.2561 0.2507 0.2421 
0.2253 0.5425 0.1005 0.1316 
0.0203 0.5243 0.4392 0.0163 
0.2684 0.0734 0.3458 0.3124 
0.3170 0.1054 0.0097 0.5680 
0.4669 0.0117 0.2016 0.3198 
0.0251 0.6819 0.2864 0.0066 
0.2776 0.0357 0.4238 0.2630 
0.4403 0.1822 0.3090 0.0685 
0.2242 0.3938 0.0425 0.3395 
0.3007 0.2524 0.1785 0.2684 
0.0294 0.5568 0.2536 0.1602 
0.2593 0.0788 0.2967 0.3652 
0.3033 0.1730 0.3886 0.1351 
0.1294 0.2090 0.1425 0.5191 
0.4375 0.2381 0.1359 0.1885 
0.0563 0.2536 0.6776 0.0126 
0.4346 0.1462 0.0957 0.3235 
0.5511 0.2019 0.1605 0.0865 
0.0680 0.4061 0.3741 0.1519 

MOTIF filter21 
letter-probability matrix: alength= 4 w= 15 nsites= 15 
0.1995 0.2883 0.2111 0.3012 
0.2638 0.2355 0.2613 0.2394 
0.2407 0.4015 0.1969 0.1609 
0.4582 0.0245 0.0360 0.4813 
0.4337 0.0940 0.1969 0.2754 
0.5920 0.0257 0.0167 0.3655 
0.2381 0.1840 0.3578 0.2201 
0.0000 0.0000 0.0026 0.9974 
0.0116 0.4595 0.5290 0.0000 
0.6152 0.3848 0.0000 0.0000 
0.0000 0.0000 0.3591 0.6409 
0.0000 0.4955 0.5045 0.0000 
1.0000 0.0000 0.0000 0.0000 
0.1969 0.3256 0.1905 0.2870 
0.3887 0.0167 0.0116 0.5830 

MOTIF filter22 
letter-probability matrix: alength= 4 w= 14 nsites= 14 
0.2556 0.2356 0.2556 0.2531 
0.2306 0.2381 0.2581 0.2732 
0.2256 0.2431 0.2857 0.2456 
0.2556 0.0576 0.6140 0.0727 
0.1203 0.0000 0.7895 0.0902 
0.1805 0.0000 0.8195 0.0000 
0.0000 0.0000 1.0000 0.0000 
0.0000 0.0000 1.0000 0.0000 
0.3108 0.5539 0.0000 0.1353 
0.0000 0.0000 1.0000 0.0000 
0.0000 0.0000 1.0000 0.0000 
0.1629 0.0000 0.8346 0.0025 
0.2105 0.0251 0.7644 0.0000 
0.1779 0.5639 0.1779 0.0802 

MOTIF filter23 
letter-probability matrix: alength= 4 w= 20 nsites= 20 
0.3065 0.2500 0.2177 0.2258 
0.2298 0.2944 0.2339 0.2419 
0.5403 0.0000 0.1250 0.3347 
0.6129 0.0323 0.0524 0.3024 
0.4718 0.0000 0.0000 0.5282 
0.3185 0.1492 0.1129 0.4194 
0.0081 0.0000 0.0000 0.9919 
0.0000 0.0000 1.0000 0.0000 
0.0121 0.9879 0.0000 0.0000 
0.0000 0.0000 0.0000 1.0000 
0.0000 0.0000 0.9839 0.0161 
1.0000 0.0000 0.0000 0.0000 
0.0202 0.5484 0.2984 0.1331 
0.1734 0.0927 0.0444 0.6895 
0.1976 0.3790 0.0887 0.3347 
0.4718 0.0605 0.2218 0.2460 
0.1048 0.0040 0.6694 0.2218 
0.2742 0.2218 0.2702 0.2339 
0.2863 0.1653 0.2944 0.2540 
0.2218 0.2460 0.2500 0.2823 

MOTIF filter24 
letter-probability matrix: alength= 4 w= 13 nsites= 13 
0.2418 0.2418 0.2439 0.2725 
0.2206 0.1755 0.3832 0.2206 
0.3893 0.2275 0.3395 0.0437 
0.0000 0.0000 0.0055 0.9945 
0.0014 0.0000 0.9249 0.0738 
0.9945 0.0000 0.0041 0.0014 
0.0396 0.4501 0.4713 0.0389 
0.0171 0.0089 0.0109 0.9631 
0.0649 0.9228 0.0020 0.0102 
0.9959 0.0000 0.0041 0.0000 
0.0307 0.3190 0.2643 0.3859 
0.2077 0.3682 0.1967 0.2275 
0.2541 0.2220 0.2719 0.2520 

MOTIF filter25 
letter-probability matrix: alength= 4 w= 20 nsites= 20 
0.2142 0.2838 0.2707 0.2313 
0.2865 0.2418 0.2286 0.2431 
0.1393 0.0696 0.0355 0.7556 
0.0263 0.0670 0.6925 0.2142 
0.4244 0.4021 0.0631 0.1104 
0.0000 1.0000 0.0000 0.0000 
0.0000 0.9961 0.0000 0.0039 
0.8463 0.0000 0.0026 0.1511 
0.0184 0.0000 0.0000 0.9816 
1.0000 0.0000 0.0000 0.0000 
0.0000 0.0013 0.0013 0.9974 
0.9895 0.0000 0.0000 0.0105 
0.1432 0.0026 0.0000 0.8541 
0.0013 0.0039 0.9947 0.0000 
0.0000 0.0000 0.9974 0.0026 
0.0894 0.0670 0.4008 0.4428 
0.2089 0.6925 0.0788 0.0197 
0.7595 0.0223 0.0526 0.1656 
0.2339 0.2786 0.2457 0.2418 
0.2142 0.2668 0.2641 0.2549 

MOTIF filter26 
letter-probability matrix: alength= 4 w= 17 nsites= 17 
0.2204 0.3355 0.2336 0.2105 
0.0625 0.7566 0.1053 0.0757 
0.0724 0.4901 0.2664 0.1711 
0.0493 0.7993 0.1217 0.0296 
0.1283 0.6151 0.2138 0.0428 
0.0164 0.6053 0.3421 0.0362 
0.0000 0.9178 0.0789 0.0033 
0.0000 0.9836 0.0132 0.0033 
0.2895 0.6941 0.0164 0.0000 
0.0033 0.2467 0.0559 0.6941 
0.0230 0.8059 0.0395 0.1316 
0.1020 0.4145 0.0099 0.4737 
0.0724 0.1809 0.1020 0.6447 
0.0822 0.6217 0.2171 0.0789 
0.2401 0.2993 0.3618 0.0987 
0.2533 0.3059 0.3257 0.1151 
0.1776 0.3816 0.2105 0.2303 

MOTIF filter27 
letter-probability matrix: alength= 4 w= 16 nsites= 16 
0.2708 0.2455 0.2238 0.2599 
0.1083 0.0036 0.7401 0.1480 
0.0650 0.7762 0.0866 0.0722 
0.2816 0.3502 0.2527 0.1155 
0.0253 0.0000 0.8989 0.0758 
0.0000 1.0000 0.0000 0.0000 
0.0000 1.0000 0.0000 0.0000 
1.0000 0.0000 0.0000 0.0000 
0.0000 0.0000 0.0000 1.0000 
0.0108 0.4801 0.1227 0.3863 
0.0000 0.0325 0.0000 0.9675 
0.0000 0.0144 0.0000 0.9856 
0.0686 0.0794 0.7726 0.0794 
0.3032 0.2130 0.2455 0.2383 
0.1913 0.2744 0.2419 0.2924 
0.2238 0.2744 0.2455 0.2563 

MOTIF filter28 
letter-probability matrix: alength= 4 w= 16 nsites= 16 
0.2514 0.2545 0.2475 0.2467 
0.2521 0.2662 0.2451 0.2365 
0.1374 0.0921 0.3271 0.4434 
0.0648 0.7963 0.0070 0.1319 
0.0031 0.0297 0.0101 0.9571 
0.9820 0.0086 0.0031 0.0062 
0.3044 0.0047 0.0133 0.6776 
0.4426 0.0109 0.0047 0.5418 
0.5308 0.0047 0.0062 0.4582 
0.6737 0.0086 0.0008 0.3169 
0.0094 0.0062 0.0141 0.9703 
0.9508 0.0078 0.0250 0.0164 
0.1452 0.0117 0.7900 0.0531 
0.4309 0.3482 0.0617 0.1593 
0.2600 0.2373 0.2576 0.2451 
0.2607 0.2685 0.2342 0.2365 

MOTIF filter29 
letter-probability matrix: alength= 4 w= 14 nsites= 14 
0.1495 0.1984 0.3723 0.2799 
0.0272 0.4755 0.2310 0.2663 
0.0842 0.6277 0.1250 0.1630 
0.6848 0.0136 0.2772 0.0245 
0.0000 0.9511 0.0054 0.0435 
0.0000 0.0000 0.0000 1.0000 
0.0000 0.0000 0.0000 1.0000 
0.0000 1.0000 0.0000 0.0000 
0.0000 1.0000 0.0000 0.0000 
0.0000 0.0000 0.9783 0.0217 
0.0000 0.1386 0.8533 0.0082 
0.2717 0.1984 0.2418 0.2880 
0.2690 0.2337 0.2473 0.2500 
0.2609 0.2255 0.2418 0.2717 

MOTIF filter30 
letter-probability matrix: alength= 4 w= 13 nsites= 13 
0.3086 0.2440 0.2560 0.1914 
0.2727 0.2895 0.2273 0.2105 
0.0718 0.1818 0.5096 0.2368 
0.0000 0.8038 0.0191 0.1770 
0.0000 0.8206 0.0000 0.1794 
0.0000 1.0000 0.0000 0.0000 
0.0000 1.0000 0.0000 0.0000 
0.1029 0.0000 0.5933 0.3038 
0.0000 1.0000 0.0000 0.0000 
0.0000 1.0000 0.0000 0.0000 
0.0000 0.7847 0.0000 0.2153 
0.0861 0.8038 0.0000 0.1100 
0.0431 0.6292 0.0574 0.2703 

MOTIF filter31 
letter-probability matrix: alength= 4 w= 13 nsites= 13 
0.2883 0.1922 0.2954 0.2242 
0.6050 0.0498 0.1281 0.2171 
0.1708 0.3274 0.4840 0.0178 
0.0000 0.0000 0.0000 1.0000 
0.0214 0.9786 0.0000 0.0000 
1.0000 0.0000 0.0000 0.0000 
0.0000 0.0000 0.9964 0.0036 
0.0000 1.0000 0.0000 0.0000 
0.9893 0.0000 0.0000 0.0107 
0.4769 0.1637 0.0783 0.2811 
0.4270 0.0498 0.0000 0.5231 
0.3808 0.0819 0.0000 0.5374 
0.3132 0.0534 0.0000 0.6335 

