MEME version 4

ALPHABET= ACGT

Background letter frequencies:
A 0.2500 C 0.2500 G 0.2500 T 0.2500 

MOTIF filter0 
letter-probability matrix: alength= 4 w= 15 nsites= 15 
0.1293 0.3356 0.1519 0.3832 
0.0726 0.3243 0.3696 0.2336 
0.4195 0.1406 0.4399 0.0000 
0.5465 0.0113 0.3810 0.0612 
0.0000 1.0000 0.0000 0.0000 
0.0000 1.0000 0.0000 0.0000 
1.0000 0.0000 0.0000 0.0000 
1.0000 0.0000 0.0000 0.0000 
0.0000 0.0000 0.0000 1.0000 
0.0249 0.7596 0.2154 0.0000 
0.8322 0.0023 0.1655 0.0000 
0.0794 0.0975 0.8163 0.0068 
0.2245 0.2676 0.2358 0.2721 
0.2608 0.1973 0.2653 0.2766 
0.2336 0.2789 0.2222 0.2653 

MOTIF filter1 
letter-probability matrix: alength= 4 w= 14 nsites= 14 
0.2527 0.2563 0.2401 0.2509 
0.3069 0.2365 0.2094 0.2473 
0.2509 0.2726 0.2599 0.2166 
0.0740 0.0253 0.3123 0.5884 
0.0162 0.9440 0.0000 0.0397 
0.0000 0.0000 0.0000 1.0000 
1.0000 0.0000 0.0000 0.0000 
0.2184 0.0000 0.0000 0.7816 
0.5000 0.0000 0.0000 0.5000 
0.5939 0.0000 0.0000 0.4061 
0.8032 0.0000 0.0000 0.1968 
0.0000 0.0000 0.0000 1.0000 
1.0000 0.0000 0.0000 0.0000 
0.0523 0.0000 0.9386 0.0090 

MOTIF filter2 
letter-probability matrix: alength= 4 w= 17 nsites= 17 
0.2226 0.2450 0.2650 0.2674 
0.2085 0.2827 0.2827 0.2261 
0.2874 0.2332 0.2309 0.2485 
0.1578 0.0742 0.0436 0.7244 
0.0283 0.0942 0.6525 0.2250 
0.4205 0.3804 0.0718 0.1272 
0.0000 0.9976 0.0024 0.0000 
0.0000 0.9929 0.0012 0.0059 
0.8257 0.0035 0.0071 0.1637 
0.0177 0.0000 0.0000 0.9823 
0.9976 0.0024 0.0000 0.0000 
0.0000 0.0000 0.0000 1.0000 
0.9941 0.0000 0.0000 0.0059 
0.1567 0.0059 0.0012 0.8363 
0.0035 0.0071 0.9894 0.0000 
0.0000 0.0059 0.9941 0.0000 
0.1107 0.0648 0.3852 0.4393 

MOTIF filter3 
letter-probability matrix: alength= 4 w= 15 nsites= 15 
0.2700 0.2544 0.1989 0.2767 
0.2478 0.2578 0.2511 0.2433 
0.1511 0.2222 0.1500 0.4767 
0.0000 0.0000 0.0000 1.0000 
0.0000 0.0000 0.0056 0.9944 
0.0633 0.9367 0.0000 0.0000 
0.0000 0.7678 0.0000 0.2322 
0.2333 0.2400 0.2478 0.2789 
0.2467 0.0000 0.7500 0.0033 
0.0000 0.0000 0.9144 0.0856 
0.9911 0.0089 0.0000 0.0000 
1.0000 0.0000 0.0000 0.0000 
0.4856 0.1389 0.2167 0.1589 
0.2044 0.2944 0.2589 0.2422 
0.2644 0.2311 0.2511 0.2533 

MOTIF filter4 
letter-probability matrix: alength= 4 w= 17 nsites= 17 
0.1424 0.1395 0.5697 0.1484 
0.1395 0.5994 0.1246 0.1365 
0.2077 0.6024 0.1424 0.0475 
0.6261 0.0000 0.3620 0.0119 
0.5786 0.4214 0.0000 0.0000 
0.1869 0.5549 0.2552 0.0030 
1.0000 0.0000 0.0000 0.0000 
0.0000 0.0000 0.0000 1.0000 
0.0000 0.1424 0.7537 0.1039 
0.0000 0.0030 0.5994 0.3976 
0.0059 0.5104 0.0000 0.4837 
0.0415 0.0890 0.7181 0.1513 
0.1187 0.0772 0.7151 0.0890 
0.1810 0.6350 0.0920 0.0920 
0.3056 0.2552 0.1751 0.2641 
0.2285 0.1840 0.3709 0.2166 
0.2344 0.2611 0.2849 0.2196 

MOTIF filter5 
letter-probability matrix: alength= 4 w= 17 nsites= 17 
0.2744 0.2366 0.2524 0.2366 
0.2492 0.2776 0.2366 0.2366 
0.5331 0.0126 0.1356 0.3186 
0.6467 0.0126 0.0410 0.2997 
0.4196 0.0000 0.0315 0.5489 
0.2965 0.1609 0.1199 0.4227 
0.0095 0.0000 0.0000 0.9905 
0.0000 0.0000 1.0000 0.0000 
0.0126 0.9874 0.0000 0.0000 
0.0000 0.0000 0.0000 1.0000 
0.0000 0.0000 0.9874 0.0126 
1.0000 0.0000 0.0000 0.0000 
0.0221 0.4984 0.3281 0.1514 
0.1987 0.1199 0.0473 0.6341 
0.1861 0.3975 0.1262 0.2902 
0.5142 0.0505 0.2145 0.2208 
0.1546 0.0473 0.5489 0.2492 

MOTIF filter6 
letter-probability matrix: alength= 4 w= 17 nsites= 17 
0.2633 0.2485 0.2367 0.2515 
0.2574 0.2722 0.2604 0.2101 
0.2337 0.2456 0.2604 0.2604 
0.1154 0.0148 0.7071 0.1627 
0.0799 0.7189 0.1065 0.0947 
0.2959 0.3343 0.2544 0.1154 
0.0385 0.0000 0.8491 0.1124 
0.0000 1.0000 0.0000 0.0000 
0.0000 1.0000 0.0000 0.0000 
1.0000 0.0000 0.0000 0.0000 
0.0000 0.0000 0.0000 1.0000 
0.0148 0.4615 0.1331 0.3905 
0.0000 0.0148 0.0000 0.9852 
0.0000 0.0030 0.0000 0.9970 
0.0858 0.0947 0.6864 0.1331 
0.2840 0.2367 0.2278 0.2515 
0.1953 0.2692 0.2604 0.2751 

MOTIF filter7 
letter-probability matrix: alength= 4 w= 15 nsites= 15 
0.1855 0.2691 0.2691 0.2764 
0.1382 0.2000 0.3818 0.2800 
0.0182 0.4618 0.2545 0.2655 
0.0400 0.6836 0.1309 0.1455 
0.8036 0.0000 0.1964 0.0000 
0.0000 0.9709 0.0073 0.0218 
0.0000 0.0000 0.0000 1.0000 
0.0000 0.0000 0.0000 1.0000 
0.0000 1.0000 0.0000 0.0000 
0.0000 1.0000 0.0000 0.0000 
0.0000 0.0000 0.9927 0.0073 
0.0000 0.1382 0.8582 0.0036 
0.2873 0.1964 0.2582 0.2582 
0.2800 0.1891 0.2545 0.2764 
0.2182 0.2255 0.2182 0.3382 

MOTIF filter8 
letter-probability matrix: alength= 4 w= 14 nsites= 14 
0.2316 0.2243 0.2390 0.3051 
0.1801 0.2794 0.2978 0.2426 
0.0000 0.8750 0.1250 0.0000 
0.0000 1.0000 0.0000 0.0000 
0.0037 0.0000 0.9779 0.0184 
0.0000 0.0294 0.9706 0.0000 
0.9853 0.0000 0.0000 0.0147 
0.9559 0.0000 0.0000 0.0441 
0.0221 0.0809 0.8971 0.0000 
0.0809 0.2868 0.0147 0.6176 
0.1213 0.0846 0.7757 0.0184 
0.2831 0.1250 0.5368 0.0551 
0.2978 0.2390 0.2978 0.1654 
0.2463 0.2647 0.2574 0.2316 

MOTIF filter9 
letter-probability matrix: alength= 4 w= 15 nsites= 15 
0.2760 0.2463 0.2175 0.2602 
0.2788 0.2416 0.2398 0.2398 
0.1441 0.2249 0.1571 0.4740 
0.0019 0.0000 0.0009 0.9972 
0.0000 0.0000 0.0074 0.9926 
0.1032 0.8931 0.0028 0.0009 
0.0232 0.7556 0.0037 0.2175 
0.2509 0.2230 0.2463 0.2797 
0.2388 0.0000 0.7398 0.0214 
0.0000 0.0019 0.8931 0.1050 
0.9879 0.0112 0.0009 0.0000 
0.9926 0.0000 0.0074 0.0000 
0.4861 0.1515 0.2110 0.1515 
0.2426 0.2639 0.2472 0.2463 
0.2546 0.2342 0.2612 0.2500 

MOTIF filter10 
letter-probability matrix: alength= 4 w= 13 nsites= 13 
0.2422 0.2756 0.2544 0.2278 
0.2378 0.2756 0.2456 0.2411 
0.1078 0.0644 0.3500 0.4778 
0.0233 0.8756 0.0011 0.1000 
0.0011 0.0000 0.0044 0.9944 
1.0000 0.0000 0.0000 0.0000 
0.2711 0.0000 0.0056 0.7233 
0.4489 0.0011 0.0011 0.5489 
0.5378 0.0000 0.0011 0.4611 
0.6889 0.0022 0.0000 0.3089 
0.0000 0.0011 0.0000 0.9989 
0.9922 0.0000 0.0078 0.0000 
0.1000 0.0000 0.8678 0.0322 

MOTIF filter11 
letter-probability matrix: alength= 4 w= 11 nsites= 11 
0.3532 0.2409 0.3097 0.0961 
0.0071 0.0000 0.0000 0.9929 
0.0097 0.0006 0.9104 0.0792 
0.9961 0.0006 0.0006 0.0026 
0.0409 0.4506 0.4701 0.0383 
0.0065 0.0026 0.0221 0.9688 
0.0747 0.9032 0.0052 0.0169 
0.9903 0.0000 0.0091 0.0006 
0.0253 0.3175 0.2649 0.3922 
0.2117 0.3740 0.2000 0.2143 
0.2494 0.2136 0.2805 0.2565 

MOTIF filter12 
letter-probability matrix: alength= 4 w= 18 nsites= 18 
0.3062 0.2528 0.1966 0.2444 
0.3034 0.2247 0.2416 0.2303 
0.2444 0.4663 0.1011 0.1882 
0.5702 0.0112 0.0365 0.3820 
0.5702 0.0506 0.0758 0.3034 
0.5421 0.0056 0.0112 0.4410 
0.3006 0.1404 0.3427 0.2163 
0.0000 0.0000 0.0000 1.0000 
0.0000 0.3933 0.6067 0.0000 
0.4888 0.5112 0.0000 0.0000 
0.0000 0.0000 0.3118 0.6882 
0.0000 0.3567 0.6433 0.0000 
1.0000 0.0000 0.0000 0.0000 
0.1629 0.4522 0.2022 0.1826 
0.2275 0.0169 0.0028 0.7528 
0.1938 0.2612 0.0309 0.5140 
0.4607 0.0421 0.0618 0.4354 
0.1742 0.1067 0.4691 0.2500 

MOTIF filter13 
letter-probability matrix: alength= 4 w= 17 nsites= 17 
0.2191 0.2297 0.2669 0.2842 
0.2072 0.2736 0.2802 0.2390 
0.2576 0.2576 0.2417 0.2430 
0.1421 0.0624 0.0279 0.7676 
0.0266 0.0677 0.6985 0.2072 
0.4263 0.3865 0.0784 0.1089 
0.0000 0.9987 0.0013 0.0000 
0.0000 0.9973 0.0000 0.0027 
0.8380 0.0000 0.0027 0.1594 
0.0173 0.0000 0.0013 0.9814 
1.0000 0.0000 0.0000 0.0000 
0.0000 0.0000 0.0013 0.9987 
0.9920 0.0013 0.0000 0.0066 
0.1182 0.0000 0.0000 0.8818 
0.0013 0.0066 0.9920 0.0000 
0.0000 0.0000 0.9987 0.0013 
0.0969 0.0677 0.3865 0.4489 

MOTIF filter14 
letter-probability matrix: alength= 4 w= 16 nsites= 16 
0.1957 0.2870 0.2304 0.2870 
0.3152 0.2326 0.2413 0.2109 
0.2522 0.2609 0.2543 0.2326 
0.5870 0.0413 0.3717 0.0000 
0.0000 0.0000 0.0000 1.0000 
0.0000 0.0000 0.0043 0.9957 
0.1804 0.0000 0.8022 0.0174 
0.0043 0.9174 0.0022 0.0761 
0.0283 0.0000 0.9717 0.0000 
0.0435 0.6478 0.0000 0.3087 
0.9717 0.0283 0.0000 0.0000 
1.0000 0.0000 0.0000 0.0000 
0.0022 0.3196 0.0848 0.5935 
0.3065 0.2196 0.3109 0.1630 
0.2283 0.2500 0.2109 0.3109 
0.2130 0.2630 0.2652 0.2587 

MOTIF filter15 
letter-probability matrix: alength= 4 w= 12 nsites= 12 
0.2468 0.2550 0.2242 0.2740 
0.2559 0.2803 0.2342 0.2297 
0.2532 0.2333 0.2405 0.2731 
0.4548 0.0000 0.0000 0.5452 
0.0000 0.0000 0.0000 1.0000 
0.0000 0.0000 0.0000 1.0000 
0.7794 0.0000 0.2206 0.0000 
1.0000 0.0000 0.0000 0.0000 
0.0000 0.0000 0.0000 1.0000 
0.2486 0.2486 0.2604 0.2423 
0.2342 0.2532 0.2622 0.2505 
0.2459 0.2333 0.2468 0.2740 

MOTIF filter16 
letter-probability matrix: alength= 4 w= 15 nsites= 15 
0.2837 0.3030 0.2066 0.2066 
0.2479 0.2920 0.2314 0.2287 
0.2342 0.2424 0.2534 0.2700 
0.0028 0.8347 0.0882 0.0744 
0.0000 0.1818 0.0000 0.8182 
0.0000 0.2259 0.7576 0.0165 
1.0000 0.0000 0.0000 0.0000 
0.0000 0.0000 0.0000 1.0000 
0.0000 0.0000 0.0000 1.0000 
0.0000 0.0000 1.0000 0.0000 
0.0000 0.0000 1.0000 0.0000 
0.0386 0.4132 0.0055 0.5427 
0.0110 0.4298 0.1350 0.4242 
0.1846 0.4325 0.3058 0.0771 
0.4711 0.1515 0.3196 0.0579 

MOTIF filter17 
letter-probability matrix: alength= 4 w= 12 nsites= 12 
0.2541 0.2659 0.2471 0.2329 
0.2812 0.2271 0.2294 0.2624 
0.2612 0.2447 0.2318 0.2624 
1.0000 0.0000 0.0000 0.0000 
0.0000 0.0000 0.0000 1.0000 
0.0000 0.4235 0.0000 0.5765 
1.0000 0.0000 0.0000 0.0000 
1.0000 0.0000 0.0000 0.0000 
0.9541 0.0000 0.0000 0.0459 
0.2541 0.2318 0.2212 0.2929 
0.2518 0.2365 0.2471 0.2647 
0.2271 0.2706 0.2506 0.2518 

MOTIF filter18 
letter-probability matrix: alength= 4 w= 20 nsites= 20 
0.2621 0.2715 0.2212 0.2453 
0.0325 0.6730 0.0597 0.2348 
0.1216 0.6069 0.1520 0.1195 
0.1216 0.3983 0.3637 0.1164 
0.0115 0.8208 0.1384 0.0294 
0.2358 0.3103 0.4539 0.0000 
0.0346 0.5126 0.1751 0.2778 
0.2170 0.4392 0.3323 0.0115 
0.0000 0.4885 0.2222 0.2893 
0.0671 0.3952 0.4004 0.1373 
0.0713 0.1604 0.2799 0.4885 
0.4549 0.3711 0.1646 0.0094 
0.3742 0.0021 0.4340 0.1897 
0.1205 0.0356 0.7809 0.0629 
0.2138 0.1017 0.5503 0.1342 
0.0398 0.1478 0.5828 0.2296 
0.2495 0.5168 0.1509 0.0828 
0.1604 0.1509 0.5199 0.1688 
0.0828 0.2065 0.5409 0.1698 
0.0388 0.1195 0.5922 0.2495 

MOTIF filter19 
letter-probability matrix: alength= 4 w= 14 nsites= 14 
0.3075 0.2375 0.2575 0.1975 
0.2675 0.3025 0.2275 0.2025 
0.0825 0.1900 0.4925 0.2350 
0.0000 0.8100 0.0175 0.1725 
0.0025 0.8200 0.0000 0.1775 
0.0000 1.0000 0.0000 0.0000 
0.0000 1.0000 0.0000 0.0000 
0.1075 0.0000 0.6000 0.2925 
0.0000 1.0000 0.0000 0.0000 
0.0000 1.0000 0.0000 0.0000 
0.0000 0.7925 0.0000 0.2075 
0.0675 0.8275 0.0000 0.1050 
0.0425 0.6500 0.0450 0.2625 
0.2550 0.2500 0.2525 0.2425 

MOTIF filter20 
letter-probability matrix: alength= 4 w= 15 nsites= 15 
0.2460 0.2460 0.2460 0.2621 
0.2460 0.2168 0.2880 0.2492 
0.2168 0.2945 0.2330 0.2557 
0.0000 0.8479 0.1521 0.0000 
0.0194 0.9806 0.0000 0.0000 
0.0000 0.0000 1.0000 0.0000 
0.0000 0.0000 1.0000 0.0000 
0.9968 0.0032 0.0000 0.0000 
1.0000 0.0000 0.0000 0.0000 
0.0583 0.0065 0.9353 0.0000 
0.0097 0.2654 0.0097 0.7152 
0.1553 0.1003 0.7152 0.0291 
0.2621 0.2654 0.4725 0.0000 
0.2395 0.3333 0.2233 0.2039 
0.2395 0.2880 0.2718 0.2006 

MOTIF filter21 
letter-probability matrix: alength= 4 w= 16 nsites= 16 
0.2448 0.2371 0.2603 0.2577 
0.2474 0.2320 0.2552 0.2655 
0.2371 0.2371 0.2835 0.2423 
0.2706 0.0464 0.6237 0.0593 
0.1237 0.0000 0.7912 0.0851 
0.1624 0.0000 0.8376 0.0000 
0.0000 0.0000 1.0000 0.0000 
0.0000 0.0000 1.0000 0.0000 
0.3273 0.5438 0.0000 0.1289 
0.0000 0.0000 1.0000 0.0000 
0.0000 0.0000 1.0000 0.0000 
0.1701 0.0000 0.8299 0.0000 
0.2216 0.0232 0.7552 0.0000 
0.1804 0.5567 0.1701 0.0928 
0.2655 0.2062 0.2809 0.2474 
0.2448 0.2964 0.2139 0.2448 

MOTIF filter22 
letter-probability matrix: alength= 4 w= 11 nsites= 11 
0.2633 0.2513 0.2541 0.2313 
0.3265 0.2292 0.2578 0.1865 
0.2406 0.2869 0.2827 0.1899 
0.0465 0.8767 0.0459 0.0309 
0.8767 0.0240 0.0535 0.0459 
0.0394 0.8426 0.0421 0.0760 
0.0775 0.0410 0.8423 0.0391 
0.0471 0.0539 0.0299 0.8691 
0.0368 0.0257 0.8851 0.0524 
0.1922 0.2785 0.2785 0.2509 
0.2052 0.2679 0.2117 0.3151 

MOTIF filter23 
letter-probability matrix: alength= 4 w= 16 nsites= 16 
0.2627 0.1552 0.3343 0.2478 
0.6060 0.0478 0.1373 0.2090 
0.1731 0.3194 0.4836 0.0239 
0.0000 0.0000 0.0000 1.0000 
0.0090 0.9910 0.0000 0.0000 
1.0000 0.0000 0.0000 0.0000 
0.0000 0.0000 1.0000 0.0000 
0.0000 1.0000 0.0000 0.0000 
0.9881 0.0000 0.0000 0.0119 
0.4537 0.1642 0.1224 0.2597 
0.4239 0.0537 0.0090 0.5134 
0.4090 0.0746 0.0000 0.5164 
0.2985 0.1224 0.0179 0.5612 
0.2776 0.2388 0.2418 0.2418 
0.2716 0.3015 0.2000 0.2269 
0.2179 0.3134 0.2358 0.2328 

MOTIF filter24 
letter-probability matrix: alength= 4 w= 15 nsites= 15 
0.2451 0.2657 0.2549 0.2343 
0.1320 0.0772 0.3348 0.4560 
0.0494 0.8106 0.0117 0.1284 
0.0009 0.0197 0.0027 0.9767 
0.9919 0.0045 0.0018 0.0018 
0.2864 0.0027 0.0162 0.6948 
0.4506 0.0072 0.0000 0.5422 
0.5458 0.0009 0.0027 0.4506 
0.6688 0.0054 0.0000 0.3259 
0.0036 0.0018 0.0000 0.9946 
0.9794 0.0009 0.0162 0.0036 
0.1329 0.0108 0.8016 0.0548 
0.4417 0.3662 0.0539 0.1382 
0.2675 0.2316 0.2666 0.2343 
0.2513 0.2810 0.2334 0.2343 

MOTIF filter25 
letter-probability matrix: alength= 4 w= 15 nsites= 15 
0.2386 0.1968 0.3201 0.2445 
0.2306 0.2565 0.2465 0.2664 
0.4771 0.1412 0.3519 0.0298 
0.0000 0.0000 0.0000 1.0000 
0.0000 0.0000 0.0219 0.9781 
0.3300 0.0000 0.6382 0.0318 
0.0040 0.9781 0.0000 0.0179 
0.0378 0.0020 0.9563 0.0040 
0.0358 0.8270 0.0000 0.1372 
0.9940 0.0060 0.0000 0.0000 
1.0000 0.0000 0.0000 0.0000 
0.0000 0.3817 0.0497 0.5686 
0.2644 0.3002 0.2644 0.1710 
0.2028 0.2386 0.2883 0.2704 
0.3022 0.2008 0.2962 0.2008 

MOTIF filter26 
letter-probability matrix: alength= 4 w= 16 nsites= 16 
0.2427 0.2410 0.2410 0.2752 
0.2496 0.2803 0.2205 0.2496 
0.2598 0.1778 0.1624 0.4000 
0.0120 0.1214 0.1009 0.7658 
0.0000 0.0051 0.0000 0.9949 
0.0000 0.3368 0.0154 0.6479 
0.0462 0.9538 0.0000 0.0000 
0.0650 0.5316 0.0000 0.4034 
0.4376 0.0000 0.4752 0.0872 
0.0000 0.0000 1.0000 0.0000 
0.3573 0.0137 0.6222 0.0068 
1.0000 0.0000 0.0000 0.0000 
0.9812 0.0120 0.0068 0.0000 
0.5094 0.0906 0.2120 0.1880 
0.2667 0.2701 0.2085 0.2547 
0.2188 0.2513 0.3350 0.1949 

MOTIF filter27 
letter-probability matrix: alength= 4 w= 15 nsites= 15 
0.1864 0.2903 0.2437 0.2796 
0.1613 0.2007 0.3477 0.2903 
0.0215 0.5269 0.1828 0.2688 
0.1039 0.6595 0.1398 0.0968 
0.6918 0.0072 0.2724 0.0287 
0.0000 0.9821 0.0000 0.0179 
0.0000 0.0000 0.0000 1.0000 
0.0000 0.0000 0.0000 1.0000 
0.0000 1.0000 0.0000 0.0000 
0.0000 1.0000 0.0000 0.0000 
0.0000 0.0000 0.9928 0.0072 
0.0000 0.1290 0.8566 0.0143 
0.2688 0.1828 0.2258 0.3226 
0.1900 0.2832 0.2473 0.2796 
0.2903 0.2115 0.2796 0.2186 

MOTIF filter28 
letter-probability matrix: alength= 4 w= 20 nsites= 20 
0.2087 0.2863 0.2736 0.2313 
0.3047 0.2370 0.2144 0.2440 
0.1495 0.0733 0.0395 0.7377 
0.0226 0.0804 0.6798 0.2172 
0.4006 0.4245 0.0550 0.1199 
0.0000 1.0000 0.0000 0.0000 
0.0000 0.9944 0.0014 0.0042 
0.8561 0.0014 0.0042 0.1382 
0.0183 0.0000 0.0000 0.9817 
1.0000 0.0000 0.0000 0.0000 
0.0000 0.0000 0.0014 0.9986 
0.9915 0.0000 0.0000 0.0085 
0.1354 0.0028 0.0000 0.8618 
0.0000 0.0014 0.9986 0.0000 
0.0000 0.0000 1.0000 0.0000 
0.1001 0.0550 0.4147 0.4302 
0.2087 0.7080 0.0649 0.0183 
0.8011 0.0071 0.0353 0.1566 
0.2355 0.2920 0.2271 0.2454 
0.2144 0.2623 0.2652 0.2581 

MOTIF filter29 
letter-probability matrix: alength= 4 w= 18 nsites= 18 
0.2269 0.2409 0.2661 0.2661 
0.2157 0.2885 0.2633 0.2325 
0.2633 0.2549 0.2017 0.2801 
0.1597 0.6443 0.1345 0.0616 
1.0000 0.0000 0.0000 0.0000 
0.9832 0.0000 0.0168 0.0000 
0.4286 0.0728 0.4762 0.0224 
1.0000 0.0000 0.0000 0.0000 
0.0000 0.0000 0.0000 1.0000 
0.0000 0.0000 1.0000 0.0000 
0.0000 0.0000 1.0000 0.0000 
0.0532 0.8768 0.0000 0.0700 
0.1204 0.2101 0.4062 0.2633 
0.0756 0.0868 0.7647 0.0728 
0.1373 0.7619 0.0140 0.0868 
0.2661 0.2381 0.2157 0.2801 
0.2409 0.2325 0.2941 0.2325 
0.2605 0.2437 0.2689 0.2269 

MOTIF filter30 
letter-probability matrix: alength= 4 w= 15 nsites= 15 
0.2538 0.2462 0.2269 0.2731 
0.2423 0.2385 0.3038 0.2154 
0.2346 0.1923 0.3077 0.2654 
0.0038 0.9269 0.0692 0.0000 
0.0423 0.9577 0.0000 0.0000 
0.0000 0.0000 1.0000 0.0000 
0.0000 0.0000 1.0000 0.0000 
1.0000 0.0000 0.0000 0.0000 
1.0000 0.0000 0.0000 0.0000 
0.0154 0.0000 0.9846 0.0000 
0.0154 0.2731 0.0038 0.7077 
0.1808 0.0615 0.7077 0.0500 
0.2538 0.2423 0.4692 0.0346 
0.2038 0.4269 0.2462 0.1231 
0.1885 0.2692 0.2846 0.2577 

MOTIF filter31 
letter-probability matrix: alength= 4 w= 16 nsites= 16 
0.2546 0.2007 0.2580 0.2867 
0.2007 0.2884 0.2513 0.2597 
0.2159 0.2546 0.2513 0.2782 
0.5363 0.1062 0.3541 0.0034 
0.0000 0.0000 0.0000 1.0000 
0.0000 0.0000 0.0185 0.9815 
0.2648 0.0000 0.6627 0.0725 
0.0000 0.9831 0.0000 0.0169 
0.0304 0.0000 0.9696 0.0000 
0.0641 0.7049 0.0000 0.2310 
0.9865 0.0135 0.0000 0.0000 
1.0000 0.0000 0.0000 0.0000 
0.0067 0.3440 0.1383 0.5110 
0.2681 0.2782 0.2361 0.2175 
0.2462 0.1602 0.2867 0.3069 
0.2496 0.2462 0.2411 0.2631 

