MEME version 4

ALPHABET= ACGT

Background letter frequencies:
A 0.2500 C 0.2500 G 0.2500 T 0.2500 

MOTIF filter0 
letter-probability matrix: alength= 4 w= 14 nsites= 14 
0.1252 0.0717 0.3460 0.4571 
0.0141 0.9269 0.0028 0.0563 
0.0000 0.0000 0.0000 1.0000 
1.0000 0.0000 0.0000 0.0000 
0.2602 0.0000 0.0000 0.7398 
0.4796 0.0000 0.0000 0.5204 
0.5584 0.0000 0.0000 0.4416 
0.7496 0.0000 0.0000 0.2504 
0.0000 0.0000 0.0000 1.0000 
1.0000 0.0000 0.0000 0.0000 
0.0605 0.0000 0.9283 0.0113 
0.5120 0.3657 0.0464 0.0759 
0.3150 0.2180 0.2546 0.2124 
0.2574 0.2574 0.2335 0.2518 

MOTIF filter1 
letter-probability matrix: alength= 4 w= 19 nsites= 19 
0.2267 0.2406 0.2599 0.2727 
0.2086 0.2781 0.2770 0.2364 
0.2920 0.2374 0.2299 0.2406 
0.1668 0.0813 0.0492 0.7027 
0.0374 0.0995 0.6417 0.2214 
0.4053 0.3850 0.0759 0.1337 
0.0021 0.9882 0.0064 0.0032 
0.0011 0.9807 0.0053 0.0128 
0.8203 0.0075 0.0118 0.1604 
0.0267 0.0011 0.0011 0.9711 
0.9947 0.0021 0.0021 0.0011 
0.0000 0.0032 0.0021 0.9947 
0.9754 0.0032 0.0000 0.0214 
0.1711 0.0075 0.0021 0.8193 
0.0086 0.0139 0.9775 0.0000 
0.0000 0.0053 0.9914 0.0032 
0.1123 0.0770 0.3840 0.4267 
0.2299 0.6374 0.0963 0.0364 
0.6973 0.0342 0.0834 0.1850 

MOTIF filter2 
letter-probability matrix: alength= 4 w= 12 nsites= 12 
0.2265 0.2524 0.2497 0.2715 
0.2551 0.2469 0.2565 0.2415 
0.2619 0.2606 0.2469 0.2306 
0.5061 0.1310 0.3629 0.0000 
0.0000 0.0000 0.0000 1.0000 
0.0000 0.0000 0.0041 0.9959 
0.2688 0.0000 0.6576 0.0737 
0.0000 0.9468 0.0000 0.0532 
0.0450 0.0000 0.9550 0.0000 
0.0750 0.6671 0.0000 0.2578 
0.9645 0.0355 0.0000 0.0000 
1.0000 0.0000 0.0000 0.0000 

MOTIF filter3 
letter-probability matrix: alength= 4 w= 17 nsites= 17 
0.2607 0.2464 0.2250 0.2679 
0.2286 0.2607 0.2643 0.2464 
0.2393 0.2036 0.3000 0.2571 
0.2643 0.0571 0.6286 0.0500 
0.1036 0.0000 0.8429 0.0536 
0.1714 0.0000 0.8286 0.0000 
0.0000 0.0000 1.0000 0.0000 
0.0000 0.0000 1.0000 0.0000 
0.2643 0.6071 0.0000 0.1286 
0.0000 0.0000 1.0000 0.0000 
0.0000 0.0000 1.0000 0.0000 
0.1321 0.0000 0.8679 0.0000 
0.1500 0.0214 0.8286 0.0000 
0.1821 0.6714 0.1179 0.0286 
0.2857 0.2071 0.3143 0.1929 
0.2429 0.3071 0.2286 0.2214 
0.2536 0.2214 0.2643 0.2607 

MOTIF filter4 
letter-probability matrix: alength= 4 w= 17 nsites= 17 
0.2587 0.2529 0.2297 0.2587 
0.2529 0.2791 0.2529 0.2151 
0.2355 0.2500 0.2558 0.2587 
0.1134 0.0116 0.7035 0.1715 
0.0756 0.7180 0.1134 0.0930 
0.2965 0.3285 0.2558 0.1192 
0.0349 0.0000 0.8430 0.1221 
0.0000 1.0000 0.0000 0.0000 
0.0000 1.0000 0.0000 0.0000 
1.0000 0.0000 0.0000 0.0000 
0.0000 0.0000 0.0000 1.0000 
0.0116 0.4651 0.1279 0.3953 
0.0000 0.0174 0.0000 0.9826 
0.0000 0.0058 0.0000 0.9942 
0.0872 0.0930 0.6860 0.1337 
0.2936 0.2384 0.2238 0.2442 
0.1948 0.2878 0.2587 0.2587 

MOTIF filter5 
letter-probability matrix: alength= 4 w= 19 nsites= 19 
0.2262 0.2329 0.2610 0.2798 
0.2075 0.2798 0.2851 0.2276 
0.2838 0.2503 0.2289 0.2369 
0.1459 0.0616 0.0281 0.7644 
0.0295 0.0616 0.6961 0.2129 
0.4217 0.4003 0.0723 0.1058 
0.0013 0.9987 0.0000 0.0000 
0.0000 0.9973 0.0000 0.0027 
0.8340 0.0000 0.0054 0.1606 
0.0107 0.0000 0.0000 0.9893 
1.0000 0.0000 0.0000 0.0000 
0.0000 0.0013 0.0013 0.9973 
0.9893 0.0000 0.0000 0.0107 
0.1232 0.0013 0.0000 0.8755 
0.0027 0.0040 0.9933 0.0000 
0.0000 0.0013 0.9973 0.0013 
0.0991 0.0710 0.3936 0.4364 
0.2155 0.6801 0.0830 0.0214 
0.7617 0.0187 0.0616 0.1580 

MOTIF filter6 
letter-probability matrix: alength= 4 w= 14 nsites= 14 
0.2537 0.2595 0.2449 0.2419 
0.2429 0.2703 0.2527 0.2341 
0.1185 0.0744 0.3418 0.4652 
0.0509 0.8286 0.0000 0.1205 
0.0010 0.0118 0.0000 0.9873 
0.9980 0.0000 0.0020 0.0000 
0.2840 0.0010 0.0098 0.7052 
0.4525 0.0039 0.0000 0.5436 
0.5553 0.0000 0.0010 0.4437 
0.6856 0.0049 0.0000 0.3095 
0.0020 0.0010 0.0000 0.9971 
0.9833 0.0000 0.0167 0.0000 
0.1214 0.0039 0.8257 0.0490 
0.4339 0.3595 0.0578 0.1489 

MOTIF filter7 
letter-probability matrix: alength= 4 w= 13 nsites= 13 
0.2180 0.2145 0.2872 0.2803 
0.2491 0.2284 0.2561 0.2664 
0.2180 0.2941 0.2734 0.2145 
0.2561 0.0173 0.6817 0.0450 
0.1176 0.0000 0.8512 0.0311 
0.1315 0.0000 0.8685 0.0000 
0.0000 0.0000 1.0000 0.0000 
0.0000 0.0000 1.0000 0.0000 
0.3391 0.5398 0.0000 0.1211 
0.0000 0.0000 1.0000 0.0000 
0.0000 0.0000 1.0000 0.0000 
0.1073 0.0000 0.8893 0.0035 
0.1765 0.0104 0.8131 0.0000 

MOTIF filter8 
letter-probability matrix: alength= 4 w= 10 nsites= 10 
0.2568 0.2430 0.2580 0.2422 
0.3136 0.2295 0.2548 0.2022 
0.2387 0.2755 0.2645 0.2213 
0.0437 0.8747 0.0434 0.0382 
0.8576 0.0347 0.0642 0.0436 
0.0456 0.8062 0.0417 0.1065 
0.1194 0.0395 0.8049 0.0362 
0.0526 0.0633 0.0387 0.8454 
0.0363 0.0377 0.8799 0.0461 
0.2161 0.2732 0.2648 0.2459 

MOTIF filter9 
letter-probability matrix: alength= 4 w= 17 nsites= 17 
0.2342 0.2853 0.2763 0.2042 
0.2733 0.2583 0.2072 0.2613 
0.1532 0.6757 0.1141 0.0571 
1.0000 0.0000 0.0000 0.0000 
0.9850 0.0000 0.0150 0.0000 
0.4354 0.0601 0.4865 0.0180 
1.0000 0.0000 0.0000 0.0000 
0.0000 0.0000 0.0000 1.0000 
0.0000 0.0000 1.0000 0.0000 
0.0000 0.0000 1.0000 0.0000 
0.0601 0.8799 0.0000 0.0601 
0.1201 0.2072 0.4054 0.2673 
0.0781 0.0811 0.7688 0.0721 
0.1381 0.7778 0.0150 0.0691 
0.2553 0.2342 0.2102 0.3003 
0.2342 0.2402 0.2913 0.2342 
0.2492 0.2312 0.2853 0.2342 

MOTIF filter10 
letter-probability matrix: alength= 4 w= 16 nsites= 16 
0.3165 0.2481 0.2608 0.1747 
0.2608 0.3114 0.2304 0.1975 
0.0380 0.1772 0.5646 0.2203 
0.0000 0.7747 0.0557 0.1696 
0.0051 0.8430 0.0000 0.1519 
0.0000 1.0000 0.0000 0.0000 
0.0000 1.0000 0.0000 0.0000 
0.1139 0.0000 0.5975 0.2886 
0.0000 1.0000 0.0000 0.0000 
0.0000 1.0000 0.0000 0.0000 
0.0000 0.7975 0.0000 0.2025 
0.0861 0.7949 0.0000 0.1190 
0.0430 0.6380 0.0456 0.2734 
0.2532 0.2684 0.2354 0.2430 
0.2861 0.2608 0.1924 0.2608 
0.2354 0.2987 0.2405 0.2253 

MOTIF filter11 
letter-probability matrix: alength= 4 w= 16 nsites= 16 
0.2539 0.2685 0.2383 0.2394 
0.2394 0.2729 0.2562 0.2315 
0.1063 0.0526 0.3501 0.4911 
0.0145 0.8926 0.0000 0.0928 
0.0000 0.0134 0.0011 0.9855 
1.0000 0.0000 0.0000 0.0000 
0.2606 0.0000 0.0101 0.7293 
0.4441 0.0000 0.0000 0.5559 
0.5336 0.0000 0.0000 0.4664 
0.6879 0.0011 0.0000 0.3110 
0.0056 0.0000 0.0011 0.9933 
0.9843 0.0000 0.0157 0.0000 
0.0794 0.0000 0.8848 0.0358 
0.4474 0.3568 0.0492 0.1465 
0.2673 0.2438 0.2696 0.2192 
0.2584 0.2752 0.2349 0.2315 

MOTIF filter12 
letter-probability matrix: alength= 4 w= 20 nsites= 20 
0.2725 0.2384 0.2343 0.2548 
0.7861 0.0681 0.0886 0.0572 
0.4033 0.0995 0.4319 0.0654 
0.5559 0.0000 0.2561 0.1880 
0.0136 0.2003 0.2643 0.5218 
0.2698 0.1090 0.1935 0.4278 
0.0640 0.1839 0.0736 0.6785 
0.2139 0.1553 0.1349 0.4959 
0.1253 0.1594 0.0981 0.6172 
0.0722 0.1308 0.5272 0.2698 
0.1458 0.1035 0.7452 0.0054 
0.0232 0.1553 0.7507 0.0708 
0.2357 0.0654 0.6403 0.0586 
0.5150 0.1621 0.0436 0.2793 
0.7125 0.0054 0.1063 0.1757 
0.2807 0.4128 0.1962 0.1104 
0.2180 0.5790 0.1458 0.0572 
0.0572 0.3025 0.1894 0.4510 
0.1444 0.6567 0.0817 0.1172 
0.1635 0.2425 0.2507 0.3433 

MOTIF filter13 
letter-probability matrix: alength= 4 w= 10 nsites= 10 
0.2569 0.2525 0.2453 0.2453 
0.2677 0.2668 0.2059 0.2596 
0.2525 0.2211 0.2265 0.2999 
1.0000 0.0000 0.0000 0.0000 
0.0000 0.0000 0.0000 1.0000 
0.0000 0.2104 0.0000 0.7896 
1.0000 0.0000 0.0000 0.0000 
1.0000 0.0000 0.0000 0.0000 
0.5801 0.0000 0.0000 0.4199 
0.2739 0.2328 0.2426 0.2507 

MOTIF filter14 
letter-probability matrix: alength= 4 w= 15 nsites= 15 
0.2764 0.3116 0.2035 0.2085 
0.2638 0.2714 0.2236 0.2412 
0.2362 0.2462 0.2588 0.2588 
0.0126 0.8015 0.0905 0.0955 
0.0000 0.1884 0.0050 0.8065 
0.0000 0.2513 0.7236 0.0251 
1.0000 0.0000 0.0000 0.0000 
0.0000 0.0000 0.0000 1.0000 
0.0000 0.0000 0.0000 1.0000 
0.0000 0.0000 1.0000 0.0000 
0.0000 0.0000 1.0000 0.0000 
0.0427 0.3920 0.0101 0.5553 
0.0101 0.4322 0.1432 0.4146 
0.1859 0.4271 0.3090 0.0779 
0.4673 0.1382 0.3241 0.0704 

MOTIF filter15 
letter-probability matrix: alength= 4 w= 15 nsites= 15 
0.2489 0.2533 0.2313 0.2665 
0.2659 0.2436 0.2461 0.2445 
0.2027 0.2442 0.1807 0.3724 
0.0314 0.0475 0.0223 0.8988 
0.0192 0.0270 0.0676 0.8862 
0.1886 0.7401 0.0321 0.0393 
0.0632 0.6028 0.0129 0.3212 
0.2533 0.2300 0.2467 0.2700 
0.3199 0.0101 0.6191 0.0509 
0.0333 0.0339 0.7590 0.1738 
0.8790 0.0773 0.0226 0.0211 
0.9035 0.0365 0.0396 0.0204 
0.3906 0.1845 0.2329 0.1920 
0.2363 0.2486 0.2498 0.2652 
0.2508 0.2392 0.2703 0.2398 

MOTIF filter16 
letter-probability matrix: alength= 4 w= 13 nsites= 13 
0.2566 0.2349 0.2325 0.2760 
0.2398 0.2203 0.3115 0.2284 
0.3462 0.2464 0.3066 0.1008 
0.0408 0.0474 0.0583 0.8535 
0.0184 0.0340 0.7721 0.1756 
0.8499 0.0534 0.0552 0.0415 
0.1251 0.4038 0.4053 0.0658 
0.0377 0.0563 0.0444 0.8617 
0.1625 0.7651 0.0365 0.0359 
0.8696 0.0394 0.0486 0.0423 
0.0967 0.3124 0.2614 0.3295 
0.2288 0.3022 0.2264 0.2427 
0.2626 0.2325 0.2544 0.2505 

MOTIF filter17 
letter-probability matrix: alength= 4 w= 15 nsites= 15 
0.1993 0.2609 0.2609 0.2790 
0.1232 0.2029 0.3768 0.2971 
0.0217 0.4783 0.2355 0.2645 
0.0688 0.6993 0.1196 0.1123 
0.7138 0.0109 0.2500 0.0254 
0.0000 0.9565 0.0145 0.0290 
0.0000 0.0000 0.0000 1.0000 
0.0000 0.0000 0.0000 1.0000 
0.0000 1.0000 0.0000 0.0000 
0.0000 1.0000 0.0000 0.0000 
0.0000 0.0000 0.9891 0.0109 
0.0000 0.1051 0.8913 0.0036 
0.1884 0.2246 0.2645 0.3225 
0.1449 0.2862 0.2971 0.2717 
0.2681 0.2029 0.2428 0.2862 

MOTIF filter18 
letter-probability matrix: alength= 4 w= 10 nsites= 10 
0.1828 0.3586 0.2103 0.2483 
0.2310 0.1276 0.2241 0.4172 
0.1724 0.2586 0.1828 0.3862 
0.0000 0.9552 0.0448 0.0000 
0.0000 1.0000 0.0000 0.0000 
0.0000 0.0000 1.0000 0.0000 
0.0000 0.0000 1.0000 0.0000 
0.9966 0.0034 0.0000 0.0000 
0.9966 0.0000 0.0034 0.0000 
0.0276 0.0345 0.9345 0.0034 

MOTIF filter19 
letter-probability matrix: alength= 4 w= 17 nsites= 17 
0.2354 0.2379 0.2621 0.2646 
0.2201 0.2799 0.2684 0.2316 
0.2774 0.2455 0.2226 0.2545 
0.1476 0.0725 0.0293 0.7506 
0.0267 0.0725 0.6896 0.2112 
0.4326 0.4020 0.0649 0.1005 
0.0013 0.9962 0.0013 0.0013 
0.0000 0.9936 0.0000 0.0064 
0.8473 0.0000 0.0038 0.1489 
0.0178 0.0000 0.0000 0.9822 
0.9987 0.0013 0.0000 0.0000 
0.0000 0.0000 0.0013 0.9987 
0.9949 0.0000 0.0000 0.0051 
0.1552 0.0013 0.0000 0.8435 
0.0000 0.0051 0.9949 0.0000 
0.0013 0.0000 0.9962 0.0025 
0.1069 0.0674 0.3893 0.4364 

MOTIF filter20 
letter-probability matrix: alength= 4 w= 16 nsites= 16 
0.2969 0.1737 0.2829 0.2465 
0.6050 0.0588 0.1204 0.2157 
0.1513 0.3193 0.4902 0.0392 
0.0000 0.0000 0.0000 1.0000 
0.0224 0.9776 0.0000 0.0000 
1.0000 0.0000 0.0000 0.0000 
0.0000 0.0000 0.9608 0.0392 
0.0000 1.0000 0.0000 0.0000 
1.0000 0.0000 0.0000 0.0000 
0.4258 0.1849 0.1541 0.2353 
0.4538 0.0448 0.0112 0.4902 
0.3810 0.0196 0.0140 0.5854 
0.3221 0.1036 0.0224 0.5518 
0.2773 0.2381 0.2325 0.2521 
0.2605 0.2689 0.2409 0.2297 
0.1877 0.2969 0.2521 0.2633 

MOTIF filter21 
letter-probability matrix: alength= 4 w= 15 nsites= 15 
0.2581 0.2419 0.2226 0.2774 
0.2581 0.2258 0.2968 0.2194 
0.2258 0.2548 0.2613 0.2581 
0.0129 0.8742 0.1129 0.0000 
0.0387 0.9613 0.0000 0.0000 
0.0000 0.0000 1.0000 0.0000 
0.0000 0.0000 1.0000 0.0000 
1.0000 0.0000 0.0000 0.0000 
1.0000 0.0000 0.0000 0.0000 
0.0387 0.0065 0.9548 0.0000 
0.0065 0.2839 0.0000 0.7097 
0.1774 0.0645 0.7161 0.0419 
0.2516 0.2516 0.4871 0.0097 
0.2097 0.3903 0.2258 0.1742 
0.1935 0.2968 0.2581 0.2516 

MOTIF filter22 
letter-probability matrix: alength= 4 w= 13 nsites= 13 
0.1651 0.1216 0.5757 0.1376 
0.1445 0.6101 0.1124 0.1330 
0.2202 0.5665 0.1606 0.0528 
0.5734 0.0000 0.4174 0.0092 
0.5252 0.4748 0.0000 0.0000 
0.1697 0.6193 0.2087 0.0023 
1.0000 0.0000 0.0000 0.0000 
0.0000 0.0000 0.0000 1.0000 
0.0000 0.1995 0.6720 0.1284 
0.0000 0.0000 0.5596 0.4404 
0.0092 0.4427 0.0000 0.5482 
0.0482 0.0757 0.7294 0.1468 
0.1422 0.0894 0.6904 0.0780 

MOTIF filter23 
letter-probability matrix: alength= 4 w= 17 nsites= 17 
0.2857 0.2279 0.2619 0.2245 
0.2177 0.2993 0.2007 0.2823 
0.5306 0.0204 0.1088 0.3401 
0.6429 0.0238 0.0340 0.2993 
0.4660 0.0034 0.0204 0.5102 
0.2959 0.1293 0.1463 0.4286 
0.0068 0.0000 0.0000 0.9932 
0.0000 0.0000 1.0000 0.0000 
0.0272 0.9728 0.0000 0.0000 
0.0000 0.0000 0.0000 1.0000 
0.0000 0.0000 1.0000 0.0000 
1.0000 0.0000 0.0000 0.0000 
0.0238 0.5204 0.2925 0.1633 
0.1599 0.1327 0.0408 0.6667 
0.1667 0.4150 0.0952 0.3231 
0.5204 0.0544 0.1701 0.2551 
0.1871 0.0306 0.5034 0.2789 

MOTIF filter24 
letter-probability matrix: alength= 4 w= 18 nsites= 18 
0.2925 0.4862 0.0870 0.1344 
0.2727 0.1502 0.0791 0.4980 
0.2569 0.1818 0.3281 0.2332 
0.7036 0.0356 0.0791 0.1818 
0.1581 0.3241 0.5059 0.0119 
0.0000 0.0000 0.0000 1.0000 
0.0040 0.9960 0.0000 0.0000 
1.0000 0.0000 0.0000 0.0000 
0.0000 0.0000 0.9960 0.0040 
0.0000 1.0000 0.0000 0.0000 
1.0000 0.0000 0.0000 0.0000 
0.4783 0.1502 0.0791 0.2925 
0.4308 0.0277 0.0000 0.5415 
0.3953 0.0830 0.0000 0.5217 
0.2925 0.0672 0.0000 0.6403 
0.2925 0.1858 0.2727 0.2490 
0.3043 0.2530 0.2292 0.2134 
0.2490 0.3162 0.1976 0.2372 

MOTIF filter25 
letter-probability matrix: alength= 4 w= 15 nsites= 15 
0.2451 0.2315 0.2549 0.2685 
0.2257 0.2626 0.2568 0.2549 
0.2023 0.2724 0.2374 0.2879 
0.5214 0.0973 0.3716 0.0097 
0.0000 0.0000 0.0000 1.0000 
0.0000 0.0000 0.0214 0.9786 
0.2607 0.0000 0.6946 0.0447 
0.0000 0.9747 0.0000 0.0253 
0.0467 0.0000 0.9533 0.0000 
0.0311 0.7782 0.0000 0.1907 
0.9981 0.0019 0.0000 0.0000 
1.0000 0.0000 0.0000 0.0000 
0.0000 0.3658 0.0428 0.5914 
0.2724 0.2704 0.2510 0.2062 
0.2412 0.2062 0.2588 0.2938 

MOTIF filter26 
letter-probability matrix: alength= 4 w= 13 nsites= 13 
0.2313 0.2619 0.2415 0.2653 
0.1701 0.1701 0.3946 0.2653 
0.0136 0.5102 0.2143 0.2619 
0.0442 0.6633 0.1429 0.1497 
0.7313 0.0068 0.2551 0.0068 
0.0000 0.9762 0.0000 0.0238 
0.0000 0.0000 0.0000 1.0000 
0.0000 0.0000 0.0000 1.0000 
0.0000 1.0000 0.0000 0.0000 
0.0000 1.0000 0.0000 0.0000 
0.0000 0.0000 0.9830 0.0170 
0.0000 0.1939 0.7959 0.0102 
0.3299 0.1837 0.2279 0.2585 

MOTIF filter27 
letter-probability matrix: alength= 4 w= 20 nsites= 20 
0.2392 0.2579 0.2381 0.2648 
0.5163 0.3150 0.1490 0.0198 
0.0993 0.0518 0.4955 0.3534 
0.2173 0.5553 0.2274 0.0000 
0.0000 0.0027 0.3444 0.6530 
0.3668 0.2013 0.3460 0.0860 
0.0272 0.1148 0.5681 0.2899 
0.0838 0.0331 0.4971 0.3860 
0.3033 0.5222 0.1207 0.0539 
0.0849 0.8110 0.0833 0.0208 
0.1853 0.5537 0.1783 0.0828 
0.7048 0.0737 0.0395 0.1821 
0.2104 0.2899 0.0774 0.4223 
0.1751 0.2766 0.2718 0.2766 
0.3177 0.0320 0.1741 0.4762 
0.1703 0.3278 0.4341 0.0678 
0.2152 0.1676 0.2194 0.3978 
0.2616 0.1303 0.3257 0.2824 
0.0577 0.6268 0.2867 0.0288 
0.1831 0.2563 0.3155 0.2451 

MOTIF filter28 
letter-probability matrix: alength= 4 w= 12 nsites= 12 
0.2367 0.2762 0.2244 0.2626 
0.2478 0.2565 0.2713 0.2244 
0.2639 0.2602 0.2330 0.2429 
0.0160 0.0000 0.0000 0.9840 
0.0000 0.0000 0.0000 1.0000 
0.0000 0.0000 0.0000 1.0000 
0.5561 0.0000 0.4439 0.0000 
1.0000 0.0000 0.0000 0.0000 
0.0000 0.0000 0.0000 1.0000 
0.2256 0.2676 0.2515 0.2552 
0.2528 0.2491 0.2540 0.2441 
0.2404 0.2441 0.2688 0.2466 

MOTIF filter29 
letter-probability matrix: alength= 4 w= 14 nsites= 14 
0.1000 0.2147 0.4235 0.2618 
0.0000 0.8471 0.0118 0.1412 
0.0000 0.8559 0.0000 0.1441 
0.0000 1.0000 0.0000 0.0000 
0.0000 1.0000 0.0000 0.0000 
0.0853 0.0000 0.6529 0.2618 
0.0000 1.0000 0.0000 0.0000 
0.0000 1.0000 0.0000 0.0000 
0.0000 0.8265 0.0000 0.1735 
0.0500 0.8824 0.0000 0.0676 
0.0441 0.6353 0.0559 0.2647 
0.2676 0.2265 0.2618 0.2441 
0.2735 0.2206 0.2471 0.2588 
0.2235 0.3206 0.2412 0.2147 

MOTIF filter30 
letter-probability matrix: alength= 4 w= 19 nsites= 19 
0.2415 0.2943 0.2302 0.2340 
0.5283 0.0075 0.1208 0.3434 
0.6868 0.0000 0.0340 0.2792 
0.4453 0.0000 0.0113 0.5434 
0.2642 0.1736 0.1358 0.4264 
0.0000 0.0000 0.0000 1.0000 
0.0000 0.0000 1.0000 0.0000 
0.0113 0.9887 0.0000 0.0000 
0.0000 0.0000 0.0000 1.0000 
0.0000 0.0000 0.9849 0.0151 
1.0000 0.0000 0.0000 0.0000 
0.0264 0.5019 0.3321 0.1396 
0.2189 0.1019 0.0340 0.6453 
0.2038 0.3547 0.1170 0.3245 
0.5698 0.0377 0.1736 0.2189 
0.1245 0.0340 0.5849 0.2566 
0.2830 0.2642 0.2113 0.2415 
0.2491 0.2151 0.2830 0.2528 
0.2189 0.2377 0.2415 0.3019 

MOTIF filter31 
letter-probability matrix: alength= 4 w= 15 nsites= 15 
0.4271 0.2236 0.1683 0.1809 
0.0804 0.3618 0.1206 0.4372 
0.0704 0.3241 0.3719 0.2337 
0.4322 0.1181 0.4497 0.0000 
0.5854 0.0075 0.3618 0.0452 
0.0000 1.0000 0.0000 0.0000 
0.0000 1.0000 0.0000 0.0000 
1.0000 0.0000 0.0000 0.0000 
1.0000 0.0000 0.0000 0.0000 
0.0000 0.0000 0.0000 1.0000 
0.0302 0.7714 0.1985 0.0000 
0.8266 0.0025 0.1709 0.0000 
0.0603 0.0754 0.8518 0.0126 
0.2010 0.2915 0.2387 0.2688 
0.2714 0.2010 0.2688 0.2588 

