MEME version 4

ALPHABET= ACGT

Background letter frequencies:
A 0.2500 C 0.2500 G 0.2500 T 0.2500 

MOTIF filter0 
letter-probability matrix: alength= 4 w= 16 nsites= 16 
0.2325 0.2325 0.2633 0.2717 
0.2409 0.2409 0.2465 0.2717 
0.2185 0.2297 0.2717 0.2801 
0.2605 0.0700 0.6022 0.0672 
0.1064 0.0028 0.8067 0.0840 
0.1289 0.0056 0.8655 0.0000 
0.0000 0.0000 1.0000 0.0000 
0.0000 0.0000 1.0000 0.0000 
0.2885 0.5882 0.0000 0.1232 
0.0000 0.0000 1.0000 0.0000 
0.0000 0.0000 1.0000 0.0000 
0.1317 0.0028 0.8487 0.0168 
0.1597 0.0308 0.8095 0.0000 
0.1597 0.5434 0.2045 0.0924 
0.3053 0.2101 0.2857 0.1989 
0.2325 0.2941 0.2353 0.2381 

MOTIF filter1 
letter-probability matrix: alength= 4 w= 16 nsites= 16 
0.2618 0.2529 0.2294 0.2559 
0.1147 0.0147 0.6765 0.1941 
0.0824 0.7147 0.1206 0.0824 
0.3000 0.3412 0.2471 0.1118 
0.0441 0.0000 0.8647 0.0912 
0.0000 1.0000 0.0000 0.0000 
0.0000 1.0000 0.0000 0.0000 
1.0000 0.0000 0.0000 0.0000 
0.0000 0.0000 0.0000 1.0000 
0.0118 0.4706 0.1324 0.3853 
0.0000 0.0206 0.0000 0.9794 
0.0000 0.0088 0.0000 0.9912 
0.0765 0.0912 0.7147 0.1176 
0.2882 0.2265 0.2441 0.2412 
0.2029 0.2824 0.2559 0.2588 
0.2353 0.2676 0.2500 0.2471 

MOTIF filter2 
letter-probability matrix: alength= 4 w= 13 nsites= 13 
0.1741 0.2915 0.2672 0.2672 
0.1538 0.1579 0.3684 0.3198 
0.0121 0.4939 0.2227 0.2713 
0.0162 0.7409 0.1336 0.1093 
0.7814 0.0040 0.2146 0.0000 
0.0000 0.9798 0.0000 0.0202 
0.0000 0.0000 0.0000 1.0000 
0.0000 0.0000 0.0000 1.0000 
0.0000 1.0000 0.0000 0.0000 
0.0000 1.0000 0.0000 0.0000 
0.0000 0.0000 1.0000 0.0000 
0.0000 0.1538 0.8462 0.0000 
0.2470 0.2308 0.2470 0.2753 

MOTIF filter3 
letter-probability matrix: alength= 4 w= 12 nsites= 12 
0.2629 0.2500 0.2129 0.2742 
0.2468 0.2484 0.2403 0.2645 
0.1371 0.2000 0.1048 0.5581 
0.0000 0.0000 0.0000 1.0000 
0.0000 0.0000 0.0000 1.0000 
0.0065 0.9935 0.0000 0.0000 
0.0000 0.9210 0.0000 0.0790 
0.2226 0.2726 0.1903 0.3145 
0.2339 0.0000 0.7613 0.0048 
0.0000 0.0000 0.9806 0.0194 
1.0000 0.0000 0.0000 0.0000 
1.0000 0.0000 0.0000 0.0000 

MOTIF filter4 
letter-probability matrix: alength= 4 w= 18 nsites= 18 
0.2934 0.5271 0.0513 0.1282 
0.2365 0.1766 0.0712 0.5157 
0.2821 0.1595 0.3219 0.2365 
0.6268 0.0570 0.1197 0.1966 
0.1795 0.3134 0.4701 0.0370 
0.0000 0.0000 0.0000 1.0000 
0.0085 0.9915 0.0000 0.0000 
1.0000 0.0000 0.0000 0.0000 
0.0000 0.0000 0.9801 0.0199 
0.0000 1.0000 0.0000 0.0000 
0.9943 0.0000 0.0000 0.0057 
0.4330 0.1738 0.1168 0.2764 
0.4188 0.0570 0.0114 0.5128 
0.3761 0.0712 0.0028 0.5499 
0.3020 0.1111 0.0199 0.5670 
0.2764 0.2194 0.2593 0.2450 
0.2650 0.2849 0.2222 0.2279 
0.2080 0.2991 0.2450 0.2479 

MOTIF filter5 
letter-probability matrix: alength= 4 w= 13 nsites= 13 
0.2407 0.2407 0.2352 0.2835 
0.2431 0.2030 0.3413 0.2126 
0.3567 0.2746 0.3085 0.0603 
0.0270 0.0243 0.0332 0.9154 
0.0168 0.0284 0.8709 0.0839 
0.9038 0.0370 0.0291 0.0301 
0.0496 0.4598 0.4519 0.0387 
0.0284 0.0250 0.0274 0.9192 
0.0842 0.8624 0.0223 0.0312 
0.9185 0.0281 0.0260 0.0274 
0.0431 0.3239 0.2927 0.3403 
0.2102 0.3204 0.2283 0.2410 
0.2715 0.2297 0.2533 0.2455 

MOTIF filter6 
letter-probability matrix: alength= 4 w= 20 nsites= 20 
0.2500 0.2500 0.2500 0.2500 
0.2500 0.2500 0.2500 0.2500 
0.2500 0.2500 0.2500 0.2500 
0.2500 0.2500 0.2500 0.2500 
0.2500 0.2500 0.2500 0.2500 
0.2500 0.2500 0.2500 0.2500 
0.2500 0.2500 0.2500 0.2500 
0.2500 0.2500 0.2500 0.2500 
0.2500 0.2500 0.2500 0.2500 
0.2500 0.2500 0.2500 0.2500 
0.2500 0.2500 0.2500 0.2500 
0.2500 0.2500 0.2500 0.2500 
0.2500 0.2500 0.2500 0.2500 
0.2500 0.2500 0.2500 0.2500 
0.2500 0.2500 0.2500 0.2500 
0.2500 0.2500 0.2500 0.2500 
0.2500 0.2500 0.2500 0.2500 
0.2500 0.2500 0.2500 0.2500 
0.2500 0.2500 0.2500 0.2500 
0.2500 0.2500 0.2500 0.2500 

MOTIF filter7 
letter-probability matrix: alength= 4 w= 14 nsites= 14 
0.2555 0.2458 0.2458 0.2528 
0.2619 0.2527 0.2334 0.2521 
0.4075 0.1870 0.3445 0.0610 
0.0356 0.0222 0.0549 0.8874 
0.0099 0.0218 0.1738 0.7944 
0.3294 0.0224 0.4732 0.1751 
0.0984 0.6084 0.0846 0.2086 
0.2059 0.0747 0.6403 0.0790 
0.1774 0.5198 0.0070 0.2958 
0.7457 0.1888 0.0141 0.0514 
0.9089 0.0307 0.0401 0.0204 
0.0928 0.3151 0.1760 0.4162 
0.2398 0.2469 0.2649 0.2483 
0.2458 0.2366 0.2471 0.2705 

MOTIF filter8 
letter-probability matrix: alength= 4 w= 13 nsites= 13 
0.2951 0.3066 0.2034 0.1948 
0.2751 0.2550 0.2092 0.2607 
0.2493 0.2120 0.2579 0.2808 
0.0000 0.8395 0.0946 0.0659 
0.0000 0.1375 0.0000 0.8625 
0.0000 0.2206 0.7479 0.0315 
1.0000 0.0000 0.0000 0.0000 
0.0000 0.0000 0.0000 1.0000 
0.0000 0.0000 0.0000 1.0000 
0.0000 0.0000 1.0000 0.0000 
0.0000 0.0000 1.0000 0.0000 
0.0344 0.4212 0.0029 0.5415 
0.0000 0.4212 0.1433 0.4355 

MOTIF filter9 
letter-probability matrix: alength= 4 w= 12 nsites= 12 
0.2163 0.2663 0.2663 0.2512 
0.4430 0.1686 0.2570 0.1314 
0.2233 0.3000 0.3384 0.1384 
0.0000 1.0000 0.0000 0.0000 
1.0000 0.0000 0.0000 0.0000 
0.0000 1.0000 0.0000 0.0000 
0.0000 0.0000 1.0000 0.0000 
0.0000 0.0000 0.0000 1.0000 
0.0000 0.0000 1.0000 0.0000 
0.1035 0.3279 0.3326 0.2360 
0.1442 0.2337 0.1442 0.4779 
0.2500 0.2430 0.2547 0.2523 

MOTIF filter10 
letter-probability matrix: alength= 4 w= 16 nsites= 16 
0.2559 0.2709 0.2335 0.2397 
0.2385 0.2722 0.2472 0.2422 
0.1074 0.0537 0.3408 0.4981 
0.0187 0.8989 0.0000 0.0824 
0.0000 0.0000 0.0000 1.0000 
1.0000 0.0000 0.0000 0.0000 
0.2734 0.0000 0.0000 0.7266 
0.4619 0.0000 0.0000 0.5381 
0.5593 0.0000 0.0000 0.4407 
0.7129 0.0000 0.0000 0.2871 
0.0000 0.0000 0.0000 1.0000 
1.0000 0.0000 0.0000 0.0000 
0.0712 0.0000 0.9101 0.0187 
0.4806 0.3596 0.0400 0.1199 
0.2809 0.2272 0.2609 0.2310 
0.2534 0.2584 0.2347 0.2534 

MOTIF filter11 
letter-probability matrix: alength= 4 w= 12 nsites= 12 
0.1795 0.2121 0.3473 0.2611 
0.0536 0.4242 0.2284 0.2937 
0.0956 0.6014 0.1352 0.1678 
0.6527 0.0140 0.3030 0.0303 
0.0000 0.9324 0.0023 0.0653 
0.0000 0.0000 0.0000 1.0000 
0.0000 0.0000 0.0000 1.0000 
0.0000 1.0000 0.0000 0.0000 
0.0000 1.0000 0.0000 0.0000 
0.0000 0.0000 0.9720 0.0280 
0.0000 0.1538 0.8228 0.0233 
0.2774 0.1795 0.2704 0.2727 

MOTIF filter12 
letter-probability matrix: alength= 4 w= 17 nsites= 17 
0.2330 0.2461 0.2487 0.2723 
0.2199 0.2853 0.2775 0.2173 
0.2618 0.2461 0.2120 0.2801 
0.1571 0.6571 0.1309 0.0550 
0.9974 0.0000 0.0026 0.0000 
0.9869 0.0000 0.0131 0.0000 
0.4346 0.0838 0.4607 0.0209 
1.0000 0.0000 0.0000 0.0000 
0.0000 0.0000 0.0000 1.0000 
0.0000 0.0000 1.0000 0.0000 
0.0000 0.0000 1.0000 0.0000 
0.0628 0.8534 0.0000 0.0838 
0.1204 0.2042 0.4110 0.2644 
0.0969 0.0969 0.7356 0.0707 
0.1283 0.7513 0.0236 0.0969 
0.2565 0.2382 0.2147 0.2906 
0.2408 0.2356 0.2880 0.2356 

MOTIF filter13 
letter-probability matrix: alength= 4 w= 16 nsites= 16 
0.2867 0.2602 0.2554 0.1976 
0.2819 0.2964 0.2169 0.2048 
0.0651 0.1928 0.4988 0.2434 
0.0000 0.7976 0.0265 0.1759 
0.0000 0.8289 0.0000 0.1711 
0.0000 1.0000 0.0000 0.0000 
0.0000 1.0000 0.0000 0.0000 
0.0988 0.0000 0.5928 0.3084 
0.0000 1.0000 0.0000 0.0000 
0.0000 1.0000 0.0000 0.0000 
0.0000 0.7904 0.0000 0.2096 
0.0892 0.8217 0.0000 0.0892 
0.0506 0.6241 0.0506 0.2747 
0.2458 0.2482 0.2578 0.2482 
0.2867 0.2265 0.2434 0.2434 
0.2265 0.2892 0.2530 0.2313 

MOTIF filter14 
letter-probability matrix: alength= 4 w= 12 nsites= 12 
0.2549 0.2597 0.2393 0.2461 
0.2344 0.3113 0.2383 0.2160 
0.2364 0.2432 0.2403 0.2802 
0.4465 0.0000 0.0000 0.5535 
0.0000 0.0000 0.0000 1.0000 
0.0000 0.0000 0.0000 1.0000 
0.8473 0.0000 0.1527 0.0000 
1.0000 0.0000 0.0000 0.0000 
0.0000 0.0000 0.0000 1.0000 
0.2685 0.2451 0.2519 0.2344 
0.2393 0.2588 0.2782 0.2237 
0.2364 0.2519 0.2490 0.2626 

MOTIF filter15 
letter-probability matrix: alength= 4 w= 14 nsites= 14 
0.2408 0.2241 0.2776 0.2575 
0.2609 0.0268 0.6689 0.0435 
0.1405 0.0000 0.8127 0.0468 
0.1538 0.0000 0.8462 0.0000 
0.0000 0.0000 1.0000 0.0000 
0.0000 0.0000 1.0000 0.0000 
0.3077 0.5686 0.0000 0.1237 
0.0000 0.0000 1.0000 0.0000 
0.0000 0.0000 1.0000 0.0000 
0.1338 0.0000 0.8662 0.0000 
0.1940 0.0134 0.7926 0.0000 
0.1839 0.6120 0.1438 0.0602 
0.2609 0.2040 0.2676 0.2676 
0.2609 0.3110 0.1873 0.2408 

MOTIF filter16 
letter-probability matrix: alength= 4 w= 12 nsites= 12 
0.2506 0.2739 0.2331 0.2424 
0.2832 0.2273 0.2238 0.2657 
0.2692 0.2529 0.2296 0.2483 
1.0000 0.0000 0.0000 0.0000 
0.0000 0.0000 0.0000 1.0000 
0.0000 0.4347 0.0000 0.5653 
1.0000 0.0000 0.0000 0.0000 
1.0000 0.0000 0.0000 0.0000 
0.9674 0.0000 0.0000 0.0326 
0.2669 0.2226 0.2261 0.2844 
0.2506 0.2401 0.2389 0.2704 
0.2214 0.2727 0.2657 0.2401 

MOTIF filter17 
letter-probability matrix: alength= 4 w= 16 nsites= 16 
0.2784 0.2314 0.2078 0.2824 
0.2510 0.2235 0.2667 0.2588 
0.2275 0.2392 0.2627 0.2706 
0.0078 0.8980 0.0941 0.0000 
0.0314 0.9686 0.0000 0.0000 
0.0000 0.0000 1.0000 0.0000 
0.0000 0.0000 1.0000 0.0000 
1.0000 0.0000 0.0000 0.0000 
1.0000 0.0000 0.0000 0.0000 
0.0235 0.0000 0.9765 0.0000 
0.0235 0.3294 0.0039 0.6431 
0.1020 0.0471 0.8118 0.0392 
0.2118 0.2431 0.5412 0.0039 
0.2118 0.3882 0.2353 0.1647 
0.2118 0.3333 0.2588 0.1961 
0.2549 0.2941 0.2667 0.1843 

MOTIF filter18 
letter-probability matrix: alength= 4 w= 9 nsites= 9 
0.2319 0.2616 0.2616 0.2448 
0.3796 0.2141 0.2577 0.1487 
0.2270 0.3003 0.3092 0.1635 
0.0000 1.0000 0.0000 0.0000 
1.0000 0.0000 0.0000 0.0000 
0.0000 1.0000 0.0000 0.0000 
0.0010 0.0000 0.9990 0.0000 
0.0000 0.0000 0.0000 1.0000 
0.0000 0.0000 1.0000 0.0000 

MOTIF filter19 
letter-probability matrix: alength= 4 w= 19 nsites= 19 
0.2071 0.2210 0.2798 0.2921 
0.1917 0.2983 0.2875 0.2226 
0.2736 0.2674 0.2087 0.2504 
0.0927 0.0556 0.0093 0.8423 
0.0155 0.0417 0.7342 0.2087 
0.4189 0.4034 0.0742 0.1036 
0.0015 0.9985 0.0000 0.0000 
0.0000 0.9985 0.0000 0.0015 
0.8207 0.0000 0.0031 0.1762 
0.0124 0.0000 0.0000 0.9876 
1.0000 0.0000 0.0000 0.0000 
0.0000 0.0015 0.0015 0.9969 
0.9938 0.0000 0.0000 0.0062 
0.1097 0.0015 0.0000 0.8887 
0.0031 0.0031 0.9938 0.0000 
0.0000 0.0000 0.9985 0.0015 
0.0958 0.0742 0.4049 0.4250 
0.2071 0.6909 0.0804 0.0216 
0.7573 0.0216 0.0587 0.1623 

MOTIF filter20 
letter-probability matrix: alength= 4 w= 14 nsites= 14 
0.2642 0.2977 0.2107 0.2274 
0.2375 0.2642 0.2642 0.2341 
0.0100 0.8629 0.0669 0.0602 
0.0000 0.1973 0.0100 0.7926 
0.0000 0.2408 0.7458 0.0134 
1.0000 0.0000 0.0000 0.0000 
0.0000 0.0000 0.0000 1.0000 
0.0000 0.0000 0.0000 1.0000 
0.0000 0.0000 1.0000 0.0000 
0.0000 0.0000 1.0000 0.0000 
0.0368 0.4247 0.0134 0.5251 
0.0234 0.4415 0.1338 0.4013 
0.1806 0.4548 0.3244 0.0401 
0.5418 0.1237 0.3077 0.0268 

MOTIF filter21 
letter-probability matrix: alength= 4 w= 15 nsites= 15 
0.2368 0.2544 0.2441 0.2647 
0.2412 0.2529 0.2647 0.2412 
0.2147 0.2676 0.2544 0.2632 
0.5191 0.1206 0.3544 0.0059 
0.0000 0.0000 0.0000 1.0000 
0.0000 0.0000 0.0103 0.9897 
0.2824 0.0000 0.6412 0.0765 
0.0000 0.9618 0.0000 0.0382 
0.0721 0.0000 0.9279 0.0000 
0.0559 0.7088 0.0000 0.2353 
0.9897 0.0103 0.0000 0.0000 
1.0000 0.0000 0.0000 0.0000 
0.0029 0.3588 0.1206 0.5176 
0.2735 0.2618 0.2721 0.1926 
0.2368 0.2074 0.2544 0.3015 

MOTIF filter22 
letter-probability matrix: alength= 4 w= 15 nsites= 15 
0.4523 0.2180 0.1608 0.1689 
0.0763 0.3542 0.1008 0.4687 
0.0572 0.3188 0.3924 0.2316 
0.4332 0.1035 0.4578 0.0054 
0.5668 0.0027 0.3815 0.0490 
0.0000 1.0000 0.0000 0.0000 
0.0000 1.0000 0.0000 0.0000 
1.0000 0.0000 0.0000 0.0000 
1.0000 0.0000 0.0000 0.0000 
0.0000 0.0000 0.0000 1.0000 
0.0327 0.7466 0.2207 0.0000 
0.8583 0.0027 0.1362 0.0027 
0.0572 0.0627 0.8610 0.0191 
0.2098 0.2834 0.2589 0.2480 
0.2834 0.1935 0.2752 0.2480 

MOTIF filter23 
letter-probability matrix: alength= 4 w= 20 nsites= 20 
0.2191 0.2640 0.2809 0.2360 
0.0506 0.1236 0.2528 0.5730 
0.1966 0.3427 0.3764 0.0843 
0.9157 0.0112 0.0506 0.0225 
0.1685 0.0225 0.1292 0.6798 
0.2022 0.0112 0.5112 0.2753 
0.3202 0.2865 0.0337 0.3596 
0.1236 0.7303 0.1461 0.0000 
0.1292 0.2865 0.0506 0.5337 
0.0281 0.8315 0.0056 0.1348 
0.3820 0.4045 0.0449 0.1685 
0.0112 0.5449 0.2809 0.1629 
0.0562 0.8764 0.0562 0.0112 
0.0056 0.7303 0.2135 0.0506 
0.1854 0.5506 0.2135 0.0506 
0.0169 0.8202 0.0730 0.0899 
0.0056 0.4719 0.2584 0.2640 
0.0787 0.4101 0.4213 0.0899 
0.2978 0.5618 0.1348 0.0056 
0.2022 0.4326 0.0899 0.2753 

MOTIF filter24 
letter-probability matrix: alength= 4 w= 16 nsites= 16 
0.2556 0.2614 0.2398 0.2432 
0.2498 0.2589 0.2490 0.2423 
0.1311 0.0830 0.3328 0.4531 
0.0564 0.8008 0.0100 0.1328 
0.0008 0.0149 0.0116 0.9726 
0.9793 0.0066 0.0091 0.0050 
0.3037 0.0017 0.0124 0.6822 
0.4498 0.0100 0.0025 0.5378 
0.5436 0.0033 0.0050 0.4481 
0.6730 0.0108 0.0025 0.3137 
0.0100 0.0017 0.0075 0.9809 
0.9668 0.0041 0.0191 0.0100 
0.1353 0.0100 0.8000 0.0548 
0.4183 0.3693 0.0631 0.1494 
0.2581 0.2365 0.2680 0.2373 
0.2448 0.2855 0.2349 0.2349 

MOTIF filter25 
letter-probability matrix: alength= 4 w= 15 nsites= 15 
0.2700 0.2300 0.2255 0.2745 
0.2522 0.2611 0.2300 0.2567 
0.1083 0.1958 0.1499 0.5460 
0.0000 0.0000 0.0000 1.0000 
0.0000 0.0000 0.0089 0.9911 
0.0415 0.9585 0.0000 0.0000 
0.0089 0.7656 0.0000 0.2255 
0.2878 0.1617 0.2982 0.2522 
0.1039 0.0000 0.8961 0.0000 
0.0015 0.0000 0.9822 0.0163 
1.0000 0.0000 0.0000 0.0000 
1.0000 0.0000 0.0000 0.0000 
0.5950 0.0786 0.1721 0.1543 
0.2285 0.2789 0.2433 0.2493 
0.2656 0.2404 0.2641 0.2300 

MOTIF filter26 
letter-probability matrix: alength= 4 w= 13 nsites= 13 
0.2434 0.2384 0.2616 0.2566 
0.2323 0.1667 0.3919 0.2091 
0.4030 0.2263 0.3626 0.0081 
0.0000 0.0000 0.0000 1.0000 
0.0000 0.0000 0.9990 0.0010 
1.0000 0.0000 0.0000 0.0000 
0.0000 0.5030 0.4970 0.0000 
0.0000 0.0000 0.0000 1.0000 
0.0000 1.0000 0.0000 0.0000 
1.0000 0.0000 0.0000 0.0000 
0.0131 0.3343 0.2545 0.3980 
0.2172 0.3586 0.1869 0.2374 
0.2596 0.2212 0.2727 0.2465 

MOTIF filter27 
letter-probability matrix: alength= 4 w= 13 nsites= 13 
0.4458 0.2136 0.1455 0.1950 
0.0588 0.3746 0.1176 0.4489 
0.0681 0.3282 0.3591 0.2446 
0.4427 0.1269 0.4303 0.0000 
0.6130 0.0031 0.3498 0.0341 
0.0000 1.0000 0.0000 0.0000 
0.0000 1.0000 0.0000 0.0000 
1.0000 0.0000 0.0000 0.0000 
0.9969 0.0000 0.0031 0.0000 
0.0000 0.0000 0.0000 1.0000 
0.0031 0.8019 0.1950 0.0000 
0.8328 0.0000 0.1672 0.0000 
0.0650 0.0341 0.9009 0.0000 

MOTIF filter28 
letter-probability matrix: alength= 4 w= 19 nsites= 19 
0.1565 0.0822 0.0451 0.7162 
0.0172 0.0875 0.6963 0.1989 
0.4138 0.4072 0.0584 0.1207 
0.0000 0.9973 0.0027 0.0000 
0.0000 0.9947 0.0000 0.0053 
0.8581 0.0000 0.0040 0.1379 
0.0133 0.0000 0.0000 0.9867 
0.9987 0.0013 0.0000 0.0000 
0.0000 0.0000 0.0000 1.0000 
0.9934 0.0000 0.0000 0.0066 
0.1538 0.0013 0.0000 0.8448 
0.0000 0.0053 0.9947 0.0000 
0.0000 0.0000 1.0000 0.0000 
0.0902 0.0597 0.4164 0.4337 
0.2162 0.6804 0.0796 0.0239 
0.7639 0.0159 0.0531 0.1671 
0.2507 0.2772 0.2202 0.2520 
0.2175 0.2639 0.2626 0.2560 
0.2347 0.2308 0.2918 0.2427 

MOTIF filter29 
letter-probability matrix: alength= 4 w= 15 nsites= 15 
0.4247 0.0685 0.1671 0.3397 
0.6575 0.0137 0.0411 0.2877 
0.4575 0.0000 0.0219 0.5205 
0.2959 0.1589 0.1534 0.3918 
0.0110 0.0000 0.0000 0.9890 
0.0000 0.0000 1.0000 0.0000 
0.0274 0.9726 0.0000 0.0000 
0.0000 0.0000 0.0000 1.0000 
0.0000 0.0000 0.9836 0.0164 
1.0000 0.0000 0.0000 0.0000 
0.0329 0.5014 0.3014 0.1644 
0.2164 0.1205 0.0329 0.6301 
0.1890 0.3836 0.1205 0.3068 
0.4959 0.0603 0.1973 0.2466 
0.1726 0.0493 0.5096 0.2685 

MOTIF filter30 
letter-probability matrix: alength= 4 w= 17 nsites= 17 
0.3985 0.3742 0.0817 0.1457 
0.0000 1.0000 0.0000 0.0000 
0.0000 0.9669 0.0011 0.0320 
0.8411 0.0000 0.0066 0.1523 
0.0276 0.0000 0.0000 0.9724 
0.9912 0.0000 0.0000 0.0088 
0.0110 0.0000 0.0000 0.9890 
0.9790 0.0000 0.0000 0.0210 
0.1589 0.0022 0.0000 0.8389 
0.0298 0.0011 0.9691 0.0000 
0.0033 0.0022 0.9923 0.0022 
0.1258 0.0717 0.3819 0.4205 
0.2219 0.6391 0.1004 0.0386 
0.7174 0.0375 0.0717 0.1733 
0.2450 0.2671 0.2417 0.2461 
0.2373 0.2660 0.2539 0.2428 
0.2472 0.2340 0.2693 0.2494 

MOTIF filter31 
letter-probability matrix: alength= 4 w= 15 nsites= 15 
0.2388 0.2269 0.2299 0.3045 
0.2507 0.2149 0.3045 0.2299 
0.2149 0.2806 0.2567 0.2478 
0.0000 0.8657 0.1343 0.0000 
0.0119 0.9881 0.0000 0.0000 
0.0000 0.0000 1.0000 0.0000 
0.0000 0.0000 1.0000 0.0000 
1.0000 0.0000 0.0000 0.0000 
1.0000 0.0000 0.0000 0.0000 
0.0418 0.0030 0.9552 0.0000 
0.0269 0.2746 0.0149 0.6836 
0.1910 0.1104 0.6657 0.0328 
0.2716 0.2597 0.4388 0.0299 
0.2209 0.3672 0.2269 0.1851 
0.2090 0.2657 0.2567 0.2687 

