MEME version 4

ALPHABET= ACGT

Background letter frequencies:
A 0.2500 C 0.2500 G 0.2500 T 0.2500 

MOTIF filter0 
letter-probability matrix: alength= 4 w= 15 nsites= 15 
0.2336 0.2322 0.2741 0.2601 
0.2462 0.2629 0.2559 0.2350 
0.2643 0.1301 0.4979 0.1077 
0.1818 0.0014 0.6322 0.1846 
0.2643 0.0056 0.7287 0.0014 
0.0000 0.0014 0.9958 0.0028 
0.0000 0.0014 0.9986 0.0000 
0.3217 0.4643 0.0000 0.2140 
0.0000 0.0014 0.9958 0.0028 
0.0000 0.0000 1.0000 0.0000 
0.2741 0.0000 0.7049 0.0210 
0.2587 0.0909 0.6490 0.0014 
0.2112 0.4392 0.2224 0.1273 
0.2615 0.2196 0.2825 0.2364 
0.2517 0.2811 0.2126 0.2545 

MOTIF filter1 
letter-probability matrix: alength= 4 w= 18 nsites= 18 
0.2907 0.4651 0.0891 0.1550 
0.2597 0.1705 0.0465 0.5233 
0.3023 0.1628 0.2907 0.2442 
0.6822 0.0349 0.1124 0.1705 
0.1938 0.3023 0.4961 0.0078 
0.0000 0.0000 0.0000 1.0000 
0.0155 0.9845 0.0000 0.0000 
1.0000 0.0000 0.0000 0.0000 
0.0000 0.0000 1.0000 0.0000 
0.0000 1.0000 0.0000 0.0000 
1.0000 0.0000 0.0000 0.0000 
0.4380 0.1667 0.1163 0.2791 
0.3992 0.0504 0.0039 0.5465 
0.4031 0.0116 0.0000 0.5853 
0.2868 0.0969 0.0039 0.6124 
0.2868 0.2171 0.2636 0.2326 
0.2403 0.3023 0.2016 0.2558 
0.2364 0.3372 0.2209 0.2054 

MOTIF filter2 
letter-probability matrix: alength= 4 w= 16 nsites= 16 
0.2885 0.2404 0.2644 0.2067 
0.2692 0.3053 0.2188 0.2067 
0.0697 0.1923 0.4928 0.2452 
0.0000 0.7933 0.0264 0.1803 
0.0000 0.8269 0.0000 0.1731 
0.0000 1.0000 0.0000 0.0000 
0.0000 1.0000 0.0000 0.0000 
0.0913 0.0000 0.6010 0.3077 
0.0000 1.0000 0.0000 0.0000 
0.0000 1.0000 0.0000 0.0000 
0.0000 0.7885 0.0000 0.2115 
0.0697 0.8245 0.0000 0.1058 
0.0457 0.6394 0.0505 0.2644 
0.2620 0.2428 0.2476 0.2476 
0.2812 0.2308 0.2452 0.2428 
0.2308 0.2933 0.2428 0.2332 

MOTIF filter3 
letter-probability matrix: alength= 4 w= 14 nsites= 14 
0.1155 0.6049 0.1611 0.1185 
0.3070 0.3739 0.2097 0.1094 
0.0304 0.0000 0.8875 0.0821 
0.0000 1.0000 0.0000 0.0000 
0.0000 1.0000 0.0000 0.0000 
1.0000 0.0000 0.0000 0.0000 
0.0000 0.0000 0.0000 1.0000 
0.0243 0.4468 0.1520 0.3769 
0.0000 0.0000 0.0000 1.0000 
0.0000 0.0000 0.0000 1.0000 
0.0790 0.0608 0.7325 0.1277 
0.3100 0.2371 0.2280 0.2249 
0.2280 0.2705 0.2523 0.2492 
0.2340 0.3040 0.2097 0.2523 

MOTIF filter4 
letter-probability matrix: alength= 4 w= 15 nsites= 15 
0.1611 0.2607 0.2749 0.3033 
0.0995 0.1754 0.4550 0.2701 
0.0142 0.4360 0.2844 0.2654 
0.0095 0.7915 0.0900 0.1090 
0.7678 0.0095 0.2227 0.0000 
0.0000 0.9479 0.0284 0.0237 
0.0000 0.0000 0.0000 1.0000 
0.0000 0.0000 0.0000 1.0000 
0.0000 1.0000 0.0000 0.0000 
0.0000 1.0000 0.0000 0.0000 
0.0000 0.0000 0.9953 0.0047 
0.0000 0.1137 0.8863 0.0000 
0.1896 0.2227 0.3365 0.2512 
0.2749 0.2133 0.2559 0.2559 
0.2275 0.1896 0.2512 0.3318 

MOTIF filter5 
letter-probability matrix: alength= 4 w= 15 nsites= 15 
0.1256 0.3342 0.1482 0.3920 
0.0528 0.3342 0.3945 0.2186 
0.4271 0.1357 0.4322 0.0050 
0.5678 0.0126 0.3769 0.0427 
0.0000 1.0000 0.0000 0.0000 
0.0000 1.0000 0.0000 0.0000 
1.0000 0.0000 0.0000 0.0000 
1.0000 0.0000 0.0000 0.0000 
0.0000 0.0000 0.0000 1.0000 
0.0176 0.7613 0.2211 0.0000 
0.8291 0.0000 0.1709 0.0000 
0.0704 0.0653 0.8543 0.0101 
0.2236 0.2437 0.2538 0.2789 
0.2814 0.2085 0.2588 0.2513 
0.2236 0.2889 0.2085 0.2789 

MOTIF filter6 
letter-probability matrix: alength= 4 w= 15 nsites= 15 
0.2820 0.1540 0.2275 0.3365 
0.5924 0.0332 0.1777 0.1967 
0.5900 0.0190 0.0213 0.3697 
0.2512 0.1919 0.3578 0.1991 
0.0000 0.0000 0.0024 0.9976 
0.0024 0.4123 0.5853 0.0000 
0.6209 0.3791 0.0000 0.0000 
0.0000 0.0000 0.2299 0.7701 
0.0000 0.3768 0.6232 0.0000 
1.0000 0.0000 0.0000 0.0000 
0.1469 0.3697 0.2393 0.2441 
0.2464 0.0000 0.0024 0.7512 
0.1635 0.3768 0.0545 0.4052 
0.4265 0.0806 0.0403 0.4526 
0.2299 0.1161 0.4218 0.2322 

MOTIF filter7 
letter-probability matrix: alength= 4 w= 11 nsites= 11 
0.2957 0.2612 0.2587 0.1844 
0.0293 0.0321 0.0323 0.9063 
0.0257 0.0299 0.8408 0.1036 
0.8977 0.0287 0.0379 0.0357 
0.0603 0.4478 0.4439 0.0481 
0.0224 0.0287 0.0271 0.9218 
0.0871 0.8480 0.0318 0.0332 
0.8928 0.0301 0.0486 0.0285 
0.0777 0.2971 0.3046 0.3206 
0.2142 0.3209 0.2291 0.2358 
0.2692 0.2324 0.2584 0.2399 

MOTIF filter8 
letter-probability matrix: alength= 4 w= 15 nsites= 15 
0.2389 0.2665 0.2238 0.2708 
0.2643 0.2331 0.2482 0.2543 
0.2005 0.2532 0.1682 0.3780 
0.0326 0.0416 0.0237 0.9021 
0.0136 0.0262 0.0624 0.8978 
0.1729 0.7575 0.0276 0.0420 
0.0624 0.6187 0.0115 0.3074 
0.2496 0.2278 0.2536 0.2690 
0.3034 0.0111 0.6367 0.0488 
0.0316 0.0208 0.7877 0.1600 
0.8945 0.0732 0.0147 0.0176 
0.9182 0.0326 0.0337 0.0154 
0.3996 0.1808 0.2349 0.1847 
0.2414 0.2532 0.2489 0.2565 
0.2514 0.2400 0.2665 0.2421 

MOTIF filter9 
letter-probability matrix: alength= 4 w= 10 nsites= 10 
0.2515 0.2347 0.2332 0.2806 
0.4320 0.0000 0.0000 0.5680 
0.0000 0.0000 0.0000 1.0000 
0.0000 0.0000 0.0000 1.0000 
0.6651 0.0000 0.3349 0.0000 
1.0000 0.0000 0.0000 0.0000 
0.0008 0.0000 0.0000 0.9992 
0.2370 0.2569 0.2492 0.2569 
0.2324 0.2638 0.2653 0.2385 
0.2477 0.2378 0.2569 0.2576 

MOTIF filter10 
letter-probability matrix: alength= 4 w= 18 nsites= 18 
0.2929 0.2189 0.2222 0.2660 
0.2828 0.2357 0.2559 0.2256 
0.2391 0.3030 0.1818 0.2761 
0.2458 0.6296 0.0034 0.1212 
0.2323 0.1852 0.0606 0.5219 
0.2593 0.1650 0.3300 0.2458 
0.6195 0.0370 0.1145 0.2290 
0.1347 0.3434 0.5017 0.0202 
0.0000 0.0000 0.0000 1.0000 
0.0034 0.9966 0.0000 0.0000 
1.0000 0.0000 0.0000 0.0000 
0.0000 0.0000 0.9832 0.0168 
0.0000 1.0000 0.0000 0.0000 
0.9832 0.0000 0.0000 0.0168 
0.4613 0.1650 0.1178 0.2559 
0.4411 0.0471 0.0067 0.5051 
0.3838 0.0707 0.0101 0.5354 
0.3232 0.1111 0.0236 0.5421 

MOTIF filter11 
letter-probability matrix: alength= 4 w= 17 nsites= 17 
0.3993 0.2014 0.1806 0.2188 
0.5208 0.1840 0.1146 0.1806 
0.0208 0.3819 0.0903 0.5069 
0.0660 0.3299 0.3507 0.2535 
0.4479 0.0972 0.4549 0.0000 
0.5938 0.0035 0.3681 0.0347 
0.0000 1.0000 0.0000 0.0000 
0.0000 1.0000 0.0000 0.0000 
1.0000 0.0000 0.0000 0.0000 
1.0000 0.0000 0.0000 0.0000 
0.0000 0.0000 0.0000 1.0000 
0.0000 0.8090 0.1910 0.0000 
0.8819 0.0035 0.1146 0.0000 
0.0625 0.0590 0.8785 0.0000 
0.2118 0.2917 0.2396 0.2569 
0.2778 0.1771 0.2986 0.2465 
0.2396 0.2882 0.2014 0.2708 

MOTIF filter12 
letter-probability matrix: alength= 4 w= 12 nsites= 12 
0.2536 0.2443 0.2557 0.2464 
0.3211 0.2304 0.2527 0.1958 
0.2426 0.2815 0.2665 0.2094 
0.0511 0.8774 0.0444 0.0271 
0.8578 0.0356 0.0631 0.0435 
0.0449 0.7900 0.0435 0.1216 
0.1221 0.0391 0.8042 0.0346 
0.0497 0.0700 0.0349 0.8454 
0.0364 0.0361 0.8681 0.0594 
0.2089 0.2756 0.2754 0.2402 
0.2148 0.2605 0.2084 0.3163 
0.2438 0.2522 0.2411 0.2628 

MOTIF filter13 
letter-probability matrix: alength= 4 w= 16 nsites= 16 
0.2135 0.1919 0.2514 0.3432 
0.2081 0.5689 0.0054 0.2176 
0.6324 0.0486 0.1081 0.2108 
0.0014 0.0000 0.9959 0.0027 
0.0000 0.9770 0.0230 0.0000 
0.4419 0.3500 0.0000 0.2081 
0.6284 0.0041 0.1392 0.2284 
0.4662 0.0392 0.0000 0.4946 
0.0946 0.3297 0.1676 0.4081 
0.3595 0.0851 0.0419 0.5135 
0.0932 0.2635 0.1203 0.5230 
0.3068 0.0081 0.5757 0.1095 
0.0216 0.1176 0.7189 0.1419 
0.2392 0.2919 0.1392 0.3297 
0.2622 0.1865 0.2757 0.2757 
0.2500 0.3500 0.2432 0.1568 

MOTIF filter14 
letter-probability matrix: alength= 4 w= 13 nsites= 13 
0.2482 0.2688 0.2470 0.2361 
0.2385 0.2748 0.2542 0.2324 
0.1065 0.0508 0.3547 0.4879 
0.0218 0.8838 0.0000 0.0944 
0.0000 0.0000 0.0000 1.0000 
1.0000 0.0000 0.0000 0.0000 
0.2579 0.0000 0.0012 0.7409 
0.4588 0.0000 0.0000 0.5412 
0.5569 0.0000 0.0000 0.4431 
0.6998 0.0000 0.0000 0.3002 
0.0000 0.0000 0.0000 1.0000 
0.9988 0.0000 0.0012 0.0000 
0.0787 0.0000 0.9019 0.0194 

MOTIF filter15 
letter-probability matrix: alength= 4 w= 13 nsites= 13 
0.2222 0.2989 0.2381 0.2407 
0.0000 0.8704 0.1296 0.0000 
0.0317 0.9683 0.0000 0.0000 
0.0000 0.0000 1.0000 0.0000 
0.0000 0.0000 1.0000 0.0000 
1.0000 0.0000 0.0000 0.0000 
1.0000 0.0000 0.0000 0.0000 
0.0503 0.0053 0.9444 0.0000 
0.0291 0.3016 0.0212 0.6481 
0.1720 0.1058 0.6640 0.0582 
0.2698 0.2619 0.4418 0.0265 
0.2116 0.3598 0.2540 0.1746 
0.2143 0.2963 0.2513 0.2381 

MOTIF filter16 
letter-probability matrix: alength= 4 w= 18 nsites= 18 
0.4275 0.0669 0.1561 0.3494 
0.6989 0.0149 0.0223 0.2639 
0.4647 0.0000 0.0112 0.5242 
0.2974 0.1450 0.1487 0.4089 
0.0112 0.0000 0.0000 0.9888 
0.0000 0.0000 1.0000 0.0000 
0.0037 0.9963 0.0000 0.0000 
0.0000 0.0000 0.0000 1.0000 
0.0000 0.0000 0.9963 0.0037 
1.0000 0.0000 0.0000 0.0000 
0.0260 0.5093 0.3160 0.1487 
0.1784 0.1413 0.0520 0.6283 
0.1896 0.3383 0.1301 0.3420 
0.5576 0.0558 0.1747 0.2119 
0.1227 0.0223 0.5985 0.2565 
0.2751 0.2528 0.2788 0.1933 
0.2454 0.1970 0.2862 0.2714 
0.2193 0.1822 0.2677 0.3309 

MOTIF filter17 
letter-probability matrix: alength= 4 w= 9 nsites= 9 
0.2547 0.2769 0.2371 0.2313 
0.2815 0.2208 0.2150 0.2827 
0.2699 0.2629 0.2336 0.2336 
1.0000 0.0000 0.0000 0.0000 
0.0000 0.0000 0.0000 1.0000 
0.0000 0.4287 0.0000 0.5713 
1.0000 0.0000 0.0000 0.0000 
1.0000 0.0000 0.0000 0.0000 
0.9533 0.0000 0.0000 0.0467 

MOTIF filter18 
letter-probability matrix: alength= 4 w= 15 nsites= 15 
0.2824 0.3079 0.2112 0.1985 
0.2621 0.2697 0.2417 0.2265 
0.2366 0.2468 0.2545 0.2621 
0.0051 0.8066 0.1043 0.0840 
0.0000 0.1934 0.0000 0.8066 
0.0025 0.2341 0.7379 0.0254 
1.0000 0.0000 0.0000 0.0000 
0.0000 0.0000 0.0000 1.0000 
0.0000 0.0000 0.0000 1.0000 
0.0000 0.0000 1.0000 0.0000 
0.0000 0.0000 1.0000 0.0000 
0.0585 0.3919 0.0051 0.5445 
0.0000 0.4046 0.1476 0.4478 
0.2137 0.3969 0.2926 0.0967 
0.4478 0.1552 0.3333 0.0636 

MOTIF filter19 
letter-probability matrix: alength= 4 w= 20 nsites= 20 
0.2885 0.3162 0.1818 0.2134 
0.2846 0.3083 0.1739 0.2332 
0.2411 0.2332 0.2569 0.2688 
0.0000 0.8933 0.0435 0.0632 
0.0000 0.1700 0.0040 0.8261 
0.0000 0.2332 0.7628 0.0040 
1.0000 0.0000 0.0000 0.0000 
0.0000 0.0000 0.0000 1.0000 
0.0000 0.0000 0.0000 1.0000 
0.0000 0.0000 1.0000 0.0000 
0.0000 0.0000 1.0000 0.0000 
0.0316 0.4071 0.0000 0.5613 
0.0158 0.4704 0.1107 0.4032 
0.1621 0.4862 0.3281 0.0237 
0.5494 0.1028 0.2925 0.0553 
0.1186 0.1423 0.2688 0.4704 
0.1542 0.1146 0.2806 0.4506 
0.0040 0.2885 0.1818 0.5257 
0.1858 0.2569 0.3043 0.2530 
0.2767 0.3043 0.1621 0.2569 

MOTIF filter20 
letter-probability matrix: alength= 4 w= 14 nsites= 14 
0.2308 0.2546 0.2308 0.2838 
0.1963 0.2997 0.2865 0.2175 
0.2308 0.2599 0.2095 0.2997 
0.1751 0.6870 0.0769 0.0610 
0.9894 0.0000 0.0106 0.0000 
0.9735 0.0080 0.0133 0.0053 
0.4111 0.0955 0.4748 0.0186 
0.9973 0.0000 0.0027 0.0000 
0.0000 0.0000 0.0000 1.0000 
0.0000 0.0027 0.9973 0.0000 
0.0000 0.0000 1.0000 0.0000 
0.0690 0.8727 0.0000 0.0584 
0.1220 0.2281 0.4191 0.2308 
0.0796 0.0822 0.7745 0.0637 

MOTIF filter21 
letter-probability matrix: alength= 4 w= 16 nsites= 16 
0.2213 0.2658 0.2457 0.2672 
0.2601 0.2299 0.2615 0.2486 
0.2342 0.2529 0.2428 0.2701 
0.5057 0.1078 0.3678 0.0187 
0.0000 0.0000 0.0000 1.0000 
0.0000 0.0000 0.0287 0.9713 
0.2730 0.0000 0.6853 0.0417 
0.0029 0.9353 0.0014 0.0603 
0.0532 0.0057 0.9411 0.0000 
0.0603 0.6897 0.0000 0.2500 
0.9928 0.0072 0.0000 0.0000 
1.0000 0.0000 0.0000 0.0000 
0.0115 0.3606 0.1020 0.5259 
0.2644 0.2672 0.2845 0.1839 
0.2241 0.2213 0.2687 0.2859 
0.2241 0.2543 0.2744 0.2471 

MOTIF filter22 
letter-probability matrix: alength= 4 w= 17 nsites= 17 
0.2834 0.2227 0.2105 0.2834 
0.2470 0.2834 0.2308 0.2389 
0.2146 0.2510 0.2713 0.2632 
0.0850 0.0000 0.7814 0.1336 
0.0648 0.8340 0.0729 0.0283 
0.2753 0.3441 0.2753 0.1053 
0.0405 0.0000 0.8745 0.0850 
0.0000 1.0000 0.0000 0.0000 
0.0000 1.0000 0.0000 0.0000 
1.0000 0.0000 0.0000 0.0000 
0.0000 0.0000 0.0000 1.0000 
0.0081 0.4980 0.1377 0.3563 
0.0000 0.0243 0.0000 0.9757 
0.0000 0.0162 0.0000 0.9838 
0.0526 0.0810 0.7611 0.1053 
0.2753 0.2146 0.2591 0.2510 
0.1903 0.2713 0.2591 0.2794 

MOTIF filter23 
letter-probability matrix: alength= 4 w= 17 nsites= 17 
0.2731 0.2605 0.2269 0.2395 
0.2437 0.2815 0.2269 0.2479 
0.6218 0.0000 0.0504 0.3277 
0.6471 0.0042 0.0420 0.3067 
0.4580 0.0000 0.0126 0.5294 
0.3361 0.1092 0.1218 0.4328 
0.0042 0.0000 0.0000 0.9958 
0.0000 0.0000 1.0000 0.0000 
0.0168 0.9832 0.0000 0.0000 
0.0000 0.0000 0.0000 1.0000 
0.0000 0.0000 0.9874 0.0126 
1.0000 0.0000 0.0000 0.0000 
0.0210 0.5588 0.2815 0.1387 
0.1807 0.0840 0.0420 0.6933 
0.1639 0.4160 0.1050 0.3151 
0.5084 0.0420 0.1765 0.2731 
0.1345 0.0588 0.5756 0.2311 

MOTIF filter24 
letter-probability matrix: alength= 4 w= 16 nsites= 16 
0.2530 0.2582 0.2418 0.2470 
0.2504 0.2651 0.2530 0.2315 
0.1317 0.0843 0.3287 0.4552 
0.0568 0.8081 0.0077 0.1274 
0.0052 0.0164 0.0052 0.9733 
0.9854 0.0060 0.0069 0.0017 
0.2935 0.0043 0.0095 0.6928 
0.4501 0.0060 0.0034 0.5404 
0.5404 0.0026 0.0043 0.4527 
0.6704 0.0043 0.0009 0.3244 
0.0052 0.0026 0.0043 0.9880 
0.9690 0.0043 0.0172 0.0095 
0.1334 0.0103 0.8038 0.0525 
0.4320 0.3640 0.0568 0.1472 
0.2590 0.2384 0.2668 0.2358 
0.2461 0.2806 0.2358 0.2375 

MOTIF filter25 
letter-probability matrix: alength= 4 w= 16 nsites= 16 
0.2279 0.2388 0.2543 0.2791 
0.2326 0.2729 0.2527 0.2419 
0.2248 0.2698 0.2450 0.2605 
0.5256 0.1085 0.3643 0.0016 
0.0000 0.0000 0.0000 1.0000 
0.0000 0.0000 0.0124 0.9876 
0.2698 0.0000 0.6558 0.0744 
0.0000 0.9674 0.0000 0.0326 
0.0357 0.0000 0.9643 0.0000 
0.0574 0.7178 0.0000 0.2248 
0.9829 0.0171 0.0000 0.0000 
1.0000 0.0000 0.0000 0.0000 
0.0016 0.3364 0.1364 0.5256 
0.2806 0.2403 0.2744 0.2047 
0.2326 0.2031 0.2698 0.2946 
0.2667 0.2326 0.2589 0.2419 

MOTIF filter26 
letter-probability matrix: alength= 4 w= 16 nsites= 16 
0.2018 0.2149 0.2149 0.3684 
0.2105 0.3026 0.1798 0.3070 
0.1360 0.1974 0.3860 0.2807 
0.0132 0.5614 0.1623 0.2632 
0.0921 0.6096 0.1886 0.1096 
0.7763 0.0044 0.2061 0.0132 
0.0000 0.9825 0.0000 0.0175 
0.0000 0.0000 0.0000 1.0000 
0.0000 0.0044 0.0000 0.9956 
0.0000 1.0000 0.0000 0.0000 
0.0000 1.0000 0.0000 0.0000 
0.0000 0.0000 0.9956 0.0044 
0.0000 0.1096 0.8860 0.0044 
0.2675 0.1667 0.2544 0.3114 
0.1754 0.2807 0.2895 0.2544 
0.2412 0.2456 0.2763 0.2368 

MOTIF filter27 
letter-probability matrix: alength= 4 w= 13 nsites= 13 
0.2737 0.2000 0.3053 0.2211 
0.2246 0.2175 0.3368 0.2211 
0.0491 0.4211 0.2316 0.2982 
0.0807 0.6456 0.0772 0.1965 
0.6491 0.0246 0.2877 0.0386 
0.0000 0.9018 0.0000 0.0982 
0.0000 0.0000 0.0000 1.0000 
0.0000 0.0000 0.0000 1.0000 
0.0000 1.0000 0.0000 0.0000 
0.0000 1.0000 0.0000 0.0000 
0.0000 0.0000 0.9965 0.0035 
0.0000 0.1123 0.8772 0.0105 
0.4140 0.1789 0.1193 0.2877 

MOTIF filter28 
letter-probability matrix: alength= 4 w= 19 nsites= 19 
0.2203 0.2401 0.2710 0.2686 
0.2104 0.2822 0.2772 0.2302 
0.2896 0.2401 0.2252 0.2450 
0.1522 0.0681 0.0334 0.7463 
0.0272 0.0755 0.6819 0.2153 
0.4233 0.4010 0.0681 0.1077 
0.0000 1.0000 0.0000 0.0000 
0.0000 0.9938 0.0000 0.0062 
0.8304 0.0000 0.0062 0.1634 
0.0161 0.0000 0.0000 0.9839 
1.0000 0.0000 0.0000 0.0000 
0.0000 0.0012 0.0012 0.9975 
0.9901 0.0000 0.0000 0.0099 
0.1423 0.0025 0.0000 0.8552 
0.0025 0.0050 0.9926 0.0000 
0.0000 0.0012 0.9975 0.0012 
0.1027 0.0730 0.3886 0.4356 
0.2215 0.6584 0.0879 0.0322 
0.7327 0.0285 0.0656 0.1733 

MOTIF filter29 
letter-probability matrix: alength= 4 w= 20 nsites= 20 
0.0000 0.5000 0.5000 0.0000 
0.5000 0.0000 0.0000 0.5000 
0.0000 0.0000 1.0000 0.0000 
0.0000 0.0000 0.0000 1.0000 
0.0000 0.0000 0.5000 0.5000 
0.0000 0.0000 0.0000 1.0000 
0.0000 1.0000 0.0000 0.0000 
0.0000 1.0000 0.0000 0.0000 
0.0000 0.0000 0.0000 1.0000 
0.0000 0.0000 1.0000 0.0000 
0.5000 0.0000 0.5000 0.0000 
1.0000 0.0000 0.0000 0.0000 
1.0000 0.0000 0.0000 0.0000 
0.5000 0.5000 0.0000 0.0000 
0.0000 0.0000 0.5000 0.5000 
0.0000 1.0000 0.0000 0.0000 
0.0000 1.0000 0.0000 0.0000 
0.0000 0.5000 0.0000 0.5000 
0.0000 0.0000 1.0000 0.0000 
0.0000 0.0000 1.0000 0.0000 

MOTIF filter30 
letter-probability matrix: alength= 4 w= 17 nsites= 17 
0.2426 0.2197 0.2557 0.2820 
0.2295 0.3016 0.2623 0.2066 
0.2885 0.2393 0.2033 0.2689 
0.1443 0.6918 0.1279 0.0361 
1.0000 0.0000 0.0000 0.0000 
0.9836 0.0000 0.0164 0.0000 
0.4525 0.0557 0.4754 0.0164 
1.0000 0.0000 0.0000 0.0000 
0.0000 0.0000 0.0000 1.0000 
0.0000 0.0000 1.0000 0.0000 
0.0000 0.0000 1.0000 0.0000 
0.0393 0.8721 0.0000 0.0885 
0.1049 0.1803 0.4492 0.2656 
0.0787 0.0787 0.7803 0.0623 
0.0951 0.8328 0.0066 0.0656 
0.2820 0.2262 0.2098 0.2820 
0.2230 0.2295 0.3082 0.2393 

MOTIF filter31 
letter-probability matrix: alength= 4 w= 16 nsites= 16 
0.0038 0.9873 0.0051 0.0038 
0.0000 0.9987 0.0000 0.0013 
0.8497 0.0000 0.0013 0.1490 
0.0089 0.0000 0.0000 0.9911 
1.0000 0.0000 0.0000 0.0000 
0.0000 0.0000 0.0000 1.0000 
0.9949 0.0000 0.0000 0.0051 
0.1414 0.0000 0.0000 0.8586 
0.0000 0.0013 0.9987 0.0000 
0.0000 0.0000 1.0000 0.0000 
0.1019 0.0637 0.4089 0.4255 
0.2217 0.6675 0.0866 0.0242 
0.7490 0.0217 0.0637 0.1656 
0.2331 0.2815 0.2446 0.2408 
0.2217 0.2662 0.2586 0.2535 
0.2497 0.2369 0.2726 0.2408 

